-3.78453 -0.5
-3.78125 -0.490688

-3.78125 -0.497385
-3.7514 -0.46875

0 0.464882
0.03125 0.465394

2 0.467318
2.03125 0.467646

2.03125 0.467114
2.0625 0.467611

2.0625 0.468438
2.09375 0.468503

-3.71875 -0.497418
-3.7488 -0.46875

-3.75 -0.468667
-3.74974 -0.46875

-3.71875 -0.489237
-3.71489 -0.5

0.03125 0.46868
0.03292 0.46875

0.03125 0.468869
0.0625 0.470163

-2 0.437482
-1.99475 0.4375

-2 0.437502
-1.96875 0.437612

-3.62834 -0.5
-3.625 -0.490709

-3.62213 -0.5
-3.59375 -0.472322

-3.59375 -0.489163
-3.5625 -0.48467

-3.5625 -0.487117
-3.53125 -0.482586

-3.53125 -0.484286
-3.5 -0.483811

-1.96875 0.43761
-1.93803 0.4375

-1.9375 0.437418
-1.90625 0.437244

-1.90625 0.437178
-1.875 0.437233

-1.875 0.437341
-1.85158 0.4375

-1.84375 0.437547
-1.8125 0.437713

-1.8125 0.437711
-1.78125 0.437834

-1.78125 0.437842
-1.75 0.43791

-1.75 0.437907
-1.71875 0.43791

-1.71875 0.437903
-1.6875 0.437859

-1.6875 0.437847
-1.65625 0.437792

-1.65625 0.43779
-1.625 0.437752

-3.5 -0.469438
-3.46875 -0.499631

2.07981 0.46875
2.09375 0.468779

-3.46875 -0.489433
-3.46493 -0.5

-1.625 0.437753
-1.59375 0.437733

-1.59375 0.437716
-1.5625 0.437747

2.09375 0.467662
2.125 0.467321

2.125 0.467789
2.15625 0.467803

2.15625 0.467723
2.1875 0.467315

2.1875 0.467119
2.21875 0.466841

2.21875 0.466689
2.25 0.467237

-1.5625 0.43771
-1.53125 0.437897

-1.53125 0.437867
-1.5 0.438342

2.25 0.467963
2.28125 0.468189

2.28125 0.467384
2.3125 0.467443

2.3125 0.468227
2.34375 0.468127

2.3125 0.468806
2.33137 0.46875

2.34375 0.466852
2.375 0.467561

2.37075 0.46875
2.375 0.468904

2.375 0.46871
2.37945 0.46875

2.375 0.469477
2.40625 0.469753

-2.5625 -0.406207
-2.5653 -0.375

-2.55889 -0.5
-2.55934 -0.46875

-2.55942 -0.46875
-2.56059 -0.4375

-2.56048 -0.4375
-2.56243 -0.40625

-2.5625 -0.404718
-2.56236 -0.40625

-2.56528 -0.375
-2.56886 -0.34375

-2.56892 -0.34375
-2.57317 -0.3125

-2.57308 -0.3125
-2.57804 -0.28125

-2.57803 -0.28125
-2.5839 -0.25

-2.625 -0.0961428
-2.6257 -0.09375

-2.625 -0.0934891
-2.63424 -0.0625

-1.5 0.438332
-1.46875 0.439177

-1.46875 0.439173
-1.4375 0.440417

-1.4375 0.440407
-1.40625 0.442078

-1.40625 0.442074
-1.375 0.444202

-1.375 0.444213
-1.34375 0.446781

-1.34375 0.446805
-1.3125 0.449742

-1.3125 0.44977
-1.28125 0.452971

-1.28125 0.453016
-1.25 0.456333

2.40625 0.468692
2.4375 0.466829

-1.25 0.456404
-1.21875 0.459606

-1.21875 0.459692
-1.1875 0.462466

-1.1875 0.462457
-1.15625 0.464647

-1.15625 0.464657
-1.125 0.466259

-1.125 0.466253
-1.09375 0.467259

-1.09375 0.467232
-1.0625 0.46771

2.40625 0.468961
2.40912 0.46875

2.4375 0.465571
2.46875 0.466202

2.46875 0.468597
2.47286 0.46875

-1.0625 0.46765
-1.03125 0.467774

-1.03125 0.467712
-1 0.467723

2.47781 0.46875
2.5 0.46957

-2.63421 -0.0625
-2.64347 -0.03125

-2.6435 -0.03125
-2.65266 0

-2.59375 -0.210159
-2.59936 -0.1875

-2.58388 -0.25
-2.59074 -0.21875

-2.59375 -0.202055
-2.58962 -0.21875

-1 0.467696
-0.96875 0.467771

-0.96875 0.467814
-0.9375 0.467922

-2.59864 -0.1875
-2.60694 -0.15625

-0.9375 0.467923
-0.90625 0.467975

2.5 0.46852
2.53125 0.467876

-0.90625 0.468005
-0.875 0.467938

-2.60693 -0.15625
-2.61563 -0.125

-0.875 0.467938
-0.84375 0.467689

-0.84375 0.467643
-0.8125 0.467304

-2.6156 -0.125
-2.62474 -0.09375

-2.625 -0.090962
-2.62417 -0.09375

2.53125 0.467828
2.5625 0.467659

-2.65625 0.0104335
-2.66216 0.03125

-2.66168 0.03125
-2.66998 0.0625

2.5625 0.467911
2.59375 0.46781

2.59375 0.467557
2.625 0.467526

-0.8125 0.467179
-0.78125 0.467095

-0.78125 0.467065
-0.75 0.467545

-2.65625 0.0151952
-2.65193 0

-0.75 0.467585
-0.71875 0.46861

-2.67008 0.0625
-2.67745 0.09375

2.625 0.467614
2.65625 0.467981

-2.67752 0.09375
-2.68361 0.125

2.65625 0.468204
2.6875 0.46835

-0.71875 0.469874
-0.6875 0.468836

2.6875 0.468285
2.71875 0.467895

-2.6875 0.153661
-2.68788 0.15625

-0.6875 0.466327
-0.65625 0.465718

-2.68834 0.15625
-2.69134 0.1875

-2.69132 0.1875
-2.69257 0.21875

-0.65625 0.467562
-0.625 0.468709

-0.626428 0.46875
-0.625 0.468802

2.71875 0.467631
2.75 0.467363

-2.69264 0.21875
-2.69204 0.25

-2.6875 0.150694
-2.68369 0.125

-0.59375 0.467669
-0.618758 0.46875

2.75 0.46773
2.78125 0.467381

-2.69218 0.25
-2.6893 0.28125

-0.59375 0.465543
-0.5625 0.465326

-2.69057 0.28125
-2.6875 0.297599

0.0625 0.467965
0.09375 0.467488

0.0625 0.468763
0.0629925 0.46875

0.09375 0.468531
0.125 0.468443

0.09375 0.468857
0.125 0.468791

-0.5625 0.466641
-0.536699 0.46875

0.125 0.467776
0.15625 0.467297

0.125 0.468923
0.135502 0.46875

2.78125 0.467423
2.8125 0.466176

0.15625 0.467744
0.1875 0.467465

-2.6875 0.288478
-2.68299 0.3125

-0.533204 0.46875
-0.53125 0.468966

-2.68391 0.3125
-2.67411 0.34375

-2.67455 0.34375
-2.65941 0.375

2.8125 0.464805
2.84375 0.465315

-0.53125 0.470724
-0.5 0.470362

2.84375 0.466888
2.875 0.468749

2.875 0.468648
2.87925 0.46875

2.89772 0.46875
2.90625 0.469031

-2.65995 0.375
-2.65625 0.381028

-2.65625 0.380255
-2.63735 0.40625

2.9375 0.468727
2.9348 0.46875

0.1875 0.466574
0.21875 0.467441

0.21875 0.469115
0.25 0.469564

-2.63982 0.40625
-2.625 0.421494

0.25 0.468342
0.28125 0.467469

2.90625 0.469457
2.9375 0.469173

2.96875 0.467459
2.94458 0.46875

-0.5 0.468364
-0.46875 0.465974

2.96875 0.465683
3 0.46627

-2.625 0.419205
-2.60079 0.4375

-2.602 0.4375
-2.59375 0.442696

-2.59375 0.441995
-2.5625 0.456467

-2.5625 0.455921
-2.53125 0.464163

-0.46875 0.465059
-0.4375 0.46647

-0.4375 0.469178
-0.40625 0.470802

-2.53125 0.463785
-2.5 0.467643

3 0.468038
3.01264 0.46875

3.00387 0.46875
3.03125 0.47062

3.03125 0.468944
3.0625 0.470051

0.28125 0.467868
0.3125 0.467316

-0.375 0.467976
-0.384942 0.46875

-0.40625 0.469829
-0.395069 0.46875

3.0625 0.46939
3.09375 0.471819

-0.375 0.464848
-0.34375 0.465248

0.3125 0.466769
0.34375 0.466834

-0.35752 0.46875
-0.34375 0.469095

3.09375 0.47316
3.125 0.470694

-2.5 0.467341
-2.46875 0.468175

3.125 0.466979
3.15625 0.468077

3.15625 0.470746
3.1875 0.477496

-0.34375 0.468246
-0.332282 0.46875

-0.34375 0.469054
-0.3125 0.470369

3.1875 0.475689
3.21875 0.474089

-0.3125 0.467617
-0.28125 0.467932

-0.290991 0.46875
-0.28125 0.468932

3.21875 0.471365
3.25 0.473676

-0.28125 0.470252
-0.25 0.470244

-2.46875 0.467791
-2.4375 0.466974

3.25 0.475026
3.28125 0.479374

-0.21875 0.46652
-0.244539 0.46875

0.34375 0.467433
0.375 0.468011

-2.4375 0.467062
-2.40625 0.465186

-2.40625 0.465191
-2.375 0.462072

3.28125 0.477617
3.3125 0.476121

-2.375 0.461914
-2.34375 0.457857

3.3125 0.474764
3.34375 0.476656

0.375 0.468117
0.40625 0.467798

3.34375 0.477231
3.375 0.480259

3.375 0.479022
3.40625 0.478099

-2.34375 0.457734
-2.3125 0.453303

3.40625 0.477239
3.4375 0.478554

-2.3125 0.453181
-2.28125 0.448866

3.4375 0.47848
3.46875 0.481048

-2.28125 0.448903
-2.25 0.444873

3.46875 0.480286
3.5 0.480022

-0.21875 0.464224
-0.1875 0.465266

-0.198379 0.46875
-0.1875 0.469321

0.40625 0.467271
0.4375 0.466897

-2.25 0.444687
-2.21875 0.441241

0.4375 0.467117
0.46875 0.4673

0.46875 0.467147
0.5 0.467755

-2.21875 0.441272
-2.1875 0.43872

-2.15625 0.437035
-2.16491 0.4375

-2.15625 0.437098
-2.125 0.436179

-0.1875 0.46841
-0.181539 0.46875

3.5 0.479454
3.53125 0.479621

-2.1875 0.438693
-2.16529 0.4375

3.53125 0.479436
3.5625 0.481158

-0.1875 0.469103
-0.15625 0.47079

3.5625 0.48001
3.59375 0.481963

-0.125 0.467794
-0.155549 0.46875

0.5 0.468393
0.53125 0.468399

-0.15625 0.468983
-0.151627 0.46875

3.59375 0.481211
3.625 0.482543

0.5 0.468776
0.53125 0.468782

3.625 0.480865
3.65625 0.483188

0.53125 0.467776
0.5625 0.46715

-2.125 0.436157
-2.09375 0.435888

0.5625 0.46675
0.59375 0.467593

-2.09375 0.435911
-2.0625 0.436288

0.607592 0.46875
0.625 0.470186

-0.125 0.468408
-0.09375 0.46751

0.625 0.471149
0.65625 0.469927

-2.0625 0.436469
-2.03125 0.437086

3.65625 0.482994
3.6875 0.48425

-2.03125 0.437136
-2.00199 0.4375

-0.09375 0.466851
-0.0625 0.466155

3.6875 0.48063
3.71875 0.48524

0.65625 0.467072
0.6875 0.467141

-0.0625 0.466047
-0.03125 0.46704

-0.0404895 0.46875
-0.03125 0.469075

-2.00467 0.4375
-2 0.437558

-0.03125 0.468639
0 0.467912

-0.03125 0.469318
-0.00762095 0.46875

0.6875 0.470936
0.71875 0.470416

0.71875 0.466666
0.75 0.465467

3.71875 0.483275
3.75 0.49024

0.75 0.467859
0.78125 0.468312

3.75 0.491053
3.78125 0.483201

3.78125 0.481989
3.8125 0.481976

3.8125 0.483021
3.84375 0.491216

0.75238 0.46875
0.78125 0.469167

0.78125 0.466618
0.8125 0.467318

3.84375 0.491197
3.875 0.482703

0.84375 0.467975
0.81685 0.46875

0.8125 0.470452
0.84375 0.469569

0.84375 0.464956
0.875 0.465451

3.875 0.481907
3.90625 0.481996

0.875 0.470064
0.90625 0.471268

3.90625 0.483401
3.9375 0.490618

3.9375 0.489592
3.96875 0.483185

0.90625 0.468384
0.9375 0.466839

0.9375 0.467907
0.96875 0.46711

0.9375 0.469081
0.950481 0.46875

3.96875 0.4855
4 0.480714

0.96875 0.465391
1 0.466647

1.00888 0.46875
1.03125 0.472493

1.03125 0.474534
1.0625 0.470691

1.0625 0.464283
1.09375 0.463202

1.09679 0.46875
1.125 0.472516

1.15625 0.46842
1.15191 0.46875

1.125 0.472044
1.15625 0.468817

1.15625 0.465816
1.1875 0.465571

1.15625 0.468771
1.15885 0.46875

1.1875 0.46704
1.20542 0.46875

1.19172 0.46875
1.21875 0.472588

1.21875 0.472989
1.25 0.470331

1.25 0.465887
1.28125 0.46664

1.28125 0.472492
1.3125 0.473839

1.34375 0.467953
1.31926 0.46875

1.3125 0.469749
1.32876 0.46875

1.375 0.468077
1.35395 0.46875

1.34375 0.471923
1.375 0.470794

1.375 0.465903
1.40625 0.467498

1.40625 0.47167
1.4375 0.476975

1.4375 0.473491
1.46875 0.472569

1.46875 0.473351
1.5 0.47345

1.5 0.474562
1.53125 0.471695

1.53125 0.468723
1.55646 0.46875

1.53125 0.470507
1.5625 0.470572

1.5625 0.471004
1.59375 0.475385

1.59375 0.475933
1.625 0.473896

1.625 0.473762
1.65501 0.46875

1.65625 0.46918
1.6875 0.470212

1.71875 0.46819
1.7066 0.46875

1.6875 0.473201
1.71875 0.471286

1.71875 0.466899
1.75 0.466724

1.71875 0.468762
1.71972 0.46875

1.75 0.468701
1.75356 0.46875

1.75 0.471584
1.78125 0.471994

1.78125 0.467872
1.8125 0.46739

1.8125 0.46969
1.84375 0.471956

1.84375 0.471754
1.875 0.46916

1.875 0.46856
1.90625 0.466854

1.90625 0.466409
1.9375 0.467679

1.9375 0.470331
1.96875 0.470163

1.96875 0.467398
2 0.466015

