-3.94655 -0.5
-3.9375 -0.485073

-3.92454 -0.5
-3.90625 -0.481954

-3.90353 -0.5
-3.875 -0.479284

-3.875 -0.490815
-3.84375 -0.4798

-3.84375 -0.486745
-3.8125 -0.481485

-3.8125 -0.484282
-3.78125 -0.479062

-3.78125 -0.482058
-3.75 -0.478103

-2 0.364739
-1.96875 0.363372

-1.96875 0.363392
-1.9375 0.361373

-1.9375 0.361364
-1.90625 0.35867

-1.90625 0.358672
-1.875 0.355317

-3.75 -0.480052
-3.71875 -0.476554

-3.71875 -0.4783
-3.6875 -0.47541

-3.6875 -0.47773
-3.65625 -0.47317

-3.65625 -0.480319
-3.63666 -0.46875

-3.6295 -0.46875
-3.625 -0.466499

-3.625 -0.459499
-3.60302 -0.4375

-3.60093 -0.4375
-3.59375 -0.428104

-3.59375 -0.425601
-3.57921 -0.40625

-3.57911 -0.40625
-3.5625 -0.376775

-3.5625 -0.376394
-3.56174 -0.375

-3.56182 -0.375
-3.54838 -0.34375

-3.54856 -0.34375
-3.53831 -0.3125

-3.5384 -0.3125
-3.53125 -0.283052

0 0.339625
0.03125 0.341892

0.03125 0.341882
0.0566241 0.34375

0.0542103 0.34375
0.0625 0.34436

0.0625 0.343565
0.0652084 0.34375

0.0625 0.344301
0.09375 0.346433

-3.53125 -0.282394
-3.53097 -0.28125

0.09375 0.346457
0.125 0.348216

-1.875 0.355322
-1.84375 0.351295

0.125 0.34825
0.15625 0.349503

-3.53102 -0.28125
-3.52551 -0.25

-1.84375 0.351279
-1.8125 0.346602

-1.78125 0.341751
-1.79293 0.34375

-1.8125 0.346235
-1.79798 0.34375

-1.78125 0.341315
-1.75 0.335175

2 0.402168
2.03125 0.402681

-1.75 0.335136
-1.71875 0.328212

2.03125 0.402688
2.0625 0.403069

-3.52554 -0.25
-3.52166 -0.21875

2.0625 0.403071
2.09375 0.403299

-3.52169 -0.21875
-3.51934 -0.1875

-3.51937 -0.1875
-3.51842 -0.15625

-1.71875 0.328147
-1.6875 0.32065

-1.625 0.304599
-1.65469 0.3125

-1.6875 0.320593
-1.65625 0.312767

-3.51847 -0.15625
-3.51876 -0.125

-3.5188 -0.125
-3.52014 -0.09375

-3.52019 -0.09375
-3.52239 -0.0625

-1.625 0.304461
-1.59375 0.295628

-1.59375 0.295457
-1.5625 0.286705

-1.53125 0.279535
-1.53769 0.28125

0.15625 0.349541
0.1875 0.350146

0.1875 0.350187
0.21875 0.349988

-3.52246 -0.0625
-3.52528 -0.03125

-3.52538 -0.03125
-3.52847 0

-1.5625 0.286193
-1.54394 0.28125

-1.53125 0.278526
-1.5 0.270347

-3.53125 0.0232865
-3.53199 0.03125

0.21875 0.350033
0.25 0.348858

-3.53168 0.03125
-3.53381 0.0625

-3.53125 0.0293269
-3.52852 0

-3.53383 0.0625
-3.53484 0.09375

-1.40625 0.249786
-1.40745 0.25

-1.40625 0.249876
-1.375 0.245272

0.25 0.348907
0.28125 0.346569

0.3125 0.343027
0.306438 0.34375

0.28125 0.346599
0.305154 0.34375

0.3125 0.343019
0.34375 0.337559

2.09375 0.4033
2.125 0.40337

0.34375 0.337567
0.375 0.330133

-3.53494 0.09375
-3.53459 0.125

2.125 0.403371
2.15625 0.403276

-1.375 0.245249
-1.34375 0.241246

-1.34375 0.241215
-1.3125 0.237923

-1.3125 0.237898
-1.28125 0.235426

-1.28125 0.23542
-1.25 0.233831

-1.5 0.27012
-1.46875 0.262245

-1.46875 0.262117
-1.4375 0.255254

-1.4375 0.255228
-1.40809 0.25

-1.25 0.233836
-1.21875 0.233131

-1.21875 0.233141
-1.1875 0.233292

-3.53465 0.125
-3.53264 0.15625

-3.53279 0.15625
-3.53125 0.168426

-3.53125 0.167591
-3.52874 0.1875

-3.5289 0.1875
-3.5226 0.21875

-3.52277 0.21875
-3.51351 0.25

-3.5138 0.25
-3.50065 0.28125

-3.5 0.283013
-3.48268 0.3125

-3.48341 0.3125
-3.46875 0.331804

-3.46875 0.329462
-3.45662 0.34375

-3.4589 0.34375
-3.4375 0.363744

-3.4375 0.362083
-3.41931 0.375

-3.42175 0.375
-3.40625 0.38532

-3.40625 0.384394
-3.375 0.400008

-3.375 0.399455
-3.35516 0.40625

-3.35681 0.40625
-3.34375 0.410724

-3.34375 0.410224
-3.3125 0.416989

-1.1875 0.233301
-1.15625 0.234271

-1.15625 0.234276
-1.125 0.236035

-1.125 0.236039
-1.09375 0.238567

0.4375 0.310168
0.43086 0.3125

0.375 0.330063
0.40625 0.320779

0.40625 0.320655
0.429474 0.3125

0.4375 0.30989
0.46875 0.297059

0.46875 0.296643
0.5 0.282597

0.59375 0.237254
0.567565 0.25

0.59375 0.236533
0.625 0.221916

0.65625 0.209102
0.633867 0.21875

0.625 0.220642
0.62939 0.21875

0.65625 0.208418
0.6875 0.196153

0.71875 0.186108
0.714521 0.1875

0.71875 0.185992
0.75 0.177428

0.6875 0.195977
0.71325 0.1875

0.53125 0.267989
0.503596 0.28125

0.53125 0.267329
0.5625 0.251968

0.5625 0.25024
0.562994 0.25

0.75 0.177273
0.78125 0.170268

0.78125 0.170211
0.8125 0.165187

0.8125 0.165194
0.84375 0.162251

0.84375 0.162277
0.875 0.16135

0.875 0.16138
0.90625 0.162356

0.90625 0.162382
0.9375 0.165149

0.9375 0.165165
0.96875 0.169637

0.96875 0.169639
1 0.175782

-1.09375 0.238568
-1.0625 0.241854

1 0.175742
1.03125 0.18363

1.03125 0.182939
1.0463 0.1875

1.04176 0.1875
1.0625 0.193786

1.0625 0.193314
1.09375 0.203942

-3.3125 0.416775
-3.28125 0.420339

2.15625 0.403258
2.1875 0.403032

-3.28125 0.420144
-3.25 0.421326

2.1875 0.40298
2.21875 0.402763

1.09375 0.203909
1.125 0.215577

1.125 0.214995
1.13443 0.21875

2.21875 0.40274
2.25 0.402682

-1.0625 0.241857
-1.03125 0.245891

-3.25 0.421177
-3.21875 0.420665

-1.03125 0.24582
-1.00355 0.25

-3.21875 0.42061
-3.1875 0.418812

2.25 0.402695
2.28125 0.402814

-3.1875 0.418764
-3.15625 0.415885

1.13189 0.21875
1.15625 0.228448

-3.15625 0.415854
-3.125 0.41205

1.15625 0.228215
1.1875 0.241028

2.28125 0.40282
2.3125 0.403077

-1.00739 0.25
-1 0.251115

2.3125 0.403138
2.34375 0.403401

-3.125 0.41198
-3.09375 0.407453

1.1875 0.240912
1.20922 0.25

-3.0625 0.402466
-3.08562 0.40625

1.20818 0.25
1.21875 0.254421

2.34375 0.403394
2.375 0.403555

-1 0.249551
-0.997163 0.25

-3.09375 0.40696
-3.08941 0.40625

-1 0.250851
-0.96875 0.255799

1.21875 0.254237
1.25 0.267307

-0.96875 0.255801
-0.9375 0.260548

-3.0625 0.402308
-3.03125 0.396668

1.25 0.267276
1.28125 0.28018

1.28125 0.27966
1.2852 0.28125

2.375 0.403532
2.40625 0.403651

2.40625 0.403635
2.4375 0.403792

-0.9375 0.260559
-0.90625 0.265039

-0.90625 0.265025
-0.875 0.269245

1.28345 0.28125
1.3125 0.292935

1.3125 0.29288
1.34375 0.30486

-3.03125 0.396597
-3 0.390643

-2.90625 0.37474
-2.90774 0.375

-2.90625 0.373401
-2.875 0.368113

-3 0.390574
-2.96875 0.384587

-2.96875 0.384534
-2.9375 0.37876

2.4375 0.403783
2.46875 0.404029

2.46875 0.404005
2.5 0.404407

2.5 0.404362
2.53125 0.405058

2.53125 0.40505
2.5625 0.406145

2.5625 0.406222
2.56306 0.40625

2.56526 0.40625
2.59375 0.407677

2.59375 0.407688
2.625 0.40977

-2.9375 0.378364
-2.9182 0.375

-2.875 0.368031
-2.84375 0.362881

-0.875 0.269202
-0.84375 0.273276

-0.84375 0.273237
-0.8125 0.277329

1.34375 0.30488
1.36481 0.3125

1.36489 0.3125
1.375 0.316259

2.625 0.409787
2.65625 0.412339

2.65625 0.412372
2.6875 0.415291

-2.84375 0.362826
-2.8125 0.358088

-2.8125 0.358049
-2.78125 0.353912

-0.8125 0.277288
-0.783024 0.28125

-0.785651 0.28125
-0.78125 0.281842

1.375 0.316167
1.40625 0.326793

1.40625 0.326835
1.4375 0.336749

1.4375 0.336795
1.46138 0.34375

1.46195 0.34375
1.46875 0.34573

2.6875 0.415279
2.71875 0.418522

2.71875 0.418551
2.75 0.422085

-0.78125 0.279817
-0.770266 0.28125

-0.78125 0.281898
-0.75 0.285974

1.46875 0.345802
1.5 0.354187

-0.75 0.285725
-0.71875 0.289424

-0.71875 0.289415
-0.6875 0.292748

-0.6875 0.292735
-0.65625 0.295747

-0.65625 0.295732
-0.625 0.298481

2.75 0.422214
2.78125 0.425724

1.5 0.354309
1.53125 0.361848

-2.78125 0.353891
-2.75 0.350474

1.53125 0.361885
1.5625 0.368261

1.5625 0.368199
1.59375 0.37346

2.78125 0.42577
2.8125 0.428903

-0.625 0.298465
-0.59375 0.301014

2.8125 0.42883
2.84375 0.431641

1.59375 0.373719
1.60333 0.375

-2.75 0.35047
-2.71875 0.347823

1.60707 0.375
1.625 0.377762

-0.59375 0.300998
-0.5625 0.303413

1.625 0.377471
1.65625 0.380914

-0.5625 0.303397
-0.53125 0.305744

-2.71875 0.34783
-2.6875 0.345945

-0.53125 0.305728
-0.5 0.308075

2.84375 0.431643
2.875 0.434276

-2.6875 0.345962
-2.65625 0.34479

1.65625 0.380937
1.6875 0.384028

-2.65625 0.344812
-2.625 0.344275

2.875 0.434415
2.90625 0.436588

-0.5 0.308061
-0.46875 0.310466

1.6875 0.383958
1.71875 0.386792

2.90625 0.436662
2.92541 0.4375

1.71875 0.386794
1.75 0.389506

-2.625 0.344298
-2.59375 0.344306

-0.46875 0.310433
-0.442686 0.3125

-2.59375 0.344329
-2.5625 0.344788

2.928 0.4375
2.9375 0.437915

1.75 0.389549
1.78125 0.392051

2.9375 0.437856
2.96875 0.438612

-2.5625 0.344809
-2.53125 0.345633

-0.445094 0.3125
-0.4375 0.313102

-2.53125 0.34565
-2.5 0.346764

-0.4375 0.312151
-0.433009 0.3125

1.78125 0.392031
1.8125 0.394278

1.8125 0.394273
1.84375 0.396314

-0.4375 0.313033
-0.40625 0.315459

-0.40625 0.315435
-0.375 0.317692

-0.375 0.317688
-0.34375 0.319783

2.96875 0.438516
3 0.439122

-2.5 0.346778
-2.46875 0.348118

-2.46875 0.34813
-2.4375 0.349646

3 0.439074
3.03125 0.439819

-2.4375 0.349657
-2.40625 0.351302

1.84375 0.396329
1.875 0.398141

-2.40625 0.351312
-2.375 0.353042

3.03125 0.439778
3.0625 0.440841

1.875 0.398171
1.90625 0.399665

-0.34375 0.319778
-0.3125 0.32173

1.90625 0.399665
1.9375 0.40078

-0.3125 0.321725
-0.28125 0.323557

3.0625 0.440809
3.09375 0.442334

-0.28125 0.323551
-0.25 0.325285

1.9375 0.400741
1.96875 0.401556

-2.375 0.353054
-2.34375 0.354822

-2.34375 0.354841
-2.3125 0.356586

3.09375 0.442315
3.125 0.444402

-0.25 0.325278
-0.21875 0.32694

3.125 0.444399
3.15625 0.447092

-0.21875 0.32693
-0.1875 0.328555

-2.3125 0.356612
-2.28125 0.358246

-0.1875 0.328544
-0.15625 0.330171

-2.28125 0.358256
-2.25 0.359708

1.96875 0.401534
2 0.402172

3.15625 0.447219
3.1875 0.45027

-0.15625 0.33016
-0.125 0.331833

3.1875 0.450193
3.21875 0.453501

-0.125 0.331824
-0.09375 0.333583

-2.25 0.359679
-2.21875 0.360987

-2.21875 0.360985
-2.1875 0.362211

3.21875 0.453609
3.25 0.457113

-2.1875 0.362217
-2.15625 0.363358

-2.15625 0.363389
-2.125 0.364371

3.25 0.457205
3.28125 0.460502

3.28125 0.46056
3.3125 0.463353

-0.09375 0.333576
-0.0625 0.335452

-2.125 0.364385
-2.09375 0.365118

3.3125 0.463373
3.34375 0.465502

-2.09375 0.365154
-2.0625 0.365536

-0.0625 0.335449
-0.03125 0.337462

-2.0625 0.365572
-2.03125 0.365457

3.34375 0.465517
3.375 0.466911

-2.03125 0.36548
-2 0.364751

3.375 0.466871
3.40625 0.467582

3.40625 0.467529
3.4375 0.467742

3.4375 0.467683
3.46875 0.467622

-0.03125 0.337464
0 0.339615

3.46875 0.467557
3.5 0.467472

3.5 0.467422
3.53125 0.467544

3.53125 0.467592
3.5625 0.467923

3.5625 0.467959
3.59375 0.46833

3.59375 0.46842
3.625 0.46858

3.625 0.468646
3.65625 0.468283

3.65625 0.468318
3.6875 0.46723

3.6875 0.465893
3.71875 0.466685

3.71875 0.468634
3.72033 0.46875

3.7311 0.46875
3.75 0.470776

3.75 0.471176
3.78125 0.470563

3.78125 0.467505
3.80736 0.46875

3.7995 0.46875
3.8125 0.46999

3.8125 0.470586
3.84375 0.477113

3.84375 0.475662
3.875 0.474888

3.875 0.473533
3.90625 0.472617

3.90625 0.472888
3.9375 0.47583

3.9375 0.474314
3.96875 0.47772

3.96875 0.476861
4 0.478668

