-3.78433 -0.5
-3.78125 -0.491183

-3.78125 -0.497461
-3.75149 -0.46875

-3.75115 -0.46875
-3.75 -0.468379

-2 0.426449
-1.96875 0.428605

0 0.468666
0.03125 0.468156

-3.71875 -0.497437
-3.74872 -0.46875

-1.96875 0.428627
-1.9375 0.43063

-1.9375 0.430552
-1.90625 0.432514

-3.75 -0.468381
-3.74884 -0.46875

-1.90625 0.432498
-1.875 0.434605

0.03125 0.467454
0.0625 0.466962

-3.71875 -0.489617
-3.71505 -0.5

0.0625 0.466822
0.09375 0.468036

0.09375 0.470408
0.125 0.468866

-3.62834 -0.5
-3.625 -0.490708

-3.62219 -0.5
-3.59375 -0.472286

2 0.472255
2.03125 0.477126

-1.875 0.434796
-1.84375 0.436695

2.03125 0.47724
2.0625 0.478627

-1.84375 0.43677
-1.82461 0.4375

2.0625 0.476655
2.09375 0.475488

2.09375 0.476184
2.125 0.477365

2.125 0.476923
2.15625 0.477566

2.15625 0.476909
2.1875 0.477893

2.1875 0.478168
2.21875 0.478207

2.21875 0.477899
2.25 0.476977

-1.82347 0.4375
-1.8125 0.437919

-1.8125 0.437848
-1.78125 0.438413

-1.78125 0.438366
-1.75 0.438595

-1.75 0.438562
-1.71875 0.438613

-1.71875 0.438591
-1.6875 0.438573

-1.6875 0.438558
-1.65625 0.438546

-1.65625 0.438534
-1.625 0.438582

0.125 0.465226
0.15625 0.463465

0.15625 0.465185
0.1875 0.467042

0.1875 0.467555
0.21875 0.468522

0.21242 0.46875
0.21875 0.468958

0.21875 0.468364
0.25 0.467485

-3.59375 -0.489141
-3.5625 -0.484638

-3.5625 -0.48706
-3.53125 -0.482531

0.21875 0.469219
0.235232 0.46875

-3.53125 -0.484152
-3.5 -0.483879

0.25 0.466065
0.28125 0.466538

0.28125 0.468244
0.3125 0.468617

-1.625 0.438579
-1.59375 0.438713

-1.59375 0.438736
-1.5625 0.438914

-1.5625 0.438921
-1.53125 0.439082

0.28125 0.469064
0.3125 0.469566

0.3125 0.46678
0.34375 0.466803

0.3125 0.468976
0.34375 0.469037

0.34375 0.467949
0.370946 0.46875

-3.5 -0.469367
-3.46875 -0.49986

-3.46875 -0.489896
-3.46513 -0.5

-1.53125 0.439081
-1.5 0.439212

0.34375 0.468867
0.375 0.469914

0.40625 0.467777
0.382564 0.46875

0.375 0.470027
0.399895 0.46875

-2.58197 -0.5
-2.58188 -0.46875

-1.5 0.439219
-1.46875 0.439309

-1.46875 0.439312
-1.4375 0.439341

-1.4375 0.439313
-1.40625 0.439332

-2.58174 -0.46875
-2.58176 -0.4375

-2.58168 -0.4375
-2.58224 -0.40625

-1.40625 0.439331
-1.375 0.439396

0.40625 0.467018
0.4375 0.465933

0.4375 0.465961
0.46875 0.46748

-1.375 0.43941
-1.34375 0.439494

-1.34375 0.439502
-1.3125 0.439563

-2.5822 -0.40625
-2.58354 -0.375

0.46875 0.469646
0.5 0.469384

-2.58345 -0.375
-2.58583 -0.34375

-2.58583 -0.34375
-2.58944 -0.3125

-2.59375 -0.287491
-2.59472 -0.28125

-2.59435 -0.28125
-2.60033 -0.25

-2.59375 -0.284153
-2.58935 -0.3125

-2.625 -0.155019
-2.63491 -0.125

-1.3125 0.439564
-1.28125 0.43958

-1.28125 0.439579
-1.25 0.439552

0.5 0.466594
0.53125 0.465798

0.53125 0.467399
0.5625 0.468448

0.5625 0.468185
0.59375 0.468404

0.59375 0.46826
0.625 0.46846

0.621905 0.46875
0.625 0.468772

0.65625 0.468426
0.634893 0.46875

0.625 0.468976
0.639884 0.46875

-1.25 0.439528
-1.21875 0.439508

-1.21875 0.439674
-1.1875 0.439374

-1.1875 0.439068
-1.15625 0.438769

-1.15625 0.438819
-1.125 0.439032

-1.125 0.439114
-1.09375 0.439575

-1.09375 0.439568
-1.0625 0.440126

0.65625 0.46732
0.6875 0.467506

0.685529 0.46875
0.6875 0.468772

-1.0625 0.440039
-1.03125 0.440884

-1.03125 0.440849
-1 0.442228

0.71875 0.468423
0.708435 0.46875

0.6875 0.469561
0.716056 0.46875

-2.65625 -0.064325
-2.65687 -0.0625

2.25 0.476756
2.28125 0.477857

-2.63497 -0.125
-2.64587 -0.09375

0.71875 0.465401
0.75 0.465359

2.28125 0.477985
2.3125 0.478992

0.71875 0.468884
0.75 0.468876

-2.65625 -0.0641463
-2.64616 -0.09375

-2.65677 -0.0625
-2.66668 -0.03125

-1 0.442264
-0.96875 0.444174

-0.96875 0.444335
-0.9375 0.446384

-0.9375 0.446175
-0.90625 0.44846

-0.90625 0.448547
-0.875 0.451312

-0.875 0.451371
-0.84375 0.454325

-0.84375 0.454403
-0.8125 0.457271

-0.8125 0.45726
-0.78125 0.459906

-0.78125 0.459943
-0.75 0.462312

-0.75 0.462327
-0.71875 0.464316

-0.71875 0.464347
-0.6875 0.465861

-2.66676 -0.03125
-2.67587 0

-2.60033 -0.25
-2.60728 -0.21875

-2.60725 -0.21875
-2.61525 -0.1875

-2.61519 -0.1875
-2.62441 -0.15625

-2.625 -0.152517
-2.62377 -0.15625

0.75 0.467934
0.762192 0.46875

0.76325 0.46875
0.78125 0.47019

-0.6875 0.46582
-0.65625 0.466877

0.78125 0.470227
0.8125 0.469165

2.3125 0.47973
2.34375 0.476762

-0.65625 0.466878
-0.625 0.467559

-0.625 0.467512
-0.59375 0.467906

0.8125 0.468023
0.84375 0.466571

-2.6875 0.0425713
-2.6927 0.0625

-0.59375 0.467891
-0.5625 0.468122

-2.69254 0.0625
-2.70002 0.09375

-2.70018 0.09375
-2.70649 0.125

-2.6757 0
-2.68422 0.03125

-0.5625 0.468132
-0.53125 0.468208

-0.53125 0.468195
-0.5 0.468121

-2.6875 0.0449854
-2.68391 0.03125

-2.70656 0.125
-2.71126 0.15625

-2.71138 0.15625
-2.71409 0.1875

-2.71404 0.1875
-2.71464 0.21875

-2.71476 0.21875
-2.71309 0.25

-0.5 0.468092
-0.46875 0.467954

-2.7132 0.25
-2.70882 0.28125

-2.70929 0.28125
-2.70105 0.3125

-2.70081 0.3125
-2.68823 0.34375

-0.46875 0.467923
-0.4375 0.467841

-0.4375 0.467778
-0.40625 0.467939

-0.40625 0.467802
-0.375 0.468606

-2.69219 0.34375
-2.6875 0.352919

-2.6875 0.344592
-2.67069 0.375

-0.375 0.469742
-0.34375 0.469189

0.84375 0.466404
0.875 0.467182

-0.34375 0.46813
-0.3125 0.466064

-0.3125 0.46469
-0.28125 0.465975

-0.28125 0.469136
-0.25 0.470198

-2.67341 0.375
-2.65625 0.397983

-2.65625 0.392336
-2.64456 0.40625

-2.64907 0.40625
-2.625 0.427895

0.875 0.468384
0.887659 0.46875

-2.625 0.425858
-2.60702 0.4375

-2.60946 0.4375
-2.59375 0.447021

0.88703 0.46875
0.90625 0.469324

-0.25 0.468351
-0.21875 0.466562

0.9375 0.467988
0.920286 0.46875

2.34375 0.476851
2.375 0.474467

0.90625 0.469168
0.91512 0.46875

2.375 0.475487
2.40625 0.476236

-0.21875 0.466079
-0.1875 0.4661

2.40625 0.476205
2.4375 0.476611

0.9375 0.466364
0.96875 0.465808

2.4375 0.476827
2.46875 0.475707

0.96875 0.466563
1 0.468371

0.995811 0.46875
1 0.469056

-0.1875 0.46683
-0.15625 0.468166

-2.59375 0.44607
-2.5625 0.458847

-2.5625 0.458446
-2.53125 0.465751

-2.53125 0.465493
-2.5 0.468644

-0.15625 0.468615
-0.14615 0.46875

-0.137412 0.46875
-0.125 0.468916

-0.125 0.468449
-0.09375 0.46822

-2.5 0.468453
-2.46875 0.468351

1 0.469915
1.03125 0.469489

-2.46875 0.468174
-2.4375 0.465558

2.46875 0.476181
2.5 0.474396

-0.09375 0.468324
-0.0625 0.468284

-0.0625 0.468274
-0.03125 0.468236

-0.03125 0.468188
0 0.468267

2.5 0.475052
2.53125 0.473912

2.53125 0.474771
2.5625 0.473527

1.03125 0.466819
1.0625 0.466493

-2.4375 0.465352
-2.40625 0.460986

2.5625 0.474345
2.59375 0.472132

2.59375 0.471351
2.625 0.472521

-2.40625 0.460815
-2.375 0.455452

-2.375 0.455357
-2.34375 0.449529

1.0625 0.468331
1.07273 0.46875

1.07199 0.46875
1.09375 0.469806

1.125 0.468603
1.12206 0.46875

2.625 0.474165
2.65625 0.474652

2.65625 0.475807
2.6875 0.46904

-2.34375 0.449454
-2.3125 0.443505

1.09375 0.470034
1.11678 0.46875

-2.25 0.432263
-2.28075 0.4375

2.6875 0.467136
2.71875 0.465931

-2.3125 0.443435
-2.28125 0.437657

1.125 0.466141
1.15625 0.465721

-2.28125 0.43758
-2.28078 0.4375

2.71875 0.469723
2.75 0.470305

-2.25 0.432163
-2.21875 0.427642

-2.21875 0.427588
-2.1875 0.424175

-2.1875 0.424126
-2.15625 0.42203

-2.15625 0.422068
-2.125 0.421312

2.75 0.468731
2.78125 0.46666

2.78125 0.465886
2.8125 0.465858

2.8125 0.467402
2.84375 0.467878

2.84375 0.46656
2.875 0.467087

2.90625 0.468055
2.88559 0.46875

2.875 0.469333
2.89357 0.46875

1.15625 0.467542
1.1769 0.46875

1.18293 0.46875
1.1875 0.469078

-2.125 0.421427
-2.09375 0.421705

-2.09375 0.421767
-2.0625 0.422727

-2.0625 0.422719
-2.03125 0.424254

-2.03125 0.424306
-2 0.426326

2.90625 0.464934
2.9375 0.464436

2.90625 0.469066
2.92367 0.46875

1.1875 0.469953
1.21875 0.469219

1.21875 0.467298
1.25 0.466565

2.9375 0.466489
2.96757 0.46875

2.96363 0.46875
2.96875 0.469188

3 0.468706
2.98794 0.46875

2.96875 0.469546
3 0.469415

1.25 0.467326
1.2777 0.46875

1.2798 0.46875
1.28125 0.468857

1.28125 0.470977
1.3125 0.46931

1.3125 0.465044
1.34375 0.464536

1.34375 0.469038
1.375 0.46922

1.375 0.465705
1.40625 0.464603

1.40625 0.465836
1.4375 0.468014

1.4375 0.468972
1.46875 0.470047

1.5 0.468047
1.48132 0.46875

1.46875 0.469662
1.48707 0.46875

3 0.468363
3.03125 0.466582

3.03125 0.465352
3.0625 0.466471

3.0625 0.46905
3.09375 0.470373

1.5 0.467431
1.53125 0.46688

1.5 0.468772
1.501 0.46875

3.125 0.46795
3.10924 0.46875

3.09375 0.468881
3.09574 0.46875

3.125 0.467219
3.15625 0.465862

1.53125 0.467646
1.5625 0.467742

1.54689 0.46875
1.5625 0.468798

1.5625 0.467221
1.59375 0.467473

1.59375 0.467955
1.625 0.468452

3.15625 0.465278
3.1875 0.466396

3.1875 0.46863
3.19814 0.46875

3.20267 0.46875
3.21875 0.468931

1.625 0.467724
1.65625 0.468601

1.6413 0.46875
1.65625 0.469495

1.65625 0.468476
1.6875 0.468722

3.21875 0.467134
3.25 0.465946

1.65625 0.469988
1.6875 0.470232

1.71875 0.468285
1.70383 0.46875

1.6875 0.46953
1.70225 0.46875

3.25 0.466153
3.28125 0.466648

3.28125 0.467337
3.3125 0.467723

3.3125 0.466927
3.34375 0.46742

3.34375 0.46797
3.36257 0.46875

1.71875 0.467926
1.75 0.468098

1.75 0.468547
1.78125 0.468476

1.75 0.469429
1.78125 0.469382

1.78125 0.467204
1.8125 0.46851

3.37512 0.46875
3.40625 0.470787

3.40625 0.470583
3.4375 0.470771

3.4375 0.468563
3.45026 0.46875

3.4375 0.469514
3.46875 0.470428

3.46875 0.468796
3.5 0.474386

1.80771 0.46875
1.8125 0.469148

1.8125 0.468222
1.83791 0.46875

1.8125 0.471567
1.84375 0.472419

1.84375 0.468713
1.84445 0.46875

3.5 0.473695
3.53125 0.477388

3.53125 0.475054
3.5625 0.475516

3.5625 0.475166
3.59375 0.47684

3.59375 0.47625
3.625 0.477666

1.85881 0.46875
1.875 0.470435

1.875 0.472652
1.90625 0.477628

1.90625 0.475469
1.9375 0.472855

1.9375 0.473075
1.96875 0.471976

1.96875 0.471981
2 0.474146

3.625 0.476641
3.65625 0.478165

3.65625 0.477994
3.6875 0.478843

3.6875 0.477563
3.71875 0.47883

3.71875 0.478147
3.75 0.481004

3.75 0.479801
3.78125 0.481587

3.78125 0.48065
3.8125 0.481471

3.8125 0.479853
3.84375 0.482863

3.84375 0.481812
3.875 0.484985

3.875 0.480183
3.90625 0.487148

3.90625 0.485718
3.9375 0.490189

3.9375 0.490125
3.96875 0.482373

3.96875 0.485466
4 0.481139

