-3.78428 -0.5
-3.78125 -0.491327

-3.78125 -0.49762
-3.7518 -0.46875

-3.75109 -0.46875
-3.75 -0.468393

0 0.467395
0.03125 0.467741

0.015391 0.46875
0.03125 0.46892

0.03125 0.467925
0.0555522 0.46875

0.050768 0.46875
0.0625 0.469327

-3.71875 -0.496857
-3.74834 -0.46875

-3.75 -0.468354
-3.74875 -0.46875

0.0625 0.46868
0.0755275 0.46875

0.0625 0.469647
0.09375 0.469847

0.125 0.468363
0.117091 0.46875

-2 0.466222
-1.96875 0.466874

-3.71875 -0.490263
-3.71531 -0.5

-3.62829 -0.5
-3.625 -0.490831

-1.9375 0.468659
-1.9471 0.46875

-1.96875 0.469305
-1.9375 0.469012

-1.9375 0.466667
-1.90625 0.465258

2 0.475306
2.03125 0.476214

0.09375 0.469585
0.106625 0.46875

2.03125 0.47773
2.0625 0.479608

2.0625 0.47914
2.09375 0.47596

-1.90625 0.465324
-1.875 0.467329

2.09375 0.477209
2.125 0.473981

0.125 0.466773
0.15625 0.466578

0.15625 0.46817
0.185056 0.46875

-1.875 0.469726
-1.84375 0.470219

-1.84375 0.467924
-1.8125 0.466704

-1.8125 0.467278
-1.78125 0.467785

-3.62205 -0.5
-3.59375 -0.472328

2.125 0.473511
2.15625 0.475133

2.15625 0.475921
2.1875 0.478512

2.1875 0.479004
2.21875 0.474823

-1.78125 0.468509
-1.75 0.468149

2.21875 0.474795
2.25 0.471277

-3.59375 -0.489254
-3.5625 -0.484612

-3.5625 -0.487064
-3.53125 -0.482542

2.25 0.472349
2.28125 0.474441

-1.75 0.466485
-1.71875 0.467137

2.28125 0.473576
2.3125 0.476681

2.3125 0.477405
2.34375 0.475594

0.1875 0.467766
0.21875 0.468104

0.21875 0.469431
0.25 0.468888

-3.53125 -0.484257
-3.5 -0.483878

0.25 0.466933
0.28125 0.466767

0.28125 0.468436
0.3125 0.468555

0.28125 0.469011
0.3125 0.469155

0.3125 0.466921
0.34375 0.467159

0.327112 0.46875
0.34375 0.468936

0.351261 0.46875
0.375 0.470212

0.375 0.470689
0.40625 0.469049

-3.5 -0.46938
-3.46875 -0.49972

-3.46875 -0.489888
-3.46512 -0.5

2.34375 0.475518
2.375 0.471118

2.375 0.472597
2.40625 0.471603

2.40625 0.474095
2.4375 0.470553

2.4375 0.468511
2.46875 0.467588

2.4375 0.469511
2.4505 0.46875

2.46875 0.468437
2.47507 0.46875

2.46875 0.469137
2.5 0.471885

-2.51456 -0.5
-2.51466 -0.46875

-2.51453 -0.46875
-2.51508 -0.4375

-2.51491 -0.4375
-2.51652 -0.40625

-2.51707 -0.40625
-2.51898 -0.375

0.40625 0.467406
0.4375 0.465755

-2.5184 -0.375
-2.52065 -0.34375

0.4375 0.465663
0.46875 0.467471

2.5 0.469886
2.53125 0.472726

0.46875 0.469464
0.5 0.470927

-2.52076 -0.34375
-2.52427 -0.3125

-2.53125 -0.272386
-2.53546 -0.25

-2.52421 -0.3125
-2.52886 -0.28125

-2.53125 -0.263543
-2.52792 -0.28125

2.53125 0.475312
2.5625 0.471358

-2.5625 -0.151458
-2.57174 -0.125

2.5625 0.466876
2.59375 0.465035

0.53125 0.468505
0.525844 0.46875

-2.53477 -0.25
-2.54182 -0.21875

0.5 0.470028
0.518654 0.46875

2.59375 0.469373
2.625 0.469935

-2.54177 -0.21875
-2.55003 -0.1875

-2.54999 -0.1875
-2.55961 -0.15625

-2.5625 -0.141187
-2.55724 -0.15625

2.625 0.467046
2.65625 0.467112

2.65625 0.469339
2.6875 0.47023

0.53125 0.467799
0.5625 0.466918

0.5625 0.466746
0.59375 0.467948

0.59375 0.469566
0.625 0.469963

0.625 0.46826
0.65625 0.468022

0.6875 0.468612
0.67979 0.46875

0.65625 0.469584
0.6875 0.469027

0.6875 0.467007
0.71875 0.46705

2.71875 0.468177
2.70993 0.46875

0.71875 0.469432
0.75 0.469316

-2.59375 -0.0647269
-2.5946 -0.0625

0.75 0.467315
0.78125 0.466278

0.78125 0.467265
0.8125 0.467334

2.6875 0.469448
2.69606 0.46875

2.71875 0.465766
2.75 0.465687

2.75 0.46794
2.76166 0.46875

2.77876 0.46875
2.78125 0.468976

0.8125 0.466671
0.84375 0.467197

0.84375 0.46819
0.875 0.468512

-2.57074 -0.125
-2.5825 -0.09375

0.875 0.467857
0.90625 0.467301

0.90625 0.467217
0.9375 0.46726

-2.59375 -0.0647149
-2.58273 -0.09375

2.78125 0.470937
2.8125 0.469199

-2.59456 -0.0625
-2.60614 -0.03125

2.8125 0.465682
2.84375 0.464597

2.84375 0.466988
2.87415 0.46875

2.87269 0.46875
2.875 0.468885

2.90625 0.468628
2.89734 0.46875

-2.60616 -0.03125
-2.61747 0

2.875 0.468908
2.88646 0.46875

0.9375 0.467932
0.96875 0.467396

-2.625 0.0205207
-2.62885 0.03125

2.90625 0.467248
2.9375 0.466834

0.96875 0.465553
1 0.466777

-2.62944 0.03125
-2.63903 0.0625

-2.6383 0.0625
-2.64602 0.09375

2.9375 0.467627
2.96875 0.468241

-1.71875 0.470079
-1.6875 0.469186

-2.64632 0.09375
-2.65302 0.125

-2.65625 0.140613
-2.65892 0.15625

2.96875 0.4686
3 0.467935

-2.6582 0.15625
-2.66248 0.1875

-2.65625 0.14744
-2.65242 0.125

-2.66256 0.1875
-2.66565 0.21875

-2.66576 0.21875
-2.66726 0.25

-1.6875 0.464871
-1.65625 0.46518

1.00276 0.46875
1.03125 0.471737

1.03125 0.471956
1.0625 0.469514

-1.65625 0.469019
-1.625 0.471482

3 0.466799
3.03125 0.466408

3.03125 0.46706
3.0625 0.467915

-1.625 0.470413
-1.60244 0.46875

3.0625 0.467475
3.08419 0.46875

3.09164 0.46875
3.09375 0.468959

-1.59375 0.468051
-1.5625 0.466236

1.0625 0.467258
1.09375 0.465921

-1.5625 0.465022
-1.53125 0.466212

1.09375 0.467119
1.12175 0.46875

1.11936 0.46875
1.125 0.469213

-1.54255 0.46875
-1.53125 0.469321

1.125 0.470129
1.15625 0.470333

-2.625 0.0216606
-2.61723 0

-1.53125 0.468647
-1.52844 0.46875

1.15625 0.468238
1.1875 0.468662

-1.53125 0.469002
-1.5 0.470056

1.17919 0.46875
1.1875 0.468976

-2.66743 0.25
-2.66676 0.28125

3.09375 0.468361
3.10983 0.46875

1.1875 0.469781
1.21875 0.472377

3.09375 0.470615
3.125 0.471907

-2.66706 0.28125
-2.66326 0.3125

-2.66347 0.3125
-2.65625 0.341005

3.125 0.469983
3.15625 0.469671

3.1875 0.4686
3.16457 0.46875

1.21875 0.470998
1.25 0.471455

3.15625 0.470968
3.1875 0.470885

-2.65625 0.340467
-2.65542 0.34375

-1.5 0.468524
-1.46875 0.467341

-2.65603 0.34375
-2.64264 0.375

-1.46875 0.467009
-1.4375 0.467309

-2.64386 0.375
-2.625 0.401705

3.1875 0.468597
3.21875 0.467984

-2.625 0.400798
-2.62109 0.40625

3.1875 0.470601
3.21875 0.469349

-2.62282 0.40625
-2.59375 0.434891

-1.4375 0.467895
-1.42003 0.46875

3.22113 0.46875
3.25 0.470691

-1.41054 0.46875
-1.40625 0.46906

-2.59375 0.434156
-2.58973 0.4375

1.25 0.468671
1.25319 0.46875

3.25 0.470907
3.28125 0.472784

1.25 0.470766
1.28125 0.472308

3.28125 0.472943
3.3125 0.470105

-1.40625 0.471464
-1.375 0.46897

3.3125 0.467767
3.3265 0.46875

3.33097 0.46875
3.34375 0.470545

-2.58615 0.4375
-2.5625 0.456623

3.34375 0.473087
3.375 0.478739

1.28125 0.472335
1.3125 0.473202

3.375 0.476633
3.40625 0.472686

3.40625 0.470672
3.4375 0.473261

1.3125 0.468706
1.32487 0.46875

3.4375 0.475495
3.46875 0.479001

-1.375 0.463672
-1.34375 0.463462

3.46875 0.477317
3.5 0.473628

-1.34004 0.46875
-1.3125 0.471128

-2.5625 0.464033
-2.55008 0.46875

-1.3125 0.469227
-1.29855 0.46875

-2.55096 0.46875
-2.53125 0.47602

1.3125 0.472296
1.34375 0.472518

-2.53125 0.467083
-2.5 0.467484

-1.25 0.468185
-1.27095 0.46875

-2.53125 0.468932
-2.5 0.469073

-1.28125 0.469111
-1.26865 0.46875

3.5 0.474405
3.53125 0.472713

3.53125 0.472312
3.5625 0.475247

1.34375 0.472623
1.375 0.473358

3.5625 0.475026
3.59375 0.477961

3.59375 0.479702
3.625 0.473727

1.375 0.475175
1.40625 0.4711

3.625 0.473146
3.65015 0.46875

3.65625 0.46956
3.6875 0.472942

-1.25 0.467788
-1.21875 0.466554

-2.46875 0.468719
-2.47233 0.46875

-1.21875 0.465426
-1.1875 0.466904

-2.5 0.470915
-2.46875 0.470517

1.40625 0.468428
1.43538 0.46875

3.6875 0.472358
3.71875 0.475443

1.41146 0.46875
1.4375 0.469326

3.71875 0.474028
3.75 0.474645

-2.46875 0.467393
-2.4375 0.466592

-2.4375 0.468337
-2.42653 0.46875

3.75 0.475106
3.78125 0.473929

-2.43014 0.46875
-2.40625 0.469885

-2.375 0.468481
-2.38053 0.46875

-2.40625 0.470214
-2.37987 0.46875

3.78125 0.473617
3.8125 0.472703

-1.1875 0.469138
-1.15625 0.471118

1.4375 0.46982
1.46875 0.477838

-1.125 0.46795
-1.13747 0.46875

-2.375 0.465984
-2.34375 0.466171

-1.15625 0.470782
-1.13267 0.46875

3.8125 0.471852
3.84375 0.475352

1.46875 0.478869
1.5 0.474998

3.84375 0.475465
3.875 0.477856

-2.34375 0.468722
-2.34304 0.46875

3.875 0.476414
3.90625 0.475572

3.90625 0.475429
3.9375 0.476208

-1.125 0.465446
-1.09375 0.466795

3.9375 0.475897
3.96875 0.477646

3.96875 0.47715
4 0.47796

-2.34375 0.469041
-2.3125 0.470394

1.5 0.470885
1.53125 0.469031

-2.3125 0.468183
-2.28125 0.468434

-2.3102 0.46875
-2.28125 0.469262

-2.25 0.468269
-2.26303 0.46875

-1.09375 0.470959
-1.0625 0.473149

-2.28125 0.470956
-2.25 0.469685

-1.0625 0.471409
-1.04191 0.46875

-1.03125 0.467672
-1 0.466903

-2.25 0.466829
-2.21875 0.465654

-2.21875 0.467181
-2.1875 0.468558

1.53125 0.471556
1.5625 0.478603

1.5625 0.476936
1.59375 0.477074

-2.15625 0.468089
-2.17609 0.46875

-2.1875 0.46972
-2.15817 0.46875

1.59375 0.475919
1.625 0.474516

-2.15625 0.465651
-2.125 0.465955

1.625 0.474921
1.65625 0.476283

-2.1182 0.46875
-2.09375 0.470933

-2.09375 0.470285
-2.0625 0.469848

1.65625 0.475961
1.6875 0.477198

-1 0.467352
-0.970336 0.46875

1.6875 0.478426
1.71875 0.475251

-2.0625 0.469965
-2.04106 0.46875

1.71875 0.474967
1.75 0.471843

-0.96875 0.469633
-0.9375 0.470832

-0.90625 0.468643
-0.922196 0.46875

-2.03125 0.468496
-2 0.467187

1.75 0.472261
1.78125 0.475167

1.78125 0.474684
1.8125 0.477939

-0.9375 0.469841
-0.90625 0.469422

-0.90625 0.46967
-0.875 0.469957

1.8125 0.476216
1.84375 0.477721

-0.875 0.470334
-0.84375 0.469474

1.84375 0.479209
1.875 0.476369

1.875 0.475985
1.90625 0.472299

1.90625 0.472368
1.9375 0.475837

-0.8125 0.468509
-0.817068 0.46875

-0.84375 0.469722
-0.830101 0.46875

1.9375 0.475756
1.96875 0.479465

1.96875 0.47873
2 0.476825

-0.8125 0.466528
-0.78125 0.466687

-0.78125 0.468397
-0.770491 0.46875

-0.78125 0.468753
-0.75 0.46989

-0.75 0.468504
-0.71875 0.468365

-0.75 0.469096
-0.71875 0.468851

-0.71875 0.468455
-0.691515 0.46875

-0.71875 0.468842
-0.6875 0.469378

-0.6875 0.468455
-0.680109 0.46875

-0.678558 0.46875
-0.65625 0.470486

-0.65625 0.471806
-0.625 0.471149

-0.59375 0.467797
-0.614627 0.46875

-0.625 0.4695
-0.616351 0.46875

-0.59375 0.468191
-0.5625 0.468742

-0.580574 0.46875
-0.5625 0.469302

-0.53125 0.4686
-0.540348 0.46875

-0.5625 0.469958
-0.53125 0.469361

-0.53125 0.467507
-0.5 0.467678

-0.5 0.469871
-0.46875 0.47009

-0.46875 0.46748
-0.4375 0.46857

-0.438939 0.46875
-0.4375 0.46885

-0.4375 0.471383
-0.40625 0.472938

-0.40625 0.471353
-0.377561 0.46875

-0.375 0.468183
-0.34375 0.46826

-0.375 0.469491
-0.34375 0.469688

-0.34375 0.468704
-0.3125 0.468625

-0.34375 0.470288
-0.3125 0.470083

-0.28125 0.467836
-0.311094 0.46875

-0.3125 0.47015
-0.286265 0.46875

-0.28125 0.467992
-0.25 0.468351

-0.257009 0.46875
-0.25 0.468877

-0.21875 0.46817
-0.233365 0.46875

-0.25 0.47037
-0.21875 0.469139

-0.21875 0.465074
-0.1875 0.466405

-0.1875 0.46968
-0.15625 0.474881

-0.15625 0.475314
-0.125 0.469577

-0.125 0.464445
-0.09375 0.464232

-0.09375 0.470573
-0.0625 0.473468

-0.0625 0.470995
-0.0433124 0.46875

-0.03125 0.468189
0 0.467275

-0.03125 0.469301
-0.0173416 0.46875

