-3.78446 -0.5
-3.78125 -0.490852

-3.78125 -0.497818
-3.75131 -0.46875

2 0.470807
2.03125 0.469459

2.03125 0.465627
2.0625 0.464665

2.0625 0.467331
2.08637 0.46875

2.125 0.468635
2.10897 0.46875

2.09375 0.469003
2.125 0.468779

-3.71875 -0.497278
-3.74887 -0.46875

-3.75 -0.468566
-3.74942 -0.46875

-3.71875 -0.489619
-3.71505 -0.5

-3.62871 -0.5
-3.625 -0.489864

2.125 0.468103
2.15625 0.467421

-3.62189 -0.5
-3.59375 -0.472532

-3.59375 -0.489403
-3.5625 -0.484376

2.15625 0.467222
2.1875 0.467774

2.1875 0.468496
2.19592 0.46875

2.20349 0.46875
2.21875 0.469364

-3.5625 -0.486977
-3.53125 -0.482515

-3.53125 -0.484253
-3.5 -0.483856

2.22858 0.46875
2.25 0.470595

-2 0.440374
-1.96875 0.438816

2.25 0.472388
2.28125 0.470759

2.28125 0.466303
2.3125 0.467213

2.3125 0.47237
2.34375 0.474416

2.34375 0.471296
2.36952 0.46875

2.375 0.468096
2.39028 0.46875

-1.96875 0.438829
-1.9375 0.437678

2.375 0.469049
2.40625 0.471723

2.40625 0.470638
2.4375 0.474309

2.4375 0.473355
2.46875 0.474599

-3.5 -0.469417
-3.46875 -0.499543

2.46875 0.4746
2.5 0.472836

-3.46875 -0.489464
-3.46495 -0.5

-1.90625 0.436917
-1.92916 0.4375

0 0.441018
0.03125 0.441118

0.03125 0.441135
0.0625 0.441194

-1.90625 0.436912
-1.875 0.436417

-1.9375 0.437605
-1.93336 0.4375

-2.63061 -0.5
-2.63062 -0.46875

-2.63075 -0.46875
-2.63052 -0.4375

-2.63011 -0.4375
-2.6302 -0.40625

-2.63026 -0.40625
-2.63138 -0.375

2.5 0.472152
2.53125 0.472275

2.53125 0.471731
2.5625 0.475951

2.5625 0.475569
2.59375 0.477299

2.59375 0.476071
2.625 0.475073

2.625 0.476065
2.65625 0.474807

2.65625 0.473025
2.6875 0.475603

2.6875 0.476621
2.71875 0.479407

-1.875 0.436437
-1.84375 0.43617

2.71875 0.477457
2.75 0.476675

2.75 0.47661
2.78125 0.477907

2.78125 0.478629
2.8125 0.477997

2.8125 0.476155
2.84375 0.477154

2.84375 0.477959
2.875 0.480565

2.875 0.480185
2.90625 0.477894

2.90625 0.4771
2.9375 0.477245

2.9375 0.478317
2.96875 0.480033

2.96875 0.480203
3 0.47728

3 0.477984
3.03125 0.474949

3.03125 0.475636
3.0625 0.475855

3.0625 0.476217
3.09375 0.477155

3.09375 0.476723
3.125 0.476645

-1.84375 0.436191
-1.8125 0.436066

-1.8125 0.436081
-1.78125 0.436027

-1.78125 0.436034
-1.75 0.436008

-1.75 0.43601
-1.71875 0.435992

-1.71875 0.435995
-1.6875 0.435978

-1.6875 0.435946
-1.65625 0.435989

-1.65625 0.435985
-1.625 0.43616

3.125 0.477195
3.15625 0.476023

3.15625 0.476311
3.1875 0.474714

3.1875 0.474093
3.21875 0.47593

3.21875 0.476484
3.25 0.478215

-1.625 0.436173
-1.59375 0.43646

3.25 0.478745
3.28125 0.474732

3.28125 0.475146
3.3125 0.471528

-2.63141 -0.375
-2.63337 -0.34375

-2.63345 -0.34375
-2.63604 -0.3125

-2.63601 -0.3125
-2.63912 -0.28125

3.3125 0.471754
3.34375 0.474487

-2.6391 -0.28125
-2.6428 -0.25

3.34375 0.474356
3.375 0.477782

3.375 0.478537
3.40625 0.474557

3.40625 0.474054
3.4375 0.470125

3.4375 0.471453
3.46875 0.473783

-1.59375 0.436469
-1.5625 0.436826

-1.5625 0.436825
-1.53125 0.437237

-2.64278 -0.25
-2.64716 -0.21875

-2.64713 -0.21875
-2.65229 -0.1875

-2.65625 -0.173711
-2.65962 -0.15625

-1.53125 0.437219
-1.51194 0.4375

0.0625 0.441173
0.09375 0.441201

0.09375 0.441189
0.125 0.441252

0.125 0.441266
0.15625 0.441357

-1.51583 0.4375
-1.5 0.437731

3.46875 0.473619
3.5 0.47522

-2.65841 -0.15625
-2.66514 -0.125

-1.5 0.437715
-1.46875 0.438167

-1.46875 0.43819
-1.4375 0.438561

-1.4375 0.438515
-1.40625 0.438851

-1.40625 0.438845
-1.375 0.439251

-1.375 0.439272
-1.34375 0.439716

3.5 0.474273
3.53125 0.474164

3.53125 0.474356
3.5625 0.474265

3.5625 0.474576
3.59375 0.47368

3.59375 0.473913
3.625 0.472916

3.625 0.471415
3.65625 0.474847

0.15625 0.441403
0.1875 0.441403

3.65625 0.475054
3.6875 0.47864

0.1875 0.441357
0.21875 0.441269

-1.34375 0.439716
-1.3125 0.440155

0.21875 0.441268
0.25 0.441183

-1.3125 0.440166
-1.28125 0.440578

3.6875 0.479055
3.71875 0.474381

-2.65625 -0.162642
-2.65145 -0.1875

3.71875 0.474362
3.75 0.469985

-2.6875 -0.0430063
-2.69069 -0.03125

-2.68883 -0.03125
-2.69766 0

3.75 0.469863
3.78125 0.474818

-2.66511 -0.125
-2.67236 -0.09375

3.78125 0.47563
3.8125 0.478628

3.8125 0.47713
3.84375 0.473548

3.84375 0.47287
3.875 0.474224

-1.28125 0.440614
-1.25 0.440906

0.25 0.44116
0.28125 0.441128

-1.25 0.440889
-1.21875 0.441023

-1.21875 0.441014
-1.1875 0.441042

0.28125 0.441125
0.3125 0.441198

0.3125 0.44122
0.34375 0.44136

0.34375 0.441358
0.375 0.441528

0.375 0.441521
0.40625 0.441739

0.40625 0.441733
0.4375 0.442026

-1.1875 0.440997
-1.15625 0.441024

-1.15625 0.441017
-1.125 0.441148

3.875 0.474351
3.90625 0.479035

3.90625 0.477841
3.9375 0.478622

3.9375 0.477618
3.96875 0.477258

3.96875 0.477652
4 0.478128

-1.125 0.441179
-1.09375 0.441368

-1.09375 0.441371
-1.0625 0.441548

-1.0625 0.441549
-1.03125 0.441708

-1.03125 0.441717
-1 0.44184

0.4375 0.442014
0.46875 0.442421

0.46875 0.442416
0.5 0.442969

-1 0.441855
-0.96875 0.441894

-0.96875 0.441904
-0.9375 0.44181

-0.9375 0.44178
-0.90625 0.441593

-0.90625 0.441583
-0.875 0.441385

-0.875 0.441381
-0.84375 0.441196

-0.84375 0.441196
-0.8125 0.441034

-0.8125 0.441049
-0.78125 0.440879

0.5 0.442948
0.53125 0.443697

0.53125 0.443698
0.5625 0.444684

0.5625 0.44469
0.59375 0.445901

0.59375 0.445902
0.625 0.447322

-0.78125 0.440902
-0.75 0.440647

-0.75 0.4406
-0.71875 0.440305

-0.71875 0.440294
-0.6875 0.440075

-0.6875 0.44007
-0.65625 0.439958

0.625 0.447318
0.65625 0.448954

0.65625 0.448958
0.6875 0.450812

0.6875 0.450826
0.71875 0.452863

0.71875 0.452882
0.75 0.455035

-0.65625 0.43996
-0.625 0.439962

-0.625 0.439948
-0.59375 0.440086

-0.59375 0.440229
-0.5625 0.440245

-0.5625 0.440082
-0.53125 0.440016

-0.53125 0.440072
-0.5 0.440139

0.75 0.45505
0.78125 0.45725

0.78125 0.457275
0.8125 0.459443

0.8125 0.459468
0.84375 0.461502

0.84375 0.461535
0.875 0.463317

-0.5 0.440152
-0.46875 0.440214

0.875 0.463319
0.90625 0.46478

0.90625 0.464776
0.9375 0.465922

0.9375 0.465903
0.96875 0.46678

0.96875 0.466773
1 0.467435

-0.46875 0.4402
-0.4375 0.440258

-0.4375 0.44026
-0.40625 0.440337

-0.40625 0.440339
-0.375 0.440424

-0.375 0.440425
-0.34375 0.440513

-0.34375 0.440509
-0.3125 0.440604

-0.3125 0.44061
-0.28125 0.44071

-0.28125 0.440762
-0.25 0.440747

1 0.467433
1.03125 0.467898

1.03125 0.467899
1.0625 0.468171

1.0625 0.468164
1.09375 0.468253

1.09375 0.468242
1.125 0.468186

-0.25 0.440669
-0.21875 0.440593

-0.21875 0.4406
-0.1875 0.440604

-0.1875 0.440619
-0.15625 0.440659

-0.15625 0.440655
-0.125 0.440708

-0.125 0.440712
-0.09375 0.440778

1.125 0.468176
1.15625 0.468019

1.15625 0.468001
1.1875 0.467799

-0.09375 0.440779
-0.0625 0.440846

-0.0625 0.440842
-0.03125 0.440918

-0.03125 0.440917
0 0.441011

1.1875 0.467776
1.21875 0.467608

1.21875 0.467619
1.25 0.467511

1.25 0.467531
1.28125 0.467423

1.28125 0.467399
1.3125 0.467304

1.3125 0.467219
1.34375 0.467354

1.34375 0.467399
1.375 0.467844

1.375 0.468124
1.40625 0.468229

1.40625 0.467983
1.4375 0.467682

1.4375 0.467693
1.46875 0.467457

1.46875 0.467447
1.5 0.467274

-2.67234 -0.09375
-2.68021 -0.0625

1.5 0.467098
1.53125 0.467364

-2.6875 -0.0335542
-2.67964 -0.0625

1.53125 0.467912
1.5625 0.467874

1.5625 0.467669
1.59375 0.46664

1.59375 0.465434
1.625 0.466238

1.625 0.468633
1.62895 0.46875

-2.69771 0
-2.70654 0.03125

-2.70664 0.03125
-2.71515 0.0625

-2.71875 0.0760877
-2.72318 0.09375

-2.72315 0.09375
-2.72997 0.125

-2.71875 0.0770021
-2.71512 0.0625

-2.73009 0.125
-2.73551 0.15625

-2.73559 0.15625
-2.73923 0.1875

-2.73927 0.1875
-2.74089 0.21875

-2.74097 0.21875
-2.74033 0.25

1.64973 0.46875
1.65625 0.468942

-2.74055 0.25
-2.73707 0.28125

1.65625 0.467914
1.6875 0.467448

1.6875 0.468034
1.71875 0.467626

-2.73724 0.28125
-2.73014 0.3125

-2.73041 0.3125
-2.71882 0.34375

-2.71911 0.34375
-2.71875 0.344458

1.71875 0.467233
1.75 0.466497

1.75 0.46617
1.78125 0.466546

1.78125 0.466674
1.8125 0.468561

1.8125 0.47007
1.84375 0.470192

1.84375 0.4686
1.875 0.467123

-2.71875 0.34293
-2.71845 0.34375

-2.71875 0.344691
-2.70178 0.375

-2.7027 0.375
-2.6875 0.395264

-2.6875 0.391979
-2.67517 0.40625

-2.6789 0.40625
-2.65625 0.426631

-2.65625 0.423609
-2.63484 0.4375

-2.64053 0.4375
-2.625 0.446877

-2.625 0.444744
-2.59375 0.457996

1.875 0.467233
1.90625 0.46712

1.90625 0.467541
1.9375 0.467517

1.90625 0.468952
1.9375 0.468977

1.9375 0.467055
1.96875 0.467147

1.9375 0.468848
1.96875 0.468766

1.96875 0.467068
2 0.468556

-2.59375 0.457516
-2.5625 0.465637

-2.5625 0.466545
-2.53125 0.468675

-2.53125 0.465793
-2.5 0.465882

1.99629 0.46875
2 0.469006

-2.5 0.467284
-2.46875 0.468294

-2.46875 0.467861
-2.4375 0.467852

-2.4375 0.467791
-2.40625 0.467751

-2.40625 0.467831
-2.375 0.467723

-2.375 0.467698
-2.34375 0.467408

-2.34375 0.467371
-2.3125 0.467023

-2.3125 0.467156
-2.28125 0.46656

-2.28125 0.466786
-2.25 0.465226

-2.25 0.465178
-2.21875 0.462298

-2.21875 0.462073
-2.1875 0.45842

-2.1875 0.458314
-2.15625 0.45455

-2.15625 0.454507
-2.125 0.450929

-2.125 0.450903
-2.09375 0.447649

-2.09375 0.447636
-2.0625 0.444785

-2.0625 0.444784
-2.03125 0.442364

-2.03125 0.442366
-2 0.440376

