-3.78438 -0.5
-3.78125 -0.49103

-3.78125 -0.496586
-3.75155 -0.46875

-3.7524 -0.46875
-3.75 -0.468002

-3.71875 -0.49817
-3.74859 -0.46875

2 0.469675
2.03125 0.4693

2.03125 0.467172
2.0625 0.466366

2.0625 0.467732
2.09375 0.468004

2.0869 0.46875
2.09375 0.46881

2.09375 0.467388
2.125 0.467237

-3.71875 -0.489681
-3.71507 -0.5

-3.62831 -0.5
-3.625 -0.490784

-3.62205 -0.5
-3.59375 -0.472444

-3.59375 -0.489429
-3.5625 -0.484669

0 0.465189
0.03125 0.465812

0.03125 0.467115
0.0527997 0.46875

0.0625 0.471134
0.09375 0.469352

0.09375 0.464672
0.125 0.464571

0.125 0.468039
0.146075 0.46875

0.125 0.469814
0.15625 0.470842

-3.5625 -0.487173
-3.53125 -0.482436

-3.53125 -0.484406
-3.5 -0.4837

-2 0.455146
-1.96875 0.455968

-1.96875 0.455994
-1.9375 0.457124

-1.9375 0.457126
-1.90625 0.458507

-1.90625 0.458515
-1.875 0.460129

-1.875 0.460103
-1.84375 0.461988

-1.84375 0.461979
-1.8125 0.464209

-1.8125 0.464501
-1.78125 0.466513

-1.78125 0.466888
-1.75 0.467348

-1.75 0.466638
-1.71875 0.466213

-1.71875 0.466127
-1.6875 0.466408

-1.6875 0.466463
-1.65625 0.467514

2.09375 0.468761
2.09595 0.46875

2.125 0.467333
2.15625 0.467811

2.15625 0.468223
2.1875 0.468315

0.15625 0.467371
0.1875 0.465985

2.1875 0.467796
2.21875 0.467717

2.21875 0.468076
2.25 0.468144

-3.5 -0.469307
-3.46875 -0.499357

0.1875 0.467711
0.21875 0.466924

-1.65625 0.468086
-1.625 0.468653

0.21875 0.464408
0.25 0.465797

-3.46875 -0.489785
-3.46508 -0.5

2.25 0.467837
2.28125 0.467946

2.28125 0.467655
2.31012 0.46875

2.30325 0.46875
2.3125 0.469325

2.3125 0.470859
2.34375 0.469666

-1.625 0.468217
-1.59375 0.468027

-1.59375 0.467994
-1.5625 0.467989

-1.5625 0.468126
-1.53125 0.468099

-1.53125 0.468245
-1.5 0.467628

-2.52537 -0.5
-2.52548 -0.46875

-2.5255 -0.46875
-2.5258 -0.4375

-2.52554 -0.4375
-2.52653 -0.40625

-2.52657 -0.40625
-2.52871 -0.375

-1.5 0.466925
-1.46875 0.466832

2.34375 0.466079
2.375 0.465977

-1.46875 0.468006
-1.4375 0.467497

-1.4375 0.466445
-1.40625 0.465274

0.25 0.46917
0.28125 0.471023

2.375 0.468804
2.40625 0.471314

2.40625 0.469858
2.4375 0.469941

2.4375 0.468498
2.44343 0.46875

2.4375 0.468826
2.46875 0.47148

0.28125 0.469068
0.286892 0.46875

0.3125 0.468664
0.34375 0.467168

-1.40625 0.464752
-1.375 0.466065

-1.375 0.467931
-1.35481 0.46875

-1.34375 0.468384
-1.3125 0.467503

-1.3125 0.466575
-1.28125 0.466874

-1.28125 0.468027
-1.25741 0.46875

-2.53125 -0.352295
-2.53212 -0.34375

-2.53198 -0.34375
-2.53599 -0.3125

-2.53125 -0.3495
-2.52866 -0.375

2.46875 0.473646
2.5 0.471461

0.34375 0.46552
0.375 0.466055

0.375 0.468718
0.377429 0.46875

0.375 0.46878
0.40625 0.469193

0.40625 0.466986
0.4375 0.466239

0.4375 0.466802
0.46875 0.468179

0.5 0.468728
0.485551 0.46875

2.5 0.466738
2.53125 0.467588

2.53125 0.470899
2.5625 0.477608

-1.2613 0.46875
-1.25 0.469116

-1.25 0.468704
-1.21875 0.468277

-1.25 0.469096
-1.22654 0.46875

2.5625 0.476208
2.59375 0.473123

-1.21875 0.467721
-1.1875 0.467649

-1.1875 0.468557
-1.15625 0.468394

2.59375 0.470319
2.625 0.472017

-2.536 -0.3125
-2.54068 -0.28125

-1.1875 0.468769
-1.18394 0.46875

0.46875 0.469393
0.5 0.469347

2.625 0.474497
2.65625 0.478231

-2.54068 -0.28125
-2.54605 -0.25

-1.15625 0.467476
-1.125 0.467244

-1.125 0.468382
-1.09375 0.467633

-1.125 0.468876
-1.11976 0.46875

2.65625 0.476828
2.6875 0.472977

-2.5625 -0.180778
-2.56896 -0.15625

2.6875 0.471503
2.71875 0.473521

2.71875 0.475081
2.75 0.47876

0.5 0.468162
0.53125 0.466635

-2.56757 -0.15625
-2.57673 -0.125

0.53125 0.465866
0.5625 0.466758

-2.546 -0.25
-2.55216 -0.21875

2.75 0.477653
2.78125 0.474729

-2.55212 -0.21875
-2.55928 -0.1875

-2.5625 -0.167836
-2.55732 -0.1875

0.5625 0.46851
0.577324 0.46875

-1.09375 0.465295
-1.0625 0.46643

-1.0625 0.469534
-1.03125 0.47104

-2.59375 -0.0823502
-2.60077 -0.0625

-2.57668 -0.125
-2.58676 -0.09375

-2.59375 -0.0683046
-2.58475 -0.09375

2.78125 0.473335
2.8125 0.474656

0.5625 0.468975
0.59375 0.469505

2.8125 0.476379
2.84375 0.478645

2.84375 0.478142
2.875 0.47438

0.59375 0.467531
0.625 0.467024

0.59375 0.46901
0.604986 0.46875

0.625 0.468245
0.65625 0.467986

0.625 0.468925
0.64436 0.46875

0.65625 0.466505
0.6875 0.467108

0.6875 0.468917
0.71875 0.469838

0.75 0.468154
0.738639 0.46875

0.71875 0.468875
0.720753 0.46875

-1 0.468739
-1.00036 0.46875

0.75 0.466161
0.78125 0.466041

0.78125 0.467815
0.805264 0.46875

2.875 0.473198
2.90625 0.474303

-1.03125 0.469212
-1.02282 0.46875

2.90625 0.476467
2.9375 0.478264

-2.59802 -0.0625
-2.60961 -0.03125

0.806135 0.46875
0.8125 0.469025

-1 0.468551
-0.96875 0.468249

0.8125 0.468492
0.84375 0.468057

-2.60979 -0.03125
-2.6212 0

0.8125 0.469236
0.84375 0.468787

0.84375 0.467701
0.875 0.467397

-0.96875 0.468322
-0.9375 0.468093

-2.625 0.0112084
-2.63204 0.03125

-0.9375 0.468077
-0.90625 0.467807

-0.90625 0.467765
-0.875 0.467573

-2.63249 0.03125
-2.64241 0.0625

2.9375 0.477891
2.96875 0.473204

0.875 0.467751
0.90625 0.468079

2.96875 0.471958
3 0.473398

-0.875 0.467587
-0.84375 0.46753

-2.65625 0.117901
-2.65792 0.125

-0.84375 0.467567
-0.8125 0.467545

0.897202 0.46875
0.90625 0.468845

3 0.475892
3.03125 0.478083

-0.8125 0.467528
-0.78125 0.467502

-2.64217 0.0625
-2.65077 0.09375

-0.78125 0.467513
-0.75 0.467492

3.03125 0.477485
3.0625 0.472252

-0.75 0.467758
-0.71875 0.467187

3.0625 0.470923
3.09375 0.472586

3.09375 0.47506
3.125 0.478003

-2.65625 0.115586
-2.65112 0.09375

3.125 0.476744
3.15625 0.472651

0.90625 0.467973
0.9375 0.468438

-0.71875 0.466439
-0.6875 0.466285

0.96875 0.468535
0.961896 0.46875

3.15625 0.471506
3.1875 0.47337

-2.6583 0.125
-2.66399 0.15625

3.1875 0.474732
3.21875 0.478392

-2.66414 0.15625
-2.66789 0.1875

-0.6875 0.466744
-0.65625 0.467582

-2.66778 0.1875
-2.6695 0.21875

0.9375 0.469257
0.953728 0.46875

3.21875 0.475918
3.25 0.476277

0.96875 0.466899
1 0.465609

-0.65625 0.467774
-0.625 0.468299

-2.66958 0.21875
-2.66932 0.25

-2.625 0.0104461
-2.62133 0

1 0.465293
1.03125 0.467261

-2.66946 0.25
-2.66677 0.28125

-2.66692 0.28125
-2.66122 0.3125

1.03125 0.46965
1.0625 0.47073

-0.625 0.468273
-0.59375 0.468153

1.09375 0.46759
1.07399 0.46875

-0.59375 0.4681
-0.5625 0.467493

-2.66203 0.3125
-2.65625 0.332138

-0.5625 0.467102
-0.53125 0.466897

1.0625 0.469125
1.06709 0.46875

-2.65625 0.326807
-2.65126 0.34375

3.25 0.475945
3.28125 0.477898

-0.53125 0.467209
-0.5 0.467567

-2.65285 0.34375
-2.63848 0.375

1.09375 0.466931
1.125 0.466111

-2.64122 0.375
-2.625 0.398098

1.125 0.465893
1.15625 0.46765

1.15625 0.470262
1.1875 0.469807

3.28125 0.477189
3.3125 0.47884

1.1875 0.465983
1.21875 0.465741

3.3125 0.477622
3.34375 0.47934

-0.5 0.467057
-0.46875 0.468126

3.34375 0.479126
3.375 0.480035

1.21875 0.46852
1.22478 0.46875

-2.625 0.390388
-2.61312 0.40625

-2.61836 0.40625
-2.59375 0.429525

3.375 0.479169
3.40625 0.479404

-2.59375 0.427362
-2.57849 0.4375

1.21875 0.468953
1.25 0.470194

-0.480327 0.46875
-0.46875 0.469414

3.40625 0.479187
3.4375 0.480386

-2.57993 0.4375
-2.5625 0.448239

3.4375 0.479871
3.46875 0.480769

-2.5625 0.447653
-2.53125 0.460196

1.28125 0.467437
1.25234 0.46875

-2.53125 0.459872
-2.5 0.466341

1.25 0.469357
1.26035 0.46875

3.46875 0.479846
3.5 0.48124

1.28125 0.466276
1.3125 0.467151

1.3125 0.469901
1.34375 0.470085

1.34375 0.467631
1.375 0.466533

-0.4375 0.467155
-0.463783 0.46875

3.5 0.480867
3.53125 0.482068

-0.46875 0.471066
-0.4375 0.469326

3.53125 0.481029
3.5625 0.48198

-2.5 0.465486
-2.46875 0.468239

-0.4375 0.464276
-0.40625 0.463376

-2.46875 0.467966
-2.45228 0.46875

1.375 0.467646
1.40625 0.467947

-0.4375 0.469674
-0.419518 0.46875

3.5625 0.481732
3.59375 0.48269

-2.44569 0.46875
-2.4375 0.469282

-0.40625 0.466112
-0.381196 0.46875

-2.4375 0.47003
-2.40625 0.469646

-2.375 0.466949
-2.40489 0.46875

-0.378918 0.46875
-0.375 0.469266

3.59375 0.480604
3.625 0.483872

-0.375 0.470649
-0.34375 0.470696

3.625 0.481107
3.65625 0.488104

-2.40625 0.468998
-2.40306 0.46875

3.65625 0.488744
3.6875 0.484943

-2.375 0.466792
-2.34375 0.465353

3.6875 0.482275
3.71875 0.482109

3.71875 0.482593
3.75 0.490874

-0.34375 0.468472
-0.3125 0.467231

-0.3125 0.467948
-0.28125 0.468434

-0.25 0.468428
-0.257361 0.46875

-0.28125 0.4693
-0.268632 0.46875

-2.34375 0.464381
-2.3125 0.465667

-2.3125 0.468226
-2.29751 0.46875

3.75 0.491242
3.78125 0.483231

3.78125 0.481951
3.8125 0.481787

1.40625 0.468058
1.4375 0.467308

1.4375 0.465855
1.46875 0.466738

-0.25 0.46565
-0.21875 0.465279

-0.21875 0.467595
-0.1875 0.468448

-0.198777 0.46875
-0.1875 0.469076

-0.1875 0.467365
-0.15625 0.466765

-0.1875 0.469112
-0.169515 0.46875

-0.15625 0.466342
-0.125 0.467419

1.46875 0.469065
1.5 0.469831

-2.28713 0.46875
-2.28125 0.468956

-2.28125 0.468147
-2.25 0.466271

1.5 0.468263
1.53125 0.467395

1.53125 0.468062
1.5625 0.467363

1.5625 0.466389
1.59375 0.466471

3.8125 0.4829
3.84375 0.491356

1.59375 0.467173
1.625 0.468565

3.84375 0.491331
3.875 0.482668

-2.25 0.466078
-2.21875 0.463705

3.875 0.4818
3.90625 0.481919

3.90625 0.483497
3.9375 0.49066

-2.21875 0.463691
-2.1875 0.461233

-0.125 0.468598
-0.110451 0.46875

1.62213 0.46875
1.625 0.468901

-0.125 0.469197
-0.09375 0.46952

-2.1875 0.461161
-2.15625 0.458788

3.9375 0.489451
3.96875 0.483088

-2.15625 0.458733
-2.125 0.456699

-0.09375 0.467584
-0.0625 0.46747

1.625 0.468476
1.63313 0.46875

-0.03125 0.468621
-0.0449076 0.46875

1.63205 0.46875
1.65625 0.47004

3.96875 0.485443
4 0.480952

1.65625 0.470698
1.6875 0.469266

1.6875 0.467671
1.71875 0.466026

-0.0625 0.469271
-0.03125 0.468977

-2.125 0.456622
-2.09375 0.455192

-0.03125 0.467838
0 0.466041

1.71875 0.466011
1.75 0.467375

1.75 0.46938
1.78125 0.469775

1.78125 0.467974
1.8125 0.46694

-2.09375 0.455181
-2.0625 0.454531

-2.0625 0.454592
-2.03125 0.454622

-2.03125 0.454677
-2 0.455152

1.78125 0.468949
1.78554 0.46875

1.8125 0.466955
1.84375 0.468064

1.84375 0.469943
1.875 0.469432

1.875 0.466622
1.90625 0.466352

1.90625 0.468983
1.9375 0.469312

1.9375 0.467553
1.96875 0.466738

1.96875 0.466932
2 0.468103

