-3.78451 -0.5
-3.78125 -0.49072

-3.78125 -0.497413
-3.7514 -0.46875

-3.71875 -0.49742
-3.74878 -0.46875

-3.75 -0.468491
-3.74919 -0.46875

-3.71875 -0.489357
-3.71494 -0.5

-3.62834 -0.5
-3.625 -0.490715

-3.62174 -0.5
-3.59375 -0.472426

-3.59375 -0.489497
-3.5625 -0.484386

2.03125 0.46754
2.01767 0.46875

-2 0.437328
-1.98568 0.4375

-1.96875 0.437498
-1.9668 0.4375

-1.98832 0.4375
-1.96875 0.437736

-1.96875 0.437731
-1.9375 0.437756

-1.9375 0.437637
-1.90625 0.437529

2 0.470286
2.00876 0.46875

0 0.467331
0.03125 0.46684

-3.5625 -0.487042
-3.53125 -0.482405

-3.53125 -0.484165
-3.5 -0.48382

-1.90625 0.437509
-1.875 0.437548

-3.5 -0.469419
-3.46875 -0.499564

-3.46875 -0.489238
-3.46485 -0.5

2.03125 0.467949
2.04615 0.46875

0.0625 0.468381
0.0317586 0.46875

2.03969 0.46875
2.0625 0.471106

0.03125 0.469354
0.0625 0.468981

-1.875 0.437597
-1.84375 0.437723

-1.84375 0.437739
-1.8125 0.437822

-1.8125 0.437797
-1.78125 0.437854

-1.78125 0.437854
-1.75 0.437935

0.0625 0.466485
0.09375 0.466195

-2.5703 -0.5
-2.57058 -0.46875

-2.57088 -0.46875
-2.57111 -0.4375

-2.57047 -0.4375
-2.5713 -0.40625

0.09375 0.468294
0.125 0.467973

0.09375 0.469183
0.125 0.468863

0.125 0.46521
0.15625 0.46619

0.15625 0.469781
0.1875 0.470955

-1.75 0.43794
-1.71875 0.438035

-1.71875 0.438043
-1.6875 0.438127

-1.6875 0.438125
-1.65625 0.438183

-1.65625 0.438178
-1.625 0.438224

-1.625 0.438214
-1.59375 0.43828

-2.57154 -0.40625
-2.57374 -0.375

-2.57373 -0.375
-2.57687 -0.34375

-2.57687 -0.34375
-2.58098 -0.3125

-2.58096 -0.3125
-2.58608 -0.28125

-2.58605 -0.28125
-2.59231 -0.25

-2.625 -0.133499
-2.62766 -0.125

-2.62673 -0.125
-2.63711 -0.09375

-2.63713 -0.09375
-2.64778 -0.0625

-2.65625 -0.0397175
-2.65909 -0.03125

-2.6587 -0.03125
-2.66816 0

-2.65625 -0.0372699
-2.64778 -0.0625

-2.59375 -0.24562
-2.60005 -0.21875

-2.59975 -0.21875
-2.60791 -0.1875

-2.59375 -0.239491
-2.59129 -0.25

-2.60789 -0.1875
-2.61682 -0.15625

-2.625 -0.129234
-2.61654 -0.15625

-2.6875 0.0807221
-2.69007 0.09375

-2.68942 0.09375
-2.69458 0.125

-2.66807 0
-2.67618 0.03125

-2.67613 0.03125
-2.68318 0.0625

-2.6875 0.0864221
-2.68277 0.0625

-2.69462 0.125
-2.69847 0.15625

-2.69867 0.15625
-2.70075 0.1875

-2.70068 0.1875
-2.70076 0.21875

-2.70081 0.21875
-2.69895 0.25

-2.69908 0.25
-2.6949 0.28125

-2.69511 0.28125
-2.68791 0.3125

-2.69079 0.3125
-2.6875 0.321931

-2.6875 0.312656
-2.67664 0.34375

-2.67774 0.34375
-2.66162 0.375

-2.66412 0.375
-2.65625 0.387088

-2.65625 0.381864
-2.63724 0.40625

-2.6414 0.40625
-2.625 0.421818

-2.625 0.41878
-2.59788 0.4375

-2.59837 0.4375
-2.59375 0.440143

-2.59375 0.439522
-2.5625 0.452604

-2.5625 0.452069
-2.53125 0.459408

-2.53125 0.459067
-2.5 0.462417

-2.5 0.462171
-2.46875 0.462704

-2.46875 0.46252
-2.4375 0.461097

-2.4375 0.460964
-2.40625 0.458221

-2.40625 0.458122
-2.375 0.454525

-2.375 0.454413
-2.34375 0.450384

-2.34375 0.450334
-2.3125 0.446198

-2.3125 0.446147
-2.28125 0.442108

-2.28125 0.442026
-2.25 0.43835

-2.21875 0.435316
-2.2416 0.4375

-2.21875 0.435211
-2.1875 0.433216

-2.25 0.438156
-2.24314 0.4375

-2.1875 0.433176
-2.15625 0.432391

-2.15625 0.432459
-2.125 0.432829

-2.125 0.43298
-2.09375 0.434068

-2.09375 0.434184
-2.0625 0.435454

-2.0625 0.435521
-2.03125 0.436607

-2.03125 0.436624
-2 0.437359

2.0625 0.471547
2.09375 0.472576

2.09375 0.471727
2.125 0.469361

2.125 0.470691
2.15545 0.46875

2.15625 0.468614
2.1875 0.46806

2.15625 0.468877
2.16016 0.46875

2.21875 0.468113
2.20087 0.46875

2.1875 0.46896
2.19337 0.46875

2.21875 0.466273
2.25 0.465968

2.25 0.466971
2.27833 0.46875

2.27544 0.46875
2.28125 0.469235

2.28125 0.470507
2.3125 0.469584

2.3125 0.466327
2.34375 0.466048

2.34375 0.468723
2.34472 0.46875

2.34375 0.46905
2.375 0.469926

2.375 0.468024
2.40625 0.467852

2.4375 0.468647
2.4209 0.46875

2.40625 0.469268
2.4375 0.469075

2.4375 0.468216
2.46875 0.466887

2.46875 0.4663
2.5 0.466669

2.5 0.467754
2.52893 0.46875

2.53125 0.468218
2.5625 0.468491

2.53125 0.46885
2.5625 0.469214

2.59375 0.468416
2.57544 0.46875

2.5625 0.469226
2.5866 0.46875

2.59375 0.467646
2.625 0.466971

2.59375 0.469287
2.61565 0.46875

2.625 0.467598
2.65625 0.467373

-1.59375 0.438293
-1.5625 0.438374

-1.5625 0.438403
-1.53125 0.438414

-1.53125 0.438416
-1.5 0.438296

2.65625 0.467141
2.6875 0.466952

2.6875 0.466859
2.71875 0.467355

2.71875 0.467622
2.75 0.468457

2.75 0.468743
2.78125 0.468443

2.75 0.469082
2.78125 0.468783

2.78125 0.467852
2.8125 0.467032

2.8125 0.466772
2.84375 0.467499

-1.5 0.438276
-1.46875 0.438062

-1.46875 0.438033
-1.4375 0.43782

-1.4375 0.437793
-1.40625 0.437692

-1.40625 0.437678
-1.375 0.437772

-1.375 0.437772
-1.34375 0.43809

-1.34375 0.438088
-1.3125 0.438635

-1.3125 0.438595
-1.28125 0.439454

-1.28125 0.439436
-1.25 0.440724

-1.25 0.440743
-1.21875 0.44246

-1.21875 0.442476
-1.1875 0.44455

-1.1875 0.444505
-1.15625 0.446993

-1.15625 0.446994
-1.125 0.449983

-1.125 0.450063
-1.09375 0.453393

-1.09375 0.453509
-1.0625 0.456788

-1.0625 0.456789
-1.03125 0.459781

-1.03125 0.459815
-1 0.462451

2.875 0.468746
2.87394 0.46875

2.84375 0.468959
2.875 0.468832

2.875 0.467035
2.90625 0.466729

2.90625 0.467777
2.93628 0.46875

2.96875 0.468657
2.957 0.46875

2.9375 0.469048
2.96875 0.4688

-1 0.462467
-0.96875 0.464643

0.1875 0.468727
0.21875 0.467369

0.21875 0.467912
0.25 0.467394

0.25 0.467108
0.28125 0.466916

0.28125 0.467127
0.3125 0.467412

0.3125 0.467403
0.34375 0.467761

0.34375 0.467793
0.375 0.468177

0.375 0.468136
0.40625 0.468566

0.4375 0.468692
0.435215 0.46875

0.40625 0.469143
0.421727 0.46875

0.4375 0.467079
0.46875 0.466445

0.46875 0.467289
0.5 0.467864

2.96875 0.468156
3 0.46742

0.5 0.468085
0.53125 0.467741

0.53125 0.466913
0.5625 0.466863

0.5625 0.4673
0.59375 0.468327

0.625 0.46857
0.609337 0.46875

0.59375 0.469165
0.625 0.468808

0.625 0.467761
0.65625 0.466438

0.65625 0.466269
0.6875 0.466321

0.6875 0.46713
0.71875 0.467278

3 0.467771
3.03125 0.467098

3.03125 0.46601
3.0625 0.466874

3.0625 0.468169
3.07187 0.46875

3.07501 0.46875
3.09375 0.470415

3.09375 0.468562
3.125 0.468728

3.09375 0.470281
3.125 0.47057

0.71875 0.466399
0.75 0.466781

0.75 0.467514
0.78125 0.468423

0.78125 0.468365
0.8125 0.468452

0.8125 0.468308
0.84375 0.467978

3.125 0.468738
3.12555 0.46875

3.125 0.468823
3.15625 0.470168

3.15625 0.468508
3.16911 0.46875

3.15625 0.471156
3.1875 0.47233

3.1875 0.470419
3.21875 0.47092

0.84375 0.46794
0.875 0.467555

0.875 0.467737
0.90625 0.467007

0.90625 0.466182
0.9375 0.466392

0.9375 0.467306
0.96875 0.468278

0.96875 0.467865
1 0.468556

0.993397 0.46875
1 0.468942

3.21875 0.471798
3.25 0.47264

3.25 0.471168
3.28125 0.471856

3.28125 0.470459
3.3125 0.475354

1.03125 0.468618
1.02585 0.46875

1 0.469572
1.03125 0.468797

1.03125 0.466638
1.0625 0.466764

1.0625 0.469003
1.09375 0.469845

1.125 0.467875
1.09895 0.46875

1.09375 0.468761
1.09401 0.46875

1.125 0.467638
1.15625 0.467013

1.15625 0.467104
1.1875 0.467168

-0.96875 0.464647
-0.9375 0.466324

-0.9375 0.466304
-0.90625 0.467515

-0.90625 0.467506
-0.875 0.468308

-0.875 0.468315
-0.84375 0.468712

-0.84375 0.468698
-0.8125 0.4687

-0.8125 0.468649
-0.78125 0.468384

-0.78125 0.468329
-0.75 0.468007

-0.75 0.467925
-0.71875 0.467819

-0.71875 0.467828
-0.6875 0.468079

-0.6875 0.468345
-0.65625 0.468404

-0.65625 0.468504
-0.625 0.467641

-0.625 0.466942
-0.59375 0.466355

1.1875 0.467197
1.21875 0.467712

-0.59375 0.466903
-0.5625 0.466893

1.21875 0.467845
1.25 0.468486

1.25 0.468664
1.27919 0.46875

1.2576 0.46875
1.28125 0.468819

1.28125 0.468609
1.3125 0.468089

-0.5625 0.466334
-0.53125 0.466921

-0.53125 0.467585
-0.5 0.468559

-0.500652 0.46875
-0.5 0.468771

1.28125 0.468758
1.28174 0.46875

1.3125 0.467718
1.34375 0.467674

3.3125 0.475231
3.34375 0.477582

3.34375 0.475594
3.375 0.474921

3.375 0.474373
3.40625 0.477095

3.40625 0.476895
3.4375 0.479065

1.34375 0.468305
1.375 0.46792

-0.46875 0.467881
-0.488388 0.46875

3.4375 0.477765
3.46875 0.477891

3.46875 0.477516
3.5 0.478682

1.34375 0.46916
1.375 0.468927

1.375 0.466693
1.40625 0.466966

3.5 0.478108
3.53125 0.479714

3.53125 0.478988
3.5625 0.480107

3.5625 0.479294
3.59375 0.480487

3.59375 0.479746
3.625 0.481388

3.625 0.480804
3.65625 0.481699

3.65625 0.480874
3.6875 0.481704

3.6875 0.481122
3.71875 0.482697

-0.5 0.46927
-0.488234 0.46875

-0.46875 0.465717
-0.4375 0.464906

-0.4375 0.465979
-0.40625 0.467927

-0.402701 0.46875
-0.375 0.469785

1.37826 0.46875
1.40625 0.469198

1.40625 0.467123
1.42731 0.46875

1.41805 0.46875
1.4375 0.471158

1.4375 0.469654
1.46875 0.474068

1.46875 0.473823
1.5 0.473454

3.71875 0.480758
3.75 0.484254

-0.34375 0.468344
-0.355903 0.46875

-0.375 0.469636
-0.353228 0.46875

-0.34375 0.467913
-0.3125 0.466333

-0.3125 0.465369
-0.28125 0.466265

-0.283216 0.46875
-0.28125 0.468813

-0.28125 0.468369
-0.272925 0.46875

-0.267172 0.46875
-0.25 0.469534

1.5 0.474261
1.5311 0.46875

1.53125 0.466642
1.5625 0.467653

1.55036 0.46875
1.5625 0.469535

1.5625 0.471238
1.59375 0.47579

-0.21875 0.468432
-0.234897 0.46875

-0.25 0.468815
-0.247188 0.46875

-0.21875 0.468259
-0.1875 0.467106

-0.1875 0.466408
-0.15625 0.466319

1.59375 0.473125
1.625 0.47218

1.625 0.470664
1.65625 0.474474

3.75 0.483734
3.78125 0.485202

3.78125 0.4817
3.8125 0.485348

-0.15625 0.466962
-0.125 0.468046

3.8125 0.48394
3.84375 0.489792

1.65625 0.475955
1.6875 0.476969

1.6875 0.475057
1.71875 0.472111

1.71875 0.474524
1.75 0.472508

1.75 0.468658
1.75583 0.46875

1.75 0.471082
1.78125 0.472064

1.78125 0.473423
1.8125 0.475574

1.8125 0.474085
1.84375 0.473354

1.84375 0.474264
1.875 0.473272

1.875 0.473442
1.90625 0.472012

1.90625 0.471247
1.9375 0.47343

1.9375 0.473585
1.96875 0.476237

1.96875 0.478028
2 0.471951

3.84375 0.491158
3.875 0.482848

3.875 0.481784
3.90625 0.481783

-0.125 0.468607
-0.09375 0.468154

-0.125 0.469119
-0.0994479 0.46875

3.90625 0.483159
3.9375 0.490847

3.9375 0.489675
3.96875 0.483355

3.96875 0.485622
4 0.480726

-0.09375 0.466702
-0.0625 0.466499

-0.0625 0.467211
-0.0339373 0.46875

-0.0394385 0.46875
-0.03125 0.469351

-0.03125 0.470248
0 0.469689

