2 0.3
2.01562 0.299999

2.01562 0.299999
2.03125 0.299999

2.03125 0.299998
2.04688 0.299998

2.04688 0.299998
2.0625 0.299997

2.0625 0.299997
2.07812 0.299996

2.07812 0.299996
2.09375 0.299995

2.09375 0.299995
2.10938 0.299994

2.10938 0.299994
2.125 0.299993

2.125 0.299993
2.14062 0.299992

2.14062 0.299992
2.15625 0.299991

2.15625 0.299991
2.17188 0.299989

2.17188 0.299989
2.1875 0.299988

2.1875 0.299988
2.20312 0.299987

2.20312 0.299987
2.21875 0.299986

2.21875 0.299986
2.23438 0.299984

2.23438 0.299984
2.25 0.299983

2.25 0.299983
2.26562 0.299982

2.26562 0.299982
2.28125 0.29998

2.28125 0.29998
2.29688 0.299979

2.29688 0.299979
2.3125 0.299977

2.3125 0.299977
2.32812 0.299976

2.32812 0.299976
2.34375 0.299974

2.34375 0.299974
2.35938 0.299972

2.35938 0.299972
2.375 0.29997

2.375 0.29997
2.39062 0.299968

2.39062 0.299968
2.40625 0.299966

2.40625 0.299966
2.42188 0.299964

2.42188 0.299964
2.4375 0.299962

2.4375 0.299962
2.45312 0.29996

2.45312 0.29996
2.46875 0.299958

2.46875 0.299958
2.48438 0.299955

2.48438 0.299955
2.5 0.299953

2.5 0.299953
2.51562 0.29995

2.51562 0.29995
2.53125 0.299948

2.53125 0.299948
2.54688 0.299945

2.54688 0.299945
2.5625 0.299943

2.5625 0.299943
2.57812 0.29994

2.57812 0.29994
2.59375 0.299938

2.59375 0.299938
2.60938 0.299935

2.60938 0.299935
2.625 0.299932

2.625 0.299932
2.64062 0.29993

2.64062 0.29993
2.65625 0.299928

2.65625 0.299928
2.67188 0.299926

2.67188 0.299926
2.6875 0.299924

2.6875 0.299924
2.70312 0.299922

2.70312 0.299922
2.71875 0.29992

2.71875 0.29992
2.73438 0.299919

2.73438 0.299919
2.75 0.299918

2.75 0.299918
2.76562 0.299917

2.76562 0.299917
2.78125 0.299917

2.78125 0.299917
2.79688 0.299917

2.79688 0.299917
2.8125 0.299918

2.8125 0.299918
2.82812 0.299919

2.82812 0.299919
2.84375 0.299921

2.84375 0.299921
2.85938 0.299924

2.85938 0.299924
2.875 0.299928

2.875 0.299928
2.89062 0.299933

2.89062 0.299933
2.90625 0.299939

2.90625 0.299939
2.92188 0.299947

2.92188 0.299947
2.9375 0.299956

2.9375 0.299956
2.95312 0.299965

2.95312 0.299966
2.96875 0.299974

2.96875 0.299973
2.98438 0.29998

2.98438 0.29998
3 0.299988

3 0.299988
3.01562 0.299996

3.01562 0.299996
3.03125 0.300005

3.03125 0.300005
3.04688 0.300013

3.04688 0.300013
3.0625 0.300021

3.0625 0.300021
3.07812 0.30003

3.07812 0.300029
3.09375 0.300038

3.09375 0.300038
3.10938 0.300048

3.10938 0.300048
3.125 0.300057

3.125 0.300057
3.14062 0.300063

3.14062 0.300063
3.15625 0.300067

3.15625 0.300067
3.17188 0.300072

3.17188 0.300072
3.1875 0.300078

3.1875 0.300079
3.20312 0.300085

3.20312 0.300085
3.21875 0.300092

3.21875 0.300092
3.23438 0.300098

3.23438 0.300098
3.25 0.300104

3.25 0.300104
3.26562 0.300109

3.26562 0.300109
3.28125 0.300114

3.28125 0.300114
3.29688 0.300118

3.29688 0.300118
3.3125 0.300123

3.3125 0.300123
3.32812 0.300127

3.32812 0.300127
3.34375 0.30013

3.34375 0.30013
3.35938 0.300134

3.35938 0.300134
3.375 0.300137

3.375 0.300137
3.39062 0.30014

3.39062 0.30014
3.40625 0.300142

3.40625 0.300142
3.42188 0.300144

3.42188 0.300144
3.4375 0.300147

3.4375 0.300147
3.45312 0.300149

3.45312 0.300149
3.46875 0.30015

3.46875 0.30015
3.48438 0.300152

3.48438 0.300152
3.5 0.300153

3.5 0.300153
3.51562 0.300154

3.51562 0.300154
3.53125 0.300156

3.53125 0.300156
3.54688 0.300157

3.54688 0.300157
3.5625 0.300158

3.5625 0.300158
3.57812 0.300159

3.57812 0.300159
3.59375 0.30016

3.59375 0.30016
3.60938 0.300161

3.60938 0.300161
3.625 0.300162

3.625 0.300162
3.64062 0.300163

3.64062 0.300163
3.65625 0.300164

3.65625 0.300164
3.67188 0.300166

3.67188 0.300166
3.6875 0.300167

3.6875 0.300167
3.70312 0.300169

3.70312 0.300169
3.71875 0.300171

3.71875 0.300171
3.73438 0.300172

3.73438 0.300172
3.75 0.300174

3.75 0.300174
3.76562 0.300176

-1.625 0.299403
-1.60938 0.299447

-1.60938 0.299447
-1.59375 0.29949

-1.59375 0.29949
-1.57812 0.299531

-1.57812 0.299532
-1.5625 0.299572

-1.5625 0.299572
-1.54688 0.299611

-1.54688 0.299611
-1.53125 0.299648

-1.53125 0.299648
-1.51562 0.299684

-1.51562 0.299684
-1.5 0.299718

-1.5 0.299718
-1.48438 0.29975

-1.48438 0.29975
-1.46875 0.299781

-1.46875 0.299781
-1.45312 0.299809

-1.45312 0.299809
-1.4375 0.299836

-1.4375 0.299836
-1.42188 0.299861

-1.42188 0.299861
-1.40625 0.299883

-1.40625 0.299883
-1.39062 0.299904

-1.39062 0.299904
-1.375 0.299924

-1.375 0.299924
-1.35938 0.299941

-1.35938 0.299941
-1.34375 0.299957

-1.34375 0.299957
-1.32812 0.299971

-1.32812 0.299971
-1.3125 0.299984

-1.3125 0.299984
-1.29688 0.299995

-1.29688 0.299995
-1.28125 0.300005

-1.28125 0.300005
-1.26562 0.300014

-1.26562 0.300014
-1.25 0.300021

-1.25 0.300021
-1.23438 0.300028

-1.23438 0.300028
-1.21875 0.300033

-1.21875 0.300033
-1.20312 0.300037

-1.20312 0.300037
-1.1875 0.300041

-1.1875 0.300041
-1.17188 0.300044

-1.17188 0.300044
-1.15625 0.300046

-1.15625 0.300046
-1.14062 0.300047

-1.14062 0.300047
-1.125 0.300048

-1.125 0.300048
-1.10938 0.300048

-1.10938 0.300048
-1.09375 0.300048

-1.09375 0.300048
-1.07812 0.300048

-1.07812 0.300048
-1.0625 0.300047

-1.0625 0.300047
-1.04688 0.300046

-1.04688 0.300046
-1.03125 0.300045

-1.03125 0.300045
-1.01562 0.300043

-1.01562 0.300043
-1 0.300042

-1 0.300042
-0.984375 0.30004

-0.984375 0.30004
-0.96875 0.300038

-0.96875 0.300038
-0.953125 0.300036

-0.953125 0.300036
-0.9375 0.300034

-0.9375 0.300034
-0.921875 0.300032

-0.921875 0.300032
-0.90625 0.300031

-0.90625 0.300031
-0.890625 0.300029

-0.890625 0.300029
-0.875 0.300027

-0.875 0.300027
-0.859375 0.300025

-0.859375 0.300025
-0.84375 0.300023

-0.84375 0.300023
-0.828125 0.300021

-0.828125 0.300021
-0.8125 0.30002

-0.8125 0.30002
-0.796875 0.300018

-0.796875 0.300018
-0.78125 0.300017

-0.78125 0.300017
-0.765625 0.300015

-0.765625 0.300015
-0.75 0.300014

-0.75 0.300014
-0.734375 0.300013

-0.734375 0.300013
-0.71875 0.300012

-0.71875 0.300012
-0.703125 0.30001

-0.703125 0.30001
-0.6875 0.300009

-0.6875 0.300009
-0.671875 0.300008

-0.671875 0.300008
-0.65625 0.300007

-0.65625 0.300007
-0.640625 0.300007

-0.640625 0.300007
-0.625 0.300006

-0.625 0.300006
-0.609375 0.300005

0.5 0.299999
0.515625 0.3

0.515625 0.3
0.53125 0.3

0.53125 0.3
0.546875 0.3

0.546875 0.3
0.5625 0.300001

0.5625 0.300001
0.578125 0.300001

0.578125 0.300001
0.59375 0.300001

0.59375 0.300001
0.609375 0.300001

0.609375 0.300001
0.625 0.300001

0.625 0.300001
0.640625 0.300001

0.640625 0.300001
0.65625 0.3

0.65625 0.3
0.671875 0.3

0.671875 0.3
0.6875 0.299999

0.6875 0.299999
0.703125 0.299998

0.703125 0.299998
0.71875 0.299997

0.71875 0.299997
0.734375 0.299995

0.734375 0.299995
0.75 0.299994

0.75 0.299994
0.765625 0.299993

0.765625 0.299993
0.78125 0.299993

0.78125 0.299993
0.796875 0.299992

0.796875 0.299992
0.8125 0.299992

0.8125 0.299992
0.828125 0.299992

0.828125 0.299992
0.84375 0.299992

0.84375 0.299992
0.859375 0.299991

0.859375 0.299991
0.875 0.299991

0.875 0.299991
0.890625 0.299991

0.890625 0.299991
0.90625 0.299991

0.90625 0.299991
0.921875 0.299991

0.921875 0.299991
0.9375 0.299991

0.9375 0.299991
0.953125 0.299992

0.953125 0.299992
0.96875 0.299992

0.96875 0.299992
0.984375 0.299992

0.984375 0.299992
1 0.299993

1 0.299993
1.01562 0.299993

1.01562 0.299993
1.03125 0.299994

1.03125 0.299994
1.04688 0.299994

1.04688 0.299994
1.0625 0.299994

1.0625 0.299994
1.07812 0.299995

1.07812 0.299995
1.09375 0.299995

1.09375 0.299995
1.10938 0.299996

1.10938 0.299996
1.125 0.299996

1.125 0.299996
1.14062 0.299996

1.14062 0.299996
1.15625 0.299997

1.15625 0.299997
1.17188 0.299997

1.17188 0.299997
1.1875 0.299997

1.1875 0.299997
1.20312 0.299998

1.20312 0.299998
1.21875 0.299998

1.21875 0.299998
1.23438 0.299999

1.23438 0.299999
1.25 0.3

1.25 0.3
1.26562 0.3

1.26562 0.3
1.28125 0.300001

1.28125 0.300001
1.29688 0.300001

1.29688 0.300001
1.3125 0.300002

1.3125 0.300002
1.32812 0.300002

1.32812 0.300002
1.34375 0.300002

1.34375 0.300002
1.35938 0.300003

1.35938 0.300003
1.375 0.300003

1.375 0.300003
1.39062 0.300003

1.39062 0.300003
1.40625 0.300003

1.40625 0.300003
1.42188 0.300004

1.42188 0.300004
1.4375 0.300004

1.4375 0.300004
1.45312 0.300004

1.45312 0.300004
1.46875 0.300004

1.46875 0.300004
1.48438 0.300004

1.48438 0.300004
1.5 0.300004

1.5 0.300004
1.51562 0.300004

1.51562 0.300004
1.53125 0.300004

1.53125 0.300004
1.54688 0.300004

1.54688 0.300004
1.5625 0.300005

1.5625 0.300005
1.57812 0.300005

1.57812 0.300005
1.59375 0.300005

1.59375 0.300005
1.60938 0.300005

1.60938 0.300005
1.625 0.300005

1.625 0.300005
1.64062 0.300005

1.64062 0.300005
1.65625 0.300005

1.65625 0.300005
1.67188 0.300005

1.67188 0.300005
1.6875 0.300005

1.6875 0.300005
1.70312 0.300005

1.70312 0.300005
1.71875 0.300005

1.71875 0.300005
1.73438 0.300004

1.73438 0.300004
1.75 0.300004

1.75 0.300004
1.76562 0.300004

1.76562 0.300004
1.78125 0.300004

1.78125 0.300004
1.79688 0.300004

1.79688 0.300004
1.8125 0.300004

1.8125 0.300004
1.82812 0.300004

1.82812 0.300004
1.84375 0.300003

1.84375 0.300003
1.85938 0.300003

1.85938 0.300003
1.875 0.300003

1.875 0.300003
1.89062 0.300003

1.89062 0.300003
1.90625 0.300002

1.90625 0.300002
1.92188 0.300002

1.92188 0.300002
1.9375 0.300002

1.9375 0.300002
1.95312 0.300001

1.95312 0.300001
1.96875 0.300001

1.96875 0.300001
1.98438 0.3

1.98438 0.3
2 0.3

-0.609375 0.300005
-0.59375 0.300004

-0.59375 0.300004
-0.578125 0.300004

-0.578125 0.300004
-0.5625 0.300003

3.76562 0.300176
3.78125 0.300179

3.78125 0.300179
3.79688 0.300181

3.79688 0.300181
3.8125 0.300183

3.8125 0.300183
3.82812 0.300186

3.82812 0.300186
3.84375 0.300188

-0.5625 0.300003
-0.546875 0.300003

-4 0.300221
-3.98438 0.300225

-3.98438 0.300225
-3.96875 0.300229

-0.546875 0.300003
-0.53125 0.300002

-0.53125 0.300002
-0.515625 0.300002

-0.515625 0.300002
-0.5 0.300001

-0.5 0.300001
-0.484375 0.300001

-0.484375 0.300001
-0.46875 0.3

3.84375 0.300188
3.85938 0.300191

3.85938 0.300191
3.875 0.300193

3.875 0.300193
3.89062 0.300196

-3.96875 0.300229
-3.95312 0.300233

-3.95312 0.300233
-3.9375 0.300238

-3.9375 0.300238
-3.92188 0.300242

-3.92188 0.300242
-3.90625 0.300247

-0.46875 0.3
-0.453125 0.3

-0.453125 0.3
-0.4375 0.3

-0.4375 0.3
-0.421875 0.3

-0.421875 0.3
-0.40625 0.299999

-0.40625 0.299999
-0.390625 0.299999

-0.390625 0.299999
-0.375 0.299999

-0.375 0.299999
-0.359375 0.299998

-0.359375 0.299998
-0.34375 0.299998

-0.34375 0.299998
-0.328125 0.299998

-0.328125 0.299998
-0.3125 0.299998

3.89062 0.300196
3.90625 0.300199

3.90625 0.300199
3.92188 0.300203

3.92188 0.300203
3.9375 0.300206

3.9375 0.300206
3.95312 0.300209

3.95312 0.300209
3.96875 0.300213

3.96875 0.300213
3.98438 0.300217

3.98438 0.300217
4 0.300221

-0.3125 0.299998
-0.296875 0.299998

-0.296875 0.299998
-0.28125 0.299998

-0.28125 0.299998
-0.265625 0.299997

-0.265625 0.299997
-0.25 0.299997

-3.90625 0.300247
-3.89062 0.300252

-0.25 0.299997
-0.234375 0.299997

-0.234375 0.299997
-0.21875 0.299997

-0.21875 0.299997
-0.203125 0.299997

-3.89062 0.300252
-3.875 0.300256

-3.875 0.300256
-3.85938 0.300261

-3.85938 0.300261
-3.84375 0.300266

-3.84375 0.300266
-3.82812 0.300271

-3.82812 0.300271
-3.8125 0.300276

-3.8125 0.300276
-3.79688 0.30028

-3.79688 0.30028
-3.78125 0.300285

-3.78125 0.300285
-3.76562 0.30029

-3.76562 0.30029
-3.75 0.300295

-0.203125 0.299997
-0.1875 0.299997

-0.1875 0.299997
-0.171875 0.299996

-0.171875 0.299996
-0.15625 0.299996

-0.15625 0.299996
-0.140625 0.299996

-0.140625 0.299996
-0.125 0.299996

-0.125 0.299996
-0.109375 0.299996

-0.109375 0.299996
-0.09375 0.299996

-3.75 0.300295
-3.73438 0.300301

-3.73438 0.300301
-3.71875 0.300306

-3.71875 0.300306
-3.70312 0.300313

-0.09375 0.299996
-0.078125 0.299996

-0.078125 0.299996
-0.0625 0.299996

-0.0625 0.299996
-0.046875 0.299996

-0.046875 0.299996
-0.03125 0.299996

-0.03125 0.299996
-0.015625 0.299995

-0.015625 0.299995
0 0.299995

-3.70312 0.300313
-3.6875 0.300319

-3.6875 0.300319
-3.67188 0.300326

-3.67188 0.300326
-3.65625 0.300333

-3.65625 0.300334
-3.64062 0.300341

-3.64062 0.300341
-3.625 0.300348

-3.625 0.300348
-3.60938 0.300355

-3.60938 0.300355
-3.59375 0.300362

-3.59375 0.300362
-3.57812 0.300368

-3.57812 0.300368
-3.5625 0.300374

-3.5625 0.300374
-3.54688 0.30038

-3.54688 0.30038
-3.53125 0.300385

-3.53125 0.300385
-3.51562 0.30039

-3.51562 0.30039
-3.5 0.300395

-3.5 0.300395
-3.48438 0.300399

-3.48438 0.300399
-3.46875 0.300403

-3.46875 0.300403
-3.45312 0.300406

-3.45312 0.300406
-3.4375 0.300409

-3.4375 0.300409
-3.42188 0.300413

-3.42188 0.300413
-3.40625 0.300416

-3.40625 0.300416
-3.39062 0.300419

-3.39062 0.300419
-3.375 0.300422

-3.375 0.300422
-3.35938 0.300425

-3.35938 0.300425
-3.34375 0.300428

-3.34375 0.300428
-3.32812 0.300431

-3.32812 0.300431
-3.3125 0.300434

-3.3125 0.300434
-3.29688 0.300438

-3.29688 0.300438
-3.28125 0.300442

-3.28125 0.300442
-3.26562 0.300446

-3.26562 0.300446
-3.25 0.30045

-3.25 0.30045
-3.23438 0.300455

-3.23438 0.300455
-3.21875 0.30046

-3.21875 0.30046
-3.20312 0.300466

-3.20312 0.300466
-3.1875 0.300472

-3.1875 0.300472
-3.17188 0.300478

-3.17188 0.300478
-3.15625 0.300486

-3.15625 0.300486
-3.14062 0.300493

-3.14062 0.300493
-3.125 0.300501

-3.125 0.300501
-3.10938 0.30051

-3.10938 0.30051
-3.09375 0.300519

-3.09375 0.300519
-3.07812 0.300528

-3.07812 0.300528
-3.0625 0.300536

-3.0625 0.300537
-3.04688 0.300545

-3.04688 0.300545
-3.03125 0.300552

-3.03125 0.300552
-3.01562 0.300559

-3.01562 0.300559
-3 0.300565

-3 0.300565
-2.98438 0.30057

-2.98438 0.30057
-2.96875 0.300574

-2.96875 0.300574
-2.95312 0.300576

-2.95312 0.300576
-2.9375 0.300578

-2.9375 0.300578
-2.92188 0.300579

-2.92188 0.300579
-2.90625 0.300578

-2.90625 0.300578
-2.89062 0.300576

-2.89062 0.300576
-2.875 0.300574

0 0.299995
0.015625 0.299995

0.015625 0.299995
0.03125 0.299995

0.03125 0.299995
0.046875 0.299995

-2.875 0.300574
-2.85938 0.30057

-2.85938 0.30057
-2.84375 0.300565

0.046875 0.299995
0.0625 0.299995

0.0625 0.299995
0.078125 0.299995

0.078125 0.299995
0.09375 0.299995

0.09375 0.299995
0.109375 0.299995

0.109375 0.299995
0.125 0.299995

0.125 0.299995
0.140625 0.299995

0.140625 0.299995
0.15625 0.299995

0.15625 0.299995
0.171875 0.299995

0.171875 0.299995
0.1875 0.299995

0.1875 0.299995
0.203125 0.299995

-2.84375 0.300565
-2.82812 0.30056

-2.82812 0.30056
-2.8125 0.300553

0.203125 0.299995
0.21875 0.299995

0.21875 0.299995
0.234375 0.299995

-2.8125 0.300553
-2.79688 0.300545

-2.79688 0.300545
-2.78125 0.300537

0.234375 0.299995
0.25 0.299995

-2.78125 0.300537
-2.76562 0.300527

-2.76562 0.300527
-2.75 0.300516

0.25 0.299995
0.265625 0.299995

0.265625 0.299995
0.28125 0.299996

0.28125 0.299996
0.296875 0.299996

0.296875 0.299996
0.3125 0.299996

0.3125 0.299996
0.328125 0.299996

-2.75 0.300516
-2.73438 0.300504

-2.73438 0.300504
-2.71875 0.300491

0.328125 0.299996
0.34375 0.299996

0.34375 0.299996
0.359375 0.299997

0.359375 0.299997
0.375 0.299997

-2.71875 0.300491
-2.70312 0.300477

-2.70312 0.300477
-2.6875 0.300461

0.375 0.299997
0.390625 0.299997

0.390625 0.299997
0.40625 0.299997

-2.6875 0.300461
-2.67188 0.300444

-2.67188 0.300444
-2.65625 0.300426

-2.65625 0.300426
-2.64062 0.300406

-2.64062 0.300406
-2.625 0.300384

0.40625 0.299997
0.421875 0.299998

0.421875 0.299998
0.4375 0.299998

0.4375 0.299998
0.453125 0.299998

0.453125 0.299998
0.46875 0.299999

0.46875 0.299999
0.484375 0.299999

0.484375 0.299999
0.5 0.299999

-2.625 0.300384
-2.60938 0.300361

-2.60938 0.300361
-2.59375 0.300337

-2.59375 0.300337
-2.57812 0.300311

-2.57812 0.300311
-2.5625 0.300283

-2.5625 0.300283
-2.54688 0.300253

-2.54688 0.300253
-2.53125 0.300222

-2.53125 0.300222
-2.51562 0.30019

-2.51562 0.30019
-2.5 0.300156

-2.5 0.300156
-2.48438 0.300121

-2.48438 0.300121
-2.46875 0.300085

-2.46875 0.300085
-2.45312 0.300049

-2.45312 0.300049
-2.4375 0.300011

-2.4375 0.300011
-2.42188 0.299973

-2.42188 0.299973
-2.40625 0.299934

-2.40625 0.299935
-2.39062 0.299895

-2.39062 0.299895
-2.375 0.299853

-2.375 0.299853
-2.35938 0.299811

-2.35938 0.299811
-2.34375 0.299767

-2.34375 0.299767
-2.32812 0.299721

-2.32812 0.299721
-2.3125 0.299675

-2.3125 0.299675
-2.29688 0.299627

-2.29688 0.299627
-2.28125 0.299579

-2.28125 0.299579
-2.26562 0.299529

-2.26562 0.299529
-2.25 0.299479

-2.25 0.299479
-2.23438 0.299429

-2.23438 0.299429
-2.21875 0.299378

-2.21875 0.299378
-2.20312 0.299327

-2.20312 0.299327
-2.1875 0.299277

-2.1875 0.299277
-2.17188 0.299226

-2.17188 0.299226
-2.15625 0.299177

-2.15625 0.299177
-2.14062 0.299129

-2.14062 0.299129
-2.125 0.299082

-2.125 0.299082
-2.10938 0.299037

-2.10938 0.299037
-2.09375 0.298994

-2.09375 0.298994
-2.07812 0.298955

-2.07812 0.298955
-2.0625 0.298919

-2.0625 0.298919
-2.04688 0.298888

-2.04688 0.298888
-2.03125 0.29886

-2.03125 0.298861
-2.01562 0.298836

-2.01562 0.298836
-2 0.298814

-2 0.298814
-1.98438 0.298794

-1.98438 0.298794
-1.96875 0.298779

-1.96875 0.298779
-1.95312 0.29877

-1.95312 0.298771
-1.9375 0.298768

-1.9375 0.298768
-1.92188 0.298769

-1.92188 0.298769
-1.90625 0.298774

-1.90625 0.298774
-1.89062 0.298785

-1.89062 0.298785
-1.875 0.298801

-1.875 0.298801
-1.85938 0.298821

-1.85938 0.298821
-1.84375 0.298845

-1.84375 0.298845
-1.82812 0.298872

-1.82812 0.298872
-1.8125 0.298902

-1.8125 0.298903
-1.79688 0.298936

-1.79688 0.298936
-1.78125 0.298972

-1.78125 0.298972
-1.76562 0.29901

-1.76562 0.29901
-1.75 0.29905

-1.75 0.29905
-1.73438 0.299091

-1.73438 0.299092
-1.71875 0.299134

-1.71875 0.299135
-1.70312 0.299178

-1.70312 0.299179
-1.6875 0.299223

-1.6875 0.299223
-1.67188 0.299268

-1.67188 0.299268
-1.65625 0.299313

-1.65625 0.299314
-1.64062 0.299358

-1.64062 0.299359
-1.625 0.299403

