-3.96195 -0.5
-3.96177 -0.46875

-3.96185 -0.46875
-3.96116 -0.4375

-3.96108 -0.4375
-3.95988 -0.40625

-3.9599 -0.40625
-3.95831 -0.375

-3.95812 -0.375
-3.95651 -0.34375

-3.95662 -0.34375
-3.95515 -0.3125

0 -0.266097
0.03125 -0.271206

0.03125 -0.271338
0.0625 -0.27583

0.0625 -0.275902
0.09375 -0.279369

0.125 -0.281549
0.121017 -0.28125

0.09375 -0.279373
0.11873 -0.28125

-3.95519 -0.3125
-3.95353 -0.28125

-3.95358 -0.28125
-3.95154 -0.25

0.125 -0.281495
0.15625 -0.283171

0.15625 -0.283143
0.1875 -0.284599

0.1875 -0.28458
0.21875 -0.285911

0.21875 -0.285907
0.25 -0.287159

-3.95153 -0.25
-3.94905 -0.21875

-3.94907 -0.21875
-3.94615 -0.1875

-3.94619 -0.1875
-3.94271 -0.15625

-3.94276 -0.15625
-3.93857 -0.125

-3.93803 -0.125
-3.9375 -0.121817

-3.9375 -0.11719
-3.93361 -0.09375

-3.93351 -0.09375
-3.92705 -0.0625

-3.92698 -0.0625
-3.91931 -0.03125

-3.91923 -0.03125
-3.91065 0

-3.9096 0
-3.90625 0.0111805

-3.90625 0.0178352
-3.90223 0.03125

-3.90137 0.03125
-3.89106 0.0625

-3.8909 0.0625
-3.87982 0.09375

-3.87856 0.09375
-3.875 0.103292

-3.875 0.109216
-3.86911 0.125

-3.86827 0.125
-3.85581 0.15625

-3.85574 0.15625
-3.84375 0.184514

-3.84375 0.18517
-3.84276 0.1875

-3.84269 0.1875
-3.82836 0.21875

-3.82847 0.21875
-3.81251 0.25

-3.8125 0.250403
-3.79447 0.28125

-3.79543 0.28125
-3.78125 0.30165

-3.78125 0.299434
-3.77208 0.3125

-3.77337 0.3125
-3.75 0.33965

-3.75 0.33837
-3.74492 0.34375

-3.74651 0.34375
-3.71875 0.369442

-3.71875 0.367919
-3.70921 0.375

-3.71147 0.375
-3.6875 0.392166

-3.6875 0.391156
-3.65926 0.40625

-3.66398 0.40625
-3.65625 0.410249

-3.65625 0.408145
-3.625 0.419672

-3.625 0.419412
-3.59375 0.426544

-3.59375 0.426334
-3.5625 0.430009

-3.5625 0.429792
-3.53125 0.430862

-3.53125 0.43069
-3.5 0.429933

-3.5 0.429786
-3.46875 0.427839

-3.46875 0.427738
-3.4375 0.425097

-3.4375 0.425023
-3.40625 0.42204

-3.40625 0.421995
-3.375 0.418908

-3.375 0.418909
-3.34375 0.415807

-3.34375 0.415795
-3.3125 0.412702

-3.3125 0.412704
-3.28125 0.409641

-3.28125 0.409644
-3.25 0.4066

-2.0625 0.215032
-2.03125 0.215358

-2.03125 0.215376
-2 0.216488

0.25 -0.287165
0.28125 -0.288336

0.28125 -0.288348
0.3125 -0.289404

0.3125 -0.289417
0.34375 -0.290309

0.34375 -0.290322
0.375 -0.291

0.375 -0.29101
0.40625 -0.291427

0.40625 -0.291435
0.4375 -0.291552

0.4375 -0.291559
0.46875 -0.291346

0.46875 -0.291352
0.5 -0.290784

-2 0.216518
-1.96875 0.21832

2 -0.208491
2.03125 -0.209761

2.03125 -0.209766
2.0625 -0.211165

2.0625 -0.21117
2.09375 -0.212681

-1.96875 0.218302
-1.9626 0.21875

-1.96421 0.21875
-1.9375 0.220696

0.5 -0.290791
0.53125 -0.289842

-1.9375 0.220708
-1.90625 0.22324

-1.90625 0.223252
-1.875 0.225949

-1.875 0.225884
-1.84375 0.228853

-1.84375 0.228873
-1.8125 0.232204

-1.8125 0.232245
-1.78125 0.235817

-3.21875 0.403584
-3.24615 0.40625

-1.78125 0.235818
-1.75 0.239549

-3.25 0.406404
-3.24841 0.40625

0.53125 -0.289845
0.5625 -0.288497

0.5625 -0.288493
0.59375 -0.28675

0.59375 -0.286735
0.625 -0.284635

0.625 -0.284619
0.65625 -0.282225

0.65625 -0.282216
0.669209 -0.28125

-3.21875 0.403544
-3.1875 0.400535

0.665984 -0.28125
0.6875 -0.279646

2.09375 -0.212683
2.125 -0.214293

-1.75 0.239496
-1.71875 0.243488

2.125 -0.214291
2.15625 -0.215998

2.15625 -0.215995
2.1875 -0.217811

2.21875 -0.219795
2.20324 -0.21875

-3.1875 0.400531
-3.15625 0.397602

2.1875 -0.217762
2.20217 -0.21875

2.21875 -0.219837
2.25 -0.222387

-1.71875 0.243533
-1.6875 0.2478

0.6875 -0.279755
0.71875 -0.277771

2.25 -0.222438
2.28125 -0.225318

-3.15625 0.397598
-3.125 0.394769

-1.6875 0.247751
-1.67147 0.25

0.71875 -0.277839
0.75 -0.276018

-3.125 0.394786
-3.09375 0.392032

-3.09375 0.392063
-3.0625 0.389288

-3.0625 0.389278
-3.03125 0.386436

-1.67266 0.25
-1.65625 0.252302

2.28125 -0.225341
2.3125 -0.228405

-3.03125 0.386433
-3 0.383549

2.3125 -0.228411
2.34375 -0.2316

-1.65625 0.252245
-1.625 0.256622

-2.90625 0.374558
-2.91057 0.375

-2.90625 0.374517
-2.875 0.370952

-3 0.383554
-2.96875 0.380625

-2.96875 0.38064
-2.9375 0.377626

-2.9375 0.377643
-2.91169 0.375

-2.875 0.370981
-2.84375 0.366881

-2.84375 0.366883
-2.8125 0.362185

-2.8125 0.362154
-2.78125 0.356917

-2.78125 0.356892
-2.75 0.351231

-2.75 0.351231
-2.71875 0.345192

-2.6875 0.338915
-2.7105 0.34375

-2.71875 0.344151
-2.71684 0.34375

-2.6875 0.338669
-2.65625 0.331476

-2.65625 0.331393
-2.625 0.323802

-2.5625 0.308647
-2.57779 0.3125

-2.625 0.323749
-2.59375 0.316033

-2.59375 0.315596
-2.58146 0.3125

-2.5625 0.308263
-2.53125 0.300018

-2.53125 0.299911
-2.5 0.291441

2.34375 -0.231603
2.375 -0.234899

2.375 -0.234904
2.40625 -0.238292

2.40625 -0.238297
2.4375 -0.241757

2.4375 -0.241756
2.46875 -0.245279

2.46875 -0.245274
2.5 -0.24887

2.53125 -0.252699
2.51066 -0.25

2.53125 -0.252802
2.5625 -0.257727

2.5625 -0.257861
2.59375 -0.263262

2.59375 -0.263339
2.625 -0.268795

2.625 -0.26883
2.65625 -0.274117

-1.625 0.256632
-1.59375 0.260932

-2.3125 0.245255
-2.33507 0.25

-2.3125 0.245059
-2.28125 0.238635

-1.59375 0.260932
-1.5625 0.265134

0.75 -0.276056
0.78125 -0.274184

0.78125 -0.274209
0.8125 -0.272161

0.8125 -0.272175
0.84375 -0.269876

0.84375 -0.269877
0.875 -0.267298

0.875 -0.267289
0.90625 -0.264445

0.90625 -0.264446
0.9375 -0.261353

0.9375 -0.26136
0.96875 -0.258001

0.96875 -0.257999
1 -0.254364

-1.5625 0.265151
-1.53125 0.269225

-1.53125 0.269235
-1.5 0.273128

2.65625 -0.274113
2.6875 -0.279171

-1.5 0.273137
-1.46875 0.276813

2.71875 -0.284046
2.70253 -0.28125

2.6875 -0.279211
2.69932 -0.28125

2.71875 -0.284255
2.75 -0.290583

2.5 -0.248789
2.50924 -0.25

2.75 -0.290823
2.78125 -0.297669

2.78125 -0.297825
2.8125 -0.304399

-1.46875 0.276852
-1.4375 0.280217

2.875 -0.315503
2.85891 -0.3125

1 -0.254407
1.03125 -0.250526

2.8125 -0.304439
2.84375 -0.310349

-1.4375 0.280116
-1.42503 0.28125

1.03125 -0.25044
1.03508 -0.25

-1.42786 0.28125
-1.40625 0.283216

2.84375 -0.310504
2.85445 -0.3125

-1.40625 0.283172
-1.375 0.285266

2.875 -0.315774
2.90625 -0.322339

-2.28125 0.238534
-2.25 0.232383

1.02598 -0.25
1.03125 -0.249346

-2.5 0.291333
-2.46875 0.283068

-1.375 0.285317
-1.34375 0.286464

-1.34375 0.286516
-1.3125 0.286511

1.03296 -0.25
1.0625 -0.246601

-1.3125 0.286548
-1.28125 0.285212

-1.28125 0.285217
-1.25 0.282464

2.90625 -0.322635
2.9375 -0.329488

-1.09375 0.246233
-1.10489 0.25

2.9375 -0.32969
2.96875 -0.335833

-2.4375 0.275353
-2.46009 0.28125

2.96875 -0.33587
3 -0.340826

-2.46875 0.28191
-2.46622 0.28125

-2.4375 0.275014
-2.40625 0.266757

3.03125 -0.343901
3.03003 -0.34375

-1.09375 0.246125
-1.0625 0.233508

1.0625 -0.246726
1.09375 -0.24371

-1.0625 0.233397
-1.03125 0.218833

1.09375 -0.243791
1.125 -0.240987

-2.40625 0.266606
-2.375 0.258656

-1 0.202381
-1.03077 0.21875

-2.375 0.258568
-2.34375 0.251406

3 -0.340854
3.02328 -0.34375

-1.21875 0.278322
-1.2404 0.28125

1.125 -0.241026
1.15625 -0.238195

-2.34375 0.250529
-2.34124 0.25

1.15625 -0.238214
1.1875 -0.23524

-2.25 0.232281
-2.21875 0.226813

-2.21875 0.226748
-2.1875 0.222297

3.03125 -0.344367
3.0625 -0.347878

3.0625 -0.348135
3.09375 -0.351257

1.1875 -0.235245
1.21875 -0.23208

1.21875 -0.232078
1.25 -0.228712

3.09375 -0.351466
3.125 -0.353265

-1.25 0.282328
-1.24203 0.28125

1.25 -0.228699
1.28125 -0.225159

-1.21875 0.278251
-1.1875 0.272528

3.125 -0.353425
3.15625 -0.353165

-1.1875 0.272536
-1.15625 0.265317

-1.15625 0.265346
-1.125 0.256557

-2.1875 0.222275
-2.15625 0.219013

-1.125 0.256534
-1.10568 0.25

-2.125 0.21692
-2.15083 0.21875

-2.15625 0.218863
-2.15466 0.21875

1.28125 -0.225132
1.3125 -0.2215

3.15625 -0.353376
3.1875 -0.350313

-0.71875 -0.00344749
-0.723372 0

1.3125 -0.221589
1.33833 -0.21875

-0.71875 -0.00376368
-0.6875 -0.0265157

3.1875 -0.350783
3.21788 -0.34375

3.21829 -0.34375
3.21875 -0.343644

1.33166 -0.21875
1.34375 -0.217421

1.34375 -0.217839
1.375 -0.215052

-2.125 0.216895
-2.09375 0.215537

-0.625 -0.0686239
-0.634376 -0.0625

-2.09375 0.215535
-2.0625 0.215024

3.21875 -0.344184
3.21988 -0.34375

1.375 -0.215144
1.40625 -0.213041

1.40625 -0.213096
1.4375 -0.211384

-0.65625 -0.0480592
-0.680223 -0.03125

3.21875 -0.343361
3.25 -0.331371

-0.6875 -0.0279168
-0.682682 -0.03125

-0.65625 -0.0489717
-0.635668 -0.0625

-0.5 -0.135394
-0.522369 -0.125

-0.625 -0.0691065
-0.59375 -0.0879345

-0.5625 -0.104826
-0.58217 -0.09375

-0.59375 -0.0890925
-0.585479 -0.09375

-0.5625 -0.105726
-0.53125 -0.121701

-0.53125 -0.122898
-0.526726 -0.125

3.25 -0.33213
3.28125 -0.314245

3.28125 -0.315339
3.28524 -0.3125

3.28392 -0.3125
3.3125 -0.288272

3.3125 -0.289092
3.3201 -0.28125

3.31913 -0.28125
3.34375 -0.250768

3.34375 -0.251012
3.34444 -0.25

1.4375 -0.211409
1.46875 -0.209928

3.34375 -0.249811
3.36208 -0.21875

3.36155 -0.21875
3.375 -0.189056

1.46875 -0.209936
1.5 -0.208621

-0.875 0.118745
-0.883516 0.125

-0.96875 0.183865
-0.974855 0.1875

-0.96875 0.183581
-0.9375 0.163379

3.375 -0.18956
3.37593 -0.1875

1.5 -0.208622
1.53125 -0.207454

1.53125 -0.207452
1.5625 -0.20643

-1 0.202094
-0.975487 0.1875

3.37554 -0.1875
3.38682 -0.15625

-0.90625 0.141883
-0.926825 0.15625

1.5625 -0.206428
1.59375 -0.205559

1.59375 -0.205557
1.625 -0.204848

3.38639 -0.15625
3.39601 -0.125

-0.9375 0.16261
-0.928211 0.15625

-0.90625 0.141215
-0.884312 0.125

1.625 -0.204847
1.65625 -0.204301

1.65625 -0.204301
1.6875 -0.203921

3.39572 -0.125
3.40509 -0.09375

-0.875 0.118167
-0.84375 0.0943766

3.40498 -0.09375
3.40625 -0.0898859

1.6875 -0.203922
1.71875 -0.203706

1.71875 -0.203708
1.75 -0.203649

-0.8125 0.0700344
-0.842784 0.09375

-0.78125 0.0452421
-0.80287 0.0625

3.40625 -0.089258
3.41506 -0.0625

-0.75 0.0206895
-0.763618 0.03125

1.75 -0.203651
1.78125 -0.203742

1.78125 -0.203743
1.8125 -0.203979

3.41515 -0.0625
3.4268 -0.03125

3.42626 -0.03125
3.4375 -0.00472208

1.8125 -0.203979
1.84375 -0.204359

3.4375 -0.00861871
3.44115 0

-0.78125 0.0441948
-0.764742 0.03125

-0.8125 0.0687735
-0.804561 0.0625

1.84375 -0.204358
1.875 -0.204883

3.43986 0
3.45507 0.03125

3.4542 0.03125
3.46875 0.0557772

3.46875 0.0545595
3.47346 0.0625

3.47301 0.0625
3.4961 0.09375

3.49571 0.09375
3.5 0.0989776

-0.75 0.0198796
-0.723847 0

3.5 0.0982722
3.5238 0.125

-0.5 -0.136071
-0.46875 -0.14944

3.52323 0.125
3.53125 0.133093

1.875 -0.204882
1.90625 -0.205556

1.90625 -0.205556
1.9375 -0.206381

-0.4375 -0.160525
-0.448722 -0.15625

3.53125 0.132488
3.55754 0.15625

-0.46875 -0.149866
-0.451993 -0.15625

1.9375 -0.206381
1.96875 -0.207359

-0.4375 -0.160991
-0.40625 -0.17214

3.55645 0.15625
3.5625 0.161297

3.5625 0.160868
3.59375 0.183832

1.96875 -0.20736
2 -0.208488

-0.40625 -0.172455
-0.375 -0.182754

-0.34375 -0.191019
-0.355673 -0.1875

3.59375 0.183888
3.59987 0.1875

3.60082 0.1875
3.625 0.201781

-0.34375 -0.191523
-0.3125 -0.200578

-0.375 -0.18319
-0.360395 -0.1875

-0.3125 -0.200844
-0.28125 -0.209706

-0.28125 -0.209866
-0.25 -0.217683

3.625 0.201527
3.65625 0.216998

-0.09375 -0.250847
-0.0989473 -0.25

-0.09375 -0.25102
-0.0625 -0.255695

3.65625 0.216555
3.6614 0.21875

3.66031 0.21875
3.6875 0.230343

-0.0625 -0.255702
-0.03125 -0.260707

-0.03125 -0.260754
0 -0.265978

-0.21875 -0.224348
-0.242847 -0.21875

-0.21875 -0.224504
-0.1875 -0.232084

3.6875 0.230216
3.71875 0.241599

3.71875 0.241522
3.74602 0.25

-0.1875 -0.232347
-0.15625 -0.239788

-0.15625 -0.239978
-0.125 -0.246372

3.74605 0.25
3.75 0.251229

-0.125 -0.246481
-0.1034 -0.25

3.75 0.251272
3.78125 0.259402

3.78125 0.259402
3.8125 0.265874

3.8125 0.265878
3.84375 0.270686

3.84375 0.270671
3.875 0.273836

3.875 0.273788
3.90625 0.275435

3.90625 0.275396
3.9375 0.275699

3.9375 0.275612
3.96875 0.274824

3.96875 0.274283
4 0.273659

