-4 0.249348
-3.98869 0.25

-3.99244 0.25
-3.96875 0.251366

-3.96875 0.251362
-3.9375 0.253824

-3.9375 0.253848
-3.90625 0.256797

-3.90625 0.256824
-3.875 0.260156

2 0.249327
2.01166 0.25

2.00785 0.25
2.03125 0.251351

2.03125 0.251345
2.0625 0.253808

2.0625 0.253831
2.09375 0.256778

2.09375 0.256806
2.125 0.260137

2.125 0.26015
2.15625 0.263787

2.15625 0.2638
2.1875 0.267689

2.1875 0.267719
2.21875 0.271773

2.21875 0.271798
2.25 0.275909

2.25 0.275973
2.28125 0.279964

2.28125 0.280058
2.29244 0.28125

-3.875 0.260169
-3.84375 0.263806

-3.84375 0.263819
-3.8125 0.267708

-3.8125 0.267738
-3.78125 0.271791

-3.78125 0.271816
-3.75 0.275926

2.29086 0.28125
2.3125 0.283555

-3.75 0.27599
-3.71875 0.279978

-3.71875 0.280073
-3.70769 0.28125

-3.70925 0.28125
-3.6875 0.283564

-3.6875 0.283266
-3.65625 0.286002

-3.65625 0.285945
-3.625 0.288692

-3.625 0.288711
-3.59375 0.291546

2.3125 0.283256
2.34375 0.285993

-2 0.249375
-1.98921 0.25

2.34375 0.285935
2.375 0.288683

-1.9929 0.25
-1.96875 0.251398

2.375 0.288702
2.40625 0.291537

-3.59375 0.291551
-3.5625 0.294425

-3.5625 0.29442
-3.53125 0.297335

-3.53125 0.29733
-3.5 0.300305

2.40625 0.291541
2.4375 0.294415

2.4375 0.29441
2.46875 0.297324

2.46875 0.297319
2.5 0.300293

-3.5 0.300292
-3.46875 0.303362

-3.46875 0.303341
-3.4375 0.306575

-3.4375 0.306568
-3.40625 0.31002

-3.40625 0.31006
-3.38396 0.3125

-3.38656 0.3125
-3.375 0.313765

-3.375 0.3135
-3.34375 0.316766

-3.34375 0.316713
-3.3125 0.320079

-3.3125 0.320112
-3.28125 0.323616

-3.28125 0.323645
-3.25 0.327162

2.5 0.300281
2.53125 0.303351

2.53125 0.303329
2.5625 0.306562

2.5625 0.306555
2.59375 0.310008

2.59375 0.310048
2.61615 0.3125

2.61353 0.3125
2.625 0.313756

2.625 0.31349
2.65625 0.316758

2.65625 0.316704
2.6875 0.320071

2.6875 0.320104
2.71875 0.323609

2.71875 0.323638
2.75 0.327157

-3.25 0.327187
-3.21875 0.330612

-3.21875 0.330632
-3.1875 0.333877

-3.1875 0.33389
-3.15625 0.336889

-3.15625 0.336905
-3.125 0.339597

-3.125 0.339455
-3.09375 0.342092

-3.09375 0.342326
-3.07414 0.34375

-3.07631 0.34375
-3.0625 0.344753

-3.0625 0.344628
-3.03125 0.34599

-3.03125 0.345918
-3 0.346579

0 0.249348
0.0112298 0.25

-1.96875 0.251396
-1.9375 0.253859

0.00748224 0.25
0.03125 0.251379

0.03125 0.251374
0.0625 0.253838

0.0625 0.253861
0.09375 0.256808

0.09375 0.256835
0.125 0.260166

2.75 0.327182
2.78125 0.330609

0.125 0.260178
0.15625 0.263815

0.15625 0.263829
0.1875 0.26772

0.1875 0.26775
0.21875 0.271806

2.78125 0.330629
2.8125 0.333876

0.21875 0.271831
0.25 0.275943

-3 0.346582
-2.96875 0.346677

-1.9375 0.253883
-1.90625 0.256831

0.25 0.276008
0.28125 0.279995

2.8125 0.333889
2.84375 0.336888

2.84375 0.336905
2.875 0.339598

2.875 0.339454
2.90625 0.342097

2.90625 0.342336
2.92571 0.34375

2.92348 0.34375
2.9375 0.344769

-1.90625 0.256858
-1.875 0.26019

-2.96875 0.346672
-2.9375 0.346207

-2.9375 0.346209
-2.90625 0.345192

-2.875 0.3436
-2.87773 0.34375

-2.90625 0.345258
-2.87875 0.34375

-2.875 0.343583
-2.84375 0.340964

-2.84375 0.340873
-2.8125 0.337464

-2.8125 0.337404
-2.78125 0.333511

-2.78125 0.333448
-2.75 0.329318

-1.875 0.260202
-1.84375 0.263839

2.9375 0.344638
2.96875 0.345998

-2.75 0.329261
-2.71875 0.325134

-1.84375 0.263852
-1.8125 0.267742

2.96875 0.345929
3 0.346591

-1.8125 0.267772
-1.78125 0.271827

-1.78125 0.271852
-1.75 0.275961

-2.71875 0.325104
-2.6875 0.321154

-1.75 0.276026
-1.71875 0.280009

-1.71875 0.280103
-1.70795 0.28125

-1.70948 0.28125
-1.6875 0.283583

0.28125 0.280089
0.292168 0.28125

3 0.346593
3.03125 0.34669

3.03125 0.346685
3.0625 0.346222

3.0625 0.346223
3.09375 0.345209

3.125 0.343623
3.12268 0.34375

3.09375 0.345275
3.12166 0.34375

0.290624 0.28125
0.3125 0.283576

-2.6875 0.321145
-2.65625 0.317449

-2.65625 0.317522
-2.625 0.313954

-2.59375 0.310101
-2.61052 0.3125

-2.59375 0.309519
-2.5625 0.304071

-2.625 0.314146
-2.61349 0.3125

-2.5625 0.303699
-2.53125 0.298828

-2.53125 0.298928
-2.5 0.295181

0.3125 0.283279
0.34375 0.286015

-2.5 0.295273
-2.46875 0.292267

3.125 0.343608
3.15625 0.340995

3.15625 0.340903
3.1875 0.337497

3.1875 0.337436
3.21875 0.333543

3.21875 0.33348
3.25 0.329348

3.25 0.32929
3.28125 0.32516

3.28125 0.32513
3.3125 0.321176

3.3125 0.321167
3.34375 0.317468

3.34375 0.317539
3.375 0.313972

3.40625 0.31013
3.38967 0.3125

3.40625 0.309548
3.4375 0.3041

3.375 0.314165
3.38665 0.3125

-2.46875 0.292291
-2.4375 0.289795

3.4375 0.303723
3.46875 0.298845

3.46875 0.298944
3.5 0.295193

-2.4375 0.289803
-2.40625 0.287755

-2.40625 0.287792
-2.375 0.2861

-2.375 0.286147
-2.34375 0.284642

-2.34375 0.284683
-2.3125 0.283188

-2.3125 0.283341
-2.28125 0.281467

-1.6875 0.283287
-1.65625 0.28602

3.5 0.295286
3.53125 0.292278

3.53125 0.292302
3.5625 0.289804

3.5625 0.289812
3.59375 0.28776

3.59375 0.287798
3.625 0.286104

-1.65625 0.285965
-1.625 0.288712

-1.625 0.288731
-1.59375 0.291565

-1.59375 0.291569
-1.5625 0.294443

-1.5625 0.294438
-1.53125 0.297351

-1.53125 0.297347
-1.5 0.300321

0.34375 0.285959
0.375 0.288708

-2.25 0.278347
-2.27352 0.28125

0.375 0.288727
0.40625 0.291563

0.40625 0.291567
0.4375 0.294442

0.4375 0.294437
0.46875 0.297352

0.46875 0.297347
0.5 0.300322

-1.5 0.300308
-1.46875 0.303378

-1.46875 0.303357
-1.4375 0.306591

-1.4375 0.306583
-1.40625 0.310036

-1.40625 0.310076
-1.38409 0.3125

-1.38669 0.3125
-1.375 0.313779

-1.375 0.313514
-1.34375 0.31678

-1.34375 0.316727
-1.3125 0.320094

-1.3125 0.320127
-1.28125 0.323632

-1.28125 0.323661
-1.25 0.327179

-2.28125 0.28174
-2.27728 0.28125

3.625 0.286151
3.65625 0.284644

-2.0625 0.249283
-2.0786 0.25

0.5 0.300309
0.53125 0.303379

-2.0625 0.249215
-2.03125 0.248782

-2.03125 0.248649
-2 0.249366

0.53125 0.303358
0.5625 0.306591

-1.25 0.327203
-1.21875 0.33063

3.65625 0.284685
3.6875 0.283189

3.6875 0.283342
3.71875 0.281468

3.75 0.278348
3.72649 0.28125

3.71875 0.281741
3.72273 0.28125

0.5625 0.306584
0.59375 0.310036

3.9375 0.249289
3.92164 0.25

0.59375 0.310076
0.615916 0.3125

-2.25 0.277921
-2.21875 0.271458

-2.21875 0.270853
-2.1875 0.263672

-2.1875 0.263353
-2.15625 0.257299

-1.21875 0.33065
-1.1875 0.333895

-2.15625 0.25729
-2.125 0.253018

-1.1875 0.333908
-1.15625 0.336906

-1.15625 0.336923
-1.125 0.339615

-2.125 0.253103
-2.09375 0.250463

-1.125 0.339469
-1.09375 0.342111

0.613319 0.3125
0.625 0.313778

-1.09375 0.342353
-1.07448 0.34375

-1.07672 0.34375
-1.0625 0.344781

-1.0625 0.344646
-1.03125 0.345999

-1.03125 0.34593
-1 0.346587

0.625 0.313513
0.65625 0.316777

0.65625 0.316725
0.6875 0.32009

0.6875 0.320124
0.71875 0.323627

-1 0.34659
-0.96875 0.346681

0.71875 0.323656
0.75 0.327174

3.9375 0.249222
3.96875 0.248775

0.75 0.327198
0.78125 0.330624

3.96875 0.248638
4 0.249338

0.78125 0.330644
0.8125 0.333889

3.75 0.277921
3.78125 0.271459

-0.96875 0.346675
-0.9375 0.346206

-2.09375 0.2504
-2.08476 0.25

-0.9375 0.346208
-0.90625 0.345187

-0.875 0.343591
-0.877899 0.34375

-0.90625 0.345253
-0.878921 0.34375

0.8125 0.333902
0.84375 0.3369

0.84375 0.336917
0.875 0.339609

0.875 0.339463
0.90625 0.342107

0.90625 0.342348
0.925552 0.34375

0.923303 0.34375
0.9375 0.344781

0.9375 0.344646
0.96875 0.346001

0.96875 0.345933
1 0.346592

3.78125 0.270854
3.8125 0.263676

3.8125 0.263358
3.84375 0.25731

3.84375 0.257303
3.875 0.253035

1 0.346594
1.03125 0.346688

3.875 0.253122
3.90625 0.250478

1.03125 0.346683
1.0625 0.346218

-0.875 0.343572
-0.84375 0.340947

3.90625 0.250414
3.91548 0.25

-0.84375 0.340856
-0.8125 0.337444

1.0625 0.346219
1.09375 0.345202

1.125 0.343613
1.12249 0.34375

1.09375 0.345268
1.12146 0.34375

-0.8125 0.337383
-0.78125 0.333489

-0.78125 0.333427
-0.75 0.329298

1.125 0.343596
1.15625 0.340979

1.15625 0.340887
1.1875 0.33748

1.1875 0.337419
1.21875 0.333526

1.21875 0.333463
1.25 0.329333

-0.75 0.329241
-0.71875 0.325117

1.25 0.329276
1.28125 0.325148

1.28125 0.325118
1.3125 0.321168

1.3125 0.321159
1.34375 0.317464

-0.71875 0.325088
-0.6875 0.32114

-0.6875 0.321131
-0.65625 0.317439

-0.65625 0.317513
-0.625 0.313945

-0.59375 0.310087
-0.610608 0.3125

-0.59375 0.309507
-0.5625 0.304061

1.34375 0.317535
1.375 0.31397

1.40625 0.310131
1.38966 0.3125

1.40625 0.30955
1.4375 0.304104

1.375 0.314163
1.38665 0.3125

1.4375 0.303728
1.46875 0.298853

1.46875 0.298951
1.5 0.295199

-0.625 0.314137
-0.613565 0.3125

-0.5625 0.30369
-0.53125 0.298824

-0.53125 0.298924
-0.5 0.295179

1.5 0.295291
1.53125 0.292283

1.53125 0.292307
1.5625 0.289809

1.5625 0.289816
1.59375 0.287766

1.59375 0.287803
1.625 0.286109

1.625 0.286156
1.65625 0.284649

1.65625 0.28469
1.6875 0.283193

1.6875 0.283345
1.71875 0.281471

-0.5 0.29527
-0.46875 0.292265

-0.46875 0.292288
-0.4375 0.289793

-0.4375 0.289801
-0.40625 0.287754

-0.40625 0.287792
-0.375 0.2861

1.75 0.278353
1.72653 0.28125

1.71875 0.281745
1.72276 0.28125

-0.375 0.286147
-0.34375 0.284642

-0.34375 0.284683
-0.3125 0.283187

-0.3125 0.283341
-0.28125 0.281463

-0.25 0.278332
-0.27358 0.28125

-0.28125 0.281735
-0.277333 0.28125

1.9375 0.249272
1.92125 0.25

1.9375 0.249206
1.96875 0.248756

1.96875 0.248617
2 0.249316

1.75 0.277927
1.78125 0.27146

1.78125 0.270854
1.8125 0.263669

-0.0625 0.249258
-0.0791713 0.25

-0.0625 0.249193
-0.03125 0.248755

1.8125 0.26335
1.84375 0.257295

1.84375 0.257287
1.875 0.253016

1.875 0.253101
1.90625 0.250459

1.90625 0.250396
1.9151 0.25

-0.03125 0.24862
0 0.249337

-0.25 0.277904
-0.21875 0.271431

-0.21875 0.270827
-0.1875 0.263642

-0.1875 0.263325
-0.15625 0.25727

-0.15625 0.257261
-0.125 0.25299

-0.125 0.253072
-0.09375 0.250436

-0.09375 0.250376
-0.0852951 0.25

