-3.78431 -0.5
-3.78125 -0.491245

-3.78125 -0.497426
-3.75167 -0.46875

-3.7503 -0.46875
-3.75 -0.468652

2 0.470537
2.03125 0.474979

2.03125 0.474889
2.0625 0.479046

-3.71875 -0.497114
-3.74857 -0.46875

-3.75 -0.468423
-3.74897 -0.46875

-3.71875 -0.489398
-3.71496 -0.5

-3.62829 -0.5
-3.625 -0.490831

-3.62205 -0.5
-3.59375 -0.47238

-3.59375 -0.489301
-3.5625 -0.484679

-3.5625 -0.4871
-3.53125 -0.482596

2.0625 0.478912
2.09375 0.474918

2.09375 0.474897
2.125 0.47105

-3.53125 -0.484506
-3.5 -0.48379

-2 0.467908
-1.96875 0.468014

-1.96875 0.467242
-1.9375 0.467429

-1.9375 0.468604
-1.90625 0.468041

-1.9375 0.468865
-1.9311 0.46875

-1.90625 0.466414
-1.875 0.466004

-1.875 0.466573
-1.84375 0.468444

-1.84595 0.46875
-1.84375 0.468924

-1.84375 0.470353
-1.8125 0.469551

-1.8125 0.466318
-1.78125 0.465518

-1.78125 0.467739
-1.75667 0.46875

-3.5 -0.469441
-3.46875 -0.499302

-1.71875 0.468124
-1.74478 0.46875

-3.46875 -0.489451
-3.46494 -0.5

2.125 0.47105
2.15625 0.475086

2.15625 0.475065
2.1875 0.478955

2.1875 0.478721
2.21875 0.475195

-1.71875 0.467171
-1.6875 0.466529

-1.6875 0.466976
-1.65625 0.467435

-1.65625 0.467746
-1.625 0.467792

-1.625 0.466962
-1.59375 0.467632

-1.59375 0.46864
-1.5625 0.468669

2.21875 0.475038
2.25 0.471931

-1.59375 0.469191
-1.5625 0.46922

-2.52247 -0.5
-2.52242 -0.46875

-2.52245 -0.46875
-2.52223 -0.4375

-2.52193 -0.4375
-2.52207 -0.40625

2.25 0.471755
2.28125 0.475948

-1.5625 0.467899
-1.53125 0.466808

-1.53125 0.466301
-1.5 0.467555

2.28125 0.475754
2.3125 0.479601

2.3125 0.478948
2.34375 0.476398

-2.52205 -0.40625
-2.52322 -0.375

-2.52323 -0.375
-2.52543 -0.34375

-2.52543 -0.34375
-2.52862 -0.3125

2.34375 0.476288
2.375 0.474073

-1.5 0.469748
-1.46875 0.469973

-1.46875 0.467927
-1.4375 0.466823

-2.53125 -0.298367
-2.53356 -0.28125

-2.5329 -0.28125
-2.538 -0.25

-2.53125 -0.289254
-2.52812 -0.3125

-1.46875 0.468819
-1.46739 0.46875

-2.5625 -0.147557
-2.56913 -0.125

2.375 0.473971
2.40625 0.476945

-1.4375 0.467852
-1.40625 0.46713

-1.4375 0.469235
-1.4165 0.46875

2.40625 0.476776
2.4375 0.479534

2.4375 0.479983
2.46875 0.476236

-2.53796 -0.25
-2.54386 -0.21875

-2.54383 -0.21875
-2.55066 -0.1875

-2.5506 -0.1875
-2.55856 -0.15625

-2.5625 -0.137082
-2.55687 -0.15625

2.46875 0.47654
2.5 0.472488

0 0.466983
0.03125 0.46605

0.03125 0.464399
0.0625 0.466848

2.5 0.472751
2.53125 0.475363

-2.56786 -0.125
-2.57802 -0.09375

-2.57803 -0.09375
-2.58894 -0.0625

-2.59375 -0.0535214
-2.60185 -0.03125

-2.60066 -0.03125
-2.61177 0

-2.59375 -0.0445996
-2.58724 -0.0625

-2.625 0.0385262
-2.63275 0.0625

-2.63247 0.0625
-2.64188 0.09375

-2.64197 0.09375
-2.65055 0.125

-2.65625 0.150542
-2.6576 0.15625

-2.65806 0.15625
-2.66391 0.1875

-2.65625 0.148255
-2.65077 0.125

-2.66397 0.1875
-2.66809 0.21875

-2.66819 0.21875
-2.67025 0.25

-2.61168 0
-2.62229 0.03125

-2.625 0.041441
-2.62171 0.03125

-2.67041 0.25
-2.6699 0.28125

-2.67024 0.28125
-2.66617 0.3125

-2.66615 0.3125
-2.65786 0.34375

-2.65754 0.34375
-2.65625 0.34677

-2.65625 0.348859
-2.64502 0.375

-2.64557 0.375
-2.625 0.406104

-2.625 0.403806
-2.62324 0.40625

-2.625 0.406868
-2.59497 0.4375

-2.59464 0.4375
-2.59375 0.438247

-2.59338 0.4375
-2.5625 0.460541

-2.5625 0.464353
-2.54899 0.46875

-2.5489 0.46875
-2.53125 0.474529

-2.53125 0.468689
-2.5 0.468065

-2.53125 0.469932
-2.50559 0.46875

-2.5 0.468121
-2.46875 0.468249

-2.46875 0.468368
-2.4375 0.468735

-2.46875 0.469063
-2.4375 0.46957

-2.40625 0.468454
-2.43029 0.46875

-2.4375 0.469363
-2.40876 0.46875

-2.40625 0.468313
-2.375 0.468372

-2.38735 0.46875
-2.375 0.468776

-1.40625 0.465739
-1.375 0.466133

2.53125 0.475497
2.5625 0.478755

2.5625 0.479877
2.59375 0.474751

2.59375 0.474945
2.625 0.469054

2.625 0.469576
2.65625 0.473271

2.65625 0.473572
2.6875 0.477817

2.6875 0.475894
2.71875 0.475442

2.71875 0.47542
2.75 0.475065

2.75 0.475187
2.78125 0.475439

2.78125 0.475497
2.8125 0.475493

2.8125 0.47628
2.84375 0.474338

2.84375 0.474423
2.875 0.472683

2.875 0.472572
2.90625 0.474566

2.90625 0.474487
2.9375 0.476606

2.9375 0.47775
2.96875 0.473626

2.96875 0.472538
3 0.470306

3 0.468625
3.00891 0.46875

3 0.473027
3.03125 0.473902

3.03125 0.471117
3.0625 0.473476

3.0625 0.47685
3.09375 0.474779

3.09375 0.47032
3.125 0.47013

3.125 0.473
3.15625 0.478251

3.15625 0.476256
3.1875 0.474696

3.1875 0.475964
3.21875 0.472167

3.21875 0.472894
3.25 0.470463

3.25 0.46887
3.28125 0.474399

3.28125 0.474588
3.3125 0.479827

3.3125 0.479905
3.34375 0.473843

3.34375 0.471572
3.375 0.47072

3.375 0.474706
3.40625 0.477338

3.40625 0.475271
3.4375 0.472283

3.4375 0.472076
3.46875 0.473991

3.46875 0.475183
3.5 0.476202

3.5 0.47549
3.53125 0.472615

3.53125 0.473809
3.5625 0.471827

3.5625 0.470488
3.59375 0.473652

3.59375 0.474226
3.625 0.477738

3.625 0.476557
3.65625 0.474607

3.65625 0.474715
3.6875 0.473348

3.6875 0.473308
3.71875 0.475121

3.71875 0.474917
3.75 0.476772

3.75 0.477711
3.78125 0.474427

3.78125 0.473801
3.8125 0.47132

3.8125 0.472517
3.84375 0.474659

3.84375 0.473406
3.875 0.475999

3.875 0.475806
3.90625 0.476556

3.90625 0.475718
3.9375 0.475188

3.9375 0.47505
3.96875 0.47625

3.96875 0.476152
4 0.477155

-2.34375 0.468626
-2.34703 0.46875

-2.375 0.46958
-2.35293 0.46875

-2.34375 0.466631
-2.3125 0.465371

-2.3125 0.465751
-2.28125 0.467282

-2.27445 0.46875
-2.25 0.469553

-2.25 0.468659
-2.21875 0.468477

-2.21875 0.468522
-2.20514 0.46875

-2.18857 0.46875
-2.1875 0.468783

-2.1875 0.470167
-2.15625 0.469065

-2.15625 0.467144
-2.125 0.465852

-2.125 0.466886
-2.09375 0.467178

-2.09375 0.467109
-2.0625 0.467057

-2.0625 0.466919
-2.03125 0.466939

-2.03125 0.466866
-2 0.467382

-1.375 0.468184
-1.34375 0.468198

-1.375 0.468994
-1.34375 0.469008

-1.34375 0.465296
-1.3125 0.466629

-1.3125 0.46945
-1.28125 0.472766

-1.28125 0.473228
-1.25441 0.46875

0.0544739 0.46875
0.0625 0.469721

0.0625 0.471538
0.09375 0.471289

0.09375 0.466075
0.125 0.464675

-1.25 0.463546
-1.21875 0.462529

0.125 0.467967
0.141058 0.46875

0.147061 0.46875
0.15625 0.469198

0.15625 0.468637
0.1875 0.468203

0.1875 0.46797
0.21875 0.467525

-1.21875 0.467555
-1.20663 0.46875

-1.19588 0.46875
-1.1875 0.469646

-1.15625 0.468436
-1.17037 0.46875

-1.1875 0.469524
-1.15625 0.469016

-1.15625 0.46718
-1.125 0.466877

-1.15625 0.469275
-1.125 0.468939

-1.125 0.467882
-1.09375 0.468392

-1.125 0.468911
-1.09375 0.4695

-1.09375 0.468186
-1.0625 0.467593

-1.09375 0.469675
-1.0625 0.468855

-1.0625 0.467094
-1.03125 0.467715

-1.03289 0.46875
-1.03125 0.468798

-1.03125 0.468341
-1 0.468739

-1.03125 0.469624
-1 0.470092

0.21875 0.467631
0.25 0.467431

0.25 0.46763
0.28125 0.467063

0.28125 0.466305
0.3125 0.466489

-1 0.468645
-0.96875 0.467472

-1 0.469451
-0.987261 0.46875

-0.96875 0.46757
-0.9375 0.467003

0.3125 0.467824
0.34375 0.467605

0.34375 0.465478
0.375 0.466442

0.375 0.468858
0.40625 0.470426

0.4375 0.468694
0.436214 0.46875

0.40625 0.469544
0.419928 0.46875

0.4375 0.466898
0.46875 0.466914

-0.96875 0.46889
-0.961915 0.46875

-0.9375 0.466734
-0.90625 0.467403

-0.90625 0.468706
-0.875 0.468459

0.46875 0.46862
0.471746 0.46875

0.484774 0.46875
0.5 0.469623

-0.90625 0.468919
-0.884855 0.46875

-0.875 0.46719
-0.84375 0.465959

-0.84375 0.466031
-0.8125 0.466328

-0.8125 0.466502
-0.78125 0.467836

0.5 0.470274
0.53125 0.468963

0.53125 0.467465
0.5625 0.465627

0.5625 0.465184
0.59375 0.466703

0.59375 0.46898
0.625 0.470192

-0.75 0.46863
-0.780116 0.46875

-0.78125 0.468968
-0.75 0.468844

0.625 0.468617
0.65625 0.468119

0.6875 0.468212
0.668895 0.46875

0.6875 0.466988
0.71875 0.466132

0.71875 0.466328
0.75 0.46743

-0.75 0.467139
-0.71875 0.466703

-0.71875 0.467675
-0.6875 0.468277

0.78125 0.468618
0.767309 0.46875

0.75 0.468912
0.767185 0.46875

0.78125 0.466353
0.8125 0.466226

0.8125 0.467999
0.832404 0.46875

0.84375 0.468493
0.875 0.468737

0.862129 0.46875
0.875 0.468901

0.875 0.469117
0.90625 0.46888

0.9375 0.467607
0.906738 0.46875

-0.6875 0.468109
-0.65625 0.468143

-0.65625 0.468009
-0.625 0.468081

-0.625 0.468625
-0.59375 0.467916

-0.59375 0.466559
-0.5625 0.466695

-0.5625 0.468157
-0.539607 0.46875

-0.536041 0.46875
-0.53125 0.468874

-0.53125 0.468544
-0.5 0.467945

-0.53125 0.468777
-0.529866 0.46875

0.90625 0.468893
0.909719 0.46875

-0.5 0.467277
-0.46875 0.467411

-0.46875 0.468426
-0.4375 0.468585

-0.446527 0.46875
-0.4375 0.468796

-0.4375 0.46785
-0.40625 0.467474

-0.40625 0.467577
-0.375 0.46794

-0.375 0.468677
-0.34375 0.468102

-0.34375 0.467087
-0.3125 0.46613

-0.3125 0.466038
-0.28125 0.466789

-0.299296 0.46875
-0.28125 0.469203

-0.28125 0.467726
-0.25 0.468364

-0.264224 0.46875
-0.25 0.469038

0.9375 0.466877
0.96875 0.466475

-0.25 0.467755
-0.21875 0.467624

-0.25 0.468942
-0.21875 0.468808

-0.21875 0.467516
-0.1875 0.468059

0.96875 0.466987
1 0.467796

-0.201147 0.46875
-0.1875 0.469024

-0.1875 0.468294
-0.167873 0.46875

-0.180347 0.46875
-0.15625 0.469511

-0.125 0.468435
-0.13148 0.46875

-0.15625 0.470144
-0.130137 0.46875

-0.125 0.465876
-0.09375 0.46584

-0.0924028 0.46875
-0.0625 0.46975

-0.0625 0.468369
-0.03125 0.467529

-0.03125 0.467907
0 0.467191

1 0.467699
1.02706 0.46875

1.03125 0.470309
1.0625 0.469331

1.0625 0.467355
1.09375 0.465323

1.09375 0.465236
1.125 0.466275

1.125 0.467912
1.15625 0.468747

1.14197 0.46875
1.15625 0.469132

1.15625 0.467067
1.1875 0.467778

1.1858 0.46875
1.1875 0.468816

1.1875 0.470312
1.21875 0.469367

1.21875 0.46594
1.25 0.465133

1.25 0.467174
1.27174 0.46875

1.27728 0.46875
1.28125 0.469121

1.28125 0.470628
1.3125 0.469507

1.3125 0.4665
1.34375 0.465516

1.34375 0.467491
1.375 0.468595

1.36518 0.46875
1.375 0.469103

1.375 0.46828
1.40625 0.468071

1.375 0.468888
1.39321 0.46875

1.40625 0.46707
1.4375 0.468293

1.4375 0.471637
1.46875 0.469686

1.46875 0.463682
1.5 0.463879

1.5 0.467756
1.5173 0.46875

1.5 0.470404
1.53125 0.472255

1.53125 0.467641
1.5625 0.46662

1.53125 0.469601
1.54417 0.46875

1.59375 0.468243
1.56415 0.46875

1.5625 0.469564
1.59375 0.468941

1.59375 0.466103
1.625 0.466367

1.63379 0.46875
1.65625 0.470953

1.65625 0.470529
1.6875 0.470586

1.6875 0.468744
1.68829 0.46875

1.6875 0.46933
1.71875 0.469867

1.75 0.468323
1.73984 0.46875

1.71875 0.471997
1.75 0.470261

1.75 0.465892
1.78125 0.468056

1.78125 0.472978
1.8125 0.477798

1.8125 0.47427
1.84375 0.471092

1.84375 0.473052
1.875 0.471367

1.875 0.468886
1.90625 0.473106

1.90625 0.473743
1.9375 0.479116

1.9375 0.478321
1.96875 0.474417

1.96875 0.474331
2 0.47072

