-3.78468 -0.5
-3.78125 -0.490308

-3.78125 -0.497619
-3.75088 -0.46875

-3.7506 -0.46875
-3.75 -0.468558

-3.71875 -0.497512
-3.74973 -0.46875

0 0.439013
0.0625 0.439068

2 0.467309
2.03125 0.467429

2.03125 0.467753
2.0625 0.468153

0.0625 0.439173
0.09375 0.439362

0.09375 0.439351
0.125 0.439514

0.125 0.439518
0.15625 0.439667

0.15625 0.439668
0.1875 0.439793

0.1875 0.439788
0.21875 0.439898

0.21875 0.439894
0.25 0.440007

-3.75 -0.468447
-3.74902 -0.46875

0.25 0.440007
0.28125 0.440132

0.28125 0.440137
0.3125 0.440265

0.3125 0.44027
0.34375 0.440384

0.34375 0.440385
0.375 0.440473

-3.71875 -0.486759
-3.71379 -0.5

0.375 0.440469
0.40625 0.440535

0.40625 0.440528
0.4375 0.440596

0.4375 0.440589
0.46875 0.440688

0.46875 0.440685
0.5 0.440834

0.5 0.440839
0.53125 0.441034

0.53125 0.44108
0.5625 0.441219

0.5625 0.441141
0.59375 0.441292

0.59375 0.441307
0.625 0.441598

0.625 0.441644
0.65625 0.441954

0.65625 0.441968
0.6875 0.442177

0.6875 0.442163
0.71875 0.442271

0.71875 0.442249
0.75 0.442329

0.75 0.442293
0.78125 0.442463

0.78125 0.442457
0.8125 0.442802

0.8125 0.442862
0.84375 0.443275

0.84375 0.44334
0.875 0.443571

0.875 0.443585
0.90625 0.443476

0.90625 0.443457
0.9375 0.443017

0.9375 0.442969
0.96875 0.442329

0.96875 0.442301
1 0.441613

1 0.441605
1.03125 0.44094

1.03125 0.440936
1.0625 0.440318

1.0625 0.440321
1.09375 0.439751

1.09375 0.439788
1.125 0.439186

1.125 0.439161
1.15625 0.438501

1.15625 0.438458
1.1875 0.437876

1.25 0.437494
1.24392 0.4375

1.1875 0.437815
1.21875 0.437517

1.2196 0.4375
1.25 0.437649

1.25 0.437666
1.28125 0.438278

1.28125 0.438282
1.3125 0.43931

1.3125 0.43931
1.34375 0.440748

1.34375 0.440754
1.375 0.442592

1.375 0.442609
1.40625 0.444801

1.40625 0.444821
1.4375 0.447289

1.4375 0.447286
1.46875 0.449997

2.0625 0.468285
2.09375 0.468052

2.09375 0.467695
2.125 0.467278

2.125 0.46757
2.15625 0.467096

2.15625 0.466035
2.1875 0.467043

2.1875 0.468686
2.2103 0.46875

2.1875 0.469328
2.21875 0.469415

2.21875 0.467562
2.25 0.465861

-3.64077 -0.5
-3.625 -0.477989

2.25 0.465475
2.28125 0.466414

2.27954 0.46875
2.28125 0.468803

-3.62155 -0.5
-3.59375 -0.478277

-3.59375 -0.48682
-3.5625 -0.48063

-3.5625 -0.484149
-3.53125 -0.489193

-3.53125 -0.482865
-3.5 -0.49063

2.28125 0.468053
2.30057 0.46875

2.30268 0.46875
2.3125 0.469104

2.3125 0.468396
2.34375 0.468

2.34375 0.468572
2.375 0.467022

1.46875 0.450009
1.5 0.452946

2.375 0.464624
2.40625 0.465571

2.40795 0.46875
2.4375 0.470738

2.4375 0.46989
2.45261 0.46875

2.46875 0.46634
2.5 0.465491

1.5 0.452989
1.53125 0.456044

1.53125 0.456097
1.5625 0.459076

1.5625 0.459106
1.59375 0.461845

1.59375 0.46188
1.625 0.46425

1.625 0.464279
1.65625 0.466151

-3.5 -0.481942
-3.46875 -0.499533

2.5 0.466787
2.53125 0.467868

-3.46875 -0.477753
-3.45151 -0.5

1.65625 0.466172
1.6875 0.467446

1.6875 0.467425
1.71875 0.468099

2.53125 0.467496
2.5625 0.468659

2.5625 0.470114
2.59375 0.469194

2.59375 0.467161
2.625 0.465314

2.625 0.465242
2.65625 0.466679

2.66683 0.46875
2.6875 0.469838

1.71875 0.468079
1.75 0.468235

1.75 0.46813
1.78125 0.468017

2.71875 0.468716
2.71807 0.46875

-2.75 -0.215925
-2.75888 -0.1875

1.78125 0.467831
1.8125 0.468033

2.6875 0.469673
2.70447 0.46875

2.71875 0.466173
2.75 0.465528

1.84375 0.468142
1.81584 0.46875

1.84375 0.46655
1.875 0.466592

2.71875 0.46916
2.73537 0.46875

2.75 0.466912
2.78125 0.468507

2.78125 0.468673
2.78461 0.46875

2.78298 0.46875
2.8125 0.469604

2.8125 0.468825
2.84375 0.469444

-2.75886 -0.1875
-2.76914 -0.15625

2.84375 0.469079
2.875 0.470462

-2.76924 -0.15625
-2.77959 -0.125

1.875 0.468451
1.90625 0.468544

1.875 0.468768
1.90625 0.468862

1.90625 0.466986
1.9375 0.46653

1.9375 0.46741
1.96875 0.467888

1.96875 0.467784
2 0.467644

-2 0.396297
-1.96875 0.396001

-1.96875 0.39604
-1.9375 0.396007

-1.9375 0.396027
-1.90625 0.396139

-1.90625 0.396151
-1.875 0.396347

-1.875 0.396331
-1.84375 0.396619

-1.84375 0.396623
-1.8125 0.397027

-1.8125 0.397058
-1.78125 0.397508

-1.78125 0.397513
-1.75 0.397937

2.875 0.46987
2.90625 0.471165

2.90625 0.470176
2.9375 0.471956

2.9375 0.471377
2.96875 0.473219

2.96875 0.472189
3 0.473629

-2.8125 -0.00755512
-2.8142 0

-2.78125 -0.12059
-2.78982 -0.09375

-2.78989 -0.09375
-2.79885 -0.0625

-2.78125 -0.118364
-2.77913 -0.125

-2.79868 -0.0625
-2.8066 -0.03125

-2.8125 -0.00493041
-2.80659 -0.03125

-2.71394 -0.5
-2.7141 -0.46875

3 0.472572
3.03125 0.474905

3.03125 0.473902
3.0625 0.476581

3.0625 0.475551
3.09375 0.477284

-2.71411 -0.46875
-2.71458 -0.4375

-2.71435 -0.4375
-2.71555 -0.40625

-2.71551 -0.40625
-2.71796 -0.375

-2.71875 -0.369066
-2.72179 -0.34375

-2.72177 -0.34375
-2.7267 -0.3125

-2.71875 -0.366561
-2.71774 -0.375

3.09375 0.476451
3.125 0.477499

3.125 0.476812
3.15625 0.478083

-2.72666 -0.3125
-2.73275 -0.28125

-2.73272 -0.28125
-2.7401 -0.25

3.15625 0.477427
3.1875 0.478962

-2.74011 -0.25
-2.74883 -0.21875

-2.75 -0.212554
-2.74806 -0.21875

3.1875 0.478107
3.21875 0.479647

3.21875 0.478786
3.25 0.480378

-2.81361 0
-2.81975 0.03125

-2.82017 0.03125
-2.82485 0.0625

3.25 0.479764
3.28125 0.480765

-1.75 0.397933
-1.71875 0.398329

-2.82439 0.0625
-2.82772 0.09375

-2.82797 0.09375
-2.83037 0.125

-2.83038 0.125
-2.8313 0.15625

-2.83144 0.15625
-2.83058 0.1875

-2.83057 0.1875
-2.82767 0.21875

-2.82777 0.21875
-2.82264 0.25

-2.82286 0.25
-2.81484 0.28125

-2.81817 0.28125
-2.8125 0.296272

-2.8125 0.284608
-2.80198 0.3125

-2.80386 0.3125
-2.78671 0.34375

-2.78793 0.34375
-2.78125 0.353491

-2.78125 0.351364
-2.7616 0.375

-1.71875 0.398325
-1.6875 0.398707

3.28125 0.480223
3.3125 0.480638

-1.6875 0.398702
-1.65625 0.399086

-2.7646 0.375
-2.75 0.388361

-1.65625 0.399091
-1.625 0.39948

3.3125 0.480155
3.34375 0.481067

-2.75 0.385907
-2.71992 0.40625

3.34375 0.480223
3.375 0.482141

-1.625 0.399481
-1.59375 0.399864

-1.59375 0.39985
-1.5625 0.400251

-2.71901 0.40625
-2.71875 0.406395

-1.5625 0.400283
-1.53125 0.400665

3.375 0.481335
3.40625 0.482952

-1.53125 0.400666
-1.5 0.400964

-2.71875 0.406358
-2.6875 0.419575

-2.6875 0.419133
-2.65625 0.426661

-2.65625 0.426272
-2.625 0.429771

-2.625 0.429435
-2.59375 0.430355

-2.59375 0.430112
-2.5625 0.429608

-2.5625 0.429442
-2.53125 0.428333

3.40625 0.481613
3.4375 0.483238

3.4375 0.480848
3.46875 0.485853

-2.53125 0.428298
-2.5 0.426985

-1.5 0.400969
-1.46875 0.401173

-1.46875 0.401158
-1.4375 0.401288

-1.4375 0.401237
-1.40625 0.401425

-1.40625 0.401408
-1.375 0.401788

-2.5 0.42702
-2.46875 0.425503

-2.46875 0.425499
-2.4375 0.423717

-1.375 0.401792
-1.34375 0.402389

-1.34375 0.402394
-1.3125 0.40319

3.46875 0.486196
3.5 0.485594

-1.3125 0.403182
-1.28125 0.404187

-1.28125 0.404176
-1.25 0.405429

-2.4375 0.423681
-2.40625 0.421715

-2.40625 0.421706
-2.375 0.419647

3.5 0.482719
3.53125 0.483188

-2.375 0.419644
-2.34375 0.417516

-2.34375 0.417517
-2.3125 0.415323

-2.3125 0.415332
-2.28125 0.41305

-2.28125 0.413054
-2.25 0.410658

-2.25 0.410635
-2.21875 0.408164

-2.1875 0.405612
-2.19552 0.40625

-2.21875 0.408174
-2.19454 0.40625

-2.1875 0.40563
-2.15625 0.403236

-2.15625 0.403196
-2.125 0.401058

-2.125 0.40105
-2.09375 0.399264

-2.09375 0.399253
-2.0625 0.397858

3.53125 0.483024
3.5625 0.489386

3.5625 0.490343
3.59375 0.483404

3.59375 0.481808
3.625 0.481994

3.625 0.48281
3.65625 0.491184

3.65625 0.491273
3.6875 0.482731

3.6875 0.48172
3.71875 0.481849

3.71875 0.48265
3.75 0.491524

3.75 0.49158
3.78125 0.482756

3.78125 0.481731
3.8125 0.481745

3.8125 0.482615
3.84375 0.491739

3.84375 0.491656
3.875 0.482846

3.875 0.481842
3.90625 0.481902

3.90625 0.483632
3.9375 0.490949

3.9375 0.489837
3.96875 0.482838

3.96875 0.485433
4 0.480638

-1.25 0.405456
-1.23418 0.40625

-1.23192 0.40625
-1.21875 0.406911

-1.21875 0.406954
-1.1875 0.408923

-1.1875 0.408931
-1.15625 0.41132

-1.15625 0.411349
-1.125 0.414085

-1.125 0.414112
-1.09375 0.417084

-1.09375 0.417117
-1.0625 0.420208

-1.0625 0.420191
-1.03125 0.423372

-2.0625 0.397853
-2.03125 0.396883

-2.03125 0.396919
-2 0.39631

-1.03125 0.423381
-1 0.426671

-1 0.426807
-0.96875 0.429916

-0.96875 0.429958
-0.9375 0.432532

-0.9375 0.432505
-0.90625 0.434513

-0.90625 0.434495
-0.875 0.436027

-0.875 0.436013
-0.84375 0.437134

-0.84375 0.437117
-0.828111 0.4375

-0.8284 0.4375
-0.8125 0.43789

-0.8125 0.437873
-0.78125 0.438336

-0.78125 0.438324
-0.75 0.438534

-0.75 0.438518
-0.71875 0.438528

-0.71875 0.438505
-0.6875 0.438393

-0.6875 0.438353
-0.65625 0.438243

-0.65625 0.438228
-0.625 0.438226

-0.625 0.438227
-0.59375 0.438362

-0.59375 0.438337
-0.5625 0.438658

-0.5625 0.438828
-0.53125 0.439045

-0.53125 0.439069
-0.5 0.438794

-0.5 0.438541
-0.46875 0.438232

-0.46875 0.438246
-0.4375 0.438382

-0.4375 0.438519
-0.40625 0.4388

-0.40625 0.43882
-0.375 0.438933

-0.375 0.438912
-0.34375 0.43886

-0.34375 0.438826
-0.3125 0.438721

-0.3125 0.438687
-0.28125 0.438663

-0.28125 0.438658
-0.25 0.438792

-0.25 0.438816
-0.21875 0.439074

-0.21875 0.439091
-0.1875 0.439392

-0.1875 0.439404
-0.125 0.439977

-0.125 0.439765
-0.09375 0.439658

-0.09375 0.439703
-0.0625 0.439539

-0.0625 0.439486
-0.03125 0.439279

-0.03125 0.439295
0 0.439117

