-3.79197 -0.5
-3.78125 -0.481802

-3.77281 -0.5
-3.75 -0.477696

0 0.406602
0.03125 0.40667

2 0.4393
2.03125 0.439457

-3.75 -0.49105
-3.71875 -0.480928

-3.71875 -0.475595
-3.6875 -0.497401

2.03125 0.439458
2.0625 0.439566

-3.68413 -0.5
-3.65625 -0.49187

0.03125 0.406659
0.0625 0.406794

2.0625 0.439563
2.09375 0.439627

-3.65625 -0.492227
-3.625 -0.473393

0.0625 0.406786
0.09375 0.407028

0.09375 0.407008
0.125 0.407412

-2 0.316105
-1.96875 0.320147

2.09375 0.439619
2.125 0.439661

-1.96875 0.320133
-1.9375 0.323625

-1.9375 0.323601
-1.90625 0.326619

-1.90625 0.326594
-1.875 0.329237

2.125 0.439652
2.15625 0.439708

-3.625 -0.481299
-3.59375 -0.490512

2.15625 0.439706
2.1875 0.439801

-3.59375 -0.483952
-3.5625 -0.492865

2.1875 0.439803
2.21875 0.439939

-3.5625 -0.485019
-3.53125 -0.495712

-1.875 0.329216
-1.84375 0.331575

-3.53125 -0.484895
-3.50127 -0.5

0.125 0.407439
0.15625 0.40799

0.15625 0.408016
0.1875 0.408608

0.1875 0.40867
0.21875 0.409127

0.21875 0.408986
0.25 0.409467

-1.84375 0.331563
-1.8125 0.333704

-1.8125 0.333696
-1.78125 0.335658

-1.78125 0.335643
-1.75 0.337471

2.21875 0.439936
2.25 0.440118

-1.75 0.337444
-1.71875 0.339222

-1.71875 0.339213
-1.6875 0.341013

-1.6875 0.341007
-1.65625 0.342861

-1.65625 0.342797
-1.64071 0.34375

-1.64272 0.34375
-1.625 0.344837

0.25 0.409735
0.28125 0.409987

0.28125 0.409811
0.3125 0.409651

0.3125 0.409639
0.34375 0.409441

0.34375 0.409473
0.375 0.409196

0.375 0.409183
0.40625 0.408789

0.40625 0.408818
0.4375 0.408272

0.4375 0.408264
0.46875 0.407524

0.46875 0.407537
0.5 0.40659

-1.625 0.344782
-1.59375 0.346752

0.53125 0.405435
0.508292 0.40625

-1.59375 0.346772
-1.5625 0.348753

-3.5 -0.0915735
-3.50915 -0.0625

-3.50919 -0.0625
-3.51844 -0.03125

0.5 0.406579
0.509269 0.40625

2.25 0.440103
2.28125 0.440368

0.53125 0.405415
0.5625 0.404275

-3.5187 -0.03125
-3.52681 0

0.5625 0.404286
0.59375 0.403151

0.59375 0.403131
0.625 0.402018

2.28125 0.440345
2.3125 0.440771

2.3125 0.440746
2.34375 0.441429

-3.53125 0.0237309
-3.53282 0.03125

-3.53343 0.03125
-3.53818 0.0625

-3.53125 0.0204792
-3.52698 0

-3.53812 0.0625
-3.54096 0.09375

-3.54111 0.09375
-3.54185 0.125

-3.54214 0.125
-3.53991 0.15625

-3.54048 0.15625
-3.53357 0.1875

-1.5625 0.348767
-1.53125 0.350692

0.625 0.401982
0.65625 0.401005

-1.53125 0.350677
-1.5 0.352549

0.65625 0.401054
0.6875 0.40019

2.34375 0.441408
2.375 0.442437

-3.53451 0.1875
-3.53125 0.194763

2.375 0.442425
2.40625 0.443865

-3.53125 0.1944
-3.5199 0.21875

-3.52205 0.21875
-3.5 0.244281

2.40625 0.443913
2.4375 0.445692

-1.5 0.35253
-1.46875 0.354416

2.4375 0.44562
2.46875 0.447785

0.6875 0.400181
0.71875 0.399352

-1.46875 0.354415
-1.4375 0.356353

0.71875 0.399391
0.75 0.398536

-1.4375 0.356375
-1.40625 0.358321

-3.50121 0.25
-3.5 0.250978

0.75 0.398492
0.78125 0.397623

0.78125 0.397575
0.8125 0.396875

-3.5 -0.484859
-3.48027 -0.5

-1.40625 0.358324
-1.375 0.360224

-3.46875 -0.485156
-3.45887 -0.5

-3.4375 -0.469822
-3.43613 -0.46875

-3.375 -0.470037
-3.37517 -0.46875

-3.37655 -0.46875
-3.38344 -0.4375

-3.38241 -0.4375
-3.38894 -0.40625

-3.38903 -0.40625
-3.39704 -0.375

-3.4375 -0.256544
-3.44005 -0.25

-3.40625 -0.346307
-3.40701 -0.34375

-3.40638 -0.34375
-3.41678 -0.3125

-3.40625 -0.34394
-3.39704 -0.375

-3.4168 -0.3125
-3.42819 -0.28125

-3.4375 -0.257879
-3.42838 -0.28125

-3.36984 -0.5
-3.3739 -0.46875

-3.375 -0.466665
-3.37454 -0.46875

2.46875 0.447827
2.5 0.450441

0.8125 0.396891
0.84375 0.396423

0.84375 0.396401
0.875 0.396176

-1.375 0.360211
-1.34375 0.362084

2.5 0.450506
2.53125 0.453352

2.53125 0.453391
2.5625 0.456262

2.5625 0.456277
2.59375 0.459065

2.59375 0.459096
2.625 0.46171

2.625 0.461762
2.65625 0.464038

2.65625 0.464081
2.6875 0.465833

2.6875 0.465836
2.71875 0.466972

0.875 0.39619
0.90625 0.396224

-1.34375 0.362072
-1.3125 0.36397

-3.44057 -0.25
-3.4532 -0.21875

-1.3125 0.363899
-1.28125 0.365987

0.90625 0.396231
0.9375 0.396483

2.71875 0.466946
2.75 0.46751

2.75 0.467479
2.78125 0.467583

2.78125 0.467544
2.8125 0.467329

2.8125 0.467263
2.84375 0.466941

2.84375 0.466873
2.875 0.466713

2.875 0.466716
2.90625 0.466844

2.90625 0.466912
2.9375 0.467189

2.9375 0.467208
2.96875 0.467463

2.96875 0.467442
3 0.467679

-3.45343 -0.21875
-3.46581 -0.1875

-3.46875 -0.179751
-3.47767 -0.15625

-3.47771 -0.15625
-3.48896 -0.125

-3.46875 -0.178825
-3.46546 -0.1875

3 0.4677
3.03125 0.467918

0.9375 0.396495
0.96875 0.396924

3.03125 0.467956
3.0625 0.468035

3.0625 0.46804
3.09375 0.467896

-3.48892 -0.125
-3.49938 -0.09375

3.09375 0.467843
3.125 0.467571

0.96875 0.396938
1 0.397495

-1.28125 0.365999
-1.25 0.368394

3.125 0.467463
3.15625 0.467382

3.15625 0.467438
3.1875 0.467652

-3.5 -0.0935888
-3.49995 -0.09375

3.1875 0.467463
3.21875 0.468237

3.25 0.468557
3.22063 0.46875

-1.25 0.368515
-1.21875 0.370954

1 0.397526
1.03125 0.39812

-1.21875 0.37098
-1.1875 0.373169

1.03125 0.39812
1.0625 0.39869

-1.1875 0.373221
-1.15629 0.375

-3.09375 -0.0105884
-3.11234 0

3.21875 0.469287
3.25 0.469083

-3.09375 -0.0115372
-3.0625 -0.0266928

1.0625 0.39865
1.09375 0.399275

1.09375 0.399268
1.125 0.400041

3.25 0.467624
3.28125 0.46726

1.125 0.400062
1.15625 0.400953

-3.03125 -0.0384056
-3.04894 -0.03125

1.15625 0.400971
1.1875 0.401902

3.28125 0.467824
3.3125 0.468744

1.1875 0.40191
1.21875 0.40283

-1.15597 0.375
-1.125 0.376284

-3.0625 -0.0277617
-3.05387 -0.03125

1.21875 0.402815
1.25 0.403739

3.30086 0.46875
3.3125 0.469195

3.3125 0.468698
3.32777 0.46875

3.3125 0.469178
3.34375 0.469415

-3.03125 -0.0390422
-3 -0.0497415

1.25 0.403712
1.28125 0.404728

-3.5 0.243369
-3.48953 0.25

-1.125 0.376202
-1.09375 0.377204

-3.375 0.237801
-3.3958 0.25

3.34375 0.467013
3.36229 0.46875

-3.25 0.107931
-3.26627 0.125

-1.09375 0.377192
-1.0625 0.378087

-3.3125 0.176454
-3.32267 0.1875

3.36428 0.46875
3.375 0.470757

-3.34375 0.209479
-3.3538 0.21875

-3.375 0.236804
-3.35336 0.21875

3.375 0.473728
3.40625 0.476552

3.40625 0.472939
3.4375 0.470384

1.28125 0.404709
1.3125 0.405906

1.3125 0.405989
1.31813 0.40625

3.4375 0.470026
3.46875 0.475144

1.32087 0.40625
1.34375 0.407309

-1.0625 0.378065
-1.03125 0.378923

1.34375 0.407339
1.375 0.409062

-3.34375 0.209001
-3.32271 0.1875

1.375 0.409068
1.40625 0.411053

3.46875 0.475237
3.5 0.478322

1.40625 0.41105
1.4375 0.41329

-3.28125 0.141391
-3.29459 0.15625

-1.03125 0.378939
-1 0.379772

-3.3125 0.175986
-3.29485 0.15625

3.5 0.477013
3.53125 0.474326

1.4375 0.413272
1.46875 0.415808

-3.28125 0.140857
-3.26678 0.125

3.53125 0.473139
3.5625 0.475045

-3.491 0.25
-3.46875 0.262512

3.5625 0.475906
3.59375 0.479245

3.59375 0.47729
3.625 0.477544

1.46875 0.415811
1.5 0.418672

-3.46875 0.261212
-3.4375 0.264622

-1 0.379752
-0.96875 0.38057

-0.96875 0.380549
-0.9375 0.381434

3.625 0.47682
3.65625 0.478817

-0.9375 0.381394
-0.90625 0.382466

-3.4375 0.264171
-3.40625 0.256156

3.65625 0.478469
3.6875 0.480099

3.6875 0.478631
3.71875 0.47994

-0.90625 0.382463
-0.875 0.383806

1.5 0.418737
1.53125 0.421789

-0.875 0.383864
-0.84375 0.385367

-0.84375 0.385387
-0.8125 0.386896

-0.8125 0.386898
-0.78125 0.388373

-0.78125 0.388402
-0.75 0.38978

1.53125 0.421836
1.5625 0.424857

-0.75 0.389725
-0.71875 0.391058

-0.71875 0.391088
-0.6875 0.392425

3.71875 0.479146
3.75 0.481705

-0.6875 0.392445
-0.65625 0.393687

-3.40625 0.255769
-3.396 0.25

1.5625 0.424815
1.59375 0.427795

-0.65625 0.393666
-0.625 0.394818

-3.1875 0.0508941
-3.20152 0.0625

-0.625 0.394785
-0.59375 0.395955

1.59375 0.42781
1.625 0.430801

3.75 0.480446
3.78125 0.482407

1.625 0.430986
1.65625 0.433589

-3.21875 0.0775205
-3.23599 0.09375

1.65625 0.433599
1.6875 0.435425

3.78125 0.481654
3.8125 0.482322

-0.59375 0.395975
-0.5625 0.397192

3.8125 0.4807
3.84375 0.483188

3.84375 0.483487
3.875 0.484219

-3.25 0.107206
-3.23655 0.09375

1.6875 0.435338
1.71875 0.436541

-3.21875 0.0766041
-3.20241 0.0625

1.71875 0.436501
1.75 0.437336

-0.5625 0.397252
-0.53125 0.398356

-3.15625 0.0270534
-3.16214 0.03125

3.875 0.480457
3.90625 0.484489

-0.53125 0.398359
-0.5 0.399221

-3.1875 0.0498982
-3.16275 0.03125

-3.15625 0.0266705
-3.125 0.00630956

-3.125 0.00486918
-3.11645 0

-0.5 0.399182
-0.46875 0.399873

-2.9375 -0.0632608
-2.94206 -0.0625

-3 -0.0500648
-2.96875 -0.058321

3.90625 0.483404
3.9375 0.489856

-2.96875 -0.0583512
-2.94387 -0.0625

3.9375 0.489191
3.96875 0.483713

-0.46875 0.399843
-0.4375 0.400501

3.96875 0.485618
4 0.480961

-0.4375 0.400501
-0.40625 0.401183

-2.9375 -0.0632977
-2.90625 -0.0659348

1.75 0.43731
1.76026 0.4375

-2.90625 -0.065998
-2.875 -0.0663586

1.7595 0.4375
1.78125 0.437902

1.78125 0.437886
1.8125 0.43826

1.8125 0.438236
1.84375 0.438479

1.84375 0.438499
1.875 0.438616

-0.40625 0.401207
-0.375 0.401864

-0.375 0.401872
-0.34375 0.40244

-2.875 -0.0664337
-2.84375 -0.0642412

-0.34375 0.402426
-0.3125 0.402918

1.875 0.438547
1.90625 0.438638

-2.84375 -0.064956
-2.82752 -0.0625

1.90625 0.438643
1.9375 0.438836

1.9375 0.438863
1.96875 0.439093

1.96875 0.439099
2 0.439299

-0.3125 0.402903
-0.28125 0.403377

-0.28125 0.403373
-0.25 0.40387

-2.83607 -0.0625
-2.8125 -0.0589343

-0.25 0.403878
-0.21875 0.404389

-2.8125 -0.0592927
-2.78125 -0.0524721

-2.78125 -0.052588
-2.75 -0.0437163

-0.21875 0.404402
-0.1875 0.404886

-0.1875 0.404881
-0.15625 0.40532

-0.15625 0.405326
-0.125 0.405721

-2.75 -0.0440379
-2.71875 -0.0322398

-2.71875 -0.0347964
-2.71113 -0.03125

-0.125 0.405724
-0.09375 0.406057

-0.09375 0.406056
-0.0704313 0.40625

-2.71844 -0.03125
-2.6875 -0.0168521

-2.6875 -0.0176147
-2.65625 -0.000487683

-2.65625 -0.00371201
-2.64996 0

-0.0717072 0.40625
-0.0625 0.406327

-0.0625 0.406311
-0.03125 0.406512

-0.03125 0.406534
0 0.406647

-2.65663 0
-2.65625 0.000203393

-2.65625 0.000321122
-2.625 0.0198228

-2.625 0.0186905
-2.60642 0.03125

-2.60882 0.03125
-2.59375 0.0413583

-2.59375 0.0406204
-2.56358 0.0625

-2.56452 0.0625
-2.5625 0.0639673

-2.5625 0.0606511
-2.55997 0.0625

-2.5625 0.0638373
-2.53125 0.086877

-2.53125 0.0855807
-2.51974 0.09375

-2.52249 0.09375
-2.5 0.109926

-2.5 0.109128
-2.47728 0.125

-2.47879 0.125
-2.46875 0.131774

-2.46875 0.131348
-2.4375 0.152121

-2.4375 0.150843
-2.4287 0.15625

-2.43167 0.15625
-2.40625 0.171926

-2.40625 0.171185
-2.37805 0.1875

-2.37885 0.1875
-2.375 0.189682

-2.375 0.18957
-2.34375 0.206476

-2.34375 0.206152
-2.3187 0.21875

-2.31943 0.21875
-2.3125 0.222234

-2.3125 0.222106
-2.28125 0.236792

-2.28125 0.236618
-2.25067 0.25

-2.25103 0.25
-2.25 0.250451

-2.25 0.249531
-2.24884 0.25

-2.25 0.250495
-2.21875 0.263115

-2.21875 0.263068
-2.1875 0.274329

-2.1875 0.274245
-2.16559 0.28125

-2.16637 0.28125
-2.15625 0.284487

-2.15625 0.284372
-2.125 0.292992

-2.125 0.292934
-2.09375 0.300184

-2.09375 0.300114
-2.0625 0.306252

-2.0625 0.306183
-2.03125 0.311489

-2.03125 0.31137
-2.02365 0.3125

-2.02454 0.3125
-2 0.316148

