-4 0.0101088
-3.96875 0.0107534

-3.96875 0.0102785
-3.9375 0.0131621

-3.9375 0.0130942
-3.90625 0.0193024

-3.90625 0.0192464
-3.875 0.0290272

-3.875 0.0288689
-3.86952 0.03125

-3.86981 0.03125
-3.84375 0.0425659

-3.84375 0.0425603
-3.8125 0.0599836

-3.8125 0.0600101
-3.80851 0.0625

-3.8088 0.0625
-3.78125 0.0812526

-3.78125 0.0808302
-3.76459 0.09375

-3.76672 0.09375
-3.75 0.106881

-3.75 0.107469
-3.72885 0.125

-3.72558 0.125
-3.71875 0.130562

-3.71875 0.13252
-3.69079 0.15625

-3.69204 0.15625
-3.6875 0.160198

-3.6875 0.159659
-3.65625 0.185774

-3.65625 0.185874
-3.65421 0.1875

-3.65431 0.1875
-3.625 0.210322

-3.625 0.210221
-3.61261 0.21875

-3.61357 0.21875
-3.59375 0.232377

-3.59375 0.232274
-3.56261 0.25

-3.5625 0.249964
-3.56242 0.25

-3.5623 0.25
-3.53125 0.264

2 0.328734
2.03125 0.330309

0 0.342445
0.03125 0.341821

2.03125 0.330303
2.0625 0.331803

0.03125 0.341841
0.0625 0.340806

0.0625 0.340848
0.09375 0.339277

0.09375 0.339356
0.125 0.337009

2.0625 0.331767
2.09375 0.333278

2.09375 0.333282
2.125 0.334867

-3.53125 0.263921
-3.5 0.274773

2.125 0.334879
2.15625 0.336503

2.15625 0.33652
2.1875 0.338124

2.1875 0.338174
2.21875 0.339625

0.125 0.336914
0.15625 0.333823

0.15625 0.33379
0.1875 0.33021

-3.5 0.274565
-3.47445 0.28125

2.21875 0.339634
2.25 0.340815

0.1875 0.330219
0.21875 0.326198

2.25 0.340783
2.28125 0.341742

2.28125 0.341756
2.3125 0.342528

2.3125 0.342558
2.34375 0.343055

2.34375 0.343058
2.375 0.343215

0.21875 0.326192
0.25 0.321726

2.375 0.343197
2.40625 0.343046

2.40625 0.343052
2.4375 0.342614

2.4375 0.342634
2.46875 0.341855

2.46875 0.341862
2.5 0.340686

-3.47463 0.28125
-3.46875 0.282788

-3.46875 0.282688
-3.4375 0.28871

-3.4375 0.288614
-3.40625 0.292796

2.5 0.340669
2.53125 0.339116

2.53125 0.339102
2.5625 0.337234

2.5625 0.337216
2.59375 0.335097

2.59375 0.335081
2.625 0.33278

2.625 0.332763
2.65625 0.330346

2.65625 0.330333
2.6875 0.327863

2.6875 0.327858
2.71875 0.32537

-1.9375 0.311076
-1.95231 0.3125

-2 0.317037
-1.96875 0.314036

-1.96875 0.314014
-1.95301 0.3125

0.3125 0.312171
0.310456 0.3125

0.25 0.32168
0.28125 0.316874

0.28125 0.316821
0.3081 0.3125

0.3125 0.311872
0.34375 0.306566

0.34375 0.306527
0.375 0.300941

0.375 0.300893
0.40625 0.295198

0.40625 0.295138
0.4375 0.289547

-1.9375 0.311029
-1.90625 0.308021

-1.90625 0.30803
-1.875 0.305025

-3.40625 0.29272
-3.375 0.295406

-1.875 0.305038
-1.84375 0.301992

-1.84375 0.301973
-1.8125 0.298897

-3.375 0.295327
-3.34375 0.296831

-3.34375 0.296772
-3.3125 0.297368

-3.3125 0.29731
-3.28125 0.297232

-3.28125 0.297175
-3.25 0.296654

-1.8125 0.298873
-1.78125 0.295854

-1.78125 0.295863
-1.75 0.292933

0.4375 0.289429
0.46875 0.284296

-1.75 0.292948
-1.71875 0.290061

0.5 0.280279
0.49318 0.28125

0.46875 0.284131
0.488978 0.28125

-1.71875 0.290035
-1.6875 0.287214

-1.6875 0.287171
-1.65625 0.284553

-3.25 0.296701
-3.21875 0.295755

-3.21875 0.295724
-3.1875 0.294321

-3.1875 0.294257
-3.15625 0.292588

-1.65625 0.284511
-1.625 0.282264

-1.59375 0.280415
-1.60865 0.28125

-1.625 0.282303
-1.60621 0.28125

-3.15625 0.292557
-3.125 0.290811

-3.125 0.290804
-3.09375 0.289055

-3.09375 0.289029
-3.0625 0.287346

-3.0625 0.287323
-3.03125 0.285805

-3.03125 0.28575
-3 0.284554

-1.59375 0.280501
-1.5625 0.279272

-3 0.284596
-2.96875 0.283746

-2.96875 0.283741
-2.9375 0.283162

-2.9375 0.283068
-2.875 0.28285

-2.875 0.282921
-2.84375 0.28329

-2.84375 0.283246
-2.8125 0.284039

-1.5625 0.279336
-1.53125 0.278482

-1.53125 0.27852
-1.5 0.277838

-2.8125 0.28411
-2.78125 0.285272

-2.78125 0.285229
-2.75 0.286704

-2.75 0.286705
-2.71875 0.288578

-2.71875 0.288611
-2.6875 0.290814

0.5 0.279924
0.53125 0.275996

0.53125 0.275978
0.5625 0.272467

-1.5 0.277784
-1.46875 0.277305

-1.46875 0.27731
-1.4375 0.277131

-1.4375 0.27712
-1.40625 0.277255

-1.40625 0.277285
-1.375 0.277698

-1.375 0.277641
-1.34375 0.278384

-1.34375 0.278409
-1.3125 0.279546

-1.3125 0.279468
-1.25 0.282742

0.5625 0.272449
0.59375 0.269429

0.59375 0.269413
0.625 0.266951

-2.6875 0.290835
-2.65625 0.293259

-2.65625 0.293283
-2.625 0.295842

0.625 0.266942
0.65625 0.265088

0.65625 0.265088
0.6875 0.263858

0.6875 0.263868
0.71875 0.263241

0.71875 0.263259
0.75 0.263178

-1.25 0.282831
-1.21875 0.284964

-1.21875 0.284994
-1.1875 0.287387

0.75 0.263198
0.78125 0.263585

0.78125 0.263604
0.8125 0.264381

-2.625 0.295833
-2.59375 0.298499

2.71875 0.325351
2.75 0.322892

-2.59375 0.298495
-2.5625 0.301298

-2.5625 0.301295
-2.53125 0.304248

2.75 0.322831
2.78125 0.320562

2.78125 0.320553
2.8125 0.318614

-2.53125 0.304306
-2.5 0.307301

-1.1875 0.287419
-1.15625 0.289948

2.8125 0.318631
2.84375 0.317006

2.84375 0.317024
2.875 0.315642

0.8125 0.264408
0.84375 0.265483

2.875 0.315655
2.90625 0.314454

-1.15625 0.289947
-1.125 0.292549

2.90625 0.314459
2.9375 0.313403

2.96875 0.312493
3 0.31177

2.9375 0.313393
2.96851 0.3125

0.84375 0.265516
0.875 0.266768

-2.5 0.307395
-2.46875 0.310129

-1.125 0.292528
-1.09375 0.295245

-2.46875 0.310144
-2.4375 0.312401

0.875 0.266804
0.90625 0.268095

3 0.311752
3.03125 0.311241

-2.4375 0.312362
-2.43517 0.3125

0.90625 0.268123
0.9375 0.269323

3.03125 0.311225
3.0625 0.31099

0.9375 0.269339
0.96875 0.270357

0.96875 0.270376
1 0.27114

-2.43478 0.3125
-2.40625 0.314211

-2.40625 0.314176
-2.375 0.315867

-2.375 0.315869
-2.34375 0.317446

3.0625 0.310976
3.09375 0.311076

1 0.271115
1.03125 0.271637

-1.09375 0.295268
-1.0625 0.298095

-2.34375 0.317458
-2.3125 0.318892

-1.0625 0.298163
-1.03125 0.300919

-2.3125 0.318905
-2.28125 0.320147

-2.28125 0.320153
-2.25 0.321164

-1.03125 0.300929
-1 0.30346

-2.25 0.321167
-2.21875 0.321926

1.03125 0.271613
1.0625 0.27199

-2.21875 0.321924
-2.1875 0.322429

-2.1875 0.322436
-2.15625 0.322676

1.0625 0.271925
1.09375 0.272336

1.09375 0.272294
1.125 0.272954

1.125 0.272952
1.15625 0.273948

1.15625 0.273929
1.1875 0.275302

1.1875 0.275283
1.21875 0.27711

1.21875 0.277124
1.25 0.279416

3.09375 0.311067
3.125 0.311549

1.25 0.27944
1.271 0.28125

1.27118 0.28125
1.28125 0.282118

1.28125 0.282154
1.3125 0.285157

-1 0.303385
-0.96875 0.305822

-2.15625 0.322683
-2.125 0.322632

-0.96875 0.305836
-0.9375 0.308301

-0.9375 0.308464
-0.90625 0.310604

-0.90625 0.310608
-0.875 0.312089

1.3125 0.285183
1.34375 0.288393

-2.125 0.322661
-2.09375 0.32225

-2.09375 0.322316
-2.0625 0.321354

3.125 0.311547
3.15625 0.312434

-2.0625 0.321354
-2.03125 0.31971

3.15625 0.31239
3.15896 0.3125

-2.03125 0.319795
-2 0.317297

3.15747 0.3125
3.1875 0.313718

3.1875 0.313709
3.21875 0.315343

1.34375 0.28842
1.375 0.291729

-0.875 0.312016
-0.859306 0.3125

3.21875 0.315341
3.25 0.317355

-0.859194 0.3125
-0.84375 0.312976

3.25 0.317359
3.28125 0.319748

1.375 0.291738
1.40625 0.295074

-0.84375 0.312932
-0.8125 0.313618

3.28125 0.319759
3.3125 0.322493

3.3125 0.322511
3.34375 0.325532

-0.8125 0.313573
-0.78125 0.314163

-0.78125 0.314153
-0.75 0.31476

3.34375 0.325556
3.375 0.328778

-0.75 0.314773
-0.71875 0.31539

-0.71875 0.315417
-0.6875 0.315965

1.40625 0.295069
1.4375 0.298425

1.4375 0.298405
1.46875 0.301829

3.375 0.328792
3.40625 0.332141

1.46875 0.301871
1.5 0.305319

-0.6875 0.31596
-0.65625 0.316395

-0.65625 0.316367
-0.625 0.316753

3.40625 0.332128
3.4375 0.335598

3.4375 0.335551
3.46875 0.339262

1.5 0.305444
1.53125 0.308584

1.53125 0.308615
1.5625 0.311133

1.5625 0.311037
1.58563 0.3125

1.58424 0.3125
1.59375 0.313102

1.59375 0.313012
1.625 0.314643

3.46875 0.339245
3.5 0.343326

-0.625 0.316687
-0.59375 0.317211

-0.59375 0.317187
-0.5625 0.318032

-0.5625 0.318087
-0.5 0.320303

1.625 0.314628
1.65625 0.315997

1.65625 0.315985
1.6875 0.317146

1.6875 0.317152
1.71875 0.318119

1.71875 0.318106
1.75 0.318892

3.5 0.342846
3.50643 0.34375

3.50213 0.34375
3.53125 0.347849

3.53125 0.347783
3.5625 0.352378

1.75 0.318863
1.78125 0.319552

1.78125 0.319516
1.8125 0.320239

3.5625 0.352376
3.59375 0.357139

3.59375 0.357147
3.625 0.362069

-0.5 0.320216
-0.46875 0.321599

-0.46875 0.321609
-0.4375 0.323421

1.8125 0.320213
1.84375 0.321095

1.84375 0.321086
1.875 0.322195

3.625 0.362067
3.65625 0.367138

3.65625 0.367139
3.6875 0.372357

3.6875 0.372386
3.70287 0.375

3.70292 0.375
3.71875 0.377693

3.71875 0.377732
3.75 0.383028

-0.4375 0.323509
-0.40625 0.325555

-0.40625 0.325577
-0.375 0.327634

-0.375 0.327627
-0.34375 0.329668

-0.34375 0.329683
-0.3125 0.331692

1.875 0.322181
1.90625 0.323562

1.90625 0.323585
1.9375 0.32522

3.75 0.383059
3.78125 0.388205

3.78125 0.388322
3.8125 0.39302

3.8125 0.392974
3.84375 0.397081

3.84375 0.397127
3.875 0.400641

1.9375 0.325267
1.96875 0.327018

1.96875 0.327059
2 0.328749

-0.3125 0.331687
-0.28125 0.333643

-0.28125 0.33366
-0.25 0.335541

3.875 0.400602
3.90625 0.403507

3.90625 0.403524
3.9375 0.405862

3.9375 0.406028
3.94196 0.40625

3.94383 0.40625
3.96875 0.407491

3.96875 0.407537
4 0.408075

-0.25 0.33556
-0.21875 0.337292

-0.21875 0.337292
-0.1875 0.338836

-0.1875 0.338871
-0.15625 0.340158

-0.15625 0.340156
-0.125 0.34112

-0.125 0.341076
-0.09375 0.34181

-0.09375 0.34183
-0.0625 0.342382

-0.0625 0.34243
-0.03125 0.342663

-0.03125 0.342675
0 0.342468

