-3.7947 -0.5
-3.78125 -0.480766

-3.77312 -0.5
-3.75 -0.479618

0 0.406332
0.03125 0.406514

-3.75 -0.493561
-3.71875 -0.478722

-3.71875 -0.472435
-3.6875 -0.496388

-3.68561 -0.5
-3.65625 -0.496012

-3.65625 -0.493353
-3.625 -0.472157

-3.625 -0.4814
-3.59375 -0.492513

0.03125 0.406508
0.0625 0.406738

0.0625 0.406745
0.09375 0.407021

0.09375 0.407024
0.125 0.407326

0.125 0.407318
0.15625 0.407657

0.15625 0.407663
0.1875 0.408041

-3.59375 -0.485238
-3.5625 -0.493111

-3.5625 -0.487349
-3.53125 -0.49396

-3.53125 -0.484663
-3.5 -0.499001

-2 0.28488
-1.96875 0.29289

0.1875 0.408047
0.21875 0.408441

-3.5 -0.0804256
-3.50578 -0.0625

0.21875 0.408442
0.25 0.408837

-3.50591 -0.0625
-3.51565 -0.03125

-3.51574 -0.03125
-3.52513 0

0.25 0.408872
0.28125 0.409194

0.28125 0.409171
0.3125 0.409397

0.3125 0.409453
0.34375 0.409515

0.34375 0.409516
0.375 0.409298

-3.53125 0.023628
-3.53332 0.03125

-3.53398 0.03125
-3.54091 0.0625

2 0.439154
2.03125 0.439176

2.03125 0.439129
2.0625 0.439494

2.0625 0.439637
2.09375 0.440154

2.09375 0.440242
2.125 0.440451

2.125 0.440322
2.15625 0.440307

2.15625 0.440424
2.1875 0.440209

2.1875 0.440005
2.21875 0.439762

2.21875 0.439796
2.25 0.439868

2.25 0.439876
2.28125 0.44018

2.28125 0.440303
2.3125 0.440578

2.3125 0.440348
2.34375 0.440808

2.34375 0.440856
2.375 0.441866

2.375 0.44192
2.40625 0.443272

2.40625 0.443267
2.4375 0.444862

2.4375 0.444841
2.46875 0.446731

2.46875 0.446732
2.5 0.448958

2.5 0.448987
2.53125 0.451493

2.53125 0.451522
2.5625 0.454192

2.5625 0.45421
2.59375 0.456949

2.59375 0.456974
2.625 0.459693

2.625 0.45974
2.65625 0.462298

2.65625 0.46235
2.6875 0.464549

2.6875 0.464577
2.71875 0.466257

2.71875 0.466268
2.75 0.46735

2.75 0.467331
2.78125 0.467833

2.78125 0.467795
2.8125 0.467832

2.8125 0.467799
2.84375 0.467516

2.84375 0.467471
2.875 0.467027

2.875 0.466932
2.90625 0.466608

2.90625 0.466587
2.9375 0.466614

2.9375 0.466653
2.96875 0.466997

2.96875 0.467051
3 0.467529

-1.96875 0.292847
-1.9375 0.299695

-1.9375 0.299641
-1.90625 0.305519

-1.90625 0.305454
-1.875 0.310598

-1.875 0.310473
-1.8613 0.3125

3 0.467577
3.03125 0.467985

-1.86228 0.3125
-1.84375 0.315241

-1.84375 0.315176
-1.8125 0.319367

-1.8125 0.319363
-1.78125 0.323134

-1.78125 0.323136
-1.75 0.326489

-1.75 0.326478
-1.71875 0.329433

3.03125 0.468
3.0625 0.468213

3.0625 0.468192
3.09375 0.46822

3.09375 0.468184
3.125 0.468142

-1.71875 0.329417
-1.6875 0.332027

3.125 0.468126
3.15625 0.468118

3.15625 0.468134
3.1875 0.468158

3.1875 0.468182
3.21875 0.46816

-1.6875 0.331991
-1.65625 0.334359

-1.65625 0.334315
-1.625 0.336604

-1.625 0.336594
-1.59375 0.338909

-1.59375 0.3389
-1.5625 0.34128

-1.5625 0.341275
-1.53125 0.343746

-1.53125 0.343669
-1.53026 0.34375

-1.53125 0.343759
-1.5 0.346307

0.375 0.409237
0.40625 0.408859

-1.5 0.346311
-1.46875 0.348902

-1.46875 0.348922
-1.4375 0.351504

-1.4375 0.351536
-1.40625 0.354003

-3.53125 0.0211552
-3.52549 0

3.21875 0.468233
3.25 0.467973

-3.54087 0.0625
-3.54598 0.09375

0.40625 0.408869
0.4375 0.408431

3.25 0.467665
3.28125 0.467637

0.4375 0.408436
0.46875 0.40791

-1.40625 0.354025
-1.375 0.356267

-3.54606 0.09375
-3.54927 0.125

3.28125 0.467632
3.3125 0.468463

-3.54923 0.125
-3.55046 0.15625

0.46875 0.407909
0.5 0.407285

-1.375 0.356188
-1.34375 0.358322

-1.34375 0.358308
-1.3125 0.360522

-1.3125 0.360535
-1.28125 0.36283

-3.55056 0.15625
-3.5497 0.1875

0.5 0.407282
0.53125 0.406567

0.5625 0.405753
0.54297 0.40625

3.31161 0.46875
3.3125 0.468783

-1.28125 0.362847
-1.25 0.365165

-3.5499 0.1875
-3.54636 0.21875

-1.25 0.365204
-1.21875 0.367436

0.53125 0.406586
0.544461 0.40625

0.5625 0.405768
0.59375 0.404898

0.59375 0.404891
0.625 0.403963

-1.21875 0.367437
-1.1875 0.369503

3.3125 0.468461
3.33551 0.46875

0.625 0.403938
0.65625 0.403014

3.3125 0.469162
3.34375 0.469675

-1.1875 0.36953
-1.15625 0.371376

-3.54672 0.21875
-3.53938 0.25

0.65625 0.402995
0.6875 0.402165

3.34375 0.468099
3.35888 0.46875

3.36179 0.46875
3.375 0.469892

0.6875 0.40216
0.71875 0.401471

-3.53999 0.25
-3.53125 0.271108

-3.53125 0.270506
-3.5268 0.28125

-3.52818 0.28125
-3.50618 0.3125

-3.50878 0.3125
-3.5 0.321906

-3.5 -0.484998
-3.48042 -0.5

-3.46875 -0.487289
-3.45433 -0.5

-3.41898 -0.5
-3.40625 -0.493951

-3.37942 -0.5
-3.37778 -0.46875

-3.3758 -0.46875
-3.37728 -0.4375

-3.37863 -0.4375
-3.38565 -0.40625

-3.38581 -0.40625
-3.39537 -0.375

-3.4375 -0.254874
-3.43923 -0.25

-3.40625 -0.344174
-3.4064 -0.34375

-3.40701 -0.34375
-3.41788 -0.3125

-3.40625 -0.34511
-3.3958 -0.375

-3.41765 -0.3125
-3.42834 -0.28125

-1.15625 0.371375
-1.125 0.372952

-3.4375 -0.255352
-3.4283 -0.28125

3.375 0.468262
3.39171 0.46875

0.71875 0.401486
0.75 0.400915

3.375 0.471259
3.40625 0.473007

-1.125 0.372896
-1.09375 0.374321

-3.43928 -0.25
-3.4511 -0.21875

-1.09375 0.374337
-1.07861 0.375

3.40625 0.46988
3.4375 0.471441

-1.07832 0.375
-1.0625 0.375693

-1.0625 0.375696
-1.03125 0.376994

3.4375 0.4719
3.46875 0.475357

0.75 0.400937
0.78125 0.400411

-3.45157 -0.21875
-3.46339 -0.1875

-3.46875 -0.172221
-3.47452 -0.15625

-3.47462 -0.15625
-3.48551 -0.125

-3.46875 -0.172046
-3.46316 -0.1875

-3.48541 -0.125
-3.49584 -0.09375

-1.03125 0.376996
-1 0.378225

-3.5 -0.0819468
-3.49619 -0.09375

0.78125 0.400428
0.8125 0.39987

3.46875 0.473688
3.5 0.474546

-1 0.378225
-0.96875 0.379382

-3 -0.00415598
-3.00719 0

0.8125 0.39987
0.84375 0.399245

-0.96875 0.379386
-0.9375 0.380463

-3.25 0.221261
-3.27238 0.25

3.5 0.472809
3.53125 0.476165

-3.5 0.319805
-3.46899 0.34375

3.53125 0.476359
3.5625 0.478587

-0.9375 0.380439
-0.90625 0.381474

-0.90625 0.381474
-0.875 0.382516

0.84375 0.39923
0.875 0.398566

-0.875 0.382515
-0.84375 0.383566

3.5625 0.476784
3.59375 0.476645

-3.47265 0.34375
-3.46875 0.345882

-3.46875 0.342604
-3.46535 0.34375

-3.46581 0.34375
-3.4375 0.353279

3.59375 0.476382
3.625 0.478292

3.625 0.477728
3.65625 0.479371

-0.84375 0.383562
-0.8125 0.384631

-0.8125 0.38462
-0.78125 0.385739

-0.78125 0.385737
-0.75 0.38693

-0.75 0.386941
-0.71875 0.388193

-0.71875 0.388193
-0.6875 0.389481

-0.6875 0.389469
-0.65625 0.390815

-0.65625 0.390831
-0.625 0.392228

-0.625 0.392243
-0.59375 0.393629

-0.59375 0.39364
-0.5625 0.394964

-0.5625 0.394965
-0.53125 0.396204

-0.53125 0.396206
-0.5 0.397352

0.875 0.398554
0.90625 0.397906

0.90625 0.3979
0.9375 0.397304

0.9375 0.397273
0.96875 0.396805

0.96875 0.396809
1 0.396521

-0.5 0.397356
-0.46875 0.398399

-0.46875 0.398401
-0.4375 0.399328

-0.4375 0.399324
-0.40625 0.400136

1 0.396532
1.03125 0.396394

-3.4375 0.352841
-3.40625 0.35324

1.03125 0.396374
1.0625 0.396406

-3.40625 0.353176
-3.375 0.344424

1.0625 0.396388
1.09375 0.396667

3.65625 0.478109
3.6875 0.479604

1.09375 0.396667
1.125 0.397227

-3.3125 0.297999
-3.32826 0.3125

1.125 0.397234
1.15625 0.398061

-3.34375 0.326429
-3.37343 0.34375

1.15625 0.398076
1.1875 0.399125

-0.40625 0.400124
-0.375 0.400851

-3.375 0.34438
-3.3738 0.34375

3.6875 0.478851
3.71875 0.480922

-3.34375 0.325798
-3.32739 0.3125

-0.375 0.40084
-0.34375 0.401528

1.1875 0.399155
1.21875 0.400336

3.71875 0.480128
3.75 0.481153

1.21875 0.400354
1.25 0.40157

-0.34375 0.40154
-0.3125 0.402186

-3.28125 0.261754
-3.29746 0.28125

1.25 0.40159
1.28125 0.402769

1.28125 0.402743
1.3125 0.403898

-0.3125 0.402193
-0.28125 0.402759

-0.28125 0.402745
-0.25 0.403246

-0.25 0.40326
-0.21875 0.403694

-0.21875 0.403686
-0.1875 0.404043

3.75 0.480277
3.78125 0.481203

3.78125 0.480598
3.8125 0.482194

1.3125 0.403868
1.34375 0.405109

1.34375 0.405088
1.36909 0.40625

1.36924 0.40625
1.375 0.406514

-0.1875 0.404021
-0.15625 0.404363

-0.15625 0.404329
-0.125 0.404766

3.8125 0.481092
3.84375 0.482924

3.84375 0.482216
3.875 0.483381

-3.3125 0.297452
-3.29747 0.28125

-3.28125 0.261557
-3.27209 0.25

-3.15625 0.113465
-3.16773 0.125

-3.125 0.0843066
-3.13542 0.09375

-3.15625 0.113048
-3.13582 0.09375

-3.21875 0.181599
-3.22362 0.1875

-3.1875 0.145852
-3.19688 0.15625

-0.125 0.404805
-0.09375 0.405326

-0.09375 0.405354
-0.0625 0.405826

3.875 0.480067
3.90625 0.485676

3.90625 0.484376
3.9375 0.488974

3.9375 0.488185
3.96875 0.483253

-3.21875 0.181694
-3.19703 0.15625

-3.22347 0.1875
-3.24839 0.21875

-3.25 0.221279
-3.24805 0.21875

-3.1875 0.14583
-3.16805 0.125

-3.09375 0.05792
-3.09942 0.0625

-3.09375 0.057346
-3.0625 0.034022

-0.0625 0.405841
-0.03125 0.406176

-0.03125 0.406149
-0.0160405 0.40625

1.375 0.406481
1.40625 0.408228

1.40625 0.408239
1.4375 0.410355

3.96875 0.485168
4 0.482051

-3.125 0.0836858
-3.09992 0.0625

-3.03125 0.0137911
-3.05747 0.03125

-0.0179963 0.40625
0 0.406369

1.4375 0.410384
1.46875 0.412788

1.46875 0.412817
1.5 0.415394

-3.0625 0.03196
-3.06143 0.03125

-3.03125 0.0128139
-3.00907 0

-3 -0.00455847
-2.96875 -0.019795

-2.9375 -0.0323161
-2.94019 -0.03125

-2.96875 -0.0202466
-2.94097 -0.03125

-2.9375 -0.0320522
-2.90625 -0.0418118

-2.90625 -0.0419807
-2.875 -0.0498677

1.5 0.41542
1.53125 0.418057

-2.875 -0.0499766
-2.84375 -0.0554352

-2.84375 -0.0554259
-2.8125 -0.0582568

-2.8125 -0.0582045
-2.78125 -0.0585305

1.53125 0.418057
1.5625 0.420703

1.5625 0.420642
1.59375 0.423418

1.59375 0.423452
1.625 0.426409

1.625 0.426514
1.65625 0.429372

1.65625 0.429411
1.6875 0.431882

1.6875 0.43185
1.71875 0.433918

1.71875 0.433908
1.75 0.435655

-2.78125 -0.0584746
-2.75 -0.0565121

1.75 0.435679
1.78125 0.437078

1.78125 0.437115
1.7941 0.4375

1.79436 0.4375
1.8125 0.438043

-2.75 -0.0564875
-2.71875 -0.0523978

-2.71875 -0.0524254
-2.6875 -0.0462026

-2.6875 -0.0463473
-2.65625 -0.037647

-2.65625 -0.0385838
-2.63614 -0.03125

-2.64205 -0.03125
-2.625 -0.0250318

-2.625 -0.0258977
-2.59375 -0.0125061

-2.59375 -0.0130572
-2.56725 0

-2.5625 -0.00270261
-2.55731 0

1.8125 0.437959
1.84375 0.438541

1.84375 0.438534
1.875 0.438951

-2.56968 0
-2.5625 0.00353745

-2.5625 0.00323098
-2.53125 0.0204012

-2.53125 0.0193879
-2.5111 0.03125

-2.5138 0.03125
-2.5 0.0393279

1.875 0.43896
1.90625 0.439206

1.90625 0.439188
1.9375 0.439281

1.9375 0.439261
1.96875 0.439277

1.96875 0.439292
2 0.43924

-2.5 0.0386084
-2.46875 0.0581688

-2.46875 0.0565902
-2.45931 0.0625

-2.46321 0.0625
-2.4375 0.0788468

-2.4375 0.0779751
-2.41277 0.09375

-2.41415 0.09375
-2.40625 0.0986738

-2.40625 0.0983922
-2.375 0.118004

-2.375 0.117114
-2.36178 0.125

-2.36427 0.125
-2.34375 0.137244

-2.34375 0.136552
-2.3125 0.154418

-2.3125 0.153161
-2.30676 0.15625

-2.31002 0.15625
-2.28125 0.17172

-2.28125 0.171171
-2.25 0.187019

-2.25 0.185853
-2.24656 0.1875

-2.24978 0.1875
-2.21875 0.202356

-2.21875 0.202012
-2.1875 0.216034

-2.1875 0.215429
-2.17973 0.21875

-2.18188 0.21875
-2.15625 0.229702

-2.15625 0.229457
-2.125 0.242014

-2.125 0.241871
-2.10378 0.25

-2.10446 0.25
-2.09375 0.254102

-2.09375 0.254043
-2.0625 0.265311

-2.0625 0.265335
-2.03125 0.275623

-2.03125 0.275537
-2.01185 0.28125

-2.01282 0.28125
-2 0.285025

