0 0.99
0 0.99
0 0.99
0 0.99
0 0.99
0 0.99
0 0.99
0 0.99
0 0.99
0 0.99
0 0.99
0 0.99
0 0.99
0 0.99
0 0.99
0 0.99
0 0.99
0 0.99
0 0.99
0 0.99
0 0.99
0 0.99
0 0.99
0 0.99
0 0.99
0 0.99
0 0.99
0 0.99
0 0.99
0 0.99
0 0.99
0 0.99
0 0.99
0 0.99
0 0.99
0 0.99
0 0.99
0 0.99
0 0.99
0 0.99
0 0.99
0 0.99
0 0.99
0 0.99
0 0.99
0 0.99
0 0.99
0 0.99
0 0.99
0 0.99
0 0.99
0 0.99
0 0.99
0 0.99
0 0.99
0 0.99
0 0.99
0 0.99
0 0.99
0 0.99
0 0.99
0 0.99
0 0.99
0 0.99
0 0.99
0 0.99
0 0.99
0 0.99
0 0.99
0 0.99
0 0.99
0 0.99
0 0.99
0 0.99
0 0.99
0 0.99
0 0.99
0 0.99
0 0.99
0 0.99
0 0.99
0 0.99
0 0.99
0 0.99
0 0.99
0 0.99
0 0.99
0 0.99
0 0.99
0 0.99
0 0.99
0 0.99
0 0.99
0 0.99
0 0.99
0 0.99
0 0.99
0 0.99
0 0.99
0 0.99
0 0.99
0 0.99
0 0.99
0 0.99
0 0.99
0 0.99
0 0.99
0 0.99
0 0.99
0 0.99
0 0.99
0 0.99
0 0.99
0 0.99
0 0.99
0 0.99
0 0.99
0 0.99
0 0.99
0 0.99
0 0.99
0 0.99
0 0.99
0 0.99
0 0.99
0 0.99
0 0.99
0 0.99
0 0.99
0 0.99
0 0.99
0 0.99
0 0.99
0 0.99
0 0.99
0 0.99
0 0.99
0 0.99
0 0.99
0 0.99
0 0.99
0 0.99
0 0.99
0 0.99
0 0.99
0 0.99
0 0.99
0 0.99
0 0.99
0 0.99
0 0.99
0 0.99
0 0.99
0 0.99
0 0.99
0 0.99
0 0.99
0 0.99
0 0.99
0 0.99
0 0.99
0 0.99
0 0.99
0 0.99
0 0.99
0 0.99
0 0.99
0 0.99
0 0.99
0 0.99
0 0.99
0 0.99
0 0.99
0 0.99
0 0.99
0 0.99
0 0.99
0 0.99
0 0.99
0 0.99
0 0.99
0 0.99
0 0.99
0 0.99
0 0.99
0 0.99
0 0.99
0 0.99
0 0.99
0 0.99
0 0.99
0 0.99
0 0.99
0 0.99
0 0.99
0 0.99
0 0.99
0 0.99
0 0.99
0 0.99
0 0.99
1 0.989999
1 0.989998
1 0.989996
1 0.989995
1 0.989994
1 0.989993
1 0.989991
1 0.98999
1 0.989992
1 0.989994
1 0.989997
1 0.989999
1 0.990001
1 0.990003
1 0.990005
1 0.990007
1 0.990003
1 0.989999
1 0.989995
1 0.989985
1 0.989983
1 0.989981
1 0.989978
1 0.989976
1 0.989974
1 0.989972
1 0.98997
1 0.989969
1 0.98997
1 0.989971
1 0.989972
1 0.989973
1 0.989974
1 0.989975
1 0.989976
1 0.989977
1 0.989977
1 0.989978
1 0.989979
1 0.98998
1 0.989981
1 0.989982
1 0.989983
1 0.989981
1 0.989978
1 0.989976
1 0.989973
1 0.98997
1 0.989968
1 0.989965
1 0.989962
1 0.98995
1 0.989949
1 0.989947
1 0.989946
1 0.989945
1 0.989944
1 0.989943
1 0.989942
1 0.989941
1 0.98994
1 0.989938
1 0.989937
1 0.989936
1 0.989935
1 0.989934
1 0.989933
1 0.98993
1 0.989928
1 0.989926
1 0.989924
1 0.989922
1 0.98992
1 0.989918
1 0.989916
1 0.989914
1 0.989912
1 0.989909
1 0.989907
1 0.989905
1 0.989903
1 0.989901
1 0.989899
1 0.989897
1 0.989895
1 0.989893
1 0.989891
1 0.989888
1 0.989886
1 0.989884
1 0.989882
1 0.98988
1 0.989878
1 0.989876
1 0.989874
1 0.989872
1 0.98987
1 0.989868
1 0.989868
1 0.989867
1 0.989867
1 0.989867
1 0.989867
1 0.989867
1 0.989867
1 0.989867
1 0.989867
1 0.989867
1 0.989867
1 0.989866
1 0.989866
1 0.989866
1 0.989866
1 0.989866
1 0.989866
1 0.989866
1 0.989866
1 0.989866
1 0.989865
1 0.989865
1 0.989865
1 0.989865
1 0.989865
1 0.989865
1 0.989865
1 0.989865
1 0.989865
1 0.989865
1 0.989864
1 0.989864
1 0.989863
1 0.989862
1 0.989861
1 0.98986
1 0.989859
1 0.989858
1 0.989857
1 0.989856
1 0.989855
1 0.989854
1 0.989853
1 0.989852
1 0.989851
1 0.98985
1 0.98989
1 0.989894
1 0.989898
1 0.989903
1 0.989907
1 0.989911
1 0.989915
1 0.989919
1 0.98992
1 0.989916
1 0.989913
1 0.989909
1 0.989906
1 0.989902
1 0.989898
1 0.989895
1 0.989891
1 0.989888
1 0.989884
1 0.989881
1 0.989877
1 0.989874
1 0.98987
1 0.989866
1 0.989868
1 0.98987
1 0.989872
1 0.989875
1 0.989877
1 0.989879
1 0.989881
1 0.989884
1 0.989913
1 0.98992
1 0.989928
1 0.989935
1 0.989932
1 0.98993
1 0.989927
1 0.989925
1 0.989922
1 0.98992
1 0.989918
1 0.989916
1 0.989919
1 0.989921
1 0.989924
1 0.989934
1 0.989939
1 0.989942
1 0.989942
1 0.989942
1 0.989942
1 0.989942
1 0.989943
1 0.989946
1 0.989947
2 0.989998
2 0.989996
2 0.989994
2 0.989991
2 0.989989
2 0.989987
2 0.989985
2 0.989982
2 0.989986
2 0.98999
2 0.989994
2 0.989998
2 0.990001
2 0.990005
2 0.990009
2 0.990011
2 0.990005
2 0.989998
2 0.989992
2 0.989974
2 0.989971
2 0.989968
2 0.989964
2 0.989961
2 0.989958
2 0.989954
2 0.989951
2 0.98995
2 0.989951
2 0.989952
2 0.989954
2 0.989955
2 0.989957
2 0.989958
2 0.989959
2 0.989961
2 0.989962
2 0.989963
2 0.989965
2 0.989966
2 0.989968
2 0.989969
2 0.98997
2 0.989967
2 0.989963
2 0.989959
2 0.989955
2 0.98995
2 0.989946
2 0.989942
2 0.989938
2 0.989917
2 0.989915
2 0.989914
2 0.989912
2 0.98991
2 0.989908
2 0.989906
2 0.989905
2 0.989903
2 0.989901
2 0.989899
2 0.989897
2 0.989896
2 0.989894
2 0.989892
2 0.989889
2 0.989886
2 0.989882
2 0.989879
2 0.989875
2 0.989872
2 0.989868
2 0.989865
2 0.989861
2 0.989858
2 0.989854
2 0.989851
2 0.989847
2 0.989844
2 0.98984
2 0.989837
2 0.989833
2 0.98983
2 0.989826
2 0.989823
2 0.989819
2 0.989816
2 0.989812
2 0.989809
2 0.989805
2 0.989802
2 0.989798
2 0.989795
2 0.989791
2 0.989788
2 0.989784
2 0.989781
2 0.989781
2 0.989781
2 0.989781
2 0.989781
2 0.989781
2 0.98978
2 0.98978
2 0.98978
2 0.98978
2 0.98978
2 0.98978
2 0.98978
2 0.98978
2 0.98978
2 0.989779
2 0.989779
2 0.989779
2 0.989779
2 0.989779
2 0.989779
2 0.989779
2 0.989779
2 0.989778
2 0.989778
2 0.989778
2 0.989778
2 0.989778
2 0.989778
2 0.989778
2 0.989778
2 0.989778
2 0.989776
2 0.989775
2 0.989773
2 0.989771
2 0.98977
2 0.989768
2 0.989767
2 0.989765
2 0.989763
2 0.989762
2 0.98976
2 0.989759
2 0.989757
2 0.989755
2 0.989754
2 0.989815
2 0.989821
2 0.989827
2 0.989833
2 0.989839
2 0.989846
2 0.989852
2 0.989858
2 0.989859
2 0.989854
2 0.989849
2 0.989844
2 0.989838
2 0.989833
2 0.989828
2 0.989823
2 0.989818
2 0.989812
2 0.989807
2 0.989802
2 0.989797
2 0.989792
2 0.989787
2 0.989781
2 0.989783
2 0.989786
2 0.989789
2 0.989793
2 0.989796
2 0.989799
2 0.989802
2 0.989806
2 0.989847
2 0.989858
2 0.989869
2 0.989879
2 0.989876
2 0.989873
2 0.989869
2 0.989866
2 0.989863
2 0.98986
2 0.989857
2 0.989855
2 0.989859
2 0.989862
2 0.989865
2 0.989879
2 0.989887
2 0.989891
2 0.989891
2 0.98989
2 0.98989
2 0.98989
2 0.989892
2 0.989896
2 0.989897
3 0.989997
3 0.989992
3 0.989988
3 0.989983
3 0.989979
3 0.989975
3 0.98997
3 0.989966
3 0.989973
3 0.98998
3 0.989987
3 0.989994
3 0.990002
3 0.990009
3 0.990016
3 0.99002
3 0.99001
3 0.989999
3 0.989988
3 0.989957
3 0.989952
3 0.989947
3 0.989941
3 0.989936
3 0.98993
3 0.989925
3 0.98992
3 0.989918
3 0.98992
3 0.989922
3 0.989924
3 0.989926
3 0.989928
3 0.98993
3 0.989932
3 0.989934
3 0.989936
3 0.989938
3 0.98994
3 0.989942
3 0.989944
3 0.989946
3 0.989948
3 0.989943
3 0.989936
3 0.989929
3 0.989923
3 0.989916
3 0.989909
3 0.989903
3 0.989896
3 0.989863
3 0.989861
3 0.989858
3 0.989855
3 0.989852
3 0.989849
3 0.989846
3 0.989843
3 0.98984
3 0.989838
3 0.989835
3 0.989832
3 0.989829
3 0.989826
3 0.989823
3 0.989819
3 0.989814
3 0.989808
3 0.989802
3 0.989797
3 0.989791
3 0.989785
3 0.98978
3 0.989774
3 0.989768
3 0.989763
3 0.989757
3 0.989752
3 0.989746
3 0.98974
3 0.989735
3 0.989729
3 0.989723
3 0.989718
3 0.989712
3 0.989706
3 0.989701
3 0.989695
3 0.989689
3 0.989684
3 0.989678
3 0.989672
3 0.989667
3 0.989661
3 0.989656
3 0.98965
3 0.989645
3 0.989645
3 0.989645
3 0.989645
3 0.989644
3 0.989644
3 0.989644
3 0.989644
3 0.989644
3 0.989644
3 0.989644
3 0.989644
3 0.989643
3 0.989643
3 0.989643
3 0.989643
3 0.989643
3 0.989643
3 0.989643
3 0.989643
3 0.989642
3 0.989642
3 0.989642
3 0.989642
3 0.989642
3 0.989642
3 0.989642
3 0.989641
3 0.989641
3 0.989641
3 0.989641
3 0.989641
3 0.989639
3 0.989636
3 0.989633
3 0.989631
3 0.989628
3 0.989626
3 0.989623
3 0.98962
3 0.989618
3 0.989615
3 0.989613
3 0.98961
3 0.989607
3 0.989605
3 0.989602
3 0.989697
3 0.989707
3 0.989716
3 0.989726
3 0.989735
3 0.989745
3 0.989754
3 0.989764
3 0.989766
3 0.989758
3 0.98975
3 0.989743
3 0.989735
3 0.989727
3 0.989719
3 0.989711
3 0.989704
3 0.989696
3 0.989688
3 0.98968
3 0.989673
3 0.989665
3 0.989657
3 0.989649
3 0.989652
3 0.989656
3 0.989661
3 0.989666
3 0.98967
3 0.989675
3 0.98968
3 0.989684
3 0.989747
3 0.989764
3 0.98978
3 0.989795
3 0.98979
3 0.989785
3 0.989781
3 0.989776
3 0.989771
3 0.989767
3 0.989762
3 0.98976
3 0.989765
3 0.989769
3 0.989773
3 0.989796
3 0.989808
3 0.989814
3 0.989813
3 0.989811
3 0.98981
3 0.98981
3 0.989812
3 0.989819
3 0.989822
