-4 -0.471359
-3.99219 -0.471354

-3.99219 -0.471355
-3.98438 -0.471341

-3.98438 -0.471341
-3.97656 -0.471313

-3.97656 -0.471313
-3.96875 -0.471272

-3.96875 -0.471272
-3.96094 -0.471217

-3.96094 -0.471216
-3.95312 -0.471148

-3.95312 -0.471147
-3.94531 -0.471067

-3.94531 -0.471067
-3.9375 -0.470976

-3.9375 -0.470975
-3.92969 -0.470873

-3.92969 -0.470873
-3.92188 -0.470763

-3.92188 -0.470762
-3.91406 -0.470643

-3.91406 -0.470643
-3.90625 -0.470517

-3.90625 -0.470517
-3.89844 -0.470385

-3.89844 -0.470385
-3.89062 -0.470249

-3.89062 -0.470249
-3.88281 -0.470108

-3.88281 -0.470108
-3.875 -0.469963

-3.875 -0.469962
-3.86719 -0.469813

-3.86719 -0.469813
-3.85938 -0.46966

-3.85938 -0.46966
-3.85156 -0.469504

-3.85156 -0.469504
-3.84375 -0.469344

-3.84375 -0.469343
-3.83594 -0.469181

-3.83594 -0.469181
-3.82812 -0.469017

-3.82812 -0.469018
-3.82031 -0.46885

-3.82031 -0.468851
-3.8157 -0.46875

-3.81585 -0.46875
-3.8125 -0.468676

-3.8125 -0.468678
-3.80469 -0.468503

-3.80469 -0.468503
-3.79688 -0.468326

-3.79688 -0.468326
-3.78906 -0.468148

-3.78906 -0.468148
-3.78125 -0.467968

-3.78125 -0.467967
-3.77344 -0.467787

-3.77344 -0.467787
-3.76562 -0.467605

-3.76562 -0.467605
-3.75781 -0.467422

-3.75781 -0.467422
-3.75 -0.467239

-3.75 -0.467239
-3.74219 -0.467056

-3.74219 -0.467056
-3.73438 -0.466872

-3.73438 -0.466872
-3.72656 -0.466689

-3.72656 -0.466689
-3.71875 -0.466505

-0.25 -0.248976
-0.242188 -0.246844

-0.242188 -0.246844
-0.234375 -0.24465

1.25 0.362304
1.25781 0.366177

1.25781 0.366425
1.25935 0.367188

1.26008 0.367188
1.26562 0.369931

1.26562 0.370047
1.27344 0.373903

1.27344 0.374149
1.27517 0.375

1.27592 0.375
1.28125 0.377617

1.28125 0.377743
1.28906 0.381558

1.28906 0.381794
1.29117 0.382812

2.5 0.475495
2.50781 0.476505

1.29194 0.382812
1.29688 0.385201

1.29688 0.385341
1.30469 0.389095

1.30469 0.389295
1.30749 0.390625

1.30824 0.390625
1.3125 0.392647

1.3125 0.392806
1.32031 0.396476

1.32031 0.396602
1.32428 0.398438

1.32491 0.398438
1.32812 0.399924

1.32812 0.400084
1.33594 0.40364

-3.71875 -0.466505
-3.71094 -0.466322

-0.234375 -0.244651
-0.226562 -0.242395

-0.226562 -0.242426
-0.225755 -0.242188

-0.22588 -0.242188
-0.21875 -0.240076

-0.21875 -0.24008
-0.210938 -0.237712

-0.210938 -0.237712
-0.203125 -0.235288

-0.203125 -0.235298
-0.200211 -0.234375

-0.200269 -0.234375
-0.195312 -0.232804

-0.195312 -0.232811
-0.1875 -0.230285

-0.1875 -0.230285
-0.179688 -0.227709

-3.71094 -0.466322
-3.70312 -0.466139

-3.70312 -0.466139
-3.69531 -0.465955

-3.69531 -0.465955
-3.6875 -0.465772

-3.6875 -0.465772
-3.67969 -0.465588

-3.67969 -0.465588
-3.67188 -0.465403

-3.67188 -0.465403
-3.66406 -0.465218

-3.66406 -0.465218
-3.65625 -0.465033

-3.65625 -0.465033
-3.64844 -0.464846

-3.64844 -0.464846
-3.64062 -0.464659

-3.64062 -0.464659
-3.63281 -0.464471

-3.63281 -0.464471
-3.625 -0.464282

-3.625 -0.464282
-3.61719 -0.464093

-3.61719 -0.464093
-3.60938 -0.463903

-3.60938 -0.463903
-3.60156 -0.463711

-3.60156 -0.463711
-3.59375 -0.463518

-3.59375 -0.463518
-3.58594 -0.463323

-3.58594 -0.463323
-3.57812 -0.463127

-3.57812 -0.463127
-3.57031 -0.462929

-3.57031 -0.462929
-3.5625 -0.46273

-3.5625 -0.46273
-3.55469 -0.462528

-3.55469 -0.462528
-3.54688 -0.462324

-3.54688 -0.462324
-3.53906 -0.462118

-3.53906 -0.462118
-3.53125 -0.46191

-3.53125 -0.46191
-3.52344 -0.461699

-3.52344 -0.461699
-3.51562 -0.461486

-3.51562 -0.461486
-3.50781 -0.461271

-3.50781 -0.461271
-3.5 -0.461054

-3.5 -0.461058
-3.49571 -0.460938

-3.49603 -0.460938
-3.49219 -0.46083

-3.49219 -0.460834
-3.48438 -0.460613

-3.48438 -0.460613
-3.47656 -0.460392

-3.47656 -0.460392
-3.46875 -0.460169

-3.46875 -0.460169
-3.46094 -0.459946

-3.46094 -0.459946
-3.45312 -0.459721

-3.45312 -0.459721
-3.44531 -0.459496

-3.44531 -0.459496
-3.4375 -0.459269

-3.4375 -0.459269
-3.42969 -0.459041

-3.42969 -0.459041
-3.42188 -0.458812

1.33594 0.403685
1.34169 0.40625

1.34205 0.40625
1.34375 0.407009

1.34375 0.407122
1.35156 0.410542

1.35156 0.410558
1.35938 0.413899

1.35938 0.413957
1.35963 0.414062

1.3598 0.414062
1.36719 0.417138

1.36719 0.417151
1.375 0.420314

1.375 0.420457
1.37861 0.421875

1.3794 0.421875
1.38281 0.423216

1.38281 0.423371
1.39062 0.426366

1.39062 0.426382
1.39844 0.429277

1.39844 0.429554
1.39881 0.429688

1.39972 0.429688
1.40625 0.432019

1.40625 0.432058
1.41406 0.434768

1.41406 0.434777
1.42188 0.437382

1.42188 0.437443
1.42206 0.4375

1.42226 0.4375
1.42969 0.439866

1.42969 0.439867
1.4375 0.442248

1.4375 0.442256
1.44531 0.444516

1.44531 0.444732
1.44743 0.445312

1.44869 0.445312
1.45312 0.446529

1.45312 0.446653
1.46094 0.448693

1.46094 0.448693
1.46875 0.450625

-0.179688 -0.227713
-0.176263 -0.226562

-0.176288 -0.226562
-0.171875 -0.22508

-0.171875 -0.225084
-0.164062 -0.222413

-0.164062 -0.222413
-0.15625 -0.219698

-0.15625 -0.219707
-0.153539 -0.21875

-0.15358 -0.21875
-0.148438 -0.216935

-0.148438 -0.21694
-0.140625 -0.214143

-0.140625 -0.214143
-0.132812 -0.211303

-0.132812 -0.211317
-0.131784 -0.210938

-0.13183 -0.210938
-0.125 -0.208419

-0.125 -0.208421
-0.117188 -0.205502

-0.117188 -0.205501
-0.11091 -0.203125

-0.110915 -0.203125
-0.109375 -0.202542

-0.109375 -0.202551
-0.09375 -0.196536

-0.09375 -0.196535
-0.0906261 -0.195312

-0.0906614 -0.195312
-0.0859375 -0.193464

-0.0859375 -0.193469
-0.078125 -0.190379

-0.078125 -0.190379
-0.0709227 -0.1875

-0.0709428 -0.1875
-0.0625 -0.184109

-0.0625 -0.184106
-0.046875 -0.177713

-0.046875 -0.177706
-0.0390625 -0.174468

-0.0390625 -0.174468
-0.0328553 -0.171875

-0.0328684 -0.171875
-0.03125 -0.171199

-0.03125 -0.171208
-0.015625 -0.164613

-0.015625 -0.16461
0 -0.157933

1.46875 0.450629
1.47656 0.452442

1.47656 0.452612
1.47892 0.453125

1.48025 0.453125
1.48438 0.454021

0 -0.157933
0.0039056 -0.15625

0.00388224 -0.15625
0.0078125 -0.154556

0.0078125 -0.154562
0.015625 -0.151176

0.015625 -0.151174
0.0219127 -0.148438

0.0219066 -0.148438
0.0234375 -0.147771

0.0234375 -0.147772
0.03125 -0.144363

1.48438 0.454134
1.49219 0.455724

0.03125 -0.144369
0.0397815 -0.140625

1.49219 0.455725
1.5 0.457205

0.0397422 -0.140625
0.046875 -0.137495

0.046875 -0.137502
0.0625 -0.130611

2.50781 0.476488
2.5084 0.476562

2.50825 0.476562
2.51562 0.477496

2.51562 0.477495
2.52344 0.478461

2.52344 0.478461
2.53125 0.479402

2.53125 0.479402
2.53906 0.480317

2.53906 0.480317
2.54688 0.481204

2.54688 0.481205
2.55469 0.482063

2.55469 0.482063
2.5625 0.482891

2.5625 0.482892
2.57031 0.483687

2.57031 0.483645
2.5778 0.484375

2.57551 0.484375
2.57812 0.48463

2.57812 0.48445
2.58594 0.485173

2.58594 0.485173
2.59375 0.485856

2.59375 0.485857
2.60156 0.486499

2.60156 0.486499
2.60938 0.487099

2.60938 0.487099
2.61719 0.487658

1.5 0.457205
1.50781 0.458572

1.50781 0.458572
1.51562 0.459825

1.51562 0.459825
1.52325 0.460938

1.52331 0.460938
1.52344 0.460956

1.52344 0.460964
1.53125 0.461992

1.53125 0.461993
1.53906 0.462909

1.53906 0.462909
1.54688 0.463715

1.54688 0.463715
1.55469 0.46441

1.55469 0.46441
1.5625 0.464995

-3.42188 -0.458812
-3.41406 -0.458582

-3.41406 -0.458582
-3.40625 -0.45835

-3.40625 -0.45835
-3.39844 -0.458117

2.61719 0.487658
2.625 0.488175

0.0625 -0.13061
0.0703125 -0.127153

2.625 0.488175
2.63281 0.488651

2.63281 0.48865
2.64062 0.489085

-3.39844 -0.458117
-3.39062 -0.457882

1.5625 0.464995
1.57031 0.46547

-3.39062 -0.457882
-3.38281 -0.457646

-3.38281 -0.457646
-3.375 -0.457408

-3.375 -0.457408
-3.36719 -0.457169

0.0703125 -0.127153
0.0751707 -0.125

1.57031 0.46547
1.57812 0.465837

0.0751626 -0.125
0.078125 -0.123688

-3.36719 -0.457169
-3.35938 -0.456928

1.57812 0.465837
1.58594 0.466095

2.64062 0.489085
2.64844 0.489481

1.58594 0.466095
1.59375 0.466247

2.64844 0.48948
2.65625 0.489838

0.078125 -0.123689
0.0859375 -0.120222

0.0859375 -0.120223
0.0927676 -0.117188

2.65625 0.489837
2.66406 0.490158

2.66406 0.490157
2.67188 0.490442

2.67188 0.490442
2.67969 0.490693

2.67969 0.490693
2.6875 0.490913

2.6875 0.490912
2.69531 0.491103

2.69531 0.491102
2.70312 0.491265

2.70312 0.491264
2.71094 0.491401

2.71094 0.491401
2.71875 0.491515

2.71875 0.491514
2.72656 0.491607

2.72656 0.491606
2.73438 0.49168

2.73438 0.491679
2.74219 0.491736

2.74219 0.491736
2.75 0.491778

2.75 0.491777
2.75781 0.491807

1.59375 0.466247
1.60156 0.466292

1.60156 0.466292
1.60938 0.466232

1.60938 0.466232
1.61719 0.466068

2.75781 0.491807
2.76562 0.491826

2.76562 0.491826
2.77344 0.491837

-3.35938 -0.456928
-3.35156 -0.456685

0.0927623 -0.117188
0.09375 -0.116749

-3.35156 -0.456685
-3.34375 -0.45644

-3.34375 -0.45644
-3.33594 -0.456193

-3.33594 -0.456193
-3.32812 -0.455943

-3.32812 -0.455943
-3.32031 -0.455692

-3.32031 -0.455692
-3.3125 -0.455437

1.61719 0.466067
1.625 0.465801

-3.3125 -0.455437
-3.30469 -0.45518

-3.30469 -0.45518
-3.29688 -0.454921

-3.29688 -0.454921
-3.28906 -0.454658

-3.28906 -0.454658
-3.28125 -0.454393

-3.28125 -0.454393
-3.27344 -0.454124

1.625 0.4658
1.63281 0.465434

-3.27344 -0.454124
-3.26562 -0.453852

-3.26562 -0.453852
-3.25781 -0.453577

2.77344 0.491837
2.78125 0.491841

2.78125 0.491841
2.78906 0.49184

1.63281 0.465433
1.64062 0.464969

1.64062 0.464968
1.64844 0.464409

-3.25781 -0.453577
-3.25 -0.453299

-3.25 -0.453305
-3.245 -0.453125

-3.24546 -0.453125
-3.24219 -0.453007

-3.24219 -0.453017
-3.23438 -0.452732

-3.23438 -0.452732
-3.22656 -0.452446

-3.22656 -0.452446
-3.21875 -0.452158

-3.21875 -0.452158
-3.21094 -0.451868

-3.21094 -0.451868
-3.20312 -0.451576

-3.20312 -0.451576
-3.19531 -0.451282

-3.19531 -0.451282
-3.1875 -0.450986

-3.1875 -0.450986
-3.17969 -0.450687

-3.17969 -0.450687
-3.17188 -0.450385

-3.17188 -0.450385
-3.16406 -0.45008

-3.16406 -0.45008
-3.15625 -0.449773

-3.15625 -0.449773
-3.14844 -0.449462

-3.14844 -0.449462
-3.14062 -0.449148

-3.14062 -0.449148
-3.13281 -0.448831

-3.13281 -0.448831
-3.125 -0.448511

0.09375 -0.116749
0.101562 -0.113276

0.101562 -0.113276
0.109375 -0.109803

0.109375 -0.109794
0.110318 -0.109375

0.110337 -0.109375
0.125 -0.102859

0.125 -0.102858
0.140625 -0.0959179

0.140625 -0.0959068
0.145482 -0.09375

0.145523 -0.09375
0.15625 -0.0889868

0.15625 -0.0889873
0.171875 -0.0820362

0.171875 -0.0820526
0.179688 -0.0785604

0.179688 -0.078565
0.180671 -0.078125

0.18059 -0.078125
0.1875 -0.075043

0.1875 -0.0750544
0.195312 -0.0715757

0.195312 -0.0715726
0.198144 -0.0703125

0.198137 -0.0703125
0.203125 -0.0680926

0.203125 -0.0681027
0.215687 -0.0625

0.215671 -0.0625
0.21875 -0.0611268

0.21875 -0.0611351
0.234375 -0.0541381

1.64844 0.464409
1.65625 0.463759

1.65625 0.463758
1.66406 0.463021

1.66406 0.46302
1.67188 0.4622

1.67188 0.462199
1.67969 0.461302

2.78906 0.49184
2.79688 0.491836

1.6875 0.460441
1.68351 0.460938

1.67969 0.461031
1.68044 0.460938

-3.125 -0.448511
-3.11719 -0.448187

-3.11719 -0.448187
-3.10938 -0.44786

2.79688 0.491836
2.80469 0.491831

-3.10938 -0.44786
-3.10156 -0.447529

1.6875 0.460329
1.69531 0.45928

2.80469 0.491831
2.8125 0.491825

2.8125 0.491825
2.82031 0.49182

2.82031 0.49182
2.82812 0.491817

2.82812 0.491817
2.83594 0.491817

0.234375 -0.0541345
0.242188 -0.0506241

-3.10156 -0.447529
-3.09375 -0.447195

-3.09375 -0.447195
-3.08594 -0.446857

-3.08594 -0.446857
-3.07812 -0.446515

-3.07812 -0.446515
-3.07031 -0.44617

1.69531 0.459277
1.70312 0.458157

1.70312 0.458156
1.71094 0.456973

0.242188 -0.050623
0.25 -0.0471102

1.71094 0.456971
1.71875 0.455733

-3.07031 -0.44617
-3.0625 -0.44582

2.83594 0.491816
2.84375 0.49182

-3.0625 -0.44582
-3.05469 -0.445467

1.73438 0.453118
1.73433 0.453125

1.71875 0.455731
1.72656 0.454445

2.84375 0.491819
2.85156 0.491827

2.85156 0.491827
2.85938 0.491838

2.85938 0.491838
2.86719 0.491854

2.86719 0.491854
2.875 0.491874

-3.05469 -0.445475
-3.05112 -0.445312

2.875 0.491874
2.88281 0.491898

-3.05144 -0.445312
-3.04688 -0.445104

1.72656 0.454443
1.73431 0.453125

0.25 -0.0470979
0.250495 -0.046875

1.73438 0.453117
1.74219 0.451745

1.74219 0.451741
1.75 0.450325

2.88281 0.491898
2.89062 0.491926

-3.04688 -0.44511
-3.03906 -0.444753

0.250527 -0.046875
0.257812 -0.0435974

0.257812 -0.0435963
0.265625 -0.0400782

-3.03906 -0.444752
-3.03125 -0.444394

-3.03125 -0.444394
-3.02344 -0.444036

-3.02344 -0.444036
-3.01562 -0.443679

-3.01562 -0.443679
-3.00781 -0.443321

-3.00781 -0.443321
-3 -0.442963

1.75 0.450322
1.75781 0.448878

-3 -0.442963
-2.99219 -0.442605

-2.99219 -0.442605
-2.98438 -0.442246

-2.98438 -0.442246
-2.97656 -0.441886

2.89062 0.491927
2.89844 0.491957

1.75781 0.448875
1.76562 0.447411

2.89844 0.491958
2.90625 0.49199

-2.97656 -0.441887
-2.96875 -0.441526

2.90625 0.491991
2.91406 0.492024

0.265625 -0.0400755
0.267871 -0.0390625

2.91406 0.492024
2.92188 0.492056

-2.96875 -0.441526
-2.96094 -0.441165

1.76562 0.447409
1.77344 0.445935

0.267883 -0.0390625
0.273438 -0.0365572

1.78125 0.444636
1.77769 0.445312

-2.96094 -0.441165
-2.95312 -0.440803

2.92188 0.492057
2.92969 0.492086

0.273438 -0.0365553
0.28125 -0.033025

2.92969 0.492087
2.9375 0.49211

1.77344 0.445638
1.77515 0.445312

2.9375 0.492111
2.94531 0.492127

1.78125 0.444453
1.78906 0.442957

0.28125 -0.0330219
0.285166 -0.03125

2.94531 0.492127
2.95312 0.492132

2.95312 0.492133
2.96094 0.492124

2.96094 0.492125
2.96875 0.492099

2.96875 0.4921
2.97656 0.492054

0.285178 -0.03125
0.289062 -0.0294921

2.97656 0.492054
2.98438 0.491984

-2.95312 -0.440803
-2.94531 -0.440439

1.78906 0.442951
1.79688 0.441452

0.289062 -0.0294887
0.296875 -0.0259504

1.79688 0.441449
1.80469 0.439964

-2.94531 -0.440439
-2.9375 -0.440074

2.98438 0.491985
2.99219 0.491887

0.296875 -0.025946
0.302414 -0.0234375

2.99219 0.491888
3 0.491759

1.80469 0.439962
1.8125 0.438498

0.30244 -0.0234375
0.304688 -0.0224194

0.304688 -0.0224124
0.3125 -0.0188731

1.82031 0.437269
1.81905 0.4375

1.82031 0.437066
1.82812 0.435649

1.82812 0.435641
1.83594 0.434249

1.83594 0.434247
1.84375 0.432898

1.84375 0.432895
1.85156 0.431597

-2.9375 -0.440074
-2.92969 -0.439708

-2.92969 -0.439708
-2.92188 -0.439339

0.3125 -0.0188715
0.319664 -0.015625

1.85156 0.431596
1.85938 0.430356

-2.92188 -0.439339
-2.91406 -0.438969

0.319676 -0.015625
0.320312 -0.0153364

1.86719 0.429376
1.86513 0.429688

-2.91406 -0.438969
-2.90625 -0.438597

0.320312 -0.0153322
0.328125 -0.0117912

1.85938 0.430216
1.86287 0.429688

0.328125 -0.0117885
0.335938 -0.00825086

3 0.49176
3.00781 0.491596

1.86719 0.429177
1.875 0.428046

-2.90625 -0.438597
-2.89844 -0.438223

1.8125 0.438424
1.81753 0.4375

-2.89844 -0.438223
-2.89062 -0.437847

-2.89062 -0.437851
-2.88337 -0.4375

0.335938 -0.00820347
0.336801 -0.0078125

1.875 0.42804
1.88281 0.426964

0.336931 -0.0078125
0.34375 -0.00472451

3.00781 0.491597
3.01562 0.491396

1.88281 0.426963
1.89062 0.425953

3.01562 0.491397
3.02344 0.491155

1.89062 0.425952
1.89844 0.425014

3.02344 0.491155
3.03125 0.49087

-2.88395 -0.4375
-2.88281 -0.437445

-2.88281 -0.437469
-2.875 -0.43709

0.34375 -0.00471266
0.351562 -0.0011747

-2.875 -0.437091
-2.86719 -0.436713

3.03125 0.490871
3.03906 0.49054

1.89844 0.425013
1.90625 0.424149

3.03906 0.49054
3.04688 0.490162

1.90625 0.424149
1.91406 0.42336

-2.86719 -0.436713
-2.85938 -0.436337

1.91406 0.42336
1.92188 0.422648

-2.85938 -0.436337
-2.85156 -0.435962

0.351562 -0.00113153
0.354064 0

-2.85156 -0.435962
-2.84375 -0.435588

-2.84375 -0.435588
-2.83594 -0.435215

1.9375 0.421469
1.93187 0.421875

3.04688 0.490162
3.05469 0.489735

-2.83594 -0.435215
-2.82812 -0.434843

3.05469 0.489736
3.0625 0.489259

1.92188 0.422648
1.92969 0.422012

1.92969 0.421927
1.93041 0.421875

-2.82812 -0.434843
-2.82031 -0.434471

1.9375 0.42145
1.94531 0.420957

0.354216 0
0.359375 0.00233378

1.94531 0.420957
1.95312 0.420536

-2.82031 -0.434471
-2.8125 -0.4341

3.0625 0.489259
3.07031 0.488733

-2.8125 -0.4341
-2.80469 -0.43373

1.95312 0.420536
1.96094 0.420185

0.359375 0.00235923
0.367188 0.00588949

-2.80469 -0.43373
-2.79688 -0.43336

0.367188 0.00591455
0.371399 0.0078125

3.07031 0.488733
3.07812 0.488158

-2.79688 -0.43336
-2.78906 -0.43299

0.371522 0.0078125
0.375 0.00938015

1.96094 0.420185
1.96875 0.419904

0.375 0.00941167
0.382812 0.0129216

3.07812 0.488157
3.08594 0.487532

3.08594 0.487532
3.09375 0.486858

1.96875 0.419905
1.97656 0.419691

1.97656 0.419692
1.98438 0.419545

1.98438 0.419545
1.99219 0.419463

-2.78906 -0.43299
-2.78125 -0.43262

1.99219 0.419463
2 0.419443

-2.78125 -0.43262
-2.77344 -0.43225

0.382812 0.0129299
0.38884 0.015625

0.388908 0.015625
0.390625 0.0163926

-2.77344 -0.43225
-2.76562 -0.43188

-2.76562 -0.43188
-2.75781 -0.431509

-2.75781 -0.431509
-2.75 -0.431138

3.09375 0.486858
3.10156 0.486136

3.10156 0.486136
3.10938 0.485366

3.125 0.483709
3.11897 0.484375

3.10938 0.485366
3.11719 0.48455

3.11719 0.484413
3.11753 0.484375

-2.75 -0.431138
-2.74219 -0.430766

3.125 0.483687
3.13281 0.482777

0.390625 0.0164149
0.398438 0.0198922

-2.74219 -0.430766
-2.73438 -0.430393

-2.73438 -0.430393
-2.72656 -0.430019

3.13281 0.482776
3.14062 0.481821

3.14062 0.481821
3.14844 0.480825

2 0.419443
2.00781 0.419484

0.398438 0.0198964
0.40625 0.0233523

-2.72656 -0.430022
-2.71961 -0.429688

0.40625 0.0233685
0.406407 0.0234375

3.14844 0.480824
3.15625 0.479789

2.00781 0.419485
2.01562 0.419584

3.15625 0.479789
3.16406 0.478718

-2.72007 -0.429688
-2.71875 -0.429624

0.40645 0.0234375
0.414062 0.0267803

3.16406 0.478718
3.17188 0.477613

0.414062 0.0267833
0.421875 0.0301882

0.421875 0.0302358
0.42422 0.03125

-2.71875 -0.429642
-2.71094 -0.429265

2.01562 0.419585
2.02344 0.419742

3.17969 0.476519
3.17939 0.476562

2.02344 0.419742
2.03125 0.419954

3.17188 0.47761
3.17909 0.476562

-2.71094 -0.429265
-2.70312 -0.42889

3.17969 0.476478
3.1875 0.475312

0.424388 0.03125
0.429688 0.0335419

2.03125 0.419955
2.03906 0.420221

0.429688 0.0335668
0.4375 0.0369191

2.03906 0.420221
2.04688 0.42054

3.1875 0.475311
3.19531 0.474116

2.04688 0.420541
2.05469 0.42091

-2.70312 -0.42889
-2.69531 -0.428516

0.4375 0.0369265
0.442526 0.0390625

-2.69531 -0.428516
-2.6875 -0.428144

0.442572 0.0390625
0.445312 0.0402273

-2.6875 -0.428144
-2.67969 -0.427773

0.445312 0.0402405
0.453125 0.0435262

3.19531 0.474115
3.20312 0.472897

-2.67969 -0.427773
-2.67188 -0.427404

2.05469 0.420911
2.0625 0.421331

-2.67188 -0.427404
-2.66406 -0.427035

0.453125 0.0435263
0.460938 0.0467756

2.0625 0.421331
2.07031 0.421799

0.460938 0.0467889
0.461147 0.046875

2.07156 0.421875
2.07812 0.422307

3.20312 0.472896
3.21094 0.471656

2.07812 0.422315
2.08594 0.422875

0.461178 0.046875
0.46875 0.0499867

2.08594 0.422876
2.09375 0.42348

-2.66406 -0.427035
-2.65625 -0.426667

3.21094 0.471656
3.21875 0.470399

-2.65625 -0.426667
-2.64844 -0.426299

0.46875 0.0499861
0.476562 0.0531576

2.09375 0.423481
2.10156 0.424127

0.476562 0.0531439
0.480412 0.0546875

0.480341 0.0546875
0.484375 0.0563053

3.23438 0.467925
3.22936 0.46875

-2.64844 -0.426299
-2.64062 -0.425932

3.23438 0.467842
3.24219 0.466545

2.10156 0.424128
2.10938 0.424812

0.484375 0.0562927
0.492188 0.0593833

2.10938 0.424813
2.11719 0.425532

0.492188 0.059379
0.5 0.0624332

3.24219 0.466544
3.25 0.465237

-2.64062 -0.425932
-2.63281 -0.425566

2.11719 0.425533
2.125 0.426285

3.21875 0.470398
3.22656 0.469127

-2.63281 -0.425566
-2.625 -0.4252

2.125 0.426286
2.13281 0.427068

-2.625 -0.4252
-2.61719 -0.424834

-2.61719 -0.424834
-2.60938 -0.424468

-2.60938 -0.424468
-2.60156 -0.424102

2.13281 0.427069
2.14062 0.427878

3.25 0.465237
3.25781 0.463924

-2.60156 -0.424102
-2.59375 -0.423735

3.25781 0.463923
3.26562 0.462607

2.14062 0.427879
2.14844 0.428712

3.26562 0.462606
3.27344 0.461289

3.28125 0.460038
3.27592 0.460938

2.14844 0.428713
2.15625 0.429568

3.28125 0.459971
3.28906 0.458652

-2.59375 -0.423735
-2.58594 -0.423368

-2.58594 -0.423368
-2.57812 -0.423

-2.57812 -0.423
-2.57031 -0.422631

-2.57031 -0.422631
-2.5625 -0.422262

3.28906 0.458651
3.29688 0.457335

0.5 0.0622676
0.500602 0.0625

3.29688 0.457334
3.30469 0.456024

2.15625 0.429623
2.15683 0.429688

3.30469 0.456024
3.3125 0.454721

-2.5625 -0.422263
-2.55469 -0.421891

3.32812 0.452196
3.32246 0.453125

-2.55469 -0.42189
-2.55437 -0.421875

-2.5548 -0.421875
-2.55469 -0.42187

0.500135 0.0625
0.507812 0.0654619

2.15738 0.429688
2.16406 0.430435

3.3125 0.454721
3.32031 0.453429

-2.5544 -0.421875
-2.54688 -0.421516

3.32812 0.452147
3.33594 0.450874

3.33594 0.450873
3.34375 0.449613

3.34375 0.449612
3.35156 0.448366

3.35156 0.448366
3.35938 0.447137

3.35938 0.447137
3.36719 0.445926

3.375 0.444977
3.3728 0.445312

-2.54688 -0.421516
-2.53906 -0.421144

-2.53906 -0.421144
-2.53125 -0.420775

2.16406 0.430442
2.17188 0.431333

2.17188 0.431333
2.17969 0.432238

0.507812 0.0654486
0.515625 0.0684199

0.515625 0.0683939
0.520731 0.0703125

3.36719 0.445706
3.36977 0.445312

0.520528 0.0703125
0.523438 0.0714056

0.523438 0.0713581
0.53125 0.0742532

2.17969 0.432238
2.1875 0.433156

0.53125 0.0742489
0.539062 0.0771099

2.1875 0.433154
2.20312 0.435024

3.42969 0.437249
3.42779 0.4375

2.20312 0.435027
2.21094 0.435979

2.21094 0.435979
2.21875 0.436943

-2.53125 -0.420775
-2.52344 -0.420408

2.21875 0.436931
2.2233 0.4375

-2.52344 -0.420408
-2.51562 -0.420044

-2.51562 -0.420044
-2.50781 -0.419682

2.22308 0.4375
2.22656 0.437935

-2.50781 -0.419682
-2.5 -0.419322

3.42969 0.436984
3.4375 0.435976

2.22656 0.43792
2.23438 0.438902

-2.5 -0.419322
-2.49219 -0.418963

2.23438 0.4389
2.25 0.440883

3.375 0.444735
3.38281 0.443561

2.32812 0.052646
2.32608 0.0546875

0.539062 0.0769837
0.542216 0.078125

2.3125 0.131099
2.31079 0.132812

3.38281 0.44356
3.39062 0.442405

-2.49219 -0.418963
-2.48438 -0.418607

0.541647 0.078125
0.546875 0.080017

2.25 0.440883
2.25781 0.441884

0.546875 0.0799397
0.554688 0.0827291

-2.48438 -0.418607
-2.47656 -0.418252

3.39062 0.442405
3.39844 0.441272

-2.47656 -0.418252
-2.46875 -0.417898

-2.46875 -0.417898
-2.46094 -0.417545

2.25781 0.441884
2.26562 0.442895

3.39844 0.441272
3.40625 0.440162

0.554688 0.0827234
0.5625 0.0854894

3.40625 0.440161
3.41406 0.439076

-2.46094 -0.417545
-2.45312 -0.417193

0.5625 0.0852122
0.564569 0.0859375

-2.45312 -0.417193
-2.44531 -0.416841

0.563554 0.0859375
0.570312 0.0883071

2.26562 0.442894
2.27344 0.443915

-2.44531 -0.416841
-2.4375 -0.41649

2.27344 0.443915
2.28125 0.444946

3.41406 0.439076
3.42188 0.438017

3.42188 0.437751
3.42377 0.4375

2.28125 0.444886
2.28445 0.445312

2.28374 0.445312
2.28906 0.446021

-2.4375 -0.41649
-2.42969 -0.416139

-2.42969 -0.416139
-2.42188 -0.415787

-2.42188 -0.415787
-2.41406 -0.415435

-2.41406 -0.415435
-2.40625 -0.415082

-2.40625 -0.415082
-2.39844 -0.414727

-2.39844 -0.414726
-2.39062 -0.41437

-2.39062 -0.414373
-2.38389 -0.414062

2.28906 0.445987
2.29688 0.447037

2.29688 0.447037
2.30469 0.448095

0.570312 0.0882315
0.578125 0.0909378

0.578125 0.0909312
0.585938 0.0936267

0.585938 0.0932018
0.587535 0.09375

0.586109 0.09375
0.59375 0.096371

-2.38418 -0.414062
-2.38281 -0.413999

-2.38281 -0.414009
-2.375 -0.413646

2.30469 0.448095
2.3125 0.449163

2.3125 0.449163
2.32031 0.450239

2.32031 0.45024
2.32812 0.451324

3.4375 0.435975
3.44531 0.434991

2.32812 0.451324
2.33594 0.452414

2.33594 0.452397
2.34113 0.453125

-2.375 -0.413646
-2.36719 -0.413286

2.3408 0.453125
2.34375 0.453538

-2.36719 -0.413286
-2.35938 -0.412928

3.44531 0.434991
3.45312 0.434035

-2.35938 -0.412928
-2.35156 -0.412574

0.59375 0.0963097
0.601562 0.0989681

2.34375 0.453508
2.35156 0.454608

0.601562 0.098962
0.609209 0.101562

-2.35156 -0.412574
-2.34375 -0.412221

3.45312 0.434034
3.46094 0.433106

0.609042 0.101562
0.609375 0.101676

3.46094 0.433106
3.46875 0.432207

2.35156 0.454609
2.35938 0.455715

-2.34375 -0.412221
-2.33594 -0.41187

2.35938 0.455715
2.36719 0.456827

-2.33594 -0.41187
-2.32812 -0.411519

2.36719 0.456827
2.375 0.457944

0.609375 0.101085
0.610782 0.101562

3.46875 0.432207
3.47656 0.431339

2.375 0.457945
2.38281 0.459066

3.47656 0.431339
3.48438 0.430502

2.38281 0.459067
2.39062 0.460191

-2.32812 -0.411519
-2.32031 -0.411167

2.39062 0.460182
2.39587 0.460938

-2.32031 -0.411167
-2.3125 -0.410814

3.48438 0.430501
3.49219 0.429696

-2.3125 -0.410814
-2.30469 -0.410457

3.5 0.428921
3.49228 0.429688

-2.30469 -0.410458
-2.29688 -0.410097

0.609375 0.101672
0.617188 0.10432

0.617188 0.104271
0.625 0.106907

-2.29688 -0.410098
-2.28906 -0.409733

-2.28906 -0.409733
-2.28125 -0.409362

0.625 0.106899
0.632321 0.109375

0.632812 0.108934
0.634116 0.109375

0.632119 0.109375
0.632812 0.10961

0.632812 0.109588
0.640625 0.112232

0.640625 0.112191
0.648438 0.114836

0.648438 0.114823
0.65539 0.117188

0.655135 0.117188
0.65625 0.117567

0.65625 0.116821
0.657322 0.117188

-2.28125 -0.409362
-2.27344 -0.408985

0.65625 0.117519
0.664062 0.120187

2.39566 0.460938
2.39844 0.461337

-2.27344 -0.408985
-2.26562 -0.408601

0.664062 0.120159
0.671875 0.122839

2.39844 0.461318
2.40625 0.462443

-2.26562 -0.408601
-2.25781 -0.408208

3.5 0.428921
3.50781 0.428175

2.40625 0.462443
2.41406 0.463566

3.50781 0.428174
3.51562 0.427459

0.671875 0.122817
0.678197 0.125

-2.25781 -0.408208
-2.25 -0.407806

3.51562 0.427459
3.52344 0.426775

2.41406 0.463566
2.42188 0.464687

3.52344 0.426774
3.53125 0.426122

0.679688 0.124824
0.680195 0.125

-2.25 -0.407806
-2.24219 -0.407394

0.677886 0.125
0.679688 0.125622

-2.24219 -0.407394
-2.23438 -0.40697

3.53125 0.426121
3.53906 0.425501

2.42188 0.464687
2.42969 0.465804

3.53906 0.4255
3.54688 0.424912

0.679688 0.125545
0.6875 0.128256

-2.23438 -0.40697
-2.22656 -0.406533

2.42969 0.465804
2.4375 0.466917

-2.22656 -0.406539
-2.22158 -0.40625

2.4375 0.466917
2.44531 0.468025

0.6875 0.128247
0.695312 0.130974

0.695312 0.130931
0.70066 0.132812

-2.22182 -0.40625
-2.21875 -0.406072

0.700283 0.132812
0.703125 0.133812

0.703125 0.133726
0.710938 0.13649

-2.21875 -0.406078
-2.21094 -0.405612

3.54688 0.424912
3.55469 0.424356

2.44531 0.467988
2.45073 0.46875

2.44997 0.46875
2.45312 0.469194

-2.21094 -0.405611
-2.20312 -0.405137

2.45312 0.469126
2.46094 0.470217

2.46094 0.470217
2.46875 0.471297

0.710938 0.136485
0.71875 0.139271

-2.20312 -0.405137
-2.19531 -0.404655

0.71875 0.139186
0.72275 0.140625

0.722278 0.140625
0.726562 0.142166

2.46875 0.471296
2.47656 0.472365

2.47656 0.472366
2.48438 0.473423

-2.19531 -0.404655
-2.1875 -0.404164

2.48438 0.473424
2.49219 0.474467

0.726562 0.142085
0.734375 0.144912

-2.1875 -0.404165
-2.17969 -0.403663

0.734375 0.144909
0.742188 0.147761

0.742188 0.147601
0.744463 0.148438

3.55469 0.424356
3.5625 0.423832

2.49219 0.474467
2.5 0.475495

3.5625 0.423832
3.57031 0.423341

0.743861 0.148438
0.75 0.150695

-2.17969 -0.403664
-2.17188 -0.403151

-2.17188 -0.403151
-2.16406 -0.402625

-2.16406 -0.402625
-2.15625 -0.402083

3.57031 0.423341
3.57812 0.422882

3.57812 0.422882
3.58594 0.422455

-2.15625 -0.402083
-2.14844 -0.401523

-2.14844 -0.401524
-2.14062 -0.400944

-2.14062 -0.400945
-2.13281 -0.400343

-2.13281 -0.400343
-2.125 -0.399717

3.58594 0.422455
3.59375 0.422059

-2.125 -0.399717
-2.11719 -0.399066

-2.11719 -0.399073
-2.10992 -0.398438

3.60156 0.421727
3.59838 0.421875

3.60156 0.421696
3.60938 0.421362

3.59375 0.422029
3.59706 0.421875

3.60938 0.421362
3.61719 0.421058

3.61719 0.421058
3.625 0.420784

0.75 0.150636
0.757812 0.153525

0.757812 0.153524
0.765131 0.15625

-2.11039 -0.398438
-2.10938 -0.398349

-2.10938 -0.398382
-2.10156 -0.397669

0.765625 0.156212
0.765726 0.15625

3.625 0.420784
3.63281 0.420538

-2.10156 -0.397669
-2.09375 -0.396934

3.63281 0.420538
3.64062 0.42032

0.765072 0.15625
0.765625 0.156456

3.64062 0.420321
3.64844 0.42013

-2.09375 -0.396935
-2.08594 -0.396177

3.64844 0.42013
3.65625 0.419966

0.765625 0.156435
0.773438 0.159368

0.773438 0.159369
0.78125 0.162324

-2.08594 -0.396177
-2.07812 -0.395395

3.65625 0.419966
3.66406 0.419827

0.78125 0.162299
0.785885 0.164062

0.785725 0.164062
0.789062 0.165333

-2.07812 -0.395395
-2.07031 -0.394589

0.789062 0.165297
0.796875 0.168288

3.66406 0.419828
3.67188 0.419714

-2.07031 -0.39459
-2.0625 -0.393758

3.67188 0.419714
3.67969 0.419624

-2.0625 -0.393759
-2.05469 -0.392899

-2.05469 -0.392899
-2.04688 -0.392006

-2.04688 -0.392006
-2.03906 -0.391079

-2.03906 -0.3911
-2.03521 -0.390625

-2.03551 -0.390625
-2.03125 -0.390099

-2.03125 -0.390113
-2.02344 -0.389115

0.796875 0.168286
0.804688 0.171299

0.804688 0.171226
0.80636 0.171875

0.806116 0.171875
0.8125 0.174353

0.8125 0.174333
0.820312 0.177382

0.820312 0.177378
0.826195 0.179688

0.826147 0.179688
0.828125 0.180464

0.828125 0.180452
0.835938 0.183534

0.835938 0.183533
0.84375 0.18663

0.84375 0.186586
0.846045 0.1875

3.67969 0.419624
3.6875 0.419558

-2.02344 -0.389115
-2.01562 -0.388089

-2.01562 -0.388089
-2.00781 -0.387032

-2.00781 -0.387033
-2 -0.385944

3.6875 0.419558
3.69531 0.419513

-2 -0.385944
-1.99219 -0.384821

-1.99219 -0.384823
-1.98438 -0.383665

3.69531 0.419513
3.70312 0.419489

3.70312 0.419489
3.71094 0.419485

3.71094 0.419486
3.71875 0.4195

3.71875 0.4195
3.72656 0.419532

3.72656 0.419533
3.73438 0.419581

-1.98438 -0.38369
-1.97867 -0.382812

-1.97916 -0.382812
-1.97656 -0.382413

-1.97656 -0.382462
-1.96875 -0.381222

-1.96875 -0.381223
-1.96094 -0.379951

-1.96094 -0.37995
-1.95312 -0.378644

-1.95312 -0.378645
-1.94531 -0.377306

0.845883 0.1875
0.851562 0.189762

0.851562 0.189743
0.859375 0.192865

0.859375 0.192862
0.865484 0.195312

0.865448 0.195312
0.867188 0.196011

0.867188 0.196001
0.875 0.199146

3.73438 0.419581
3.74219 0.419646

0.875 0.199144
0.882812 0.202299

3.74219 0.419646
3.75 0.419726

-1.94531 -0.377308
-1.9375 -0.375931

-1.9375 -0.375963
-1.93221 -0.375

-1.93269 -0.375
-1.92969 -0.374454

-1.92969 -0.374507
-1.92188 -0.373044

-1.92188 -0.373045
-1.91406 -0.371549

3.75 0.419727
3.75781 0.419821

-1.91406 -0.371549
-1.90625 -0.370017

0.882812 0.202245
0.884986 0.203125

0.884796 0.203125
0.890625 0.205486

3.75781 0.419821
3.76562 0.419927

-1.90625 -0.370019
-1.89844 -0.36845

3.76562 0.41992
3.78125 0.42018

0.890625 0.205464
0.898438 0.208633

3.78125 0.420186
3.78906 0.42034

-1.89844 -0.368481
-1.89217 -0.367188

3.78906 0.42034
3.79688 0.420503

0.898438 0.208626
0.904121 0.210938

3.79688 0.420503
3.80469 0.420678

-1.89275 -0.367188
-1.89062 -0.366748

3.80469 0.420678
3.8125 0.420865

0.904057 0.210938
0.90625 0.211829

0.90625 0.211812
0.914062 0.214993

-1.89062 -0.366836
-1.88281 -0.365181

-1.88281 -0.365183
-1.875 -0.363493

0.914062 0.21499
0.921875 0.218176

0.921875 0.218083
0.923507 0.21875

-1.875 -0.363493
-1.86719 -0.361764

0.923217 0.21875
0.929688 0.221394

-1.86719 -0.361765
-1.85938 -0.359995

3.8125 0.420865
3.82031 0.42106

0.929688 0.22137
0.9375 0.224565

3.82031 0.42106
3.82812 0.421263

-1.85938 -0.360033
-1.85654 -0.359375

0.9375 0.224549
0.942419 0.226562

3.82812 0.421263
3.83594 0.421473

-1.85679 -0.359375
-1.85156 -0.358162

3.83594 0.421473
3.84375 0.421689

0.94231 0.226562
0.945312 0.227791

3.84375 0.42169
3.85035 0.421875

3.85061 0.421875
3.85156 0.421902

0.945312 0.227764
0.953125 0.230963

0.953125 0.230959
0.960938 0.234164

-1.85156 -0.358179
-1.84375 -0.356324

-1.84375 -0.356324
-1.83594 -0.354433

3.85156 0.421908
3.85938 0.422128

3.85938 0.422129
3.86719 0.422348

0.960938 0.234028
0.961783 0.234375

0.961407 0.234375
0.96875 0.237391

-1.83594 -0.354435
-1.82812 -0.352505

-1.82812 -0.352548
-1.82423 -0.351562

-1.82454 -0.351562
-1.82031 -0.350494

-1.82031 -0.35053
-1.8125 -0.348514

0.96875 0.237374
0.976562 0.240583

0.976562 0.240549
0.980548 0.242188

0.980372 0.242188
0.984375 0.243833

0.984375 0.243797
0.992188 0.24701

0.992188 0.24701
0.999454 0.25

0.999419 0.25
1 0.250239

-1.8125 -0.348513
-1.80469 -0.34646

-1.80469 -0.346461
-1.79688 -0.344369

-1.79688 -0.344403
-1.79448 -0.34375

-1.79466 -0.34375
-1.78906 -0.342223

-1.78906 -0.342235
-1.78125 -0.340063

-1.78125 -0.340063
-1.77344 -0.337856

-1.77344 -0.337878
-1.76669 -0.335938

-1.7671 -0.335938
-1.76562 -0.335512

-1.76562 -0.335607
-1.75781 -0.333321

3.86719 0.422349
3.875 0.422566

-1.75781 -0.333321
-1.75 -0.331003

3.875 0.422566
3.88281 0.422779

3.88281 0.42278
3.89062 0.422986

-1.75 -0.331004
-1.74219 -0.328651

-1.74219 -0.328676
-1.74038 -0.328125

-1.74049 -0.328125
-1.73438 -0.326256

3.89062 0.422986
3.89844 0.423184

1 0.250223
1.00781 0.253444

-1.73438 -0.326261
-1.72656 -0.323842

3.89844 0.423184
3.90625 0.423372

1.00781 0.253444
1.01562 0.256674

1.01562 0.256612
1.01852 0.257812

-1.72656 -0.323843
-1.71875 -0.321397

-1.71875 -0.321431
-1.71522 -0.320312

-1.71541 -0.320312
-1.71094 -0.318897

-1.71094 -0.318921
-1.70312 -0.31642

-1.70312 -0.31642
-1.69531 -0.313896

3.90625 0.423371
3.91406 0.423551

3.91406 0.423551
3.92188 0.423725

3.92188 0.423726
3.92969 0.423891

3.92969 0.423891
3.9375 0.424046

3.9375 0.424047
3.94531 0.424189

3.94531 0.424189
3.95312 0.424315

1.01829 0.257812
1.02344 0.259946

1.02344 0.259911
1.03125 0.26315

1.03125 0.263148
1.03721 0.265625

1.03721 0.265625
1.04688 0.269645

1.04688 0.269643
1.05469 0.272903

1.05469 0.272848
1.05609 0.273438

1.05593 0.273438
1.0625 0.276188

1.0625 0.276174
1.07031 0.279457

1.07031 0.27945
1.07457 0.28125

1.07453 0.28125
1.07812 0.282767

-1.69531 -0.313928
-1.69093 -0.3125

-1.69115 -0.3125
-1.6875 -0.311311

3.95312 0.424316
3.96094 0.424425

3.96094 0.424425
3.96875 0.424516

1.07812 0.282756
1.08594 0.286075

3.96875 0.424515
3.97656 0.424587

-1.6875 -0.311346
-1.67969 -0.308777

-1.67969 -0.308778
-1.67188 -0.306191

1.08594 0.286076
1.09292 0.289062

1.09293 0.289062
1.09375 0.289413

3.97656 0.424587
3.98438 0.424642

3.98438 0.42465
4 0.424694

-1.67188 -0.306221
-1.66728 -0.304688

-1.66749 -0.304688
-1.66406 -0.303545

-1.66406 -0.303582
-1.65625 -0.300957

-1.65625 -0.300958
-1.64844 -0.298318

1.09375 0.289414
1.10156 0.292778

1.10156 0.292781
1.10938 0.296166

1.10938 0.296239
1.11083 0.296875

1.11106 0.296875
1.11719 0.299554

1.11719 0.299578
1.125 0.303024

1.125 0.303075
1.12862 0.304688

1.12886 0.304688
1.13281 0.306447

1.13281 0.306497
1.14062 0.310007

1.14062 0.310031
1.14607 0.3125

1.14624 0.3125
1.14844 0.313496

1.14844 0.313546
1.15625 0.317125

1.15625 0.317138
1.16312 0.320312

1.16321 0.320312
1.16406 0.320706

1.16406 0.320733
1.17188 0.324374

-1.64844 -0.298344
-1.64412 -0.296875

-1.64429 -0.296875
-1.64062 -0.29563

-1.64062 -0.295659
-1.63281 -0.292988

-1.63281 -0.292989
-1.625 -0.290308

1.17188 0.324386
1.17969 0.328054

1.17969 0.328046
1.17986 0.328125

1.17987 0.328125
1.1875 0.331737

-1.625 -0.290331
-1.62132 -0.289062

-1.62145 -0.289062
-1.61719 -0.287594

-1.61719 -0.287612
-1.60938 -0.284911

-1.60938 -0.284911
-1.60156 -0.282206

-1.60156 -0.282226
-1.59875 -0.28125

-1.59884 -0.28125
-1.59375 -0.279484

1.1875 0.331753
1.19531 0.335476

1.19531 0.335651
1.19591 0.335938

1.19637 0.335938
1.20312 0.339193

-1.59375 -0.279493
-1.58594 -0.276782

-1.58594 -0.276783
-1.57812 -0.274074

1.20312 0.339243
1.21094 0.343037

1.21094 0.343254
1.21195 0.34375

1.21255 0.34375
1.21875 0.346784

1.21875 0.346861
1.22656 0.350702

1.22656 0.350935
1.22783 0.351562

1.22849 0.351562
1.23438 0.354467

1.23438 0.354562
1.24219 0.358429

1.24219 0.358671
1.24361 0.359375

1.24431 0.359375
1.25 0.362198

-1.57812 -0.274089
-1.57624 -0.273438

-1.5763 -0.273438
-1.57031 -0.271362

-1.57031 -0.271366
-1.5625 -0.268666

-1.5625 -0.268667
-1.55469 -0.265977

-1.55469 -0.265984
-1.55364 -0.265625

-1.55367 -0.265625
-1.54688 -0.263292

-1.54688 -0.263292
-1.53906 -0.260625

-1.53906 -0.260627
-1.53125 -0.257972

-1.53125 -0.257972
-1.53078 -0.257812

-1.53079 -0.257812
-1.52344 -0.255329

-1.52344 -0.255329
-1.51562 -0.252709

-1.51562 -0.252711
-1.50781 -0.250109

-1.50781 -0.250106
-1.50749 -0.25

-1.50749 -0.25
-1.5 -0.247522

-1.5 -0.247522
-1.49219 -0.244962

-1.49219 -0.244964
-1.48438 -0.242426

-1.48438 -0.242429
-1.48362 -0.242188

-1.48364 -0.242188
-1.47656 -0.239908

-1.47656 -0.239908
-1.46875 -0.23742

-1.46875 -0.237421
-1.46094 -0.23496

-1.46094 -0.234972
-1.45902 -0.234375

-1.45907 -0.234375
-1.45312 -0.232522

-1.45312 -0.232525
-1.44531 -0.230122

-1.44531 -0.230123
-1.4375 -0.227753

-1.4375 -0.227771
-1.43346 -0.226562

-1.43358 -0.226562
-1.42969 -0.225398

-1.42969 -0.225414
-1.42188 -0.223111

-1.42188 -0.223111
-1.41406 -0.220846

-1.41406 -0.22085
-1.4067 -0.21875

-1.40683 -0.21875
-1.40625 -0.218583

-1.40625 -0.218616
-1.39844 -0.216423

-1.39844 -0.216423
-1.39062 -0.214273

-1.39062 -0.214273
-1.38281 -0.212164

-1.38281 -0.21218
-1.37813 -0.210938

-1.37827 -0.210938
-1.375 -0.210069

-1.375 -0.21009
-1.36719 -0.208059

-1.36719 -0.208058
-1.35938 -0.206071

-1.35938 -0.206072
-1.35156 -0.204128

-1.35156 -0.204143
-1.34739 -0.203125

-1.34752 -0.203125
-1.34375 -0.202207

-1.34375 -0.202222
-1.33594 -0.200361

-1.33594 -0.200361
-1.32812 -0.198545

-1.32812 -0.198545
-1.32031 -0.196774

-1.32031 -0.196781
-1.31368 -0.195312

-1.31383 -0.195312
-1.3125 -0.195019

-1.3125 -0.195045
-1.30469 -0.19336

-1.30469 -0.19336
-1.29688 -0.191724

-1.29688 -0.191724
-1.28906 -0.190136

-1.28906 -0.190137
-1.28125 -0.188597

-1.28125 -0.188605
-1.27547 -0.1875

-1.27561 -0.1875
-1.27344 -0.187085

-1.27344 -0.187103
-1.26562 -0.185657

-1.26562 -0.185656
-1.25781 -0.184262

-1.25781 -0.184261
-1.25 -0.182918

-1.25 -0.182918
-1.24219 -0.181627

-1.24219 -0.181628
-1.23438 -0.180388

-1.23438 -0.180396
-1.22972 -0.179688

-1.22985 -0.179688
-1.22656 -0.179187

-1.22656 -0.179197
-1.21875 -0.178061

-1.21875 -0.17806
-1.21094 -0.176979

-1.21094 -0.176979
-1.20312 -0.175954

-1.20312 -0.175954
-1.19531 -0.174987

-1.19531 -0.174987
-1.1875 -0.174075

-1.1875 -0.174075
-1.17969 -0.173221

-1.17969 -0.173221
-1.17188 -0.172423

-1.17188 -0.172427
-1.16607 -0.171875

-1.16622 -0.171875
-1.16406 -0.171669

-1.16406 -0.171678
-1.15625 -0.170991

-1.15625 -0.170991
-1.14844 -0.170364

-1.14844 -0.170363
-1.14062 -0.169797

-1.14062 -0.169797
-1.13281 -0.169291

-1.13281 -0.169291
-1.125 -0.168846

-1.125 -0.168846
-1.11719 -0.168462

-1.11719 -0.168462
-1.10938 -0.168139

-1.10938 -0.168139
-1.10156 -0.167877

-1.10156 -0.167877
-1.09375 -0.167676

-1.09375 -0.167676
-1.08594 -0.167536

-1.08594 -0.167536
-1.07812 -0.167457

-1.07812 -0.167457
-1.07031 -0.167439

-1.07031 -0.167439
-1.0625 -0.167482

-1.0625 -0.167482
-1.05469 -0.167586

-1.05469 -0.167586
-1.04688 -0.167752

-1.04688 -0.167752
-1.03906 -0.167979

-1.03906 -0.167979
-1.03125 -0.168266

-1.03125 -0.168266
-1.02344 -0.168613

-1.02344 -0.168613
-1.01562 -0.169019

-1.01562 -0.169019
-1.00781 -0.169485

-1.00781 -0.169485
-1 -0.170011

-1 -0.170011
-0.992188 -0.170595

-0.992188 -0.170595
-0.984375 -0.171237

-0.976562 -0.171932
-0.977195 -0.171875

-0.976562 -0.171938
-0.96875 -0.172702

-0.984375 -0.171236
-0.977265 -0.171875

-0.96875 -0.172701
-0.960938 -0.173528

-0.960938 -0.173529
-0.953125 -0.174419

-0.953125 -0.17442
-0.945312 -0.17537

-0.945312 -0.175371
-0.9375 -0.176378

-0.9375 -0.176379
-0.929688 -0.177441

-0.929688 -0.177441
-0.921875 -0.178555

-0.914062 -0.179716
-0.914252 -0.179688

-0.921875 -0.178554
-0.914314 -0.179688

-0.914062 -0.179725
-0.90625 -0.180954

-0.90625 -0.180954
-0.898438 -0.182239

-0.898438 -0.18224
-0.890625 -0.183582

-0.890625 -0.183584
-0.882812 -0.18498

-0.882812 -0.184982
-0.875 -0.186425

-0.867188 -0.187819
-0.868858 -0.1875

-0.867188 -0.187914
-0.859375 -0.189459

-0.859375 -0.189461
-0.851562 -0.191057

-0.851562 -0.191058
-0.84375 -0.192699

-0.84375 -0.192702
-0.835938 -0.194381

-0.828125 -0.195918
-0.830874 -0.195312

-0.835938 -0.194519
-0.832336 -0.195312

-0.828125 -0.196097
-0.820312 -0.197868

-0.820312 -0.197871
-0.8125 -0.199686

-0.875 -0.186457
-0.869537 -0.1875

-0.796875 -0.203283
-0.79753 -0.203125

-0.8125 -0.199688
-0.804688 -0.20154

-0.804688 -0.201561
-0.798212 -0.203125

-0.796875 -0.203424
-0.789062 -0.205354

-0.789062 -0.205358
-0.78125 -0.207327

-0.78125 -0.207329
-0.773438 -0.209326

-0.765625 -0.211148
-0.766439 -0.210938

-0.773438 -0.209363
-0.767352 -0.210938

-0.765625 -0.211343
-0.757812 -0.213398

-0.757812 -0.213402
-0.75 -0.215486

-0.617188 -0.251318
-0.622455 -0.25

-0.617188 -0.251427
-0.609375 -0.25335

-0.609375 -0.253355
-0.601562 -0.255226

-0.601562 -0.255228
-0.59375 -0.257034

-0.585938 -0.258546
-0.589224 -0.257812

-0.59375 -0.257334
-0.591607 -0.257812

-0.585938 -0.258772
-0.578125 -0.260467

-0.578125 -0.260474
-0.570312 -0.262107

-0.570312 -0.262109
-0.5625 -0.263663

-0.546875 -0.266372
-0.551067 -0.265625

-0.5625 -0.263664
-0.554688 -0.265134

-0.554688 -0.265607
-0.554587 -0.265625

-0.546875 -0.266522
-0.539062 -0.267846

-0.539062 -0.267851
-0.53125 -0.269097

-0.53125 -0.269099
-0.523438 -0.270255

-0.523438 -0.270256
-0.515625 -0.271317

-0.515625 -0.271317
-0.507812 -0.272279

-0.507812 -0.272279
-0.5 -0.273139

-0.734375 -0.219415
-0.736833 -0.21875

-0.734375 -0.219697
-0.726562 -0.221839

-0.726562 -0.221843
-0.71875 -0.224

-0.75 -0.21549
-0.742188 -0.217587

-0.742188 -0.217795
-0.738659 -0.21875

-0.71875 -0.224003
-0.710938 -0.226161

-0.703125 -0.228272
-0.70929 -0.226562

-0.703125 -0.228327
-0.695312 -0.230505

-0.695312 -0.230508
-0.6875 -0.232679

-0.679688 -0.23465
-0.680683 -0.234375

-0.679688 -0.234832
-0.671875 -0.236988

-0.6875 -0.232719
-0.681506 -0.234375

-0.671875 -0.236996
-0.664062 -0.239145

-0.664062 -0.239148
-0.65625 -0.241265

-0.648438 -0.243119
-0.651917 -0.242188

-0.65625 -0.241574
-0.653958 -0.242188

-0.648438 -0.243352
-0.640625 -0.245427

-0.640625 -0.245434
-0.632812 -0.247479

-0.632812 -0.247482
-0.625 -0.249476

-0.492188 -0.273788
-0.495782 -0.273438

-0.492188 -0.273897
-0.484375 -0.274565

-0.484375 -0.274567
-0.476562 -0.275142

-0.476562 -0.275142
-0.46875 -0.275617

-0.46875 -0.275618
-0.460938 -0.27599

-0.460938 -0.275991
-0.453125 -0.276259

-0.453125 -0.276259
-0.445312 -0.276423

-0.445312 -0.276423
-0.4375 -0.27648

-0.4375 -0.27648
-0.429688 -0.27643

-0.429688 -0.27643
-0.421875 -0.276273

-0.421875 -0.276273
-0.414062 -0.276009

-0.414062 -0.276009
-0.40625 -0.275638

-0.40625 -0.275638
-0.398438 -0.27516

-0.398438 -0.27516
-0.390625 -0.274577

-0.390625 -0.274576
-0.382812 -0.273889

-0.382812 -0.2739
-0.378203 -0.273438

-0.37853 -0.273438
-0.375 -0.273083

-0.375 -0.273102
-0.367188 -0.272229

-0.367188 -0.272229
-0.359375 -0.271266

-0.359375 -0.271266
-0.351562 -0.270212

-0.351562 -0.270213
-0.34375 -0.269068

-0.34375 -0.269068
-0.335938 -0.267832

-0.335938 -0.267831
-0.328125 -0.266504

-0.328125 -0.266517
-0.323192 -0.265625

-0.323408 -0.265625
-0.320312 -0.265066

-0.320312 -0.265089
-0.3125 -0.263598

-0.3125 -0.263598
-0.304688 -0.262028

-0.304688 -0.262027
-0.296875 -0.260379

-0.296875 -0.26038
-0.289062 -0.258655

-0.289062 -0.258677
-0.285306 -0.257812

-0.285507 -0.257812
-0.28125 -0.256832

-0.28125 -0.256854
-0.273438 -0.254987

-0.273438 -0.254987
-0.265625 -0.253052

-0.265625 -0.253053
-0.257812 -0.251049

-0.257812 -0.251062
-0.253805 -0.25

-0.253922 -0.25
-0.25 -0.248961

