-4 -0.00057044
-3.87365 0

-3.81705 0
-3.5 0.0015148

-3.5 -0.00287488
-3.34696 0

-3.25 -0.00343541
-3.20515 0

-3.35424 0
-3.25 0.00199439

-3.19049 0
-3.125 0.0050212

-3.125 0.00671869
-3.0625 0.0189186

-3.0625 0.0192789
-3.03125 0.0268398

-3.03125 0.0273973
-3.01632 0.03125

-3.01265 0.03125
-3 0.0345144

-3 0.0349794
-2.98438 0.0393112

-2.98438 0.0392116
-2.96875 0.0432579

-2.96875 0.0432592
-2.95449 0.046875

-2.9544 0.046875
-2.95312 0.0471982

-2.95312 0.0472184
-2.9375 0.0510951

-2.9375 0.0510952
-2.92188 0.0548874

-2.92188 0.0548872
-2.90625 0.058595

-2.90625 0.0585949
-2.89062 0.0622188

-2.89062 0.0622087
-2.88934 0.0625

-2.88939 0.0625
-2.875 0.0657601

1.5 -0.151257
1.51562 -0.152052

-1 0.114994
-0.984375 0.113547

-0.984375 0.113546
-0.96875 0.112083

-0.96875 0.112083
-0.953125 0.110605

-0.9375 0.109157
-0.939783 0.109375

-0.953125 0.110595
-0.940358 0.109375

-0.9375 0.109111
-0.921875 0.107602

-0.921875 0.107602
-0.90625 0.106078

-0.90625 0.106078
-0.890625 0.10454

-0.890625 0.10454
-0.875 0.102988

-0.875 0.102988
-0.859375 0.101421

-0.859375 0.101421
-0.84375 0.0998407

1.51562 -0.152052
1.53125 -0.15282

1.53125 -0.15282
1.54688 -0.153561

1.54688 -0.153561
1.5625 -0.154275

-0.84375 0.0998406
-0.828125 0.0982471

1.5625 -0.154275
1.57812 -0.15496

-2.875 0.065759
-2.85938 0.0692171

-2.85938 0.0692169
-2.84375 0.0725936

1.57812 -0.154961
1.59375 -0.155618

1.625 -0.156847
1.60946 -0.15625

1.59375 -0.155618
1.60938 -0.156247

1.625 -0.156847
1.64062 -0.157417

1.64062 -0.157418
1.65625 -0.157959

1.65625 -0.157959
1.67188 -0.15847

1.67188 -0.15847
1.6875 -0.158951

1.6875 -0.158951
1.70312 -0.159401

1.70312 -0.159401
1.71875 -0.15982

1.71875 -0.15982
1.73438 -0.160207

1.73438 -0.160207
1.75 -0.160562

0.015625 -0.000542489
0.0112672 0

1.75 -0.160562
1.76562 -0.160885

1.76562 -0.160885
1.78125 -0.161175

1.78125 -0.161175
1.79688 -0.161432

1.79688 -0.161432
1.8125 -0.161656

1.8125 -0.161656
1.82812 -0.161845

1.82812 -0.161845
1.84375 -0.162

1.84375 -0.162
1.85938 -0.16212

1.85938 -0.162121
1.875 -0.162205

0.015625 -0.000573441
0.03125 -0.00251887

0.03125 -0.002519
0.046875 -0.00446464

0.046875 -0.00446469
0.0625 -0.00641018

0.0625 -0.00641026
0.078125 -0.00835536

0.078125 -0.00835543
0.09375 -0.0102999

0.09375 -0.0102999
0.109375 -0.0122434

0.109375 -0.0122434
0.125 -0.0141856

-0.828125 0.098247
-0.8125 0.0966406

0.140625 -0.0161025
0.136781 -0.015625

0.125 -0.0141939
0.136523 -0.015625

0.140625 -0.0161263
0.15625 -0.0180655

0.15625 -0.0180656
0.171875 -0.0200032

0.171875 -0.0200033
0.1875 -0.021939

0.1875 -0.0219391
0.203125 -0.0238726

0.203125 -0.0238726
0.21875 -0.0258037

0.21875 -0.0258037
0.234375 -0.027732

0.234375 -0.027732
0.25 -0.0296572

0.265625 -0.0315638
0.263074 -0.03125

0.265625 -0.031579
0.28125 -0.0334976

0.25 -0.0296604
0.262924 -0.03125

0.28125 -0.0334977
0.296875 -0.0354128

0.296875 -0.0354129
0.3125 -0.0373242

0.3125 -0.0373243
0.328125 -0.0392316

0.328125 -0.0392317
0.34375 -0.0411346

0.34375 -0.0411347
0.359375 -0.043033

0.359375 -0.0430331
0.375 -0.0449265

0.375 -0.0449266
0.390625 -0.0468147

0.40625 -0.0486972
0.391129 -0.046875

0.390625 -0.0468256
0.391035 -0.046875

0.40625 -0.0486976
0.421875 -0.0505752

0.421875 -0.0505753
0.4375 -0.0524471

0.4375 -0.0524472
0.453125 -0.0543131

0.453125 -0.0543132
0.46875 -0.0561728

0.46875 -0.0561729
0.484375 -0.0580259

0.484375 -0.058026
0.5 -0.0598722

0 0.0013589
0.010916 0

-2.84375 0.0725933
-2.82812 0.0758898

-2.82812 0.0758871
-2.81726 0.078125

-2.8173 0.078125
-2.8125 0.0791124

0.53125 -0.0635269
0.52249 -0.0625

0.53125 -0.0635427
0.546875 -0.0653669

0.546875 -0.065367
0.5625 -0.0671835

0.5 -0.0598722
0.515625 -0.0617112

0.515625 -0.0617322
0.522175 -0.0625

0.5625 -0.0671836
0.578125 -0.0689921

0.578125 -0.0689922
0.59375 -0.0707924

0.59375 -0.0707925
0.609375 -0.0725841

0.609375 -0.0725841
0.625 -0.0743668

-2.8125 0.0791066
-2.79688 0.0822456

-2.79688 0.0822453
-2.78125 0.085307

-2.78125 0.0853067
-2.76562 0.0882923

-2.76562 0.088292
-2.75 0.0912027

-2.75 0.0912023
-2.73597 0.09375

-2.73598 0.09375
-2.73438 0.0940411

-2.73438 0.0940392
-2.71875 0.0968031

-2.71875 0.0968029
-2.70312 0.0994949

-2.70312 0.0994946
-2.6875 0.102116

-2.6875 0.102115
-2.67188 0.104667

-2.67188 0.104666
-2.65625 0.107149

-2.65625 0.107148
-2.64184 0.109375

-2.64185 0.109375
-2.64062 0.109564

-2.64062 0.109563
-2.625 0.111911

-2.625 0.11191
-2.60938 0.114192

-2.60938 0.114192
-2.59375 0.116408

-2.59375 0.116408
-2.57812 0.11856

-2.57812 0.11856
-2.5625 0.120649

-2.5625 0.120649
-2.54688 0.122675

-2.54688 0.122675
-2.53125 0.12464

-2.53125 0.124632
-2.52823 0.125

-2.52831 0.125
-2.51562 0.126546

-2.51562 0.126544
-2.5 0.128389

-2.5 0.128388
-2.48438 0.130174

-2.48438 0.130174
-2.46875 0.131901

-2.46875 0.1319
-2.45312 0.13357

-2.45312 0.13357
-2.4375 0.135182

-2.4375 0.135182
-2.42188 0.136739

-2.42188 0.136739
-2.40625 0.13824

-2.40625 0.13824
-2.39062 0.139688

-2.39062 0.139687
-2.3801 0.140625

-2.38014 0.140625
-2.375 0.141083

-2.375 0.141081
-2.35938 0.142422

-2.35938 0.142422
-2.34375 0.14371

-2.34375 0.14371
-2.32812 0.144947

-2.32812 0.144946
-2.3125 0.146132

-2.3125 0.146132
-2.29688 0.147267

-2.29688 0.147267
-2.28125 0.148352

-2.28125 0.148352
-2.26562 0.149389

-2.26562 0.149389
-2.25 0.150377

-2.25 0.150377
-2.23438 0.151317

-2.23438 0.151317
-2.21875 0.152211

-2.21875 0.15221
-2.20312 0.153057

-2.20312 0.153057
-2.1875 0.153858

-2.1875 0.153858
-2.17188 0.154614

-2.17188 0.154614
-2.15625 0.155325

-2.15625 0.155325
-2.14062 0.155992

-2.14062 0.15599
-2.13412 0.15625

-2.13417 0.15625
-2.125 0.156616

-2.125 0.156615
-2.10938 0.157195

-2.10938 0.157195
-2.09375 0.157732

-2.09375 0.157732
-2.07812 0.158227

-2.07812 0.158227
-2.0625 0.15868

-2.0625 0.15868
-2.04688 0.159093

-2.04688 0.159093
-2.03125 0.159464

-2.03125 0.159464
-2.01562 0.159796

-2.01562 0.159796
-2 0.160088

1.875 -0.162205
1.89062 -0.162254

1.89062 -0.162255
1.90625 -0.162267

1.90625 -0.162268
1.92188 -0.162244

1.92188 -0.162244
1.9375 -0.162183

1.9375 -0.162183
1.95312 -0.162085

1.95312 -0.162085
1.96875 -0.161948

-2 0.160088
-1.98438 0.16034

1.96875 -0.161948
1.98438 -0.161773

1.98438 -0.161773
2 -0.161559

-1.98438 0.16034
-1.96875 0.160554

-1.96875 0.160554
-1.95312 0.16073

-1.95312 0.16073
-1.9375 0.160868

-1.9375 0.160868
-1.92188 0.160969

-1.92188 0.160969
-1.90625 0.161033

-1.90625 0.161032
-1.89062 0.16106

-1.89062 0.16106
-1.875 0.161051

-0.78125 0.0934506
-0.784118 0.09375

-0.8125 0.0966405
-0.796875 0.0950214

0.625 -0.0743669
0.640625 -0.0761403

0.640625 -0.0761404
0.65625 -0.0779042

-0.796875 0.0950053
-0.784851 0.09375

-0.78125 0.09339
-0.765625 0.0917464

-0.765625 0.0917462
-0.75 0.0900903

0.671875 -0.0796547
0.658249 -0.078125

-0.75 0.0900903
-0.734375 0.0884226

-1.875 0.161051
-1.85938 0.161007

-1.85938 0.161007
-1.84375 0.160928

0.65625 -0.0779302
0.657985 -0.078125

0.671875 -0.0796584
0.6875 -0.0814028

-1.84375 0.160927
-1.82812 0.160813

-1.82812 0.160813
-1.8125 0.160665

-1.8125 0.160665
-1.79688 0.160482

0.6875 -0.0814029
0.703125 -0.0831372

-1.79688 0.160482
-1.78125 0.160267

-1.78125 0.160266
-1.76562 0.160018

-1.76562 0.160017
-1.75 0.159736

-0.734375 0.0884225
-0.71875 0.0867433

-0.71875 0.0867432
-0.703125 0.0850527

0.703125 -0.0831373
0.71875 -0.0848612

-1.75 0.159736
-1.73438 0.159422

0.71875 -0.0848613
0.734375 -0.0865745

-0.703125 0.0850527
-0.6875 0.0833512

-1.73438 0.159422
-1.71875 0.159076

-0.6875 0.0833511
-0.671875 0.081639

-0.671875 0.0816389
-0.65625 0.0799166

-0.65625 0.0799165
-0.640625 0.0781842

-0.625 0.0764422
-0.640093 0.078125

2 -0.16156
2.01562 -0.161306

-0.640625 0.0781808
-0.640124 0.078125

2.01562 -0.161306
2.03125 -0.161012

0.734375 -0.0865746
0.75 -0.0882768

-0.625 0.076442
-0.609375 0.07469

-0.609375 0.0746899
-0.59375 0.0729284

-0.59375 0.0729283
-0.578125 0.0711576

-1.71875 0.159076
-1.70312 0.158699

-0.578125 0.0711575
-0.5625 0.0693779

-1.70312 0.158699
-1.6875 0.158291

0.75 -0.0882768
0.765625 -0.0899676

0.765625 -0.0899677
0.78125 -0.0916467

0.8125 -0.0949609
0.801067 -0.09375

0.78125 -0.0916468
0.796875 -0.0933138

0.796875 -0.093336
0.800784 -0.09375

0.8125 -0.0949687
0.828125 -0.0966113

0.828125 -0.0966114
0.84375 -0.0982414

0.84375 -0.0982415
0.859375 -0.0998586

-1.6875 0.15829
-1.67188 0.157852

-1.67188 0.157851
-1.65625 0.157382

-1.65625 0.157382
-1.64062 0.156883

-1.64062 0.156883
-1.625 0.156355

-1.60938 0.155797
-1.62206 0.15625

-1.60938 0.155797
-1.59375 0.155211

-1.625 0.156354
-1.62209 0.15625

-1.59375 0.155211
-1.57812 0.154596

-1.57812 0.154596
-1.5625 0.153953

-1.5625 0.153953
-1.54688 0.153283

-1.54688 0.153282
-1.53125 0.152585

-1.53125 0.152585
-1.51562 0.15186

-1.51562 0.15186
-1.5 0.151108

-1.5 0.151108
-1.48438 0.15033

-1.48438 0.15033
-1.46875 0.149526

-1.46875 0.149526
-1.45312 0.148697

-1.45312 0.148697
-1.4375 0.147843

-1.4375 0.147842
-1.42188 0.146963

-1.42188 0.146963
-1.40625 0.146059

2.03125 -0.161013
2.04688 -0.160678

-0.5 0.0622439
-0.502208 0.0625

-0.5625 0.0693778
-0.546875 0.0675895

-0.546875 0.0675894
-0.53125 0.0657928

0.859375 -0.0998586
0.875 -0.101462

0.875 -0.101463
0.890625 -0.103053

0.890625 -0.103053
0.90625 -0.104629

2.04688 -0.160679
2.0625 -0.160303

2.0625 -0.160303
2.07812 -0.159886

2.07812 -0.159887
2.09375 -0.159427

2.09375 -0.159428
2.10938 -0.158926

-1.40625 0.146059
-1.39062 0.145131

-1.39062 0.145131
-1.375 0.144179

0.90625 -0.104629
0.921875 -0.106191

0.921875 -0.106191
0.9375 -0.107739

0.9375 -0.107739
0.953125 -0.109271

0.96875 -0.110787
0.954208 -0.109375

0.953125 -0.109289
0.95401 -0.109375

0.96875 -0.110789
0.984375 -0.112291

0.984375 -0.112291
1 -0.113778

1.125 -0.125071
1.12418 -0.125

1 -0.113778
1.01562 -0.115249

1.01562 -0.115249
1.03125 -0.116703

1.03125 -0.116703
1.04688 -0.118141

1.04688 -0.118142
1.0625 -0.119563

1.0625 -0.119563
1.07812 -0.120967

1.07812 -0.120967
1.09375 -0.122353

1.09375 -0.122354
1.10938 -0.123722

1.10938 -0.123722
1.12416 -0.125

1.125 -0.125073
1.14062 -0.126405

2.10938 -0.158926
2.125 -0.158381

1.14062 -0.126405
1.15625 -0.127719

1.15625 -0.127719
1.17188 -0.129014

1.17188 -0.129014
1.1875 -0.130289

1.1875 -0.130289
1.20312 -0.131546

1.20312 -0.131546
1.21875 -0.132782

-0.53125 0.0657928
-0.515625 0.0639882

-1.375 0.144179
-1.35938 0.143204

-0.515625 0.0639747
-0.502911 0.0625

-1.35938 0.143204
-1.34375 0.142205

-1.34375 0.142205
-1.32812 0.141184

1.21875 -0.132782
1.23438 -0.133998

1.23438 -0.133998
1.25 -0.135194

2.125 -0.158381
2.14062 -0.157791

2.14062 -0.157792
2.15625 -0.157158

2.15625 -0.157158
2.17188 -0.156479

2.17188 -0.15648
2.17684 -0.15625

1.25 -0.135194
1.26562 -0.136368

1.26562 -0.136368
1.28125 -0.137522

1.28125 -0.137522
1.29688 -0.138653

-1.3125 0.140146
-1.31967 0.140625

1.29688 -0.138654
1.3125 -0.139763

2.17681 -0.15625
2.1875 -0.155754

-1.32812 0.141179
-1.31984 0.140625

-0.5 0.0621759
-0.484375 0.0603559

-1.3125 0.14014
-1.29688 0.139074

-0.484375 0.0603557
-0.46875 0.0585279

2.1875 -0.155755
2.20312 -0.154984

1.32812 -0.140848
1.32492 -0.140625

2.20312 -0.154984
2.21875 -0.154166

1.3125 -0.139764
1.32487 -0.140625

-1.29688 0.139074
-1.28125 0.137986

2.21875 -0.154167
2.23438 -0.153301

-0.46875 0.0585279
-0.453125 0.0566929

1.32812 -0.140851
1.34375 -0.141916

-0.453125 0.0566928
-0.4375 0.0548507

2.23438 -0.153302
2.25 -0.152388

-0.4375 0.0548507
-0.421875 0.0530018

1.34375 -0.141916
1.35938 -0.142959

-1.28125 0.137986
-1.26562 0.136877

1.35938 -0.142959
1.375 -0.143978

2.25 -0.152388
2.26562 -0.151426

1.375 -0.143978
1.39062 -0.144974

-1.26562 0.136877
-1.25 0.135746

2.26562 -0.151426
2.28125 -0.150415

2.28125 -0.150415
2.29688 -0.149353

-0.421875 0.0530017
-0.40625 0.0511464

1.39062 -0.144974
1.40625 -0.145946

1.40625 -0.145946
1.42188 -0.146894

2.29688 -0.149353
2.3125 -0.148241

1.42188 -0.146894
1.4375 -0.147817

1.4375 -0.147817
1.45312 -0.148715

2.3125 -0.148241
2.32812 -0.147077

-0.40625 0.0511463
-0.390625 0.0492849

-1.25 0.135745
-1.23438 0.134593

-0.390625 0.0492848
-0.375 0.0474175

2.32812 -0.147077
2.34375 -0.145861

1.45312 -0.148715
1.46875 -0.149588

1.46875 -0.149588
1.48438 -0.150436

1.48438 -0.150436
1.5 -0.151257

2.34375 -0.145861
2.35938 -0.144592

2.35938 -0.144592
2.375 -0.143269

-0.359375 0.0455557
-0.370381 0.046875

2.375 -0.143269
2.39062 -0.141892

-0.375 0.0473894
-0.370709 0.046875

-0.359375 0.0455444
-0.34375 0.0436657

-0.34375 0.0436656
-0.328125 0.0417813

2.39062 -0.141893
2.40445 -0.140625

2.40432 -0.140625
2.40625 -0.140448

2.40625 -0.140459
2.42188 -0.13897

2.42188 -0.13897
2.4375 -0.137424

-1.23438 0.134593
-1.21875 0.13342

-1.21875 0.13342
-1.20312 0.132227

-1.20312 0.132227
-1.1875 0.131013

2.4375 -0.137425
2.45312 -0.135821

2.45312 -0.135822
2.46875 -0.13416

2.46875 -0.13416
2.48438 -0.13244

2.48438 -0.13244
2.5 -0.130659

-1.1875 0.131013
-1.17188 0.129779

-1.17188 0.129779
-1.15625 0.128527

-1.15625 0.128526
-1.14062 0.127255

-1.14062 0.127254
-1.125 0.125964

-1.10938 0.124677
-1.11323 0.125

-1.10938 0.124655
-1.09375 0.123327

-1.09375 0.123327
-1.07812 0.121982

-1.07812 0.121982
-1.0625 0.120619

-0.328125 0.0417812
-0.3125 0.0398918

-0.3125 0.0398917
-0.296875 0.0379973

-0.296875 0.0379972
-0.28125 0.0360981

-0.28125 0.036098
-0.265625 0.0341946

-0.265625 0.0341945
-0.25 0.032287

2.5 -0.13066
2.51562 -0.128818

2.51562 -0.128818
2.53125 -0.126915

2.53125 -0.126916
2.54648 -0.125

2.54633 -0.125
2.54688 -0.124931

2.54688 -0.124949
2.5625 -0.12292

2.5625 -0.12292
2.57812 -0.120826

-1.0625 0.120619
-1.04688 0.119238

2.57812 -0.120826
2.59375 -0.118667

-0.234375 0.0304131
-0.241217 0.03125

-1.04688 0.119238
-1.03125 0.11784

-0.234375 0.0303757
-0.21875 0.0284605

-0.25 0.0322556
-0.241779 0.03125

-0.21875 0.0284604
-0.203125 0.0265414

2.59375 -0.118667
2.60938 -0.116442

-0.203125 0.0265413
-0.1875 0.024619

-0.1875 0.0246189
-0.171875 0.0226934

-0.171875 0.0226933
-0.15625 0.0207649

-0.15625 0.0207648
-0.140625 0.0188338

-0.140625 0.0188337
-0.125 0.0169004

2.60938 -0.116442
2.625 -0.114149

-0.109375 0.0150046
-0.114384 0.015625

-0.125 0.0168804
-0.114865 0.015625

-1.03125 0.11784
-1.01562 0.116425

-1.01562 0.116425
-1 0.114994

-0.109375 0.0149651
-0.09375 0.0130277

-1.125 0.125956
-1.11359 0.125

-0.09375 0.0130276
-0.078125 0.0110882

-0.078125 0.0110881
-0.0625 0.00914709

2.625 -0.114149
2.64062 -0.111788

2.64062 -0.111789
2.65614 -0.109375

2.65601 -0.109375
2.65625 -0.109338

2.65625 -0.109358
2.67188 -0.106857

2.67188 -0.106857
2.6875 -0.104285

-0.0625 0.00914701
-0.046875 0.00720459

-0.046875 0.00720452
-0.03125 0.00526099

2.6875 -0.104286
2.70312 -0.101641

2.70312 -0.101641
2.71875 -0.0989235

2.71875 -0.0989238
2.73438 -0.0961312

2.73438 -0.0961332
2.74736 -0.09375

2.7473 -0.09375
2.75 -0.0932552

-0.03125 0.00526091
-0.015625 0.00331658

-0.015625 0.00331651
0 0.00137165

2.75 -0.0932634
2.76562 -0.0903182

2.76562 -0.0903185
2.78125 -0.0872954

2.78125 -0.0872957
2.79688 -0.0841934

2.79688 -0.0841937
2.8125 -0.081011

2.8125 -0.0810099
2.82631 -0.078125

2.82637 -0.078125
2.82812 -0.0777576

2.82812 -0.0777472
2.84375 -0.0743998

2.84375 -0.0744001
2.85938 -0.0709686

2.85938 -0.0709689
2.875 -0.0674519

2.875 -0.0674523
2.89062 -0.0638484

2.89062 -0.0638319
2.89626 -0.0625

2.89637 -0.0625
2.90625 -0.0601663

2.90625 -0.0601571
2.92188 -0.0563753

2.92188 -0.0563756
2.9375 -0.0525026

2.9375 -0.052503
2.95312 -0.0485378

2.95312 -0.048439
2.95915 -0.046875

2.95979 -0.046875
2.96875 -0.0445474

2.96875 -0.0444808
2.98438 -0.0403287

2.98438 -0.0404306
3 -0.0359784

3 -0.0355674
3.01632 -0.03125

3.0204 -0.03125
3.03125 -0.0283798

3.03125 -0.0276367
3.0625 -0.0199

3.0625 -0.0195346
3.125 -0.00701899

3.125 -0.00526308
3.19157 0

3.25 -0.0020641
3.35467 0

3.20621 0
3.25 0.00345831

3.34772 0
3.5 0.00295049

3.5 -0.00159979
3.82552 0

3.88657 0
4 0.000526569

