-3.82594 0
-3.5 0.000248215

-3.35236 0
-3.25 0.000301002

-3.22202 0
-3.125 0.00105343

-3.125 0.00103634
-3.0625 0.00260633

-3.0625 0.00267617
-3.03125 0.00380345

-3.03125 0.00382272
-3 0.00511406

-3 0.00514264
-2.98438 0.00582707

-2.98438 0.00582718
-2.96875 0.006493

-2.96875 0.00649298
-2.95312 0.00713998

-2.95312 0.00714005
-2.9375 0.00776811

-2.9375 0.00776808
-2.92188 0.00837712

-2.92188 0.0083771
-2.90625 0.00896723

-2.90625 0.00896717
-2.89062 0.00953856

-2.89062 0.0095385
-2.875 0.0100914

1.5 -0.0160257
1.51562 -0.0161938

1.51562 -0.0161938
1.53125 -0.0163604

1.53125 -0.0163604
1.54688 -0.0165254

1.54688 -0.0165254
1.5625 -0.0166887

1.5625 -0.0166887
1.57812 -0.0168502

1.57812 -0.0168502
1.59375 -0.0170099

1.59375 -0.0170099
1.60938 -0.0171676

1.60938 -0.0171676
1.625 -0.0173233

1.625 -0.0173233
1.64062 -0.0174768

1.64062 -0.0174768
1.65625 -0.017628

1.65625 -0.0176281
1.67188 -0.0177769

1.67188 -0.017777
1.6875 -0.0179234

1.6875 -0.0179234
1.70312 -0.0180673

1.70312 -0.0180673
1.71875 -0.0182085

1.71875 -0.0182085
1.73438 -0.0183469

1.73438 -0.0183469
1.75 -0.0184824

1.75 -0.0184824
1.76562 -0.0186149

1.76562 -0.0186149
1.78125 -0.0187442

1.78125 -0.0187443
1.79688 -0.0188703

1.79688 -0.0188704
1.8125 -0.0189931

1.8125 -0.0189931
1.82812 -0.0191123

1.82812 -0.0191123
1.84375 -0.0192279

1.84375 -0.0192279
1.85938 -0.0193397

1.85938 -0.0193397
1.875 -0.0194476

1.875 -0.0194476
1.89062 -0.0195515

1.89062 -0.0195515
1.90625 -0.0196512

0.015625 -6.16261e-05
0.00925097 0

-1 0.0103992
-0.984375 0.0102227

-0.984375 0.0102227
-0.96875 0.0100465

-0.96875 0.0100465
-0.953125 0.00987076

-0.953125 0.00987075
-0.9375 0.00969539

-0.9375 0.00969539
-0.921875 0.00952047

-0.921875 0.00952046
-0.90625 0.009346

-0.90625 0.00934599
-0.890625 0.00917201

0.015625 -6.02774e-05
0.03125 -0.000211378

-0.890625 0.009172
-0.875 0.00899851

-0.875 0.00899851
-0.859375 0.00882553

-0.859375 0.00882553
-0.84375 0.00865307

-0.84375 0.00865307
-0.828125 0.00848115

-0.828125 0.00848115
-0.8125 0.00830978

-2.875 0.0100913
-2.85938 0.010626

-2.85938 0.0106259
-2.84375 0.0111426

-2.84375 0.0111425
-2.82812 0.0116416

-2.82812 0.0116415
-2.8125 0.0121232

-2.8125 0.0121232
-2.79688 0.0125879

0.03125 -0.000211372
0.046875 -0.000362497

-0.8125 0.00830978
-0.796875 0.00813896

-0.796875 0.00813896
-0.78125 0.00796871

-0.78125 0.0079687
-0.765625 0.00779902

-0.765625 0.00779902
-0.75 0.00762992

0.046875 -0.000362493
0.0625 -0.000513664

-0.75 0.00762992
-0.734375 0.0074614

0.0625 -0.000513659
0.078125 -0.000664893

0.078125 -0.000664887
0.09375 -0.000816206

0.09375 -0.0008162
0.109375 -0.000967626

0.109375 -0.00096762
0.125 -0.00111918

0.125 -0.00111917
0.140625 -0.00127088

-0.734375 0.0074614
-0.71875 0.00729347

0.140625 -0.00127088
0.15625 -0.00142276

0.15625 -0.00142276
0.171875 -0.00157484

0.171875 -0.00157484
0.1875 -0.00172714

0.1875 -0.00172714
0.203125 -0.00187968

0.203125 -0.00187968
0.21875 -0.00203249

0.21875 -0.00203249
0.234375 -0.00218558

0.234375 -0.00218558
0.25 -0.00233898

-0.71875 0.00729347
-0.703125 0.00712614

-0.703125 0.00712614
-0.6875 0.0069594

-0.6875 0.0069594
-0.671875 0.00679326

-0.671875 0.00679326
-0.65625 0.00662772

-0.65625 0.00662772
-0.640625 0.00646277

-0.640625 0.00646277
-0.625 0.00629842

-0.625 0.00629843
-0.609375 0.00613467

-0.609375 0.00613467
-0.59375 0.0059715

-0.59375 0.0059715
-0.578125 0.00580892

-2.79688 0.0125878
-2.78125 0.0130358

-2.78125 0.0130357
-2.76562 0.0134673

-2.76562 0.0134672
-2.75 0.0138827

1.90625 -0.0196513
1.92188 -0.0197467

-0.578125 0.00580892
-0.5625 0.00564691

1.92188 -0.0197467
1.9375 -0.0198376

1.9375 -0.0198377
1.95312 -0.019924

1.95312 -0.019924
1.96875 -0.0200056

1.96875 -0.0200057
1.98438 -0.0200824

1.98438 -0.0200824
2 -0.0201541

-2.75 0.0138826
-2.73438 0.0142823

-0.5625 0.00564691
-0.546875 0.00548548

-0.546875 0.00548548
-0.53125 0.00532461

-0.53125 0.00532461
-0.515625 0.0051643

-0.515625 0.0051643
-0.5 0.00500453

-2.73438 0.0142823
-2.71875 0.0146665

-2.71875 0.0146664
-2.70312 0.0150354

-0.5 0.00500453
-0.484375 0.0048453

-0.484375 0.0048453
-0.46875 0.0046866

-0.46875 0.0046866
-0.453125 0.00452841

-2.70312 0.0150354
-2.6875 0.0153895

-2.6875 0.0153897
-2.67667 0.015625

-2.67663 0.015625
-2.67188 0.0157284

-2.67188 0.0157289
-2.65625 0.0160541

-0.453125 0.00452842
-0.4375 0.00437073

0.25 -0.00233897
0.265625 -0.00249269

0.265625 -0.00249269
0.28125 -0.00264676

-0.4375 0.00437073
-0.421875 0.00421353

-0.421875 0.00421354
-0.40625 0.00405682

-0.40625 0.00405682
-0.390625 0.00390056

-0.390625 0.00390056
-0.375 0.00374475

0.28125 -0.00264675
0.296875 -0.00280118

0.296875 -0.00280118
0.3125 -0.00295599

-0.375 0.00374476
-0.359375 0.00358938

-0.359375 0.00358938
-0.34375 0.00343441

-0.34375 0.00343442
-0.328125 0.00327985

-0.328125 0.00327986
-0.3125 0.00312567

0.3125 -0.00295599
0.328125 -0.0031112

0.328125 -0.0031112
0.34375 -0.00326683

-0.3125 0.00312568
-0.296875 0.00297185

-0.296875 0.00297186
-0.28125 0.00281838

-0.28125 0.00281839
-0.265625 0.00266524

-0.265625 0.00266524
-0.25 0.0025124

0.34375 -0.00326682
0.359375 -0.00342289

0.359375 -0.00342288
0.375 -0.0035794

-0.25 0.0025124
-0.234375 0.00235985

0.375 -0.0035794
0.390625 -0.00373638

0.390625 -0.00373638
0.40625 -0.00389385

0.40625 -0.00389385
0.421875 -0.00405181

-0.234375 0.00235985
-0.21875 0.00220756

0.421875 -0.00405181
0.4375 -0.00421029

0.4375 -0.00421029
0.453125 -0.0043693

0.453125 -0.00436929
0.46875 -0.00452884

0.46875 -0.00452884
0.484375 -0.00468894

0.484375 -0.00468893
0.5 -0.0048496

2 -0.0201541
2.01562 -0.0202206

-2.65625 0.0160541
-2.64062 0.0163653

-2.64062 0.0163652
-2.625 0.0166627

2.01562 -0.0202206
2.03125 -0.0202817

0 9.17086e-05
0.00948549 0

-2.625 0.0166626
-2.60938 0.0169467

-2.60938 0.0169466
-2.59375 0.0172174

-2.59375 0.0172173
-2.57812 0.0174752

-2.57812 0.0174751
-2.5625 0.0177203

-0.21875 0.00220757
-0.203125 0.00205552

-0.203125 0.00205553
-0.1875 0.00190371

-0.1875 0.00190371
-0.171875 0.00175209

-0.171875 0.0017521
-0.15625 0.00160066

-2.5625 0.0177203
-2.54688 0.017953

-2.54688 0.017953
-2.53125 0.0181735

-2.53125 0.0181735
-2.51562 0.0183822

-2.51562 0.0183821
-2.5 0.0185791

-0.15625 0.00160067
-0.140625 0.00144939

-0.140625 0.00144939
-0.125 0.00129824

-0.125 0.00129825
-0.109375 0.00114721

-0.109375 0.00114721
-0.09375 0.000996253

-0.09375 0.000996259
-0.078125 0.000845356

-0.078125 0.000845362
-0.0625 0.000694488

-0.0625 0.000694495
-0.046875 0.000543624

-0.046875 0.00054363
-0.03125 0.000392737

-0.03125 0.000392742
-0.015625 0.000241803

-0.015625 0.000241808
0 9.08055e-05

2.03125 -0.0202817
2.04688 -0.0203373

2.04688 -0.0203374
2.0625 -0.0203873

2.0625 -0.0203873
2.07812 -0.0204314

2.07812 -0.0204315
2.09375 -0.0204695

2.09375 -0.0204696
2.10938 -0.0205015

2.10938 -0.0205015
2.125 -0.0205271

2.125 -0.0205271
2.14062 -0.0205461

0.5 -0.0048496
0.515625 -0.00501083

0.515625 -0.00501083
0.53125 -0.00517265

0.53125 -0.00517265
0.546875 -0.00533507

0.546875 -0.00533507
0.5625 -0.00549809

0.5625 -0.00549809
0.578125 -0.00566172

0.578125 -0.00566171
0.59375 -0.00582596

0.59375 -0.00582596
0.609375 -0.00599083

0.609375 -0.00599083
0.625 -0.00615632

0.625 -0.00615632
0.640625 -0.00632245

2.14062 -0.0205462
2.15625 -0.0205585

2.15625 -0.0205585
2.17188 -0.020564

2.17188 -0.020564
2.1875 -0.0205624

2.1875 -0.0205624
2.20312 -0.0205536

2.20312 -0.0205536
2.21875 -0.0205373

2.21875 -0.0205374
2.23438 -0.0205134

2.23438 -0.0205135
2.25 -0.0204817

-2.5 0.0185791
-2.48438 0.0187647

-2.48438 0.0187646
-2.46875 0.018939

-2.46875 0.018939
-2.45312 0.0191024

-2.45312 0.0191024
-2.4375 0.0192551

-2.4375 0.0192551
-2.42188 0.0193974

-2.42188 0.0193973
-2.40625 0.0195294

-2.40625 0.0195293
-2.39062 0.0196514

-2.39062 0.0196513
-2.375 0.0197636

-2.375 0.0197635
-2.35938 0.0198662

-2.35938 0.0198661
-2.34375 0.0199594

2.25 -0.0204818
2.26562 -0.020442

0.640625 -0.00632245
0.65625 -0.00648921

0.65625 -0.00648921
0.671875 -0.00665661

-2.34375 0.0199594
-2.32812 0.0200436

0.671875 -0.00665661
0.6875 -0.00682465

0.6875 -0.00682465
0.703125 -0.00699332

0.703125 -0.00699332
0.71875 -0.00716263

0.71875 -0.00716263
0.734375 -0.00733257

0.734375 -0.00733257
0.75 -0.00750314

0.75 -0.00750314
0.765625 -0.00767434

0.765625 -0.00767434
0.78125 -0.00784615

2.26562 -0.020442
2.28125 -0.0203941

0.78125 -0.00784615
0.796875 -0.00801857

0.796875 -0.00801857
0.8125 -0.0081916

0.8125 -0.0081916
0.828125 -0.00836522

0.828125 -0.00836522
0.84375 -0.00853942

0.84375 -0.00853942
0.859375 -0.0087142

0.859375 -0.00871421
0.875 -0.00888955

2.28125 -0.0203941
2.29688 -0.0203377

0.875 -0.00888955
0.890625 -0.00906544

0.890625 -0.00906545
0.90625 -0.00924188

0.90625 -0.00924188
0.921875 -0.00941882

0.921875 -0.00941883
0.9375 -0.00959627

0.9375 -0.00959627
0.953125 -0.00977418

0.953125 -0.00977419
0.96875 -0.00995255

0.96875 -0.00995255
0.984375 -0.0101313

-2.32812 0.0200435
-2.3125 0.0201187

-2.3125 0.0201187
-2.29688 0.0201852

0.984375 -0.0101313
1 -0.0103105

2.29688 -0.0203377
2.3125 -0.0202727

2.3125 -0.0202728
2.32812 -0.0201989

-2.29688 0.0201851
-2.28125 0.0202431

-2.28125 0.0202431
-2.26562 0.0202928

-2.26562 0.0202927
-2.25 0.0203343

2.32812 -0.020199
2.34375 -0.020116

2.34375 -0.0201161
2.35938 -0.0200239

2.35938 -0.020024
2.375 -0.0199223

-2.25 0.0203342
-2.23438 0.0203678

-2.23438 0.0203678
-2.21875 0.0203937

-2.21875 0.0203936
-2.20312 0.020412

-2.20312 0.0204119
-2.1875 0.020423

-2.1875 0.0204229
-2.17188 0.0204267

-2.17188 0.0204267
-2.15625 0.0204235

2.375 -0.0199224
2.39062 -0.0198111

2.39062 -0.0198111
2.40625 -0.0196899

2.40625 -0.0196899
2.42188 -0.0195585

2.42188 -0.0195586
2.4375 -0.0194168

2.4375 -0.0194169
2.45312 -0.0192645

2.45312 -0.0192645
2.46875 -0.0191013

2.46875 -0.0191014
2.48438 -0.0189271

2.48438 -0.0189271
2.5 -0.0187415

-2.15625 0.0204235
-2.14062 0.0204135

-2.14062 0.0204135
-2.125 0.0203969

-2.125 0.0203969
-2.10938 0.0203738

-2.10938 0.0203738
-2.09375 0.0203445

-2.09375 0.0203444
-2.07812 0.020309

-2.07812 0.0203089
-2.0625 0.0202676

-2.0625 0.0202675
-2.04688 0.0202204

-2.04688 0.0202203
-2.03125 0.0201675

-2.03125 0.0201675
-2.01562 0.0201092

1 -0.0103105
1.01562 -0.01049

1.01562 -0.0104901
1.03125 -0.0106699

1.03125 -0.0106699
1.04688 -0.0108501

1.04688 -0.0108501
1.0625 -0.0110305

-2.01562 0.0201092
-2 0.0200456

2.5 -0.0187416
2.51562 -0.0185444

2.51562 -0.0185444
2.53125 -0.0183354

2.53125 -0.0183355
2.54688 -0.0181144

2.54688 -0.0181144
2.5625 -0.017881

2.5625 -0.0178811
2.57812 -0.0176351

2.57812 -0.0176352
2.59375 -0.0173763

1.0625 -0.0110305
1.07812 -0.0112112

1.07812 -0.0112112
1.09375 -0.011392

1.09375 -0.011392
1.10938 -0.0115731

1.10938 -0.0115731
1.125 -0.0117542

2.59375 -0.0173764
2.60938 -0.0171044

2.60938 -0.0171045
2.625 -0.0168191

1.125 -0.0117542
1.14062 -0.0119354

1.14062 -0.0119355
1.15625 -0.0121167

1.15625 -0.0121167
1.17188 -0.012298

1.17188 -0.0122981
1.1875 -0.0124793

2.625 -0.0168192
2.64062 -0.0165202

2.64062 -0.0165202
2.65625 -0.0162073

1.1875 -0.0124793
1.20312 -0.0126606

1.20312 -0.0126606
1.21875 -0.0128417

1.21875 -0.0128417
1.23438 -0.0130227

1.23438 -0.0130227
1.25 -0.0132035

2.65625 -0.0162074
2.67188 -0.0158802

2.67188 -0.0158798
2.68353 -0.015625

1.25 -0.0132035
1.26562 -0.013384

1.26562 -0.0133841
1.28125 -0.0135643

1.28125 -0.0135643
1.29688 -0.0137443

1.29688 -0.0137443
1.3125 -0.0139239

-2 0.0200456
-1.98438 0.0199769

-1.98438 0.0199768
-1.96875 0.0199031

1.3125 -0.0139239
1.32812 -0.014103

2.68361 -0.015625
2.6875 -0.0155399

-1.96875 0.0199031
-1.95312 0.0198245

-1.95312 0.0198245
-1.9375 0.0197412

2.6875 -0.0155386
2.70312 -0.0151821

2.70312 -0.0151822
2.71875 -0.0148106

-1.9375 0.0197412
-1.92188 0.0196534

-1.92188 0.0196533
-1.90625 0.0195611

1.32812 -0.014103
1.34375 -0.0142817

1.34375 -0.0142817
1.35938 -0.0144598

1.35938 -0.0144598
1.375 -0.0146372

1.375 -0.0146373
1.39062 -0.014814

1.39062 -0.0148141
1.40625 -0.0149901

1.40625 -0.0149901
1.42188 -0.0151653

1.42188 -0.0151653
1.4375 -0.0153396

1.4375 -0.0153397
1.45312 -0.015513

1.46875 -0.0156853
1.46328 -0.015625

1.45312 -0.015513
1.46329 -0.015625

1.46875 -0.0156852
1.48438 -0.0158561

1.48438 -0.0158561
1.5 -0.0160256

-1.90625 0.019561
-1.89062 0.0194645

-1.89062 0.0194645
-1.875 0.0193638

-1.875 0.0193638
-1.85938 0.0192591

-1.85938 0.0192591
-1.84375 0.0191505

-1.84375 0.0191505
-1.82812 0.0190382

-1.82812 0.0190382
-1.8125 0.0189222

-1.8125 0.0189222
-1.79688 0.0188028

-1.79688 0.0188028
-1.78125 0.01868

-1.78125 0.01868
-1.76562 0.018554

-1.76562 0.0185539
-1.75 0.0184248

-1.75 0.0184247
-1.73438 0.0182926

-1.73438 0.0182926
-1.71875 0.0181575

-1.71875 0.0181575
-1.70312 0.0180196

-1.70312 0.0180196
-1.6875 0.0178791

-1.6875 0.017879
-1.67188 0.0177359

-1.67188 0.0177359
-1.65625 0.0175903

-1.65625 0.0175903
-1.64062 0.0174424

-1.64062 0.0174424
-1.625 0.0172922

-1.625 0.0172921
-1.60938 0.0171398

-1.60938 0.0171398
-1.59375 0.0169853

-1.59375 0.0169853
-1.57812 0.0168289

-1.57812 0.0168289
-1.5625 0.0166706

-1.5625 0.0166705
-1.54688 0.0165104

-1.54688 0.0165104
-1.53125 0.0163486

-1.53125 0.0163485
-1.51562 0.0161851

-1.51562 0.0161851
-1.5 0.0160201

-1.5 0.0160201
-1.48438 0.0158536

-1.48438 0.0158536
-1.46875 0.0156857

-1.45312 0.0155165
-1.46315 0.015625

-1.46875 0.0156858
-1.46314 0.015625

-1.45312 0.0155165
-1.4375 0.0153461

-1.4375 0.0153461
-1.42188 0.0151747

-1.42188 0.0151747
-1.40625 0.0150025

-1.40625 0.0150024
-1.39062 0.0148293

2.71875 -0.0148107
2.73438 -0.0144236

2.73438 -0.0144237
2.75 -0.0140209

-1.39062 0.0148293
-1.375 0.0146555

2.75 -0.014021
2.76562 -0.0136022

2.76562 -0.0136023
2.78125 -0.0131672

-1.375 0.0146555
-1.35938 0.014481

-1.35938 0.0144809
-1.34375 0.0143058

-1.34375 0.0143058
-1.32812 0.0141302

-1.32812 0.0141301
-1.3125 0.013954

-1.3125 0.013954
-1.29688 0.0137774

-1.29688 0.0137774
-1.28125 0.0136005

-1.28125 0.0136005
-1.26562 0.0134232

2.78125 -0.0131672
2.79688 -0.0127155

2.79688 -0.0127155
2.8125 -0.0122468

-1.26562 0.0134232
-1.25 0.0132457

2.8125 -0.0122469
2.82812 -0.011761

2.82812 -0.011761
2.84375 -0.0112575

2.84375 -0.0112576
2.85938 -0.0107361

-1.25 0.0132457
-1.23438 0.0130679

-1.23438 0.0130679
-1.21875 0.01289

-1.21875 0.01289
-1.20312 0.0127119

-1.20312 0.0127119
-1.1875 0.0125337

-1.1875 0.0125337
-1.17188 0.0123554

-1.17188 0.0123554
-1.15625 0.0121771

2.85938 -0.0107362
2.875 -0.0101966

-1.15625 0.0121771
-1.14062 0.0119988

-1.14062 0.0119988
-1.125 0.0118205

2.875 -0.0101967
2.89062 -0.00963854

2.89062 -0.0096386
2.90625 -0.00906166

-1.125 0.0118205
-1.10938 0.0116422

-1.10938 0.0116422
-1.09375 0.0114641

-1.09375 0.0114641
-1.07812 0.0112861

-1.07812 0.0112861
-1.0625 0.0111083

-1.0625 0.0111083
-1.04688 0.0109306

-1.04688 0.0109306
-1.03125 0.0107532

-1.03125 0.0107532
-1.01562 0.0105761

-1.01562 0.0105761
-1 0.0103992

2.90625 -0.00906175
2.92188 -0.0084657

2.92188 -0.00846573
2.9375 -0.00785036

2.9375 -0.00785045
2.95312 -0.00721553

2.95312 -0.00721543
2.96875 -0.00656099

2.96875 -0.00656104
2.98438 -0.00588714

2.98438 -0.00588685
3 -0.00519399

3 -0.0051648
3.03125 -0.00385906

3.03125 -0.00383969
3.0625 -0.00270189

3.0625 -0.0026324
3.125 -0.00104814

3.125 -0.00106547
3.22218 0

3.25 -0.000303738
3.3527 0

3.5 -0.000256908
3.83587 0

