0 0 
1 0.000362718 
2 0.00136991 
3 0.00293951 
4 0.00485533 
5 0.0067469 
6 0.00797006 
7 0.00844852 
8 0.00814214 
9 0.00713707 
10 0.00552688 
11 0.00473233 
12 0.00400511 
13 0.0037867 
14 0.00345864 
15 0.00344767 
16 0.00348285 
17 0.0033297 
18 0.00351323 
19 0.00312051 
20 0.00348322 
21 0.00337566 
22 0.00362282 
23 0.00367397 
24 0.00363871 
25 0.00346154 
26 0.003588 
27 0.00428511 
28 0.00498171 
29 0.0054041 
30 0.00524933 
31 0.0047497 
32 0.00373327 
33 0.00296201 
34 0.00242278 
35 0.00202993 
36 0.0020957 
37 0.00246769 
38 0.00292731 
39 0.00323916 
40 0.00360372 
41 0.00424581 
42 0.00475356 
43 0.00546321 
44 0.00669561 
45 0.00749058 
46 0.0081873 
47 0.00851363 
48 0.00899773 
49 0.00921405 
50 0.00948286 
51 0.0093766 
52 0.00950084 
53 0.00954638 
54 0.00943779 
55 0.00980042 
56 0.00973727 
57 0.0101756 
58 0.0112426 
59 0.010733 
60 0.0109519 
61 0.010524 
62 0.00992436 
63 0.00976188 
64 0.00921398 
65 0.00894734 
66 0.00860897 
67 0.00807605 
68 0.00761478 
69 0.00719789 
70 0.00674713 
71 0.00637618 
72 0.00606401 
73 0.00570024 
74 0.00512103 
75 0.0049424 
76 0.00447852 
77 0.00534563 
78 0.00579726 
79 0.00609943 
80 0.00606767 
81 0.00596789 
82 0.00554241 
83 0.00493077 
84 0.0045737 
85 0.00422186 
86 0.00385684 
87 0.00396067 
88 0.00407602 
89 0.00423845 
90 0.00432428 
91 0.0045949 
92 0.00447117 
93 0.00749974 
94 0.0044312 
95 0.0044201 
96 0.00449805 
97 0.00388522 
98 0.00385915 
99 0.00371334 
100 0.0035634 
101 0.00361679 
102 0.00400926 
103 0.0035266 
104 0.00364111 
105 0.00332536 
106 0.00312492 
107 0.00311644 
108 0.00320387 
109 0.00276687 
110 0.00307508 
111 0.00311526 
112 0.00344275 
113 0.00370979 
114 0.00407016 
115 0.00419183 
116 0.00411895 
117 0.0042229 
118 0.00382953 
119 0.00337369 
120 0.00342303 
121 0.0039867 
122 0.00480024 
123 0.00565107 
124 0.00615305 
125 0.00662453 
126 0.0071132 
127 0.00747812 
128 0.00819568 
129 0.00866065 
130 0.00921244 
131 0.00969508 
132 0.00986678 
133 0.0106025 
134 0.0102318 
135 0.0104421 
136 0.010526 
137 0.010463 
138 0.00999475 
139 0.00999635 
140 0.00968216 
141 0.00953821 
142 0.00941364 
143 0.00925747 
144 0.00903358 
145 0.00878362 
146 0.00864556 
147 0.00856669 
148 0.00826383 
149 0.00775082 
150 0.0071196 
151 0.00703448 
152 0.00612891 
153 0.00566368 
154 0.00502224 
155 0.00457396 
156 0.00431425 
157 0.00422842 
158 0.00417137 
159 0.00419618 
160 0.00417152 
161 0.00431575 
162 0.00461343 
163 0.00493225 
164 0.00525615 
165 0.00542697 
166 0.00533575 
167 0.00520106 
168 0.00511829 
169 0.00495739 
170 0.00460603 
171 0.00444777 
172 0.00437384 
173 0.00405091 
174 0.00397885 
175 0.00387094 
176 0.00385685 
177 0.003994 
178 0.00365959 
179 0.00363941 
180 0.00359945 
181 0.00365052 
182 0.00385942 
183 0.00359088 
184 0.00333066 
185 0.003578 
186 0.00350481 
187 0.00339357 
188 0.00353918 
189 0.00381383 
190 0.00334132 
191 0.00357315 
192 0.00337074 
193 0.00335536 
194 0.00328127 
195 0.00356339 
196 0.00333848 
197 0.00343621 
198 0.00368313 
199 0.0036064 
200 0.00351145 
201 0.0038665 
202 0.00463044 
203 0.00549424 
204 0.00643834 
205 0.00695728 
206 0.00742301 
207 0.00788441 
208 0.0084054 
209 0.00885577 
210 0.00916301 
211 0.00942625 
212 0.00970773 
213 0.00981746 
214 0.0099146 
215 0.0101118 
216 0.0103772 
217 0.0111574 
218 0.0100177 
219 0.0102175 
220 0.0100741 
221 0.0100927 
222 0.00961689 
223 0.00942071 
224 0.0090829 
225 0.00883811 
226 0.00856792 
227 0.00826066 
228 0.00789986 
229 0.00748272 
230 0.00728901 
231 0.00666739 
232 0.00629769 
233 0.00560618 
234 0.00512353 
235 0.00448703 
236 0.00461958 
237 0.00476963 
238 0.00473647 
239 0.00493768 
240 0.00488036 
241 0.00486952 
242 0.00482851 
243 0.00479125 
244 0.00480981 
245 0.00499306 
246 0.00478711 
247 0.00481462 
248 0.00474899 
249 0.00472925 
250 0.00453706 
251 0.00444881 
252 0.00446786 
253 0.0044639 
254 0.0041444 
255 0.00410866 
256 0.00408363 
257 0.00402706 
258 0.00380272 
259 0.00364479 
260 0.00353833 
261 0.00343255 
262 0.0033566 
263 0.00380159 
264 0.00333097 
265 0.00357326 
266 0.00337566 
267 0.00331039 
268 0.00321203 
269 0.00351684 
270 0.00315992 
271 0.00353964 
272 0.00348494 
273 0.00364933 
274 0.00349167 
275 0.0037676 
276 0.00360918 
277 0.00352177 
278 0.00369448 
279 0.00347294 
280 0.00332167 
281 0.00392454 
282 0.00458845 
283 0.00541813 
284 0.00638533 
285 0.00680008 
286 0.0073488 
287 0.0078248 
288 0.00837343 
289 0.00882475 
290 0.00924156 
291 0.00952525 
292 0.00981499 
293 0.0102676 
294 0.010091 
295 0.0101205 
296 0.0101927 
297 0.0107486 
298 0.010227 
299 0.0104173 
300 0.00987999 
301 0.00993215 
302 0.00951854 
303 0.00934704 
304 0.00908967 
305 0.00876364 
306 0.00868189 
307 0.00846286 
308 0.00801371 
309 0.00754308 
310 0.00728132 
311 0.0067032 
312 0.00624462 
313 0.00560787 
314 0.005115 
315 0.00449506 
316 0.00445453 
317 0.00450495 
318 0.00447985 
319 0.00471869 
320 0.0046723 
321 0.00473925 
322 0.00484736 
323 0.00494024 
324 0.0049976 
325 0.0051988 
326 0.00497177 
327 0.00489602 
328 0.00481036 
329 0.00476813 
330 0.00457009 
331 0.00439459 
332 0.00440082 
333 0.00419615 
334 0.0041252 
335 0.00407619 
336 0.00399304 
337 0.00436735 
338 0.00383911 
339 0.00368164 
340 0.00358303 
341 0.00352393 
342 0.00383045 
343 0.00380781 
344 0.00331236 
345 0.00366355 
346 0.00346082 
347 0.00339334 
348 0.00339784 
349 0.00344134 
350 0.00338749 
351 0.00343671 
352 0.00338865 
353 0.00341366 
354 0.00353478 
355 0.00357108 
356 0.00357665 
357 0.00348535 
358 0.00364361 
359 0.00358737 
360 0.00334956 
361 0.00391225 
362 0.0045391 
363 0.00540621 
364 0.00637206 
365 0.00693781 
366 0.00737186 
367 0.00785069 
368 0.00840616 
369 0.00882909 
370 0.00923319 
371 0.0094871 
372 0.00977981 
373 0.0102386 
374 0.0100415 
375 0.0100485 
376 0.0102567 
377 0.0110431 
378 0.0103146 
379 0.0104032 
380 0.00997853 
381 0.010096 
382 0.00950946 
383 0.00933514 
384 0.00908889 
385 0.00877632 
386 0.00870897 
387 0.00843144 
388 0.00788894 
389 0.00752412 
390 0.00729776 
391 0.00666667 
392 0.00626043 
393 0.00563545 
394 0.00514832 
395 0.00449205 
396 0.00452378 
397 0.00458614 
398 0.00457291 
399 0.00480291 
400 0.0047346 
401 0.00475563 
402 0.00486519 
403 0.00485563 
404 0.00491855 
405 0.00510823 
406 0.00491154 
407 0.00485803 
408 0.00477657 
409 0.00476082 
410 0.0045798 
411 0.00442366 
412 0.00441369 
413 0.00427302 
414 0.00411354 
415 0.00411989 
416 0.00400511 
417 0.0043238 
418 0.00381897 
419 0.00368026 
420 0.00358142 
421 0.00345961 
422 0.00383833 
423 0.00373539 
424 0.00326526 
425 0.00365725 
426 0.00345869 
427 0.00339788 
428 0.00334684 
429 0.00340681 
430 0.00341444 
431 0.00345557 
432 0.00339432 
433 0.00342315 
434 0.00358527 
435 0.0036074 
436 0.00362476 
437 0.00351081 
438 0.00361007 
439 0.00355578 
440 0.00330703 
441 0.00392739 
442 0.0045614 
443 0.00539829 
444 0.00633038 
445 0.00689971 
446 0.00736657 
447 0.00783235 
448 0.00840653 
449 0.00882375 
450 0.00923383 
451 0.00948637 
452 0.00977959 
453 0.0100568 
454 0.0100455 
455 0.0100375 
456 0.0103619 
457 0.0112844 
458 0.0102527 
459 0.0103813 
460 0.00993162 
461 0.0100598 
462 0.00954049 
463 0.00934761 
464 0.00908995 
465 0.00876882 
466 0.00871864 
467 0.00845069 
468 0.00785841 
469 0.00754929 
470 0.00730773 
471 0.00665748 
472 0.00625642 
473 0.00562237 
474 0.00513472 
475 0.00449571 
476 0.00449493 
477 0.00454134 
478 0.00453079 
479 0.00477921 
480 0.0047272 
481 0.00474754 
482 0.00488152 
483 0.00489065 
484 0.00495235 
485 0.00512787 
486 0.00492815 
487 0.0048682 
488 0.00478121 
489 0.004782 
490 0.00457127 
491 0.00440252 
492 0.00441964 
493 0.0042774 
494 0.00409256 
495 0.00412777 
496 0.00398562 
497 0.00436128 
498 0.00383399 
499 0.00368812 
500 0.00361316 
501 0.00339071 
502 0.00390352 
503 0.00363721 
504 0.0032391 
505 0.00365512 
506 0.00347368 
507 0.0034398 
508 0.00333216 
509 0.00336883 
510 0.00346448 
511 0.00343737 
512 0.00339699 
513 0.00338542 
514 0.0035965 
515 0.00359626 
516 0.00363143 
517 0.00351167 
518 0.00358932 
519 0.00358085 
520 0.00330365 
521 0.00393278 
522 0.00456501 
523 0.00541498 
524 0.00630793 
525 0.00692489 
526 0.00736842 
527 0.00783195 
528 0.00840217 
529 0.0088222 
530 0.00923692 
531 0.00948239 
532 0.00976213 
533 0.0100232 
534 0.0100243 
535 0.0100455 
536 0.0103459 
537 0.0113369 
538 0.0102475 
539 0.0103674 
540 0.00994852 
541 0.0100681 
542 0.00954542 
543 0.00933945 
544 0.00909273 
545 0.00877734 
546 0.0087211 
547 0.00843669 
548 0.00786649 
549 0.00753789 
550 0.00730477 
551 0.00665774 
552 0.00625274 
553 0.00562456 
554 0.00513752 
555 0.00448949 
556 0.00450438 
557 0.00455426 
558 0.00454066 
559 0.00478944 
560 0.00474409 
561 0.00475281 
562 0.00488235 
563 0.00488581 
564 0.0049433 
565 0.00511772 
566 0.00492152 
567 0.00487063 
568 0.00477842 
569 0.00477506 
570 0.00457449 
571 0.00438811 
572 0.00443285 
573 0.00430599 
574 0.00408374 
575 0.00414017 
576 0.00398183 
577 0.00436999 
578 0.00384192 
579 0.00368766 
580 0.0036142 
581 0.00345154 
582 0.0039026 
583 0.00354734 
584 0.00323578 
585 0.00364882 
586 0.00348659 
587 0.00343112 
588 0.00331608 
589 0.00336926 
590 0.00347931 
591 0.00340801 
592 0.0034261 
593 0.00339505 
594 0.00361339 
595 0.00359635 
596 0.00363915 
597 0.00350569 
598 0.00355615 
599 0.00358344 
600 0.00331145 
601 0.00393462 
602 0.00456924 
603 0.00541788 
604 0.0062897 
605 0.00692175 
606 0.00736637 
607 0.00782663 
608 0.00839916 
609 0.0088252 
610 0.00923617 
611 0.00948422 
612 0.00975678 
613 0.00998857 
614 0.0100141 
615 0.0100485 
616 0.0103039 
617 0.0114217 
618 0.0102242 
619 0.0103564 
620 0.00991846 
621 0.0100617 
622 0.00954528 
623 0.0093362 
624 0.00909542 
625 0.00877741 
626 0.0087211 
627 0.00843588 
628 0.00786072 
629 0.00753165 
630 0.00730428 
631 0.0066529 
632 0.00624974 
633 0.00561537 
634 0.00512944 
635 0.00448293 
636 0.00449919 
637 0.00454617 
638 0.00453062 
639 0.00478581 
640 0.00474928 
641 0.00476 
642 0.00488732 
643 0.00495557 
644 0.00495093 
645 0.00512401 
646 0.0049277 
647 0.00487525 
648 0.00477535 
649 0.00476338 
650 0.00457765 
651 0.00438096 
652 0.00443895 
653 0.00433093 
654 0.00407938 
655 0.00413702 
656 0.003979 
657 0.00437294 
658 0.00385221 
659 0.00368854 
660 0.00359094 
661 0.0034417 
662 0.00388981 
663 0.0034828 
664 0.00327594 
665 0.00364913 
666 0.0035006 
667 0.00342454 
668 0.00331238 
669 0.0033701 
670 0.00350892 
671 0.00338504 
672 0.00343457 
673 0.0033991 
674 0.00360958 
675 0.00359105 
676 0.00364477 
677 0.00350067 
678 0.00353237 
679 0.00359043 
680 0.00328351 
681 0.00393921 
682 0.00457356 
683 0.00541068 
684 0.0062768 
685 0.00692295 
686 0.00742899 
687 0.00782489 
688 0.00839679 
689 0.00881832 
690 0.00923007 
691 0.00947949 
692 0.00975193 
693 0.00997255 
694 0.0100061 
695 0.0100529 
696 0.0103002 
697 0.0114263 
698 0.0102174 
699 0.0103491 
700 0.00989789 
701 0.0100565 
702 0.00954607 
703 0.00932119 
704 0.00909781 
705 0.00878045 
706 0.00872001 
707 0.00843142 
708 0.00786125 
709 0.00752941 
710 0.00730143 
711 0.00665545 
712 0.0062449 
713 0.00561219 
714 0.00512527 
715 0.0044737 
716 0.00449881 
717 0.00454721 
718 0.00453215 
719 0.0047855 
720 0.00475163 
721 0.00476789 
722 0.004885 
723 0.00489984 
724 0.00495256 
725 0.00512647 
726 0.00493093 
727 0.00487876 
728 0.00477305 
729 0.00486659 
730 0.00458261 
731 0.00437986 
732 0.00444463 
733 0.0043516 
734 0.00407626 
735 0.00413605 
736 0.00398026 
737 0.00437148 
738 0.00385827 
739 0.00368875 
740 0.00358398 
741 0.00341048 
742 0.0038803 
743 0.00345888 
744 0.00329375 
745 0.00364652 
746 0.00350412 
747 0.00342371 
748 0.00331192 
749 0.00337294 
750 0.00352822 
751 0.00337737 
752 0.0034415 
753 0.00340237 
754 0.00360376 
755 0.00358623 
756 0.00364361 
757 0.00349767 
758 0.00352088 
759 0.00358939 
760 0.00328038 
761 0.00394205 
762 0.00457509 
763 0.00540495 
764 0.00626755 
765 0.00692017 
766 0.00736086 
767 0.00782174 
768 0.00839356 
769 0.00881282 
770 0.00921604 
771 0.00947741 
772 0.00977538 
773 0.00995976 
774 0.0100006 
775 0.0100555 
776 0.0102976 
777 0.0114273 
778 0.0102139 
779 0.010343 
780 0.00988218 
781 0.0100459 
782 0.00954708 
783 0.00931456 
784 0.00909851 
785 0.00878297 
786 0.00871716 
787 0.00842626 
788 0.00786427 
789 0.00753095 
790 0.00729949 
791 0.0066569 
792 0.00624087 
793 0.00560602 
794 0.00511716 
795 0.00446559 
796 0.00449472 
797 0.00454813 
798 0.00453334 
799 0.00478611 
800 0.00475448 
801 0.00477258 
802 0.00488534 
803 0.0049008 
804 0.00495662 
805 0.00513021 
806 0.004935 
807 0.00488234 
808 0.00477165 
809 0.00475744 
810 0.00458396 
811 0.00437949 
812 0.00444741 
813 0.00437327 
814 0.00407038 
815 0.00422657 
816 0.00398001 
817 0.00438154 
818 0.00386178 
819 0.0036911 
820 0.00358581 
821 0.00340006 
822 0.00387828 
823 0.00345768 
824 0.00329996 
825 0.00364804 
826 0.00350242 
827 0.00342308 
828 0.00331644 
829 0.00337616 
830 0.00353565 
831 0.00337631 
832 0.00344584 
833 0.0033962 
834 0.00359813 
835 0.00358149 
836 0.00363849 
837 0.00349768 
838 0.00352144 
839 0.00358791 
840 0.00328028 
841 0.00394118 
842 0.00457378 
843 0.00540238 
844 0.00626388 
845 0.00691658 
846 0.0073572 
847 0.00781884 
848 0.00839274 
849 0.00880555 
850 0.00920368 
851 0.00947644 
852 0.00974489 
853 0.00994931 
854 0.00999266 
855 0.0100569 
856 0.0103106 
857 0.0114147 
858 0.0102177 
859 0.0103378 
860 0.00988225 
861 0.0100379 
862 0.00955058 
863 0.00930669 
864 0.00909613 
865 0.00878703 
866 0.00871387 
867 0.00841942 
868 0.00786998 
869 0.0075281 
870 0.00729663 
871 0.00665899 
872 0.00623659 
873 0.00560039 
874 0.00511091 
875 0.00445865 
876 0.00449207 
877 0.00455026 
878 0.00453439 
879 0.00478631 
880 0.00475726 
881 0.00477734 
882 0.0048835 
883 0.00489997 
884 0.00496005 
885 0.0051342 
886 0.00493847 
887 0.00488495 
888 0.00477184 
889 0.00475849 
890 0.00458543 
891 0.00438044 
892 0.00444993 
893 0.00438771 
894 0.00407255 
895 0.00413281 
896 0.00398118 
897 0.00436485 
898 0.00386737 
899 0.0036909 
900 0.00357917 
901 0.00341868 
902 0.00386215 
903 0.00343404 
904 0.00331534 
905 0.00364221 
906 0.00351049 
907 0.00342559 
908 0.00331155 
909 0.00337654 
910 0.00354762 
911 0.00336698 
912 0.00344846 
913 0.00340351 
914 0.00359118 
915 0.0035772 
916 0.00363811 
917 0.00349008 
918 0.00350899 
919 0.0035874 
920 0.00327729 
921 0.00394316 
922 0.00457549 
923 0.00539381 
924 0.00625725 
925 0.0069161 
926 0.00735043 
927 0.00781558 
928 0.00839085 
929 0.0087992 
930 0.00919709 
931 0.00947465 
932 0.00974127 
933 0.00994244 
934 0.0099845 
935 0.0100588 
936 0.0103022 
937 0.0114398 
938 0.0102022 
939 0.0103339 
940 0.00988226 
941 0.010031 
942 0.00954621 
943 0.00930488 
944 0.00908498 
945 0.00879321 
946 0.00871202 
947 0.00841089 
948 0.00787721 
949 0.00752653 
950 0.00729509 
951 0.00666011 
952 0.00623267 
953 0.00559218 
954 0.00510448 
955 0.00445312 
956 0.00448857 
957 0.00455289 
958 0.00453454 
959 0.00478623 
960 0.00476054 
961 0.00478326 
962 0.00488408 
963 0.00490111 
964 0.00496201 
965 0.00513591 
966 0.00494175 
967 0.00488775 
968 0.00477113 
969 0.00475821 
970 0.00458667 
971 0.0043813 
972 0.00445149 
973 0.00440789 
974 0.0040716 
975 0.0041311 
976 0.0039814 
977 0.00436492 
978 0.00386898 
979 0.00369248 
980 0.00357986 
981 0.0033362 
982 0.00385651 
983 0.003431 
984 0.00332208 
985 0.00364294 
986 0.00351265 
987 0.00342565 
988 0.00331198 
989 0.00337681 
990 0.00355232 
991 0.00336438 
992 0.00345373 
993 0.00340484 
994 0.00358674 
995 0.00357211 
996 0.00363998 
997 0.00348616 
998 0.00350589 
999 0.00358719 
1000 0.00327594 
