-4 0.380264
-3.96875 0.38145

-3.96875 0.381451
-3.9375 0.382696

-3.9375 0.382697
-3.90625 0.383996

-3.90625 0.383998
-3.875 0.385342

-3.875 0.385345
-3.84375 0.386722

-3.84375 0.386726
-3.8125 0.388122

-3.8125 0.388126
-3.78125 0.389527

-3.78125 0.389531
-3.75 0.390919

-3.75 0.390923
-3.71875 0.392282

-3.71875 0.392287
-3.6875 0.393596

-3.6875 0.3936
-3.65625 0.394842

-3.65625 0.394845
-3.625 0.396004

-3.625 0.396007
-3.59375 0.39707

-3.59375 0.397072
-3.5625 0.398028

-3.5625 0.39803
-3.53125 0.398873

-3.53125 0.398873
-3.5 0.399599

-3.5 0.399599
-3.46875 0.400207

-3.46875 0.400206
-3.4375 0.4007

-3.4375 0.400699
-3.40625 0.401083

-3.40625 0.401081
-3.375 0.401362

-3.375 0.40136
-3.34375 0.401548

-3.34375 0.401545
-3.3125 0.401649

-3.3125 0.401646
-3.28125 0.401676

-3.28125 0.401674
-3.25 0.40164

-3.25 0.401638
-3.21875 0.401551

-3.21875 0.401549
-3.1875 0.401417

-3.1875 0.401415
-3.15625 0.401246

-3.15625 0.401244
-3.125 0.401046

-3.125 0.401044
-3.09375 0.400821

-3.09375 0.40082
-3.0625 0.400577

-3.0625 0.400577
-3.03125 0.400316

-3.03125 0.400315
-3 0.400038

-3 0.400039
-2.96875 0.399745

-2.96875 0.399746
-2.9375 0.399436

-2.9375 0.399436
-2.90625 0.399107

-2.90625 0.399107
-2.875 0.398755

-2.875 0.398757
-2.84375 0.398378

-2.84375 0.398379
-2.8125 0.39797

-2.8125 0.397972
-2.78125 0.397526

-2.78125 0.397528
-2.75 0.397041

-2.75 0.397042
-2.71875 0.396508

-2.71875 0.39651
-2.6875 0.395922

-2.6875 0.395924
-2.65625 0.395277

-2.65625 0.395278
-2.625 0.394566

-2.625 0.394568
-2.59375 0.393784

-2.59375 0.393785
-2.5625 0.392924

-2.5625 0.392925
-2.53125 0.391982

-2.53125 0.391983
-2.5 0.390952

-2.5 0.390953
-2.46875 0.389831

-2.46875 0.389833
-2.4375 0.388615

-2.4375 0.388617
-2.40625 0.387297

-2.40625 0.387298
-2.375 0.385872

-2.375 0.385873
-2.34375 0.384337

-2.34375 0.384338
-2.3125 0.38269

-2.3125 0.382691
-2.28125 0.380929

-2.28125 0.380929
-2.25 0.379053

-2.1875 0.374929
-2.18856 0.375

-2.1875 0.374953
-2.15625 0.372798

-2.15625 0.372802
-2.125 0.370624

-2.25 0.379049
-2.21875 0.377066

-2.21875 0.37707
-2.18781 0.375

-2.125 0.370625
-2.09375 0.368414

-2.09375 0.368416
-2.0625 0.366166

-2.0625 0.366169
-2.03125 0.36387

-2.03125 0.363874
-2 0.361514

-2 0.361516
-1.96875 0.359083

-1.96875 0.359087
-1.9375 0.356565

-1.9375 0.35657
-1.90625 0.353939

-1.90625 0.353943
-1.875 0.351187

-1.875 0.35119
-1.84375 0.348297

-1.84375 0.348298
-1.8125 0.345261

-1.78125 0.342065
-1.79791 0.34375

-1.8125 0.345277
-1.79741 0.34375

-1.78125 0.342073
-1.75 0.338845

-1.75 0.338854
-1.71875 0.335572

-1.71875 0.335576
-1.6875 0.332217

-1.6875 0.332222
-1.65625 0.328769

-1.65625 0.328774
-1.625 0.325205

-1.625 0.325211
-1.59375 0.321504

-1.59375 0.321508
-1.5625 0.31764

-1.5 0.309384
-1.52336 0.3125

-1.5625 0.317643
-1.53125 0.313598

-1.53125 0.313619
-1.52286 0.3125

-1.5 0.30939
-1.46875 0.305181

-1.46875 0.305193
-1.4375 0.300943

-1.4375 0.300946
-1.40625 0.296623

-1.40625 0.296631
-1.375 0.292214

-1.375 0.292221
-1.34375 0.28768

-1.34375 0.287681
-1.3125 0.282997

-1.28125 0.278162
-1.30148 0.28125

-1.3125 0.283027
-1.30086 0.28125

-1.28125 0.278169
-1.25 0.273428

-1.09375 0.249658
-1.09596 0.25

-1.09375 0.2497
-1.0625 0.24493

-1.0625 0.244946
-1.03125 0.240376

-1.03125 0.240385
-1 0.235963

-1.25 0.273446
-1.21875 0.268755

-1.21875 0.268759
-1.1875 0.264073

-1.1875 0.264084
-1.15625 0.259372

-1.15625 0.259374
-1.125 0.25461

-1.125 0.254627
-1.09512 0.25

-1 0.235971
-0.96875 0.231665

-0.96875 0.231676
-0.9375 0.227448

-0.9375 0.227451
-0.90625 0.22327

-0.90625 0.223281
-0.875 0.219118

-0.84375 0.215024
-0.872868 0.21875

-0.875 0.219164
-0.871768 0.21875

-0.84375 0.215037
-0.8125 0.211369

-0.8125 0.211378
-0.78125 0.208019

-0.78125 0.208022
-0.75 0.204946

-0.75 0.204952
-0.71875 0.20214

-0.71875 0.20215
-0.6875 0.199573

-0.6875 0.199584
-0.65625 0.197199

-0.65625 0.197206
-0.625 0.194976

-0.625 0.194985
-0.59375 0.192879

-0.59375 0.192886
-0.5625 0.19087

-0.5 0.187014
-0.50818 0.1875

-0.5625 0.19087
-0.53125 0.188929

-0.53125 0.188939
-0.507016 0.1875

-0.5 0.187023
-0.46875 0.185355

-0.46875 0.185359
-0.4375 0.183957

-0.4375 0.183959
-0.40625 0.182811

-0.40625 0.182813
-0.375 0.181907

-0.375 0.181911
-0.34375 0.181234

-0.34375 0.181238
-0.3125 0.180774

-0.3125 0.180778
-0.28125 0.180509

-0.28125 0.180513
-0.25 0.180421

-0.25 0.180426
-0.21875 0.180494

-0.21875 0.180498
-0.1875 0.18071

-0.1875 0.180714
-0.15625 0.181052

-0.15625 0.181056
-0.125 0.181503

-0.125 0.181507
-0.09375 0.182047

-0.09375 0.182051
-0.0625 0.182666

-0.0625 0.18267
-0.03125 0.183344

-0.03125 0.183348
0 0.184068

0 0.18407
0.03125 0.184824

0.03125 0.184825
0.0625 0.185607

0.0625 0.185605
0.09375 0.186418

0.09375 0.186414
0.125 0.187268

0.125 0.187282
0.132234 0.1875

0.13369 0.1875
0.15625 0.18818

0.15625 0.18818
0.1875 0.189272

0.1875 0.189277
0.21875 0.190534

0.21875 0.190537
0.25 0.191941

0.25 0.191947
0.28125 0.193479

0.28125 0.193486
0.3125 0.19512

0.3125 0.195127
0.34375 0.196834

0.34375 0.196841
0.375 0.198592

0.375 0.198599
0.40625 0.200364

0.40625 0.20037
0.4375 0.202126

0.4375 0.20213
0.46875 0.203859

0.46875 0.203866
0.5 0.205547

0.5 0.205552
0.53125 0.207161

0.53125 0.207163
0.5625 0.208685

0.5625 0.208687
0.59375 0.210116

0.59375 0.210116
0.625 0.211447

0.625 0.211447
0.65625 0.212678

0.65625 0.212677
0.6875 0.21381

0.6875 0.213809
0.71875 0.214847

0.71875 0.214845
0.75 0.215795

0.75 0.215792
0.78125 0.216664

0.78125 0.21666
0.8125 0.21747

0.8125 0.217463
0.84375 0.218234

0.84375 0.218234
0.864766 0.21875

0.866239 0.21875
0.875 0.218965

0.875 0.218967
0.90625 0.219796

0.90625 0.219793
0.9375 0.220734

0.9375 0.220733
0.96875 0.221794

0.96875 0.221793
1 0.222979

1 0.22298
1.03125 0.22429

1.03125 0.224293
1.0625 0.22572

1.0625 0.225723
1.09375 0.227259

1.09375 0.227263
1.125 0.228893

1.125 0.228897
1.15625 0.230606

1.15625 0.23061
1.1875 0.232379

1.1875 0.232382
1.21875 0.234195

1.21875 0.234202
1.25 0.236042

1.25 0.236049
1.28125 0.237889

1.28125 0.237894
1.3125 0.239706

1.3125 0.239712
1.34375 0.241476

1.34375 0.24148
1.375 0.243176

1.375 0.243179
1.40625 0.244793

1.40625 0.244793
1.4375 0.246317

1.4375 0.246315
1.46875 0.247751

1.46875 0.247745
1.5 0.249111

1.5 0.249115
1.52076 0.25

1.52203 0.25
1.53125 0.250393

1.53125 0.250401
1.5625 0.251786

1.5625 0.251786
1.59375 0.25328

1.59375 0.253281
1.625 0.254879

1.625 0.254881
1.65625 0.256574

1.65625 0.256577
1.6875 0.258353

1.6875 0.258358
1.71875 0.260201

1.71875 0.260206
1.75 0.262099

1.75 0.262104
1.78125 0.264027

1.78125 0.26403
1.8125 0.265968

1.8125 0.265974
1.84375 0.267908

1.84375 0.267915
1.875 0.26982

1.875 0.269824
1.90625 0.271678

1.90625 0.271682
1.9375 0.273467

1.9375 0.27347
1.96875 0.275175

1.96875 0.275176
2 0.276794

2 0.276792
2.03125 0.278324

2.03125 0.278317
2.0625 0.27978

2.0625 0.279781
2.09375 0.281186

2.09375 0.281206
2.09471 0.28125

2.09607 0.28125
2.125 0.282567

2.125 0.282569
2.15625 0.284088

2.15625 0.28409
2.1875 0.285704

2.1875 0.285705
2.21875 0.287409

2.21875 0.287412
2.25 0.289197

2.25 0.289201
2.28125 0.291054

2.28125 0.291058
2.3125 0.292963

2.3125 0.292967
2.34375 0.294907

2.34375 0.294909
2.375 0.29687

2.375 0.296875
2.40625 0.298841

2.40625 0.298848
2.4375 0.300796

2.4375 0.3008
2.46875 0.302708

2.46875 0.302712
2.5 0.304564

2.5 0.304567
2.53125 0.306349

2.53125 0.30635
2.5625 0.308054

2.5625 0.308053
2.59375 0.309678

2.59375 0.309672
2.625 0.311234

2.625 0.311238
2.651 0.3125

2.65212 0.3125
2.65625 0.312701

2.65625 0.312715
2.6875 0.314261

2.6875 0.314263
2.71875 0.315899

2.71875 0.3159
2.75 0.317619

2.75 0.31762
2.78125 0.319417

2.78125 0.31942
2.8125 0.321285

2.8125 0.321288
2.84375 0.323208

2.84375 0.323212
2.875 0.325171

2.875 0.325174
2.90625 0.327157

2.90625 0.327161
2.9375 0.329153

2.9375 0.329159
2.96875 0.331143

2.96875 0.331148
3 0.333101

3 0.333104
3.03125 0.335007

3.03125 0.33501
3.0625 0.336848

3.0625 0.33685
3.09375 0.338614

3.09375 0.338614
3.125 0.340301

3.125 0.340298
3.15625 0.341914

3.15625 0.341912
3.1875 0.343469

3.1875 0.343483
3.19289 0.34375

3.19381 0.34375
3.21875 0.344984

3.21875 0.344985
3.25 0.346584

3.25 0.346588
3.28125 0.348246

3.28125 0.348247
3.3125 0.349957

3.3125 0.34996
3.34375 0.351715

3.34375 0.351718
3.375 0.353505

3.375 0.353509
3.40625 0.355316

3.40625 0.35532
3.4375 0.357131

3.4375 0.357134
3.46875 0.358935

3.46875 0.358939
3.5 0.360714

3.5 0.360719
3.53125 0.362453

3.53125 0.362457
3.5625 0.36413

3.5625 0.364132
3.59375 0.365728

3.59375 0.365731
3.625 0.367239

3.625 0.367241
3.65625 0.368654

3.65625 0.368654
3.6875 0.369967

3.6875 0.369967
3.71875 0.37118

3.71875 0.371178
3.75 0.372296

3.75 0.372292
3.78125 0.373326

3.78125 0.373321
3.8125 0.374288

3.8125 0.374288
3.8366 0.375

3.83759 0.375
3.84375 0.375182

3.84375 0.375188
3.875 0.376111

3.875 0.376109
3.90625 0.377071

3.90625 0.377069
3.9375 0.378078

3.9375 0.378076
3.96875 0.37914

3.96875 0.37914
4 0.380264

