-4 0.321807
-3.96875 0.323109

-3.96875 0.323111
-3.9375 0.324437

-3.9375 0.324438
-3.90625 0.325781

-3.90625 0.325783
-3.875 0.327137

-3.875 0.327138
-3.84375 0.3285

-3.84375 0.328502
-3.8125 0.329863

-3.8125 0.329865
-3.78125 0.331217

-3.78125 0.331218
-3.75 0.332553

-3.75 0.332555
-3.71875 0.333867

-3.71875 0.333868
-3.6875 0.335152

-3.6875 0.335153
-3.65625 0.336403

-3.65625 0.336404
-3.625 0.337616

-3.625 0.337616
-3.59375 0.338788

-3.59375 0.338788
-3.5625 0.339918

-3.5625 0.339917
-3.53125 0.341006

-3.53125 0.341004
-3.5 0.342056

-3.5 0.342053
-3.46875 0.343077

-3.46875 0.343077
-3.44795 0.34375

-3.44738 0.34375
-3.4375 0.344069

-3.4375 0.344072
-3.40625 0.3451

-3.40625 0.345099
-3.375 0.346166

-3.375 0.346166
-3.34375 0.347273

-3.34375 0.347273
-3.3125 0.348419

-3.3125 0.34842
-3.28125 0.349605

-3.28125 0.349606
-3.25 0.350829

-3.25 0.350829
-3.21875 0.352085

-3.21875 0.352087
-3.1875 0.353372

-3.1875 0.353373
-3.15625 0.354683

-3.15625 0.354684
-3.125 0.356012

-3.125 0.356014
-3.09375 0.357354

-3.09375 0.357356
-3.0625 0.358702

-3.0625 0.358703
-3.03125 0.360049

-3.03125 0.360051
-3 0.36139

-3 0.361392
-2.96875 0.362715

-2.96875 0.362716
-2.9375 0.364014

-2.9375 0.364016
-2.90625 0.365283

-2.90625 0.365285
-2.875 0.366516

-2.875 0.366517
-2.84375 0.367707

-2.84375 0.367708
-2.8125 0.368852

-2.8125 0.368852
-2.78125 0.369949

-2.78125 0.369949
-2.75 0.370997

-2.75 0.370997
-2.71875 0.371997

-2.71875 0.371996
-2.6875 0.372951

-2.6875 0.372949
-2.65625 0.373867

-2.65625 0.373864
-2.625 0.374753

-2.625 0.374757
-2.61634 0.375

-2.61581 0.375
-2.59375 0.37562

-2.59375 0.375618
-2.5625 0.376511

-2.5625 0.376511
-2.53125 0.377429

-2.53125 0.377428
-2.5 0.378373

-2.5 0.378372
-2.46875 0.379348

-2.46875 0.379348
-2.4375 0.380356

-2.4375 0.380356
-2.40625 0.381397

-2.40625 0.381397
-2.375 0.382468

-2.375 0.382469
-2.34375 0.38357

-2.34375 0.38357
-2.3125 0.384697

-2.3125 0.384698
-2.28125 0.385847

-2.28125 0.385848
-2.25 0.387014

-2.25 0.387015
-2.21875 0.388194

-2.21875 0.388195
-2.1875 0.38938

-2.1875 0.389382
-2.15625 0.390568

-2.15625 0.390569
-2.125 0.391751

-2.125 0.391753
-2.09375 0.392923

-2.09375 0.392925
-2.0625 0.394077

-2.0625 0.394079
-2.03125 0.395209

-2.03125 0.39521
-2 0.396313

-2 0.396313
-1.96875 0.397385

-1.96875 0.397386
-1.9375 0.398424

-1.9375 0.398424
-1.90625 0.399428

-1.90625 0.399428
-1.875 0.400397

-1.875 0.400397
-1.84375 0.401333

-1.84375 0.401332
-1.8125 0.40224

-1.8125 0.402238
-1.78125 0.40312

-1.78125 0.403119
-1.75 0.403982

-1.75 0.40398
-1.71875 0.404831

-1.71875 0.404829
-1.6875 0.405678

-1.6875 0.405677
-1.66661 0.40625

-1.66636 0.40625
-1.65625 0.406527

-1.65625 0.406527
-1.625 0.407408

-1.625 0.407407
-1.59375 0.408321

-1.59375 0.408322
-1.5625 0.409268

-1.5625 0.40927
-1.53125 0.410246

-1.53125 0.410248
-1.5 0.411246

-1.5 0.411249
-1.46875 0.412256

-1.46875 0.412261
-1.4375 0.413257

-1.4375 0.413264
-1.40625 0.414228

-1.40625 0.414236
-1.375 0.415136

-1.375 0.415146
-1.34375 0.415944

-1.34375 0.415956
-1.3125 0.416609

-1.3125 0.416623
-1.28125 0.417078

-1.28125 0.417094
-1.25 0.417292

-1.25 0.41731
-1.21875 0.417185

-1.21875 0.417203
-1.1875 0.416685

-1.1875 0.416704
-1.15625 0.415716

-1.15625 0.415735
-1.125 0.414202

-1.125 0.414221
-1.09375 0.412067

-1.09375 0.412084
-1.0625 0.409239

-1.03125 0.40555
-1.03732 0.40625

-1.0625 0.409279
-1.03626 0.40625

-1.03125 0.405638
-1 0.401253

-1 0.401271
-0.96875 0.396096

-0.96875 0.396103
-0.9375 0.39009

-0.9375 0.390087
-0.90625 0.383227

-0.90625 0.383251
-0.875 0.3755

-0.84375 0.366881
-0.873441 0.375

-0.84375 0.366893
-0.8125 0.357675

-0.8125 0.357672
-0.78125 0.347764

-0.75 0.337175
-0.769556 0.34375

-0.78125 0.347786
-0.769247 0.34375

-0.875 0.375464
-0.873304 0.375

-0.5 0.24547
-0.512666 0.25

-0.75 0.337174
-0.71875 0.326235

-0.71875 0.326247
-0.6875 0.31493

-0.65625 0.30326
-0.681175 0.3125

-0.65625 0.303258
-0.625 0.291581

-0.6875 0.314939
-0.680919 0.3125

-0.59375 0.279758
-0.597725 0.28125

-0.625 0.291596
-0.597439 0.28125

-0.59375 0.279779
-0.5625 0.268137

-0.5625 0.268147
-0.53125 0.256722

-0.53125 0.256728
-0.512436 0.25

-0.5 0.245472
-0.46875 0.234693

-0.46875 0.234713
-0.4375 0.224386

-0.40625 0.214446
-0.419887 0.21875

-0.4375 0.224398
-0.419605 0.21875

-0.40625 0.214451
-0.375 0.205197

-0.375 0.205222
-0.34375 0.196617

-0.34375 0.196633
-0.3125 0.188594

-0.28125 0.181133
-0.308251 0.1875

-0.28125 0.181157
-0.25 0.174594

-0.3125 0.188664
-0.307566 0.1875

-0.25 0.174624
-0.21875 0.168806

-0.21875 0.168827
-0.1875 0.163653

-0.1875 0.163663
-0.15625 0.159072

-0.125 0.155028
-0.134569 0.15625

-0.15625 0.159065
-0.134196 0.15625

-0.125 0.155013
-0.09375 0.151765

-0.09375 0.151782
-0.0625 0.149341

-0.0625 0.149357
-0.03125 0.147657

-0.03125 0.147672
0 0.146655

0 0.14667
0.03125 0.146278

0.03125 0.146293
0.0625 0.146466

0.0625 0.146482
0.09375 0.147159

0.09375 0.147175
0.125 0.148292

0.125 0.148308
0.15625 0.149799

0.15625 0.149812
0.1875 0.151617

0.1875 0.151624
0.21875 0.153702

0.21875 0.153714
0.25 0.15603

0.25 0.156083
0.251988 0.15625

0.253309 0.15625
0.28125 0.158603

0.28125 0.158616
0.3125 0.161654

0.3125 0.161675
0.34375 0.165069

0.34375 0.165091
0.375 0.168754

0.375 0.168776
0.40625 0.172623

0.40625 0.172652
0.4375 0.176583

0.4375 0.176611
0.46875 0.180513

0.46875 0.18052
0.5 0.184324

0.5 0.184352
0.526782 0.1875

0.528049 0.1875
0.53125 0.187876

0.53125 0.18793
0.5625 0.191607

0.5625 0.191628
0.59375 0.195419

0.59375 0.195437
0.625 0.199264

0.625 0.199277
0.65625 0.20308

0.65625 0.203099
0.6875 0.206814

0.6875 0.206833
0.71875 0.210385

0.71875 0.210393
0.75 0.213731

0.75 0.213733
0.78125 0.216837

0.78125 0.216854
0.801683 0.21875

0.802766 0.21875
0.8125 0.219653

0.8125 0.21968
0.84375 0.222491

0.84375 0.2225
0.875 0.225284

0.875 0.225292
0.90625 0.228018

0.90625 0.228024
0.9375 0.230663

0.9375 0.230668
0.96875 0.233197

0.96875 0.233201
1 0.235601

1 0.235607
1.03125 0.237857

1.03125 0.237862
1.0625 0.239943

1.0625 0.239944
1.09375 0.241842

1.09375 0.241843
1.125 0.243554

1.125 0.243554
1.15625 0.245078

1.15625 0.245077
1.1875 0.246417

1.1875 0.246415
1.21875 0.24758

1.21875 0.247577
1.25 0.248578

1.25 0.248573
1.28125 0.249429

1.28125 0.249432
1.30558 0.25

1.30733 0.25
1.3125 0.250121

1.3125 0.250136
1.34375 0.250782

1.34375 0.250782
1.375 0.251379

1.375 0.251377
1.40625 0.251927

1.40625 0.251925
1.4375 0.252434

1.4375 0.252433
1.46875 0.252905

1.46875 0.252904
1.5 0.253346

1.5 0.253344
1.53125 0.253759

1.53125 0.253758
1.5625 0.25415

1.5625 0.254149
1.59375 0.254525

1.59375 0.254523
1.625 0.254887

1.625 0.254886
1.65625 0.255243

1.65625 0.255241
1.6875 0.255597

1.6875 0.255596
1.71875 0.255955

1.71875 0.255953
1.75 0.256321

1.75 0.256319
1.78125 0.256699

1.78125 0.256698
1.8125 0.257095

1.8125 0.257094
1.84375 0.257512

1.84375 0.257511
1.875 0.257953

1.875 0.257952
1.90625 0.258421

1.90625 0.258421
1.9375 0.258918

1.9375 0.258918
1.96875 0.259447

1.96875 0.259447
2 0.260008

2 0.260008
2.03125 0.260603

2.03125 0.260603
2.0625 0.261231

2.0625 0.261231
2.09375 0.261892

2.09375 0.261892
2.125 0.262585

2.125 0.262585
2.15625 0.263309

2.15625 0.263309
2.1875 0.264061

2.1875 0.264062
2.21875 0.264841

2.21875 0.264841
2.25 0.265645

2.25 0.265646
2.28125 0.266473

2.28125 0.266474
2.3125 0.267318

2.3125 0.267319
2.34375 0.268177

2.34375 0.268178
2.375 0.269046

2.375 0.269047
2.40625 0.26992

2.40625 0.269921
2.4375 0.270796

2.4375 0.270797
2.46875 0.27167

2.46875 0.271671
2.5 0.272538

2.5 0.272539
2.53125 0.273397

2.53125 0.273398
2.5625 0.274244

2.5625 0.274245
2.59375 0.275077

2.59375 0.275077
2.625 0.275891

2.625 0.275891
2.65625 0.276686

2.65625 0.276686
2.6875 0.277459

2.6875 0.277459
2.71875 0.278209

2.71875 0.278209
2.75 0.278938

2.75 0.278937
2.78125 0.279645

2.78125 0.279644
2.8125 0.280338

2.8125 0.280336
2.84375 0.281025

2.84375 0.28103
2.8535 0.28125

2.85432 0.28125
2.875 0.281717

2.875 0.281715
2.90625 0.282466

2.90625 0.282467
2.9375 0.283275

2.9375 0.283275
2.96875 0.284141

2.96875 0.284141
3 0.285066

3 0.285067
3.03125 0.286048

3.03125 0.286049
3.0625 0.287084

3.0625 0.287085
3.09375 0.288171

3.09375 0.288172
3.125 0.289303

3.125 0.289304
3.15625 0.290475

3.15625 0.290477
3.1875 0.291684

3.1875 0.291685
3.21875 0.292922

3.21875 0.292924
3.25 0.294184

3.25 0.294185
3.28125 0.295462

3.28125 0.295463
3.3125 0.296752

3.3125 0.296754
3.34375 0.29805

3.34375 0.298053
3.375 0.299346

3.375 0.299348
3.40625 0.300631

3.40625 0.300633
3.4375 0.301899

3.4375 0.301901
3.46875 0.303145

3.46875 0.303146
3.5 0.304361

3.5 0.304363
3.53125 0.305545

3.53125 0.305546
3.5625 0.306692

3.5625 0.306693
3.59375 0.307799

3.59375 0.307799
3.625 0.308864

3.625 0.308863
3.65625 0.309888

3.65625 0.309886
3.6875 0.310875

3.6875 0.310872
3.71875 0.311833

3.71875 0.311834
3.74067 0.3125

3.74136 0.3125
3.75 0.312762

3.75 0.312765
3.78125 0.313737

3.78125 0.313737
3.8125 0.314755

3.8125 0.314755
3.84375 0.315821

3.84375 0.315821
3.875 0.316933

3.875 0.316933
3.90625 0.318091

3.90625 0.318092
3.9375 0.319292

3.9375 0.319293
3.96875 0.320532

3.96875 0.320533
4 0.321806

