-3.96239 0
-3.5 0.00182292

-1.5 0.0586223
-1.48438 0.0583906

-3.5 0.000867001
-3.25 0.00223942

-3.25 0.00191916
-3.125 0.00365294

-3.125 0.00312604
-3.0625 0.00487893

-3.0625 0.00404979
-3.03125 0.00603381

-3.03125 0.00675801
-3 0.0100595

-1.48438 0.0583905
-1.46875 0.0581489

-1.46875 0.0581489
-1.45312 0.0578974

-1.45312 0.0578974
-1.4375 0.0576363

-1.4375 0.0576362
-1.42188 0.0573655

-1.42188 0.0573655
-1.40625 0.0570853

-1.40625 0.0570852
-1.39062 0.0567956

-1.39062 0.0567956
-1.375 0.0564967

1.5 -0.060474
1.51562 -0.0608553

-3 0.0100499
-2.98438 0.0116521

1.51562 -0.0608554
1.53125 -0.0612257

-1.375 0.0564966
-1.35938 0.0561885

-1.35938 0.0561885
-1.34375 0.0558713

1.53125 -0.0612257
1.54688 -0.0615848

1.54688 -0.0615848
1.5625 -0.0619325

-2.98438 0.0116534
-2.96875 0.0132237

-2.96875 0.0132236
-2.95312 0.0147597

-2.95312 0.0147598
-2.94413 0.015625

-1.34375 0.0558712
-1.32812 0.055545

-1.32812 0.055545
-1.3125 0.0552099

-1.3125 0.0552098
-1.29688 0.0548659

-1.29688 0.0548659
-1.28125 0.0545132

-1.28125 0.0545132
-1.26562 0.0541519

-1.26562 0.0541518
-1.25 0.053782

1.59375 -0.0625933
1.58925 -0.0625

-1.25 0.053782
-1.23438 0.0534036

-2.94412 0.015625
-2.9375 0.0162614

-2.9375 0.0162617
-2.92188 0.0177305

-2.92188 0.0177304
-2.90625 0.0191664

-2.90625 0.0191662
-2.89062 0.0205697

-2.89062 0.0205696
-2.875 0.0219411

-2.875 0.021941
-2.85938 0.023281

0.09375 -0.000301652
0.0876687 0

0.09375 -0.00029615
0.109375 -0.00107206

0.109375 -0.00107208
0.125 -0.00184876

0.125 -0.00184878
0.140625 -0.00262616

0.140625 -0.00262618
0.15625 -0.00340416

0.15625 -0.00340418
0.171875 -0.00418268

0.171875 -0.0041827
0.1875 -0.00496162

0.1875 -0.00496164
0.203125 -0.0057409

0.203125 -0.00574093
0.21875 -0.00652042

0.21875 -0.00652044
0.234375 -0.00730008

0.234375 -0.00730011
0.25 -0.00807979

0.25 -0.00807981
0.265625 -0.00885944

0.265625 -0.00885947
0.28125 -0.00963894

0.28125 -0.00963897
0.296875 -0.0104182

0.296875 -0.0104182
0.3125 -0.0111971

0.3125 -0.0111971
0.328125 -0.0119755

0.328125 -0.0119755
0.34375 -0.0127534

0.34375 -0.0127534
0.359375 -0.0135306

0.359375 -0.0135306
0.375 -0.014307

0.375 -0.014307
0.390625 -0.0150826

0.40625 -0.0158615
0.401479 -0.015625

0.390625 -0.0150807
0.401605 -0.015625

0.40625 -0.0158572
0.421875 -0.0166306

0.421875 -0.0166306
0.4375 -0.0174029

0.4375 -0.0174029
0.453125 -0.0181738

0.453125 -0.0181738
0.46875 -0.0189434

0.46875 -0.0189434
0.484375 -0.0197114

0.484375 -0.0197114
0.5 -0.0204778

0 0.00433773
0.015625 0.00356853

0.015625 0.00356851
0.03125 0.00279794

0.03125 0.00279791
0.046875 0.00202608

0.046875 0.00202605
0.0625 0.00125305

0.0625 0.00125302
0.078125 0.000478951

0.078125 0.000482366
0.0878495 0

1.59375 -0.0625927
1.60938 -0.0629048

1.60938 -0.0629048
1.625 -0.0632046

1.5625 -0.0619325
1.57812 -0.0622685

-1.23438 0.0534036
-1.21875 0.0530169

-2.85938 0.0232809
-2.84375 0.02459

-2.84375 0.0245898
-2.82812 0.0258684

-2.82812 0.0258683
-2.8125 0.027117

-2.8125 0.0271168
-2.79688 0.0283361

-2.79688 0.028336
-2.78125 0.0295264

-2.78125 0.0295263
-2.76562 0.0306883

-2.76562 0.030682
-2.7578 0.03125

-2.75797 0.03125
-2.75 0.0318283

-2.75 0.0318221
-2.73438 0.0329285

-2.73438 0.0329284
-2.71875 0.0340077

-2.71875 0.0340076
-2.70312 0.03506

-2.70312 0.0350599
-2.6875 0.0360858

-2.6875 0.0360857
-2.67188 0.0370857

-2.67188 0.0370856
-2.65625 0.03806

-2.65625 0.0380599
-2.64062 0.0390091

-2.64062 0.039009
-2.625 0.0399333

0.5 -0.0204779
0.515625 -0.0212426

-2.625 0.0399332
-2.60938 0.040833

-2.60938 0.0408329
-2.59375 0.0417087

-2.59375 0.0417086
-2.57812 0.0425606

-2.57812 0.0425605
-2.5625 0.0433891

0.515625 -0.0212426
0.53125 -0.0220055

-1.21875 0.0530169
-1.20312 0.0526219

-1.20312 0.0526219
-1.1875 0.0522186

-2.5625 0.043389
-2.54688 0.0441946

1.57812 -0.0622683
1.5893 -0.0625

0.53125 -0.0220056
0.546875 -0.0227666

1.625 -0.0632046
1.64062 -0.0634919

1.64062 -0.063492
1.65625 -0.0637666

-2.54688 0.0441945
-2.53125 0.0449773

0.546875 -0.0227666
0.5625 -0.0235256

-2.53125 0.0449772
-2.51562 0.0457377

-2.51562 0.0457376
-2.5 0.0464761

-2.5 0.0464753
-2.49129 0.046875

-2.49133 0.046875
-2.48438 0.0471938

-2.48438 0.0471928
-2.46875 0.0478882

-2.46875 0.0478881
-2.45312 0.0485624

-2.45312 0.0485624
-2.4375 0.0492158

-2.4375 0.0492157
-2.42188 0.0498486

-2.42188 0.0498485
-2.40625 0.050461

-2.40625 0.050461
-2.39062 0.0510534

-2.39062 0.0510534
-2.375 0.051626

-2.375 0.051626
-2.35938 0.0521791

-2.35938 0.052179
-2.34375 0.0527128

-2.34375 0.0527127
-2.32812 0.0532275

-2.32812 0.0532274
-2.3125 0.0537233

-2.3125 0.0537233
-2.29688 0.0542007

-2.29688 0.0542006
-2.28125 0.0546597

-2.28125 0.0546597
-2.26562 0.0551008

-2.26562 0.0551007
-2.25 0.055524

-2.25 0.055524
-2.23438 0.0559298

-2.23438 0.0559297
-2.21875 0.0563182

-2.21875 0.0563181
-2.20312 0.0566895

-2.20312 0.0566895
-2.1875 0.057044

-2.1875 0.057044
-2.17188 0.0573818

-2.17188 0.0573818
-2.15625 0.0577032

-2.15625 0.0577032
-2.14062 0.0580083

-2.14062 0.0580083
-2.125 0.0582974

-2.125 0.0582973
-2.10938 0.0585705

-2.10938 0.0585705
-2.09375 0.0588279

-2.09375 0.0588279
-2.07812 0.0590698

-2.07812 0.0590698
-2.0625 0.0592963

-2.0625 0.0592963
-2.04688 0.0595077

-2.04688 0.0595076
-2.03125 0.0597041

-2.03125 0.059704
-2.01562 0.0598856

-2.01562 0.0598856
-2 0.0600526

-2 0.0600525
-1.98438 0.0602052

-1.98438 0.0602051
-1.96875 0.0603435

-1.96875 0.0603434
-1.95312 0.0604678

-1.95312 0.0604678
-1.9375 0.0605783

-1.9375 0.0605782
-1.92188 0.060675

-1.92188 0.060675
-1.90625 0.0607583

-1.90625 0.0607583
-1.89062 0.0608282

-1.89062 0.0608282
-1.875 0.060885

-1.875 0.0608849
-1.85938 0.0609286

-1.85938 0.0609286
-1.84375 0.0609594

-1.84375 0.0609594
-1.82812 0.0609774

-1.82812 0.0609774
-1.8125 0.0609827

-1.8125 0.0609827
-1.79688 0.0609756

-1.79688 0.0609755
-1.78125 0.060956

-1.78125 0.060956
-1.76562 0.0609242

-1.76562 0.0609242
-1.75 0.0608802

-1.1875 0.0522186
-1.17188 0.0518072

-1.75 0.0608802
-1.73438 0.0608242

-1.73438 0.0608242
-1.71875 0.0607563

-1.71875 0.0607563
-1.70312 0.0606766

-1.70312 0.0606765
-1.6875 0.0605851

-1.17188 0.0518072
-1.15625 0.0513878

-1.15625 0.0513878
-1.14062 0.0509603

-1.14062 0.0509603
-1.125 0.050525

1.65625 -0.0637667
1.67188 -0.0640284

1.67188 -0.0640284
1.6875 -0.064277

-1.125 0.050525
-1.10938 0.0500818

-1.10938 0.0500818
-1.09375 0.0496309

1.6875 -0.0642771
1.70312 -0.0645124

1.70312 -0.0645125
1.71875 -0.0647343

1.71875 -0.0647343
1.73438 -0.0649424

-1.6875 0.0605851
-1.67188 0.0604821

1.73438 -0.0649425
1.75 -0.0651366

-1.09375 0.0496308
-1.07812 0.0491722

-1.67188 0.0604821
-1.65625 0.0603677

-1.65625 0.0603677
-1.64062 0.0602419

1.75 -0.0651367
1.76562 -0.0653167

-1.64062 0.0602419
-1.625 0.060105

-1.625 0.0601049
-1.60938 0.0599569

-1.60938 0.0599569
-1.59375 0.059798

1.76562 -0.0653167
1.78125 -0.0654824

1.78125 -0.0654824
1.79688 -0.0656335

1.79688 -0.0656335
1.8125 -0.0657698

1.8125 -0.0657698
1.82812 -0.065891

1.82812 -0.0658911
1.84375 -0.065997

1.84375 -0.0659971
1.85938 -0.0660876

1.85938 -0.0660876
1.875 -0.0661624

-1.59375 0.0597979
-1.57812 0.0596282

-1.07812 0.0491722
-1.0625 0.0487061

-1.0625 0.048706
-1.04688 0.0482324

-1.04688 0.0482324
-1.03125 0.0477514

-1.03125 0.0477513
-1.01562 0.047263

-1 0.0467662
-1.00343 0.046875

-1.01562 0.0472634
-1.00338 0.046875

1.875 -0.0661624
1.89062 -0.0662213

1.89062 -0.0662213
1.90625 -0.0662639

1.90625 -0.066264
1.92188 -0.0662902

1.92188 -0.0662903
1.9375 -0.0662998

1.9375 -0.0662999
1.95312 -0.0662925

1.95312 -0.0662926
1.96875 -0.066268

1.96875 -0.0662681
1.98438 -0.0662261

1.98438 -0.0662261
2 -0.0661664

-1.57812 0.0596282
-1.5625 0.0594478

-1.5625 0.0594478
-1.54688 0.0592569

-1.54688 0.0592569
-1.53125 0.0590556

-1.53125 0.0590556
-1.51562 0.058844

-1.51562 0.058844
-1.5 0.0586223

-1 0.0467675
-0.984375 0.0462649

-0.984375 0.0462649
-0.96875 0.0457553

-0.96875 0.0457553
-0.953125 0.0452389

0.5625 -0.0235256
0.578125 -0.0242825

0.578125 -0.0242825
0.59375 -0.0250372

0.59375 -0.0250372
0.609375 -0.0257895

0.609375 -0.0257895
0.625 -0.0265393

0.625 -0.0265393
0.640625 -0.0272865

0.640625 -0.0272866
0.65625 -0.0280311

0.65625 -0.0280311
0.671875 -0.0287728

0.671875 -0.0287728
0.6875 -0.0295116

0.6875 -0.0295116
0.703125 -0.0302473

0.703125 -0.0302473
0.71875 -0.0309798

0.734375 -0.0317123
0.724468 -0.03125

0.734375 -0.031709
0.75 -0.0324346

0.71875 -0.0309742
0.724661 -0.03125

2 -0.0661665
2.01562 -0.0660888

2.01562 -0.0660889
2.03125 -0.0659929

-0.953125 0.0452389
-0.9375 0.0447156

2.03125 -0.065993
2.04688 -0.0658785

2.04688 -0.0658785
2.0625 -0.0657453

0.75 -0.0324347
0.765625 -0.0331567

-0.9375 0.0447156
-0.921875 0.0441857

0.765625 -0.0331567
0.78125 -0.0338751

2.0625 -0.0657453
2.07812 -0.065593

2.07812 -0.065593
2.09375 -0.0654213

-0.921875 0.0441857
-0.90625 0.0436492

0.78125 -0.0338751
0.796875 -0.0345895

2.09375 -0.0654214
2.10938 -0.0652301

0.796875 -0.0345896
0.8125 -0.0353

-0.90625 0.0436492
-0.890625 0.0431062

0.8125 -0.0353001
0.828125 -0.0360064

2.10938 -0.0652302
2.125 -0.0650189

0.828125 -0.0360065
0.84375 -0.0367086

0.84375 -0.0367086
0.859375 -0.0374064

2.125 -0.065019
2.14062 -0.0647876

0.859375 -0.0374064
0.875 -0.0380996

-0.890625 0.0431062
-0.875 0.0425569

0.875 -0.0380997
0.890625 -0.0387882

0.890625 -0.0387883
0.90625 -0.0394721

2.14062 -0.0647877
2.15625 -0.0645358

-0.875 0.0425568
-0.859375 0.0420012

0.90625 -0.0394721
0.921875 -0.040151

0.921875 -0.040151
0.9375 -0.0408248

2.15625 -0.0645359
2.17188 -0.0642632

-0.859375 0.0420012
-0.84375 0.0414394

0.9375 -0.0408248
0.953125 -0.0414934

0.953125 -0.0414935
0.96875 -0.0421567

2.17188 -0.0642633
2.1875 -0.0639695

-0.84375 0.0414394
-0.828125 0.0408715

0.96875 -0.0421567
0.984375 -0.0428145

-0.828125 0.0408715
-0.8125 0.0402976

2.1875 -0.0639696
2.20312 -0.0636545

2.20312 -0.0636546
2.21875 -0.0633178

-0.8125 0.0402976
-0.796875 0.0397179

0.984375 -0.0428145
1 -0.0434666

-0.796875 0.0397179
-0.78125 0.0391323

2.21875 -0.0633178
2.23438 -0.0629591

2.23438 -0.0629592
2.25 -0.0625781

-0.78125 0.0391323
-0.765625 0.038541

2.25 -0.0625775
2.253 -0.0625

2.25303 -0.0625
2.26562 -0.0621746

2.26562 -0.0621746
2.28125 -0.0617479

-0.765625 0.038541
-0.75 0.0379442

1 -0.0434667
1.01562 -0.044113

1.01562 -0.044113
1.03125 -0.0447535

1.03125 -0.0447535
1.04688 -0.0453879

1.04688 -0.0453879
1.0625 -0.046016

-0.75 0.0379441
-0.734375 0.0373417

-0.734375 0.0373417
-0.71875 0.0367339

2.28125 -0.061748
2.29688 -0.061298

2.29688 -0.0612981
2.3125 -0.0608245

2.3125 -0.0608246
2.32812 -0.060327

2.32812 -0.0603271
2.34375 -0.0598052

2.34375 -0.0598053
2.35938 -0.0592587

2.35938 -0.0592588
2.375 -0.0586872

2.375 -0.0586873
2.39062 -0.0580903

2.39062 -0.0580904
2.40625 -0.0574678

2.40625 -0.0574679
2.42188 -0.0568192

-0.71875 0.0367339
-0.703125 0.0361207

2.42188 -0.0568193
2.4375 -0.0561441

2.4375 -0.0561442
2.45312 -0.0554423

2.45312 -0.0554424
2.46875 -0.0547133

2.46875 -0.0547134
2.48438 -0.0539569

1.0625 -0.0460161
1.07812 -0.0466379

1.09375 -0.047256
1.08407 -0.046875

1.07812 -0.0466335
1.08426 -0.046875

1.09375 -0.0472533
1.10938 -0.0478619

1.10938 -0.0478619
1.125 -0.0484638

2.48438 -0.053957
2.5 -0.0531725

1.125 -0.0484638
1.14062 -0.0490586

1.14062 -0.0490587
1.15625 -0.0496464

1.15625 -0.0496465
1.17188 -0.050227

1.17188 -0.050227
1.1875 -0.0508001

1.1875 -0.0508002
1.20312 -0.0513658

1.20312 -0.0513658
1.21875 -0.0519237

1.21875 -0.0519238
1.23438 -0.0524739

2.5 -0.0531726
2.51562 -0.0523599

2.51562 -0.05236
2.53125 -0.0515185

1.23438 -0.0524739
1.25 -0.053016

2.53125 -0.0515186
2.54688 -0.0506481

2.54688 -0.0506482
2.5625 -0.049748

1.25 -0.0530161
1.26562 -0.05355

-0.703125 0.0361207
-0.6875 0.0355022

2.5625 -0.0497482
2.57812 -0.0488181

2.57812 -0.0488182
2.59375 -0.0478577

2.59375 -0.0478578
2.60924 -0.046875

1.26562 -0.0535501
1.28125 -0.0540758

2.60938 -0.0468666
2.625 -0.0458439

-0.6875 0.0355022
-0.671875 0.0348786

-0.671875 0.0348786
-0.65625 0.0342499

-0.65625 0.0342499
-0.640625 0.0336162

2.625 -0.0458441
2.64062 -0.0447897

-0.640625 0.0336162
-0.625 0.0329776

1.28125 -0.0540758
1.29688 -0.054593

1.29688 -0.0545931
1.3125 -0.0551017

2.64062 -0.0447898
2.65625 -0.0437034

2.65625 -0.0437035
2.67188 -0.0425845

-0.625 0.0329775
-0.609375 0.0323341

-0.609375 0.0323341
-0.59375 0.0316859

-0.578125 0.0310273
-0.583457 0.03125

-0.578125 0.0310331
-0.5625 0.0303757

2.67188 -0.0425846
2.6875 -0.0414326

2.6875 -0.0414328
2.70312 -0.0402474

2.70312 -0.0402475
2.71875 -0.0390282

2.71875 -0.0390283
2.73438 -0.0377746

1.3125 -0.0551018
1.32812 -0.0556016

-0.59375 0.0316889
-0.583246 0.03125

1.32812 -0.0556017
1.34375 -0.0560926

1.34375 -0.0560926
1.35938 -0.0565745

1.35938 -0.0565745
1.375 -0.0570471

2.73438 -0.0377747
2.75 -0.036486

1.375 -0.0570471
1.39062 -0.0575103

1.39062 -0.0575103
1.40625 -0.0579639

2.75 -0.0364862
2.76562 -0.0351621

-0.5625 0.0303757
-0.546875 0.0297139

2.76562 -0.0351622
2.78125 -0.0338023

1.40625 -0.0579639
1.42188 -0.0584077

2.78125 -0.0338024
2.79688 -0.0324064

-0.546875 0.0297139
-0.53125 0.0290476

1.42188 -0.0584077
1.4375 -0.0588415

1.4375 -0.0588416
1.45312 -0.0592653

-0.53125 0.0290476
-0.515625 0.028377

2.79688 -0.0323997
2.80941 -0.03125

-0.515625 0.028377
-0.5 0.0277021

1.45312 -0.0592653
1.46875 -0.0596787

1.46875 -0.0596787
1.48438 -0.0600816

1.48438 -0.0600817
1.5 -0.0604739

2.80982 -0.03125
2.8125 -0.0310042

2.8125 -0.030974
2.82812 -0.029504

2.82812 -0.0295041
2.84375 -0.0279964

2.84375 -0.0279965
2.85938 -0.0264504

2.85938 -0.0264505
2.875 -0.0248656

2.875 -0.0248657
2.89062 -0.0232414

2.89062 -0.0232415
2.90625 -0.0215772

2.90625 -0.0215773
2.92188 -0.0198727

2.92188 -0.0198728
2.9375 -0.0181273

2.9375 -0.0181275
2.95312 -0.0163405

2.95312 -0.0162505
2.95847 -0.015625

2.95971 -0.015625
2.96875 -0.0145675

2.96875 -0.0145116
2.98438 -0.0126415

2.98438 -0.0126401
3 -0.0107317

-0.5 0.027702
-0.484375 0.0270229

-0.484375 0.0270229
-0.46875 0.0263397

-0.46875 0.0263397
-0.453125 0.0256524

3 -0.0107415
3.03125 -0.00681384

3.03125 -0.00606507
3.0625 -0.00348661

3.0625 -0.00416213
3.125 -0.00199676

3.125 -0.00288483
3.25 -0.0011296

-0.453125 0.0256524
-0.4375 0.0249611

-0.4375 0.0249611
-0.421875 0.024266

-0.421875 0.0242659
-0.40625 0.023567

-0.40625 0.023567
-0.390625 0.0228643

-0.390625 0.0228643
-0.375 0.0221579

3.25 -0.00175377
3.5 -0.000409199

-0.375 0.0221579
-0.359375 0.021448

-0.359375 0.021448
-0.34375 0.0207346

3.5 -0.00124322
3.83441 0

-0.34375 0.0207345
-0.328125 0.0200178

-0.328125 0.0200177
-0.3125 0.0192976

-0.3125 0.0192976
-0.296875 0.0185743

-0.296875 0.0185743
-0.28125 0.0178479

-0.28125 0.0178478
-0.265625 0.0171184

-0.265625 0.0171184
-0.25 0.016386

-0.25 0.0163859
-0.234375 0.0156507

-0.21875 0.0149126
-0.233832 0.015625

-0.234375 0.0156514
-0.233816 0.015625

-0.21875 0.0149126
-0.203125 0.014172

-0.203125 0.014172
-0.1875 0.0134287

-0.1875 0.0134287
-0.171875 0.0126829

-0.171875 0.0126829
-0.15625 0.0119347

-0.15625 0.0119347
-0.140625 0.0111842

-0.140625 0.0111842
-0.125 0.0104314

-0.125 0.0104313
-0.109375 0.00967635

-0.109375 0.00967633
-0.09375 0.00891926

-0.09375 0.00891924
-0.078125 0.00816017

-0.078125 0.00816014
-0.0625 0.00739916

-0.0625 0.00739913
-0.046875 0.00663632

-0.046875 0.0066363
-0.03125 0.00587175

-0.03125 0.00587172
-0.015625 0.00510553

-0.015625 0.0051055
0 0.00433776

