-3.955 0
-3.5 0.00148281

-3.5 0.000680363
-3.25 0.00182136

-3.25 0.00152339
-3.125 0.00298554

-3.125 0.00250912
-3.0625 0.0040258

-3.0625 0.0033491
-3.03125 0.00507349

-3.03125 0.00567965
-3 0.00851114

-3 0.00850427
-2.98438 0.00988067

-2.98438 0.00988202
-2.96875 0.0112301

-2.96875 0.01123
-2.95312 0.0125473

-2.95312 0.0125472
-2.9375 0.0138342

-2.9375 0.013834
-2.92188 0.0150911

-2.92188 0.0150944
-2.91512 0.015625

-2.91504 0.015625
-2.90625 0.0163159

-2.90625 0.0163185
-2.89062 0.0175171

-2.89062 0.017517
-2.875 0.0186871

-2.875 0.018687
-2.85938 0.0198291

-2.85938 0.0198289
-2.84375 0.0209433

-2.84375 0.0209432
-2.82812 0.0220304

-2.82812 0.0220303
-2.8125 0.0230909

-2.8125 0.0230907
-2.79688 0.0241251

-1.5 0.0488763
-1.48438 0.0486778

-1.48438 0.0486778
-1.46875 0.0484713

-2.79688 0.024125
-2.78125 0.0251336

-1.46875 0.0484713
-1.45312 0.048257

-1.45312 0.048257
-1.4375 0.0480349

-2.78125 0.0251335
-2.76562 0.0261168

-2.76562 0.0261167
-2.75 0.0270752

-2.75 0.0270751
-2.73438 0.0280091

-2.73438 0.028009
-2.71875 0.0289191

-2.71875 0.028919
-2.70312 0.0298055

-1.4375 0.0480349
-1.42188 0.0478052

-1.42188 0.0478051
-1.40625 0.0475678

-2.70312 0.0298054
-2.6875 0.0306687

-2.6875 0.0306687
-2.67669 0.03125

-1.40625 0.0475678
-1.39062 0.0473229

-1.39062 0.0473229
-1.375 0.0470706

-2.67669 0.03125
-2.67188 0.0315088

-2.67188 0.031509
-2.65625 0.0323271

-2.65625 0.032327
-2.64062 0.0331231

-2.64062 0.033123
-2.625 0.0338973

-2.625 0.0338973
-2.60938 0.0346502

-1.35938 0.0468101
-1.36328 0.046875

-1.375 0.0470709
-1.36321 0.046875

-1.35938 0.0468109
-1.34375 0.0465441

-1.34375 0.0465441
-1.32812 0.04627

-2.60938 0.0346501
-2.59375 0.0353819

-1.32812 0.04627
-1.3125 0.0459889

0.109375 -0.000465043
0.0980722 0

0.109375 -0.000458195
0.125 -0.00110188

0.125 -0.00110189
0.140625 -0.00174631

0.140625 -0.00174633
0.15625 -0.00239143

0.15625 -0.00239144
0.171875 -0.00303715

0.171875 -0.00303716
0.1875 -0.00368341

0.1875 -0.00368342
0.203125 -0.00433013

0.203125 -0.00433015
0.21875 -0.00497725

0.21875 -0.00497727
0.234375 -0.00562469

0.234375 -0.00562471
0.25 -0.00627238

0.25 -0.0062724
0.265625 -0.00692024

0.265625 -0.00692026
0.28125 -0.00756818

0.28125 -0.0075682
0.296875 -0.00821614

0.296875 -0.00821616
0.3125 -0.00886404

0.3125 -0.00886406
0.328125 -0.00951179

0.328125 -0.00951181
0.34375 -0.0101593

0.34375 -0.0101593
0.359375 -0.0108065

0.359375 -0.0108066
0.375 -0.0114534

-2.59375 0.0353819
-2.57812 0.0360929

0.375 -0.0114534
0.390625 -0.0120998

0.390625 -0.0120998
0.40625 -0.0127457

0.40625 -0.0127457
0.421875 -0.0133909

0.421875 -0.0133909
0.4375 -0.0140355

0.4375 -0.0140355
0.453125 -0.0146793

0.453125 -0.0146793
0.46875 -0.0153223

1.5 -0.0506383
1.51562 -0.0509736

1.51562 -0.0509737
1.53125 -0.0512999

-2.57812 0.0360929
-2.5625 0.0367835

1.53125 -0.0512999
1.54688 -0.0516169

1.54688 -0.0516169
1.5625 -0.0519243

1.5625 -0.0519244
1.57812 -0.0522222

1.57812 -0.0522222
1.59375 -0.0525101

1.59375 -0.0525102
1.60938 -0.0527881

1.60938 -0.0527882
1.625 -0.0530559

-1.3125 0.0459889
-1.29688 0.0457007

1.625 -0.0530559
1.64062 -0.0533133

-2.5625 0.0367834
-2.54688 0.037454

1.64062 -0.0533133
1.65625 -0.0535601

1.65625 -0.0535602
1.67188 -0.0537962

-2.54688 0.0374539
-2.53125 0.0381046

1.67188 -0.0537962
1.6875 -0.0540214

0.484375 -0.0159731
0.475903 -0.015625

0.46875 -0.0153126
0.476354 -0.015625

0.484375 -0.0159644
0.5 -0.0166053

-1.29688 0.0457007
-1.28125 0.0454056

0 0.00401906
0.015625 0.00338314

-1.28125 0.0454056
-1.26562 0.0451037

-1.26562 0.0451036
-1.25 0.0447949

0.015625 0.00338312
0.03125 0.00274587

0.03125 0.00274585
0.046875 0.00210732

0.046875 0.00210731
0.0625 0.00146758

1.6875 -0.0540214
1.70312 -0.0542354

1.70312 -0.0542355
1.71875 -0.0544382

1.71875 -0.0544383
1.73438 -0.0546295

1.73438 -0.0546296
1.75 -0.0548092

1.75 -0.0548093
1.76562 -0.0549771

1.76562 -0.0549771
1.78125 -0.0551329

1.78125 -0.055133
1.79688 -0.0552765

1.79688 -0.0552766
1.8125 -0.0554077

1.8125 -0.0554078
1.82812 -0.0555264

-2.53125 0.0381045
-2.51562 0.0387358

-2.51562 0.0387357
-2.5 0.0393479

0.0625 0.00146756
0.078125 0.000826694

0.078125 0.00082668
0.09375 0.000184753

0.09375 0.000201162
0.0986392 0

1.82812 -0.0555264
1.84375 -0.0556322

1.84375 -0.0556322
1.85938 -0.055725

0.5 -0.0166053
0.515625 -0.017245

-2.5 0.0393478
-2.48438 0.0399411

0.515625 -0.017245
0.53125 -0.0178835

-2.48438 0.0399411
-2.46875 0.0405159

1.85938 -0.055725
1.875 -0.0558046

-1.25 0.0447949
-1.23438 0.0444793

1.875 -0.0558047
1.89062 -0.0558709

1.89062 -0.0558709
1.90625 -0.0559235

-1.23438 0.0444793
-1.21875 0.0441571

-2.46875 0.0405158
-2.45312 0.0410724

-1.21875 0.0441571
-1.20312 0.0438283

1.90625 -0.0559235
1.92188 -0.0559623

-1.20312 0.0438283
-1.1875 0.0434929

0.53125 -0.0178835
0.546875 -0.0185206

1.92188 -0.0559623
1.9375 -0.055987

-2.45312 0.0410723
-2.4375 0.0416109

1.9375 -0.0559871
1.95312 -0.0559975

1.95312 -0.0559975
1.96875 -0.0559934

-1.1875 0.0434928
-1.17188 0.0431509

1.96875 -0.0559935
1.98438 -0.0559746

-2.4375 0.0416109
-2.42188 0.0421318

1.98438 -0.0559747
2 -0.0559408

-1.17188 0.0431509
-1.15625 0.0428025

0.546875 -0.0185206
0.5625 -0.0191562

0.5625 -0.0191562
0.578125 -0.0197904

0.578125 -0.0197904
0.59375 -0.0204229

0.59375 -0.020423
0.609375 -0.0210539

0.609375 -0.0210539
0.625 -0.021683

-2.42188 0.0421317
-2.40625 0.0426352

-2.40625 0.0426352
-2.39062 0.0431215

0.625 -0.021683
0.640625 -0.0223103

2 -0.0559409
2.01562 -0.0558918

0.640625 -0.0223104
0.65625 -0.0229357

-1.15625 0.0428024
-1.14062 0.0424476

-2.39062 0.0431214
-2.375 0.0435908

-1.14062 0.0424476
-1.125 0.0420863

2.01562 -0.0558919
2.03125 -0.0558273

-1.125 0.0420863
-1.10938 0.0417187

-1.10938 0.0417187
-1.09375 0.0413448

-1.09375 0.0413448
-1.07812 0.0409647

-1.07812 0.0409647
-1.0625 0.0405784

-1.0625 0.0405784
-1.04688 0.040186

0.65625 -0.0229357
0.671875 -0.0235591

0.671875 -0.0235591
0.6875 -0.0241803

-2.375 0.0435907
-2.35938 0.0440433

-2.35938 0.0440433
-2.34375 0.0444794

-2.34375 0.0444794
-2.32812 0.0448993

2.03125 -0.0558273
2.04688 -0.055747

0.6875 -0.0241804
0.703125 -0.0247994

-1.04688 0.040186
-1.03125 0.0397876

-2.32812 0.0448992
-2.3125 0.0453031

-1.03125 0.0397876
-1.01562 0.0393833

-1.01562 0.0393833
-1 0.0389731

0.703125 -0.0247994
0.71875 -0.0254161

-2.3125 0.0453031
-2.29688 0.0456912

-2.29688 0.0456912
-2.28125 0.0460638

0.71875 -0.0254161
0.734375 -0.0260304

0.734375 -0.0260304
0.75 -0.0266421

-2.28125 0.0460638
-2.26562 0.0464212

-2.26562 0.0464211
-2.25 0.0467635

0.75 -0.0266422
0.765625 -0.0272513

-2.25 0.0467642
-2.24471 0.046875

-1 0.0389731
-0.984375 0.0385572

0.765625 -0.0272513
0.78125 -0.0278577

-2.24466 0.046875
-2.23438 0.0470907

0.78125 -0.0278578
0.796875 -0.0284613

-2.23438 0.047091
-2.21875 0.047404

-0.984375 0.0385572
-0.96875 0.0381355

2.04688 -0.055747
2.0625 -0.0556507

0.796875 -0.0284613
0.8125 -0.0290619

2.0625 -0.0556508
2.07812 -0.0555383

0.8125 -0.029062
0.828125 -0.0296595

2.07812 -0.0555383
2.09375 -0.0554093

0.828125 -0.0296596
0.84375 -0.0302539

2.09375 -0.0554094
2.10938 -0.0552637

-2.21875 0.047404
-2.20312 0.0477027

2.10938 -0.0552637
2.125 -0.055101

-0.96875 0.0381355
-0.953125 0.0377083

-0.953125 0.0377083
-0.9375 0.0372756

2.125 -0.0551011
2.14062 -0.0549211

-0.9375 0.0372756
-0.921875 0.0368375

-0.921875 0.0368375
-0.90625 0.0363941

0.875 -0.031437
0.870027 -0.03125

-2.20312 0.0477026
-2.1875 0.0479871

0.84375 -0.030254
0.859375 -0.0308451

-2.1875 0.047987
-2.17188 0.0482575

-0.90625 0.0363941
-0.890625 0.0359455

-2.17188 0.0482575
-2.15625 0.0485141

-2.15625 0.0485141
-2.14062 0.0487571

-0.890625 0.0359455
-0.875 0.0354917

-2.14062 0.0487571
-2.125 0.0489866

2.14062 -0.0549212
2.15625 -0.0547238

0.859375 -0.0308431
0.870193 -0.03125

2.15625 -0.0547239
2.17188 -0.0545087

-2.125 0.0489866
-2.10938 0.0492028

2.17188 -0.0545087
2.1875 -0.0542755

2.1875 -0.0542756
2.20312 -0.0540241

0.875 -0.0314328
0.890625 -0.0320168

2.20312 -0.0540242
2.21875 -0.0537541

0.890625 -0.0320169
0.90625 -0.0325971

-0.875 0.0354917
-0.859375 0.0350329

-0.859375 0.0350329
-0.84375 0.0345692

-0.84375 0.0345691
-0.828125 0.0341005

-0.828125 0.0341005
-0.8125 0.0336271

2.21875 -0.0537542
2.23438 -0.0534653

0.90625 -0.0325971
0.921875 -0.0331735

0.921875 -0.0331735
0.9375 -0.0337458

-0.8125 0.0336271
-0.796875 0.0331489

0.9375 -0.0337458
0.953125 -0.034314

0.953125 -0.034314
0.96875 -0.0348779

-0.796875 0.0331489
-0.78125 0.0326661

2.23438 -0.0534653
2.25 -0.0531573

-2.10938 0.0492027
-2.09375 0.0494058

-2.09375 0.0494058
-2.07812 0.0495959

0.96875 -0.0348779
0.984375 -0.0354374

2.25 -0.0531574
2.26562 -0.05283

2.26562 -0.05283
2.28125 -0.0524829

2.28125 -0.052483
2.29688 -0.0521158

2.29688 -0.0521159
2.3125 -0.0517284

2.3125 -0.0517285
2.32812 -0.0513203

2.32812 -0.0513204
2.34375 -0.0508913

0.984375 -0.0354374
1 -0.0359924

2.34375 -0.0508913
2.35938 -0.050441

-2.07812 0.0495958
-2.0625 0.0497731

2.35938 -0.050441
2.375 -0.0499691

-2.0625 0.049773
-2.04688 0.0499376

-2.04688 0.0499376
-2.03125 0.0500897

-0.78125 0.0326661
-0.765625 0.0321788

-0.765625 0.0321788
-0.75 0.0316869

2.375 -0.0499691
2.39062 -0.0494753

2.39062 -0.0494754
2.40625 -0.0489593

-2.03125 0.0500896
-2.01562 0.0502294

2.40625 -0.0489594
2.42188 -0.0484207

-0.734375 0.0311815
-0.736533 0.03125

2.42188 -0.0484208
2.4375 -0.0478593

-2.01562 0.0502294
-2 0.050357

2.4375 -0.0478594
2.45312 -0.0472746

1 -0.0359924
1.01562 -0.0365427

2.45312 -0.0472717
2.46331 -0.046875

2.46354 -0.046875
2.46875 -0.0466723

2.46875 -0.0466665
2.48438 -0.0460343

-2 0.050357
-1.98438 0.0504727

-1.98438 0.0504726
-1.96875 0.0505765

1.01562 -0.0365427
1.03125 -0.0370883

-1.96875 0.0505765
-1.95312 0.0506688

-1.95312 0.0506688
-1.9375 0.0507496

1.03125 -0.0370883
1.04688 -0.037629

2.48438 -0.0460344
2.5 -0.0453778

-1.9375 0.0507496
-1.92188 0.0508192

-0.734375 0.0311906
-0.71875 0.03069

1.04688 -0.037629
1.0625 -0.0381647

-0.75 0.0316883
-0.736201 0.03125

-1.92188 0.0508192
-1.90625 0.0508776

-0.71875 0.03069
-0.703125 0.0301853

1.0625 -0.0381647
1.07812 -0.0386953

-0.703125 0.0301853
-0.6875 0.0296763

2.5 -0.0453779
2.51562 -0.0446966

1.07812 -0.0386953
1.09375 -0.0392207

2.51562 -0.0446967
2.53125 -0.0439904

1.09375 -0.0392207
1.10938 -0.0397407

-0.6875 0.0296763
-0.671875 0.0291633

2.53125 -0.0439905
2.54688 -0.0432587

1.10938 -0.0397407
1.125 -0.0402552

2.54688 -0.0432588
2.5625 -0.0425012

-0.671875 0.0291633
-0.65625 0.0286462

2.5625 -0.0425013
2.57812 -0.0417175

1.125 -0.0402552
1.14062 -0.0407641

2.57812 -0.0417175
2.59375 -0.0409072

-1.90625 0.0508776
-1.89062 0.0509251

-1.89062 0.050925
-1.875 0.0509617

1.14062 -0.0407642
1.15625 -0.0412674

-1.875 0.0509616
-1.85938 0.0509876

-1.85938 0.0509875
-1.84375 0.0510028

2.59375 -0.0409073
2.60938 -0.0400699

1.15625 -0.0412674
1.17188 -0.0417648

2.60938 -0.04007
2.625 -0.0392054

-1.84375 0.0510028
-1.82812 0.0510077

-1.82812 0.0510076
-1.8125 0.0510021

1.17188 -0.0417648
1.1875 -0.0422563

-1.8125 0.0510021
-1.79688 0.0509863

-0.65625 0.0286462
-0.640625 0.0281252

-1.79688 0.0509863
-1.78125 0.0509604

2.625 -0.0392055
2.64062 -0.0383131

-0.640625 0.0281252
-0.625 0.0276002

2.64062 -0.0383132
2.65625 -0.0373927

-1.78125 0.0509604
-1.76562 0.0509244

-0.625 0.0276002
-0.609375 0.0270713

1.1875 -0.0422563
1.20312 -0.0427417

1.20312 -0.0427417
1.21875 -0.043221

2.65625 -0.0373928
2.67188 -0.0364438

1.21875 -0.043221
1.23438 -0.0436939

-0.609375 0.0270713
-0.59375 0.0265386

2.67188 -0.0364439
2.6875 -0.035466

-0.59375 0.0265386
-0.578125 0.0260022

-0.578125 0.0260022
-0.5625 0.025462

-1.76562 0.0509244
-1.75 0.0508785

-0.5625 0.025462
-0.546875 0.0249182

1.23438 -0.0436939
1.25 -0.0441604

-1.75 0.0508785
-1.73438 0.0508228

-1.73438 0.0508227
-1.71875 0.0507572

1.25 -0.0441605
1.26562 -0.0446204

2.6875 -0.0354661
2.70312 -0.0344588

-1.71875 0.0507572
-1.70312 0.0506821

2.70312 -0.0344589
2.71875 -0.0334218

1.26562 -0.0446205
1.28125 -0.0450737

2.71875 -0.033422
2.73438 -0.0323545

-0.546875 0.0249182
-0.53125 0.0243707

2.73438 -0.0323546
2.75 -0.0312564

-1.70312 0.0506821
-1.6875 0.0505974

-1.6875 0.0505973
-1.67188 0.0505032

-1.67188 0.0505032
-1.65625 0.0503997

-0.53125 0.0243707
-0.515625 0.0238197

-0.515625 0.0238197
-0.5 0.0232652

2.75 -0.0312562
2.75009 -0.03125

2.75009 -0.03125
2.76562 -0.0301272

2.76562 -0.0301272
2.78125 -0.0289661

2.78125 -0.0289662
2.79688 -0.0277732

2.79688 -0.0277733
2.8125 -0.026548

2.8125 -0.0265481
2.82812 -0.0252899

2.82812 -0.0252901
2.84375 -0.0239985

1.28125 -0.0450738
1.29688 -0.0455203

1.29688 -0.0455203
1.3125 -0.0459599

-0.5 0.0232652
-0.484375 0.0227072

-0.484375 0.0227072
-0.46875 0.0221458

-1.65625 0.0503996
-1.64062 0.0502869

-1.64062 0.0502869
-1.625 0.050165

2.84375 -0.0239987
2.85938 -0.0226732

2.85938 -0.0226733
2.875 -0.0213135

2.875 -0.0213137
2.89062 -0.019919

2.89062 -0.0199191
2.90625 -0.0184891

-1.625 0.050165
-1.60938 0.0500341

2.90625 -0.0184892
2.92188 -0.0170235

2.92188 -0.0170198
2.93639 -0.015625

2.9375 -0.015522
2.95312 -0.0139834

2.95312 -0.0139834
2.96875 -0.0124079

2.96875 -0.0124076
2.98438 -0.0107958

2.98438 -0.0107943
3 -0.00914982

-0.46875 0.0221458
-0.453125 0.021581

-0.453125 0.021581
-0.4375 0.0210129

-1.60938 0.0500341
-1.59375 0.0498944

3 -0.00915486
3.03125 -0.00578637

-1.59375 0.0498943
-1.57812 0.0497458

3.03125 -0.00516809
3.0625 -0.00293166

3.0625 -0.00346778
3.125 -0.0015877

3.125 -0.00237388
3.25 -0.00087865

3.25 -0.00143536
3.5 -0.000308032

-0.4375 0.0210129
-0.421875 0.0204415

-0.421875 0.0204415
-0.40625 0.019867

1.3125 -0.0459599
1.32812 -0.0463924

1.32812 -0.0463924
1.34375 -0.0468177

-1.57812 0.0497458
-1.5625 0.0495887

-1.5625 0.0495887
-1.54688 0.0494231

-1.54688 0.049423
-1.53125 0.049249

3.5 -0.00101643
3.8292 0

-0.40625 0.0198669
-0.390625 0.0192892

-0.390625 0.0192892
-0.375 0.0187084

-1.53125 0.049249
-1.51562 0.0490668

-1.51562 0.0490667
-1.5 0.0488763

1.35938 -0.0472367
1.34585 -0.046875

1.34375 -0.046812
1.3461 -0.046875

-0.375 0.0187084
-0.359375 0.0181245

-0.359375 0.0181245
-0.34375 0.0175377

-0.34375 0.0175376
-0.328125 0.0169479

-0.328125 0.0169479
-0.3125 0.0163553

1.35938 -0.0472358
1.375 -0.0476461

-0.3125 0.0163553
-0.296875 0.0157599

1.375 -0.0476461
1.39062 -0.0480487

1.39062 -0.0480487
1.40625 -0.0484435

1.40625 -0.0484435
1.42188 -0.0488302

1.42188 -0.0488302
1.4375 -0.0492087

-0.28125 0.0151597
-0.293407 0.015625

-0.296875 0.0157668
-0.293171 0.015625

-0.28125 0.0151617
-0.265625 0.0145611

-0.265625 0.0145611
-0.25 0.013958

1.4375 -0.0492088
1.45312 -0.049579

1.45312 -0.049579
1.46875 -0.0499408

1.46875 -0.0499408
1.48438 -0.0502939

1.48438 -0.0502939
1.5 -0.0506382

-0.25 0.013958
-0.234375 0.0133524

-0.234375 0.0133524
-0.21875 0.0127444

-0.21875 0.0127444
-0.203125 0.0121342

-0.203125 0.0121342
-0.1875 0.0115217

-0.1875 0.0115216
-0.171875 0.0109069

-0.171875 0.0109069
-0.15625 0.0102901

-0.15625 0.0102901
-0.140625 0.00967121

-0.140625 0.0096712
-0.125 0.00905032

-0.125 0.0090503
-0.109375 0.00842749

-0.109375 0.00842748
-0.09375 0.0078028

-0.09375 0.00780278
-0.078125 0.0071763

-0.078125 0.00717629
-0.0625 0.00654807

-0.0625 0.00654806
-0.046875 0.00591817

-0.046875 0.00591815
-0.03125 0.00528665

-0.03125 0.00528664
-0.015625 0.0046536

-0.015625 0.00465358
0 0.00401907

