-3.93743 0
-3.5 0.000347057

-3.5 0.000146736
-3.25 0.000427701

-3.25 0.000337986
-3.125 0.000707657

0.03125 -7.50545e-05
0.0197425 0

0.03125 -7.38529e-05
0.046875 -0.000175779

0.046875 -0.000175778
0.0625 -0.000277718

-3.125 0.000566233
-3.0625 0.000971085

-3.0625 0.000805552
-3.03125 0.00127534

-3.03125 0.00142791
-3 0.00219097

0.0625 -0.000277718
0.078125 -0.000379671

0.078125 -0.000379671
0.09375 -0.00048164

0.09375 -0.00048164
0.109375 -0.000583625

0.109375 -0.000583625
0.125 -0.000685627

0.125 -0.000685627
0.140625 -0.000787648

0.140625 -0.000787647
0.15625 -0.000889687

0.15625 -0.000889687
0.171875 -0.000991745

-3 0.00219232
-2.98438 0.00256856

-2.98438 0.00256929
-2.96875 0.00293606

0.171875 -0.000991745
0.1875 -0.00109382

0.1875 -0.00109382
0.203125 -0.00119592

0.203125 -0.00119592
0.21875 -0.00129803

-2.96875 0.00293598
-2.95312 0.00329202

-1.5 0.00934618
-1.48438 0.00927068

-1.48438 0.00927067
-1.46875 0.00919416

-1.46875 0.00919415
-1.45312 0.00911668

-1.45312 0.00911667
-1.4375 0.00903827

-2.95312 0.00329205
-2.9375 0.00363744

-1.4375 0.00903826
-1.42188 0.00895896

0.21875 -0.00129803
0.234375 -0.00140016

0.234375 -0.00140016
0.25 -0.0015023

-1.42188 0.00895895
-1.40625 0.00887878

1.5 -0.00940785
1.51562 -0.00948926

1.51562 -0.00948927
1.53125 -0.00956963

1.53125 -0.00956965
1.54688 -0.00964891

1.54688 -0.00964892
1.5625 -0.00972704

1.5625 -0.00972705
1.57812 -0.00980397

1.57812 -0.00980398
1.59375 -0.00987964

1.59375 -0.00987965
1.60938 -0.00995401

1.60938 -0.00995402
1.625 -0.010027

1.625 -0.010027
1.64062 -0.0100986

1.64062 -0.0100986
1.65625 -0.0101687

1.65625 -0.0101687
1.67188 -0.0102373

1.67188 -0.0102373
1.6875 -0.0103044

1.6875 -0.0103044
1.70312 -0.0103698

1.70312 -0.0103698
1.71875 -0.0104335

1.71875 -0.0104336
1.73438 -0.0104956

1.73438 -0.0104956
1.75 -0.0105559

1.75 -0.0105559
1.76562 -0.0106144

1.76562 -0.0106144
1.78125 -0.010671

1.78125 -0.010671
1.79688 -0.0107257

1.79688 -0.0107257
1.8125 -0.0107785

1.8125 -0.0107785
1.82812 -0.0108293

1.82812 -0.0108293
1.84375 -0.010878

1.84375 -0.0108781
1.85938 -0.0109247

1.85938 -0.0109247
1.875 -0.0109692

-2.9375 0.00363738
-2.92188 0.00397217

-2.92188 0.00397215
-2.90625 0.00429653

-2.90625 0.00429647
-2.89062 0.00461061

-2.89062 0.00461058
-2.875 0.00491465

-2.875 0.00491459
-2.85938 0.00520878

-2.85938 0.00520874
-2.84375 0.00549324

-2.84375 0.00549319
-2.82812 0.00576819

-1.40625 0.00887877
-1.39062 0.00879776

-1.39062 0.00879775
-1.375 0.00871592

0.25 -0.0015023
0.265625 -0.00160445

0.265625 -0.00160445
0.28125 -0.00170661

0.28125 -0.00170661
0.296875 -0.00180877

0.296875 -0.00180877
0.3125 -0.00191094

0.3125 -0.00191094
0.328125 -0.00201311

1.875 -0.0109692
1.89062 -0.0110114

-2.82812 0.00576814
-2.8125 0.00603386

1.89062 -0.0110114
1.90625 -0.0110514

0.328125 -0.00201311
0.34375 -0.00211528

1.90625 -0.0110514
1.92188 -0.011089

-2.8125 0.00603381
-2.79688 0.00629045

-1.375 0.00871592
-1.35938 0.0086333

0.34375 -0.00211528
0.359375 -0.00221745

-1.35938 0.0086333
-1.34375 0.00854992

1.92188 -0.011089
1.9375 -0.0111241

0.359375 -0.00221745
0.375 -0.00231962

1.9375 -0.0111242
1.95312 -0.0111568

0.375 -0.00231962
0.390625 -0.00242178

-1.34375 0.00854991
-1.32812 0.0084658

1.95312 -0.0111568
1.96875 -0.0111869

-1.32812 0.00846579
-1.3125 0.00838096

-1.3125 0.00838096
-1.29688 0.00829544

1.96875 -0.0111869
1.98438 -0.0112143

1.98438 -0.0112143
2 -0.011239

-2.79688 0.0062904
-2.78125 0.00653816

-2.78125 0.00653811
-2.76562 0.00677717

-2.76562 0.00677713
-2.75 0.00700768

-1.29688 0.00829543
-1.28125 0.00820923

-1.28125 0.00820923
-1.26562 0.00812238

-1.26562 0.00812237
-1.25 0.00803488

0.390625 -0.00242178
0.40625 -0.00252395

0.40625 -0.00252395
0.421875 -0.00262612

2 -0.011239
2.01562 -0.0112608

2.01562 -0.0112608
2.03125 -0.0112797

2.03125 -0.0112797
2.04688 -0.0112956

2.04688 -0.0112956
2.0625 -0.0113084

2.0625 -0.0113084
2.07812 -0.0113179

2.07812 -0.011318
2.09375 -0.0113243

2.09375 -0.0113243
2.10938 -0.0113272

2.10938 -0.0113272
2.125 -0.0113267

-2.75 0.00700764
-2.73438 0.00722985

2.125 -0.0113267
2.14062 -0.0113227

0.421875 -0.00262611
0.4375 -0.00272829

2.14062 -0.0113227
2.15625 -0.0113151

2.15625 -0.0113151
2.17188 -0.0113037

2.17188 -0.0113037
2.1875 -0.0112886

2.1875 -0.0112886
2.20312 -0.0112695

2.20312 -0.0112695
2.21875 -0.0112465

2.21875 -0.0112465
2.23438 -0.0112193

0.4375 -0.00272829
0.453125 -0.00283048

2.23438 -0.0112194
2.25 -0.011188

0.453125 -0.00283048
0.46875 -0.00293269

2.25 -0.011188
2.26562 -0.0111524

-2.73438 0.00722981
-2.71875 0.00744386

2.26562 -0.0111524
2.28125 -0.0111123

2.28125 -0.0111123
2.29688 -0.0110677

2.29688 -0.0110677
2.3125 -0.0110185

0.46875 -0.00293268
0.484375 -0.00303492

0.484375 -0.00303492
0.5 -0.00313718

-1.25 0.00803488
-1.23438 0.00794676

2.3125 -0.0110185
2.32812 -0.0109644

-2.71875 0.00744381
-2.70312 0.00764987

2.32812 -0.0109644
2.34375 -0.0109055

-1.23438 0.00794675
-1.21875 0.00785801

2.34375 -0.0109055
2.35938 -0.0108415

-1.21875 0.00785801
-1.20312 0.00776867

2.35938 -0.0108415
2.375 -0.0107723

-1.20312 0.00776867
-1.1875 0.00767872

-2.70312 0.00764983
-2.6875 0.00784807

0 0.000129939
0.015625 2.80668e-05

0.015625 3.10906e-05
0.0203919 0

2.375 -0.0107724
2.39062 -0.010698

2.39062 -0.010698
2.40625 -0.0106182

2.40625 -0.0106182
2.42188 -0.0105329

2.42188 -0.0105329
2.4375 -0.010442

0.5 -0.00313718
0.515625 -0.00323949

0.515625 -0.00323949
0.53125 -0.00334184

0.53125 -0.00334184
0.546875 -0.00344425

-2.6875 0.00784803
-2.67188 0.00803864

0.546875 -0.00344425
0.5625 -0.00354672

-2.67188 0.0080386
-2.65625 0.00822175

-2.65625 0.0082217
-2.64062 0.00839756

2.4375 -0.010442
2.45312 -0.0103453

-1.1875 0.00767872
-1.17188 0.00758818

0.5625 -0.00354672
0.578125 -0.00364926

-1.17188 0.00758818
-1.15625 0.00749705

2.45312 -0.0103453
2.46875 -0.0102427

2.46875 -0.0102427
2.48438 -0.0101341

2.48438 -0.0101341
2.5 -0.0100194

0.578125 -0.00364926
0.59375 -0.00375187

0.59375 -0.00375187
0.609375 -0.00385457

0.609375 -0.00385456
0.625 -0.00395734

-1.15625 0.00749704
-1.14062 0.00740533

2.5 -0.0100194
2.51562 -0.0098983

2.51562 -0.00989834
2.53125 -0.00977079

-2.64062 0.00839752
-2.625 0.00856623

0.625 -0.00395734
0.640625 -0.00406019

-2.625 0.00856619
-2.60938 0.00872792

-2.60938 0.00872789
-2.59375 0.00888278

-1.14062 0.00740533
-1.125 0.00731303

2.53125 -0.00977083
2.54688 -0.00963666

-1.125 0.00731303
-1.10938 0.00722016

-1.10938 0.00722016
-1.09375 0.00712673

-1.09375 0.00712672
-1.07812 0.00703273

-1.07812 0.00703273
-1.0625 0.00693819

2.54688 -0.0096367
2.5625 -0.00949576

2.5625 -0.0094958
2.57812 -0.00934793

2.57812 -0.00934797
2.59375 -0.00919302

2.59375 -0.00919306
2.60938 -0.00903087

2.60938 -0.0090309
2.625 -0.00886131

-2.59375 0.00888274
-2.57812 0.00903095

-2.57812 0.00903092
-2.5625 0.00917258

-2.5625 0.00917254
-2.54688 0.00930781

-1.0625 0.00693819
-1.04688 0.00684312

-1.04688 0.00684312
-1.03125 0.00674754

-1.03125 0.00674753
-1.01562 0.00665147

-1.01562 0.00665146
-1 0.00655493

-2.54688 0.00930777
-2.53125 0.00943678

-2.53125 0.00943674
-2.51562 0.00955965

-2.51562 0.00955961
-2.5 0.00967656

2.625 -0.00886135
2.64062 -0.0086842

0.640625 -0.00406019
0.65625 -0.00416312

0.65625 -0.00416312
0.671875 -0.00426613

0.671875 -0.00426613
0.6875 -0.00436922

0.6875 -0.00436922
0.703125 -0.00447238

0.703125 -0.00447238
0.71875 -0.00457561

0.71875 -0.00457561
0.734375 -0.00467889

0.734375 -0.00467889
0.75 -0.00478222

2.64062 -0.00868424
2.65625 -0.00849937

-2.5 0.00967652
-2.48438 0.00978765

-2.48438 0.00978762
-2.46875 0.00989306

0.75 -0.00478223
0.765625 -0.00488559

2.65625 -0.00849941
2.67188 -0.00830666

-1 0.00655493
-0.984375 0.00645796

2.67188 -0.0083067
2.6875 -0.00810589

-0.984375 0.00645795
-0.96875 0.00636057

2.6875 -0.00810594
2.70312 -0.00789689

0.765625 -0.00488559
0.78125 -0.00498898

-2.46875 0.00989303
-2.45312 0.00999291

0.78125 -0.00498898
0.796875 -0.00509238

0.796875 -0.00509238
0.8125 -0.00519577

2.70312 -0.00789693
2.71875 -0.00767945

-2.45312 0.00999288
-2.4375 0.0100873

-0.96875 0.00636056
-0.953125 0.0062628

-0.953125 0.0062628
-0.9375 0.00616469

-0.9375 0.00616468
-0.921875 0.00606625

-0.921875 0.00606624
-0.90625 0.00596753

-0.90625 0.00596752
-0.890625 0.00586855

-0.890625 0.00586854
-0.875 0.00576933

-2.4375 0.0100873
-2.42188 0.0101765

-2.42188 0.0101764
-2.40625 0.0102604

-2.40625 0.0102603
-2.39062 0.0103392

-2.39062 0.0103392
-2.375 0.010413

-2.375 0.010413
-2.35938 0.010482

-2.35938 0.010482
-2.34375 0.0105462

-2.34375 0.0105462
-2.32812 0.0106057

-2.32812 0.0106057
-2.3125 0.0106607

-2.3125 0.0106607
-2.29688 0.0107112

-2.29688 0.0107112
-2.28125 0.0107575

-2.28125 0.0107574
-2.26562 0.0107994

-2.26562 0.0107994
-2.25 0.0108373

2.71875 -0.0076795
2.73438 -0.00745339

-2.25 0.0108373
-2.23438 0.0108712

2.73438 -0.00745342
2.75 -0.0072185

2.75 -0.00721856
2.76562 -0.00697467

2.76562 -0.00697468
2.78125 -0.00672167

2.78125 -0.00672171
2.79688 -0.00645944

2.79688 -0.00645949
2.8125 -0.0061878

-2.23438 0.0108712
-2.21875 0.0109011

-2.21875 0.0109011
-2.20312 0.0109273

-2.20312 0.0109273
-2.1875 0.0109497

-0.875 0.00576933
-0.859375 0.00566992

-0.859375 0.00566992
-0.84375 0.00557033

0.8125 -0.00519578
0.828125 -0.00529914

0.828125 -0.00529914
0.84375 -0.00540246

0.84375 -0.00540246
0.859375 -0.00550571

0.859375 -0.00550572
0.875 -0.00560887

-0.84375 0.00557033
-0.828125 0.00547059

-0.828125 0.00547059
-0.8125 0.00537073

-0.8125 0.00537072
-0.796875 0.00527075

-0.796875 0.00527075
-0.78125 0.00517069

0.875 -0.00560888
0.890625 -0.00571192

0.890625 -0.00571193
0.90625 -0.00581482

2.8125 -0.00618786
2.82812 -0.00590652

2.82812 -0.00590658
2.84375 -0.00561536

-2.1875 0.0109497
-2.17188 0.0109685

-2.17188 0.0109685
-2.15625 0.0109838

-2.15625 0.0109837
-2.14062 0.0109955

-2.14062 0.0109955
-2.125 0.0110039

2.84375 -0.00561542
2.85938 -0.00531407

2.85938 -0.00531412
2.875 -0.00500244

2.875 -0.0050025
2.89062 -0.00468028

2.89062 -0.00468032
2.90625 -0.00434735

2.90625 -0.00434739
2.92188 -0.00400352

2.92188 -0.00400357
2.9375 -0.00364864

2.9375 -0.00364871
2.95312 -0.00328249

2.95312 -0.00328243
2.96875 -0.00290492

-2.125 0.0110039
-2.10938 0.011009

-2.10938 0.011009
-2.09375 0.0110108

-2.09375 0.0110108
-2.07812 0.0110094

-2.07812 0.0110094
-2.0625 0.0110049

-2.0625 0.0110049
-2.04688 0.0109974

-2.04688 0.0109974
-2.03125 0.010987

-2.03125 0.010987
-2.01562 0.0109737

-2.01562 0.0109736
-2 0.0109576

2.96875 -0.00290489
2.98438 -0.00251628

2.98438 -0.00251559
3 -0.00211735

0.90625 -0.00581483
0.921875 -0.00591755

3 -0.00211511
3.03125 -0.00131113

-0.78125 0.00517069
-0.765625 0.00507056

3.03125 -0.00117396
3.0625 -0.000637158

-0.765625 0.00507055
-0.75 0.00497037

-2 0.0109575
-1.98438 0.0109387

0.921875 -0.00591756
0.9375 -0.00602009

-1.98438 0.0109387
-1.96875 0.0109173

0.9375 -0.0060201
0.953125 -0.00612239

-1.96875 0.0109173
-1.95312 0.0108933

-1.95312 0.0108933
-1.9375 0.0108669

0.953125 -0.0061224
0.96875 -0.00622444

-1.9375 0.0108669
-1.92188 0.0108381

0.96875 -0.00622445
0.984375 -0.0063262

3.0625 -0.000749895
3.125 -0.000308387

-0.75 0.00497037
-0.734375 0.00487014

3.125 -0.000510235
3.25 -0.000174591

-0.734375 0.00487014
-0.71875 0.00476988

-1.92188 0.0108381
-1.90625 0.0108069

-0.71875 0.00476988
-0.703125 0.0046696

0.984375 -0.00632621
1 -0.00642765

3.25 -0.000309533
3.5 -6.32086e-05

-0.703125 0.0046696
-0.6875 0.00456931

-0.6875 0.00456931
-0.671875 0.00446902

-0.671875 0.00446902
-0.65625 0.00436872

-0.65625 0.00436872
-0.640625 0.00426844

-0.640625 0.00426844
-0.625 0.00416816

3.5 -0.000221951
3.83118 0

-1.90625 0.0108069
-1.89062 0.0107735

-1.89062 0.0107735
-1.875 0.0107379

-1.875 0.0107379
-1.85938 0.0107002

-1.85938 0.0107001
-1.84375 0.0106603

-1.84375 0.0106603
-1.82812 0.0106185

-1.82812 0.0106185
-1.8125 0.0105746

-1.8125 0.0105746
-1.79688 0.0105289

-1.79688 0.0105289
-1.78125 0.0104812

-1.78125 0.0104812
-1.76562 0.0104317

-1.76562 0.0104317
-1.75 0.0103803

-0.625 0.00416816
-0.609375 0.00406789

-0.609375 0.00406789
-0.59375 0.00396762

1 -0.00642766
1.01562 -0.00652876

-0.59375 0.00396762
-0.578125 0.00386736

-0.578125 0.00386736
-0.5625 0.0037671

1.01562 -0.00652876
1.03125 -0.0066295

1.03125 -0.0066295
1.04688 -0.00672985

-1.75 0.0103803
-1.73438 0.0103272

-1.73438 0.0103272
-1.71875 0.0102724

-0.5625 0.0037671
-0.546875 0.00366684

1.04688 -0.00672985
1.0625 -0.00682978

-1.71875 0.0102724
-1.70312 0.0102158

-0.546875 0.00366684
-0.53125 0.00356657

1.0625 -0.00682979
1.07812 -0.0069293

-0.53125 0.00356657
-0.515625 0.00346628

-0.515625 0.00346628
-0.5 0.00336597

1.07812 -0.0069293
1.09375 -0.00702836

1.09375 -0.00702837
1.10938 -0.00712697

1.10938 -0.00712698
1.125 -0.00722512

-1.70312 0.0102158
-1.6875 0.0101576

1.125 -0.00722512
1.14062 -0.00732278

1.14062 -0.00732278
1.15625 -0.00741996

1.15625 -0.00741996
1.17188 -0.00751665

-1.6875 0.0101576
-1.67188 0.0100978

-1.67188 0.0100977
-1.65625 0.0100363

-1.65625 0.0100363
-1.64062 0.0099734

1.17188 -0.00751665
1.1875 -0.00761283

-0.5 0.00336597
-0.484375 0.00326563

-1.64062 0.00997338
-1.625 0.00990896

1.1875 -0.00761283
1.20312 -0.0077085

-1.625 0.00990895
-1.60938 0.00984309

-1.60938 0.00984308
-1.59375 0.00977584

-1.59375 0.00977583
-1.57812 0.00970726

-0.484375 0.00326563
-0.46875 0.00316525

-0.46875 0.00316525
-0.453125 0.00306482

-0.453125 0.00306482
-0.4375 0.00296435

-1.57812 0.00970724
-1.5625 0.0096374

-0.4375 0.00296435
-0.421875 0.00286382

-1.5625 0.00963738
-1.54688 0.00956631

-1.54688 0.0095663
-1.53125 0.00949405

-1.53125 0.00949404
-1.51562 0.00942066

-0.421875 0.00286382
-0.40625 0.00276323

-1.51562 0.00942065
-1.5 0.00934619

1.20312 -0.00770851
1.21875 -0.00780366

1.21875 -0.00780366
1.23438 -0.00789829

1.23438 -0.00789829
1.25 -0.00799237

-0.40625 0.00276324
-0.390625 0.00266259

-0.390625 0.00266259
-0.375 0.00256187

-0.375 0.00256187
-0.359375 0.0024611

-0.359375 0.0024611
-0.34375 0.00236026

-0.34375 0.00236026
-0.328125 0.00225935

-0.328125 0.00225935
-0.3125 0.00215839

1.25 -0.00799238
1.26562 -0.0080859

1.26562 -0.00808591
1.28125 -0.00817887

1.28125 -0.00817887
1.29688 -0.00827124

1.29688 -0.00827125
1.3125 -0.00836301

-0.3125 0.00215839
-0.296875 0.00205737

-0.296875 0.00205737
-0.28125 0.0019563

1.3125 -0.00836302
1.32812 -0.00845415

1.32812 -0.00845416
1.34375 -0.00854464

-0.28125 0.0019563
-0.265625 0.00185518

-0.265625 0.00185518
-0.25 0.00175401

1.34375 -0.00854465
1.35938 -0.00863446

1.35938 -0.00863447
1.375 -0.00872358

-0.25 0.00175401
-0.234375 0.0016528

-0.234375 0.00165279
-0.21875 0.00155154

-0.21875 0.00155154
-0.203125 0.00145024

1.375 -0.00872359
1.39062 -0.00881197

1.39062 -0.00881198
1.40625 -0.00889961

1.40625 -0.00889962
1.42188 -0.00898647

1.42188 -0.00898648
1.4375 -0.00907251

-0.203125 0.00145024
-0.1875 0.00134891

-0.1875 0.00134891
-0.171875 0.00124754

-0.171875 0.00124754
-0.15625 0.00114613

-0.15625 0.00114613
-0.140625 0.00104469

-0.140625 0.00104469
-0.125 0.000943215

1.4375 -0.00907252
1.45312 -0.00915771

1.45312 -0.00915772
1.46875 -0.00924202

1.46875 -0.00924203
1.48438 -0.00932541

1.48438 -0.00932542
1.5 -0.00940784

-0.125 0.000943215
-0.109375 0.000841702

-0.109375 0.000841703
-0.09375 0.000740152

-0.09375 0.000740153
-0.078125 0.000638562

-0.078125 0.000638563
-0.0625 0.000536931

-0.0625 0.000536931
-0.046875 0.000435255

-0.046875 0.000435255
-0.03125 0.000333532

-0.03125 0.000333533
-0.015625 0.00023176

-0.015625 0.00023176
0 0.000129938

