-3.95344 0
-3.5 0.00140452

-3.5 0.000639547
-3.25 0.00172527

-1.5 0.0463378
-1.48438 0.0461457

0.109375 -0.000488748
0.0967984 0

0.109375 -0.000485199
0.125 -0.00109315

-1.48438 0.0461457
-1.46875 0.0459461

-3.25 0.00143562
-3.125 0.00283086

-1.46875 0.045946
-1.45312 0.0457391

0.125 -0.00109316
0.140625 -0.00170179

-3.125 0.00237029
-3.0625 0.00382482

-1.45312 0.0457391
-1.4375 0.0455249

0.140625 -0.00170181
0.15625 -0.00231105

0.15625 -0.00231107
0.171875 -0.00292087

0.171875 -0.00292088
0.1875 -0.00353118

-3.0625 0.00318417
-3.03125 0.00483891

-3.03125 0.00541572
-3 0.0081256

-1.4375 0.0455248
-1.42188 0.0453034

-3 0.00811942
-2.98438 0.00943743

-1.42188 0.0453034
-1.40625 0.0450749

0.1875 -0.00353119
0.203125 -0.00414192

-2.98438 0.00943879
-2.96875 0.0107295

-2.96875 0.0107294
-2.95312 0.0119904

-1.40625 0.0450749
-1.39062 0.0448393

-1.39062 0.0448393
-1.375 0.0445968

-2.95312 0.0119903
-2.9375 0.0132219

0.203125 -0.00414193
0.21875 -0.00475302

0.21875 -0.00475303
0.234375 -0.00536441

-1.375 0.0445968
-1.35938 0.0443475

-1.35938 0.0443474
-1.34375 0.0440913

-1.34375 0.0440913
-1.32812 0.0438284

-1.32812 0.0438284
-1.3125 0.0435588

-1.3125 0.0435588
-1.29688 0.0432827

-1.29688 0.0432827
-1.28125 0.0430001

0.234375 -0.00536443
0.25 -0.00597602

-2.9375 0.0132218
-2.92188 0.0144245

-2.92188 0.0144243
-2.90625 0.0155986

-2.90625 0.0156076
-2.90601 0.015625

0.25 -0.00597604
0.265625 -0.00658779

0.265625 -0.00658781
0.28125 -0.00719964

-2.90589 0.015625
-2.89062 0.0167446

-2.89062 0.0167447
-2.875 0.0178635

-2.875 0.0178634
-2.85938 0.018955

-2.85938 0.0189549
-2.84375 0.0200198

-2.84375 0.0200197
-2.82812 0.0210584

-2.82812 0.0210583
-2.8125 0.0220712

-2.8125 0.0220711
-2.79688 0.0230588

-1.28125 0.043
-1.26562 0.042711

-2.79688 0.0230587
-2.78125 0.0240214

0.28125 -0.00719966
0.296875 -0.0078115

-2.78125 0.0240213
-2.76562 0.0249597

0.296875 -0.00781151
0.3125 -0.00842329

-1.26562 0.042711
-1.25 0.0424155

0.3125 -0.0084233
0.328125 -0.00903494

0.328125 -0.00903496
0.34375 -0.00964638

-2.76562 0.0249596
-2.75 0.025874

-2.75 0.0258739
-2.73438 0.0267647

-2.73438 0.0267646
-2.71875 0.0276322

-2.71875 0.0276321
-2.70312 0.0284769

-2.70312 0.0284768
-2.6875 0.0292992

-2.6875 0.0292991
-2.67188 0.0300996

-2.67188 0.0300995
-2.65625 0.0308784

-2.65625 0.0308794
-2.64861 0.03125

-2.64856 0.03125
-2.64062 0.031635

-2.64062 0.0316359
-2.625 0.0323727

-1.25 0.0424155
-1.23438 0.0421137

-2.625 0.0323726
-2.60938 0.0330888

0.34375 -0.0096464
0.359375 -0.0102575

-2.60938 0.0330887
-2.59375 0.0337846

-2.59375 0.0337846
-2.57812 0.0344605

-2.57812 0.0344604
-2.5625 0.0351167

1.5 -0.0479811
1.51562 -0.0483014

-1.23438 0.0421137
-1.21875 0.0418056

-1.21875 0.0418056
-1.20312 0.0414913

1.51562 -0.0483014
1.53125 -0.0486131

1.53125 -0.0486131
1.54688 -0.0489161

1.54688 -0.0489161
1.5625 -0.0492101

1.5625 -0.0492102
1.57812 -0.0494951

1.57812 -0.0494951
1.59375 -0.0497707

-2.5625 0.0351166
-2.54688 0.0357535

-2.54688 0.0357534
-2.53125 0.0363712

-2.53125 0.0363712
-2.51562 0.0369703

-2.51562 0.0369702
-2.5 0.0375509

-2.5 0.0375508
-2.48438 0.0381134

-2.48438 0.0381134
-2.46875 0.0386581

-2.46875 0.0386581
-2.45312 0.0391853

-2.45312 0.0391852
-2.4375 0.0396952

-2.4375 0.0396951
-2.42188 0.0401881

-2.42188 0.040188
-2.40625 0.0406642

-2.40625 0.0406642
-2.39062 0.0411238

-2.39062 0.0411237
-2.375 0.0415671

-2.375 0.041567
-2.35938 0.0419943

-2.35938 0.0419942
-2.34375 0.0424056

-2.34375 0.0424056
-2.32812 0.0428014

-2.32812 0.0428013
-2.3125 0.0431817

1.59375 -0.0497708
1.60938 -0.050037

1.60938 -0.050037
1.625 -0.0502936

-2.3125 0.0431817
-2.29688 0.043547

-2.29688 0.0435469
-2.28125 0.0438973

-2.28125 0.0438973
-2.26562 0.044233

1.625 -0.0502936
1.64062 -0.0505404

-1.20312 0.0414913
-1.1875 0.0411708

1.64062 -0.0505405
1.65625 -0.0507773

1.65625 -0.0507773
1.67188 -0.051004

-2.26562 0.044233
-2.25 0.0445543

1.67188 -0.0510041
1.6875 -0.0512204

0.359375 -0.0102576
0.375 -0.0108683

-2.25 0.0445543
-2.23438 0.0448615

1.6875 -0.0512205
1.70312 -0.0514264

1.70312 -0.0514264
1.71875 -0.0516217

1.71875 -0.0516218
1.73438 -0.0518062

1.73438 -0.0518063
1.75 -0.0519797

-1.1875 0.0411708
-1.17188 0.0408441

1.75 -0.0519798
1.76562 -0.052142

-2.23438 0.0448614
-2.21875 0.0451546

1.76562 -0.0521421
1.78125 -0.052293

1.78125 -0.0522931
1.79688 -0.0524324

-1.17188 0.0408441
-1.15625 0.0405114

1.79688 -0.0524325
1.8125 -0.0525602

-1.15625 0.0405114
-1.14062 0.0401726

-2.21875 0.0451545
-2.20312 0.045434

1.8125 -0.0525602
1.82812 -0.052676

0.375 -0.0108684
0.390625 -0.0114787

0.390625 -0.0114787
0.40625 -0.0120886

-2.20312 0.0454339
-2.1875 0.0456998

-2.1875 0.0456997
-2.17188 0.0459522

-2.17188 0.0459522
-2.15625 0.0461914

-1.14062 0.0401726
-1.125 0.0398278

-2.15625 0.0461914
-2.14062 0.0464176

-2.14062 0.0464176
-2.125 0.0466309

0.40625 -0.0120886
0.421875 -0.012698

-2.125 0.0466309
-2.10938 0.0468316

-2.10938 0.046832
-2.1058 0.046875

-2.10575 0.046875
-2.09375 0.0470195

-1.125 0.0398278
-1.10938 0.0394771

-1.10938 0.0394771
-1.09375 0.0391204

0.421875 -0.012698
0.4375 -0.0133067

0.4375 -0.0133067
0.453125 -0.0139147

0.453125 -0.0139147
0.46875 -0.0145219

0.46875 -0.0145219
0.484375 -0.0151283

0.5 -0.0157393
0.497051 -0.015625

0.484375 -0.0151271
0.497223 -0.015625

0 0.0037439
0.015625 0.00314319

0.015625 0.00314318
0.03125 0.00254122

0.03125 0.00254121
0.046875 0.00193806

0.046875 0.00193805
0.0625 0.00133377

0.0625 0.00133376
0.078125 0.000728425

0.078125 0.000728415
0.09375 0.000122082

0.09375 0.000135526
0.0972374 0

0.5 -0.0157339
0.515625 -0.0163383

0.515625 -0.0163383
0.53125 -0.0169415

0.53125 -0.0169415
0.546875 -0.0175434

0.546875 -0.0175435
0.5625 -0.0181441

0.5625 -0.0181441
0.578125 -0.0187433

0.578125 -0.0187433
0.59375 -0.019341

0.59375 -0.019341
0.609375 -0.0199372

0.609375 -0.0199372
0.625 -0.0205318

0.625 -0.0205318
0.640625 -0.0211246

0.640625 -0.0211247
0.65625 -0.0217157

0.65625 -0.0217158
0.671875 -0.022305

0.671875 -0.022305
0.6875 -0.0228922

0.6875 -0.0228922
0.703125 -0.0234774

0.703125 -0.0234774
0.71875 -0.0240605

0.71875 -0.0240605
0.734375 -0.0246413

0.734375 -0.0246414
0.75 -0.0252198

0.75 -0.0252199
0.765625 -0.0257959

0.765625 -0.0257959
0.78125 -0.0263695

0.78125 -0.0263695
0.796875 -0.0269404

0.796875 -0.0269404
0.8125 -0.0275085

0.8125 -0.0275086
0.828125 -0.0280739

0.828125 -0.0280739
0.84375 -0.0286362

0.84375 -0.0286363
0.859375 -0.0291955

0.859375 -0.0291956
0.875 -0.0297517

0.875 -0.0297517
0.890625 -0.0303046

0.890625 -0.0303046
0.90625 -0.030854

0.921875 -0.0314035
0.91748 -0.03125

0.921875 -0.0314
0.9375 -0.0319422

0.90625 -0.0308527
0.917621 -0.03125

0.9375 -0.0319422
0.953125 -0.0324805

0.953125 -0.0324805
0.96875 -0.0330148

1.82812 -0.052676
1.84375 -0.0527797

1.84375 -0.0527797
1.85938 -0.0528711

1.85938 -0.0528712
1.875 -0.0529501

0.96875 -0.0330148
0.984375 -0.0335449

1.875 -0.0529501
1.89062 -0.0530164

1.89062 -0.0530164
1.90625 -0.0530698

-1.09375 0.0391204
-1.07812 0.0387579

-1.07812 0.0387579
-1.0625 0.0383896

0.984375 -0.033545
1 -0.0340708

-2.09375 0.0470196
-2.07812 0.0471953

-2.07812 0.0471953
-2.0625 0.0473587

-2.0625 0.0473587
-2.04688 0.0475101

-2.04688 0.04751
-2.03125 0.0476495

-2.03125 0.0476495
-2.01562 0.0477772

1.90625 -0.0530699
1.92188 -0.0531102

-2.01562 0.0477772
-2 0.0478933

-1.0625 0.0383896
-1.04688 0.0380155

-1.04688 0.0380155
-1.03125 0.0376358

-1.03125 0.0376358
-1.01562 0.0372506

-1.01562 0.0372505
-1 0.0368598

1.92188 -0.0531102
1.9375 -0.0531372

1.9375 -0.0531373
1.95312 -0.0531507

1.95312 -0.0531508
1.96875 -0.0531505

1.96875 -0.0531506
1.98438 -0.0531363

1.98438 -0.0531364
2 -0.053108

1 -0.0340709
1.01562 -0.0345924

1.01562 -0.0345924
1.03125 -0.0351094

1.03125 -0.0351094
1.04688 -0.0356219

1.04688 -0.0356219
1.0625 -0.0361297

1.0625 -0.0361297
1.07812 -0.0366326

1.07812 -0.0366327
1.09375 -0.0371307

1.09375 -0.0371307
1.10938 -0.0376237

1.10938 -0.0376237
1.125 -0.0381116

-1 0.0368597
-0.984375 0.0364636

-0.984375 0.0364635
-0.96875 0.036062

-0.96875 0.036062
-0.953125 0.0356552

-0.953125 0.0356552
-0.9375 0.0352433

-0.9375 0.0352433
-0.921875 0.0348263

1.125 -0.0381116
1.14062 -0.0385943

-0.921875 0.0348263
-0.90625 0.0344043

1.14062 -0.0385943
1.15625 -0.0390716

1.15625 -0.0390716
1.17188 -0.0395434

-0.90625 0.0344043
-0.890625 0.0339774

1.17188 -0.0395434
1.1875 -0.0400097

1.1875 -0.0400097
1.20312 -0.0404703

1.20312 -0.0404703
1.21875 -0.0409251

1.21875 -0.0409252
1.23438 -0.0413741

-0.890625 0.0339774
-0.875 0.0335457

1.23438 -0.0413741
1.25 -0.0418169

-0.875 0.0335457
-0.859375 0.0331093

-0.859375 0.0331093
-0.84375 0.0326683

-0.84375 0.0326683
-0.828125 0.0322227

-0.828125 0.0322227
-0.8125 0.0317727

1.25 -0.041817
1.26562 -0.0422537

-2 0.0478933
-1.98438 0.0479981

1.26562 -0.0422537
1.28125 -0.0426842

-1.98438 0.0479981
-1.96875 0.0480917

-1.96875 0.0480916
-1.95312 0.0481742

-1.95312 0.0481742
-1.9375 0.0482459

-1.9375 0.0482458
-1.92188 0.0483068

-1.92188 0.0483068
-1.90625 0.0483572

-1.90625 0.0483572
-1.89062 0.0483972

-1.89062 0.0483972
-1.875 0.048427

-0.78125 0.0308592
-0.79456 0.03125

-0.8125 0.0317726
-0.796875 0.0313182

-0.796875 0.0313193
-0.794515 0.03125

-1.875 0.0484269
-1.85938 0.0484465

1.28125 -0.0426842
1.29688 -0.0431083

1.29688 -0.0431083
1.3125 -0.0435259

-0.78125 0.0308594
-0.765625 0.0303965

-0.765625 0.0303965
-0.75 0.0299294

-1.85938 0.0484465
-1.84375 0.048456

-1.84375 0.048456
-1.82812 0.0484556

2 -0.053108
2.01562 -0.0530651

-1.82812 0.0484556
-1.8125 0.0484454

2.01562 -0.0530652
2.03125 -0.0530076

-1.8125 0.0484454
-1.79688 0.0484255

-1.79688 0.0484255
-1.78125 0.048396

1.3125 -0.0435259
1.32812 -0.0439368

-1.78125 0.048396
-1.76562 0.048357

-1.76562 0.048357
-1.75 0.0483086

-0.75 0.0299294
-0.734375 0.0294583

-0.734375 0.0294583
-0.71875 0.0289833

1.32812 -0.0439369
1.34375 -0.044341

1.34375 -0.0443411
1.35938 -0.0447383

2.03125 -0.0530076
2.04688 -0.0529351

-1.75 0.0483086
-1.73438 0.0482509

2.04688 -0.0529352
2.0625 -0.0528475

1.35938 -0.0447384
1.375 -0.0451286

2.0625 -0.0528476
2.07812 -0.0527445

-1.73438 0.0482509
-1.71875 0.048184

2.07812 -0.0527446
2.09375 -0.0526259

1.375 -0.0451287
1.39062 -0.0455118

-1.71875 0.048184
-1.70312 0.048108

1.39062 -0.0455118
1.40625 -0.0458876

-1.70312 0.048108
-1.6875 0.0480229

-0.71875 0.0289832
-0.703125 0.0285042

-1.6875 0.0480229
-1.67188 0.0479289

2.09375 -0.0526259
2.10938 -0.0524913

-1.67188 0.0479289
-1.65625 0.0478261

2.10938 -0.0524914
2.125 -0.0523407

-1.65625 0.0478261
-1.64062 0.0477145

2.125 -0.0523408
2.14062 -0.0521737

1.40625 -0.0458876
1.42188 -0.046256

2.14062 -0.0521738
2.15625 -0.0519901

-0.703125 0.0285042
-0.6875 0.0280213

-1.64062 0.0477145
-1.625 0.0475944

-0.6875 0.0280213
-0.671875 0.0275346

-0.671875 0.0275346
-0.65625 0.0270442

-0.65625 0.0270442
-0.640625 0.0265501

-0.640625 0.02655
-0.625 0.0260523

1.42188 -0.0462561
1.4375 -0.0466169

2.15625 -0.0519901
2.17188 -0.0517896

2.17188 -0.0517896
2.1875 -0.051572

2.1875 -0.051572
2.20312 -0.051337

2.20312 -0.051337
2.21875 -0.0510843

2.21875 -0.0510844
2.23438 -0.0508137

2.23438 -0.0508138
2.25 -0.0505249

-0.625 0.0260523
-0.609375 0.0255509

-0.609375 0.0255509
-0.59375 0.025046

-1.625 0.0475943
-1.60938 0.0474657

-1.60938 0.0474657
-1.59375 0.0473287

-1.59375 0.0473287
-1.57812 0.0471834

-1.57812 0.0471834
-1.5625 0.0470301

2.25 -0.050525
2.26562 -0.0502177

2.26562 -0.0502178
2.28125 -0.0498917

-0.59375 0.025046
-0.578125 0.0245375

-0.578125 0.0245375
-0.5625 0.0240257

1.45312 -0.0469712
1.44887 -0.046875

1.4375 -0.0466165
1.44894 -0.046875

1.45312 -0.0469701
1.46875 -0.0473152

1.46875 -0.0473152
1.48438 -0.0476522

1.48438 -0.0476523
1.5 -0.047981

-0.5625 0.0240257
-0.546875 0.0235104

-0.546875 0.0235104
-0.53125 0.0229918

-1.54688 0.0468682
-1.54753 0.046875

-1.5625 0.0470301
-1.54748 0.046875

2.28125 -0.0498918
2.29688 -0.0495466

2.29688 -0.0495467
2.3125 -0.0491822

-0.53125 0.0229918
-0.515625 0.0224698

2.3125 -0.0491823
2.32812 -0.0487981

2.32812 -0.0487982
2.34375 -0.048394

-1.54688 0.0468687
-1.53125 0.0466995

-0.515625 0.0224698
-0.5 0.0219446

-1.53125 0.0466994
-1.51562 0.0465225

-1.51562 0.0465224
-1.5 0.0463378

2.34375 -0.0483941
2.35938 -0.0479697

-0.5 0.0219446
-0.484375 0.0214162

-0.484375 0.0214162
-0.46875 0.0208846

-0.46875 0.0208846
-0.453125 0.0203498

-0.453125 0.0203498
-0.4375 0.019812

-0.4375 0.019812
-0.421875 0.0192711

-0.421875 0.0192711
-0.40625 0.0187272

-0.40625 0.0187272
-0.390625 0.0181804

-0.390625 0.0181804
-0.375 0.0176307

-0.375 0.0176307
-0.359375 0.0170781

2.35938 -0.0479697
2.375 -0.0475247

-0.359375 0.0170781
-0.34375 0.0165228

-0.34375 0.0165228
-0.328125 0.0159648

-0.3125 0.0153906
-0.319032 0.015625

2.375 -0.0475248
2.39062 -0.0470589

2.39062 -0.0470568
2.39646 -0.046875

2.39657 -0.046875
2.40625 -0.0465732

2.40625 -0.046572
2.42188 -0.0460633

2.42188 -0.0460633
2.4375 -0.0455327

-0.328125 0.0159736
-0.318409 0.015625

-0.3125 0.015404
-0.296875 0.0148408

-0.296875 0.0148408
-0.28125 0.0142752

2.4375 -0.0455328
2.45312 -0.0449799

2.45312 -0.04498
2.46875 -0.0444045

-0.28125 0.0142752
-0.265625 0.0137072

-0.265625 0.0137071
-0.25 0.0131368

2.46875 -0.0444046
2.48438 -0.0438062

2.48438 -0.0438063
2.5 -0.0431847

-0.25 0.0131368
-0.234375 0.0125642

-0.234375 0.0125642
-0.21875 0.0119894

-0.21875 0.0119894
-0.203125 0.0114124

-0.203125 0.0114124
-0.1875 0.0108334

-0.1875 0.0108334
-0.171875 0.0102523

-0.171875 0.0102523
-0.15625 0.0096693

-0.15625 0.00966929
-0.140625 0.00908436

-0.140625 0.00908434
-0.125 0.00849757

2.5 -0.0431848
2.51562 -0.0425396

2.51562 -0.0425397
2.53125 -0.0418706

-0.125 0.00849755
-0.109375 0.00790899

-0.109375 0.00790897
-0.09375 0.00731868

-0.09375 0.00731867
-0.078125 0.00672671

-0.078125 0.00672669
-0.0625 0.00613313

-0.0625 0.00613311
-0.046875 0.005538

-0.046875 0.00553798
-0.03125 0.00494138

-0.03125 0.00494136
-0.015625 0.00434333

-0.015625 0.00434332
0 0.00374392

2.53125 -0.0418707
2.54688 -0.0411772

2.54688 -0.0411773
2.5625 -0.0404592

2.5625 -0.0404593
2.57812 -0.0397161

2.57812 -0.0397162
2.59375 -0.0389476

2.59375 -0.0389477
2.60938 -0.0381533

2.60938 -0.0381534
2.625 -0.0373328

2.625 -0.037333
2.64062 -0.0364858

2.64062 -0.0364859
2.65625 -0.0356119

2.65625 -0.035612
2.67188 -0.0347107

2.67188 -0.0347108
2.6875 -0.0337817

2.6875 -0.0337819
2.70312 -0.0328247

2.70312 -0.0328248
2.71875 -0.0318389

2.71875 -0.0318308
2.72769 -0.03125

2.728 -0.03125
2.73438 -0.0308358

2.73438 -0.0308243
2.75 -0.0297798

2.75 -0.0297799
2.76562 -0.0287054

2.76562 -0.0287055
2.78125 -0.0276007

2.78125 -0.0276008
2.79688 -0.0264653

2.79688 -0.0264654
2.8125 -0.0252989

2.8125 -0.0252991
2.82812 -0.0241011

2.82812 -0.0241013
2.84375 -0.0228713

2.84375 -0.0228714
2.85938 -0.0216089

2.85938 -0.021609
2.875 -0.0203135

2.875 -0.0203136
2.89062 -0.0189846

2.89062 -0.0189847
2.90625 -0.0176218

2.90625 -0.0176219
2.92188 -0.0162246

2.92188 -0.0161931
2.92807 -0.015625

2.92866 -0.015625
2.9375 -0.0148153

2.9375 -0.014793
2.95312 -0.0133257

2.95312 -0.0133256
2.96875 -0.0118228

2.96875 -0.0118225
2.98438 -0.010285

2.98438 -0.0102835
3 -0.00871482

3 -0.0087188
3.03125 -0.00550934

3.03125 -0.00492576
3.0625 -0.00278931

3.0625 -0.00329041
3.125 -0.00149343

3.125 -0.00224789
3.25 -0.000823666

3.25 -0.00135812
3.5 -0.000287287

3.5 -0.000961702
3.82841 0

