-4 -0.00267453
-3.98438 -0.00267282

-3.98438 -0.00267274
-3.96875 -0.00266777

-3.96875 -0.00266769
-3.95312 -0.00265976

-3.95312 -0.00265972
-3.9375 -0.00264906

-3.9375 -0.00264905
-3.92188 -0.00263577

-3.92188 -0.00263579
-3.90625 -0.00261986

-3.90625 -0.00261992
-3.89062 -0.00260115

0 -0.0167302
0.015625 -0.017868

0.015625 -0.017868
0.03125 -0.0189998

0.03125 -0.0189999
0.046875 -0.0201255

-3.89062 -0.00260124
-3.875 -0.00257933

-3.875 -0.00257946
-3.85938 -0.00255393

-3.85938 -0.0025541
-3.84375 -0.00252437

-3.84375 -0.00252457
-3.82812 -0.00248993

-3.82812 -0.00249015
-3.8125 -0.00244974

0.046875 -0.0201255
0.0625 -0.0212447

-3.8125 -0.00244999
-3.79688 -0.00240284

0.0625 -0.0212448
0.078125 -0.0223574

0.078125 -0.0223575
0.09375 -0.0234633

0.09375 -0.0234634
0.109375 -0.0245624

0.109375 -0.0245624
0.125 -0.0256544

-3.79688 -0.00240313
-3.78125 -0.00234817

0.125 -0.0256544
0.140625 -0.0267392

0.140625 -0.0267392
0.15625 -0.0278165

0.15625 -0.0278166
0.171875 -0.0288863

2 -0.0920492
2.01562 -0.0919343

2.01562 -0.0919343
2.03125 -0.0918068

2.03125 -0.0918068
2.04688 -0.0916668

2.04688 -0.0916668
2.0625 -0.0915143

2.0625 -0.0915144
2.07812 -0.0913493

2.07812 -0.0913493
2.09375 -0.0911716

2.09375 -0.0911716
2.10938 -0.0909811

2.10938 -0.0909811
2.125 -0.0907778

2.125 -0.0907779
2.14062 -0.0905616

2.14062 -0.0905617
2.15625 -0.0903324

-3.78125 -0.00234848
-3.76562 -0.00228455

-3.76562 -0.00228488
-3.75 -0.00221071

0.171875 -0.0288863
0.1875 -0.0299485

-3.75 -0.00221105
-3.73438 -0.00212529

-3.73438 -0.00212566
-3.71875 -0.00202688

-3.71875 -0.00202726
-3.70312 -0.00191398

-3.70312 -0.00191437
-3.6875 -0.00178504

0.21875 -0.032017
0.2073 -0.03125

-3.6875 -0.00178544
-3.67188 -0.00163847

-3.67188 -0.00163888
-3.65625 -0.00147264

-3.65625 -0.00147306
-3.64062 -0.0012859

-3.64062 -0.00128632
-3.625 -0.00107657

0.1875 -0.0299489
0.203125 -0.031003

0.203125 -0.0311433
0.204718 -0.03125

-3.625 -0.00107699
-3.60938 -0.000842994

-3.60938 -0.000843407
-3.59375 -0.000583492

-3.59375 -0.000583898
-3.57812 -0.000296426

-3.57812 -0.00029683
-3.56348 0

0.21875 -0.0320492
0.234375 -0.0330897

0.234375 -0.0330897
0.25 -0.0341235

-2 0.121274
-1.98438 0.121266

0.25 -0.0341236
0.265625 -0.0351507

0.265625 -0.0351508
0.28125 -0.0361711

0.28125 -0.0361711
0.296875 -0.0371845

0.296875 -0.0371845
0.3125 -0.0381907

-1.98438 0.121266
-1.96875 0.121217

-1.96875 0.121217
-1.95312 0.121127

0.3125 -0.0381908
0.328125 -0.0391897

0.328125 -0.0391897
0.34375 -0.0401811

-1.95312 0.121127
-1.9375 0.120998

-1.9375 0.120998
-1.92188 0.120829

-1.92188 0.120829
-1.90625 0.120621

-1.90625 0.120621
-1.89062 0.120376

-3.56349 0
-3.5625 1.99832e-05

0.34375 -0.0401812
0.359375 -0.0411651

0.359375 -0.0411651
0.375 -0.0421412

-3.5625 1.94398e-05
-3.54688 0.00036674

-3.54688 0.000366362
-3.53125 0.000745829

0.375 -0.0421413
0.390625 -0.0431095

-1.89062 0.120376
-1.875 0.120094

0.390625 -0.0431096
0.40625 -0.0440698

0.40625 -0.0440699
0.421875 -0.045022

-1.875 0.120094
-1.85938 0.119775

-1.85938 0.119775
-1.84375 0.119421

-1.84375 0.119421
-1.82812 0.119032

-1.82812 0.119032
-1.8125 0.118608

0.421875 -0.045022
0.4375 -0.0459659

-1.8125 0.118608
-1.79688 0.118151

-1.79688 0.118151
-1.78125 0.117661

-1.78125 0.117661
-1.76562 0.117138

0.453125 -0.0468915
0.452849 -0.046875

0.4375 -0.0459663
0.452679 -0.046875

-1.76562 0.117138
-1.75 0.116584

-3.53125 0.000745453
-3.51562 0.0011586

0.453125 -0.046901
0.46875 -0.0478287

0.46875 -0.0478288
0.484375 -0.0487494

-3.51562 0.00115823
-3.5 0.00160654

2.15625 -0.0903324
2.17188 -0.0900899

0.484375 -0.0487494
0.5 -0.0496627

2.17188 -0.09009
2.1875 -0.0898341

2.1875 -0.0898341
2.20312 -0.0895647

-1.75 0.116584
-1.73438 0.115999

-1.73438 0.115999
-1.71875 0.115384

-1.71875 0.115384
-1.70312 0.11474

-1.70312 0.11474
-1.6875 0.114068

-3.5 0.00160618
-3.48438 0.00209114

-3.48438 0.00209079
-3.46875 0.00261382

0.5 -0.0496628
0.515625 -0.0505688

-3.46875 0.00261348
-3.45312 0.00317598

-3.45312 0.00317565
-3.4375 0.00377895

0.515625 -0.0505688
0.53125 -0.0514673

-1.6875 0.114068
-1.67188 0.113368

0.53125 -0.0514673
0.546875 -0.052358

0.546875 -0.0523581
0.5625 -0.0532409

0.5625 -0.0532409
0.578125 -0.0541156

-1.67188 0.113368
-1.65625 0.112642

2.20312 -0.0895648
2.21875 -0.0892816

2.21875 -0.0892817
2.23438 -0.0889846

-1.65625 0.112642
-1.64062 0.111889

-1.64062 0.111889
-1.625 0.11111

-1.625 0.11111
-1.60938 0.110307

-3.4375 0.00377864
-3.42188 0.00442403

-3.42188 0.00442373
-3.40625 0.00511243

-3.40625 0.00511215
-3.39062 0.00584532

-3.39062 0.00584506
-3.375 0.00662377

0.578125 -0.0541156
0.59375 -0.0549819

0.59375 -0.054982
0.609375 -0.0558398

0.609375 -0.0558398
0.625 -0.0566889

-3.375 0.00662353
-3.35938 0.0074488

-3.35938 0.00744858
-3.34375 0.00832134

-3.34375 0.00832114
-3.32812 0.00924222

0.625 -0.056689
0.640625 -0.0575292

0.640625 -0.0575293
0.65625 -0.0583605

0.65625 -0.0583606
0.671875 -0.0591826

0.671875 -0.0591827
0.6875 -0.0599954

0.75 -0.063147
0.736943 -0.0625

0.6875 -0.0599955
0.703125 -0.0607987

0.703125 -0.0607987
0.71875 -0.0615923

-3.32812 0.00924205
-3.3125 0.0102122

-1.60938 0.110306
-1.59375 0.109478

0.71875 -0.0615925
0.734375 -0.0623762

-1.57812 0.108628
-1.59183 0.109375

2.23438 -0.0889847
2.25 -0.0886734

-1.59375 0.109465
-1.59211 0.109375

2.25 -0.0886735
2.26562 -0.0883478

0.734375 -0.0623933
0.736529 -0.0625

2.26562 -0.0883479
2.28125 -0.0880076

2.28125 -0.0880077
2.29688 -0.0876528

2.29688 -0.0876528
2.3125 -0.087283

2.3125 -0.0872831
2.32812 -0.0868984

2.32812 -0.0868985
2.34375 -0.0864988

2.34375 -0.0864989
2.35938 -0.0860841

2.35938 -0.0860842
2.375 -0.085654

0.75 -0.0631501
0.765625 -0.0639156

0.765625 -0.0639156
0.78125 -0.0646725

2.375 -0.0856541
2.39062 -0.0852081

-1.57812 0.108626
-1.5625 0.107749

-1.5625 0.107749
-1.54688 0.10685

0.78125 -0.0646725
0.796875 -0.0654206

0.796875 -0.0654206
0.8125 -0.0661598

-1.54688 0.10685
-1.53125 0.105928

-3.3125 0.0102121
-3.29688 0.0112319

-1.53125 0.105928
-1.51562 0.104986

-1.51562 0.104985
-1.5 0.104022

-3.29688 0.0112318
-3.28125 0.012302

-3.28125 0.0123019
-3.26562 0.0134228

-3.26562 0.0134227
-3.25 0.0145947

0.8125 -0.0661599
0.828125 -0.0668902

0.828125 -0.0668902
0.84375 -0.0676114

2.39062 -0.0852081
2.40625 -0.0847461

2.40625 -0.0847461
2.42188 -0.0842679

0.84375 -0.0676114
0.859375 -0.0683235

0.859375 -0.0683236
0.875 -0.0690264

2.42188 -0.0842679
2.4375 -0.0837734

0.875 -0.0690265
0.890625 -0.0697201

0.890625 -0.0697201
0.90625 -0.0704043

-3.25 0.0145946
-3.23684 0.015625

0.90625 -0.0704043
0.921875 -0.0710792

2.4375 -0.0837734
2.45312 -0.0832624

-3.23685 0.015625
-3.23438 0.0158186

0.921875 -0.0710792
0.9375 -0.0717446

-3.23438 0.015818
-3.21875 0.0170927

2.45312 -0.0832624
2.46875 -0.0827349

-3.21875 0.0170927
-3.20312 0.0184189

0.9375 -0.0717446
0.953125 -0.0724005

0.953125 -0.0724005
0.96875 -0.0730468

2.46875 -0.0827351
2.48438 -0.0821907

0.96875 -0.0730468
0.984375 -0.0736834

-3.20312 0.0184189
-3.1875 0.0197965

0.984375 -0.0736834
1 -0.0743104

2.48438 -0.0821908
2.5 -0.0816291

-3.1875 0.0197966
-3.17188 0.0212255

-3.17188 0.0212256
-3.15625 0.0227056

-3.15625 0.0227058
-3.14062 0.0242364

-3.14062 0.0242366
-3.125 0.0258173

-3.125 0.0258176
-3.10938 0.0274473

-3.10938 0.0274477
-3.09375 0.0291253

-3.09375 0.0291257
-3.07812 0.0308498

-3.07812 0.030909
-3.07511 0.03125

-1.5 0.104022
-1.48438 0.103039

-1.48438 0.103039
-1.46875 0.102037

1 -0.0743104
1.01562 -0.0749276

1.01562 -0.0749276
1.03125 -0.0755349

2.5 -0.0816292
2.51562 -0.0810497

-1.46875 0.102037
-1.45312 0.101017

-1.45312 0.101017
-1.4375 0.0999799

-1.4375 0.0999797
-1.42188 0.0989256

-1.42188 0.0989254
-1.40625 0.097855

-1.40625 0.0978548
-1.39062 0.0967687

-1.39062 0.0967686
-1.375 0.0956672

1.03125 -0.0755349
1.04688 -0.0761322

-1.34375 0.0934281
-1.3482 0.09375

-1.375 0.0956671
-1.35938 0.094551

-1.35938 0.0945478
-1.34835 0.09375

1.04688 -0.0761323
1.0625 -0.0767194

-1.34375 0.0934202
-1.32812 0.0922752

-1.32812 0.0922751
-1.3125 0.0911163

-3.07445 0.03125
-3.0625 0.032603

-3.0625 0.0326196
-3.04688 0.0344313

-3.04688 0.0344321
-3.03125 0.0362841

-3.03125 0.0362851
-3.01562 0.0381735

-3.01562 0.0381749
-3 0.040095

2.51562 -0.0810498
2.53125 -0.0804524

2.53125 -0.0804524
2.54688 -0.0798371

2.54688 -0.079837
2.5625 -0.0792036

2.5625 -0.0792037
2.57812 -0.0785521

2.57812 -0.0785572
2.58821 -0.078125

2.58788 -0.078125
2.59375 -0.0778734

2.59375 -0.0778823
2.60938 -0.0771947

2.60938 -0.0771948
2.625 -0.076489

2.625 -0.076489
2.64062 -0.0757648

2.64062 -0.0757649
2.65625 -0.075022

2.65625 -0.0750223
2.67188 -0.0742602

2.67188 -0.0742604
2.6875 -0.0734782

2.6875 -0.0734784
2.70312 -0.0726753

2.70312 -0.0726753
2.71875 -0.0718511

2.71875 -0.0718512
2.73438 -0.0710056

2.73438 -0.071006
2.75 -0.0701379

1.0625 -0.0767194
1.07812 -0.0772964

2.75 -0.0701382
2.76562 -0.0692463

2.76562 -0.0692464
2.78125 -0.0683299

2.78125 -0.0683298
2.79688 -0.0673887

2.79688 -0.0673892
2.8125 -0.0664226

2.8125 -0.0664234
2.82812 -0.0654285

2.82812 -0.0654284
2.84375 -0.0644039

2.84375 -0.0644042
2.85938 -0.0633501

2.85938 -0.0633569
2.8717 -0.0625

2.87133 -0.0625
2.875 -0.0622449

-3 0.0400966
-2.98438 0.0420423

-2.98438 0.042044
-2.96875 0.0440086

2.875 -0.062265
2.89062 -0.0611427

-1.3125 0.0911161
-1.29688 0.0899442

-1.29688 0.089944
-1.28125 0.0887596

-1.28125 0.0887595
-1.26562 0.0875631

-1.26562 0.087563
-1.25 0.0863553

1.07812 -0.0772964
1.09375 -0.0778629

-1.25 0.0863551
-1.23438 0.0851365

-1.23438 0.0851364
-1.21875 0.0839074

-2.96875 0.0440101
-2.95312 0.0459872

-1.21875 0.0839073
-1.20312 0.0826685

-1.20312 0.0826684
-1.1875 0.0814203

-2.95312 0.0460974
-2.947 0.046875

1.10938 -0.0784088
1.1014 -0.078125

2.89062 -0.0611437
2.90625 -0.0599827

1.09375 -0.0778741
1.1008 -0.078125

2.90625 -0.0599866
2.92188 -0.0587773

2.92188 -0.0587817
2.9375 -0.0575075

-1.1875 0.0814202
-1.17188 0.0801635

2.9375 -0.0575133
2.95312 -0.0561539

2.95312 -0.0561554
2.96875 -0.0546965

-2.94547 0.046875
-2.9375 0.0478866

2.96875 -0.0546983
2.98438 -0.0531333

2.98438 -0.0531326
3 -0.0514591

-1.17188 0.0801633
-1.15625 0.0788984

1.10938 -0.0784186
1.125 -0.0789646

-1.14062 0.0776405
-1.14657 0.078125

-2.9375 0.0479729
-2.92188 0.0499579

1.125 -0.0789646
1.14062 -0.0795011

-2.92188 0.0499583
-2.90625 0.0519428

-1.15625 0.0788889
-1.14687 0.078125

1.14062 -0.0795011
1.15625 -0.080028

1.15625 -0.080028
1.17188 -0.0805452

-2.90625 0.0519434
-2.89062 0.0539256

-2.89062 0.053926
-2.875 0.0559039

-1.14062 0.0776255
-1.125 0.0763446

1.17188 -0.0805453
1.1875 -0.0810527

3 -0.0514568
3.01562 -0.0496809

3.01562 -0.0496778
3.03125 -0.0478103

-2.875 0.0559043
-2.85938 0.0578762

3.03125 -0.047719
3.03802 -0.046875

-2.85938 0.0578766
-2.84375 0.0598408

1.1875 -0.0810527
1.20312 -0.0815504

-2.84375 0.0598413
-2.82812 0.0617961

-1.125 0.0763445
-1.10938 0.0750561

1.20312 -0.0815504
1.21875 -0.0820381

-1.10938 0.0750559
-1.09375 0.0737607

1.21875 -0.0820381
1.23438 -0.0825158

3.03938 -0.046875
3.04688 -0.0459411

-2.82812 0.0619493
-2.8237 0.0625

3.04688 -0.0458573
3.0625 -0.0438437

-2.82183 0.0625
-2.8125 0.0636604

1.23438 -0.0825158
1.25 -0.0829834

-1.09375 0.0737605
-1.07812 0.072459

-1.07812 0.0724589
-1.0625 0.0711517

3.0625 -0.0438397
3.07812 -0.0417737

3.07812 -0.0417694
3.09375 -0.0396676

-1.0625 0.0711516
-1.04688 0.0698392

3.09375 -0.0396634
3.10938 -0.0375429

-2.8125 0.0637406
-2.79688 0.065672

3.10938 -0.037539
3.125 -0.0354162

1.25 -0.0829834
1.26562 -0.0834409

-2.79688 0.0656724
-2.78125 0.0675898

1.26562 -0.0834409
1.28125 -0.0838881

-1.04688 0.0698391
-1.03125 0.0685219

3.125 -0.0354129
3.14062 -0.0333021

-2.78125 0.0675902
-2.76562 0.0694923

3.14062 -0.0332991
3.15597 -0.03125

1.28125 -0.0838881
1.29688 -0.084325

1.29688 -0.084325
1.3125 -0.0847516

1.3125 -0.0847516
1.32812 -0.0851678

1.32812 -0.0851678
1.34375 -0.0855736

1.34375 -0.0855736
1.35938 -0.0859689

1.35938 -0.0859689
1.375 -0.0863536

1.375 -0.0863537
1.39062 -0.0867278

1.39062 -0.0867278
1.40625 -0.0870913

1.40625 -0.0870914
1.42188 -0.0874441

1.42188 -0.0874441
1.4375 -0.087786

-1.03125 0.0685218
-1.01562 0.0672002

-1.01562 0.0672002
-1 0.0658745

-2.76562 0.0694926
-2.75 0.0713779

3.15625 -0.031211
3.17188 -0.0291574

-2.75 0.0713783
-2.73438 0.0732453

3.17188 -0.0291553
3.1875 -0.0271427

3.1875 -0.0271406
3.20312 -0.0251774

-0.953125 0.0618957
-0.96019 0.0625

1.4375 -0.087786
1.45312 -0.0881169

-0.953125 0.0618755
-0.9375 0.060535

-1 0.0658745
-0.984375 0.064545

-0.984375 0.0645449
-0.96875 0.0632119

3.20312 -0.0251756
3.21875 -0.0232693

3.21875 -0.0232679
3.23438 -0.0214248

3.23438 -0.0214238
3.25 -0.0196488

-0.96875 0.0631945
-0.960631 0.0625

-0.9375 0.0605349
-0.921875 0.0591909

-0.921875 0.0591908
-0.90625 0.0578439

-0.90625 0.0578438
-0.890625 0.0564943

1.45312 -0.088117
1.46875 -0.0884368

-2.73438 0.0732457
-2.71875 0.0750928

-0.890625 0.0564942
-0.875 0.0551426

-0.875 0.0551425
-0.859375 0.0537893

1.46875 -0.0884368
1.48438 -0.0887454

-2.71875 0.0750932
-2.70312 0.076919

1.48438 -0.0887454
1.5 -0.0890427

-0.859375 0.0537892
-0.84375 0.0524347

-0.84375 0.0524346
-0.828125 0.0510792

-0.828125 0.0510791
-0.8125 0.0497231

3.25 -0.0196481
3.26562 -0.0179447

3.26562 -0.0179442
3.28125 -0.0163148

3.28125 -0.0163084
3.28812 -0.015625

3.28823 -0.015625
3.29688 -0.0147654

3.29688 -0.0147604
3.3125 -0.0132825

3.3125 -0.0132825
3.32812 -0.0118812

-2.70312 0.0769831
-2.69323 0.078125

3.32812 -0.0118813
3.34375 -0.0105564

-0.8125 0.0497231
-0.796875 0.0483667

3.34375 -0.0105566
3.35938 -0.0093074

-2.69144 0.078125
-2.6875 0.0785801

3.35938 -0.00930775
3.375 -0.00813302

-0.796875 0.0483663
-0.78125 0.0470104

1.5 -0.0890427
1.51562 -0.0893286

-0.765625 0.045662
-0.779601 0.046875

-2.6875 0.0787226
-2.67188 0.0805014

3.375 -0.00813346
3.39062 -0.00703166

1.51562 -0.0893286
1.53125 -0.089603

-0.78125 0.0469181
-0.780753 0.046875

1.53125 -0.089603
1.54688 -0.0898658

1.54688 -0.0898659
1.5625 -0.090117

3.39062 -0.00703217
3.40625 -0.00600142

-2.67188 0.0805017
-2.65625 0.0822552

3.40625 -0.00600199
3.42188 -0.00504014

-0.765625 0.0456547
-0.75 0.0442974

3.42188 -0.00504074
3.4375 -0.00414547

-2.65625 0.0822555
-2.64062 0.0839823

1.5625 -0.0901171
1.57812 -0.0903564

-2.64062 0.0839826
-2.625 0.0856815

3.4375 -0.00414609
3.45312 -0.00331496

3.45312 -0.0033156
3.46875 -0.00254607

-2.625 0.0856818
-2.60938 0.0873516

3.46875 -0.00254672
3.48438 -0.00183621

-0.75 0.0442974
-0.734375 0.0429401

1.57812 -0.0903564
1.59375 -0.0905838

3.48438 -0.00183686
3.5 -0.00118278

1.59375 -0.0905838
1.60938 -0.0907989

-2.60938 0.087352
-2.59375 0.0889914

-0.734375 0.0429399
-0.71875 0.0415829

-2.59375 0.0889918
-2.57812 0.0905996

1.60938 -0.0907989
1.625 -0.0910017

-0.71875 0.0415828
-0.703125 0.0402268

-2.57812 0.0906
-2.5625 0.092175

-2.5625 0.0921753
-2.54688 0.0937164

-0.703125 0.0402267
-0.6875 0.038872

-0.6875 0.0388719
-0.671875 0.037519

-0.671875 0.0375189
-0.65625 0.036168

-0.65625 0.036168
-0.640625 0.0348195

-0.640625 0.0348194
-0.625 0.0334736

1.625 -0.0910017
1.64062 -0.0911919

-2.54688 0.0937177
-2.54654 0.09375

3.5 -0.00118342
3.51562 -0.000583172

-2.54653 0.09375
-2.53125 0.0952227

3.51562 -0.000583805
3.53125 -3.48283e-05

-0.59375 0.0308218
-0.598744 0.03125

1.64062 -0.0911919
1.65625 -0.0913695

-0.625 0.0334735
-0.609375 0.0321307

1.65625 -0.0913696
1.67188 -0.0915345

3.53125 -3.58577e-05
3.53237 0

1.67188 -0.0915345
1.6875 -0.0916868

-2.53125 0.0952229
-2.51562 0.0966931

-0.609375 0.0321154
-0.599283 0.03125

-2.51562 0.0966933
-2.5 0.0981266

1.6875 -0.0916868
1.70312 -0.0918263

1.70312 -0.0918263
1.71875 -0.0919529

-0.59375 0.0307912
-0.578125 0.0294539

-0.578125 0.0294538
-0.5625 0.028119

-0.5625 0.0281189
-0.546875 0.0267872

3.53236 0
3.54688 0.000464763

1.71875 -0.0919529
1.73438 -0.0920667

3.54688 0.000464094
3.5625 0.000917865

-0.546875 0.0267871
-0.53125 0.0254586

3.5625 0.000917212
3.57812 0.00132719

1.73438 -0.0920667
1.75 -0.0921676

3.57812 0.00132653
3.59375 0.00169533

-0.53125 0.0254586
-0.515625 0.0241338

-0.515625 0.0241337
-0.5 0.022813

3.59375 0.00169467
3.60938 0.00202494

3.60938 0.00202428
3.625 0.00231865

1.75 -0.0921676
1.76562 -0.0922557

3.625 0.00231801
3.64062 0.00257907

-2.5 0.0981268
-2.48438 0.0995224

3.64062 0.00257843
3.65625 0.00280875

1.76562 -0.0922557
1.78125 -0.0923308

3.65625 0.00280813
3.67188 0.0030102

-2.48438 0.0995226
-2.46875 0.10088

3.67188 0.0030096
3.6875 0.00318586

-0.21875 -0.000115415
-0.220217 0

1.78125 -0.0923308
1.79688 -0.0923931

-0.21875 -0.000133083
-0.203125 -0.00135656

-2.46875 0.10088
-2.45312 0.102197

-0.203125 -0.00135665
-0.1875 -0.00257509

1.79688 -0.0923931
1.8125 -0.0924426

-0.1875 -0.00257512
-0.171875 -0.0037883

1.8125 -0.0924426
1.82812 -0.0924794

-0.171875 -0.00378838
-0.15625 -0.00499609

1.82812 -0.0924794
1.84375 -0.0925034

-2.45312 0.102198
-2.4375 0.103475

3.6875 0.00318528
3.70312 0.0033381

-2.4375 0.103475
-2.42188 0.104711

3.70312 0.00333754
3.71875 0.00346921

-2.42188 0.104711
-2.40625 0.105906

-0.15625 -0.00499617
-0.140625 -0.00619811

3.71875 0.00346867
3.73438 0.00358137

1.84375 -0.0925034
1.85938 -0.0925148

3.73438 0.00358086
3.75 0.00367668

-2.40625 0.105906
-2.39062 0.107058

-0.140625 -0.00619816
-0.125 -0.00739407

1.85938 -0.0925148
1.875 -0.0925135

-2.39062 0.107058
-2.375 0.108167

1.875 -0.0925135
1.89062 -0.0924997

1.89062 -0.0924997
1.90625 -0.0924733

1.90625 -0.0924733
1.92188 -0.0924342

-2.375 0.108167
-2.35938 0.109232

1.92188 -0.0924342
1.9375 -0.0923825

-2.35938 0.10923
-2.35716 0.109375

-0.125 -0.00739408
-0.109375 -0.00858381

-2.3572 0.109375
-2.34375 0.110254

3.75 0.00367619
3.76562 0.00375712

1.9375 -0.0923825
1.95312 -0.0923181

3.76562 0.00375667
3.78125 0.00382457

-0.109375 -0.00858384
-0.09375 -0.00976733

-0.09375 -0.00976737
-0.078125 -0.0109445

-0.078125 -0.0109445
-0.0625 -0.0121151

3.78125 0.00382415
3.79688 0.00388078

-0.0625 -0.0121152
-0.046875 -0.0132791

1.95312 -0.0923181
1.96875 -0.0922411

-2.34375 0.110254
-2.32812 0.111231

1.96875 -0.0922411
1.98438 -0.0921515

3.79688 0.00388039
3.8125 0.00392737

-0.046875 -0.013279
-0.03125 -0.0144362

3.8125 0.00392701
3.82812 0.0039658

1.98438 -0.0921515
2 -0.0920492

-2.32812 0.111231
-2.3125 0.112163

3.82812 0.00396549
3.84375 0.00399743

-2.3125 0.112163
-2.29688 0.11305

-2.29688 0.11305
-2.28125 0.113892

-0.03125 -0.0144363
-0.015625 -0.0155866

0 -0.0167294
-0.0150866 -0.015625

3.84375 0.00399716
3.85938 0.00402344

3.85938 0.00402321
3.875 0.00404486

-2.28125 0.113892
-2.26562 0.114688

3.875 0.00404466
3.89062 0.00406254

3.89062 0.00406239
3.90625 0.00407719

-0.5 0.022813
-0.484375 0.0214966

-2.26562 0.114688
-2.25 0.115439

3.90625 0.00407708
3.92188 0.00408933

3.92188 0.00408927
3.9375 0.0040993

3.9375 0.00409928
3.95312 0.00410729

3.95312 0.00410731
3.96875 0.00411327

-2.25 0.115439
-2.23438 0.116144

-0.484375 0.0214965
-0.46875 0.0201847

3.96875 0.00411333
3.98438 0.0041171

-0.46875 0.0201846
-0.453125 0.0188776

-2.23438 0.116144
-2.21875 0.116802

-0.453125 0.0188776
-0.4375 0.0175755

3.98438 0.00411717
4 0.00411847

-0.4375 0.0175753
-0.421875 0.0162786

-2.21875 0.116802
-2.20312 0.117415

-2.20312 0.117415
-2.1875 0.117983

-0.40625 0.0150283
-0.413468 0.015625

-0.421875 0.0162391
-0.414447 0.015625

-0.40625 0.0149872
-0.390625 0.0136995

-0.390625 0.0136994
-0.375 0.012416

-2.1875 0.117983
-2.17188 0.118504

-0.375 0.0124159
-0.359375 0.011137

-0.359375 0.0111369
-0.34375 0.00986282

-2.17188 0.118504
-2.15625 0.118979

-2.15625 0.118979
-2.14062 0.119409

-0.34375 0.00986277
-0.328125 0.00859371

-0.328125 0.00859366
-0.3125 0.00732987

-2.14062 0.119409
-2.125 0.119793

-0.3125 0.00732984
-0.296875 0.00607149

-0.296875 0.00607144
-0.28125 0.00481867

-0.28125 0.00481862
-0.265625 0.00357163

-0.265625 0.00357159
-0.25 0.00233055

-2.125 0.119793
-2.10938 0.120132

-2.10938 0.120132
-2.09375 0.120427

-2.09375 0.120426
-2.07812 0.120676

-2.07812 0.120676
-2.0625 0.120882

-2.0625 0.120882
-2.04688 0.121044

-2.04688 0.121044
-2.03125 0.121163

-0.25 0.00233055
-0.234375 0.00109555

-0.234375 0.0010935
-0.220472 0

-2.03125 0.121163
-2.01562 0.12124

-2.01562 0.12124
-2 0.121274

