2 -0.168386
2.01562 -0.167314

2.01562 -0.167314
2.03125 -0.166196

-2 0.118009
-1.98438 0.119004

0.25 -0.00101159
0.244492 0

2.03125 -0.166196
2.04688 -0.165032

2.04688 -0.165032
2.0625 -0.163822

2.0625 -0.163822
2.07812 -0.162569

2.07812 -0.162568
2.09375 -0.161273

2.09375 -0.161273
2.10938 -0.159938

-3.53125 -0.000139184
-3.54183 0

0.25 -0.00103401
0.265625 -0.00391101

0.265625 -0.00391133
0.28125 -0.0067948

0.28125 -0.00679506
0.296875 -0.00968384

0.296875 -0.00968408
0.3125 -0.0125771

0.3125 -0.0125774
0.328125 -0.0154737

0.34375 -0.0183725
0.328941 -0.015625

0.328125 -0.0154792
0.328911 -0.015625

0.34375 -0.0183731
0.359375 -0.0212738

0.359375 -0.0212741
0.375 -0.0241755

-1.98438 0.119004
-1.96875 0.119985

0.375 -0.0241757
0.390625 -0.0270768

-1.96875 0.119985
-1.95312 0.120954

-1.95312 0.120954
-1.9375 0.121909

-1.9375 0.121909
-1.92188 0.122851

2.10938 -0.159937
2.125 -0.158562

-3.53125 -0.000139734
-3.51562 -0.000334256

-3.51562 -0.000335091
-3.5 -0.000515384

-1.92188 0.122851
-1.90625 0.12378

2.125 -0.158562
2.14062 -0.157149

-1.90625 0.12378
-1.89062 0.124695

-1.89062 0.124694
-1.88532 0.125

-4 0.00407117
-3.98438 0.00406516

0.390625 -0.027077
0.40625 -0.0299768

2.14062 -0.157076
2.14951 -0.15625

0.421875 -0.0328723
0.413127 -0.03125

-3.98438 0.00406502
-3.96875 0.00404726

-3.96875 0.00404713
-3.95312 0.00401816

0.421875 -0.0328747
0.4375 -0.0357692

2.15168 -0.15625
2.15625 -0.155825

-3.95312 0.00401805
-3.9375 0.00397836

2.15625 -0.155697
2.17188 -0.154205

-1.88534 0.125
-1.875 0.125597

-3.9375 0.00397827
-3.92188 0.00392824

-1.875 0.125596
-1.85938 0.126483

-1.85938 0.126483
-1.84375 0.127356

-1.84375 0.127356
-1.82812 0.128214

-1.82812 0.128214
-1.8125 0.129058

-3.92188 0.00392818
-3.90625 0.00386811

2.17188 -0.154205
2.1875 -0.152673

-3.90625 0.00386807
-3.89062 0.00379818

-3.89062 0.00379816
-3.875 0.00371857

0.40625 -0.0299798
0.4131 -0.03125

-3.875 0.00371856
-3.85938 0.00362936

2.1875 -0.152673
2.20312 -0.151102

2.20312 -0.151101
2.21875 -0.149491

2.21875 -0.14949
2.23438 -0.147841

-1.8125 0.129058
-1.79688 0.129888

2.23438 -0.147841
2.25 -0.146157

-1.79688 0.129888
-1.78125 0.130704

0.4375 -0.0357694
0.453125 -0.0386599

0.453125 -0.0386602
0.46875 -0.0415456

-3.85938 0.00362936
-3.84375 0.00353054

-1.78125 0.130704
-1.76562 0.131504

-3.84375 0.00353055
-3.82812 0.00342209

0.46875 -0.0415459
0.484375 -0.0444253

-3.82812 0.0034221
-3.8125 0.00330394

2.25 -0.146156
2.26562 -0.144437

-1.76562 0.131504
-1.75 0.13229

2.26562 -0.144437
2.28125 -0.142684

0.5 -0.0473043
0.497665 -0.046875

-3.8125 0.00330396
-3.79688 0.00317605

-3.79688 0.00317606
-3.78125 0.00303837

-3.78125 0.00303837
-3.76562 0.0028909

-3.76562 0.00289087
-3.75 0.00273369

2.28125 -0.142684
2.29688 -0.140898

-1.75 0.13229
-1.73438 0.133061

0.484375 -0.0444244
0.497705 -0.046875

-1.73438 0.133061
-1.71875 0.133817

0 0.0434196
0.015625 0.0407633

0.015625 0.0407631
0.03125 0.0380866

0.03125 0.0380864
0.046875 0.0353906

0.046875 0.0353904
0.0625 0.0326763

-1.71875 0.133817
-1.70312 0.134557

-1.70312 0.134557
-1.6875 0.135281

2.29688 -0.140836
2.29869 -0.140625

2.29931 -0.140625
2.3125 -0.139088

-3.75 0.00273364
-3.73438 0.00256688

-3.73438 0.0025668
-3.71875 0.00239071

0.078125 0.0299753
0.070834 0.03125

0.078125 0.0299445
0.09375 0.0271957

0.0625 0.032648
0.0704965 0.03125

0.09375 0.0271954
0.109375 0.0244303

0.109375 0.02443
0.125 0.0216498

-3.71875 0.0023906
-3.70312 0.00220555

-3.70312 0.0022054
-3.6875 0.00201191

-1.6875 0.135281
-1.67188 0.135988

-1.67188 0.135988
-1.65625 0.136679

-1.65625 0.136679
-1.64062 0.137354

-1.64062 0.137354
-1.625 0.138011

-1.625 0.138011
-1.60938 0.138651

-1.60938 0.138651
-1.59375 0.139273

-1.59375 0.139273
-1.57812 0.139877

0.125 0.0216495
0.140625 0.0188551

0.140625 0.0188549
0.15625 0.0160472

-3.6875 0.00201172
-3.67188 0.00181047

-3.67188 0.00181023
-3.65625 0.0016021

2.3125 -0.139078
2.32812 -0.137223

2.32812 -0.137223
2.34375 -0.135333

-1.57812 0.139878
-1.5625 0.140464

-1.5625 0.140465
-1.55809 0.140625

-1.55806 0.140625
-1.54688 0.141031

-3.65625 0.00160181
-3.64062 0.00138785

-3.64062 0.00138751
-3.625 0.00116902

2.34375 -0.135333
2.35938 -0.133408

-3.625 0.00116861
-3.60938 0.00094711

-3.60938 0.000946642
-3.59375 0.000723868

0.171875 0.0132306
0.158609 0.015625

-1.54688 0.141032
-1.53125 0.141581

0.15625 0.0160258
0.15847 0.015625

-3.59375 0.000723339
-3.57812 0.000501286

0.171875 0.0132267
0.1875 0.0103945

-3.57812 0.000500697
-3.5625 0.000281598

-1.53125 0.141581
-1.51562 0.14211

-3.5625 0.000280951
-3.54688 6.72804e-05

-1.51562 0.14211
-1.5 0.142619

0.1875 0.0103942
0.203125 0.00755113

2.35938 -0.133408
2.375 -0.13145

-3.54688 6.70285e-05
-3.54178 0

0.203125 0.00755086
0.21875 0.00469795

2.375 -0.13145
2.39062 -0.129461

2.39062 -0.129461
2.40625 -0.127442

0.21875 0.00469771
0.234375 0.00183598

0.234375 0.0018233
0.244303 0

2.40625 -0.127442
2.42188 -0.125392

2.42188 -0.125302
2.42415 -0.125

2.42496 -0.125
2.4375 -0.123331

2.4375 -0.123312
2.45312 -0.1212

2.45312 -0.121199
2.46875 -0.119055

-3.5 -0.000516284
-3.48438 -0.000678877

-3.48438 -0.000679838
-3.46875 -0.000821006

2.46875 -0.119055
2.48438 -0.11688

2.48438 -0.11688
2.5 -0.114675

-3.46875 -0.000822024
-3.45312 -0.00093781

-3.45312 -0.000938878
-3.4375 -0.00102511

-3.4375 -0.00102622
-3.42188 -0.00107854

-1.5 0.14262
-1.48438 0.143108

-1.48438 0.143109
-1.46875 0.143577

-1.46875 0.143577
-1.45312 0.144023

-1.45312 0.144023
-1.4375 0.144448

-3.42188 -0.00107969
-3.40625 -0.00109358

-3.40625 -0.00109475
-3.39062 -0.00106558

-1.4375 0.144448
-1.42188 0.14485

-1.42188 0.144851
-1.40625 0.14523

0.5 -0.0472982
0.515625 -0.0501629

-1.40625 0.14523
-1.39062 0.145586

-3.39062 -0.00106677
-3.375 -0.000989798

0.515625 -0.0501631
0.53125 -0.053019

0.53125 -0.0530192
0.546875 -0.0558654

2.5 -0.114675
2.51562 -0.112442

0.546875 -0.0558656
0.5625 -0.0587011

-1.39062 0.145586
-1.375 0.145918

0.59375 -0.0643547
0.583442 -0.0625

-3.375 -0.00099099
-3.35938 -0.000861471

2.51562 -0.112442
2.53125 -0.11018

-3.35938 -0.000862654
-3.34375 -0.000675835

0.59375 -0.0643369
0.609375 -0.0671346

-1.375 0.145918
-1.35938 0.146226

0.609375 -0.0671348
0.625 -0.0699181

0.5625 -0.0587013
0.578125 -0.0615251

-1.35938 0.146226
-1.34375 0.14651

0.578125 -0.0614918
0.583729 -0.0625

2.53125 -0.11003
2.53572 -0.109375

-1.34375 0.14651
-1.32812 0.146769

-3.34375 -0.000676992
-3.32812 -0.000428194

0.625 -0.0699183
0.640625 -0.0726862

-3.32812 -0.000429308
-3.3125 -0.000113992

2.53726 -0.109375
2.54688 -0.107966

-1.32812 0.146769
-1.3125 0.147002

2.54688 -0.10789
2.5625 -0.10557

0.640625 -0.0726864
0.65625 -0.0754379

-3.3125 -0.000112816
-3.30793 0

0.671875 -0.0781757
0.671585 -0.078125

-1.3125 0.147002
-1.29688 0.14721

-1.29688 0.14721
-1.28125 0.147392

0.65625 -0.0754381
0.671604 -0.078125

0.671875 -0.0781728
0.6875 -0.0808889

2.5625 -0.10557
2.57812 -0.10322

2.57812 -0.10322
2.59375 -0.100841

-1.28125 0.147392
-1.26562 0.147548

0.6875 -0.0808891
0.703125 -0.083586

-3.30781 0
-3.29688 0.000270172

0.703125 -0.0835862
0.71875 -0.086263

-1.26562 0.147548
-1.25 0.147676

0.71875 -0.0862632
0.734375 -0.088919

-3.29688 0.000270107
-3.28125 0.000731102

-3.28125 0.000730144
-3.26562 0.00126991

0.734375 -0.0889192
0.75 -0.0915532

2.59375 -0.100841
2.60938 -0.0984343

2.60938 -0.0984343
2.625 -0.0960003

-3.26562 0.00126902
-3.25 0.00189127

2.625 -0.0959905
2.63922 -0.09375

-1.25 0.147676
-1.23438 0.147777

0.765625 -0.0941974
0.762948 -0.09375

2.64041 -0.09375
2.64062 -0.0937159

-1.23438 0.147777
-1.21875 0.147851

0.765625 -0.094165
0.78125 -0.0967524

-3.25 0.00189045
-3.23438 0.00259862

0.75 -0.0915469
0.763183 -0.09375

2.64062 -0.0935396
2.65625 -0.0910505

-1.21875 0.147851
-1.20312 0.147895

0.78125 -0.0967526
0.796875 -0.0993152

-1.20312 0.147896
-1.1875 0.147911

-3.23438 0.00259791
-3.21875 0.00339506

2.65625 -0.0910502
2.67188 -0.0885328

-3.21875 0.00339446
-3.20312 0.00428325

0.796875 -0.0993154
0.8125 -0.101852

-1.1875 0.147911
-1.17188 0.147897

0.8125 -0.101853
0.828125 -0.104363

-1.17188 0.147897
-1.15625 0.147853

-1.15625 0.147853
-1.14062 0.147778

-1.14062 0.147778
-1.125 0.147671

-1.125 0.147671
-1.10938 0.147532

-1.10938 0.147532
-1.09375 0.14736

-1.09375 0.14736
-1.07812 0.147155

-1.07812 0.147155
-1.0625 0.146916

-3.20312 0.00428279
-3.1875 0.00526533

-3.1875 0.00526504
-3.17188 0.00634281

0.828125 -0.104363
0.84375 -0.106847

-3.17188 0.00634273
-3.15625 0.00751648

2.67188 -0.0885326
2.6875 -0.0859878

-1.0625 0.146916
-1.04688 0.146643

-1.04688 0.146643
-1.03125 0.146336

2.6875 -0.0859877
2.70312 -0.0834161

-1.03125 0.146336
-1.01562 0.145993

2.70312 -0.0834161
2.71875 -0.0808179

-3.15625 0.00751663
-3.14062 0.00878623

2.71875 -0.0808176
2.73438 -0.0781935

0.84375 -0.106847
0.859375 -0.109302

-1.01562 0.145993
-1 0.145615

0.875 -0.111733
0.859812 -0.109375

0.859375 -0.10921
0.860439 -0.109375

2.73438 -0.0781691
2.73463 -0.078125

0.96875 -0.125696
0.963881 -0.125

0.96875 -0.125624
0.984375 -0.127822

0.984375 -0.127822
1 -0.129983

0.875 -0.111729
0.890625 -0.114125

0.890625 -0.114125
0.90625 -0.11649

0.90625 -0.11649
0.921875 -0.118823

0.921875 -0.118823
0.9375 -0.121123

0.9375 -0.121124
0.953125 -0.123391

-3.14062 0.00878665
-3.125 0.0101509

-1 0.145615
-0.984375 0.145202

-0.984375 0.145202
-0.96875 0.144753

-0.96875 0.144753
-0.953125 0.144268

-3.125 0.0101517
-3.10938 0.0116084

-0.953125 0.144268
-0.9375 0.143746

-3.10938 0.0116094
-3.09375 0.0131551

2.73478 -0.078125
2.75 -0.0755442

-0.9375 0.143746
-0.921875 0.143188

0.953125 -0.123362
0.964589 -0.125

-3.09375 0.0131564
-3.07812 0.0147866

-3.07812 0.0148166
-3.07074 0.015625

2.75 -0.0755435
2.76562 -0.0728668

2.76562 -0.0728668
2.78125 -0.0701643

-0.921875 0.143189
-0.90625 0.142594

-3.07022 0.015625
-3.0625 0.01647

2.78125 -0.0701642
2.79688 -0.0674361

-0.90625 0.142594
-0.890625 0.141963

-0.890625 0.141963
-0.875 0.141294

-3.0625 0.0164991
-3.04688 0.018282

-3.04688 0.0182845
-3.03125 0.0201328

-3.03125 0.0201361
-3.01562 0.0220384

-0.859375 0.140603
-0.859859 0.140625

2.79688 -0.0674356
2.8125 -0.0646827

-0.875 0.141294
-0.860196 0.140625

-0.859375 0.140589
-0.84375 0.139845

2.8125 -0.0646053
2.82435 -0.0625

-0.84375 0.139845
-0.828125 0.139064

1 -0.129984
1.01562 -0.132108

-0.828125 0.139064
-0.8125 0.138244

1.01562 -0.132108
1.03125 -0.134195

-0.8125 0.138244
-0.796875 0.137385

-0.796875 0.137385
-0.78125 0.136488

1.03125 -0.134195
1.04688 -0.136243

2.8273 -0.0625
2.82812 -0.0623541

-3.01562 0.0220428
-3 0.0239835

2.82812 -0.061907
2.84375 -0.059107

1.04688 -0.136243
1.0625 -0.138252

-0.78125 0.136488
-0.765625 0.135551

1.0625 -0.138252
1.07812 -0.140222

1.09375 -0.142228
1.08077 -0.140625

-0.765625 0.135551
-0.75 0.134574

2.84375 -0.0591067
2.85938 -0.0562823

2.85938 -0.0562814
2.875 -0.0534352

1.07812 -0.139991
1.08326 -0.140625

1.09375 -0.142151
1.10938 -0.144038

-0.75 0.134574
-0.734375 0.133558

1.10938 -0.144038
1.125 -0.145883

2.875 -0.053435
2.89062 -0.0505694

-0.734375 0.133558
-0.71875 0.132503

-3 0.0239884
-2.98438 0.0259491

-0.71875 0.132503
-0.703125 0.131407

-0.703125 0.131407
-0.6875 0.130271

1.125 -0.145883
1.14062 -0.147685

-0.6875 0.130271
-0.671875 0.129096

-2.98438 0.0259539
-2.96875 0.027915

2.89062 -0.050569
2.90625 -0.047685

-2.96875 0.0279161
-2.95312 0.0298658

2.90625 -0.0475363
2.90981 -0.046875

1.14062 -0.147685
1.15625 -0.149443

2.91089 -0.046875
2.92188 -0.0448368

-2.95312 0.0298784
-2.94205 0.03125

-0.671875 0.129096
-0.65625 0.12788

-2.9417 0.03125
-2.9375 0.0317699

-0.65625 0.12788
-0.640625 0.126625

1.15625 -0.149443
1.17188 -0.151157

-0.640625 0.126625
-0.625 0.12533

2.92188 -0.0447834
2.9375 -0.0418688

-2.9375 0.0318016
-2.92188 0.0337215

2.9375 -0.0418668
2.95312 -0.038943

2.95312 -0.0389387
2.96875 -0.0360183

-2.92188 0.0337216
-2.90625 0.0356257

2.96875 -0.0360151
2.98438 -0.0331135

-2.90625 0.0356257
-2.89062 0.0375135

-0.609375 0.123998
-0.621102 0.125

2.98438 -0.0329634
2.99372 -0.03125

-0.609375 0.123995
-0.59375 0.122619

1.17188 -0.151157
1.1875 -0.152826

-2.89062 0.0375135
-2.875 0.0393847

1.1875 -0.152826
1.20312 -0.15445

1.20312 -0.15445
1.21875 -0.156028

1.23438 -0.157619
1.22041 -0.15625

1.23438 -0.157561
1.25 -0.159045

1.21875 -0.155797
1.22337 -0.15625

-0.59375 0.122619
-0.578125 0.121204

-0.578125 0.121204
-0.5625 0.119747

2.99614 -0.03125
3 -0.0305431

1.25 -0.159045
1.26562 -0.160481

1.26562 -0.160481
1.28125 -0.161868

1.28125 -0.161869
1.29688 -0.163206

-2.875 0.0393847
-2.85938 0.041239

-2.85938 0.041239
-2.84375 0.0430762

-2.84375 0.0430763
-2.82812 0.0448961

-2.82812 0.0448962
-2.8125 0.0466985

1.29688 -0.163206
1.3125 -0.164494

1.3125 -0.164494
1.32812 -0.165732

1.32812 -0.165732
1.34375 -0.166919

1.34375 -0.166919
1.35938 -0.168055

1.35938 -0.168055
1.375 -0.169139

3 -0.0302385
3.01562 -0.0274337

3.01562 -0.0274278
3.03125 -0.0247034

3.03125 -0.0246984
3.04688 -0.0220763

3.04688 -0.0220726
3.0625 -0.0195703

3.0625 -0.0195679
3.07812 -0.0171976

3.07812 -0.0171747
3.08898 -0.015625

3.0895 -0.015625
3.09375 -0.0150186

3.09375 -0.0149647
3.10938 -0.0128781

3.10938 -0.0128773
3.125 -0.010938

-2.8125 0.0467026
-2.81099 0.046875

3.125 -0.0109376
3.14062 -0.00914782

-2.81095 0.046875
-2.79688 0.0484826

3.14062 -0.00914789
3.15625 -0.00750824

-0.5625 0.119747
-0.546875 0.118251

3.15625 -0.00750872
3.17188 -0.00601813

-0.546875 0.11825
-0.53125 0.116714

-2.79688 0.048483
-2.78125 0.0502496

-0.53125 0.116714
-0.515625 0.115137

1.375 -0.169139
1.39062 -0.170172

-0.515625 0.115137
-0.5 0.113521

1.39062 -0.170172
1.40625 -0.171152

3.17188 -0.00601894
3.1875 -0.00467484

-0.625 0.125321
-0.621247 0.125

3.1875 -0.00467592
3.20312 -0.00347452

3.20312 -0.0034758
3.21875 -0.00241238

1.42188 -0.172115
1.41783 -0.171875

1.40625 -0.171141
1.41861 -0.171875

1.42188 -0.172081
1.4375 -0.172955

1.42188 -0.171825
1.42278 -0.171875

3.21875 -0.00241381
3.23438 -0.00148295

3.23438 -0.00148449
3.25 -0.000680228

-2.78125 0.0502496
-2.76562 0.0519982

-2.76562 0.0519982
-2.75 0.053729

1.4375 -0.172954
1.45312 -0.173774

1.45312 -0.173774
1.46875 -0.17454

1.46875 -0.17454
1.48438 -0.175252

-2.75 0.0537289
-2.73438 0.055442

-0.5 0.113521
-0.484375 0.111865

3.25 -0.000681834
3.26558 0

-0.484375 0.111865
-0.46875 0.110171

-0.453125 0.108455
-0.461423 0.109375

-2.73438 0.0554419
-2.71875 0.0571372

1.48438 -0.175252
1.5 -0.175909

-2.71875 0.0571372
-2.70312 0.0588149

-0.46875 0.110152
-0.461747 0.109375

-0.453125 0.108438
-0.4375 0.106667

3.26562 5.3305e-07
3.28125 0.000570557

3.28125 0.000568767
3.29688 0.00103161

3.29688 0.00102971
3.3125 0.00139274

3.3125 0.00139078
3.32812 0.0016617

3.32812 0.00165971
3.34375 0.00184641

3.34375 0.00184442
3.35938 0.00195486

3.35938 0.00195289
3.375 0.00199497

1.5 -0.175909
1.51562 -0.176512

1.51562 -0.176512
1.53125 -0.17706

1.53125 -0.17706
1.54688 -0.177554

1.54688 -0.177554
1.5625 -0.177992

1.5625 -0.177992
1.57812 -0.178376

1.57812 -0.178376
1.59375 -0.178704

1.59375 -0.178704
1.60938 -0.178978

1.60938 -0.178978
1.625 -0.179195

-0.4375 0.106667
-0.421875 0.104857

-2.70312 0.0588149
-2.6875 0.060475

3.375 0.00199305
3.39062 0.00197454

-2.6875 0.060475
-2.67188 0.0621176

3.39062 0.00197268
3.40625 0.00190116

1.625 -0.179195
1.64062 -0.179357

3.40625 0.00189938
3.42188 0.00178214

1.64062 -0.179357
1.65625 -0.179463

-2.67188 0.062111
-2.66813 0.0625

1.65625 -0.179463
1.67188 -0.179512

1.67188 -0.179512
1.6875 -0.179506

3.42188 0.00178044
3.4375 0.00162444

1.6875 -0.179506
1.70312 -0.179445

3.4375 0.00162285
3.45312 0.00143467

-2.66822 0.0625
-2.65625 0.0637448

-0.421875 0.104857
-0.40625 0.103009

-2.65625 0.0637427
-2.64062 0.0653502

3.45312 0.00143318
3.46875 0.001219

-2.64062 0.0653502
-2.625 0.0669404

1.70312 -0.179445
1.71875 -0.17933

-2.625 0.0669403
-2.60938 0.0685133

1.71875 -0.179329
1.73438 -0.17916

3.46875 0.00121763
3.48438 0.000983157

-0.40625 0.103008
-0.390625 0.101123

3.48438 0.000981901
3.5 0.000732405

-0.390625 0.101123
-0.375 0.0992005

1.73438 -0.17916
1.75 -0.178938

-2.60938 0.0685132
-2.59375 0.0700692

-2.59375 0.0700692
-2.57812 0.0716084

-0.375 0.0992004
-0.359375 0.0972417

-0.359375 0.0972416
-0.34375 0.0952472

-2.57812 0.0716084
-2.5625 0.073131

-2.5625 0.073131
-2.54688 0.0746371

1.75 -0.178937
1.76562 -0.178662

1.76562 -0.178662
1.78125 -0.178333

1.78125 -0.178333
1.79688 -0.177952

1.79688 -0.177952
1.8125 -0.177519

1.8125 -0.177519
1.82812 -0.177034

1.82812 -0.177034
1.84375 -0.176497

1.84375 -0.176497
1.85938 -0.175908

1.85938 -0.175908
1.875 -0.175268

1.875 -0.175267
1.89062 -0.174576

1.89062 -0.174575
1.90625 -0.173834

1.90625 -0.173834
1.92188 -0.173044

-2.54688 0.0746371
-2.53125 0.0761269

1.92188 -0.173043
1.9375 -0.172206

3.54688 -6.29731e-05
3.5432 0

-0.328125 0.0932521
-0.331958 0.09375

1.9375 -0.172164
1.94261 -0.171875

-0.328125 0.0932176
-0.3125 0.0911529

-0.34375 0.0952351
-0.332317 0.09375

1.94379 -0.171875
1.95312 -0.171347

3.54688 -6.46593e-05
3.5625 -0.000331317

-2.53125 0.0761269
-2.51562 0.0776006

3.5625 -0.000332005
3.57812 -0.000594573

-2.51562 0.0775954
-2.50995 0.078125

3.57812 -0.000595164
3.59375 -0.000851086

-2.51003 0.078125
-2.5 0.0790611

1.95312 -0.171322
1.96875 -0.170391

1.96875 -0.170391
1.98438 -0.169412

3.59375 -0.000851578
3.60938 -0.00109869

1.98438 -0.169412
2 -0.168386

-0.3125 0.0911527
-0.296875 0.0890532

-0.296875 0.089053
-0.28125 0.0869195

3.60938 -0.00109909
3.625 -0.00133562

-0.28125 0.0869193
-0.265625 0.0847523

-0.265625 0.0847521
-0.25 0.0825525

3.625 -0.00133592
3.64062 -0.00156047

3.64062 -0.00156069
3.65625 -0.00177222

3.65625 -0.00177235
3.67188 -0.00197016

3.67188 -0.00197022
3.6875 -0.0021539

-0.25 0.0825523
-0.234375 0.0803207

-0.21875 0.0780634
-0.219175 0.078125

-2.5 0.0790581
-2.48438 0.0804996

-2.48438 0.0804996
-2.46875 0.0819251

3.6875 -0.0021539
3.70312 -0.00232333

-2.46875 0.0819251
-2.45312 0.0833349

-0.234375 0.0803203
-0.219217 0.078125

-2.45312 0.0833348
-2.4375 0.0847291

3.70312 -0.00232327
3.71875 -0.00247857

3.71875 -0.00247847
3.73438 -0.00261996

-0.21875 0.0780576
-0.203125 0.0757636

-0.203125 0.0757634
-0.1875 0.0734387

-2.4375 0.084729
-2.42188 0.086108

-2.42188 0.0861079
-2.40625 0.0874718

3.73438 -0.00261981
3.75 -0.00274799

-0.1875 0.0734385
-0.171875 0.0710839

-0.171875 0.0710837
-0.15625 0.0687

-0.15625 0.0686998
-0.140625 0.0662879

-0.140625 0.0662877
-0.125 0.0638483

3.75 -0.00274782
3.76562 -0.00286333

3.76562 -0.00286314
3.78125 -0.00296672

3.78125 -0.00296651
3.79688 -0.00305898

3.79688 -0.00305877
3.8125 -0.00314097

3.8125 -0.00314076
3.82812 -0.00321355

-2.40625 0.0874718
-2.39062 0.0888208

-2.39062 0.0888207
-2.375 0.090155

-0.109375 0.0614162
-0.116241 0.0625

-0.109375 0.061382
-0.09375 0.0588893

3.82812 -0.00321334
3.84375 -0.00327756

-0.09375 0.0588889
-0.078125 0.0563703

-2.375 0.090155
-2.35938 0.0914747

-0.078125 0.0563701
-0.0625 0.0538265

-0.125 0.0638199
-0.116638 0.0625

-2.35938 0.0914747
-2.34375 0.0927798

-2.34375 0.0927789
-2.33199 0.09375

3.84375 -0.00327737
3.85938 -0.0033338

3.85938 -0.00333363
3.875 -0.00338297

-0.0625 0.0538263
-0.046875 0.0512588

-0.046875 0.0512586
-0.03125 0.048668

3.875 -0.00338283
3.89062 -0.0034257

3.89062 -0.00342559
3.90625 -0.00346248

3.90625 -0.00346241
3.92188 -0.00349368

3.92188 -0.00349365
3.9375 -0.00351951

-0.015625 0.0460907
-0.0203149 0.046875

-0.03125 0.0486517
-0.0206259 0.046875

-0.015625 0.0460549
0 0.0434199

3.9375 -0.00351951
3.95312 -0.00354002

3.95312 -0.00354006
3.96875 -0.0035551

-2.33204 0.09375
-2.32812 0.0940732

-2.32812 0.0940705
-2.3125 0.0953467

3.96875 -0.00355518
3.98438 -0.00356449

3.98438 -0.0035646
4 -0.00356777

3.5 0.00073127
3.51562 0.00047153

3.51562 0.000470517
3.53125 0.00020483

-2.3125 0.0953466
-2.29688 0.0966085

-2.29688 0.0966084
-2.28125 0.0978561

-2.28125 0.0978561
-2.26562 0.0990897

-2.26562 0.0990897
-2.25 0.100309

3.53125 0.000203657
3.54313 0

-2.25 0.100309
-2.23438 0.101516

-2.23438 0.101516
-2.21875 0.102708

-2.21875 0.102708
-2.20312 0.103887

-2.20312 0.103887
-2.1875 0.105052

-2.1875 0.105052
-2.17188 0.106205

-2.17188 0.106205
-2.15625 0.107344

-2.15625 0.107344
-2.14062 0.10847

-2.14062 0.10847
-2.12792 0.109375

-2.12793 0.109375
-2.125 0.109584

-2.125 0.109583
-2.10938 0.110683

-2.10938 0.110683
-2.09375 0.111769

-2.09375 0.111769
-2.07812 0.112842

-2.07812 0.112842
-2.0625 0.113902

-2.0625 0.113902
-2.04688 0.114948

-2.04688 0.114948
-2.03125 0.115982

-2.03125 0.115982
-2.01562 0.117002

-2.01562 0.117002
-2 0.118009

