-1.875 -0.00551248
-1.85938 -0.00574302

1.5 0.0262205
1.51562 0.0251268

1.51562 0.0251271
1.53125 0.0240645

1.53125 0.0240631
1.54688 0.0230339

1.54688 0.0230396
1.5625 0.0220352

1.5625 0.0220362
1.57812 0.0210431

1.57812 0.0210437
1.59375 0.0200586

-3.54688 -1.18378e-06
-3.54924 0

0 -0.00190289
0.0201572 0

-3.54688 -1.23063e-06
-3.53125 -9.45558e-06

-3.53125 -9.53361e-06
-3.51562 -1.75243e-05

-3.51562 -1.75821e-05
-3.5 -2.50668e-05

-4 5.99451e-05
-3.98438 6.20186e-05

-3.98438 6.20404e-05
-3.96875 6.39589e-05

-3.96875 6.39779e-05
-3.95312 6.566e-05

-3.95312 6.56755e-05
-3.9375 6.70522e-05

-3.9375 6.70639e-05
-3.92188 6.80806e-05

-3.92188 6.80877e-05
-3.90625 6.87068e-05

-3.90625 6.87091e-05
-3.89062 6.89118e-05

-1.85938 -0.00574303
-1.84375 -0.00598288

-1.84375 -0.00598289
-1.82812 -0.00623201

-1.82812 -0.00623202
-1.8125 -0.00649034

-3.89062 6.89093e-05
-3.875 6.8696e-05

-1.8125 -0.00649035
-1.79688 -0.00675785

-1.79688 -0.00675784
-1.78125 -0.00703451

-1.78125 -0.00703449
-1.76562 -0.0073204

-3.875 6.86894e-05
-3.85938 6.80781e-05

-3.85938 6.80683e-05
-3.84375 6.70915e-05

-3.84375 6.70798e-05
-3.82812 6.57806e-05

1.59375 0.0200586
1.60938 0.0190804

1.60938 0.01908
1.625 0.0181093

1.625 0.0181081
1.64062 0.0171484

1.64062 0.0171448
1.65625 0.0162057

1.67188 0.0152902
1.66599 0.015625

1.65625 0.0162029
1.66641 0.015625

1.67188 0.0152957
1.6875 0.0145

1.6875 0.0145081
1.70312 0.0138089

1.70312 0.0138149
1.71875 0.0131839

1.71875 0.0131881
1.73438 0.012605

1.73438 0.0126074
1.75 0.0120589

1.75 0.0120601
1.76562 0.0115389

1.76562 0.0115396
1.78125 0.0110415

1.78125 0.0110421
1.79688 0.0105646

1.79688 0.0105651
1.8125 0.0101063

1.8125 0.0101067
1.82812 0.00966487

1.82812 0.0096653
1.84375 0.00923862

1.84375 0.00923906
1.85938 0.00882584

1.85938 0.00882631
1.875 0.00842474

1.875 0.00842518
1.89062 0.00803342

1.89062 0.00803324
1.90625 0.00765078

1.90625 0.0076522
1.92188 0.00727656

1.92188 0.00727676
1.9375 0.00690469

1.9375 0.00690496
1.95312 0.00653553

1.95312 0.00653567
1.96875 0.00616806

1.96875 0.00616802
1.98438 0.00580203

1.98438 0.00580117
2 0.00543862

2 0.00543523
2.01562 0.00508464

2.01562 0.00507643
2.03125 0.00476098

2.03125 0.00475669
2.04688 0.00450136

2.04688 0.00450187
2.0625 0.00431423

2.0625 0.00431691
2.07812 0.00419061

2.07812 0.0041943
2.09375 0.00411662

2.09375 0.00412054
2.10938 0.00407624

2.10938 0.00407981
2.125 0.00405389

2.125 0.00405667
2.14062 0.00403643

2.14062 0.00403829
2.15625 0.00401445

2.15625 0.0040155
2.17188 0.00398223

2.17188 0.00398264
2.1875 0.00393704

2.1875 0.00393705
2.20312 0.00387827

2.20312 0.00387804
2.21875 0.00380655

2.21875 0.00380622
2.23438 0.00372312

2.23438 0.00372276
2.25 0.00362943

2.25 0.00362909
2.26562 0.00352696

2.26562 0.00352664
2.28125 0.00341703

2.28125 0.00341673
2.29688 0.00330088

2.29688 0.00330061
2.3125 0.00317963

2.3125 0.00317938
2.32812 0.00305434

2.32812 0.0030541
2.34375 0.00292598

2.34375 0.00292576
2.35938 0.00279549

2.35938 0.00279528
2.375 0.00266374

2.375 0.00266354
2.39062 0.00253153

2.39062 0.00253136
2.40625 0.00239965

2.40625 0.00239948
2.42188 0.00226874

2.42188 0.0022686
2.4375 0.00213943

2.4375 0.00213931
2.45312 0.00201223

2.45312 0.00201213
2.46875 0.00188759

2.46875 0.0018875
2.48438 0.0017659

2.48438 0.00176582
2.5 0.00164748

2.5 0.00164741
2.51562 0.00153263

2.51562 0.00153256
2.53125 0.00142162

2.53125 0.00142155
2.54688 0.00131473

2.54688 0.00131466
2.5625 0.00121223

2.5625 0.00121216
2.57812 0.00111438

2.57812 0.00111431
2.59375 0.00102148

2.59375 0.00102141
2.60938 0.000933788

2.60938 0.000933732
2.625 0.000851558

2.625 0.000851518
2.64062 0.000774988

2.64062 0.000774969
2.65625 0.0007042

2.65625 0.000704208
2.67188 0.000639221

2.67188 0.00063926
2.6875 0.000579961

2.6875 0.000580029
2.70312 0.000526202

2.70312 0.000526298
2.71875 0.000477614

2.71875 0.000477731
2.73438 0.000433766

2.73438 0.000433894
2.75 0.00039416

2.75 0.000394289
2.76562 0.00035827

2.76562 0.000358389
2.78125 0.00032559

2.78125 0.000325688
2.79688 0.000295676

2.79688 0.000295745
2.8125 0.000268185

-3.82812 6.57682e-05
-3.8125 6.41949e-05

-1.76562 -0.00732036
-1.75 -0.00761563

-3.8125 6.41833e-05
-3.79688 6.23838e-05

-3.79688 6.23743e-05
-3.78125 6.03907e-05

-3.78125 6.03843e-05
-3.76562 5.82485e-05

-3.76562 5.82459e-05
-3.75 5.59758e-05

0.0214416 0
0.03125 0.000873244

0.03125 0.00088645
0.046875 0.00234717

-1.75 -0.00761557
-1.73438 -0.00792039

0.046875 0.00235383
0.0625 0.00391312

0.0625 0.00389878
0.078125 0.00557199

2.8125 0.000268222
2.82812 0.0002429

2.82812 0.000242906
2.84375 0.000219736

2.84375 0.000219715
2.85938 0.000198728

2.85938 0.000198689
2.875 0.000180006

2.875 0.000179961
2.89062 0.000163753

2.89062 0.000163714
2.90625 0.000150149

2.90625 0.000150129
2.92188 0.000139327

2.92188 0.000139334
2.9375 0.000131323

2.9375 0.000131364
2.95312 0.000126047

2.95312 0.000126124
2.96875 0.000123267

2.96875 0.000123374
2.98438 0.00012261

2.98438 0.00012274
3 0.000123593

-3.75 5.59774e-05
-3.73438 5.3575e-05

-3.73438 5.35809e-05
-3.71875 5.10314e-05

-3.71875 5.1041e-05
-3.70312 4.83136e-05

-3.70312 4.83262e-05
-3.6875 4.53763e-05

-3.6875 4.53908e-05
-3.67188 4.21639e-05

-3.67188 4.2179e-05
-3.65625 3.8616e-05

-3.65625 3.86304e-05
-3.64062 3.46723e-05

0.078125 0.00556928
0.09375 0.0073905

-3.64062 3.4686e-05
-3.625 3.02763e-05

0.09375 0.00736894
0.109375 0.00938672

0.109375 0.00936812
0.125 0.0116628

-3.625 3.02914e-05
-3.60938 2.53726e-05

-1.73438 -0.00792028
-1.71875 -0.00823497

3 0.000123734
3.01562 0.000125659

0.125 0.0116226
0.140625 0.0143117

3.01562 0.000125797
3.03125 0.000128236

-3.60938 2.53926e-05
-3.59375 1.98946e-05

-1.71875 -0.0082349
-1.70312 -0.00855985

-3.59375 1.99209e-05
-3.57812 1.37511e-05

3.03125 0.000128356
3.04688 0.000130791

0.140625 0.0143112
0.146932 0.015625

-3.57812 1.37828e-05
-3.5625 6.82524e-06

-1.70312 -0.00855977
-1.6875 -0.00889528

-3.5625 6.86336e-06
-3.54879 0

-1.6875 -0.00889532
-1.67188 -0.00924145

-3.5 -2.50958e-05
-3.48438 -3.19009e-05

-3.48438 -3.1901e-05
-3.46875 -3.79685e-05

0.147301 0.015625
0.15625 0.0174893

-1.67188 -0.00924109
-1.65625 -0.00959851

3.04688 0.000130881
3.0625 0.000132893

-1.65625 -0.00959857
-1.64062 -0.00996788

3.0625 0.000132945
3.07812 0.000134247

0.15625 0.0174748
0.171875 0.0214797

3.07812 0.000134257
3.09375 0.000134726

3.09375 0.000134696
3.10938 0.000134369

0.171875 0.0213757
0.1875 0.0264315

-1.64062 -0.00996769
-1.625 -0.0103492

0.1875 0.0263152
0.199203 0.03125

0.199402 0.03125
0.203125 0.0328197

-1.625 -0.0103487
-1.60938 -0.0107436

-1.60938 -0.0107437
-1.59375 -0.0111525

3.10938 0.000134306
3.125 0.000133373

-1.59375 -0.0111526
-1.57812 -0.0115748

3.125 0.000133287
3.14062 0.000132046

-1.57812 -0.0115747
-1.5625 -0.0120104

-3.46875 -3.79384e-05
-3.45312 -4.33283e-05

-1.5625 -0.0120103
-1.54688 -0.0124598

3.14062 0.000131951
3.15625 0.000130764

-1.54688 -0.0124598
-1.53125 -0.0129234

3.15625 0.000130675
3.17188 0.00012991

-1.53125 -0.0129234
-1.51562 -0.0134014

0.203125 0.0327587
0.21875 0.0414018

-1.51562 -0.0134013
-1.5 -0.0138939

0.21875 0.0418064
0.226099 0.046875

-3.45312 -4.32687e-05
-3.4375 -4.81602e-05

3.17188 0.000129839
3.1875 0.000129817

0.227052 0.046875
0.234375 0.0519615

3.1875 0.000129774
3.20312 0.000130721

0.234375 0.0529621
0.247042 0.0625

-3.4375 -4.80739e-05
-3.42188 -5.27589e-05

0.247483 0.0625
0.25 0.0643875

3.20312 0.000130714
3.21875 0.000132729

-1.5 -0.0138937
-1.48438 -0.0144016

3.21875 0.000132756
3.23438 0.000135799

3.23438 0.000135858
3.25 0.000139758

0.25 0.0650159
0.265625 0.0757944

0.265625 0.0765982
0.268225 0.078125

0.270078 0.078125
0.28125 0.0846843

0.28125 0.0848938
0.296875 0.0926112

0.296875 0.0930185
0.298647 0.09375

0.299984 0.09375
0.3125 0.0989162

0.3125 0.0989741
0.328125 0.104328

0.328125 0.104309
0.34375 0.108663

3.25 0.000139837
3.26562 0.000144319

3.26562 0.000144408
3.28125 0.000149137

3.28125 0.000149222
3.29688 0.000153853

3.29688 0.000153921
3.3125 0.000158147

3.3125 0.00015819
3.32812 0.000161785

3.32812 0.000161798
3.34375 0.000164651

3.34375 0.000164632
3.35938 0.000166755

3.35938 0.000166708
3.375 0.000168234

3.375 0.000168168
3.39062 0.000169321

3.39062 0.000169247
3.40625 0.00017031

3.40625 0.00017024
3.42188 0.000171498

3.42188 0.000171446
3.4375 0.000173144

3.4375 0.000173118
3.45312 0.000175415

3.45312 0.000175421
3.46875 0.000178357

3.46875 0.000178398
3.48438 0.000181878

-3.42188 -5.2652e-05
-3.40625 -5.75171e-05

0.34375 0.108746
0.346493 0.109375

-1.48438 -0.0144006
-1.46875 -0.0149263

-1.46875 -0.014922
-1.45312 -0.0154759

3.48438 0.00018195
3.5 0.000185751

-1.4375 -0.0160677
-1.44922 -0.015625

-1.45312 -0.0154721
-1.44908 -0.015625

0.347483 0.109375
0.359375 0.112104

0.359375 0.112083
0.375 0.115229

3.5 0.000185845
3.51562 0.000189634

0.375 0.115218
0.390625 0.118079

-3.40625 -5.74016e-05
-3.39062 -6.28917e-05

-1.4375 -0.016068
-1.42188 -0.0166904

-3.39062 -6.27828e-05
-3.375 -6.93466e-05

-1.42188 -0.016691
-1.40625 -0.017341

-3.375 -6.92613e-05
-3.35938 -7.72874e-05

-1.40625 -0.017341
-1.39062 -0.0180173

-3.35938 -7.72393e-05
-3.34375 -8.69944e-05

3.51562 0.000189742
3.53125 0.000193114

-3.34375 -8.69913e-05
-3.32812 -9.85778e-05

-3.32812 -9.86192e-05
-3.3125 -0.000111961

3.53125 0.000193223
3.54688 0.000195743

0.390625 0.11808
0.40625 0.120673

-1.39062 -0.0180174
-1.375 -0.01872

0.40625 0.120666
0.421875 0.123002

3.54688 0.000195842
3.5625 0.000197097

-3.3125 -0.000112038
-3.29688 -0.000126898

0.421875 0.123006
0.436822 0.125

-1.375 -0.01872
-1.35938 -0.0194487

0.437066 0.125
0.4375 0.125058

-3.29688 -0.000126998
-3.28125 -0.000143022

0.4375 0.12507
0.453125 0.126934

-1.35938 -0.0194477
-1.34375 -0.0202045

3.5625 0.000197175
3.57812 0.000196814

-1.34375 -0.0202048
-1.32812 -0.0209911

3.57812 0.000196862
3.59375 0.000194635

-1.32812 -0.0209876
-1.3125 -0.0218102

-3.28125 -0.000143128
-3.26562 -0.000159905

-1.3125 -0.0218142
-1.29688 -0.0226718

3.59375 0.000194649
3.60938 0.00019043

3.60938 0.00019041
3.625 0.000184208

-1.29688 -0.0226722
-1.28125 -0.023556

-3.26562 -0.000160003
-3.25 -0.000177126

-1.28125 -0.0235541
-1.26562 -0.0244672

-1.26562 -0.0244666
-1.25 -0.0254138

3.625 0.000184158
3.64062 0.000176116

-1.25 -0.0254137
-1.23438 -0.0263961

3.64062 0.000176039
3.65625 0.00016641

0.453125 0.12693
0.46875 0.128623

-3.25 -0.000177205
-3.23438 -0.000194319

0.46875 0.128625
0.484375 0.130152

-3.23438 -0.000194374
-3.21875 -0.000211211

3.65625 0.000166315
3.67188 0.000155444

-1.23438 -0.0263963
-1.21875 -0.0274138

-3.21875 -0.000211241
-3.20312 -0.000227631

-1.21875 -0.0274138
-1.20312 -0.0284663

3.67188 0.000155339
3.6875 0.000143628

0.484375 0.130156
0.5 0.131508

-3.20312 -0.00022764
-3.1875 -0.000243505

-1.20312 -0.0284653
-1.1875 -0.0295547

3.6875 0.000143521
3.70312 0.000131395

-1.15625 -0.0318985
-1.16463 -0.03125

-1.1875 -0.0295486
-1.17188 -0.0306888

3.70312 0.000131294
3.71875 0.00011917

3.71875 0.000119081
3.73438 0.00010734

-3.1875 -0.000243497
-3.17188 -0.000258835

-3.17188 -0.000258817
-3.15625 -0.000273678

0.5 0.131512
0.515625 0.132669

3.73438 0.000107267
3.75 9.6236e-05

0.515625 0.132672
0.53125 0.133622

3.75 9.618e-05
3.76562 8.61174e-05

3.76562 8.60801e-05
3.78125 7.71725e-05

0.53125 0.133627
0.546875 0.134356

-3.15625 -0.000273655
-3.14062 -0.000288121

0.546875 0.134352
0.5625 0.13486

-3.14062 -0.000288097
-3.125 -0.000302261

3.78125 7.71529e-05
3.79688 6.95141e-05

-3.125 -0.000302239
-3.10938 -0.000316195

3.79688 6.95105e-05
3.8125 6.31868e-05

-3.10938 -0.000316176
-3.09375 -0.000330006

-1.17188 -0.0306819
-1.16453 -0.03125

3.8125 6.31959e-05
3.82812 5.81765e-05

-1.15625 -0.0318993
-1.14062 -0.0331738

-3.09375 -0.000329991
-3.07812 -0.000343762

0.5625 0.13486
0.578125 0.135152

3.82812 5.81958e-05
3.84375 5.44237e-05

-1.14062 -0.0331738
-1.125 -0.0345052

3.84375 5.445e-05
3.85938 5.18339e-05

-3.07812 -0.000343752
-3.0625 -0.000357514

0.578125 0.13515
0.59375 0.135227

-1.125 -0.0345047
-1.10938 -0.0358941

-1.10938 -0.0358938
-1.09375 -0.037343

-3.0625 -0.000357508
-3.04688 -0.00037129

-3.04688 -0.000371289
-3.03125 -0.000385104

-3.03125 -0.000385107
-3.01562 -0.00039895

-3.01562 -0.000398955
-3 -0.000412809

3.85938 5.18646e-05
3.875 5.02903e-05

3.875 5.0323e-05
3.89062 4.96634e-05

3.89062 4.96969e-05
3.90625 4.982e-05

3.90625 4.98533e-05
3.92188 5.06256e-05

3.92188 5.06582e-05
3.9375 5.19481e-05

3.9375 5.19796e-05
3.95312 5.36589e-05

3.95312 5.36889e-05
3.96875 5.56345e-05

3.96875 5.56627e-05
3.98438 5.77582e-05

3.98438 5.77847e-05
4 5.99204e-05

0.59375 0.135225
0.609375 0.135095

0.609375 0.135093
0.625 0.134765

0.625 0.134763
0.640625 0.134243

0.640625 0.134245
0.65625 0.133535

0.65625 0.133529
0.671875 0.132637

-3 -0.000412817
-2.98438 -0.000426656

-2.98438 -0.000426664
-2.96875 -0.000440459

-2.96875 -0.000440466
-2.95312 -0.000454189

-2.95312 -0.000454193
-2.9375 -0.00046782

-2.9375 -0.000467822
-2.92188 -0.00048134

-2.92188 -0.000481338
-2.90625 -0.000494748

-2.90625 -0.000494741
-2.89062 -0.00050806

-2.89062 -0.000508047
-2.875 -0.000521315

0.671875 0.132639
0.6875 0.131569

-2.875 -0.000521296
-2.85938 -0.000534575

-2.85938 -0.000534549
-2.84375 -0.00054793

0.6875 0.131563
0.703125 0.130325

0.703125 0.130322
0.71875 0.128934

0.71875 0.12893
0.734375 0.127409

0.734375 0.127404
0.75 0.125768

-1.09375 -0.0373428
-1.07812 -0.0388526

0.765625 0.124032
0.756847 0.125

0.765625 0.124038
0.78125 0.122241

0.78125 0.122247
0.796875 0.120363

0.796875 0.120364
0.8125 0.118378

-2.84375 -0.000547897
-2.82812 -0.000561495

-2.82812 -0.000561456
-2.8125 -0.000575417

-2.8125 -0.000575371
-2.79688 -0.000589867

-2.79688 -0.000589816
-2.78125 -0.000605042

-2.78125 -0.000604986
-2.76562 -0.000621158

0.8125 0.118372
0.828125 0.116292

-2.76562 -0.000621099
-2.75 -0.000638447

-1.07812 -0.0388521
-1.0625 -0.0404237

0.828125 0.116298
0.84375 0.114125

0.84375 0.114119
0.859375 0.111857

-2.75 -0.000638389
-2.73438 -0.000657147

0.859375 0.11185
0.875 0.109525

-1.0625 -0.040424
-1.04688 -0.0420575

-2.73438 -0.000657093
-2.71875 -0.000677488

-1.04688 -0.0420562
-1.03125 -0.0437539

-1.03125 -0.0437493
-1.01562 -0.0455229

-2.71875 -0.000677442
-2.70312 -0.000699676

-2.70312 -0.000699643
-2.6875 -0.000723874

-2.6875 -0.000723858
-2.67188 -0.000750187

-2.67188 -0.000750191
-2.65625 -0.000778645

-2.65625 -0.000778668
-2.64062 -0.000809193

-2.64062 -0.000809236
-2.625 -0.000841698

0.75 0.125764
0.756926 0.125

-2.625 -0.000841757
-2.60938 -0.000875951

-2.60938 -0.000876021
-2.59375 -0.000911692

-1 -0.0473977
-1.00435 -0.046875

-1.01562 -0.0455107
-1.00428 -0.046875

-2.59375 -0.000911766
-2.57812 -0.000948629

-2.57812 -0.000948698
-2.5625 -0.000986467

-2.5625 -0.000986525
-2.54688 -0.00102494

-2.54688 -0.00102498
-2.53125 -0.00106386

-2.53125 -0.00106387
-2.51562 -0.00110309

-2.51562 -0.00110308
-2.5 -0.00114264

0.890625 0.107171
0.875875 0.109375

0.875 0.109528
0.876025 0.109375

0.890625 0.107188
0.90625 0.104846

-2.5 -0.0011426
-2.48438 -0.00118258

-2.48438 -0.00118252
-2.46875 -0.00122315

-2.46875 -0.00122307
-2.45312 -0.00126465

-2.45312 -0.00126455
-2.4375 -0.00130747

0.90625 0.104851
0.921875 0.102462

0.921875 0.102461
0.9375 0.100018

0.9375 0.100022
0.953125 0.0975162

-2.4375 -0.00130735
-2.42188 -0.00135205

0.953125 0.0975084
0.96875 0.0949462

0.984375 0.0923562
0.975857 0.09375

-2.42188 -0.00135193
-2.40625 -0.00139886

0.984375 0.0923688
1 0.0898588

0.96875 0.0949353
0.975994 0.09375

-2.40625 -0.00139874
-2.39062 -0.00144838

-2.39062 -0.00144827
-2.375 -0.00150106

-2.375 -0.00150096
-2.35938 -0.00155733

-2.35938 -0.00155725
-2.34375 -0.00161756

-2.34375 -0.00161749
-2.32812 -0.00168206

-2.32812 -0.00168201
-2.3125 -0.00175106

-2.3125 -0.00175103
-2.29688 -0.00182473

-2.29688 -0.00182472
-2.28125 -0.00190315

1 0.0898723
1.01562 0.0873774

-1 -0.0473958
-0.984375 -0.0493896

1.01562 0.0873774
1.03125 0.0848709

1.03125 0.0848748
1.04688 0.0823489

1.04688 0.0823415
1.0625 0.0798033

-2.28125 -0.00190316
-2.26562 -0.00198632

-2.26562 -0.00198635
-2.25 -0.00207417

-0.984375 -0.0493866
-0.96875 -0.0514931

-2.25 -0.00207421
-2.23438 -0.00216653

1.07812 0.0772614
1.07275 0.078125

-0.96875 -0.0514911
-0.953125 -0.0537203

-0.953125 -0.0537255
-0.9375 -0.0560709

-0.890625 -0.0636897
-0.897638 -0.0625

-0.890625 -0.0636901
-0.875 -0.0664606

-0.9375 -0.0560775
-0.921875 -0.0585154

-2.23438 -0.00216659
-2.21875 -0.0022632

-2.21875 -0.00226327
-2.20312 -0.00236393

-2.20312 -0.002364
-2.1875 -0.00246843

1.0625 0.0798002
1.07293 0.078125

1.07812 0.0772756
1.09375 0.0748287

1.09375 0.0748538
1.10938 0.0724294

-2.1875 -0.0024685
-2.17188 -0.00257644

-2.17188 -0.0025765
-2.15625 -0.00268771

-2.15625 -0.00268774
-2.14062 -0.00280206

-2.14062 -0.00280206
-2.125 -0.0029194

1.10938 0.0724348
1.125 0.0699721

-2.125 -0.00291937
-2.10938 -0.00303978

-2.10938 -0.00303972
-2.09375 -0.00316338

-0.921875 -0.0585093
-0.90625 -0.0610389

-0.90625 -0.0610234
-0.897546 -0.0625

-2.09375 -0.00316329
-2.07812 -0.00329051

-2.07812 -0.0032904
-2.0625 -0.0034216

-2.0625 -0.00342146
-2.04688 -0.00355715

-2.04688 -0.00355699
-2.03125 -0.00369774

-2.03125 -0.00369757
-2.01562 -0.00384401

-2.01562 -0.00384384
-2 -0.00399665

1.17188 0.0624129
1.17133 0.0625

1.17188 0.0624207
1.1875 0.0600616

1.125 0.0699658
1.14062 0.0674664

1.14062 0.0674605
1.15625 0.0649489

1.15625 0.0649347
1.17158 0.0625

1.1875 0.0600808
1.20312 0.0578681

-2 -0.00399649
-1.98438 -0.00415634

1.20312 0.0578806
1.21875 0.0557508

1.21875 0.0557553
1.23438 0.0536745

-1.98438 -0.00415619
-1.96875 -0.00432371

-1.96875 -0.00432359
-1.95312 -0.00449933

-1.95312 -0.00449923
-1.9375 -0.00468363

-1.9375 -0.00468357
-1.92188 -0.00487695

1.23438 0.0536835
1.25 0.0516246

-0.875 -0.0664611
-0.859375 -0.0693327

-0.859375 -0.0693321
-0.84375 -0.0723051

-1.92188 -0.00487691
-1.90625 -0.00507947

-1.90625 -0.00507945
-1.89062 -0.0052913

-1.89062 -0.00529129
-1.875 -0.00551248

-0.84375 -0.0722989
-0.828125 -0.0753869

-0.8125 -0.07863
-0.814929 -0.078125

-0.828125 -0.0753683
-0.814864 -0.078125

-0.8125 -0.0786269
-0.796875 -0.0820517

-0.796875 -0.0820502
-0.78125 -0.0856382

-0.78125 -0.0856311
-0.765625 -0.0893995

-0.765625 -0.0893621
-0.75 -0.0933999

1.25 0.0516222
1.26562 0.0495718

1.26562 0.0495662
1.28125 0.0475405

1.29688 0.0455741
1.28633 0.046875

-0.625 -0.133378
-0.649424 -0.125

-0.734375 -0.0977706
-0.748799 -0.09375

-0.734375 -0.0977741
-0.71875 -0.102409

-0.75 -0.0933892
-0.748706 -0.09375

1.28125 0.0475245
1.28651 0.046875

1.29688 0.045587
1.3125 0.0438078

1.3125 0.0438225
1.32812 0.0421519

-0.71875 -0.102428
-0.703125 -0.107294

-0.6875 -0.112336
-0.696707 -0.109375

-0.703125 -0.107309
-0.696701 -0.109375

1.32812 0.0421625
1.34375 0.0405498

1.34375 0.0405546
1.35938 0.0389692

1.35938 0.0389702
1.375 0.0374006

-0.6875 -0.112347
-0.671875 -0.117476

-0.671875 -0.117474
-0.65625 -0.122688

-0.65625 -0.122673
-0.6494 -0.125

1.375 0.0374051
1.39062 0.0358402

1.39062 0.0358373
1.40625 0.0342741

-0.625 -0.133448
-0.609375 -0.138938

-0.59375 -0.144395
-0.60456 -0.140625

-0.609375 -0.138967
-0.604622 -0.140625

-0.59375 -0.144398
-0.578125 -0.149786

-0.578125 -0.149795
-0.5625 -0.155112

-0.546875 -0.160332
-0.55908 -0.15625

1.4375 0.0311648
1.43662 0.03125

1.40625 0.0342697
1.42188 0.0327228

1.42188 0.0327189
1.43707 0.03125

-0.546875 -0.160334
-0.53125 -0.165477

-0.5625 -0.15514
-0.55918 -0.15625

-0.53125 -0.165499
-0.515625 -0.170525

-0.5 -0.17537
-0.511262 -0.171875

-0.515625 -0.170569
-0.511415 -0.171875

1.4375 0.0311782
1.45312 0.0297738

1.45312 0.0297885
1.46875 0.0285177

1.46875 0.0285269
1.48438 0.0273419

1.48438 0.0273483
1.5 0.0262179

-0.453125 -0.188675
-0.457551 -0.1875

-0.453125 -0.188699
-0.4375 -0.192476

-0.5 -0.175376
-0.484375 -0.180043

-0.484375 -0.180061
-0.46875 -0.184522

-0.46875 -0.184569
-0.457708 -0.1875

-0.4375 -0.192485
-0.421875 -0.195884

-0.421875 -0.195899
-0.40625 -0.19887

-0.40625 -0.19889
-0.390625 -0.201363

-0.375 -0.203248
-0.376014 -0.203125

-0.390625 -0.201387
-0.376261 -0.203125

-0.375 -0.203285
-0.359375 -0.204529

-0.359375 -0.204563
-0.34375 -0.205077

-0.34375 -0.205114
-0.328125 -0.204755

-0.328125 -0.204825
-0.3125 -0.20338

-0.3125 -0.20345
-0.310691 -0.203125

-0.310706 -0.203125
-0.296875 -0.200642

-0.296875 -0.200799
-0.28125 -0.196184

-0.28125 -0.196497
-0.265625 -0.189132

-0.265625 -0.189483
-0.262463 -0.1875

-0.262801 -0.1875
-0.25 -0.177881

-0.25 -0.178351
-0.243518 -0.171875

-0.243828 -0.171875
-0.234375 -0.159026

-0.234375 -0.15915
-0.232607 -0.15625

-0.232928 -0.15625
-0.226282 -0.140625

-0.226806 -0.140625
-0.222808 -0.125

-0.22324 -0.125
-0.219977 -0.109375

-0.22021 -0.109375
-0.21875 -0.103778

-0.21875 -0.103095
-0.216313 -0.09375

-0.216538 -0.09375
-0.210381 -0.078125

-0.210642 -0.078125
-0.203125 -0.0656569

-0.203125 -0.0653438
-0.20141 -0.0625

-0.201666 -0.0625
-0.187571 -0.046875

-0.187324 -0.046875
-0.171875 -0.0349361

-0.171875 -0.0351789
-0.164392 -0.03125

-0.163804 -0.03125
-0.15625 -0.0272835

-0.15625 -0.0274467
-0.140625 -0.021683

-0.140625 -0.0218308
-0.125 -0.0175781

-0.125 -0.0176339
-0.115256 -0.015625

-0.11477 -0.015625
-0.109375 -0.0145127

-0.109375 -0.0145161
-0.09375 -0.0120071

-0.09375 -0.0120665
-0.078125 -0.0100164

-0.078125 -0.0100522
-0.0625 -0.0082707

-0.0625 -0.00830141
-0.046875 -0.00665541

-0.046875 -0.00666281
-0.03125 -0.0050761

-0.03125 -0.0050861
-0.015625 -0.00352389

-0.015625 -0.00352995
0 -0.00196014

