-3.78456 -0.5
-3.78125 -0.490602

-3.78125 -0.497983
-3.7517 -0.46875

-3.75011 -0.46875
-3.75 -0.468714

-3.71875 -0.496316
-3.74849 -0.46875

-3.75 -0.468475
-3.74911 -0.46875

-1.96875 0.467848
-1.9981 0.46875

-2 0.469113
-1.99273 0.46875

-1.96875 0.468651
-1.9375 0.467409

-1.9375 0.46614
-1.90625 0.46563

-3.71875 -0.489395
-3.71497 -0.5

-3.62829 -0.5
-3.625 -0.490829

-3.62215 -0.5
-3.59375 -0.472267

-3.59375 -0.489131
-3.5625 -0.484644

-3.5625 -0.487103
-3.53125 -0.482525

-3.53125 -0.483994
-3.5 -0.483971

-3.5 -0.469443
-3.46891 -0.5

-3.46875 -0.489704
-3.46504 -0.5

2 0.468076
2.03125 0.468246

2.00848 0.46875
2.03125 0.468983

2.03125 0.471142
2.0625 0.473722

2.0625 0.473032
2.09375 0.46921

2.125 0.466855
2.09464 0.46875

2.09375 0.470154
2.10802 0.46875

2.125 0.466965
2.15625 0.467225

2.12654 0.46875
2.15625 0.469012

2.15625 0.468126
2.1875 0.468512

2.15625 0.468898
2.1875 0.469304

2.1875 0.467933
2.21875 0.467719

2.1875 0.469041
2.21875 0.468789

2.21875 0.467953
2.25 0.467982

2.21875 0.469071
2.25 0.468979

2.25 0.467382
2.28125 0.468543

2.27899 0.46875
2.28125 0.46889

2.28125 0.4703
2.3125 0.470829

2.34375 0.468043
2.33285 0.46875

2.3125 0.469839
2.3241 0.46875

2.34375 0.46675
2.375 0.466272

-2.52857 -0.5
-2.52876 -0.46875

-2.52879 -0.46875
-2.52931 -0.4375

2.375 0.467454
2.40625 0.468027

2.38488 0.46875
2.40625 0.469142

2.40625 0.467962
2.4375 0.467347

2.40625 0.468799
2.4085 0.46875

2.4375 0.466637
2.46875 0.466653

2.46875 0.466909
2.5 0.468469

-2.53125 -0.388638
-2.53198 -0.375

0 0.466841
0.03125 0.468347

0.03125 0.469511
0.0625 0.469576

0.0625 0.468172
0.09375 0.467274

0.09375 0.467871
0.125 0.467624

0.125 0.467252
0.15625 0.467207

0.15625 0.467494
0.1875 0.467819

0.1875 0.467865
0.21875 0.467892

-1.90625 0.465894
-1.875 0.468123

0.21875 0.467699
0.25 0.467721

0.25 0.467805
0.28125 0.46804

0.28125 0.468047
0.3125 0.468316

0.3125 0.468361
0.34375 0.468562

0.34375 0.46859
0.375 0.468576

0.375 0.468538
0.40625 0.468329

0.40625 0.468296
0.4375 0.468033

2.5 0.46897
2.53125 0.470561

-2.5292 -0.4375
-2.53017 -0.40625

-2.53125 -0.383841
-2.53005 -0.40625

-2.53177 -0.375
-2.53428 -0.34375

-2.53433 -0.34375
-2.53769 -0.3125

-2.53771 -0.3125
-2.54176 -0.28125

-2.54178 -0.28125
-2.54641 -0.25

-2.5625 -0.174528
-2.56658 -0.15625

-2.56469 -0.15625
-2.57238 -0.125

-2.54638 -0.25
-2.55162 -0.21875

-2.55158 -0.21875
-2.55761 -0.1875

2.53125 0.470991
2.56082 0.46875

2.5625 0.466195
2.59375 0.465893

2.59375 0.46957
2.625 0.468844

2.625 0.46434
2.65625 0.464848

2.65625 0.469167
2.6875 0.471278

0.4375 0.46803
0.46875 0.467787

0.46875 0.467974
0.5 0.467385

0.5 0.46689
0.53125 0.466569

0.53125 0.466807
0.5625 0.46727

0.5625 0.467361
0.59375 0.467947

0.59375 0.468056
0.625 0.468366

0.625 0.468321
0.65625 0.468227

-2.5625 -0.160422
-2.55646 -0.1875

-2.57233 -0.125
-2.58061 -0.09375

-2.58057 -0.09375
-2.58961 -0.0625

-2.59375 -0.0553693
-2.6013 -0.03125

-2.59953 -0.03125
-2.60981 0

-2.59375 -0.0419906
-2.58733 -0.0625

-2.625 0.0431621
-2.63148 0.0625

-2.63109 0.0625
-2.64106 0.09375

-2.64127 0.09375
-2.65008 0.125

-2.65625 0.152309
-2.65716 0.15625

-2.65731 0.15625
-2.66291 0.1875

-2.65625 0.151542
-2.65012 0.125

-2.663 0.1875
-2.66682 0.21875

-2.66695 0.21875
-2.66855 0.25

-2.60986 0
-2.62039 0.03125

-2.625 0.0466567
-2.61984 0.03125

-2.6687 0.25
-2.66752 0.28125

-2.66774 0.28125
-2.66305 0.3125

-2.66326 0.3125
-2.65625 0.337306

-2.65625 0.335417
-2.65389 0.34375

-2.65477 0.34375
-2.6407 0.375

-2.64243 0.375
-2.625 0.400228

-2.625 0.395143
-2.61684 0.40625

-2.62015 0.40625
-2.59375 0.431832

-2.59375 0.431489
-2.58662 0.4375

-2.58182 0.4375
-2.5625 0.453142

-2.5625 0.46163
-2.54366 0.46875

-2.54468 0.46875
-2.53125 0.473667

-2.53125 0.464572
-2.5 0.465457

2.71875 0.468467
2.71412 0.46875

-2.52156 0.46875
-2.5 0.469057

2.6875 0.469226
2.69313 0.46875

-2.5 0.468301
-2.4838 0.46875

-1.875 0.469335
-1.84375 0.471353

-2.5 0.468847
-2.46875 0.469626

-1.84375 0.471037
-1.8125 0.468756

-2.46875 0.466911
-2.4375 0.466657

-1.8125 0.46783
-1.78125 0.466922

-1.78125 0.467697
-1.75 0.468215

-1.7717 0.46875
-1.75 0.469109

-1.75 0.468684
-1.71875 0.468138

-1.71875 0.467411
-1.6875 0.466566

-1.6875 0.466004
-1.65625 0.467436

-1.65625 0.468853
-1.625 0.470852

-1.625 0.469976
-1.59375 0.469492

-1.59375 0.470423
-1.57061 0.46875

0.6875 0.467252
0.657115 0.46875

0.6875 0.465328
0.71875 0.465059

0.71875 0.467309
0.75 0.467659

-1.5625 0.466221
-1.53125 0.466178

-1.53125 0.468246
-1.51761 0.46875

-1.53125 0.468822
-1.5 0.470019

0.75 0.465383
0.78125 0.466402

2.71875 0.466906
2.75 0.465916

-1.5 0.468313
-1.46875 0.468537

-1.4857 0.46875
-1.46875 0.469057

-1.46875 0.468712
-1.4375 0.468096

-1.46875 0.470434
-1.4375 0.469776

2.75 0.466061
2.78125 0.467522

0.78125 0.468966
0.8125 0.470078

0.84375 0.467268
0.816825 0.46875

2.8125 0.468164
2.79709 0.46875

0.8125 0.468847
0.813934 0.46875

0.84375 0.465747
0.875 0.466418

0.879949 0.46875
0.90625 0.47043

0.9375 0.468604
0.933778 0.46875

2.78125 0.470065
2.8125 0.468889

-2.4375 0.468173
-2.42181 0.46875

-2.40968 0.46875
-2.40625 0.468897

-1.4375 0.466274
-1.40625 0.468279

-2.375 0.468465
-2.3877 0.46875

-2.40625 0.469491
-2.375 0.468789

-1.40625 0.472186
-1.375 0.475349

-2.375 0.467494
-2.34375 0.466938

-1.375 0.47339
-1.34375 0.468963

0.90625 0.4702
0.935002 0.46875

2.8125 0.463642
2.84375 0.46524

0.9375 0.467005
0.96875 0.467021

2.84375 0.470675
2.875 0.474384

0.976427 0.46875
1 0.470578

-1.3125 0.467994
-1.34264 0.46875

-1.34375 0.470269
-1.3125 0.468777

-1.3125 0.46824
-1.29407 0.46875

-1.3125 0.468987
-1.28125 0.470532

-1.28125 0.469258
-1.25 0.472514

1 0.470471
1.03125 0.470139

1.03125 0.468406
1.05617 0.46875

1.03143 0.46875
1.0625 0.469607

2.875 0.472309
2.90229 0.46875

1.0625 0.469257
1.09375 0.473077

2.90625 0.468545
2.9375 0.467344

1.09375 0.473601
1.125 0.472255

-1.25 0.47475
-1.21875 0.471131

1.15625 0.468189
1.12819 0.46875

-1.21875 0.466823
-1.1875 0.464743

1.125 0.470547
1.15625 0.469345

-2.34375 0.467729
-2.3125 0.46818

1.15625 0.468531
1.18298 0.46875

-1.1875 0.467617
-1.17549 0.46875

2.90625 0.469401
2.91653 0.46875

1.15625 0.47158
1.1875 0.471966

2.9375 0.467398
2.96875 0.468406

2.96893 0.46875
3 0.4714

-2.32041 0.46875
-2.3125 0.468864

-2.3125 0.46804
-2.28125 0.468196

1.18808 0.46875
1.21875 0.471718

1.21875 0.475211
1.25 0.47429

-2.28125 0.467958
-2.25 0.46859

3 0.470682
3.03125 0.4713

1.25 0.468688
1.2629 0.46875

-2.25 0.469772
-2.21875 0.468994

-1.16673 0.46875
-1.15625 0.47023

3.03125 0.47106
3.0625 0.470311

-1.15625 0.470121
-1.125 0.473239

-2.21875 0.466945
-2.1875 0.466491

3.0625 0.468577
3.06618 0.46875

3.0625 0.468779
3.09375 0.471715

3.09375 0.471345
3.125 0.475897

3.125 0.47783
3.15625 0.471759

-2.1875 0.467918
-2.15625 0.468145

-2.1875 0.469073
-2.15625 0.469312

-2.15625 0.466446
-2.125 0.467853

-2.12928 0.46875
-2.125 0.469087

1.25 0.469142
1.28125 0.469442

3.15625 0.466492
3.1875 0.46621

-2.125 0.47228
-2.09375 0.470299

3.1875 0.470328
3.21875 0.478133

1.28125 0.472276
1.3125 0.477827

3.21875 0.477442
3.25 0.473268

-2.09375 0.463708
-2.0625 0.462761

-2.0491 0.46875
-2.03125 0.471012

-1.125 0.473707
-1.09375 0.470308

3.28125 0.468021
3.27185 0.46875

3.25 0.472384
3.27342 0.46875

-1.09375 0.468203
-1.0625 0.467219

-1.09375 0.469195
-1.08668 0.46875

1.3125 0.475731
1.34375 0.473942

-1.0625 0.469141
-1.03125 0.470939

1.34375 0.473865
1.375 0.472659

-1.03125 0.468714
-1 0.468656

1.375 0.472113
1.40625 0.475148

-1.03125 0.470166
-1 0.470055

3.288 0.46875
3.3125 0.473229

-2.03125 0.470359
-2 0.469543

3.3125 0.473653
3.34375 0.477888

3.34375 0.476029
3.375 0.473452

3.375 0.47307
3.40625 0.473319

3.40625 0.476469
3.4375 0.473509

1.40625 0.474648
1.4375 0.477945

-0.96875 0.468716
-0.987406 0.46875

-1 0.470006
-0.96875 0.469862

1.4375 0.477805
1.46875 0.47605

-0.96875 0.471421
-0.94106 0.46875

-0.9375 0.465407
-0.90625 0.464749

1.46875 0.475387
1.5 0.473698

3.4375 0.469966
3.46875 0.470504

3.46875 0.472149
3.5 0.478904

-0.90625 0.46768
-0.897253 0.46875

-0.877732 0.46875
-0.875 0.469239

-0.875 0.473323
-0.84375 0.471698

1.5 0.474157
1.53125 0.47632

1.53125 0.474936
1.5625 0.478476

1.5625 0.479311
1.59375 0.478161

-0.84375 0.466535
-0.8125 0.464243

-0.8125 0.46681
-0.785174 0.46875

3.5 0.478572
3.53125 0.475409

-0.78534 0.46875
-0.78125 0.469111

1.59375 0.476632
1.625 0.474566

3.53125 0.474764
3.5625 0.469963

1.625 0.47611
1.65625 0.477246

1.65625 0.476662
1.6875 0.476809

-0.78125 0.469962
-0.75 0.46969

1.6875 0.476865
1.71875 0.476782

1.71875 0.478432
1.75 0.474873

-0.75 0.467452
-0.71875 0.46736

-0.71875 0.46886
-0.6875 0.470421

-0.6875 0.470707
-0.659119 0.46875

-0.65625 0.466471
-0.625 0.465973

-0.625 0.467899
-0.600943 0.46875

1.75 0.474681
1.78125 0.471849

1.78125 0.474295
1.8125 0.473347

3.5625 0.470384
3.59375 0.473994

-0.612772 0.46875
-0.59375 0.469469

3.59375 0.475617
3.625 0.476332

1.8125 0.472307
1.84375 0.472326

1.84375 0.473814
1.875 0.473866

-0.59375 0.468553
-0.5625 0.468013

3.625 0.473412
3.65625 0.472396

3.65625 0.473718
3.6875 0.476198

3.6875 0.477049
3.71875 0.473719

-0.59375 0.469193
-0.572439 0.46875

3.71875 0.47077
3.75 0.472485

1.875 0.473722
1.90625 0.471015

-0.5625 0.467593
-0.53125 0.467529

3.75 0.475859
3.78125 0.478338

3.78125 0.47619
3.8125 0.472022

1.9375 0.468382
1.92503 0.46875

3.8125 0.472905
3.84375 0.472957

-0.53125 0.4682
-0.5 0.468265

3.84375 0.471723
3.875 0.476593

1.90625 0.472093
1.9375 0.470247

3.875 0.476021
3.90625 0.479581

-0.53125 0.46879
-0.5 0.468856

3.90625 0.478643
3.9375 0.476703

1.9375 0.470033
1.96875 0.471012

2 0.468446
1.99165 0.46875

1.96875 0.473124
2 0.471141

-0.5 0.46797
-0.46875 0.467414

-0.46875 0.466805
-0.4375 0.467583

3.9375 0.475966
3.96875 0.475873

3.96875 0.476729
4 0.478434

-0.4375 0.468912
-0.40625 0.469585

-0.375 0.468285
-0.403415 0.46875

-0.375 0.468541
-0.34375 0.467912

-0.34375 0.467769
-0.3125 0.466791

-0.3125 0.466223
-0.28125 0.466318

-0.28125 0.466899
-0.25 0.468041

-0.25 0.4681
-0.23112 0.46875

-0.219843 0.46875
-0.21875 0.468803

-0.21875 0.469982
-0.1875 0.469259

-0.1875 0.468149
-0.15625 0.46607

-0.15625 0.464761
-0.125 0.466167

-0.125 0.469368
-0.09375 0.470475

-0.09375 0.468401
-0.0625 0.466897

-0.09375 0.468993
-0.0901237 0.46875

-0.0625 0.467196
-0.03125 0.466631

-0.03125 0.466362
0 0.466702

