-3.78422 -0.5
-3.78125 -0.491485

-3.78125 -0.497349
-3.75165 -0.46875

-3.7507 -0.46875
-3.75 -0.468525

-3.71875 -0.497314
-3.74861 -0.46875

-3.75 -0.46828
-3.74853 -0.46875

-3.71875 -0.489405
-3.71496 -0.5

-3.62829 -0.5
-3.625 -0.49083

-2 0.463777
-1.96875 0.462918

-1.96875 0.468874
-1.9375 0.471307

-1.9375 0.468358
-1.90625 0.46807

-1.9375 0.46876
-1.93694 0.46875

-1.90625 0.468711
-1.875 0.468685

-1.90625 0.469581
-1.875 0.469554

-1.84375 0.46743
-1.87162 0.46875

-1.84375 0.466332
-1.8125 0.466778

-1.8125 0.46862
-1.8076 0.46875

2 0.469083
2.03125 0.471371

2.03125 0.473327
2.0625 0.470702

2.0625 0.466309
2.09375 0.466598

2.09375 0.469694
2.125 0.47549

2.125 0.473996
2.15625 0.4728

2.15625 0.473665
2.1875 0.469127

-1.80855 0.46875
-1.78125 0.46947

2.1875 0.468407
2.19711 0.46875

0 0.467691
0.0161275 0.46875

0.0135096 0.46875
0.03125 0.470181

0.03125 0.469503
0.0625 0.469866

0.09375 0.468491
0.0776738 0.46875

0.0625 0.469855
0.09375 0.468977

0.125 0.467761
0.108981 0.46875

0.09375 0.46964
0.106615 0.46875

0.125 0.465161
0.15625 0.46542

0.125089 0.46875
0.15625 0.46915

0.15625 0.468541
0.162058 0.46875

0.156742 0.46875
0.1875 0.4697

0.1875 0.467526
0.21875 0.467715

-1.78125 0.468254
-1.75 0.468152

-1.71875 0.468445
-1.73447 0.46875

-1.75 0.469212
-1.72613 0.46875

-1.71875 0.467049
-1.6875 0.466938

-1.6875 0.467932
-1.66874 0.46875

-1.66762 0.46875
-1.65625 0.469423

-1.65625 0.470552
-1.625 0.468889

-1.625 0.465415
-1.59375 0.465432

-1.59375 0.468877
-1.5625 0.470631

-1.53125 0.467989
-1.54431 0.46875

-1.5625 0.469638
-1.55055 0.46875

-1.53125 0.466254
-1.5 0.465978

0.21875 0.468522
0.2377 0.46875

-3.62216 -0.5
-3.59375 -0.47239

-3.59375 -0.489328
-3.5625 -0.484726

-3.5625 -0.48715
-3.53125 -0.482475

0.21875 0.469421
0.25 0.469871

-1.5 0.467659
-1.46875 0.468749

0.25 0.467609
0.278953 0.46875

2.20783 0.46875
2.21875 0.469531

-3.53125 -0.484364
-3.5 -0.483778

2.21875 0.471438
2.25 0.475824

0.270273 0.46875
0.28125 0.469603

0.28125 0.472653
0.3125 0.471425

2.25 0.473581
2.28125 0.47291

2.28125 0.470952
2.3125 0.474967

-1.47144 0.46875
-1.46875 0.468848

-3.5 -0.46936
-3.46875 -0.499482

-3.46875 -0.489737
-3.46506 -0.5

-1.46875 0.46813
-1.4375 0.468279

-1.46875 0.468769
-1.4375 0.468916

-1.4375 0.468074
-1.41476 0.46875

-1.40698 0.46875
-1.40625 0.468787

0.3125 0.466591
0.34375 0.46554

2.3125 0.476634
2.34375 0.477886

2.34375 0.476741
2.375 0.471681

-1.40625 0.470795
-1.375 0.469513

2.375 0.473112
2.40625 0.471289

0.34375 0.468421
0.375 0.468497

0.34375 0.470193
0.375 0.470267

-1.375 0.466398
-1.34375 0.465486

-2.51719 -0.5
-2.51714 -0.46875

-2.51719 -0.46875
-2.51695 -0.4375

-2.51656 -0.4375
-2.51684 -0.40625

2.40625 0.470594
2.4375 0.474184

-2.51681 -0.40625
-2.51845 -0.375

-1.34375 0.467837
-1.3125 0.468715

-2.51858 -0.375
-2.52139 -0.34375

2.4375 0.47413
2.46875 0.47745

-2.52139 -0.34375
-2.52514 -0.3125

0.375 0.466726
0.40625 0.465701

-2.53125 -0.276846
-2.53651 -0.25

2.46875 0.476961
2.5 0.474457

-1.32338 0.46875
-1.3125 0.469063

-1.3125 0.467591
-1.28125 0.467719

-2.52502 -0.3125
-2.52993 -0.28125

0.40625 0.466632
0.437185 0.46875

-2.53125 -0.269624
-2.52897 -0.28125

2.5 0.47436
2.53125 0.472211

2.53125 0.471811
2.5625 0.47531

2.5625 0.4752
2.59375 0.478368

2.59375 0.478264
2.625 0.475193

-1.30557 0.46875
-1.28125 0.46886

-1.25 0.468255
-1.28124 0.46875

-1.28125 0.469039
-1.26342 0.46875

-2.5625 -0.153576
-2.57251 -0.125

-2.53616 -0.25
-2.54329 -0.21875

-2.54323 -0.21875
-2.55148 -0.1875

-2.55141 -0.1875
-2.56103 -0.15625

-2.5625 -0.147054
-2.55928 -0.15625

-2.59375 -0.0683131
-2.59593 -0.0625

-1.25 0.466709
-1.21875 0.466671

-2.57223 -0.125
-2.58401 -0.09375

0.426487 0.46875
0.4375 0.469811

2.625 0.475311
2.65625 0.472114

0.4375 0.469409
0.46875 0.471577

-1.25 0.4688
-1.22743 0.46875

0.46875 0.472228
0.5 0.468935

-2.59375 -0.0686535
-2.58432 -0.09375

-1.21875 0.468173
-1.19015 0.46875

2.65625 0.47257
2.6875 0.474493

-1.19592 0.46875
-1.1875 0.468916

-2.59599 -0.0625
-2.60722 -0.03125

2.6875 0.474566
2.71875 0.476705

2.71875 0.477171
2.75 0.474172

2.75 0.474076
2.78125 0.471198

2.78125 0.470923
2.8125 0.474664

2.8125 0.474588
2.84375 0.478168

2.84375 0.477991
2.875 0.474756

2.875 0.47469
2.90625 0.471595

2.90625 0.471483
2.9375 0.475074

2.9375 0.475011
2.96875 0.478457

2.96875 0.478065
3 0.475383

3 0.475388
3.03125 0.472717

3.03125 0.472814
3.0625 0.475292

3.0625 0.475264
3.09375 0.477797

3.09375 0.478563
3.125 0.47461

3.125 0.474634
3.15625 0.470523

3.15625 0.470711
3.1875 0.474241

3.1875 0.474605
3.21875 0.477612

3.21875 0.476622
3.25 0.474344

3.25 0.47405
3.28125 0.47361

3.28125 0.474502
3.3125 0.475583

3.3125 0.475306
3.34375 0.474517

3.34375 0.47467
3.375 0.473837

3.375 0.473145
3.40625 0.475011

3.40625 0.477327
3.4375 0.474914

3.4375 0.474034
3.46875 0.469298

3.46875 0.469226
3.5 0.473543

3.5 0.473739
3.53125 0.478227

3.53125 0.476745
3.5625 0.475

3.5625 0.473228
3.59375 0.475249

3.59375 0.476059
3.625 0.479728

3.625 0.478206
3.65625 0.47748

3.65625 0.477147
3.6875 0.477258

3.6875 0.476669
3.71875 0.479231

3.71875 0.478615
3.75 0.480563

3.75 0.479721
3.78125 0.479636

3.78125 0.479085
3.8125 0.479945

3.8125 0.479643
3.84375 0.481198

3.84375 0.480337
3.875 0.481307

3.875 0.48085
3.90625 0.481579

3.90625 0.480977
3.9375 0.48184

3.9375 0.481547
3.96875 0.482245

3.96875 0.481915
4 0.481987

-2.60723 -0.03125
-2.61802 0

-1.1875 0.46743
-1.15625 0.468491

-1.15625 0.471146
-1.125 0.470117

0.5 0.466052
0.53125 0.46525

-2.625 0.0190744
-2.62904 0.03125

-1.125 0.466386
-1.09375 0.465419

-2.62879 0.03125
-2.63798 0.0625

-2.63773 0.0625
-2.64541 0.09375

-2.64552 0.09375
-2.65197 0.125

-2.65625 0.147347
-2.65773 0.15625

-1.09375 0.4678
-1.07346 0.46875

-1.08052 0.46875
-1.0625 0.469633

0.546752 0.46875
0.5625 0.469651

0.59375 0.468363
0.575104 0.46875

-1.0625 0.468468
-1.05041 0.46875

-1.04546 0.46875
-1.03125 0.469344

0.5625 0.46942
0.590061 0.46875

-2.65709 0.15625
-2.66119 0.1875

0.59375 0.467998
0.625 0.467349

-2.65625 0.152266
-2.65172 0.125

-2.66125 0.1875
-2.66411 0.21875

-1.03125 0.470989
-1 0.469322

0.59375 0.468847
0.597543 0.46875

0.625 0.467233
0.65625 0.468034

0.65625 0.467916
0.6875 0.468539

0.65625 0.469391
0.6875 0.470217

-2.66424 0.21875
-2.66547 0.25

-2.625 0.0220948
-2.61766 0

-2.66566 0.25
-2.66463 0.28125

-2.66487 0.28125
-2.66073 0.3125

-2.66153 0.3125
-2.65625 0.332757

-2.65625 0.327663
-2.65205 0.34375

-1 0.465719
-0.96875 0.465546

-0.96875 0.468193
-0.960193 0.46875

0.6875 0.468669
0.71875 0.468276

0.6875 0.469575
0.71827 0.46875

-2.6534 0.34375
-2.63958 0.375

-2.64092 0.375
-2.625 0.397978

-2.625 0.394498
-2.61639 0.40625

0.71875 0.468567
0.75 0.468097

0.71875 0.469216
0.74068 0.46875

-0.96726 0.46875
-0.9375 0.471137

0.75 0.468348
0.78125 0.4675

-0.9375 0.469161
-0.90625 0.470234

-2.61803 0.40625
-2.59375 0.430394

-0.90625 0.471864
-0.875 0.469977

0.75 0.468922
0.755788 0.46875

0.78125 0.467199
0.8125 0.466401

-2.59375 0.430421
-2.58348 0.4375

0.8125 0.465991
0.84375 0.466696

0.84375 0.467808
0.875 0.468613

-2.58459 0.4375
-2.5625 0.452053

0.875 0.468071
0.90625 0.467833

0.90625 0.467214
0.9375 0.468223

-2.5625 0.451287
-2.53125 0.462328

-2.53125 0.461926
-2.5 0.465201

-0.875 0.467263
-0.84375 0.466477

-0.84375 0.468403
-0.835678 0.46875

0.931518 0.46875
0.9375 0.469073

-2.5 0.461848
-2.46875 0.464866

-0.839354 0.46875
-0.8125 0.470248

-2.46875 0.467528
-2.45843 0.46875

0.96875 0.468136
0.95512 0.46875

0.9375 0.470765
0.96875 0.469442

-0.8125 0.470388
-0.781847 0.46875

-2.4584 0.46875
-2.4375 0.471892

-2.4375 0.470548
-2.40625 0.470956

0.96875 0.465413
1 0.464451

0.96875 0.469325
0.97977 0.46875

-0.78125 0.46643
-0.75 0.466874

-2.40625 0.471164
-2.375 0.469051

-0.75 0.469436
-0.71875 0.471448

-2.34375 0.467676
-2.36489 0.46875

1 0.466983
1.02542 0.46875

1.02785 0.46875
1.03125 0.469016

-0.71875 0.470916
-0.690972 0.46875

-2.375 0.469313
-2.36723 0.46875

-0.6875 0.468197
-0.65625 0.466323

1.0625 0.468696
1.03854 0.46875

1.03125 0.469437
1.0625 0.469359

-0.65625 0.465106
-0.625 0.466822

-0.625 0.469395
-0.59375 0.471992

1.0625 0.468353
1.09375 0.467458

1.09375 0.467935
1.125 0.46724

1.125 0.465803
1.15625 0.467231

1.15625 0.470128
1.1875 0.470763

1.1875 0.468459
1.21875 0.467061

-2.34375 0.466689
-2.3125 0.467176

1.1875 0.468997
1.19094 0.46875

1.21875 0.467966
1.25 0.467334

-2.31016 0.46875
-2.28125 0.470221

1.25 0.466358
1.28125 0.466659

1.28125 0.467826
1.3125 0.468676

-0.59375 0.47017
-0.5625 0.469737

1.3125 0.468264
1.34375 0.468154

-2.28125 0.470306
-2.25387 0.46875

1.34375 0.468197
1.375 0.467861

-0.53125 0.468079
-0.54418 0.46875

-0.5625 0.471369
-0.53125 0.469292

-0.53125 0.466717
-0.5 0.466114

-0.53125 0.469594
-0.509551 0.46875

1.375 0.46783
1.40625 0.467244

1.40625 0.466732
1.4375 0.466985

-2.25 0.467053
-2.21875 0.466064

-2.21875 0.466686
-2.1875 0.468221

1.4375 0.467997
1.46875 0.467914

1.4375 0.468846
1.46875 0.46883

1.46875 0.466514
1.5 0.466788

1.47785 0.46875
1.5 0.468996

-2.1875 0.469208
-2.15625 0.470052

-2.125 0.468482
-2.1348 0.46875

-0.5 0.468029
-0.489712 0.46875

-0.483438 0.46875
-0.46875 0.470259

-2.15625 0.469499
-2.13818 0.46875

1.5 0.468458
1.53125 0.468252

-0.46875 0.47033
-0.4375 0.471844

-2.125 0.468094
-2.09375 0.467742

1.5 0.46911
1.53125 0.46886

-0.40625 0.468652
-0.411221 0.46875

-2.125 0.468782
-2.12281 0.46875

-0.4375 0.471179
-0.40625 0.469948

1.53125 0.466238
1.5625 0.466414

-0.40625 0.469842
-0.375 0.469871

-2.09375 0.468494
-2.0625 0.467944

-2.0625 0.465922
-2.03125 0.467716

1.5625 0.468534
1.57011 0.46875

-2.03125 0.472676
-2 0.47094

-0.375 0.471887
-0.34375 0.469291

-0.34375 0.465796
-0.3125 0.465744

-0.308052 0.46875
-0.28125 0.472797

1.5729 0.46875
1.59375 0.46934

1.59375 0.468258
1.625 0.46793

-0.28125 0.473089
-0.25 0.470868

1.625 0.468373
1.65625 0.468154

1.625 0.468756
1.6258 0.46875

-0.21875 0.466727
-0.248789 0.46875

-0.21875 0.467659
-0.1875 0.467844

-0.201313 0.46875
-0.1875 0.468832

-0.1875 0.46789
-0.15625 0.468403

1.65625 0.468269
1.6875 0.467043

1.6875 0.46574
1.71875 0.465883

1.71875 0.466819
1.74485 0.46875

-0.125 0.468151
-0.153543 0.46875

-0.15625 0.469396
-0.125299 0.46875

-0.125 0.467345
-0.09375 0.46634

-0.09375 0.465405
-0.0625 0.468041

1.75 0.471215
1.78125 0.469659

1.78125 0.464614
1.8125 0.465049

-0.0678918 0.46875
-0.0625 0.469495

-0.0625 0.472433
-0.03125 0.471796

1.8125 0.470166
1.84375 0.472446

1.84375 0.470217
1.85739 0.46875

-0.03125 0.466387
0 0.464771

1.875 0.467344
1.90625 0.46693

1.875 0.468787
1.877 0.46875

1.90625 0.467426
1.93014 0.46875

1.9375 0.469989
1.96875 0.471217

1.96875 0.468738
2 0.46855

1.96875 0.469967
2 0.469591

