-3.78464 -0.5
-3.78125 -0.490392

-3.78125 -0.497277
-3.75126 -0.46875

2 0.46628
2.02357 0.46875

2.03125 0.472873
2.0625 0.477434

2.0625 0.475063
2.09375 0.470628

2.09375 0.469943
2.125 0.471495

2.125 0.473645
2.15625 0.475149

2.15625 0.473176
2.1875 0.47127

2.1875 0.470279
2.21875 0.474703

2.21875 0.474718
2.25 0.478577

-3.71875 -0.497625
-3.74891 -0.46875

2.25 0.47766
2.28125 0.475039

-3.75 -0.46869
-3.74981 -0.46875

-3.71875 -0.489076
-3.71482 -0.5

2.28125 0.475458
2.3125 0.472596

0 0.467129
0.03125 0.467859

0.03125 0.468235
0.0625 0.468106

0.0625 0.467321
0.09375 0.467153

0.09375 0.4679
0.125 0.46777

0.125 0.467009
0.15625 0.466945

2.3125 0.472475
2.34375 0.4745

0.15625 0.467575
0.1875 0.467834

0.181461 0.46875
0.1875 0.4688

-3.62839 -0.5
-3.625 -0.490602

-3.62193 -0.5
-3.59375 -0.472442

-3.59375 -0.489403
-3.5625 -0.484552

-3.5625 -0.487091
-3.53125 -0.482507

-3.53125 -0.484427
-3.5 -0.483724

2.34375 0.474977
2.375 0.477127

2.375 0.477492
2.40625 0.473783

2.40625 0.471624
2.4375 0.47306

-3.5 -0.469366
-3.46875 -0.499292

-3.46875 -0.489513
-3.46497 -0.5

-2 0.433807
-1.96875 0.427576

0.1875 0.467215
0.21875 0.467771

2.4375 0.475233
2.46875 0.478912

-1.96875 0.427459
-1.9375 0.422027

0.217522 0.46875
0.21875 0.468778

-1.9375 0.422018
-1.90625 0.417638

2.46875 0.477213
2.5 0.474829

-1.90625 0.417649
-1.875 0.414315

0.25 0.468057
0.228397 0.46875

-1.875 0.414361
-1.84375 0.411958

-1.84375 0.411988
-1.8125 0.410362

-1.8125 0.410343
-1.78125 0.409474

-2.58221 -0.5
-2.58241 -0.46875

2.5 0.475554
2.53125 0.473822

0.21875 0.469536
0.243384 0.46875

-1.78125 0.409481
-1.75 0.409391

-2.58249 -0.46875
-2.58293 -0.4375

-2.58269 -0.4375
-2.58369 -0.40625

2.53125 0.473119
2.5625 0.47546

-1.75 0.409405
-1.71875 0.410049

-2.58366 -0.40625
-2.58577 -0.375

-2.59375 -0.315056
-2.59414 -0.3125

2.5625 0.475925
2.59375 0.478134

-2.58571 -0.375
-2.58914 -0.34375

-2.59375 -0.313929
-2.58914 -0.34375

-2.59405 -0.3125
-2.60011 -0.28125

-2.60012 -0.28125
-2.60726 -0.25

-2.625 -0.188971
-2.62545 -0.1875

-2.62521 -0.1875
-2.63578 -0.15625

-2.63564 -0.15625
-2.64699 -0.125

2.59375 0.478062
2.625 0.474935

2.625 0.475241
2.65625 0.472566

2.65625 0.472338
2.6875 0.47531

2.6875 0.475382
2.71875 0.47837

2.71875 0.477893
2.75 0.47573

-1.71875 0.410061
-1.6875 0.411389

2.75 0.475636
2.78125 0.473789

-1.6875 0.411391
-1.65625 0.413376

-1.65625 0.413402
-1.625 0.415991

-1.625 0.416054
-1.59375 0.419069

-1.59375 0.419108
-1.5625 0.422347

-1.5625 0.422342
-1.53125 0.425735

-1.53125 0.425809
-1.5 0.42922

-1.5 0.42934
-1.46875 0.432379

-1.46875 0.432417
-1.4375 0.434768

-1.4375 0.434734
-1.40625 0.436391

-1.40625 0.436344
-1.375 0.437471

-1.375 0.437449
-1.37292 0.4375

-1.37228 0.4375
-1.34375 0.438198

-1.34375 0.438214
-1.3125 0.43866

-1.3125 0.438577
-1.28125 0.438839

0.25 0.465904
0.28125 0.465095

0.28125 0.466234
0.3125 0.468173

0.3125 0.469153
0.34375 0.469601

0.34375 0.468463
0.375 0.467733

2.78125 0.473483
2.8125 0.476447

0.375 0.467753
0.40625 0.468081

0.4375 0.468511
0.418709 0.46875

0.40625 0.468996
0.425568 0.46875

2.8125 0.476311
2.84375 0.479044

-2.6875 -0.00897168
-2.69024 0

0.4375 0.467607
0.46875 0.466638

-2.65625 -0.102354
-2.65945 -0.09375

-2.65909 -0.09375
-2.67002 -0.0625

-1.28125 0.438826
-1.25 0.439094

0.46875 0.46638
0.5 0.467254

-2.65625 -0.100172
-2.64702 -0.125

-2.66982 -0.0625
-2.67994 -0.03125

-2.6875 -0.0060717
-2.6798 -0.03125

-2.60724 -0.25
-2.61549 -0.21875

-1.25 0.439118
-1.21875 0.439372

-1.21875 0.439407
-1.1875 0.439532

-1.1875 0.439501
-1.15625 0.439486

-2.61543 -0.21875
-2.62491 -0.1875

-2.625 -0.181734
-2.62305 -0.1875

0.5 0.468651
0.53125 0.4687

0.5 0.468919
0.53125 0.468968

0.53125 0.467072
0.5625 0.466758

-2.68959 0
-2.69841 0.03125

-2.69856 0.03125
-2.70632 0.0625

-2.70625 0.0625
-2.7128 0.09375

0.5625 0.46847
0.59375 0.468014

-2.71297 0.09375
-2.71807 0.125

2.84375 0.478976
2.875 0.47632

-1.15625 0.439492
-1.125 0.439387

-1.125 0.439349
-1.09375 0.439218

-1.09375 0.439199
-1.0625 0.439154

2.875 0.476335
2.90625 0.473809

2.90625 0.473745
2.9375 0.476497

2.9375 0.476435
2.96875 0.479213

2.96875 0.47968
3 0.475979

-2.71875 0.131702
-2.72154 0.15625

-2.72154 0.15625
-2.72372 0.1875

-2.71875 0.133085
-2.71783 0.125

3 0.476264
3.03125 0.472094

3.03125 0.472911
3.0625 0.474408

3.0625 0.474599
3.09375 0.476752

-2.72383 0.1875
-2.72437 0.21875

3.09375 0.478567
3.125 0.473056

-2.72457 0.21875
-2.72286 0.25

-1.0625 0.439192
-1.03125 0.439192

-1.03125 0.439367
-1 0.438987

3.15625 0.468714
3.1557 0.46875

3.125 0.472168
3.15087 0.46875

0.59375 0.46646
0.625 0.465546

-1 0.438701
-0.96875 0.438165

-0.96875 0.438227
-0.9375 0.437981

-2.72282 0.25
-2.71875 0.279611

-0.9375 0.438039
-0.90625 0.437845

-2.71875 0.279936
-2.71857 0.28125

3.15625 0.470793
3.1875 0.472574

-0.90625 0.437798
-0.875 0.437632

0.625 0.465577
0.65625 0.467251

-0.84375 0.437495
-0.844904 0.4375

3.1875 0.47164
3.21875 0.472252

-0.8125 0.437387
-0.84139 0.4375

3.21875 0.47299
3.25 0.471601

-0.875 0.437692
-0.838546 0.4375

0.65625 0.46906
0.6875 0.469641

-0.8125 0.43734
-0.78125 0.437392

3.28125 0.46855
3.27539 0.46875

-0.78125 0.437388
-0.77173 0.4375

3.25 0.471635
3.28125 0.469497

-0.769645 0.4375
-0.75 0.437732

-2.71861 0.28125
-2.71166 0.3125

0.6875 0.468471
0.71875 0.466682

-0.75 0.437717
-0.71875 0.438491

-2.71189 0.3125
-2.70165 0.34375

3.2855 0.46875
3.3125 0.472009

-2.70236 0.34375
-2.6875 0.373977

-0.71875 0.438478
-0.6875 0.43973

0.71875 0.465111
0.75 0.466433

-0.6875 0.439729
-0.65625 0.441485

0.75 0.469464
0.78125 0.470975

-0.65625 0.441494
-0.625 0.443739

-2.6875 0.372842
-2.68644 0.375

-0.625 0.443758
-0.59375 0.446435

-2.68778 0.375
-2.6875 0.375466

-0.59375 0.446463
-0.5625 0.449481

0.8125 0.468609
0.807776 0.46875

-0.5625 0.449512
-0.53125 0.452753

0.78125 0.469048
0.786829 0.46875

3.3125 0.473232
3.34375 0.475424

0.8125 0.468487
0.84375 0.468223

3.375 0.468154
3.36813 0.46875

-2.6875 0.375261
-2.6644 0.40625

3.34375 0.475011
3.375 0.469753

0.84375 0.468292
0.875 0.468184

-2.66725 0.40625
-2.65625 0.417681

0.875 0.468226
0.90625 0.468057

-2.65625 0.414882
-2.62807 0.4375

3.40625 0.467753
3.38543 0.46875

-0.53125 0.452786
-0.5 0.456119

0.90625 0.467843
0.9375 0.467955

-2.62861 0.4375
-2.625 0.43981

3.375 0.470439
3.39298 0.46875

3.40625 0.46842
3.4375 0.468729

3.40625 0.469251
3.4375 0.469748

0.9375 0.468328
0.96875 0.468404

3.46875 0.468319
3.45598 0.46875

-2.625 0.439052
-2.59375 0.454887

0.96875 0.468139
1 0.46796

-2.59375 0.454466
-2.5625 0.463745

-0.5 0.456162
-0.46875 0.459435

-2.5625 0.463258
-2.53125 0.467795

1 0.468002
1.03125 0.468017

1.03125 0.468063
1.0625 0.468097

-0.46875 0.459499
-0.4375 0.462498

3.4375 0.470217
3.46875 0.469005

-0.4375 0.462574
-0.40625 0.465022

3.46875 0.466227
3.5 0.467328

1.0625 0.468087
1.09375 0.468068

1.09375 0.468035
1.125 0.46805

3.48012 0.46875
3.5 0.470123

-0.40625 0.46506
-0.375 0.466729

-0.375 0.466692
-0.34375 0.467582

-0.34375 0.467504
-0.3125 0.467844

1.125 0.468151
1.15625 0.468064

1.15625 0.468299
1.1875 0.467437

1.1875 0.466666
1.21875 0.466103

1.21875 0.466648
1.25 0.466838

3.5 0.471571
3.53125 0.471878

1.25 0.466633
1.28125 0.466897

3.53125 0.467857
3.5625 0.468674

1.28125 0.467519
1.3125 0.467023

-0.3125 0.467756
-0.28125 0.467878

3.5625 0.472132
3.59375 0.474585

-2.53125 0.468093
-2.5 0.468265

1.3125 0.465536
1.34375 0.466008

-2.5011 0.46875
-2.5 0.468756

1.34375 0.467618
1.37327 0.46875

3.59375 0.470942
3.625 0.470979

-0.28125 0.467843
-0.25 0.467992

3.65625 0.468294
3.63562 0.46875

1.375 0.468124
1.40625 0.468214

1.40625 0.468042
1.43748 0.46875

-2.5 0.465849
-2.46875 0.465891

-2.46875 0.467734
-2.43876 0.46875

-2.4375 0.468049
-2.40625 0.467926

1.4375 0.469912
1.46875 0.469261

1.46875 0.4679
1.5 0.466287

3.625 0.474144
3.65625 0.472761

3.662 0.46875
3.6875 0.470777

-0.25 0.468033
-0.21875 0.468197

1.5 0.465952
1.53125 0.466768

1.53125 0.468558
1.5403 0.46875

-2.40625 0.46794
-2.375 0.468091

1.55927 0.46875
1.5625 0.468819

3.6875 0.46871
3.69404 0.46875

-2.375 0.468199
-2.34375 0.468379

-2.34375 0.468363
-2.3125 0.468391

-2.3125 0.468398
-2.28125 0.46829

-2.28125 0.468355
-2.25 0.467967

-0.21875 0.468241
-0.1875 0.468251

-0.1875 0.468215
-0.15625 0.468054

3.6875 0.475671
3.71875 0.476056

3.71875 0.46985
3.75 0.470074

1.5625 0.468521
1.59375 0.466855

3.75 0.473294
3.78125 0.478876

3.78125 0.477203
3.8125 0.473884

-2.25 0.468044
-2.21875 0.467095

3.8125 0.472324
3.84375 0.473209

3.84375 0.474439
3.875 0.478418

-2.21875 0.467174
-2.1875 0.465353

-2.1875 0.465407
-2.15625 0.462448

-2.15625 0.462438
-2.125 0.458252

3.875 0.47646
3.90625 0.477031

3.90625 0.476305
3.9375 0.477686

3.9375 0.477432
3.96875 0.478746

3.96875 0.478158
4 0.478319

-0.15625 0.468066
-0.125 0.467782

-0.125 0.468211
-0.09375 0.466923

-0.09375 0.465706
-0.0625 0.464993

1.59375 0.465299
1.625 0.46549

1.625 0.467053
1.65007 0.46875

-2.125 0.458164
-2.09375 0.452945

1.65625 0.469525
1.6875 0.469727

-0.0625 0.465801
-0.03125 0.466482

-2.09375 0.452866
-2.0625 0.44695

-0.03125 0.466374
0 0.46705

-2 0.43394
-2.01707 0.4375

-2.0625 0.446898
-2.03125 0.440547

1.71875 0.467744
1.70155 0.46875

1.71875 0.466001
1.75 0.46594

-2.03125 0.440475
-2.01698 0.4375

1.75 0.46769
1.77401 0.46875

1.77638 0.46875
1.78125 0.468972

1.78125 0.468734
1.8125 0.468558

1.78125 0.468896
1.8125 0.468775

1.8125 0.467784
1.84375 0.468127

1.82746 0.46875
1.84375 0.469093

1.84375 0.468474
1.85469 0.46875

1.84375 0.468876
1.875 0.470053

1.87509 0.46875
1.90625 0.470492

1.90625 0.469285
1.9375 0.47309

1.9375 0.474643
1.96875 0.472204

2 0.467474
1.98577 0.46875

1.96875 0.46997
1.97617 0.46875

