-4 -3.86393e-08
-3.96875 -4.15668e-08

-3.96875 -4.14722e-08
-3.9375 -4.37954e-08

-3.9375 -4.37964e-08
-3.90625 -4.57024e-08

-3.90625 -4.60713e-08
-3.875 -4.68206e-08

-3.875 -4.65781e-08
-3.84375 -4.5918e-08

-3.84375 -4.54969e-08
-3.8125 -4.47546e-08

-3.8125 -4.50422e-08
-3.78125 -4.44847e-08

-3.78125 -4.45671e-08
-3.75 -4.34545e-08

0 -4.20657e-08
0.03125 -4.27373e-08

0.03125 -4.29894e-08
0.0625 -4.28488e-08

0.0625 -4.25671e-08
0.09375 -4.16735e-08

0.09375 -4.17527e-08
0.125 -4.05107e-08

0.125 -4.04392e-08
0.15625 -3.88335e-08

-3.75 -4.34314e-08
-3.71875 -4.16448e-08

-3.71875 -4.1517e-08
-3.6875 -3.93582e-08

-3.6875 -3.9408e-08
-3.65625 -3.7033e-08

-3.65625 -3.70365e-08
-3.625 -3.43385e-08

-3.625 -3.42869e-08
-3.59375 -3.1362e-08

0.15625 -3.8807e-08
0.1875 -3.70335e-08

0.1875 -3.7102e-08
0.21875 -3.50768e-08

0.21875 -3.50452e-08
0.25 -3.26948e-08

0.25 -3.27008e-08
0.28125 -3.00764e-08

-2.875 3.09042e-08
-2.84375 3.32796e-08

-2.84375 3.32872e-08
-2.8125 3.55058e-08

-2.8125 3.55135e-08
-2.78125 3.75448e-08

-2.78125 3.75524e-08
-2.75 3.93658e-08

0.96875 3.09861e-08
1 3.40705e-08

-2.75 3.93735e-08
-2.71875 4.09386e-08

-2.71875 4.09462e-08
-2.6875 4.22322e-08

-2.6875 4.22402e-08
-2.65625 4.32157e-08

-2.65625 4.32241e-08
-2.625 4.38559e-08

-2.625 4.38653e-08
-2.59375 4.4118e-08

-2.59375 4.41286e-08
-2.5625 4.3962e-08

-2.5625 4.39747e-08
-2.53125 4.33423e-08

-2.53125 4.3356e-08
-2.5 4.22055e-08

1 3.40781e-08
1.03125 3.7117e-08

1.03125 3.71242e-08
1.0625 4.00881e-08

1.0625 4.00957e-08
1.09375 4.29549e-08

1.09375 4.29623e-08
1.125 4.56868e-08

-2 -4.52888e-08
-1.96875 -4.82097e-08

2 -4.16142e-08
2.03125 -4.57085e-08

2.03125 -4.57029e-08
2.0625 -4.89536e-08

2.0625 -4.89559e-08
2.09375 -5.13695e-08

2.09375 -5.13668e-08
2.125 -5.29441e-08

2.125 -5.28029e-08
2.15625 -5.38318e-08

2.15625 -5.42322e-08
2.1875 -5.41942e-08

2.1875 -5.36604e-08
2.21875 -5.28225e-08

2.21875 -5.30625e-08
2.25 -5.20122e-08

2.25 -5.1991e-08
2.28125 -5.02909e-08

2.28125 -5.02215e-08
2.3125 -4.80527e-08

2.3125 -4.80781e-08
2.34375 -4.55284e-08

2.34375 -4.54714e-08
2.375 -4.26038e-08

2.375 -4.26294e-08
2.40625 -3.95066e-08

2.40625 -3.94741e-08
2.4375 -3.61102e-08

2.4375 -3.60911e-08
2.46875 -3.25893e-08

-2.09375 -3.1535e-08
-2.0625 -3.69891e-08

-2.0625 -3.69911e-08
-2.03125 -4.15692e-08

-2.03125 -4.1551e-08
-2 -4.52856e-08

-2.5 4.22236e-08
-2.46875 4.04913e-08

-2.46875 4.05115e-08
-2.4375 3.81205e-08

-2.4375 3.81426e-08
-2.40625 3.50085e-08

-2.40625 3.50296e-08
-2.375 3.1066e-08

3.15625 3.0528e-08
3.1875 3.2881e-08

3.1875 3.28888e-08
3.21875 3.50702e-08

3.21875 3.50778e-08
3.25 3.70566e-08

3.25 3.70643e-08
3.28125 3.881e-08

3.28125 3.88176e-08
3.3125 4.02996e-08

3.3125 4.03075e-08
3.34375 4.1495e-08

3.34375 4.1503e-08
3.375 4.23642e-08

3.375 4.23728e-08
3.40625 4.28744e-08

3.40625 4.28839e-08
3.4375 4.29895e-08

3.4375 4.30004e-08
3.46875 4.26692e-08

3.46875 4.26805e-08
3.5 4.1868e-08

-1.96875 -4.81853e-08
-1.9375 -5.03347e-08

3.9375 -3.03853e-08
3.96875 -3.49227e-08

3.96875 -3.49164e-08
4 -3.86409e-08

3.5 4.18832e-08
3.53125 4.05361e-08

3.53125 4.0553e-08
3.5625 3.86071e-08

3.5625 3.86259e-08
3.59375 3.60099e-08

3.59375 3.60285e-08
3.625 3.26675e-08

1.125 4.56945e-08
1.15625 4.82538e-08

-1.9375 -5.03848e-08
-1.90625 -5.17111e-08

-1.90625 -5.14832e-08
-1.875 -5.23422e-08

1.15625 4.82614e-08
1.1875 5.0625e-08

1.1875 5.06327e-08
1.21875 5.277e-08

1.21875 5.27775e-08
1.25 5.4658e-08

-1.875 -5.25063e-08
-1.84375 -5.30254e-08

-1.84375 -5.27574e-08
-1.8125 -5.31443e-08

-1.8125 -5.39276e-08
-1.78125 -5.31518e-08

1.25 5.46656e-08
1.28125 5.62592e-08

1.28125 5.62666e-08
1.3125 5.75436e-08

1.3125 5.75512e-08
1.34375 5.84819e-08

-1.78125 -5.22905e-08
-1.75 -5.05083e-08

-1.75 -5.08354e-08
-1.71875 -4.91153e-08

-1.71875 -4.9037e-08
-1.6875 -4.68815e-08

-1.6875 -4.69203e-08
-1.65625 -4.44084e-08

1.34375 5.84894e-08
1.375 5.90437e-08

1.375 5.90516e-08
1.40625 5.91986e-08

1.40625 5.92072e-08
1.4375 5.89138e-08

1.4375 5.89236e-08
1.46875 5.81532e-08

1.46875 5.81632e-08
1.5 5.68762e-08

1.9375 -3.06321e-08
1.96875 -3.66396e-08

1.96875 -3.66333e-08
2 -4.1646e-08

1.5 5.68902e-08
1.53125 5.50386e-08

1.53125 5.50545e-08
1.5625 5.25783e-08

1.5625 5.2597e-08
1.59375 4.9427e-08

1.59375 4.9447e-08
1.625 4.55058e-08

1.625 4.55259e-08
1.65625 4.07331e-08

1.65625 4.07492e-08
1.6875 3.50327e-08

1.6875 3.50398e-08
1.71875 2.83529e-08

-1.65625 -4.43271e-08
-1.625 -4.1544e-08

-1.625 -4.15658e-08
-1.59375 -3.86305e-08

-1.59375 -3.86216e-08
-1.5625 -3.55083e-08

-1.5625 -3.5499e-08
-1.53125 -3.22439e-08

-0.15625 -3.26847e-08
-0.125 -3.58015e-08

-0.125 -3.58476e-08
-0.09375 -3.83373e-08

-0.09375 -3.82977e-08
-0.0625 -4.01474e-08

-0.0625 -4.02036e-08
-0.03125 -4.13802e-08

-0.03125 -4.11734e-08
0 -4.19782e-08

