-4 -0.0107483
-3.98438 -0.010704

-3.98438 -0.0107026
-3.96875 -0.0105726

-3.96875 -0.0105712
-3.95312 -0.0103609

-3.95312 -0.0103597
-3.9375 -0.0100745

-3.9375 -0.0100731
-3.92188 -0.00971789

-3.92188 -0.00971684
-3.90625 -0.00929633

-3.90625 -0.00929506
-3.89062 -0.00881393

-3.89062 -0.00881303
-3.875 -0.00827558

-3.875 -0.00827436
-3.85938 -0.00768483

0.375 0.134586
0.390625 0.137902

0.390625 0.137922
0.403587 0.140625

0.404248 0.140625
0.40625 0.141042

-3.85938 -0.00768412
-3.84375 -0.00704636

0.40625 0.14116
0.421875 0.144359

0.421875 0.144361
0.4375 0.147499

-3.84375 -0.00704515
-3.82812 -0.006363

-3.82812 -0.00636249
-3.8125 -0.00563942

0.4375 0.147501
0.453125 0.150571

0.453125 0.150571
0.46875 0.15357

0.46875 0.153576
0.483034 0.15625

0.483334 0.15625
0.484375 0.156445

0.484375 0.156496
0.5 0.159347

-3.8125 -0.00563816
-3.79688 -0.00487771

-3.79688 -0.00487738
-3.78125 -0.00408271

1.5 0.186495
1.51562 0.185497

1.51562 0.185497
1.53125 0.184491

-3.78125 -0.00408126
-3.76562 -0.00325595

1.53125 0.184493
1.54688 0.183477

1.54688 0.183477
1.5625 0.182445

-3.76562 -0.00325573
-3.75 -0.00240309

1.5625 0.182447
1.57812 0.181397

1.57812 0.181396
1.59375 0.180326

-3.75 -0.00240097
-3.73438 -0.00152568

-1 -0.21323
-0.984375 -0.211225

-0.984375 -0.211225
-0.96875 -0.209123

1.59375 0.180325
1.60938 0.179236

1.60938 0.179235
1.625 0.178132

-0.96875 -0.209123
-0.953125 -0.206925

-0.953125 -0.206925
-0.9375 -0.204633

-3.73438 -0.00152575
-3.71875 -0.000631901

-0.9375 -0.20473
-0.926981 -0.203125

-3.71875 -0.000614481
-3.70822 0

0.5 0.159348
0.515625 0.162125

1.625 0.178132
1.64062 0.177016

1.64062 0.177015
1.65625 0.175885

1.65625 0.175885
1.67188 0.174743

-0.928666 -0.203125
-0.921875 -0.202089

-3.70723 0
-3.70312 0.000239537

0.515625 0.162126
0.53125 0.164825

-0.921875 -0.202247
-0.90625 -0.199774

0.53125 0.164825
0.546875 0.167446

-3.70312 0.000280739
-3.6875 0.00120824

0.546875 0.167446
0.5625 0.169986

-3.6875 0.00120654
-3.67188 0.00215222

-0.90625 -0.199774
-0.890625 -0.197212

-3.67188 0.00215246
-3.65625 0.00311926

1.67188 0.174743
1.6875 0.17359

0.5625 0.170013
0.57434 0.171875

1.6875 0.17359
1.70312 0.172426

0.575106 0.171875
0.578125 0.17235

1.71875 0.171205
1.70983 0.171875

0.578125 0.172444
0.59375 0.174817

-3.65625 0.00312078
-3.64062 0.00410519

-0.890625 -0.197211
-0.875 -0.194563

-3.64062 0.00410544
-3.625 0.00510396

1.70312 0.172479
1.71116 0.171875

-0.875 -0.194563
-0.859375 -0.191829

-0.859375 -0.191829
-0.84375 -0.18901

1.71875 0.171252
1.73438 0.17007

-3.625 0.00510538
-3.60938 0.00611467

1.73438 0.17007
1.75 0.16888

-3.60938 0.00611523
-3.59375 0.00713133

0.59375 0.174817
0.609375 0.177103

-0.84375 -0.189185
-0.834679 -0.1875

0.609375 0.177103
0.625 0.179299

-3.59375 0.00713278
-3.57812 0.00815167

0.625 0.1793
0.640625 0.181406

-0.836637 -0.1875
-0.828125 -0.185919

0.640625 0.181406
0.65625 0.183419

-3.57812 0.00815261
-3.5625 0.00916951

-3.5625 0.00917103
-3.54688 0.010181

1.75 0.16888
1.76562 0.167682

1.76562 0.167682
1.78125 0.166477

-0.828125 -0.186107
-0.8125 -0.183123

-3.54688 0.0101824
-3.53125 0.0111797

-3.53125 0.0111813
-3.51562 0.01216

-3.51562 0.0121617
-3.5 0.0131149

-0.8125 -0.183123
-0.796875 -0.180058

1.78125 0.166477
1.79688 0.165264

-3.0625 -0.00519707
-3.08971 0

1.79688 0.165264
1.8125 0.164041

0.65625 0.18342
0.671875 0.185336

1.8125 0.164042
1.82812 0.162809

0.671875 0.185338
0.6875 0.187151

1.82812 0.162809
1.84375 0.161565

-3.0625 -0.0052839
-3.04688 -0.00859091

1.84375 0.161565
1.85938 0.160308

1.85938 0.160309
1.875 0.159039

-0.796875 -0.180057
-0.78125 -0.176914

0.6875 0.187194
0.690295 0.1875

-0.78125 -0.176942
-0.765625 -0.173722

0.690814 0.1875
0.703125 0.188848

-0.767644 -0.171875
-0.765625 -0.171459

-3.04688 -0.00859709
-3.03125 -0.0120406

-0.765625 -0.174577
-0.752812 -0.171875

0.703125 0.188858
0.71875 0.190476

-3.03125 -0.0120508
-3.01562 -0.0155982

0.71875 0.190476
0.734375 0.192003

-3 -0.0192234
-3.01554 -0.015625

1.875 0.159039
1.89062 0.157756

-3.5 0.0131167
-3.48438 0.0140376

-3.48438 0.0140396
-3.46875 0.0149208

-0.761784 -0.171875
-0.75 -0.16939

-3.46875 0.0149284
-3.4557 0.015625

1.89062 0.157757
1.90625 0.156459

-3.45494 0.015625
-3.45312 0.0157217

0.734375 0.192002
0.75 0.193439

1.92188 0.155138
1.90863 0.15625

-0.75 -0.17279
-0.745753 -0.171875

-3.45312 0.0157585
-3.4375 0.0165376

-0.75 -0.170274
-0.734375 -0.166906

1.92188 0.155148
1.9375 0.153825

-3.4375 0.0165397
-3.42188 0.0172558

0.75 0.193439
0.765625 0.194789

-3.42188 0.0172582
-3.40625 0.0179024

1.90625 0.156506
1.9093 0.15625

-0.734375 -0.167031
-0.71875 -0.16359

1.9375 0.153824
1.95312 0.152489

1.95312 0.152489
1.96875 0.151141

1.96875 0.151141
1.98438 0.14978

1.98438 0.149781
2 0.148406

-3.40625 0.0179049
-3.39062 0.0184674

-3.39062 0.01847
-3.375 0.0189406

-3.375 0.0189432
-3.35938 0.0193114

-3.35938 0.0193141
-3.34375 0.0195692

-0.71875 -0.16359
-0.703125 -0.160076

-0.703125 -0.160714
-0.6875 -0.15713

-3.34375 0.019572
-3.32812 0.0197029

0.765625 0.194789
0.78125 0.196052

0.78125 0.196051
0.796875 0.197227

-3.32812 0.0197055
-3.3125 0.0197014

-3.3125 0.019704
-3.29688 0.019554

-0.696831 -0.15625
-0.6875 -0.15411

-3.29688 0.0195566
-3.28125 0.0192503

2 0.148406
2.01562 0.147015

2.01562 0.147014
2.03125 0.145607

-0.6875 -0.160092
-0.671875 -0.156442

-0.671875 -0.158729
-0.661955 -0.15625

-3.28125 0.0192528
-3.26562 0.0187802

-0.6875 -0.154474
-0.671875 -0.150823

0.796875 0.197227
0.8125 0.198318

2.03125 0.145607
2.04688 0.144185

0.8125 0.198318
0.828125 0.199323

-3.26562 0.0187824
-3.25 0.018134

0.828125 0.199323
0.84375 0.200243

-0.671875 -0.152052
-0.65625 -0.14834

-3.25 0.018136
-3.23438 0.0173033

2.04688 0.144185
2.0625 0.14275

0.84375 0.200243
0.859375 0.20108

2.0625 0.14275
2.07812 0.141304

2.09375 0.139784
2.08473 0.140625

-0.65625 -0.14913
-0.640625 -0.145353

2.07812 0.141375
2.08617 0.140625

-3.23438 0.0173051
-3.21875 0.0162806

0.859375 0.20108
0.875 0.201834

-3.20312 0.0150589
-3.21036 0.015625

2.09375 0.139847
2.10938 0.138379

-0.640625 -0.145353
-0.625 -0.141509

-3.21875 0.0162823
-3.21035 0.015625

-0.625 -0.14195
-0.6197 -0.140625

-3.20312 0.0150605
-3.1875 0.0136349

0.875 0.201834
0.890625 0.202506

-3.1875 0.0136359
-3.17188 0.0120029

-0.622101 -0.140625
-0.609375 -0.137443

2.10938 0.138379
2.125 0.1369

0.890625 0.202506
0.90625 0.203097

-3.17188 0.0120036
-3.15625 0.0101602

0.90625 0.203108
0.906752 0.203125

-0.609375 -0.137601
-0.59375 -0.133633

0.907135 0.203125
0.921875 0.20361

-0.59375 -0.133633
-0.578125 -0.129605

-3.15625 0.0101603
-3.14062 0.00810498

-0.578125 -0.129605
-0.5625 -0.125518

0.921875 0.20361
0.9375 0.204049

2.25 0.124393
2.24402 0.125

0.9375 0.204049
0.953125 0.204414

2.125 0.1369
2.14062 0.135408

0.953125 0.204414
0.96875 0.204707

-3.14062 0.00810482
-3.125 0.00583759

0.96875 0.204707
0.984375 0.204932

-0.5625 -0.125484
-0.560673 -0.125

0.984375 0.204932
1 0.205091

-0.560537 -0.125
-0.546875 -0.12138

2.14062 0.135408
2.15625 0.133902

-0.546875 -0.121375
-0.53125 -0.117186

-0.53125 -0.117186
-0.515625 -0.112951

2.15625 0.133902
2.17188 0.132383

2.17188 0.132383
2.1875 0.13085

-3.125 0.00583564
-3.10938 0.00336071

2.1875 0.13085
2.20312 0.129303

2.20312 0.129304
2.21875 0.127743

-3.10938 0.00335904
-3.09375 0.000683679

-3.09375 0.000622318
-3.09035 0

-0.515625 -0.112957
-0.502558 -0.109375

-0.502682 -0.109375
-0.5 -0.10864

-3 -0.019235
-2.98438 -0.022891

-2.98438 -0.0229017
-2.96875 -0.0265497

2.21875 0.127745
2.23438 0.126166

-2.9375 -0.0335517
-2.94759 -0.03125

1 0.205091
1.01562 0.205186

-2.96875 -0.0265536
-2.95312 -0.0301643

2.23438 0.126242
2.2465 0.125

1.01562 0.205185
1.03125 0.205218

-2.95312 -0.0306745
-2.9506 -0.03125

-2.9375 -0.0337288
-2.92188 -0.037241

-0.5 -0.108667
-0.484375 -0.104339

-2.92188 -0.0372414
-2.90625 -0.0407013

2.25 0.124554
2.26562 0.122954

1.03125 0.205218
1.04688 0.205191

2.26562 0.122965
2.28125 0.121369

-0.484375 -0.104339
-0.46875 -0.0999692

-2.90625 -0.0407023
-2.89062 -0.0441067

-0.46875 -0.0999681
-0.453125 -0.0955604

-2.875 -0.047305
-2.87701 -0.046875

-2.89062 -0.0441339
-2.87783 -0.046875

2.28125 0.12137
2.29688 0.119753

-2.875 -0.0474522
-2.85938 -0.0507436

-2.85938 -0.050744
-2.84375 -0.0539816

-0.453125 -0.0955495
-0.446795 -0.09375

-2.84375 -0.0539821
-2.82812 -0.0571642

-2.82812 -0.0571639
-2.8125 -0.0602901

2.29688 0.119754
2.3125 0.118112

-0.446735 -0.09375
-0.4375 -0.0911247

2.3125 0.118112
2.32812 0.116447

-0.4375 -0.0911193
-0.421875 -0.0866416

2.32812 0.116445
2.34375 0.114762

-0.421875 -0.0866411
-0.40625 -0.0821256

-2.79688 -0.0631472
-2.80017 -0.0625

-0.40625 -0.0821281
-0.392505 -0.078125

-2.79688 -0.0633606
-2.78125 -0.0663797

2.34375 0.114762
2.35938 0.113063

-2.78125 -0.0663799
-2.76562 -0.0693479

-0.392599 -0.078125
-0.390625 -0.0775501

1.04688 0.205191
1.0625 0.205106

-0.390625 -0.0775735
-0.375 -0.072991

-2.76562 -0.0693477
-2.75 -0.0722643

1.0625 0.205106
1.07812 0.204964

-0.375 -0.0729904
-0.359375 -0.0683788

1.07812 0.204963
1.09375 0.204765

1.09375 0.204764
1.10938 0.204513

-0.359375 -0.0683783
-0.34375 -0.0637396

1.10938 0.204512
1.125 0.204211

2.35938 0.113063
2.375 0.111348

1.125 0.204211
1.14062 0.203861

1.14062 0.203861
1.15625 0.203463

2.375 0.111349
2.39062 0.109613

1.17188 0.203008
1.16775 0.203125

-0.34375 -0.0637401
-0.339593 -0.0625

-2.8125 -0.0603642
-2.80164 -0.0625

-0.339592 -0.0625
-0.3125 -0.0544014

2.40625 0.107842
2.39263 0.109375

1.15625 0.203467
1.1683 0.203125

2.39062 0.109687
2.3934 0.109375

-0.3125 -0.0543937
-0.296875 -0.0496923

-0.296875 -0.0496457
-0.287694 -0.046875

1.17188 0.203019
1.1875 0.202531

1.1875 0.20253
1.20312 0.202002

2.40625 0.107856
2.42188 0.106075

2.42188 0.106075
2.4375 0.104273

-2.75 -0.072264
-2.73438 -0.0751303

2.4375 0.104273
2.45312 0.102449

2.45312 0.102449
2.46875 0.100603

-0.287314 -0.046875
-0.28125 -0.0450451

2.46875 0.100603
2.48438 0.0987345

1.20312 0.202002
1.21875 0.201435

2.48438 0.0987351
2.5 0.0968418

1.21875 0.201435
1.23438 0.200833

-0.28125 -0.0449757
-0.265625 -0.0402481

-2.73438 -0.07513
-2.71875 -0.0779472

-0.265625 -0.0402474
-0.25 -0.0355101

1.23438 0.200832
1.25 0.200198

-2.70312 -0.0807115
-2.71771 -0.078125

-2.71875 -0.0780536
-2.71835 -0.078125

-2.70312 -0.0807165
-2.6875 -0.0834425

1.25 0.200197
1.26562 0.199532

-2.6875 -0.0834422
-2.67188 -0.0861247

1.26562 0.199531
1.28125 0.198836

-0.25 -0.0355073
-0.235975 -0.03125

1.28125 0.198836
1.29688 0.198113

-2.67188 -0.0861245
-2.65625 -0.0887643

2.53125 0.0928091
2.52369 0.09375

-2.625 -0.0938714
-2.62574 -0.09375

-0.235926 -0.03125
-0.234375 -0.0307791

1.29688 0.198113
1.3125 0.197363

-0.234375 -0.0307656
-0.21875 -0.0260194

2.5 0.0968418
2.51562 0.0949229

-2.65625 -0.0887645
-2.64062 -0.0913616

2.51562 0.0950408
2.526 0.09375

-2.64062 -0.0913639
-2.62603 -0.09375

1.3125 0.197363
1.32812 0.196586

-0.21875 -0.0260186
-0.203125 -0.021271

2.53125 0.0929786
2.54688 0.0910092

-0.203125 -0.0212695
-0.1875 -0.016525

1.32812 0.196586
1.34375 0.195783

-0.1875 -0.0164683
-0.184718 -0.015625

1.34375 0.195783
1.35938 0.194953

2.54688 0.0910092
2.5625 0.089015

-2.625 -0.0939147
-2.60938 -0.0964296

1.35938 0.194953
1.375 0.194098

-0.184492 -0.015625
-0.171875 -0.0118

2.5625 0.089015
2.57812 0.086996

-0.171875 -0.0117868
-0.15625 -0.00706033

2.57812 0.086996
2.59375 0.0849518

-0.15625 -0.00705883
-0.140625 -0.00234678

-2.60938 -0.0964295
-2.59375 -0.0989073

1.375 0.194098
1.39062 0.193216

-2.59375 -0.0989071
-2.57812 -0.101348

1.39062 0.193216
1.40625 0.192307

-0.140625 -0.00221485
-0.13325 0

1.40625 0.192305
1.42188 0.191373

2.59375 0.084952
2.60938 0.0828821

-2.57812 -0.101348
-2.5625 -0.103753

2.60938 0.0828822
2.625 0.0807861

1.42188 0.191373
1.4375 0.190423

1.48438 0.187483
1.4841 0.1875

-2.5625 -0.103753
-2.54688 -0.106122

-2.54688 -0.106121
-2.53125 -0.108455

1.48438 0.187487
1.5 0.186494

1.4375 0.190421
1.45312 0.189457

2.625 0.0807862
2.64062 0.0786637

2.65625 0.0764732
2.64424 0.078125

-0.132371 0
-0.125 0.00221818

-0.125 0.0023444
-0.109375 0.00702092

-0.109375 0.00702154
-0.09375 0.0116856

1.45312 0.189457
1.46875 0.188479

1.46875 0.188477
1.48419 0.1875

-2.51562 -0.110625
-2.52411 -0.109375

-2.53125 -0.108662
-2.52641 -0.109375

-2.51562 -0.110753
-2.5 -0.113023

2.64062 0.0787775
2.64537 0.078125

2.65625 0.076515
2.67188 0.074339

-0.09375 0.0117041
-0.080571 0.015625

-0.0801578 0.015625
-0.078125 0.0162298

-0.078125 0.0163358
-0.0625 0.0209659

-2.40625 -0.125881
-2.41281 -0.125

-0.0625 0.0209679
-0.046875 0.025574

2.67188 0.0743394
2.6875 0.0721354

-0.046875 0.0255731
-0.03125 0.0301531

-2.40625 -0.126042
-2.39062 -0.128114

-0.03125 0.0302331
-0.0277585 0.03125

2.6875 0.0721354
2.70312 0.0699027

-2.39062 -0.128114
-2.375 -0.130162

-0.0274104 0.03125
-0.015625 0.0346825

2.70312 0.0699026
2.71875 0.0676413

-0.015625 0.034706
0 0.0392236

-2.5 -0.113023
-2.48438 -0.115265

-2.48438 -0.115265
-2.46875 -0.117478

2.71875 0.0676413
2.73438 0.0653516

2.73438 0.0653518
2.75 0.0630332

-2.46875 -0.117478
-2.45312 -0.119662

-2.45312 -0.119662
-2.4375 -0.121818

2.76562 0.060669
2.75344 0.0625

2.76562 0.0606852
2.78125 0.0583078

-2.4375 -0.121818
-2.42188 -0.123945

-2.42188 -0.124104
-2.4152 -0.125

2.78125 0.0583078
2.79688 0.055901

0 0.0392231
0.015625 0.0437093

2.79688 0.0559009
2.8125 0.053465

2.75 0.0630862
2.7539 0.0625

0.015625 0.0437875
0.0264582 0.046875

0.0274398 0.046875
0.03125 0.0479609

-2.375 -0.130162
-2.35938 -0.132188

-2.35938 -0.132188
-2.34375 -0.134192

2.8125 0.0534649
2.82812 0.0510002

2.82812 0.0510004
2.84375 0.0485064

2.85938 0.0459588
2.8537 0.046875

2.84375 0.0485199
2.85393 0.046875

-2.34375 -0.134192
-2.32812 -0.136175

-2.32812 -0.136175
-2.3125 -0.138139

0.03125 0.0481639
0.046875 0.052581

0.046875 0.0525811
0.0625 0.0569614

2.85938 0.0459824
2.875 0.0434265

0.0625 0.056964
0.078125 0.0613022

-2.3125 -0.138138
-2.29688 -0.140084

2.875 0.0434256
2.89062 0.0408401

-2.28125 -0.141941
-2.29191 -0.140625

0.078125 0.0615969
0.0814129 0.0625

2.89062 0.0408398
2.90625 0.0382271

-2.29688 -0.140304
-2.29427 -0.140625

-2.28125 -0.142011
-2.26562 -0.143925

0.0828588 0.0625
0.09375 0.0654916

2.90625 0.038227
2.92188 0.0355878

-2.26562 -0.143925
-2.25 -0.145827

2.92188 0.035588
2.9375 0.0329222

0.09375 0.0655937
0.109375 0.0698399

0.109375 0.0698402
0.125 0.0740398

2.95312 0.0302772
2.94748 0.03125

0.125 0.074039
0.140368 0.078125

0.140388 0.078125
0.140625 0.0781879

0.140625 0.0781928
0.15625 0.0823044

0.15625 0.082306
0.171875 0.0863722

-2.25 -0.145827
-2.23438 -0.147718

-2.23438 -0.147718
-2.21875 -0.149596

-2.21875 -0.149596
-2.20312 -0.15146

-2.20312 -0.151459
-2.1875 -0.153309

0.171875 0.0863717
0.1875 0.0903903

0.1875 0.0903992
0.200695 0.09375

0.200876 0.09375
0.203125 0.094321

-2.15625 -0.156843
-2.16132 -0.15625

-2.1875 -0.153309
-2.17188 -0.155147

2.95312 0.0302293
2.96875 0.02751

2.9375 0.0328935
2.94704 0.03125

0.203125 0.0943593
0.21875 0.0982738

0.21875 0.0982709
0.234375 0.102139

-2.17188 -0.155228
-2.16314 -0.15625

-2.15625 -0.156974
-2.14062 -0.158796

2.96875 0.0275094
2.98438 0.0247653

2.98438 0.0247625
3 0.0220001

0.234375 0.102141
0.25 0.105966

3.14062 -0.000664496
3.13577 0

3.14062 -0.000726988
3.15625 -0.00273556

0.25 0.105974
0.264072 0.109375

0.264364 0.109375
0.265625 0.10968

0.265625 0.109744
0.28125 0.113469

0.28125 0.11347
0.296875 0.11714

3.15625 -0.00273696
3.17188 -0.00461138

3.17188 -0.00461142
3.1875 -0.00634882

-2.14062 -0.158796
-2.125 -0.160614

3.1875 -0.00634963
3.20312 -0.00794833

3.20312 -0.00794852
3.21875 -0.00940649

0.296875 0.117139
0.3125 0.120751

0.3125 0.120754
0.328125 0.124303

0.328125 0.124436
0.330654 0.125

3.21875 -0.00940659
3.23438 -0.0107232

3.23438 -0.0107231
3.25 -0.0118985

-2.125 -0.160614
-2.10938 -0.162428

3.25 -0.0118982
3.26562 -0.0129332

3.26562 -0.0129327
3.28125 -0.013829

0.331392 0.125
0.34375 0.127756

0.34375 0.127785
0.359375 0.131213

-2.10938 -0.162428
-2.09375 -0.164239

0.359375 0.131214
0.375 0.134586

3.28125 -0.0138284
3.29688 -0.014588

3.29688 -0.0145873
3.3125 -0.0152128

3.32812 -0.0157055
3.32558 -0.015625

-2.09375 -0.164239
-2.07812 -0.166046

-2.07812 -0.166046
-2.0625 -0.167846

3.3125 -0.0152123
3.32554 -0.015625

3.32812 -0.0157056
3.34375 -0.0160723

-2.0625 -0.167847
-2.04688 -0.169639

-2.04688 -0.16964
-2.03125 -0.171424

-2.01562 -0.173139
-2.02674 -0.171875

-2.03125 -0.171665
-2.0294 -0.171875

-2.01562 -0.173201
-2 -0.174975

3.34375 -0.0160713
3.35938 -0.0163139

3.35938 -0.0163128
3.375 -0.0164355

3.375 -0.0164344
3.39062 -0.0164418

3.39062 -0.0164405
3.40625 -0.0163375

3.40625 -0.0163363
3.42188 -0.016128

3.42188 -0.0161266
3.4375 -0.0158183

3.4375 -0.0158157
3.44489 -0.015625

-2 -0.174975
-1.98438 -0.176745

-1.98438 -0.176745
-1.96875 -0.178513

-1.96875 -0.178513
-1.95312 -0.180278

-1.95312 -0.180278
-1.9375 -0.182038

3.44499 -0.015625
3.45312 -0.0154152

3.45312 -0.0154126
3.46875 -0.0149201

3.46875 -0.0149187
3.48438 -0.0143422

-1.875 -0.189
-1.88854 -0.1875

-1.9375 -0.182039
-1.92188 -0.183794

-1.92188 -0.183794
-1.90625 -0.185543

-1.90625 -0.185544
-1.89062 -0.187284

-1.89062 -0.187428
-1.88998 -0.1875

-1.875 -0.189015
-1.85938 -0.190738

-1.85938 -0.190738
-1.84375 -0.19245

-1.84375 -0.192451
-1.82812 -0.194151

-1.82812 -0.194152
-1.8125 -0.19584

3.48438 -0.0143407
3.5 -0.013686

3 0.0219949
3.01562 0.0192303

-1.8125 -0.195841
-1.79688 -0.197516

-1.79688 -0.197517
-1.78125 -0.199178

3.01562 0.0192243
3.03125 0.0164799

3.04688 0.0138458
3.03659 0.015625

3.03125 0.0162996
3.03515 0.015625

3.04688 0.0137676
3.0625 0.0111219

3.0625 0.0111176
3.07812 0.0085471

3.07812 0.00854432
3.09375 0.00606319

-1.78125 -0.199179
-1.76562 -0.200824

-1.76562 -0.200824
-1.75 -0.202452

3.09375 0.00605866
3.10938 0.00368155

3.10938 0.00368132
3.125 0.00141775

3.125 0.0013596
3.13525 0

-1.73438 -0.203918
-1.74208 -0.203125

3.5 -0.0136845
3.51562 -0.0129575

3.51562 -0.0129559
3.53125 -0.0121627

-1.75 -0.202669
-1.74557 -0.203125

3.53125 -0.0121611
3.54688 -0.0113079

3.54688 -0.0113063
3.5625 -0.0103995

-1.73438 -0.20406
-1.71875 -0.205653

-1.71875 -0.205654
-1.70312 -0.20723

-1.70312 -0.207231
-1.6875 -0.208785

-1.6875 -0.208787
-1.67188 -0.210313

3.5625 -0.0103977
3.57812 -0.00944387

3.57812 -0.0094424
3.59375 -0.00844792

-1.67188 -0.210315
-1.65625 -0.211806

3.59375 -0.00844589
3.60938 -0.0074178

3.60938 -0.00741658
3.625 -0.00636139

-1.65625 -0.211806
-1.64062 -0.213256

3.625 -0.00635888
3.64062 -0.00528404

3.64062 -0.00528311
3.65625 -0.00419549

-1.64062 -0.213256
-1.625 -0.214665

3.65625 -0.00419196
3.67188 -0.00310048

-1.625 -0.214665
-1.60938 -0.216032

-1.60938 -0.216032
-1.59375 -0.217358

3.67188 -0.00310076
3.6875 -0.0020119

3.6875 -0.00200966
3.70312 -0.000927334

3.70312 -0.000921541
3.7166 0

-1.5625 -0.219877
-1.57668 -0.21875

3.71714 0
3.71875 0.000109907

3.71875 0.000141749
3.73438 0.00119597

-1.59375 -0.217358
-1.57812 -0.218641

-1.57812 -0.218692
-1.5774 -0.21875

-1.5625 -0.219882
-1.54688 -0.221084

-1.54688 -0.221084
-1.53125 -0.222245

3.73438 0.00119636
3.75 0.00223718

3.75 0.00223993
3.76562 0.00326104

3.76562 0.00326131
3.78125 0.0042567

-1.53125 -0.222245
-1.51562 -0.223363

-1.51562 -0.223364
-1.5 -0.224435

3.78125 0.00425908
3.79688 0.00522346

3.79688 0.00522409
3.8125 0.00615145

3.8125 0.00615346
3.82812 0.00703851

3.82812 0.00703944
3.84375 0.00787628

3.84375 0.00787803
3.85938 0.00866128

3.85938 0.00866244
3.875 0.00938628

3.875 0.00938786
3.89062 0.0100468

3.89062 0.0100481
3.90625 0.0106364

3.90625 0.0106379
3.92188 0.01115

-1.5 -0.224436
-1.48438 -0.225458

-1.48438 -0.22546
-1.46875 -0.226428

-1.46875 -0.226429
-1.45312 -0.227338

3.92188 0.0111513
3.9375 0.0115814

3.9375 0.0115828
3.95312 0.0119255

-1.45312 -0.22734
-1.4375 -0.228182

-1.4375 -0.228185
-1.42188 -0.228953

-1.42188 -0.228955
-1.40625 -0.22964

-1.40625 -0.229642
-1.39062 -0.230235

3.95312 0.0119268
3.96875 0.0121764

3.96875 0.0121776
3.98438 0.0123293

-1.39062 -0.230235
-1.375 -0.230734

-1.375 -0.230734
-1.35938 -0.231139

3.98438 0.0123296
4 0.0123803

-1.35938 -0.231139
-1.34375 -0.231452

-1.34375 -0.231452
-1.32812 -0.231671

-1.32812 -0.231671
-1.3125 -0.231795

-1.3125 -0.231796
-1.29688 -0.231825

-1.29688 -0.231825
-1.28125 -0.231759

-1.28125 -0.23176
-1.26562 -0.231597

-1.26562 -0.231597
-1.25 -0.231337

-1.25 -0.231338
-1.23438 -0.230979

-1.23438 -0.23098
-1.21875 -0.230522

-1.21875 -0.230522
-1.20312 -0.229964

-1.20312 -0.229964
-1.1875 -0.229304

-1.1875 -0.229304
-1.17188 -0.228541

-1.17188 -0.228541
-1.15625 -0.227675

-1.15625 -0.227675
-1.14062 -0.226703

-1.14062 -0.226704
-1.125 -0.225627

-1.125 -0.225627
-1.10938 -0.224444

-1.10938 -0.224444
-1.09375 -0.223155

-1.09375 -0.223155
-1.07812 -0.22176

-1.07812 -0.22176
-1.0625 -0.220259

-1.0625 -0.220261
-1.04779 -0.21875

-1.04812 -0.21875
-1.04688 -0.218622

-1.04688 -0.218653
-1.03125 -0.216945

-1.03125 -0.216945
-1.01562 -0.215138

-1.01562 -0.215137
-1 -0.21323

