-4 -0.00489224
-3.88655 0

-3.72234 0
-3.5 0.00958832

-3.49178 0
-3.25 0.0333675

-3.25 0.0251756
-3.125 0.0638219

-3.125 0.0708598
-3.0625 0.10248

-3.0625 0.102937
-3.03125 0.117852

-3.03125 0.11809
-3.01443 0.125

1.5 -0.143389
1.50781 -0.144052

1.50781 -0.144052
1.51562 -0.144714

1.51562 -0.144714
1.52344 -0.145373

1.52344 -0.145373
1.53125 -0.146031

1.53125 -0.146031
1.53906 -0.146687

1.53906 -0.146687
1.54688 -0.147341

-3.01387 0.125
-3 0.130698

1.54688 -0.147341
1.55469 -0.147994

1.5625 -0.148648
1.55997 -0.148438

1.55469 -0.147992
1.56004 -0.148438

1.5625 -0.148644
1.57031 -0.149293

1.57031 -0.149293
1.57812 -0.14994

1.57812 -0.14994
1.58594 -0.150585

1.58594 -0.150585
1.59375 -0.151228

1.59375 -0.151228
1.60156 -0.15187

1.60156 -0.15187
1.60938 -0.152509

1.60938 -0.152509
1.61719 -0.153146

1.61719 -0.153146
1.625 -0.153781

1.65625 -0.156306
1.65555 -0.15625

1.625 -0.153781
1.63281 -0.154414

1.63281 -0.154414
1.64062 -0.155045

1.64062 -0.155045
1.64844 -0.155674

1.64844 -0.155674
1.65562 -0.15625

1.65625 -0.156301
1.66406 -0.156926

1.66406 -0.156926
1.67188 -0.157549

1.67188 -0.157549
1.67969 -0.158169

1.67969 -0.158169
1.6875 -0.158787

1.6875 -0.158787
1.69531 -0.159403

1.69531 -0.159403
1.70312 -0.160016

1.70312 -0.160016
1.71094 -0.160627

1.71094 -0.160627
1.71875 -0.161236

1.71875 -0.161236
1.72656 -0.161842

1.72656 -0.161842
1.73438 -0.162446

1.73438 -0.162446
1.74219 -0.163048

1.74219 -0.163048
1.75 -0.163647

1.75781 -0.164246
1.75542 -0.164062

1.75 -0.163646
1.75545 -0.164062

1.75781 -0.164244
1.76562 -0.164839

1.76562 -0.164839
1.77344 -0.165431

1.77344 -0.165431
1.78125 -0.166021

1.78125 -0.166021
1.78906 -0.166608

1.78906 -0.166608
1.79688 -0.167193

1.79688 -0.167193
1.80469 -0.167775

1.80469 -0.167775
1.8125 -0.168354

1.8125 -0.168354
1.82031 -0.16893

1.82031 -0.16893
1.82812 -0.169504

1.82812 -0.169504
1.83594 -0.170075

1.83594 -0.170075
1.84375 -0.170643

1.84375 -0.170643
1.85156 -0.171208

1.85156 -0.171208
1.85938 -0.17177

1.86719 -0.172329
1.86084 -0.171875

1.86719 -0.172329
1.875 -0.172885

1.85938 -0.17177
1.86085 -0.171875

1.875 -0.172885
1.88281 -0.173438

1.88281 -0.173438
1.89062 -0.173988

1.89062 -0.173988
1.89844 -0.174534

1.89844 -0.174534
1.90625 -0.175077

1.90625 -0.175078
1.91406 -0.175617

1.91406 -0.175617
1.92188 -0.176154

1.92188 -0.176154
1.92969 -0.176687

1.92969 -0.176687
1.9375 -0.177216

1.9375 -0.177216
1.94531 -0.177742

1.94531 -0.177742
1.95312 -0.178264

1.95312 -0.178265
1.96094 -0.178783

1.96094 -0.178783
1.96875 -0.179298

1.97656 -0.179808
1.97472 -0.179688

1.96875 -0.179298
1.97471 -0.179688

1.97656 -0.179809
1.98438 -0.180316

1.98438 -0.180316
1.99219 -0.180819

1.99219 -0.180819
2 -0.181317

-3 0.130594
-2.98438 0.136204

-2.98438 0.136083
-2.97053 0.140625

-2.9721 0.140625
-2.96875 0.141725

-2.96875 0.141276
-2.96094 0.143647

-2.96094 0.143671
-2.95312 0.146008

-2.95312 0.145986
-2.94531 0.148245

-2.9464 0.148438
-2.94531 0.148752

-2.94531 0.148211
-2.9445 0.148438

-2.94472 0.148438
-2.9375 0.150454

-2.9375 0.150448
-2.92969 0.152557

-2.92969 0.152556
-2.92188 0.154593

-2.92188 0.154477
-2.91484 0.15625

-2.91685 0.15625
-2.91406 0.156951

-2.91406 0.15656
-2.90625 0.15846

-2.90625 0.158459
-2.89844 0.160294

-2.89844 0.160293
-2.89062 0.162064

-2.89062 0.16206
-2.88281 0.163769

-2.88334 0.164062
-2.88281 0.164177

-2.88281 0.163713
-2.88116 0.164062

-2.8815 0.164062
-2.875 0.165436

0 -0.00447173
0.0078125 -0.00520787

0.0078125 -0.00520787
0.015625 -0.00594405

0.015625 -0.00594404
0.0234375 -0.00668027

0.0234375 -0.00668027
0.03125 -0.00741654

0.0390625 -0.00816203
0.0353539 -0.0078125

0.03125 -0.00740864
0.0355351 -0.0078125

0.0390625 -0.00815287
0.046875 -0.00888917

0.046875 -0.00888918
0.0546875 -0.00962544

0.0546875 -0.00962545
0.0625 -0.0103616

-2.875 0.165422
-2.86719 0.167013

-2.86719 0.167012
-2.85938 0.168546

0.0625 -0.0103616
0.0703125 -0.0110977

0.0703125 -0.0110977
0.078125 -0.0118338

0.078125 -0.0118338
0.0859375 -0.0125697

0.0859375 -0.0125697
0.09375 -0.0133057

0.09375 -0.0133056
0.101562 -0.0140415

0.101562 -0.0140415
0.109375 -0.0147774

0.125 -0.0162513
0.11835 -0.015625

0.109375 -0.0147774
0.117188 -0.0155132

0.117188 -0.0155011
0.118502 -0.015625

-2.85938 0.168546
-2.85156 0.170025

-2.85156 0.170025
-2.84375 0.171451

-2.84375 0.171396
-2.84102 0.171875

-2.84148 0.171875
-2.83594 0.17285

-2.83594 0.172824
-2.82812 0.174147

-2.82812 0.174147
-2.82031 0.17542

0.125 -0.016249
0.132812 -0.0169848

0.132812 -0.0169848
0.140625 -0.0177204

-2.82031 0.17542
-2.8125 0.176646

0.140625 -0.0177204
0.148438 -0.0184559

0.148438 -0.0184559
0.15625 -0.0191913

-2.8125 0.176645
-2.80469 0.177824

-2.80469 0.177824
-2.79688 0.178957

0.15625 -0.0191913
0.164062 -0.0199266

0.164062 -0.0199266
0.171875 -0.0206619

0.171875 -0.0206619
0.179688 -0.021397

0.179688 -0.021397
0.1875 -0.0221321

-2.79688 0.178922
-2.79139 0.179688

-2.79211 0.179688
-2.78906 0.180112

-2.78906 0.180046
-2.78125 0.181092

0.1875 -0.0221321
0.195312 -0.0228671

0.203125 -0.0236147
0.201242 -0.0234375

0.195312 -0.0228633
0.201416 -0.0234375

-1 0.089639
-0.992188 0.08891

-0.992188 0.0889101
-0.984375 0.0881805

-2.78125 0.181092
-2.77344 0.182096

-2.77344 0.182095
-2.76562 0.183058

0.203125 -0.0236021
0.210938 -0.024337

-2.76562 0.183058
-2.75781 0.18398

-0.984375 0.0881805
-0.976562 0.0874504

-0.976562 0.0874504
-0.96875 0.0867195

0.210938 -0.024337
0.21875 -0.0250718

0.21875 -0.0250718
0.226562 -0.0258064

-2.75781 0.18398
-2.75 0.184864

0.226562 -0.0258064
0.234375 -0.0265409

-0.96875 0.0867195
-0.960938 0.0859881

-0.953125 0.0852555
-0.960403 0.0859375

-0.960938 0.0859937
-0.960337 0.0859375

0.234375 -0.0265409
0.242188 -0.0272753

0.242188 -0.0272753
0.25 -0.0280095

-0.953125 0.085256
-0.945312 0.0845233

-0.945312 0.0845233
-0.9375 0.0837901

-0.9375 0.0837901
-0.929688 0.0830565

-0.929688 0.0830565
-0.921875 0.0823224

-0.921875 0.0823224
-0.914062 0.0815879

-0.914062 0.0815879
-0.90625 0.080853

-0.90625 0.080853
-0.898438 0.0801177

-0.898438 0.0801177
-0.890625 0.0793819

-2.75 0.184863
-2.74219 0.185709

-2.74219 0.185709
-2.73438 0.186518

-0.875 0.0779071
-0.877311 0.078125

-0.890625 0.0793819
-0.882812 0.0786457

-0.882812 0.0786465
-0.877282 0.078125

-2.73438 0.186517
-2.72656 0.18729

-2.72656 0.187278
-2.72421 0.1875

-2.72438 0.1875
-2.71875 0.188032

-2.71875 0.188027
-2.71094 0.18873

-2.71094 0.188729
-2.70312 0.189399

-0.875 0.077909
-0.867188 0.077172

-0.867188 0.077172
-0.859375 0.0764347

-2.70312 0.189398
-2.69531 0.190035

-2.69531 0.190035
-2.6875 0.190639

0.25 -0.0280095
0.257812 -0.0287436

0.257812 -0.0287436
0.265625 -0.0294776

0.265625 -0.0294776
0.273438 -0.0302115

-0.859375 0.0764347
-0.851562 0.0756971

-2.6875 0.190639
-2.67969 0.191212

-2.67969 0.191212
-2.67188 0.191755

-2.67188 0.191755
-2.66406 0.192268

0.273438 -0.0302115
0.28125 -0.0309453

0.289062 -0.0316903
0.284375 -0.03125

-0.851562 0.0756971
-0.84375 0.0749593

0.289062 -0.0316791
0.296875 -0.0324128

-2.66406 0.192268
-2.65625 0.192752

0.296875 -0.0324128
0.304688 -0.0331463

0.304688 -0.0331463
0.3125 -0.0338797

0.28125 -0.0309298
0.284659 -0.03125

-0.84375 0.0749593
-0.835938 0.0742214

0.3125 -0.0338797
0.320312 -0.0346129

0.320312 -0.0346129
0.328125 -0.0353461

-2.65625 0.192752
-2.64844 0.193208

-2.64844 0.193207
-2.64062 0.193636

-0.835938 0.0742214
-0.828125 0.0734832

-0.828125 0.0734832
-0.820312 0.0727449

0.328125 -0.0353461
0.335938 -0.0360791

-2.64062 0.193636
-2.63281 0.194037

-2.63281 0.194037
-2.625 0.194412

-0.820312 0.0727449
-0.8125 0.0720063

0.335938 -0.0360791
0.34375 -0.036812

0.34375 -0.036812
0.351562 -0.0375448

0.351562 -0.0375448
0.359375 -0.0382776

0.359375 -0.0382776
0.367188 -0.0390104

0.375 -0.0397433
0.36774 -0.0390625

-2.625 0.194412
-2.61719 0.194762

-2.61719 0.194762
-2.60938 0.195086

0.367188 -0.0390069
0.367781 -0.0390625

-0.8125 0.0720063
-0.804688 0.0712676

-0.804688 0.0712676
-0.796875 0.0705287

-0.789062 0.0697877
-0.79461 0.0703125

-2.60938 0.195085
-2.60344 0.195312

-2.60359 0.195312
-2.60156 0.19539

-2.60156 0.195386
-2.59375 0.195662

-2.59375 0.195662
-2.58594 0.195915

-0.796875 0.0705333
-0.794541 0.0703125

-0.789062 0.0697896
-0.78125 0.0690504

0.375 -0.0397431
0.382812 -0.0404757

-0.78125 0.0690504
-0.773438 0.0683112

-2.58594 0.195915
-2.57812 0.196145

-0.773438 0.0683112
-0.765625 0.0675719

0.382812 -0.0404757
0.390625 -0.0412082

-2.57812 0.196145
-2.57031 0.196353

-2.57031 0.196353
-2.5625 0.196539

-0.765625 0.0675719
-0.757812 0.0668327

-0.757812 0.0668327
-0.75 0.0660935

0.390625 -0.0412082
0.398438 -0.0419407

0.398438 -0.0419407
0.40625 -0.042673

-2.5625 0.196539
-2.55469 0.196704

-2.55469 0.196704
-2.54688 0.196849

-2.54688 0.196849
-2.53906 0.196973

0.40625 -0.042673
0.414062 -0.0434053

0.414062 -0.0434053
0.421875 -0.0441376

0.421875 -0.0441376
0.429688 -0.0448698

0.429688 -0.0448698
0.4375 -0.0456021

-2.53906 0.196973
-2.53125 0.197077

0.453125 -0.0470952
0.450776 -0.046875

0.4375 -0.045602
0.445312 -0.0463343

0.445312 -0.0463235
0.451196 -0.046875

0.453125 -0.0470666
0.460938 -0.0477989

0.460938 -0.0477989
0.46875 -0.0485312

-2.53125 0.197077
-2.52344 0.197162

-0.710938 0.0623965
-0.712031 0.0625

-0.710938 0.0623979
-0.703125 0.0616588

0.46875 -0.0485313
0.476562 -0.0492636

-0.703125 0.0616588
-0.695312 0.0609198

-2.52344 0.197162
-2.51562 0.197229

-0.695312 0.0609198
-0.6875 0.060181

0.476562 -0.0492636
0.484375 -0.0499959

-2.51562 0.197229
-2.50781 0.197277

0.484375 -0.0499959
0.492188 -0.0507282

0.492188 -0.0507282
0.5 -0.0514605

-2.50781 0.197277
-2.5 0.197307

-0.75 0.0660935
-0.742188 0.0653544

-0.742188 0.0653544
-0.734375 0.0646152

-0.734375 0.0646152
-0.726562 0.0638761

-0.726562 0.0638761
-0.71875 0.063137

-0.71875 0.0631372
-0.712015 0.0625

-0.6875 0.060181
-0.679688 0.0594424

-0.679688 0.0594424
-0.671875 0.0587039

-0.671875 0.0587039
-0.664062 0.0579657

-0.664062 0.0579657
-0.65625 0.0572276

-0.65625 0.0572276
-0.648438 0.0564898

-0.648438 0.0564898
-0.640625 0.055752

-0.640625 0.055752
-0.632812 0.0550144

-0.625 0.0542738
-0.629383 0.0546875

-0.632812 0.0550182
-0.629309 0.0546875

-0.625 0.0542769
-0.617188 0.0535396

-0.617188 0.0535396
-0.609375 0.0528025

-0.609375 0.0528025
-0.601562 0.0520656

-0.601562 0.0520656
-0.59375 0.051329

-0.59375 0.051329
-0.585938 0.0505927

-0.585938 0.0505927
-0.578125 0.0498567

-0.578125 0.0498567
-0.570312 0.0491208

-0.570312 0.0491209
-0.5625 0.0483852

-0.5625 0.0483852
-0.554688 0.0476497

-0.554688 0.0476497
-0.546875 0.0469144

-0.539062 0.0461787
-0.546461 0.046875

-0.539062 0.0461791
-0.53125 0.0454441

-0.546875 0.0469213
-0.546383 0.046875

-0.53125 0.0454441
-0.523438 0.0447093

-0.523438 0.0447093
-0.515625 0.0439748

-0.515625 0.0439748
-0.507812 0.0432405

-0.507812 0.0432405
-0.5 0.0425064

0.5 -0.0514605
0.507812 -0.0521929

0.507812 -0.0521929
0.515625 -0.0529253

0.515625 -0.0529253
0.523438 -0.0536578

0.523438 -0.0536578
0.53125 -0.0543903

0.539062 -0.0551282
0.534363 -0.0546875

0.53125 -0.0543827
0.5345 -0.0546875

0.539062 -0.055123
0.546875 -0.0558557

0.546875 -0.0558557
0.554688 -0.0565885

0.554688 -0.0565885
0.5625 -0.0573214

0.625 -0.063187
0.617683 -0.0625

0.5625 -0.0573214
0.570312 -0.0580543

0.570312 -0.0580543
0.578125 -0.0587873

0.578125 -0.0587873
0.585938 -0.0595203

0.585938 -0.0595203
0.59375 -0.0602534

0.59375 -0.0602534
0.601562 -0.0609866

0.601562 -0.0609866
0.609375 -0.0617199

0.609375 -0.0617199
0.617188 -0.0624533

0.617188 -0.0624519
0.617699 -0.0625

0.625 -0.0631869
0.632812 -0.0639205

0.632812 -0.0639205
0.640625 -0.0646543

0.640625 -0.0646543
0.648438 -0.0653882

0.648438 -0.0653882
0.65625 -0.0661222

0.65625 -0.0661222
0.664062 -0.0668562

0.664062 -0.0668562
0.671875 -0.0675902

0.671875 -0.0675902
0.679688 -0.0683243

0.679688 -0.0683243
0.6875 -0.0690585

0.6875 -0.0690585
0.695312 -0.0697928

0.703125 -0.0705379
0.700727 -0.0703125

0.695312 -0.0697882
0.70089 -0.0703125

0.703125 -0.0705271
0.710938 -0.0712616

0.710938 -0.0712616
0.71875 -0.0719961

0.71875 -0.0719961
0.726562 -0.0727306

0.726562 -0.0727306
0.734375 -0.0734652

0.734375 -0.0734652
0.742188 -0.0741997

-0.046875 -5.7433e-05
-0.0474847 0

-0.046875 -5.50318e-05
-0.0390625 -0.000791096

-0.0390625 -0.000791104
-0.03125 -0.00152722

-0.03125 -0.00152723
-0.0234375 -0.00226336

0.742188 -0.0741997
0.75 -0.0749343

-2.5 0.197307
-2.49219 0.19732

-2.49219 0.19732
-2.48438 0.197315

-2.48438 0.197315
-2.47656 0.197294

-2.47656 0.197294
-2.46875 0.197257

-2.46875 0.197257
-2.46094 0.197204

-2.46094 0.197204
-2.45312 0.197135

-2.45312 0.197135
-2.44531 0.197051

-0.0234375 -0.00226336
-0.015625 -0.00299949

-0.015625 -0.00299948
-0.0078125 -0.00373561

-2.44531 0.197051
-2.4375 0.196953

-0.0078125 -0.0037356
0 -0.00447173

-0.5 0.0425064
-0.492188 0.0417725

-2.4375 0.196952
-2.42969 0.196839

-2.42969 0.196839
-2.42188 0.196712

-2.42188 0.196712
-2.41406 0.196571

-0.492188 0.0417725
-0.484375 0.0410388

-0.484375 0.0410388
-0.476562 0.0403051

-0.476562 0.0403051
-0.46875 0.0395716

-0.460938 0.0388338
-0.463373 0.0390625

-2.41406 0.196571
-2.40625 0.196417

-0.46875 0.0395735
-0.463308 0.0390625

0.75 -0.0749343
0.757812 -0.0756688

-0.460938 0.0388381
-0.453125 0.0381047

-2.40625 0.196417
-2.39844 0.19625

-2.39844 0.19625
-2.39062 0.196069

0.757812 -0.0756688
0.765625 -0.0764033

-0.453125 0.0381047
-0.445312 0.0373714

0.765625 -0.0764033
0.773438 -0.0771378

-2.39062 0.196069
-2.38281 0.195877

0.773438 -0.0771378
0.78125 -0.0778723

-0.445312 0.0373714
-0.4375 0.0366382

0.789062 -0.0786088
0.783917 -0.078125

-0.4375 0.0366382
-0.429688 0.0359052

-0.429688 0.0359052
-0.421875 0.0351724

-2.38281 0.195877
-2.375 0.195672

-0.421875 0.0351724
-0.414062 0.0344396

-0.414062 0.0344396
-0.40625 0.0337069

-0.375 0.0307713
-0.380104 0.03125

-0.40625 0.0337069
-0.398438 0.0329742

-0.398438 0.0329742
-0.390625 0.0322415

0.789062 -0.0786068
0.796875 -0.0793413

0.78125 -0.0778685
0.783979 -0.078125

-0.390625 0.0322415
-0.382812 0.0315088

0.796875 -0.0793413
0.804688 -0.0800757

-2.375 0.195672
-2.36719 0.195455

-2.35938 0.195226
-2.36232 0.195312

-0.382812 0.0315173
-0.379963 0.03125

-2.36719 0.195454
-2.36234 0.195312

0.804688 -0.0800757
0.8125 -0.0808101

-2.35938 0.195226
-2.35156 0.194986

-0.375 0.030776
-0.367188 0.0300432

-2.35156 0.194986
-2.34375 0.194734

-0.367188 0.0300432
-0.359375 0.0293104

-0.359375 0.0293104
-0.351562 0.0285776

0.8125 -0.0808101
0.820312 -0.0815444

2 -0.181317
2.00781 -0.181812

-2.34375 0.194734
-2.33594 0.194472

2.00781 -0.181812
2.01562 -0.182302

0.820312 -0.0815444
0.828125 -0.0822786

2.01562 -0.182302
2.02344 -0.182787

2.02344 -0.182787
2.03125 -0.183268

2.03125 -0.183268
2.03906 -0.183743

2.03906 -0.183743
2.04688 -0.184214

2.04688 -0.184214
2.05469 -0.18468

0.828125 -0.0822786
0.835938 -0.0830127

2.05469 -0.18468
2.0625 -0.18514

0.835938 -0.0830127
0.84375 -0.0837467

-0.351562 0.0285776
-0.34375 0.0278449

2.10938 -0.187782
2.10419 -0.1875

2.10938 -0.187782
2.11719 -0.188202

2.11719 -0.188202
2.125 -0.188614

2.0625 -0.18514
2.07031 -0.185595

2.07031 -0.185595
2.07812 -0.186044

2.07812 -0.186044
2.08594 -0.186488

2.08594 -0.186488
2.09375 -0.186925

-0.34375 0.0278449
-0.335938 0.0271122

-0.335938 0.0271122
-0.328125 0.0263795

-2.33594 0.194472
-2.32812 0.194199

-2.32812 0.194199
-2.32031 0.193916

-2.32031 0.193916
-2.3125 0.193623

-2.3125 0.193623
-2.30469 0.19332

-2.30469 0.19332
-2.29688 0.193007

-2.29688 0.193007
-2.28906 0.192685

-2.28906 0.192685
-2.28125 0.192354

0.84375 -0.0837467
0.851562 -0.0844806

0.851562 -0.0844806
0.859375 -0.0852143

0.867188 -0.0859665
0.866879 -0.0859375

0.859375 -0.0852138
0.867081 -0.0859375

0.867188 -0.085948
0.875 -0.0866815

2.09375 -0.186925
2.10156 -0.187357

2.10156 -0.187358
2.10418 -0.1875

-2.28125 0.192354
-2.27344 0.192014

-2.27344 0.192014
-2.26562 0.191665

-2.26562 0.191665
-2.25781 0.191308

-2.25781 0.191308
-2.25 0.190943

0.875 -0.0866815
0.882812 -0.0874149

0.882812 -0.0874149
0.890625 -0.0881481

0.890625 -0.0881481
0.898438 -0.0888811

0.898438 -0.0888811
0.90625 -0.0896139

0.90625 -0.0896139
0.914062 -0.0903464

0.914062 -0.0903464
0.921875 -0.0910787

0.921875 -0.0910787
0.929688 -0.0918106

0.929688 -0.0918106
0.9375 -0.0925423

0.953125 -0.094012
0.950325 -0.09375

0.953125 -0.0940049
0.960938 -0.0947357

-0.328125 0.0263795
-0.320312 0.0256467

0.960938 -0.0947357
0.96875 -0.0954663

0.9375 -0.0925423
0.945312 -0.0932737

-2.25 0.190943
-2.24219 0.190569

0.945312 -0.0932698
0.950443 -0.09375

-2.24219 0.190569
-2.23438 0.190188

-2.23438 0.190188
-2.22656 0.189799

-2.22656 0.189799
-2.21875 0.189402

2.125 -0.188614
2.13281 -0.18902

-2.21875 0.189402
-2.21094 0.188998

2.13281 -0.18902
2.14062 -0.189419

-0.320312 0.0256467
-0.3125 0.0249139

2.14062 -0.189419
2.14844 -0.189811

0.96875 -0.0954663
0.976562 -0.0961964

-0.3125 0.0249139
-0.304688 0.024181

-0.304688 0.024181
-0.296875 0.0234479

0.976562 -0.0961964
0.984375 -0.0969262

-0.289062 0.0227147
-0.296764 0.0234375

-2.21094 0.188998
-2.20312 0.188586

-0.296875 0.0234516
-0.296724 0.0234375

-0.289062 0.0227148
-0.28125 0.0219816

-2.20312 0.188586
-2.19531 0.188168

-0.28125 0.0219816
-0.273438 0.0212484

-0.273438 0.0212484
-0.265625 0.0205151

2.14844 -0.189811
2.15625 -0.190195

-0.265625 0.0205151
-0.257812 0.0197818

2.15625 -0.190195
2.16406 -0.190572

0.984375 -0.0969262
0.992188 -0.0976555

2.16406 -0.190572
2.17188 -0.190942

0.992188 -0.0976555
1 -0.0983844

-0.257812 0.0197819
-0.25 0.0190485

-2.19531 0.188168
-2.1875 0.187742

2.17188 -0.190942
2.17969 -0.191303

2.17969 -0.191303
2.1875 -0.191656

-2.17969 0.187311
-2.18311 0.1875

2.1875 -0.191656
2.19531 -0.192001

2.19531 -0.192001
2.20312 -0.192338

2.20312 -0.192338
2.21094 -0.192665

2.21094 -0.192665
2.21875 -0.192984

2.21875 -0.192984
2.22656 -0.193293

2.22656 -0.193294
2.23438 -0.193594

-2.17969 0.18731
-2.17188 0.186871

-2.17188 0.186871
-2.16406 0.186426

-2.16406 0.186426
-2.15625 0.185974

2.23438 -0.193594
2.24219 -0.193884

-0.25 0.0190485
-0.242188 0.0183151

-2.15625 0.185974
-2.14844 0.185517

-2.14844 0.185517
-2.14062 0.185053

2.24219 -0.193884
2.25 -0.194165

-2.14062 0.185053
-2.13281 0.184583

-2.13281 0.184583
-2.125 0.184108

-2.1875 0.187742
-2.18312 0.1875

-0.242188 0.0183151
-0.234375 0.0175817

-0.234375 0.0175817
-0.226562 0.016848

-0.226562 0.016848
-0.21875 0.0161143

-0.210938 0.0153738
-0.213612 0.015625

-0.210938 0.0153804
-0.203125 0.0146463

-0.21875 0.0161176
-0.213506 0.015625

-0.203125 0.0146463
-0.195312 0.0139122

-0.195312 0.0139122
-0.1875 0.0131779

-2.125 0.184108
-2.11719 0.183627

-0.1875 0.0131779
-0.179688 0.0124437

-0.179688 0.0124437
-0.171875 0.0117093

-0.171875 0.0117093
-0.164062 0.0109749

-0.164062 0.0109749
-0.15625 0.0102404

-0.15625 0.0102404
-0.148438 0.00950569

-0.148438 0.0095057
-0.140625 0.00877087

-0.140625 0.00877087
-0.132812 0.00803587

-0.125 0.0072954
-0.130495 0.0078125

-0.132812 0.00804781
-0.130312 0.0078125

-2.11719 0.183627
-2.10938 0.183141

-2.10938 0.183141
-2.10156 0.182649

-2.10156 0.182649
-2.09375 0.182152

-2.09375 0.182152
-2.08594 0.18165

-0.125 0.00730071
-0.117188 0.00656545

-0.117188 0.00656544
-0.109375 0.00583009

-0.109375 0.00583009
-0.101562 0.00509468

2.25 -0.194165
2.25781 -0.194435

-0.101562 0.00509468
-0.09375 0.00435924

-0.09375 0.00435924
-0.0859375 0.00362374

-0.0859375 0.00362374
-0.078125 0.00288818

-0.078125 0.00288819
-0.0703125 0.00215254

2.25781 -0.194435
2.26562 -0.194695

-0.0703125 0.00215255
-0.0625 0.00141681

-0.0625 0.00141681
-0.0546875 0.000680955

-0.0546875 0.000681153
-0.0474569 0

-2.08594 0.18165
-2.07812 0.181143

-2.07812 0.181143
-2.07031 0.180631

-2.07031 0.180631
-2.0625 0.180114

2.26562 -0.194695
2.27344 -0.194944

-2.05469 0.179592
-2.05611 0.179688

-2.0625 0.180114
-2.05612 0.179688

-2.05469 0.179592
-2.04688 0.179066

-2.04688 0.179065
-2.03906 0.178534

-2.03906 0.178534
-2.03125 0.177999

2.27344 -0.194944
2.28125 -0.195183

2.28906 -0.195409
2.28574 -0.195312

2.28125 -0.195183
2.2857 -0.195312

-2.03125 0.177999
-2.02344 0.177459

-2.02344 0.177459
-2.01562 0.176915

-2.01562 0.176915
-2.00781 0.176367

-2.00781 0.176367
-2 0.175815

2.28906 -0.19541
2.29688 -0.195625

2.29688 -0.195625
2.30469 -0.195829

2.30469 -0.195829
2.3125 -0.196021

2.3125 -0.196021
2.32031 -0.1962

2.32031 -0.1962
2.32812 -0.196366

2.32812 -0.196366
2.33594 -0.19652

2.33594 -0.19652
2.34375 -0.19666

2.34375 -0.19666
2.35156 -0.196786

2.35156 -0.196786
2.35938 -0.196898

2.35938 -0.196898
2.36719 -0.196995

2.36719 -0.196996
2.375 -0.197078

2.375 -0.197078
2.38281 -0.197146

2.38281 -0.197146
2.39062 -0.197198

2.39062 -0.197198
2.39844 -0.197234

2.39844 -0.197235
2.40625 -0.197254

2.40625 -0.197254
2.41406 -0.197257

2.41406 -0.197257
2.42188 -0.197243

2.42188 -0.197243
2.42969 -0.197211

2.42969 -0.197211
2.4375 -0.19716

2.4375 -0.19716
2.44531 -0.197092

2.44531 -0.197092
2.45312 -0.197004

2.45312 -0.197004
2.46094 -0.196897

2.46094 -0.196898
2.46875 -0.196771

2.46875 -0.196771
2.47656 -0.196624

2.47656 -0.196624
2.48438 -0.196456

2.48438 -0.196457
2.49219 -0.196267

2.49219 -0.196267
2.5 -0.196056

1 -0.0983844
1.00781 -0.0991128

1.00781 -0.0991128
1.01562 -0.0998408

1.01562 -0.0998408
1.02344 -0.100568

1.02344 -0.100568
1.03125 -0.101295

1.03906 -0.102024
1.0341 -0.101562

1.03125 -0.101292
1.03416 -0.101562

1.03906 -0.102022
1.04688 -0.102748

1.04688 -0.102748
1.05469 -0.103474

1.05469 -0.103474
1.0625 -0.104199

1.0625 -0.104199
1.07031 -0.104924

1.07031 -0.104924
1.07812 -0.105648

1.07812 -0.105648
1.08594 -0.106371

1.08594 -0.106371
1.09375 -0.107094

1.09375 -0.107094
1.10156 -0.107817

1.10156 -0.107817
1.10938 -0.108538

1.125 -0.10998
1.11844 -0.109375

1.10938 -0.108538
1.11719 -0.109259

1.11719 -0.109257
1.11846 -0.109375

1.125 -0.10998
1.13281 -0.110699

1.13281 -0.110699
1.14062 -0.111418

1.14062 -0.111418
1.14844 -0.112137

1.14844 -0.112137
1.15625 -0.112854

1.15625 -0.112854
1.16406 -0.113571

1.16406 -0.113571
1.17188 -0.114287

1.17188 -0.114287
1.17969 -0.115002

1.17969 -0.115002
1.1875 -0.115717

1.1875 -0.115717
1.19531 -0.11643

1.19531 -0.11643
1.20312 -0.117143

1.21094 -0.117855
1.20361 -0.117188

1.20312 -0.117142
1.20362 -0.117188

1.21094 -0.117855
1.21875 -0.118566

1.21875 -0.118566
1.22656 -0.119276

1.22656 -0.119276
1.23438 -0.119986

1.23438 -0.119986
1.24219 -0.120694

1.24219 -0.120694
1.25 -0.121401

2.5 -0.196056
2.50781 -0.195821

2.50781 -0.195822
2.51562 -0.195564

2.51562 -0.195564
2.5226 -0.195312

2.52258 -0.195312
2.52344 -0.195282

2.52344 -0.195282
2.53125 -0.194976

2.53125 -0.194976
2.53906 -0.194645

2.53906 -0.194645
2.54688 -0.194288

2.54688 -0.194289
2.55469 -0.193906

2.55469 -0.193906
2.5625 -0.193496

2.5625 -0.193496
2.57031 -0.193058

2.57031 -0.193059
2.57812 -0.192593

2.57812 -0.192593
2.58594 -0.192099

2.58594 -0.192099
2.59375 -0.191575

2.59375 -0.191575
2.60156 -0.19102

2.60156 -0.191021
2.60938 -0.190435

2.60938 -0.190435
2.61719 -0.189818

2.61719 -0.189818
2.625 -0.189168

1.29688 -0.125624
1.28992 -0.125

1.29688 -0.125624
1.30469 -0.126324

1.30469 -0.126324
1.3125 -0.127023

1.3125 -0.127023
1.32031 -0.12772

1.32031 -0.12772
1.32812 -0.128417

1.32812 -0.128417
1.33594 -0.129112

1.33594 -0.129112
1.34375 -0.129806

2.625 -0.189168
2.63281 -0.188485

1.34375 -0.129806
1.35156 -0.130498

1.35156 -0.130498
1.35938 -0.13119

1.35938 -0.13119
1.36719 -0.131879

1.36719 -0.131879
1.375 -0.132568

1.25 -0.121401
1.25781 -0.122108

1.25781 -0.122108
1.26562 -0.122813

1.26562 -0.122813
1.27344 -0.123517

1.27344 -0.123517
1.28125 -0.124221

1.28125 -0.124221
1.28906 -0.124923

1.28906 -0.124922
1.28994 -0.125

2.63281 -0.188485
2.64062 -0.187767

2.64062 -0.187791
2.64365 -0.1875

2.64325 -0.1875
2.64844 -0.187

2.64844 -0.187014
2.65625 -0.186224

1.38281 -0.133257
1.37776 -0.132812

1.375 -0.132566
1.37781 -0.132812

1.38281 -0.133255
1.39062 -0.133941

1.39062 -0.133941
1.39844 -0.134626

1.39844 -0.134626
1.40625 -0.135309

2.65625 -0.186224
2.66406 -0.185397

2.66406 -0.185398
2.67188 -0.184532

2.67188 -0.184533
2.67969 -0.183628

2.67969 -0.183628
2.6875 -0.182682

1.40625 -0.135309
1.41406 -0.135991

1.41406 -0.135991
1.42188 -0.136671

1.42188 -0.136671
1.42969 -0.13735

2.6875 -0.182682
2.69531 -0.181695

2.69531 -0.181695
2.70312 -0.180665

2.70312 -0.180666
2.71024 -0.179688

2.71015 -0.179688
2.71094 -0.179579

1.42969 -0.13735
1.4375 -0.138027

1.4375 -0.138027
1.44531 -0.138703

1.44531 -0.138703
1.45312 -0.139377

1.46875 -0.140728
1.46755 -0.140625

1.45312 -0.139377
1.46094 -0.140049

1.46094 -0.140048
1.46766 -0.140625

2.71094 -0.17976
2.71144 -0.179688

2.71094 -0.179589
2.71875 -0.178469

2.71875 -0.178472
2.72656 -0.177306

2.72656 -0.177307
2.73438 -0.176093

2.73438 -0.176093
2.74219 -0.174831

2.74219 -0.174831
2.75 -0.173518

1.46875 -0.14072
1.47656 -0.14139

1.47656 -0.14139
1.48438 -0.142058

1.48438 -0.142058
1.49219 -0.142724

1.49219 -0.142724
1.5 -0.143389

2.75 -0.173518
2.75781 -0.172153

2.75781 -0.172324
2.76029 -0.171875

2.75905 -0.171875
2.76562 -0.170682

2.76562 -0.170735
2.77344 -0.169262

2.77344 -0.169263
2.78125 -0.167734

2.78125 -0.167734
2.78906 -0.166147

2.78906 -0.166147
2.79688 -0.1645

2.79688 -0.164746
2.8 -0.164062

2.7984 -0.164062
2.80469 -0.162688

2.80469 -0.162793
2.8125 -0.161021

2.8125 -0.161022
2.82031 -0.159186

2.82031 -0.159186
2.82812 -0.157283

2.82812 -0.157504
2.83309 -0.15625

2.83594 -0.156783
2.83797 -0.15625

2.83127 -0.15625
2.83594 -0.155072

2.83594 -0.155241
2.84375 -0.153198

2.84375 -0.153268
2.85156 -0.15115

2.85156 -0.151151
2.85938 -0.148958

2.85938 -0.149767
2.86395 -0.148438

2.85984 -0.148438
2.86719 -0.146302

2.86719 -0.148955
2.86891 -0.148438

2.86719 -0.146631
2.875 -0.144278

2.875 -0.144336
2.88281 -0.1419

2.88281 -0.142388
2.88827 -0.140625

2.88523 -0.140625
2.89062 -0.138883

2.89062 -0.141397
2.89293 -0.140625

2.89062 -0.139265
2.89844 -0.136653

2.89844 -0.136768
2.90625 -0.134063

2.90625 -0.134627
2.91131 -0.132812

2.90839 -0.132812
2.91406 -0.13078

2.91406 -0.133169
2.91502 -0.132812

2.91406 -0.131241
2.92188 -0.128341

2.92188 -0.128364
2.92969 -0.125359

2.92969 -0.126326
2.93302 -0.125

2.92988 -0.125
2.9375 -0.121966

2.9375 -0.122249
2.94531 -0.119025

2.94531 -0.11934
2.95035 -0.117188

2.94874 -0.117188
2.95312 -0.115313

2.95312 -0.115686
2.96094 -0.112224

2.96094 -0.11226
2.96722 -0.109375

2.96687 -0.109375
2.96875 -0.108511

2.96875 -0.108637
2.97656 -0.104915

2.97656 -0.104941
2.98338 -0.101562

2.98311 -0.101562
2.98438 -0.100936

2.98438 -0.101048
2.99849 -0.09375

2.99955 -0.09375
3 -0.0935175

-2 0.175815
-1.99219 0.175258

-1.99219 0.175258
-1.98438 0.174698

-1.98438 0.174698
-1.97656 0.174135

-1.97656 0.174135
-1.96875 0.173567

-1.96875 0.173567
-1.96094 0.172996

-1.96094 0.172996
-1.95312 0.172421

-1.94531 0.171842
-1.94575 0.171875

-1.94531 0.171842
-1.9375 0.17126

-1.95312 0.172421
-1.94575 0.171875

-1.9375 0.17126
-1.92969 0.170675

-1.92969 0.170675
-1.92188 0.170086

-1.92188 0.170086
-1.91406 0.169494

-1.91406 0.169494
-1.90625 0.168899

-1.90625 0.168899
-1.89844 0.168301

-1.89844 0.168301
-1.89062 0.1677

-1.89062 0.1677
-1.88281 0.167096

-1.88281 0.167096
-1.875 0.166489

-1.875 0.166489
-1.86719 0.16588

-1.86719 0.16588
-1.85938 0.165267

-1.85938 0.165267
-1.85156 0.164652

-1.84375 0.164034
-1.84411 0.164062

-1.85156 0.164652
-1.84411 0.164062

-1.84375 0.164034
-1.83594 0.163413

-1.83594 0.163413
-1.82812 0.16279

-1.82812 0.16279
-1.82031 0.162164

-1.82031 0.162164
-1.8125 0.161536

-1.8125 0.161536
-1.80469 0.160906

-1.80469 0.160905
-1.79688 0.160273

-1.79688 0.160273
-1.78906 0.159638

-1.78906 0.159638
-1.78125 0.159001

-1.78125 0.159001
-1.77344 0.158361

-1.77344 0.158361
-1.76562 0.15772

-1.76562 0.15772
-1.75781 0.157076

-1.75781 0.157076
-1.75 0.156431

3 -0.0929913
3.01562 -0.0844668

3.01562 -0.0842984
3.02661 -0.078125

3.02716 -0.078125
3.03125 -0.0758257

-1.74219 0.155782
-1.74783 0.15625

-1.74219 0.155783
-1.73438 0.155133

-1.73438 0.155133
-1.72656 0.154482

-1.72656 0.154482
-1.71875 0.153828

3.03125 -0.0755831
3.05443 -0.0625

3.05352 -0.0625
3.0625 -0.0574351

3.0625 -0.0567533
3.125 -0.0261132

3.125 -0.0212605
3.21928 0

3.25 -0.00572346
3.3684 0

3.22692 0
3.25 0.0052043

3.31803 0
3.5 0.00869509

3.5 -0.010158
4 -0.00596064

-1.75 0.156431
-1.74781 0.15625

-1.71875 0.153828
-1.71094 0.153173

-1.71094 0.153173
-1.70312 0.152516

-1.70312 0.152516
-1.69531 0.151858

-1.69531 0.151858
-1.6875 0.151198

-1.6875 0.151198
-1.67969 0.150536

-1.67969 0.150536
-1.67188 0.149873

-1.67188 0.149873
-1.66406 0.149208

-1.66406 0.149208
-1.65625 0.148541

-1.64844 0.147873
-1.65504 0.148438

-1.65625 0.148543
-1.65502 0.148438

-1.64844 0.147873
-1.64062 0.147204

-1.64062 0.147204
-1.63281 0.146533

-1.63281 0.146533
-1.625 0.145861

-1.625 0.145861
-1.61719 0.145188

-1.61719 0.145188
-1.60938 0.144513

-1.60938 0.144513
-1.60156 0.143837

-1.60156 0.143837
-1.59375 0.143161

-1.59375 0.143161
-1.58594 0.142483

-1.58594 0.142483
-1.57812 0.141803

-1.5625 0.140441
-1.56461 0.140625

-1.57812 0.141803
-1.57031 0.141123

-1.57031 0.141123
-1.5646 0.140625

-1.5625 0.140442
-1.55469 0.139759

-1.55469 0.139759
-1.54688 0.139076

-1.54688 0.139076
-1.53906 0.138392

-1.53906 0.138392
-1.53125 0.137706

-1.53125 0.137706
-1.52344 0.13702

-1.52344 0.13702
-1.51562 0.136334

-1.51562 0.136334
-1.50781 0.135646

-1.50781 0.135646
-1.5 0.134958

-1.38281 0.124551
-1.38784 0.125

-1.38281 0.124552
-1.375 0.123853

-1.5 0.134958
-1.49219 0.134269

-1.49219 0.134269
-1.48438 0.133579

-1.48438 0.133579
-1.47656 0.132888

-1.46875 0.132196
-1.47571 0.132812

-1.47656 0.132891
-1.47568 0.132812

-1.46875 0.132197
-1.46094 0.131505

-1.46094 0.131504
-1.45312 0.130812

-1.45312 0.130812
-1.44531 0.130118

-1.44531 0.130118
-1.4375 0.129425

-1.4375 0.129425
-1.42969 0.12873

-1.42969 0.12873
-1.42188 0.128035

-1.42188 0.128035
-1.41406 0.12734

-1.41406 0.12734
-1.40625 0.126644

-1.40625 0.126644
-1.39844 0.125947

-1.39844 0.125947
-1.39062 0.12525

-1.39062 0.125252
-1.38781 0.125

-1.375 0.123853
-1.36719 0.123154

-1.36719 0.123154
-1.35938 0.122455

-1.35938 0.122455
-1.35156 0.121755

-1.35156 0.121755
-1.34375 0.121055

-1.34375 0.121055
-1.33594 0.120354

-1.33594 0.120354
-1.32812 0.119652

-1.32812 0.119652
-1.32031 0.11895

-1.32031 0.11895
-1.3125 0.118248

-1.3125 0.118248
-1.30469 0.117545

-1.29688 0.11684
-1.30074 0.117188

-1.30469 0.117546
-1.3007 0.117188

-1.29688 0.116841
-1.28906 0.116137

-1.28906 0.116137
-1.28125 0.115432

-1.28125 0.115432
-1.27344 0.114727

-1.27344 0.114727
-1.26562 0.114021

-1.26562 0.114021
-1.25781 0.113315

-1.25781 0.113315
-1.25 0.112608

-1.25 0.112608
-1.24219 0.1119

-1.24219 0.1119
-1.23438 0.111192

-1.23438 0.111192
-1.22656 0.110484

-1.22656 0.110484
-1.21875 0.109774

-1.21094 0.109062
-1.21438 0.109375

-1.21094 0.109064
-1.20312 0.108353

-1.21875 0.109776
-1.21434 0.109375

-1.20312 0.108353
-1.19531 0.107642

-1.19531 0.107642
-1.1875 0.10693

-1.1875 0.10693
-1.17969 0.106217

-1.17969 0.106217
-1.17188 0.105504

-1.17188 0.105504
-1.16406 0.10479

-1.16406 0.10479
-1.15625 0.104076

-1.15625 0.104076
-1.14844 0.103361

-1.14844 0.103361
-1.14062 0.102645

-1.14062 0.102645
-1.13281 0.101928

-1.125 0.101209
-1.12885 0.101562

-1.13281 0.10193
-1.12881 0.101562

-1.125 0.101211
-1.11719 0.100493

-1.11719 0.100493
-1.10938 0.0997737

-1.10938 0.0997737
-1.10156 0.0990543

-1.10156 0.0990543
-1.09375 0.0983342

-1.09375 0.0983342
-1.08594 0.0976134

-1.08594 0.0976134
-1.07812 0.096892

-1.07812 0.096892
-1.07031 0.0961699

-1.07031 0.09617
-1.0625 0.0954471

-1.03906 0.0932723
-1.04421 0.09375

-1.03906 0.0932742
-1.03125 0.0925485

-1.0625 0.0954472
-1.05469 0.0947236

-1.05469 0.0947236
-1.04688 0.0939993

-1.04688 0.094003
-1.04415 0.09375

-1.03125 0.0925485
-1.02344 0.091822

-1.02344 0.091822
-1.01562 0.0910949

-1.01562 0.0910949
-1.00781 0.0903672

-1.00781 0.0903672
-1 0.089639

