-4 -0.000400485
-3.98879 0

-3.83787 0
-3.5 0.0120704

-3.49863 0
-3.25 0.0287024

-3.25 0.0392342
-3.125 0.0672059

-3.125 0.0708343
-3.0625 0.0803599

-3.0625 0.0795705
-3.03125 0.0799621

-3.03125 0.079749
-3.01562 0.0789131

-3 0.0775374
-3.0067 0.078125

-3.01562 0.0788534
-3.00733 0.078125

1.5 -0.0221932
1.50781 -0.0222558

1.50781 -0.0222558
1.51562 -0.0223189

1.51562 -0.022319
1.52344 -0.0223826

1.52344 -0.0223826
1.53125 -0.0224467

1.53125 -0.0224467
1.53906 -0.0225112

1.53906 -0.0225112
1.54688 -0.022576

1.54688 -0.022576
1.55469 -0.0226412

1.55469 -0.0226412
1.5625 -0.0227067

1.5625 -0.0227067
1.57031 -0.0227724

1.57031 -0.0227724
1.57812 -0.0228382

1.57812 -0.0228383
1.58594 -0.0229043

1.58594 -0.0229043
1.59375 -0.0229704

1.59375 -0.0229704
1.60156 -0.0230366

1.60156 -0.0230366
1.60938 -0.0231028

1.60938 -0.0231028
1.61719 -0.023169

1.61719 -0.023169
1.625 -0.0232352

1.625 -0.0232352
1.63281 -0.0233013

1.63281 -0.0233013
1.64062 -0.0233673

1.64062 -0.0233673
1.64844 -0.0234332

1.65625 -0.023499
1.64894 -0.0234375

1.64844 -0.0234332
1.64894 -0.0234375

1.65625 -0.023499
1.66406 -0.0235647

1.66406 -0.0235647
1.67188 -0.0236302

1.67188 -0.0236302
1.67969 -0.0236957

1.67969 -0.0236957
1.6875 -0.023761

1.6875 -0.023761
1.69531 -0.0238263

1.69531 -0.0238263
1.70312 -0.0238915

1.70312 -0.0238915
1.71094 -0.0239566

1.71094 -0.0239566
1.71875 -0.0240216

1.71875 -0.0240216
1.72656 -0.0240866

1.72656 -0.0240866
1.73438 -0.0241516

1.73438 -0.0241516
1.74219 -0.0242165

1.74219 -0.0242165
1.75 -0.0242815

1.75 -0.0242815
1.75781 -0.0243465

1.75781 -0.0243465
1.76562 -0.0244116

1.76562 -0.0244116
1.77344 -0.0244769

1.77344 -0.0244769
1.78125 -0.0245423

1.78125 -0.0245423
1.78906 -0.0246079

1.78906 -0.0246079
1.79688 -0.0246738

1.79688 -0.0246738
1.80469 -0.0247399

1.80469 -0.0247399
1.8125 -0.0248064

1.8125 -0.0248064
1.82031 -0.0248732

1.82031 -0.0248732
1.82812 -0.0249403

1.82812 -0.0249403
1.83594 -0.0250078

1.83594 -0.0250078
1.84375 -0.0250757

1.84375 -0.0250757
1.85156 -0.0251439

1.85156 -0.0251439
1.85938 -0.0252126

1.85938 -0.0252126
1.86719 -0.0252817

1.86719 -0.0252817
1.875 -0.0253512

1.875 -0.0253512
1.88281 -0.025421

1.88281 -0.025421
1.89062 -0.0254913

1.89062 -0.0254913
1.89844 -0.0255619

1.89844 -0.0255619
1.90625 -0.0256328

1.90625 -0.0256328
1.91406 -0.0257041

1.91406 -0.0257042
1.92188 -0.0257758

1.92188 -0.0257758
1.92969 -0.0258477

1.92969 -0.0258477
1.9375 -0.0259198

1.9375 -0.0259198
1.94531 -0.0259922

1.94531 -0.0259922
1.95312 -0.0260648

1.95312 -0.0260649
1.96094 -0.0261376

1.96094 -0.0261376
1.96875 -0.0262106

1.96875 -0.0262106
1.97656 -0.0262837

1.97656 -0.0262837
1.98438 -0.0263568

1.98438 -0.0263568
1.99219 -0.0264301

1.99219 -0.0264301
2 -0.0265034

-3 0.0774467
-2.99219 0.0765891

-2.99219 0.0765845
-2.98438 0.0757341

-2.98438 0.0757339
-2.97656 0.0749001

-2.97656 0.0748996
-2.96875 0.0740837

-2.96875 0.0740841
-2.96094 0.073286

-2.96094 0.0732859
-2.95312 0.072505

-2.95312 0.0725053
-2.94531 0.0717413

-2.94531 0.0717414
-2.9375 0.0709938

-2.92969 0.0702622
-2.93023 0.0703125

-2.9375 0.070994
-2.93022 0.0703125

-2.92969 0.0702625
-2.92188 0.0695466

-2.92188 0.0695467
-2.91406 0.068846

-2.91406 0.0688461
-2.90625 0.0681602

-2.90625 0.0681603
-2.89844 0.0674889

-2.89844 0.067489
-2.89062 0.0668316

-2.89062 0.0668317
-2.88281 0.066188

-2.88281 0.0661881
-2.875 0.0655577

-2.82812 0.0620342
-2.83464 0.0625

-2.82812 0.0620346
-2.82031 0.0614873

-2.82031 0.0614874
-2.8125 0.0609508

-2.875 0.0655578
-2.86719 0.0649404

-2.86719 0.0649405
-2.85938 0.0643355

-2.85938 0.0643356
-2.85156 0.0637429

-2.85156 0.0637429
-2.84375 0.063162

-2.84375 0.0631621
-2.83594 0.0625927

-2.83594 0.062594
-2.83462 0.0625

-2.8125 0.0609509
-2.80469 0.0604248

-2.80469 0.0604248
-2.79688 0.0599091

-2.79688 0.0599091
-2.78906 0.0594035

-2.78906 0.0594035
-2.78125 0.0589079

-2.78125 0.0589079
-2.77344 0.0584222

-2.77344 0.0584222
-2.76562 0.0579463

-2.76562 0.0579464
-2.75781 0.05748

-2.75781 0.0574801
-2.75 0.0570229

-2.75 0.057023
-2.74219 0.0565746

-2.74219 0.0565747
-2.73438 0.0561346

-2.73438 0.0561347
-2.72656 0.0557028

-2.72656 0.0557028
-2.71875 0.0552788

-2.71875 0.0552789
-2.71094 0.0548626

-2.70312 0.0544535
-2.70759 0.0546875

-2.71094 0.0548628
-2.70759 0.0546875

-2.70312 0.0544538
-2.69531 0.054052

0 -0.00883102
0.0078125 -0.00893253

0.0078125 -0.00893253
0.015625 -0.00903354

0.015625 -0.00903354
0.0234375 -0.00913405

0.0234375 -0.00913405
0.03125 -0.00923406

-2.69531 0.054052
-2.6875 0.0536572

0.03125 -0.00923406
0.0390625 -0.00933357

-2.6875 0.0536572
-2.67969 0.0532692

-2.67969 0.0532692
-2.67188 0.052888

-2.67188 0.052888
-2.66406 0.0525134

-2.66406 0.0525135
-2.65625 0.0521454

0.0390625 -0.00933357
0.046875 -0.00943259

-2.65625 0.0521455
-2.64844 0.0517836

-2.64844 0.0517837
-2.64062 0.0514278

0.046875 -0.00943259
0.0546875 -0.0095311

0.0546875 -0.0095311
0.0625 -0.00962911

-2.64062 0.0514279
-2.63281 0.0510777

-2.63281 0.0510777
-2.625 0.0507329

0.0625 -0.00962911
0.0703125 -0.00972663

0.0703125 -0.00972663
0.078125 -0.00982364

0.078125 -0.00982364
0.0859375 -0.00992015

0.0859375 -0.00992015
0.09375 -0.0100162

0.09375 -0.0100162
0.101562 -0.0101117

0.101562 -0.0101117
0.109375 -0.0102067

0.109375 -0.0102067
0.117188 -0.0103012

0.117188 -0.0103012
0.125 -0.0103953

-2.625 0.050733
-2.61719 0.0503933

-2.61719 0.0503934
-2.60938 0.0500587

-2.60938 0.0500587
-2.60156 0.0497287

-2.60156 0.0497287
-2.59375 0.0494031

-2.59375 0.0494031
-2.58594 0.0490816

-2.58594 0.0490817
-2.57812 0.048764

-0.570312 -0.000117101
-0.576839 0

-0.570312 -0.000117036
-0.5625 -0.000256509

-2.57812 0.0487641
-2.57031 0.04845

-2.57031 0.04845
-2.5625 0.0481392

0.125 -0.0103953
0.132812 -0.0104888

-2.5625 0.0481393
-2.55469 0.0478316

-2.55469 0.0478316
-2.54688 0.0475268

-2.54688 0.0475268
-2.53906 0.0472247

-0.5625 -0.00025651
-0.554688 -0.000395272

0.132812 -0.0104888
0.140625 -0.0105819

-0.554688 -0.000395272
-0.546875 -0.00053332

-0.546875 -0.000533319
-0.539062 -0.000670655

-0.539062 -0.000670654
-0.53125 -0.000807281

-0.53125 -0.000807279
-0.523438 -0.000943203

-2.53906 0.0472247
-2.53125 0.046925

-0.523438 -0.000943201
-0.515625 -0.00107843

-2.52344 0.0466278
-2.52994 0.046875

-2.52344 0.0466278
-2.51562 0.046333

-2.53125 0.0469253
-2.52993 0.046875

-2.51562 0.0463329
-2.50781 0.0460404

-2.50781 0.0460404
-2.5 0.0457504

0.140625 -0.0105819
0.148438 -0.0106745

0.148438 -0.0106745
0.15625 -0.0107666

-0.515625 -0.00107843
-0.507812 -0.00121297

-0.507812 -0.00121296
-0.5 -0.00134682

-1 0.00858119
-0.992188 0.00841146

-0.992188 0.00841145
-0.984375 0.00824189

-0.984375 0.00824188
-0.976562 0.00807249

-0.976562 0.00807249
-0.96875 0.00790329

-0.960938 0.00773421
-0.964556 0.0078125

-0.96875 0.00790333
-0.964552 0.0078125

-0.960938 0.00773425
-0.953125 0.00756542

-0.953125 0.00756541
-0.945312 0.00739679

-0.945312 0.00739678
-0.9375 0.0072284

0.15625 -0.0107666
0.164062 -0.0108583

0.164062 -0.0108583
0.171875 -0.0109495

0.171875 -0.0109495
0.179688 -0.0110403

0.179688 -0.0110403
0.1875 -0.0111306

-0.9375 0.0072284
-0.929688 0.00706028

-0.929688 0.00706027
-0.921875 0.00689242

-0.921875 0.00689242
-0.914062 0.00672486

-0.914062 0.00672486
-0.90625 0.00655761

-0.90625 0.00655761
-0.898438 0.00639068

-0.898438 0.00639068
-0.890625 0.00622408

-0.890625 0.00622408
-0.882812 0.00605783

0.1875 -0.0111306
0.195312 -0.0112205

0.195312 -0.0112205
0.203125 -0.0113101

0.203125 -0.01131
0.210938 -0.0113992

0.210938 -0.0113992
0.21875 -0.0114879

-0.882812 0.00605783
-0.875 0.00589193

0.21875 -0.0114879
0.226562 -0.0115764

0.226562 -0.0115764
0.234375 -0.0116644

0.234375 -0.0116644
0.242188 -0.0117522

0.242188 -0.0117522
0.25 -0.0118397

-0.875 0.00589193
-0.867188 0.0057264

-0.867188 0.0057264
-0.859375 0.00556126

-0.859375 0.00556126
-0.851562 0.00539652

-0.851562 0.00539652
-0.84375 0.00523219

-0.84375 0.00523219
-0.835938 0.0050683

-0.835938 0.0050683
-0.828125 0.00490486

-0.828125 0.00490485
-0.820312 0.00474188

-0.820312 0.00474188
-0.8125 0.0045794

-0.8125 0.00457939
-0.804688 0.00441743

-0.804688 0.00441743
-0.796875 0.004256

-0.796875 0.004256
-0.789062 0.00409514

-0.789062 0.00409513
-0.78125 0.00393486

-2.5 0.0457503
-2.49219 0.0454628

-2.49219 0.0454628
-2.48438 0.0451779

-2.48438 0.0451779
-2.47656 0.0448959

-2.47656 0.0448959
-2.46875 0.0446169

-0.78125 0.00393485
-0.773438 0.00377518

-0.773438 0.00377518
-0.765625 0.00361614

-0.765625 0.00361613
-0.757812 0.00345775

-0.757812 0.00345775
-0.75 0.00330004

-2.46875 0.0446169
-2.46094 0.044341

-2.46094 0.044341
-2.45312 0.0440684

-2.45312 0.0440684
-2.44531 0.043799

-2.44531 0.0437991
-2.4375 0.0435328

0.25 -0.0118397
0.257812 -0.0119269

0.257812 -0.0119269
0.265625 -0.0120138

-2.4375 0.0435328
-2.42969 0.0432695

-2.42969 0.0432696
-2.42188 0.0430087

-2.42188 0.0430088
-2.41406 0.0427501

-2.41406 0.0427501
-2.40625 0.0424933

0.265625 -0.0120138
0.273438 -0.0121005

0.273438 -0.0121005
0.28125 -0.012187

-2.40625 0.0424933
-2.39844 0.0422381

-2.39844 0.0422381
-2.39062 0.0419847

-2.39062 0.0419846
-2.38281 0.0417332

0.28125 -0.012187
0.289062 -0.0122732

0.289062 -0.0122732
0.296875 -0.0123593

0.296875 -0.0123593
0.304688 -0.0124452

0.304688 -0.0124452
0.3125 -0.0125309

-0.75 0.00330003
-0.742188 0.00314303

-0.742188 0.00314302
-0.734375 0.00298673

-2.38281 0.0417331
-2.375 0.0414839

-0.734375 0.00298673
-0.726562 0.00283116

-0.726562 0.00283116
-0.71875 0.00267635

-0.71875 0.00267634
-0.710938 0.00252229

0.3125 -0.0125309
0.320312 -0.0126165

0.320312 -0.0126165
0.328125 -0.0127019

0.328125 -0.0127019
0.335938 -0.0127873

-2.375 0.0414839
-2.36719 0.0412369

0.335938 -0.0127873
0.34375 -0.0128725

-0.710938 0.00252229
-0.703125 0.002369

-0.703125 0.002369
-0.695312 0.0022165

-2.36719 0.041237
-2.35938 0.0409923

-2.35938 0.0409923
-2.35156 0.0407497

0.34375 -0.0128725
0.351562 -0.0129576

-0.695312 0.0022165
-0.6875 0.00206478

0.351562 -0.0129576
0.359375 -0.0130426

-2.35156 0.0407498
-2.34375 0.0405091

-2.34375 0.0405091
-2.33594 0.0402701

0.359375 -0.0130426
0.367188 -0.0131275

0.367188 -0.0131275
0.375 -0.0132123

-0.6875 0.00206478
-0.679688 0.00191386

-0.679688 0.00191386
-0.671875 0.00176373

-0.671875 0.00176373
-0.664062 0.00161439

-0.664062 0.00161439
-0.65625 0.00146585

-2.33594 0.0402701
-2.32812 0.0400326

0.375 -0.0132123
0.382812 -0.013297

-0.65625 0.00146585
-0.648438 0.0013181

-2.32812 0.0400326
-2.32031 0.0397965

-0.648438 0.0013181
-0.640625 0.00117114

0.382812 -0.013297
0.390625 -0.0133815

-0.640625 0.00117114
-0.632812 0.00102497

-2.32031 0.0397965
-2.3125 0.0395616

-0.632812 0.00102497
-0.625 0.000879571

0.390625 -0.0133815
0.398438 -0.013466

0.398438 -0.013466
0.40625 -0.0135503

-2.3125 0.0395617
-2.30469 0.0393281

-2.30469 0.0393281
-2.29688 0.0390959

-0.625 0.000879573
-0.617188 0.000734948

-0.617188 0.00073495
-0.609375 0.000591091

-0.609375 0.000591092
-0.601562 0.00044799

-0.601562 0.000447992
-0.59375 0.000305639

-2.28906 0.0388648
-2.29575 0.0390625

-2.29688 0.0390959
-2.29575 0.0390625

-2.28906 0.0388648
-2.28125 0.0386349

-2.28125 0.0386349
-2.27344 0.0384062

-2.27344 0.0384062
-2.26562 0.0381786

-2.26562 0.0381786
-2.25781 0.0379522

-2.25781 0.0379522
-2.25 0.0377268

-0.59375 0.000305642
-0.585938 0.000164026

-0.585938 0.000164029
-0.578125 2.31397e-05

-0.578125 2.34769e-05
-0.576817 0

0.40625 -0.0135503
0.414062 -0.0136345

0.414062 -0.0136345
0.421875 -0.0137187

0.421875 -0.0137187
0.429688 -0.0138028

0.429688 -0.0138028
0.4375 -0.0138867

0.4375 -0.0138867
0.445312 -0.0139706

0.445312 -0.0139706
0.453125 -0.0140544

0.453125 -0.0140544
0.460938 -0.014138

0.460938 -0.014138
0.46875 -0.0142215

0.46875 -0.0142215
0.476562 -0.0143049

0.476562 -0.0143049
0.484375 -0.0143882

0.484375 -0.0143882
0.492188 -0.0144713

0.492188 -0.0144713
0.5 -0.0145543

-2.25 0.0377268
-2.24219 0.0375027

-2.24219 0.0375027
-2.23438 0.0372797

-2.23438 0.0372797
-2.22656 0.0370578

-2.22656 0.0370578
-2.21875 0.0368371

-2.21875 0.0368371
-2.21094 0.0366176

-2.21094 0.0366176
-2.20312 0.0363992

-2.20312 0.0363992
-2.19531 0.0361818

-2.19531 0.0361818
-2.1875 0.0359655

-2.1875 0.0359655
-2.17969 0.0357501

-2.17969 0.0357501
-2.17188 0.0355356

-2.17188 0.0355356
-2.16406 0.0353219

-2.16406 0.0353219
-2.15625 0.035109

-2.15625 0.035109
-2.14844 0.0348969

-2.14844 0.0348969
-2.14062 0.0346856

-2.14062 0.0346856
-2.13281 0.034475

-2.13281 0.034475
-2.125 0.0342653

-2.125 0.0342653
-2.11719 0.0340563

-0.5 -0.00134682
-0.492188 -0.00148001

-0.492188 -0.00148001
-0.484375 -0.00161255

-2.11719 0.0340563
-2.10938 0.0338482

-2.10938 0.0338482
-2.10156 0.033641

-2.10156 0.033641
-2.09375 0.0334347

-2.09375 0.0334347
-2.08594 0.0332293

-0.484375 -0.00161255
-0.476562 -0.00174444

-0.476562 -0.00174443
-0.46875 -0.00187569

-2.08594 0.0332293
-2.07812 0.0330249

-2.07812 0.0330249
-2.07031 0.0328214

-2.07031 0.0328214
-2.0625 0.0326187

-0.46875 -0.00187569
-0.460938 -0.00200633

-0.460938 -0.00200632
-0.453125 -0.00213635

-0.453125 -0.00213635
-0.445312 -0.00226578

-0.445312 -0.00226578
-0.4375 -0.00239463

-2.0625 0.0326187
-2.05469 0.0324169

-2.05469 0.0324169
-2.04688 0.032216

-2.04688 0.032216
-2.03906 0.0320159

-2.03906 0.0320159
-2.03125 0.0318166

-0.4375 -0.00239463
-0.429688 -0.00252291

-0.429688 -0.0025229
-0.421875 -0.00265062

-0.421875 -0.00265062
-0.414062 -0.00277779

-0.414062 -0.00277778
-0.40625 -0.00290441

-2.00781 0.0312233
-2.00887 0.03125

-2.00781 0.0312233
-2 0.0310271

-2.03125 0.0318166
-2.02344 0.031618

-2.02344 0.031618
-2.01562 0.0314203

-2.01562 0.0314203
-2.00887 0.03125

-0.40625 -0.00290441
-0.398438 -0.0030305

-0.398438 -0.0030305
-0.390625 -0.00315607

-0.390625 -0.00315607
-0.382812 -0.00328112

-0.382812 -0.00328112
-0.375 -0.00340566

-0.375 -0.00340566
-0.367188 -0.00352969

-0.367188 -0.00352969
-0.359375 -0.00365323

2 -0.0265034
2.00781 -0.0265767

2.00781 -0.0265767
2.01562 -0.02665

2.01562 -0.02665
2.02344 -0.0267234

2.02344 -0.0267234
2.03125 -0.0267967

2.03125 -0.0267967
2.03906 -0.02687

2.03906 -0.02687
2.04688 -0.0269433

-0.359375 -0.00365323
-0.351562 -0.00377627

0.5 -0.0145543
0.507812 -0.0146371

0.507812 -0.0146371
0.515625 -0.0147199

0.515625 -0.0147199
0.523438 -0.0148025

0.523438 -0.0148025
0.53125 -0.0148849

0.53125 -0.0148849
0.539062 -0.0149672

-0.351562 -0.00377627
-0.34375 -0.00389882

-0.34375 -0.00389882
-0.335938 -0.00402089

0.539062 -0.0149672
0.546875 -0.0150493

0.546875 -0.0150493
0.554688 -0.0151312

0.554688 -0.0151312
0.5625 -0.0152128

-0.335938 -0.00402089
-0.328125 -0.00414248

-0.328125 -0.00414248
-0.320312 -0.00426359

-0.320312 -0.00426359
-0.3125 -0.00438424

0.5625 -0.0152128
0.570312 -0.0152943

2.04688 -0.0269433
2.05469 -0.0270166

0.570312 -0.0152943
0.578125 -0.0153754

-0.3125 -0.00438423
-0.304688 -0.00450441

-0.304688 -0.00450441
-0.296875 -0.00462411

-0.296875 -0.00462411
-0.289062 -0.00474336

-0.289062 -0.00474336
-0.28125 -0.00486215

2.05469 -0.0270165
2.0625 -0.0270899

2.0625 -0.0270899
2.07031 -0.0271632

2.07031 -0.0271632
2.07812 -0.0272367

2.07812 -0.0272367
2.08594 -0.0273102

2.08594 -0.0273102
2.09375 -0.027384

0.578125 -0.0153754
0.585938 -0.0154562

0.585938 -0.0154562
0.59375 -0.0155367

2.09375 -0.027384
2.10156 -0.0274579

2.10156 -0.0274579
2.10938 -0.0275322

2.10938 -0.0275322
2.11719 -0.0276068

2.11719 -0.0276068
2.125 -0.0276818

-0.28125 -0.00486215
-0.273438 -0.00498048

-0.273438 -0.00498048
-0.265625 -0.00509836

-0.265625 -0.00509836
-0.257812 -0.00521578

-0.257812 -0.00521578
-0.25 -0.00533275

0.609375 -0.0156967
0.602356 -0.015625

0.59375 -0.0155368
0.601562 -0.0156169

0.601562 -0.0156169
0.602358 -0.015625

0.609375 -0.0156967
0.617188 -0.015776

0.617188 -0.015776
0.625 -0.0158549

2.125 -0.0276818
2.13281 -0.0277573

2.13281 -0.0277573
2.14062 -0.0278333

2.14062 -0.0278333
2.14844 -0.0279099

2.14844 -0.0279099
2.15625 -0.0279872

2.15625 -0.0279872
2.16406 -0.0280653

2.16406 -0.0280653
2.17188 -0.0281441

2.17188 -0.0281441
2.17969 -0.0282238

2.17969 -0.0282238
2.1875 -0.0283044

0.625 -0.0158549
0.632812 -0.0159334

0.632812 -0.0159334
0.640625 -0.0160113

0.640625 -0.0160113
0.648438 -0.0160888

0.648438 -0.0160888
0.65625 -0.0161656

0.65625 -0.0161656
0.664062 -0.0162419

0.664062 -0.0162419
0.671875 -0.0163176

0.671875 -0.0163176
0.679688 -0.0163927

0.679688 -0.0163927
0.6875 -0.016467

-0.25 -0.00533275
-0.242188 -0.00544927

0.6875 -0.016467
0.695312 -0.0165408

0.695312 -0.0165408
0.703125 -0.0166138

0.703125 -0.0166138
0.710938 -0.0166861

-0.242188 -0.00544927
-0.234375 -0.00556533

-0.234375 -0.00556534
-0.226562 -0.00568095

-0.226562 -0.00568095
-0.21875 -0.0057961

0.710938 -0.0166861
0.71875 -0.0167578

0.71875 -0.0167578
0.726562 -0.0168288

0.726562 -0.0168288
0.734375 -0.0168991

2.1875 -0.0283044
2.19531 -0.028386

2.19531 -0.028386
2.20312 -0.0284686

2.20312 -0.0284686
2.21094 -0.0285523

2.21094 -0.0285523
2.21875 -0.0286371

-0.21875 -0.0057961
-0.210938 -0.0059108

-0.210938 -0.0059108
-0.203125 -0.00602504

-0.203125 -0.00602504
-0.195312 -0.00613881

0.734375 -0.0168991
0.742188 -0.0169689

-0.195312 -0.00613881
-0.1875 -0.00625212

2.21875 -0.0286371
2.22656 -0.0287231

-0.1875 -0.00625212
-0.179688 -0.00636497

-0.179688 -0.00636497
-0.171875 -0.00647734

2.22656 -0.0287231
2.23438 -0.0288103

0.742188 -0.0169689
0.75 -0.017038

2.23438 -0.0288103
2.24219 -0.0288988

2.24219 -0.0288988
2.25 -0.0289886

-0.171875 -0.00647734
-0.164062 -0.00658925

-0.164062 -0.00658925
-0.15625 -0.00670068

-0.15625 -0.00670068
-0.148438 -0.00681164

-0.148438 -0.00681164
-0.140625 -0.00692214

-0.140625 -0.00692214
-0.132812 -0.00703216

-0.132812 -0.00703216
-0.125 -0.00714171

-0.125 -0.00714171
-0.117188 -0.00725079

-0.117188 -0.00725079
-0.109375 -0.00735941

-0.109375 -0.00735941
-0.101562 -0.00746756

-0.101562 -0.00746756
-0.09375 -0.00757525

-0.09375 -0.00757525
-0.0859375 -0.00768247

-0.0859375 -0.00768247
-0.078125 -0.00778924

-0.0703125 -0.00789559
-0.0764183 -0.0078125

-0.078125 -0.00778912
-0.0764065 -0.0078125

-0.0703125 -0.00789555
-0.0625 -0.0080014

-0.0625 -0.0080014
-0.0546875 -0.00810678

-0.0546875 -0.00810679
-0.046875 -0.00821169

-0.046875 -0.0082117
-0.0390625 -0.00831613

-0.0390625 -0.00831613
-0.03125 -0.00842008

-0.03125 -0.00842008
-0.0234375 -0.00852354

-0.0234375 -0.00852354
-0.015625 -0.00862653

-0.015625 -0.00862653
-0.0078125 -0.00872902

-0.0078125 -0.00872902
0 -0.00883102

0.75 -0.017038
0.757812 -0.0171065

0.757812 -0.0171065
0.765625 -0.0171745

0.765625 -0.0171745
0.773438 -0.0172419

0.773438 -0.0172419
0.78125 -0.0173087

0.78125 -0.0173087
0.789062 -0.0173749

2.25 -0.0289886
2.25781 -0.0290797

2.25781 -0.0290797
2.26562 -0.0291723

2.26562 -0.0291723
2.27344 -0.0292663

2.27344 -0.0292663
2.28125 -0.0293619

2.28125 -0.0293619
2.28906 -0.029459

2.28906 -0.029459
2.29688 -0.0295577

2.29688 -0.0295577
2.30469 -0.029658

2.30469 -0.029658
2.3125 -0.02976

0.789062 -0.0173749
0.796875 -0.0174406

0.796875 -0.0174406
0.804688 -0.0175056

0.804688 -0.0175056
0.8125 -0.01757

2.3125 -0.02976
2.32031 -0.0298638

2.32031 -0.0298638
2.32812 -0.0299694

2.32812 -0.0299694
2.33594 -0.0300768

2.33594 -0.0300768
2.34375 -0.030186

0.8125 -0.01757
0.820312 -0.0176337

0.820312 -0.0176337
0.828125 -0.0176967

0.828125 -0.0176967
0.835938 -0.0177591

0.835938 -0.0177591
0.84375 -0.0178207

0.84375 -0.0178207
0.851562 -0.0178817

0.851562 -0.0178817
0.859375 -0.0179421

0.859375 -0.0179421
0.867188 -0.0180018

0.867188 -0.0180018
0.875 -0.018061

2.34375 -0.030186
2.35156 -0.0302972

2.35156 -0.0302972
2.35938 -0.0304103

2.35938 -0.0304103
2.36719 -0.0305255

2.36719 -0.0305255
2.375 -0.0306427

0.875 -0.018061
0.882812 -0.0181196

0.882812 -0.0181196
0.890625 -0.0181777

0.890625 -0.0181777
0.898438 -0.0182354

0.898438 -0.0182354
0.90625 -0.0182927

0.90625 -0.0182927
0.914062 -0.0183497

0.914062 -0.0183496
0.921875 -0.0184063

0.921875 -0.0184063
0.929688 -0.0184626

0.929688 -0.0184626
0.9375 -0.0185187

0.9375 -0.0185187
0.945312 -0.0185746

0.945312 -0.0185746
0.953125 -0.0186302

2.375 -0.0306427
2.38281 -0.0307621

2.38281 -0.0307621
2.39062 -0.0308836

2.39062 -0.0308836
2.39844 -0.0310074

2.39844 -0.0310073
2.40625 -0.0311334

0.953125 -0.0186302
0.960938 -0.0186855

0.960938 -0.0186855
0.96875 -0.0187405

0.96875 -0.0187405
0.976562 -0.0187953

0.976562 -0.0187953
0.984375 -0.0188498

2.41406 -0.0312619
2.41334 -0.03125

2.41406 -0.0312619
2.42188 -0.0313928

2.42188 -0.0313928
2.42969 -0.0315263

2.42969 -0.0315262
2.4375 -0.0316623

0.984375 -0.0188498
0.992188 -0.0189039

0.992188 -0.0189039
1 -0.0189577

2.40625 -0.0311334
2.41334 -0.03125

2.4375 -0.0316623
2.44531 -0.031801

2.44531 -0.031801
2.45312 -0.0319424

2.45312 -0.0319424
2.46094 -0.0320867

2.46094 -0.0320867
2.46875 -0.032234

2.46875 -0.032234
2.47656 -0.0323844

2.47656 -0.0323843
2.48438 -0.0325378

2.48438 -0.0325378
2.49219 -0.0326946

2.49219 -0.0326946
2.5 -0.0328548

-2 0.0310271
-1.99219 0.0308315

-1.99219 0.0308315
-1.98438 0.0306366

-1.98438 0.0306366
-1.97656 0.0304424

-1.97656 0.0304424
-1.96875 0.0302488

-1.96875 0.0302488
-1.96094 0.0300559

-1.96094 0.0300559
-1.95312 0.0298636

-1.95312 0.0298636
-1.94531 0.0296719

-1.94531 0.0296719
-1.9375 0.0294808

-1.9375 0.0294808
-1.92969 0.0292903

-1.92969 0.0292903
-1.92188 0.0291004

-1.92188 0.0291004
-1.91406 0.0289111

-1.91406 0.0289111
-1.90625 0.0287223

-1.90625 0.0287223
-1.89844 0.0285341

-1.89844 0.0285342
-1.89062 0.0283465

-1.89062 0.0283465
-1.88281 0.0281595

-1.88281 0.0281595
-1.875 0.027973

-1.875 0.027973
-1.86719 0.0277871

-1.86719 0.0277871
-1.85938 0.0276017

-1.85938 0.0276017
-1.85156 0.027417

-1.85156 0.027417
-1.84375 0.0272329

-1.84375 0.0272329
-1.83594 0.0270493

-1.83594 0.0270493
-1.82812 0.0268665

-1.82812 0.0268665
-1.82031 0.0266842

-1.82031 0.0266842
-1.8125 0.0265025

-1.8125 0.0265025
-1.80469 0.0263215

-1.80469 0.0263215
-1.79688 0.026141

-1.79688 0.026141
-1.78906 0.025961

-1.78906 0.025961
-1.78125 0.0257816

-1.78125 0.0257816
-1.77344 0.0256027

-1.77344 0.0256027
-1.76562 0.0254242

-1.76562 0.0254242
-1.75781 0.0252462

-1.75781 0.0252462
-1.75 0.0250686

-1.75 0.0250686
-1.74219 0.0248915

-1.74219 0.0248915
-1.73438 0.0247148

-1.73438 0.0247148
-1.72656 0.0245385

-1.72656 0.0245385
-1.71875 0.0243627

-1.71875 0.0243627
-1.71094 0.0241874

-1.71094 0.0241874
-1.70312 0.0240124

-1.70312 0.0240124
-1.69531 0.0238379

-1.69531 0.0238379
-1.6875 0.0236638

2.5 -0.0328547
2.50781 -0.0330184

-1.6875 0.0236638
-1.67969 0.0234901

-1.67188 0.0233166
-1.67732 0.0234375

-1.67969 0.0234901
-1.67732 0.0234375

-1.67188 0.0233167
-1.66406 0.0231435

-1.66406 0.0231435
-1.65625 0.0229705

-1.65625 0.0229705
-1.64844 0.0227978

-1.64844 0.0227978
-1.64062 0.0226252

-1.64062 0.0226252
-1.63281 0.0224528

-1.63281 0.0224528
-1.625 0.0222805

2.50781 -0.0330184
2.51562 -0.0331856

2.51562 -0.0331856
2.52344 -0.0333566

2.52344 -0.0333565
2.53125 -0.0335313

2.53125 -0.0335312
2.53906 -0.0337098

2.53906 -0.0337098
2.54688 -0.0338923

2.54688 -0.0338923
2.55469 -0.0340789

-1.625 0.0222805
-1.61719 0.0221083

-1.61719 0.0221083
-1.60938 0.0219363

-1.60938 0.0219363
-1.60156 0.0217644

-1.60156 0.0217644
-1.59375 0.0215926

2.55469 -0.0340789
2.5625 -0.0342695

2.5625 -0.0342695
2.57031 -0.0344643

2.57031 -0.0344643
2.57812 -0.0346633

-1.59375 0.0215926
-1.58594 0.0214209

-1.58594 0.0214209
-1.57812 0.0212493

-1.57812 0.0212493
-1.57031 0.0210778

-1.57031 0.0210778
-1.5625 0.0209064

2.57812 -0.0346633
2.58594 -0.0348666

2.58594 -0.0348666
2.59375 -0.0350744

-1.5625 0.0209064
-1.55469 0.020735

-1.55469 0.020735
-1.54688 0.0205636

-1.54688 0.0205636
-1.53906 0.0203922

-1.53906 0.0203922
-1.53125 0.0202208

2.59375 -0.0350744
2.60156 -0.0352866

2.60156 -0.0352866
2.60938 -0.0355034

2.60938 -0.0355034
2.61719 -0.0357249

2.61719 -0.0357248
2.625 -0.0359512

-1.53125 0.0202208
-1.52344 0.0200495

-1.52344 0.0200495
-1.51562 0.0198782

-1.51562 0.0198782
-1.50781 0.0197069

-1.50781 0.0197069
-1.5 0.0195356

2.625 -0.0359511
2.63281 -0.0361824

2.63281 -0.0361823
2.64062 -0.0364186

2.64062 -0.0364186
2.64844 -0.03666

2.64844 -0.03666
2.65625 -0.0369068

2.65625 -0.0369068
2.66406 -0.0371591

2.66406 -0.037159
2.67188 -0.037417

2.67188 -0.0374169
2.67969 -0.0376808

2.67969 -0.0376807
2.6875 -0.0379506

2.6875 -0.0379505
2.69531 -0.0382266

2.69531 -0.0382265
2.70312 -0.038509

2.70312 -0.0385089
2.71094 -0.038798

2.71875 -0.0390938
2.71792 -0.0390625

2.71094 -0.0387979
2.71792 -0.0390625

2.71875 -0.0390938
2.72656 -0.0393967

2.72656 -0.0393967
2.73438 -0.0397067

2.73438 -0.0397067
2.74219 -0.0400241

2.74219 -0.0400241
2.75 -0.040349

1 -0.0189577
1.00781 -0.0190112

1.00781 -0.0190112
1.01562 -0.0190642

1.01562 -0.0190642
1.02344 -0.0191169

1.02344 -0.0191169
1.03125 -0.0191692

1.03125 -0.0191692
1.03906 -0.0192211

1.03906 -0.0192211
1.04688 -0.0192727

1.04688 -0.0192727
1.05469 -0.0193239

1.05469 -0.0193239
1.0625 -0.0193748

1.0625 -0.0193748
1.07031 -0.0194254

1.07031 -0.0194254
1.07812 -0.0194758

1.07812 -0.0194758
1.08594 -0.0195258

1.08594 -0.0195258
1.09375 -0.0195757

1.09375 -0.0195757
1.10156 -0.0196253

1.10156 -0.0196253
1.10938 -0.0196748

2.75 -0.0403489
2.75781 -0.0406815

2.75781 -0.0406814
2.76562 -0.0410218

2.76562 -0.0410218
2.77344 -0.0413702

2.77344 -0.0413701
2.78125 -0.0417267

1.10938 -0.0196748
1.11719 -0.019724

1.11719 -0.019724
1.125 -0.0197731

2.78125 -0.0417267
2.78906 -0.0420916

2.78906 -0.0420915
2.79688 -0.042465

2.79688 -0.0424649
2.80469 -0.0428471

2.80469 -0.042847
2.8125 -0.0432381

1.125 -0.0197731
1.13281 -0.0198219

1.13281 -0.0198219
1.14062 -0.0198706

1.14062 -0.0198706
1.14844 -0.0199191

1.14844 -0.0199191
1.15625 -0.0199674

2.8125 -0.0432381
2.82031 -0.0436382

2.82031 -0.0436382
2.82812 -0.0440477

2.82812 -0.0440476
2.83594 -0.0444666

2.83594 -0.0444666
2.84375 -0.0448954

1.15625 -0.0199674
1.16406 -0.0200155

1.16406 -0.0200155
1.17188 -0.0200633

1.17188 -0.0200633
1.17969 -0.0201109

1.17969 -0.0201109
1.1875 -0.0201583

2.84375 -0.0448953
2.85156 -0.0453341

2.85156 -0.045334
2.85938 -0.0457831

2.85938 -0.045783
2.86719 -0.0462426

2.86719 -0.0462425
2.875 -0.0467129

1.1875 -0.0201583
1.19531 -0.0202055

1.19531 -0.0202055
1.20312 -0.0202525

1.20312 -0.0202524
1.21094 -0.0202992

1.21094 -0.0202992
1.21875 -0.0203457

1.21875 -0.0203457
1.22656 -0.0203921

1.22656 -0.020392
1.23438 -0.0204382

1.23438 -0.0204382
1.24219 -0.0204843

1.24219 -0.0204843
1.25 -0.0205302

2.88281 -0.0471944
2.87763 -0.046875

2.88281 -0.0471943
2.89062 -0.0476872

2.875 -0.0467127
2.87763 -0.046875

2.89062 -0.0476872
2.89844 -0.0481917

2.89844 -0.0481917
2.90625 -0.0487081

2.90625 -0.048708
2.91406 -0.0492367

2.91406 -0.0492366
2.92188 -0.0497778

2.92188 -0.0497777
2.92969 -0.0503316

2.92969 -0.0503316
2.9375 -0.0508987

2.9375 -0.0508985
2.94531 -0.0514791

2.94531 -0.0514791
2.95312 -0.0520734

2.95312 -0.0520732
2.96094 -0.0526818

2.96094 -0.052682
2.96875 -0.053305

2.96875 -0.0533046
2.97656 -0.0539427

2.97656 -0.0539433
2.98438 -0.0545964

2.99219 -0.0552631
2.98546 -0.0546875

2.98438 -0.0546034
2.98536 -0.0546875

2.99219 -0.0552693
3 -0.0559461

-1.5 0.0195356
-1.49219 0.0193644

-1.49219 0.0193644
-1.48438 0.0191932

-1.48438 0.0191932
-1.47656 0.019022

-1.47656 0.019022
-1.46875 0.0188509

-1.46875 0.0188509
-1.46094 0.0186798

-1.46094 0.0186798
-1.45312 0.0185087

-1.45312 0.0185087
-1.44531 0.0183377

-1.44531 0.0183377
-1.4375 0.0181667

-1.4375 0.0181667
-1.42969 0.0179957

-1.42969 0.0179957
-1.42188 0.0178248

-1.42188 0.0178248
-1.41406 0.017654

1.25 -0.0205302
1.25781 -0.020576

1.25781 -0.020576
1.26562 -0.0206219

1.26562 -0.0206218
1.27344 -0.0206677

1.27344 -0.0206677
1.28125 -0.0207135

-1.41406 0.017654
-1.40625 0.0174831

1.28125 -0.0207135
1.28906 -0.0207595

-1.40625 0.0174831
-1.39844 0.0173123

-1.39844 0.0173123
-1.39062 0.0171416

-1.39062 0.0171416
-1.38281 0.0169708

-1.38281 0.0169708
-1.375 0.0168

1.28906 -0.0207595
1.29688 -0.0208056

1.29688 -0.0208056
1.30469 -0.0208519

1.30469 -0.0208519
1.3125 -0.0208984

1.3125 -0.0208984
1.32031 -0.0209453

1.32031 -0.0209453
1.32812 -0.0209925

1.32812 -0.0209925
1.33594 -0.0210401

-1.375 0.0168
-1.36719 0.0166292

-1.36719 0.0166292
-1.35938 0.0164584

-1.35938 0.0164584
-1.35156 0.0162875

-1.35156 0.0162875
-1.34375 0.0161166

1.33594 -0.0210401
1.34375 -0.0210882

1.34375 -0.0210882
1.35156 -0.0211368

-1.34375 0.0161166
-1.33594 0.0159456

-1.33594 0.0159456
-1.32812 0.0157746

-1.32031 0.0156034
-1.3213 0.015625

-1.32031 0.0156034
-1.3125 0.0154321

-1.32812 0.0157746
-1.3213 0.015625

1.35156 -0.0211367
1.35938 -0.0211859

-1.3125 0.0154321
-1.30469 0.0152607

-1.30469 0.0152607
-1.29688 0.0150892

-1.29688 0.0150892
-1.28906 0.0149176

-1.28906 0.0149176
-1.28125 0.014746

-1.28125 0.014746
-1.27344 0.0145742

-1.27344 0.0145742
-1.26562 0.0144024

-1.26562 0.0144024
-1.25781 0.0142306

-1.25781 0.0142306
-1.25 0.0140587

1.35938 -0.0211859
1.36719 -0.0212357

1.36719 -0.0212356
1.375 -0.0212861

1.375 -0.021286
1.38281 -0.0213371

1.38281 -0.0213371
1.39062 -0.0213889

1.39062 -0.0213889
1.39844 -0.0214414

1.39844 -0.0214414
1.40625 -0.0214947

3 -0.0560082
3.01562 -0.0571093

3.01562 -0.0571584
3.03125 -0.0577839

3.03125 -0.0579891
3.0625 -0.0572717

1.40625 -0.0214947
1.41406 -0.0215488

1.41406 -0.0215488
1.42188 -0.0216036

1.42188 -0.0216036
1.42969 -0.0216592

1.42969 -0.0216592
1.4375 -0.0217156

3.0625 -0.0633401
3.06852 -0.0625

3.0625 -0.0577219
3.125 -0.0489963

3.125 -0.0452553
3.25 -0.0237424

3.25 -0.0167939
3.48542 0

1.4375 -0.0217156
1.44531 -0.0217728

1.44531 -0.0217728
1.45312 -0.0218307

3.5 -0.0117126
4 -0.00190865

1.45312 -0.0218307
1.46094 -0.0218894

1.46094 -0.0218894
1.46875 -0.0219488

-1.25 0.0140587
-1.24219 0.0138868

-1.24219 0.0138868
-1.23438 0.0137149

-1.23438 0.0137149
-1.22656 0.013543

1.46875 -0.0219488
1.47656 -0.0220089

1.47656 -0.0220089
1.48438 -0.0220697

1.48438 -0.0220697
1.49219 -0.0221312

1.49219 -0.0221312
1.5 -0.0221932

-1.22656 0.013543
-1.21875 0.013371

-1.21875 0.013371
-1.21094 0.0131992

-1.21094 0.0131992
-1.20312 0.0130273

-1.20312 0.0130273
-1.19531 0.0128555

-1.19531 0.0128555
-1.1875 0.0126837

-1.1875 0.0126837
-1.17969 0.012512

-1.17969 0.012512
-1.17188 0.0123403

-1.17188 0.0123403
-1.16406 0.0121687

-1.16406 0.0121687
-1.15625 0.0119972

-1.15625 0.0119972
-1.14844 0.0118257

-1.14844 0.0118257
-1.14062 0.0116543

-1.14062 0.0116543
-1.13281 0.011483

-1.13281 0.011483
-1.125 0.0113117

-1.125 0.0113117
-1.11719 0.0111405

-1.11719 0.0111405
-1.10938 0.0109693

-1.10938 0.0109693
-1.10156 0.0107983

-1.10156 0.0107983
-1.09375 0.0106272

-1.09375 0.0106272
-1.08594 0.0104563

-1.08594 0.0104563
-1.07812 0.0102854

-1.07812 0.0102854
-1.07031 0.0101145

-1.07031 0.0101145
-1.0625 0.00994379

-1.0625 0.00994379
-1.05469 0.0097731

-1.05469 0.0097731
-1.04688 0.0096025

-1.04688 0.0096025
-1.03906 0.009432

-1.03906 0.009432
-1.03125 0.00926159

-1.03125 0.00926159
-1.02344 0.0090913

-1.02344 0.00909129
-1.01562 0.00892113

-1.01562 0.00892112
-1.00781 0.00875109

-1.00781 0.00875109
-1 0.0085812

