-4 -0.00854982
-3.81623 0

-3.68707 0
-3.5 0.00870353

1.5 -0.13503
1.50781 -0.135667

1.50781 -0.135667
1.51562 -0.136304

-3.5 0.00012474
-3.25 0.0360379

-3.25 0.0272017
-3.125 0.0655634

-3.125 0.0728008
-3.0625 0.104318

-3.0625 0.104882
-3.03125 0.119559

1.51562 -0.136304
1.52344 -0.136941

1.52344 -0.136941
1.53125 -0.137577

-3.03125 0.11961
-3.01746 0.125

-3.0178 0.125
-3 0.131958

1.53125 -0.137577
1.53906 -0.138213

1.53906 -0.138213
1.54688 -0.138848

1.54688 -0.138848
1.55469 -0.139483

1.55469 -0.139483
1.5625 -0.140117

1.57031 -0.140751
1.56875 -0.140625

1.57031 -0.14075
1.57812 -0.141383

1.5625 -0.140116
1.56877 -0.140625

1.57812 -0.141383
1.58594 -0.142015

1.58594 -0.142015
1.59375 -0.142646

1.59375 -0.142646
1.60156 -0.143276

1.60156 -0.143276
1.60938 -0.143906

1.60938 -0.143906
1.61719 -0.144534

1.61719 -0.144534
1.625 -0.145161

1.625 -0.145161
1.63281 -0.145787

1.63281 -0.145787
1.64062 -0.146412

1.64062 -0.146412
1.64844 -0.147035

1.64844 -0.147035
1.65625 -0.147657

1.65625 -0.147657
1.66406 -0.148277

1.67188 -0.148897
1.66608 -0.148438

1.66406 -0.148277
1.66608 -0.148438

1.67188 -0.148897
1.67969 -0.149514

1.67969 -0.149514
1.6875 -0.15013

1.6875 -0.15013
1.69531 -0.150744

1.69531 -0.150744
1.70312 -0.151357

1.70312 -0.151357
1.71094 -0.151967

1.71094 -0.151967
1.71875 -0.152576

1.71875 -0.152576
1.72656 -0.153182

1.72656 -0.153182
1.73438 -0.153786

1.73438 -0.153786
1.74219 -0.154388

1.74219 -0.154388
1.75 -0.154988

1.77344 -0.156773
1.76654 -0.15625

1.77344 -0.156774
1.78125 -0.157364

1.75 -0.154988
1.75781 -0.155585

1.75781 -0.155585
1.76562 -0.156181

1.76562 -0.156181
1.76654 -0.15625

1.78125 -0.157364
1.78906 -0.157952

1.78906 -0.157952
1.79688 -0.158537

1.79688 -0.158537
1.80469 -0.159119

1.80469 -0.159119
1.8125 -0.159699

1.8125 -0.159699
1.82031 -0.160276

1.82031 -0.160276
1.82812 -0.160849

1.82812 -0.160849
1.83594 -0.16142

1.83594 -0.16142
1.84375 -0.161988

1.84375 -0.161988
1.85156 -0.162552

1.85156 -0.162552
1.85938 -0.163113

1.85938 -0.163113
1.86719 -0.163671

1.875 -0.164225
1.87271 -0.164062

1.86719 -0.163671
1.87271 -0.164062

1.875 -0.164225
1.88281 -0.164776

1.88281 -0.164776
1.89062 -0.165324

1.89062 -0.165324
1.89844 -0.165867

1.89844 -0.165867
1.90625 -0.166407

1.90625 -0.166407
1.91406 -0.166944

1.91406 -0.166944
1.92188 -0.167476

1.92188 -0.167476
1.92969 -0.168004

1.92969 -0.168004
1.9375 -0.168528

1.9375 -0.168528
1.94531 -0.169048

1.94531 -0.169048
1.95312 -0.169564

1.95312 -0.169564
1.96094 -0.170075

1.96094 -0.170075
1.96875 -0.170582

1.96875 -0.170582
1.97656 -0.171084

1.97656 -0.171084
1.98438 -0.171582

1.99219 -0.172074
1.98903 -0.171875

1.99219 -0.172075
2 -0.172563

1.98438 -0.171582
1.98902 -0.171875

-3 0.131668
-2.98438 0.136765

-2.98438 0.13665
-2.97109 0.140625

-2.97287 0.140625
-2.96875 0.141857

-2.96875 0.14142
-2.96094 0.143553

-2.96094 0.143583
-2.95312 0.145701

-2.95312 0.145701
-2.94531 0.147746

-2.94531 0.147646
-2.94218 0.148438

-2.9428 0.148438
-2.9375 0.149779

-2.9375 0.149721
-2.92969 0.151628

-2.92969 0.151628
-2.92188 0.153469

-2.92188 0.153468
-2.91406 0.155245

-2.91406 0.15515
-2.90905 0.15625

-2.91007 0.15625
-2.90625 0.157088

-2.90625 0.156959
-2.89844 0.158612

-2.89844 0.158612
-2.89062 0.160206

-2.89062 0.160205
-2.88281 0.161742

-2.88281 0.161742
-2.875 0.163223

-2.875 0.163163
-2.87008 0.164062

-2.87085 0.164062
-2.86719 0.164732

-2.86719 0.164649
-2.85938 0.166023

-2.85938 0.166023
-2.85156 0.167345

-2.85156 0.167345
-2.84375 0.168617

-2.84375 0.168617
-2.83594 0.169841

-2.83594 0.169841
-2.82812 0.171017

-2.82812 0.17099
-2.82201 0.171875

-2.82271 0.171875
-2.82031 0.172221

-2.82031 0.172147
-2.8125 0.173232

-2.8125 0.173232
-2.80469 0.174273

-2.80469 0.174273
-2.79688 0.175271

-2.79688 0.175271
-2.78906 0.176228

-2.78906 0.176227
-2.78125 0.177144

-2.78125 0.177143
-2.77344 0.17802

-2.77344 0.17802
-2.76562 0.178858

-2.76562 0.178857
-2.75781 0.179658

-2.75805 0.179688
-2.75781 0.179712

-2.75781 0.179657
-2.7575 0.179688

-2.75752 0.179688
-2.75 0.180423

-2.75 0.180422
-2.74219 0.181151

-2.74219 0.181151
-2.73438 0.181844

-2.73438 0.181844
-2.72656 0.182503

-2.72656 0.182503
-2.71875 0.183129

-2.71875 0.183129
-2.71094 0.183723

-2.71094 0.183722
-2.70312 0.184285

-2.70312 0.184285
-2.69531 0.184816

-2.69531 0.184816
-2.6875 0.185317

-2.6875 0.185317
-2.67969 0.18579

-2.67969 0.185789
-2.67188 0.186233

-2.67188 0.186233
-2.66406 0.186649

-2.66406 0.186649
-2.65625 0.187038

-2.65625 0.187038
-2.64844 0.1874

-2.64844 0.187398
-2.64607 0.1875

-2.64613 0.1875
-2.64062 0.187737

-2.64062 0.187736
-2.63281 0.188048

-2.63281 0.188048
-2.625 0.188334

0 -0.00680144
0.0078125 -0.00748903

0.015625 -0.00818388
0.0114047 -0.0078125

0.0078125 -0.00748077
0.0115822 -0.0078125

0.015625 -0.00817653
0.0234375 -0.00886391

0.0234375 -0.00886391
0.03125 -0.00955116

-2.625 0.188334
-2.61719 0.188597

0.03125 -0.00955116
0.0390625 -0.0102383

0.0390625 -0.0102383
0.046875 -0.0109253

-2.61719 0.188597
-2.60938 0.188836

-2.60938 0.188836
-2.60156 0.189052

-2.60156 0.189052
-2.59375 0.189246

0.046875 -0.0109253
0.0546875 -0.0116123

0.0546875 -0.0116123
0.0625 -0.0122991

-2.59375 0.189246
-2.58594 0.189419

-2.58594 0.189419
-2.57812 0.18957

-2.57812 0.18957
-2.57031 0.1897

-2.57031 0.1897
-2.5625 0.18981

0.0625 -0.0122991
0.0703125 -0.0129859

0.0703125 -0.0129859
0.078125 -0.0136727

0.078125 -0.0136727
0.0859375 -0.0143595

0.0859375 -0.0143595
0.09375 -0.0150464

-2.5625 0.18981
-2.55469 0.189901

-2.55469 0.189901
-2.54688 0.189972

-2.54688 0.189972
-2.53906 0.190025

-2.53906 0.190025
-2.53125 0.19006

0.101562 -0.0157533
0.100104 -0.015625

0.101562 -0.0157334
0.109375 -0.0164204

0.09375 -0.0150423
0.100377 -0.015625

0.109375 -0.0164203
0.117188 -0.0171074

-2.53125 0.190059
-2.52344 0.190076

-2.52344 0.190076
-2.51562 0.190076

-2.51562 0.190076
-2.50781 0.190058

-2.50781 0.190058
-2.5 0.190024

0.117188 -0.0171074
0.125 -0.0177944

0.125 -0.0177944
0.132812 -0.0184814

0.132812 -0.0184814
0.140625 -0.0191684

0.140625 -0.0191684
0.148438 -0.0198554

0.148438 -0.0198554
0.15625 -0.0205424

0.15625 -0.0205424
0.164062 -0.0212294

0.164062 -0.0212294
0.171875 -0.0219164

0.171875 -0.0219164
0.179688 -0.0226034

0.179688 -0.0226034
0.1875 -0.0232904

0.195312 -0.0239787
0.189158 -0.0234375

0.1875 -0.0232859
0.189224 -0.0234375

0.195312 -0.0239775
0.203125 -0.0246645

0.203125 -0.0246645
0.210938 -0.0253515

0.210938 -0.0253515
0.21875 -0.0260384

0.21875 -0.0260384
0.226562 -0.0267253

0.226562 -0.0267253
0.234375 -0.0274121

0.234375 -0.0274121
0.242188 -0.0280989

0.242188 -0.0280989
0.25 -0.0287858

-1 0.0826322
-0.992188 0.0819302

-0.992188 0.0819302
-0.984375 0.0812281

-0.984375 0.0812281
-0.976562 0.0805259

-0.976562 0.0805259
-0.96875 0.0798237

-0.96875 0.0798237
-0.960938 0.0791214

-0.960938 0.0791214
-0.953125 0.0784191

-0.945312 0.0777156
-0.949866 0.078125

-0.945312 0.0777166
-0.9375 0.0770141

-0.953125 0.0784204
-0.94984 0.078125

0.28125 -0.031543
0.277919 -0.03125

0.25 -0.0287858
0.257812 -0.0294727

0.257812 -0.0294727
0.265625 -0.0301596

-0.9375 0.077014
-0.929688 0.0763115

-0.929688 0.0763115
-0.921875 0.075609

-0.921875 0.075609
-0.914062 0.0749066

-0.914062 0.0749066
-0.90625 0.0742043

0.265625 -0.0301596
0.273438 -0.0308467

0.273438 -0.0308401
0.278098 -0.03125

0.28125 -0.0315338
0.289062 -0.032221

0.289062 -0.032221
0.296875 -0.0329083

-0.90625 0.0742043
-0.898438 0.0735021

-0.898438 0.0735022
-0.890625 0.0728

-0.890625 0.0728
-0.882812 0.072098

0.296875 -0.0329083
0.304688 -0.0335956

0.304688 -0.0335956
0.3125 -0.0342831

-0.882812 0.072098
-0.875 0.071396

0.3125 -0.0342831
0.320312 -0.0349706

0.320312 -0.0349706
0.328125 -0.0356581

0.328125 -0.0356581
0.335938 -0.0363457

0.335938 -0.0363457
0.34375 -0.0370335

0.34375 -0.0370334
0.351562 -0.0377212

0.351562 -0.0377212
0.359375 -0.0384091

0.367188 -0.0391206
0.366528 -0.0390625

0.359375 -0.0384075
0.366813 -0.0390625

0.367188 -0.0390971
0.375 -0.0397852

-0.875 0.071396
-0.867188 0.070694

-0.859375 0.0699907
-0.862956 0.0703125

-0.867188 0.0706951
-0.862929 0.0703125

-0.859375 0.069992
-0.851562 0.0692901

0.375 -0.0397852
0.382812 -0.0404734

0.382812 -0.0404734
0.390625 -0.0411616

0.390625 -0.0411616
0.398438 -0.0418498

0.398438 -0.0418498
0.40625 -0.042538

-0.851562 0.0692901
-0.84375 0.0685882

-0.84375 0.0685882
-0.835938 0.0678864

-0.835938 0.0678864
-0.828125 0.0671847

-0.828125 0.0671847
-0.820312 0.0664831

-0.820312 0.0664831
-0.8125 0.0657816

-2.5 0.190024
-2.49219 0.189974

-0.773438 0.062273
-0.775966 0.0625

0.40625 -0.042538
0.414062 -0.0432262

-0.773438 0.0622744
-0.765625 0.0615729

-2.49219 0.189974
-2.48438 0.189908

-2.48438 0.189908
-2.47656 0.189827

0.414062 -0.0432262
0.421875 -0.0439143

-2.47656 0.189827
-2.46875 0.189731

-0.765625 0.0615729
-0.757812 0.0608715

-0.757812 0.0608714
-0.75 0.06017

0.421875 -0.0439143
0.429688 -0.0446024

0.429688 -0.0446024
0.4375 -0.0452905

-2.46875 0.18973
-2.46094 0.18962

-2.46094 0.18962
-2.45312 0.189495

-2.45312 0.189495
-2.44531 0.189356

0.4375 -0.0452905
0.445312 -0.0459784

-0.8125 0.0657816
-0.804688 0.0650801

-2.44531 0.189356
-2.4375 0.189203

-0.804688 0.0650802
-0.796875 0.0643787

-0.796875 0.0643788
-0.789062 0.0636773

-2.4375 0.189203
-2.42969 0.189037

-2.42969 0.189037
-2.42188 0.188859

0.445312 -0.0459784
0.453125 -0.0466664

-2.42188 0.188859
-2.41406 0.188667

-0.789062 0.0636773
-0.78125 0.0629759

-2.41406 0.188667
-2.40625 0.188463

0.460938 -0.0473559
0.455475 -0.046875

0.460938 -0.0473542
0.46875 -0.0480419

0.453125 -0.0466625
0.455539 -0.046875

0.46875 -0.0480419
0.476562 -0.0487294

-2.40625 0.188463
-2.39844 0.188248

-2.39844 0.188248
-2.39062 0.18802

-0.78125 0.0629766
-0.775942 0.0625

-2.39062 0.18802
-2.38281 0.187781

0.476562 -0.0487294
0.484375 -0.0494167

0.484375 -0.0494167
0.492188 -0.0501038

-2.38281 0.187781
-2.375 0.187531

0.492188 -0.0501039
0.5 -0.0507907

-2.36719 0.187269
-2.37408 0.1875

-2.36719 0.187269
-2.35938 0.186997

-2.35938 0.186997
-2.35156 0.186714

-2.35156 0.186714
-2.34375 0.186421

-2.34375 0.186421
-2.33594 0.186119

-2.33594 0.186119
-2.32812 0.185806

-2.32812 0.185806
-2.32031 0.185484

-2.32031 0.185484
-2.3125 0.185153

-2.375 0.187529
-2.37412 0.1875

-2.3125 0.185153
-2.30469 0.184813

-2.30469 0.184813
-2.29688 0.184464

-2.29688 0.184464
-2.28906 0.184107

-2.28906 0.184107
-2.28125 0.183742

-2.28125 0.183741
-2.27344 0.183368

-2.27344 0.183368
-2.26562 0.182986

-2.26562 0.182986
-2.25781 0.182597

-2.25781 0.182597
-2.25 0.1822

-0.75 0.06017
-0.742188 0.0594687

-0.742188 0.0594687
-0.734375 0.0587674

-0.734375 0.0587674
-0.726562 0.0580661

-0.726562 0.0580661
-0.71875 0.0573648

-0.71875 0.0573648
-0.710938 0.0566635

-0.710938 0.0566635
-0.703125 0.0559622

-0.703125 0.0559622
-0.695312 0.0552606

-0.6875 0.0545579
-0.688943 0.0546875

-0.695312 0.0552609
-0.688928 0.0546875

-0.6875 0.054559
-0.679688 0.0538572

-0.679688 0.0538572
-0.671875 0.0531553

-0.671875 0.0531553
-0.664062 0.0524533

-0.664062 0.0524533
-0.65625 0.0517513

-0.65625 0.0517513
-0.648438 0.0510492

-0.648438 0.0510492
-0.640625 0.0503471

-0.640625 0.0503471
-0.632812 0.0496449

-0.632812 0.0496449
-0.625 0.0489427

-0.625 0.0489427
-0.617188 0.0482403

-0.617188 0.0482403
-0.609375 0.0475379

-0.601562 0.0468349
-0.602008 0.046875

-0.601562 0.0468353
-0.59375 0.0461326

-0.609375 0.0475379
-0.602003 0.046875

-0.59375 0.0461326
-0.585938 0.0454299

-0.585938 0.0454299
-0.578125 0.0447271

-0.578125 0.0447271
-0.570312 0.0440244

-0.570312 0.0440244
-0.5625 0.0433216

-2.25 0.1822
-2.24219 0.181796

-2.24219 0.181796
-2.23438 0.181385

-2.23438 0.181385
-2.22656 0.180966

-0.5625 0.0433216
-0.554688 0.0426189

-0.554688 0.0426189
-0.546875 0.0419161

-2.22656 0.180966
-2.21875 0.180541

-2.21875 0.180541
-2.21094 0.180109

-0.546875 0.0419161
-0.539062 0.0412134

-0.539062 0.0412134
-0.53125 0.0405106

-2.20312 0.179671
-2.20342 0.179688

-0.53125 0.0405106
-0.523438 0.0398078

-0.523438 0.0398078
-0.515625 0.0391049

-0.507812 0.0384017
-0.515157 0.0390625

-0.515625 0.0391083
-0.515116 0.0390625

-0.507812 0.0384019
-0.5 0.037699

-2.21094 0.180109
-2.20342 0.179688

-2.20312 0.179671
-2.19531 0.179226

-2.19531 0.179226
-2.1875 0.178775

-2.1875 0.178775
-2.17969 0.178318

-2.17969 0.178318
-2.17188 0.177855

-2.17188 0.177855
-2.16406 0.177386

-2.16406 0.177386
-2.15625 0.176912

-2.15625 0.176912
-2.14844 0.176432

-2.14844 0.176432
-2.14062 0.175947

-2.14062 0.175947
-2.13281 0.175457

-2.13281 0.175457
-2.125 0.174962

-2.125 0.174962
-2.11719 0.174462

-2.11719 0.174462
-2.10938 0.173957

-2.10938 0.173957
-2.10156 0.173447

-2.10156 0.173447
-2.09375 0.172933

-2.09375 0.172933
-2.08594 0.172414

-2.08594 0.172414
-2.07812 0.171891

-2.07031 0.171364
-2.07788 0.171875

-2.07031 0.171364
-2.0625 0.170832

-2.07812 0.17189
-2.07791 0.171875

-2.0625 0.170832
-2.05469 0.170297

-2.05469 0.170297
-2.04688 0.169758

-2.04688 0.169758
-2.03906 0.169215

-2.03906 0.169214
-2.03125 0.168668

-2.03125 0.168668
-2.02344 0.168118

-2.02344 0.168118
-2.01562 0.167564

-2.01562 0.167564
-2.00781 0.167007

-2.00781 0.167007
-2 0.166447

0.5 -0.0507907
0.507812 -0.0514773

0.507812 -0.0514773
0.515625 -0.0521636

0.515625 -0.0521636
0.523438 -0.0528496

0.523438 -0.0528496
0.53125 -0.0535352

0.53125 -0.0535352
0.539062 -0.0542206

0.546875 -0.0549145
0.544286 -0.0546875

0.539062 -0.0542163
0.544436 -0.0546875

0.546875 -0.0549056
0.554688 -0.0555903

0.554688 -0.0555903
0.5625 -0.0562745

0.5625 -0.0562745
0.570312 -0.0569584

0.570312 -0.0569584
0.578125 -0.0576418

0.578125 -0.0576418
0.585938 -0.0583248

0.585938 -0.0583248
0.59375 -0.0590073

0.59375 -0.0590073
0.601562 -0.0596893

0.601562 -0.0596893
0.609375 -0.0603708

0.609375 -0.0603708
0.617188 -0.0610517

0.617188 -0.0610517
0.625 -0.0617322

0.640625 -0.0630919
0.633819 -0.0625

0.640625 -0.0630917
0.648438 -0.0637707

0.648438 -0.0637707
0.65625 -0.0644492

0.65625 -0.0644493
0.664062 -0.0651272

0.664062 -0.0651272
0.671875 -0.0658046

0.671875 -0.0658046
0.679688 -0.0664814

0.679688 -0.0664814
0.6875 -0.0671578

0.625 -0.0617322
0.632812 -0.0624122

0.632812 -0.0624107
0.63384 -0.0625

2 -0.172563
2.00781 -0.173046

2.00781 -0.173046
2.01562 -0.173524

0.6875 -0.0671578
0.695312 -0.0678336

0.695312 -0.0678335
0.703125 -0.0685088

0.703125 -0.0685088
0.710938 -0.0691835

0.710938 -0.0691835
0.71875 -0.0698578

2.01562 -0.173524
2.02344 -0.173997

0.726562 -0.0705381
0.723947 -0.0703125

0.71875 -0.0698546
0.724058 -0.0703125

2.02344 -0.173997
2.03125 -0.174464

2.03125 -0.174464
2.03906 -0.174926

2.03906 -0.174926
2.04688 -0.175383

2.04688 -0.175383
2.05469 -0.175833

2.05469 -0.175833
2.0625 -0.176278

0.726562 -0.0705317
0.734375 -0.071205

0.734375 -0.071205
0.742188 -0.0718779

0.742188 -0.0718779
0.75 -0.0725503

2.0625 -0.176278
2.07031 -0.176717

2.07031 -0.176717
2.07812 -0.17715

2.07812 -0.17715
2.08594 -0.177576

2.08594 -0.177576
2.09375 -0.177997

2.09375 -0.177997
2.10156 -0.17841

2.10156 -0.17841
2.10938 -0.178817

2.10938 -0.178817
2.11719 -0.179218

2.11719 -0.179218
2.125 -0.179611

-0.0703125 -0.000605652
-0.0771747 0

-0.0703125 -0.000605067
-0.0625 -0.00129442

2.13281 -0.179998
2.12654 -0.179688

2.125 -0.179612
2.12653 -0.179688

2.13281 -0.179998
2.14062 -0.180378

2.14062 -0.180378
2.14844 -0.18075

2.14844 -0.18075
2.15625 -0.181114

-0.0625 -0.00129443
-0.0546875 -0.00198358

-0.0546875 -0.00198358
-0.046875 -0.0026725

-0.046875 -0.0026725
-0.0390625 -0.00336119

-0.0390625 -0.00336118
-0.03125 -0.00404963

2.15625 -0.181114
2.16406 -0.181471

2.16406 -0.181471
2.17188 -0.18182

2.17188 -0.18182
2.17969 -0.182161

-0.03125 -0.00404963
-0.0234375 -0.00473786

0.75 -0.0725503
0.757812 -0.0732222

0.757812 -0.0732222
0.765625 -0.0738935

2.17969 -0.182162
2.1875 -0.182494

0.765625 -0.0738935
0.773438 -0.0745644

0.773438 -0.0745644
0.78125 -0.0752348

2.1875 -0.182494
2.19531 -0.182819

2.19531 -0.182819
2.20312 -0.183135

-0.0234375 -0.00473785
-0.015625 -0.00542588

-0.015625 -0.00542588
-0.0078125 -0.00611373

0.78125 -0.0752348
0.789062 -0.0759047

-0.0078125 -0.00611373
0 -0.00680144

2.20312 -0.183135
2.21094 -0.183442

2.21094 -0.183442
2.21875 -0.18374

2.21875 -0.18374
2.22656 -0.184029

-0.5 0.037699
-0.492188 0.0369961

-0.492188 0.0369961
-0.484375 0.0362934

-0.484375 0.0362934
-0.476562 0.0355908

-0.476562 0.0355908
-0.46875 0.0348883

2.22656 -0.184029
2.23438 -0.184308

2.23438 -0.184308
2.24219 -0.184578

2.24219 -0.184578
2.25 -0.184838

-0.46875 0.0348883
-0.460938 0.034186

-0.460938 0.034186
-0.453125 0.0334838

-0.453125 0.0334838
-0.445312 0.0327818

-0.445312 0.0327818
-0.4375 0.0320798

0.789062 -0.0759047
0.796875 -0.0765741

0.796875 -0.0765741
0.804688 -0.077243

0.804688 -0.077243
0.8125 -0.0779115

-0.421875 0.0306754
-0.428273 0.03125

-0.421875 0.0306764
-0.414062 0.0299749

-0.414062 0.0299749
-0.40625 0.0292736

-0.4375 0.0320798
-0.429688 0.031378

-0.429688 0.0313823
-0.428215 0.03125

0.820312 -0.0785806
0.814984 -0.078125

0.820312 -0.0785796
0.828125 -0.0792472

0.8125 -0.0779092
0.815023 -0.078125

-0.40625 0.0292736
-0.398438 0.0285727

-0.398438 0.0285727
-0.390625 0.027872

0.828125 -0.0792472
0.835938 -0.0799144

0.835938 -0.0799144
0.84375 -0.0805812

-0.390625 0.027872
-0.382812 0.0271717

-0.382812 0.0271717
-0.375 0.0264716

0.84375 -0.0805812
0.851562 -0.0812474

0.851562 -0.0812474
0.859375 -0.0819132

0.859375 -0.0819132
0.867188 -0.0825784

0.867188 -0.0825784
0.875 -0.0832432

2.25 -0.184838
2.25781 -0.185088

2.25781 -0.185089
2.26562 -0.185328

2.26562 -0.185328
2.27344 -0.185558

2.27344 -0.185558
2.28125 -0.185776

-0.375 0.0264716
-0.367188 0.0257718

-0.367188 0.0257718
-0.359375 0.0250722

-0.359375 0.0250722
-0.351562 0.0243729

0.875 -0.0832432
0.882812 -0.0839075

2.28125 -0.185776
2.28906 -0.185984

0.882812 -0.0839075
0.890625 -0.0845713

0.890625 -0.0845713
0.898438 -0.0852347

0.898438 -0.0852347
0.90625 -0.0858975

0.914062 -0.08656
0.906721 -0.0859375

-0.351562 0.0243729
-0.34375 0.0236737

-0.335938 0.0229727
-0.341133 0.0234375

2.28906 -0.185984
2.29688 -0.18618

-0.34375 0.0236778
-0.341064 0.0234375

0.90625 -0.0858971
0.906726 -0.0859375

-0.335938 0.0229748
-0.328125 0.0222761

2.29688 -0.18618
2.30469 -0.186365

2.30469 -0.186365
2.3125 -0.186538

0.914062 -0.08656
0.921875 -0.0872219

0.921875 -0.087222
0.929688 -0.0878834

2.3125 -0.186538
2.32031 -0.186699

0.929688 -0.0878834
0.9375 -0.0885444

-0.328125 0.0222761
-0.320312 0.0215777

-0.320312 0.0215777
-0.3125 0.0208796

2.32031 -0.186699
2.32812 -0.186847

2.32812 -0.186847
2.33594 -0.186983

2.33594 -0.186983
2.34375 -0.187106

2.34375 -0.187106
2.35156 -0.187216

2.35156 -0.187216
2.35938 -0.187312

2.35938 -0.187312
2.36719 -0.187394

2.36719 -0.187394
2.375 -0.187461

-0.3125 0.0208796
-0.304688 0.0201818

-0.304688 0.0201818
-0.296875 0.0194844

-0.296875 0.0194844
-0.289062 0.0187873

-0.289062 0.0187873
-0.28125 0.0180905

0.9375 -0.0885444
0.945312 -0.0892048

0.945312 -0.0892048
0.953125 -0.0898646

0.953125 -0.0898646
0.960938 -0.0905239

-0.28125 0.0180905
-0.273438 0.0173941

-0.273438 0.0173941
-0.265625 0.016698

-0.25 0.0153032
-0.253614 0.015625

2.38281 -0.187514
2.38074 -0.1875

2.38281 -0.187514
2.39062 -0.187552

0.960938 -0.0905239
0.96875 -0.0911826

2.39062 -0.187552
2.39844 -0.187574

1 -0.0938196
0.999172 -0.09375

0.96875 -0.0911826
0.976562 -0.0918408

0.976562 -0.0918408
0.984375 -0.0924984

0.984375 -0.0924984
0.992188 -0.0931555

0.992188 -0.0931547
0.99927 -0.09375

2.39844 -0.187574
2.40625 -0.187581

2.40625 -0.187581
2.41406 -0.187572

2.41406 -0.187572
2.42188 -0.187546

2.42188 -0.187546
2.42969 -0.187504

-0.265625 0.016698
-0.257812 0.0160022

-0.257812 0.0160051
-0.253543 0.015625

2.42969 -0.187504
2.4302 -0.1875

2.375 -0.187461
2.38072 -0.1875

2.43017 -0.1875
2.4375 -0.187444

2.4375 -0.187444
2.44531 -0.187367

2.44531 -0.187367
2.45312 -0.187272

2.45312 -0.187272
2.46094 -0.187158

2.46094 -0.187158
2.46875 -0.187026

2.46875 -0.187026
2.47656 -0.186874

2.47656 -0.186874
2.48438 -0.186702

2.48438 -0.186702
2.49219 -0.18651

2.49219 -0.18651
2.5 -0.186297

-0.25 0.0153067
-0.242188 0.0146116

-0.242188 0.0146116
-0.234375 0.0139168

-0.234375 0.0139168
-0.226562 0.0132225

-0.226562 0.0132225
-0.21875 0.0125286

-0.21875 0.0125286
-0.210938 0.011835

-0.210938 0.011835
-0.203125 0.0111419

-0.203125 0.0111419
-0.195312 0.010449

-0.195312 0.010449
-0.1875 0.00975651

-0.1875 0.00975652
-0.179688 0.00906423

-0.179688 0.00906424
-0.171875 0.00837218

-0.164062 0.00767632
-0.1656 0.0078125

-0.171875 0.00837314
-0.165544 0.0078125

-0.164062 0.00768031
-0.15625 0.00698867

-0.15625 0.00698866
-0.148438 0.00629725

-0.148438 0.00629724
-0.140625 0.00560609

-0.140625 0.00560609
-0.132812 0.0049152

-0.132812 0.0049152
-0.125 0.00422455

-0.125 0.00422456
-0.117188 0.00353413

-0.117188 0.00353414
-0.109375 0.00284391

-0.109375 0.00284392
-0.101562 0.00215385

-0.101562 0.00215386
-0.09375 0.00146394

-0.09375 0.00146394
-0.0859375 0.000774145

-0.0859375 0.000774144
-0.078125 8.44756e-05

-0.078125 8.86195e-05
-0.0771209 0

-2 0.166447
-1.99219 0.165884

-1.99219 0.165884
-1.98438 0.165317

-1.98438 0.165317
-1.97656 0.164748

-1.97656 0.164748
-1.96875 0.164175

-1.96094 0.1636
-1.96722 0.164062

-1.96875 0.164175
-1.96723 0.164062

-1.96094 0.1636
-1.95312 0.163022

-1.95312 0.163022
-1.94531 0.162441

-1.94531 0.162441
-1.9375 0.161857

-1.9375 0.161857
-1.92969 0.161271

-1.92969 0.161271
-1.92188 0.160683

-1.92188 0.160683
-1.91406 0.160092

-1.91406 0.160092
-1.90625 0.159499

-1.90625 0.159499
-1.89844 0.158904

-1.89844 0.158904
-1.89062 0.158306

-1.89062 0.158306
-1.88281 0.157707

-1.88281 0.157707
-1.875 0.157105

-1.85938 0.155896
-1.86395 0.15625

-1.85938 0.155896
-1.85156 0.155288

-1.85156 0.155288
-1.84375 0.154679

-1.875 0.157105
-1.86719 0.156501

-1.86719 0.156501
-1.86395 0.15625

-1.84375 0.154678
-1.83594 0.154067

-1.83594 0.154067
-1.82812 0.153454

-1.82812 0.153454
-1.82031 0.15284

-1.82031 0.15284
-1.8125 0.152224

-1.8125 0.152224
-1.80469 0.151606

-1.80469 0.151606
-1.79688 0.150987

-1.79688 0.150987
-1.78906 0.150367

-1.78906 0.150367
-1.78125 0.149745

-1.78125 0.149745
-1.77344 0.149122

-1.77344 0.149122
-1.76562 0.148497

-1.75781 0.147871
-1.76488 0.148438

-1.76562 0.148497
-1.76488 0.148438

-1.75781 0.147871
-1.75 0.147243

2.5 -0.186297
2.50781 -0.186062

2.50781 -0.186062
2.51562 -0.185806

2.51562 -0.185806
2.52344 -0.185527

2.52344 -0.185527
2.53125 -0.185225

2.53125 -0.185225
2.53906 -0.184899

2.53906 -0.184899
2.54688 -0.184549

2.54688 -0.184549
2.55469 -0.184175

2.55469 -0.184175
2.5625 -0.183774

2.5625 -0.183774
2.57031 -0.183348

2.57031 -0.183348
2.57812 -0.182895

2.57812 -0.182895
2.58594 -0.182414

2.58594 -0.182414
2.59375 -0.181905

2.59375 -0.181905
2.60156 -0.181367

2.60156 -0.181368
2.60938 -0.1808

2.60938 -0.1808
2.61719 -0.180203

2.61719 -0.180204
2.6236 -0.179688

2.62354 -0.179688
2.625 -0.17957

2.625 -0.179574
2.63281 -0.178914

2.63281 -0.178914
2.64062 -0.178221

2.64062 -0.178222
2.64844 -0.177495

2.64844 -0.177495
2.65625 -0.176734

-1.75 0.147243
-1.74219 0.146614

-1.74219 0.146614
-1.73438 0.145984

-1.73438 0.145984
-1.72656 0.145353

2.65625 -0.176735
2.66406 -0.175938

2.66406 -0.175939
2.67188 -0.175106

2.67188 -0.175106
2.67969 -0.174236

-1.72656 0.145353
-1.71875 0.144721

-1.71875 0.144721
-1.71094 0.144087

-1.71094 0.144087
-1.70312 0.143453

-1.70312 0.143453
-1.69531 0.142817

-1.69531 0.142817
-1.6875 0.142181

2.67969 -0.174236
2.6875 -0.173328

-1.6875 0.142181
-1.67969 0.141543

2.6875 -0.173328
2.69531 -0.17238

2.69531 -0.1724
2.69946 -0.171875

2.69915 -0.171875
2.70312 -0.171373

2.70312 -0.171393
2.71094 -0.170364

2.71094 -0.170364
2.71875 -0.169293

2.71875 -0.169293
2.72656 -0.168178

-1.67969 0.141543
-1.67188 0.140904

-1.66406 0.140263
-1.66848 0.140625

-1.66406 0.140263
-1.65625 0.139622

2.72656 -0.168178
2.73438 -0.167018

2.73438 -0.167018
2.74219 -0.165812

2.74219 -0.165812
2.75 -0.164558

-1.67188 0.140904
-1.66847 0.140625

-1.65625 0.139622
-1.64844 0.13898

-1.64844 0.13898
-1.64062 0.138336

-1.64062 0.138336
-1.63281 0.137692

-1.63281 0.137692
-1.625 0.137046

-1.625 0.137046
-1.61719 0.1364

-1.61719 0.1364
-1.60938 0.135752

-1.60938 0.135752
-1.60156 0.135104

-1.60156 0.135104
-1.59375 0.134454

-1.59375 0.134454
-1.58594 0.133803

-1.58594 0.133803
-1.57812 0.133152

-1.57031 0.132499
-1.57407 0.132812

-1.57812 0.133152
-1.57406 0.132812

-1.57031 0.132499
-1.5625 0.131846

2.75 -0.164619
2.75334 -0.164062

2.75274 -0.164062
2.75781 -0.163217

2.75781 -0.163256
2.76562 -0.161904

-1.5625 0.131846
-1.55469 0.131191

-1.55469 0.131191
-1.54688 0.130535

-1.54688 0.130535
-1.53906 0.129879

-1.53906 0.129879
-1.53125 0.129222

2.76562 -0.161904
2.77344 -0.160501

2.77344 -0.160501
2.78125 -0.159044

-1.53125 0.129222
-1.52344 0.128563

-1.52344 0.128563
-1.51562 0.127904

-1.51562 0.127904
-1.50781 0.127244

-1.50781 0.127244
-1.5 0.126583

2.78125 -0.159045
2.78906 -0.157534

2.78906 -0.157543
2.79551 -0.15625

2.79688 -0.156331
2.79726 -0.15625

2.79527 -0.15625
2.79688 -0.155927

2.79688 -0.155965
2.80469 -0.15434

2.80469 -0.154343
2.8125 -0.152659

2.8125 -0.15266
2.82031 -0.150915

2.82031 -0.150915
2.82812 -0.149107

2.82812 -0.14928
2.83164 -0.148438

2.83049 -0.148438
2.83594 -0.147131

2.83594 -0.147235
2.84375 -0.145296

2.84375 -0.145296
2.85156 -0.143288

2.85156 -0.143289
2.85938 -0.141209

2.85938 -0.141541
2.8627 -0.140625

2.86095 -0.140625
2.86719 -0.138906

2.86719 -0.139058
2.875 -0.136829

1 -0.0938122
1.00781 -0.0944683

2.875 -0.13683
2.88281 -0.134524

2.88281 -0.134624
2.88874 -0.132812

2.88769 -0.132812
2.89062 -0.131914

2.89062 -0.133381
2.89242 -0.132812

2.89062 -0.132072
2.89844 -0.129601

2.89844 -0.129667
2.90625 -0.12711

1.00781 -0.0944683
1.01562 -0.0951239

1.01562 -0.0951239
1.02344 -0.095779

1.02344 -0.095779
1.03125 -0.0964335

1.03125 -0.0964335
1.03906 -0.0970874

2.90625 -0.127223
2.91281 -0.125

2.91406 -0.125961
2.9168 -0.125

1.03906 -0.0970874
1.04688 -0.0977408

1.04688 -0.0977408
1.05469 -0.0983935

1.05469 -0.0983935
1.0625 -0.0990457

2.91147 -0.125
2.91406 -0.124121

1.0625 -0.0990457
1.07031 -0.0996973

1.07031 -0.0996973
1.07812 -0.100348

2.91406 -0.124296
2.92188 -0.121556

2.92188 -0.121726
2.92969 -0.11889

2.92969 -0.119337
2.93541 -0.117188

1.07812 -0.100348
1.08594 -0.100999

1.09375 -0.101655
1.09264 -0.101562

1.08594 -0.100998
1.09272 -0.101562

1.09375 -0.101649
1.10156 -0.102298

1.10156 -0.102298
1.10938 -0.102947

1.10938 -0.102947
1.11719 -0.103596

2.93271 -0.117188
2.9375 -0.115387

1.11719 -0.103596
1.125 -0.104244

2.9375 -0.118176
2.94004 -0.117188

2.9375 -0.115794
2.94531 -0.112754

2.94531 -0.112916
2.95312 -0.109768

2.95312 -0.110706
2.95631 -0.109375

2.95342 -0.109375
2.96094 -0.106239

2.96094 -0.10651
2.96875 -0.103133

2.96875 -0.103687
2.97349 -0.101562

2.9712 -0.101562
2.97656 -0.0991616

2.97656 -0.102701
2.97866 -0.101562

2.97656 -0.0995791
2.98438 -0.0957578

2.98438 -0.0948447
2.9866 -0.09375

1.125 -0.104244
1.13281 -0.104891

1.13281 -0.104891
1.14062 -0.105538

1.14062 -0.105538
1.14844 -0.106184

1.14844 -0.106184
1.15625 -0.10683

2.9899 -0.09375
3 -0.0887746

1.15625 -0.10683
1.16406 -0.107475

1.16406 -0.107475
1.17188 -0.10812

1.1875 -0.109416
1.18701 -0.109375

1.17188 -0.10812
1.17969 -0.108765

1.17969 -0.108765
1.18709 -0.109375

1.1875 -0.109409
1.19531 -0.110053

1.19531 -0.110053
1.20312 -0.110697

1.20312 -0.110697
1.21094 -0.11134

1.21094 -0.11134
1.21875 -0.111983

1.21875 -0.111983
1.22656 -0.112626

1.22656 -0.112626
1.23438 -0.113268

1.23438 -0.113268
1.24219 -0.11391

1.24219 -0.11391
1.25 -0.114552

1.25 -0.114552
1.25781 -0.115193

1.25781 -0.115193
1.26562 -0.115834

1.26562 -0.115834
1.27344 -0.116475

1.27344 -0.116475
1.28125 -0.117116

1.28906 -0.117757
1.28212 -0.117188

1.28125 -0.117116
1.28212 -0.117188

1.28906 -0.117757
1.29688 -0.118398

1.29688 -0.118398
1.30469 -0.119039

1.30469 -0.119039
1.3125 -0.11968

1.3125 -0.11968
1.32031 -0.12032

1.32031 -0.12032
1.32812 -0.120961

1.32812 -0.120961
1.33594 -0.121601

1.33594 -0.121601
1.34375 -0.122241

1.34375 -0.122241
1.35156 -0.122882

1.35156 -0.122882
1.35938 -0.123522

1.35938 -0.123522
1.36719 -0.124162

1.36719 -0.124162
1.375 -0.124802

-1.47656 0.124594
-1.48134 0.125

-1.47656 0.124595
-1.46875 0.12393

-1.46875 0.12393
-1.46094 0.123264

-1.46094 0.123264
-1.45312 0.122597

1.38281 -0.125443
1.37741 -0.125

1.38281 -0.125442
1.39062 -0.126082

-1.45312 0.122597
-1.44531 0.12193

-1.44531 0.12193
-1.4375 0.121262

1.39062 -0.126083
1.39844 -0.126723

1.39844 -0.126723
1.40625 -0.127363

1.40625 -0.127363
1.41406 -0.128002

1.41406 -0.128002
1.42188 -0.128642

3 -0.0883448
3.01562 -0.0800576

3.01562 -0.0798936
3.01885 -0.078125

3.01894 -0.078125
3.03125 -0.0713671

3.03125 -0.0715414
3.04702 -0.0625

-1.4375 0.121262
-1.42969 0.120593

-1.42969 0.120593
-1.42188 0.119923

1.42188 -0.128642
1.42969 -0.129282

1.42969 -0.129282
1.4375 -0.129921

3.04577 -0.0625
3.0625 -0.0529089

1.4375 -0.129921
1.44531 -0.13056

-1.42188 0.119923
-1.41406 0.119252

1.44531 -0.13056
1.45312 -0.131199

3.0625 -0.0519967
3.125 -0.0203878

3.125 -0.0151978
3.18965 0

-1.41406 0.119252
-1.40625 0.11858

3.25 -0.000691831
3.26893 0

1.45312 -0.131199
1.46094 -0.131838

3.19409 0
3.25 0.0131433

1.46094 -0.131838
1.46875 -0.132477

-1.40625 0.11858
-1.39844 0.117907

-1.39844 0.117907
-1.39062 0.117234

1.47656 -0.133116
1.47285 -0.132812

1.46875 -0.132476
1.47287 -0.132812

1.47656 -0.133115
1.48438 -0.133754

1.48438 -0.133754
1.49219 -0.134392

1.49219 -0.134392
1.5 -0.13503

1.375 -0.124801
1.37742 -0.125

3.25 0.00303861
3.5 0.0116605

3.5 -0.0103721
4 -0.00915099

-1.38281 0.116559
-1.39009 0.117188

-1.39062 0.117235
-1.39007 0.117188

-1.38281 0.116559
-1.375 0.115884

-1.5 0.126583
-1.49219 0.125922

-1.49219 0.125922
-1.48438 0.125259

-1.48438 0.125259
-1.48132 0.125

-1.375 0.115884
-1.36719 0.115207

-1.36719 0.115207
-1.35938 0.11453

-1.35938 0.11453
-1.35156 0.113852

-1.35156 0.113852
-1.34375 0.113173

-1.34375 0.113173
-1.33594 0.112493

-1.33594 0.112493
-1.32812 0.111813

-1.32812 0.111813
-1.32031 0.111131

-1.32031 0.111131
-1.3125 0.110449

-1.29688 0.109081
-1.30023 0.109375

-1.3125 0.110449
-1.30469 0.109766

-1.30469 0.109766
-1.30022 0.109375

-1.29688 0.109082
-1.28906 0.108397

-1.28906 0.108396
-1.28125 0.107711

-1.28125 0.107711
-1.27344 0.107024

-1.27344 0.107024
-1.26562 0.106336

-1.26562 0.106336
-1.25781 0.105648

-1.25781 0.105648
-1.25 0.104959

-1.25 0.104959
-1.24219 0.104269

-1.24219 0.104269
-1.23438 0.103578

-1.23438 0.103578
-1.22656 0.102887

-1.22656 0.102887
-1.21875 0.102195

-1.21094 0.101502
-1.21162 0.101562

-1.21875 0.102195
-1.21162 0.101562

-1.21094 0.101502
-1.20312 0.100809

-1.20312 0.100809
-1.19531 0.100115

-1.19531 0.100115
-1.1875 0.0994199

-1.1875 0.0994199
-1.17969 0.0987246

-1.17969 0.0987246
-1.17188 0.0980289

-1.17188 0.0980289
-1.16406 0.0973326

-1.16406 0.0973326
-1.15625 0.0966359

-1.15625 0.0966359
-1.14844 0.0959387

-1.14844 0.0959387
-1.14062 0.0952411

-1.14062 0.0952411
-1.13281 0.094543

-1.13281 0.094543
-1.125 0.0938445

-1.11719 0.0931452
-1.12395 0.09375

-1.11719 0.0931455
-1.10938 0.0924461

-1.10938 0.0924461
-1.10156 0.0917465

-1.10156 0.0917464
-1.09375 0.0910466

-1.125 0.0938461
-1.12393 0.09375

-1.09375 0.0910466
-1.08594 0.0903465

-1.08594 0.0903465
-1.07812 0.0896462

-1.07812 0.0896462
-1.07031 0.0889457

-1.07031 0.0889457
-1.0625 0.088245

-1.0625 0.088245
-1.05469 0.0875441

-1.05469 0.0875441
-1.04688 0.086843

-1.04688 0.086843
-1.03906 0.0861416

-1.03125 0.0854394
-1.0368 0.0859375

-1.03906 0.0861432
-1.03677 0.0859375

-1.03125 0.08544
-1.02344 0.0847382

-1.02344 0.0847382
-1.01562 0.0840363

-1.01562 0.0840363
-1.00781 0.0833343

-1.00781 0.0833343
-1 0.0826322

