-3.5 -0.000161443
-3.7724 0

-3.25 -0.000232619
-3.49198 0

-3.25 -8.57682e-05
-3.125 -0.000436858

1.01562 0.0389341
1.03125 0.0395403

1.03125 0.0395404
1.04688 0.0401382

1.04688 0.0401382
1.0625 0.0407275

1.0625 0.0407275
1.07812 0.0413081

1.07812 0.0413081
1.09375 0.0418798

1.09375 0.0418799
1.10938 0.0424426

1.10938 0.0424426
1.125 0.0429962

-3.125 -0.000292054
-3.0625 -0.000735372

1.125 0.0429963
1.14062 0.0435406

-3.0625 -0.000147965
-3.03125 -0.000827539

-3.03125 -0.00122999
-3 -0.00273739

1.14062 0.0435407
1.15625 0.0440756

1.15625 0.0440757
1.17188 0.0446012

1.17188 0.0446012
1.1875 0.0451172

1.1875 0.0451172
1.20312 0.0456235

-3 -0.00274141
-2.98438 -0.00350266

-2.98438 -0.00350321
-2.96875 -0.0042629

-2.96875 -0.0042629
-2.95312 -0.00501994

1.20312 0.0456235
1.21875 0.04612

1.21875 0.04612
1.23438 0.0466067

1.23438 0.0466086
1.2431 0.046875

1.24325 0.046875
1.25 0.0470811

-2.95312 -0.00502005
-2.9375 -0.0057742

-2.9375 -0.00577422
-2.92188 -0.00652522

1.25 0.0470836
1.26562 0.0475507

1.26562 0.0475507
1.28125 0.0480079

-2.92188 -0.00652526
-2.90625 -0.00727297

-2.90625 -0.00727298
-2.89062 -0.00801727

-2.89062 -0.00801731
-2.875 -0.00875806

-2.875 -0.00875808
-2.85938 -0.0094952

0 -0.0106146
0.015625 -0.00981693

0.015625 -0.00981688
0.03125 -0.00901648

0.03125 -0.00901643
0.046875 -0.0082135

0.046875 -0.00821345
0.0625 -0.00740821

0.0625 -0.00740816
0.078125 -0.00660082

0.078125 -0.00660077
0.09375 -0.00579154

0.09375 -0.00579149
0.109375 -0.00498057

-2.85938 -0.00949523
-2.84375 -0.0102286

0.109375 -0.00498052
0.125 -0.00416813

-1.01562 -0.0482637
-1 -0.0479928

0.125 -0.00416808
0.140625 -0.00335441

0.140625 -0.00335436
0.15625 -0.00253959

1.28125 0.048008
1.29688 0.0484552

1.29688 0.0484552
1.3125 0.0488922

1.3125 0.0488922
1.32812 0.0493189

-2.84375 -0.0102286
-2.82812 -0.0109582

0.15625 -0.00253954
0.171875 -0.00172387

1.32812 0.0493189
1.34375 0.0497351

1.34375 0.0497352
1.35938 0.0501407

0.171875 -0.00172384
0.1875 -0.00090742

0.1875 -0.000907324
0.203125 -9.03869e-05

0.203125 -7.03449e-05
0.20447 0

1.35938 0.0501407
1.375 0.0505355

1.375 0.0505355
1.39062 0.0509193

-1 -0.0479928
-0.984375 -0.0477101

-0.984375 -0.0477101
-0.96875 -0.0474157

-0.96875 -0.0474157
-0.953125 -0.0471095

1.39062 0.0509194
1.40625 0.0512922

1.40625 0.0512922
1.42188 0.0516538

1.42188 0.0516539
1.4375 0.0520042

0.204898 0
0.21875 0.000724758

0.21875 0.000727093
0.234375 0.00154521

0.234375 0.00154526
0.25 0.0023637

0.25 0.00236376
0.265625 0.0031823

0.265625 0.00318236
0.28125 0.00400074

0.28125 0.0040008
0.296875 0.00481878

0.296875 0.00481884
0.3125 0.0056362

0.3125 0.00563625
0.328125 0.00645276

0.328125 0.00645281
0.34375 0.00726825

0.34375 0.0072683
0.359375 0.00808245

-2.82812 -0.0109582
-2.8125 -0.0116839

0.359375 0.0080825
0.375 0.00889513

-2.8125 -0.0116839
-2.79688 -0.0124056

-0.953125 -0.0471098
-0.941585 -0.046875

-0.941642 -0.046875
-0.9375 -0.0467907

-0.9375 -0.0467915
-0.921875 -0.0464621

0.375 0.00889518
0.390625 0.00970609

0.390625 0.00970614
0.40625 0.0105151

0.40625 0.0105152
0.421875 0.011322

0.421875 0.011322
0.4375 0.0121265

1.4375 0.0520042
1.45312 0.0523431

1.45312 0.0523431
1.46875 0.0526705

-2.79688 -0.0124056
-2.78125 -0.0131233

-2.78125 -0.0131233
-2.76562 -0.0138368

-2.76562 -0.0138368
-2.75 -0.0145462

-2.75 -0.0145462
-2.73438 -0.0152513

-2.71875 -0.0159466
-2.72592 -0.015625

0.4375 0.0121266
0.453125 0.0129286

0.453125 0.0129286
0.46875 0.0137279

0.46875 0.0137279
0.484375 0.0145244

0.484375 0.0145244
0.5 0.0153179

1.46875 0.0526705
1.48438 0.0529862

1.48438 0.0529862
1.5 0.0532901

-0.921875 -0.0464621
-0.90625 -0.0461212

-0.90625 -0.0461212
-0.890625 -0.0457689

-0.890625 -0.0457689
-0.875 -0.0454053

-2.73438 -0.0152561
-2.72615 -0.015625

-2.71875 -0.0159521
-2.70312 -0.0166486

-2.70312 -0.0166486
-2.6875 -0.0173407

1.5 0.0532901
1.51562 0.0535821

1.51562 0.0535821
1.53125 0.0538621

1.53125 0.0538621
1.54688 0.0541299

1.54688 0.05413
1.5625 0.0543855

1.5625 0.0543856
1.57812 0.0546287

1.57812 0.0546287
1.59375 0.0548594

1.59375 0.0548594
1.60938 0.0550774

-2.6875 -0.0173407
-2.67188 -0.0180283

1.60938 0.0550774
1.625 0.0552826

-2.67188 -0.0180283
-2.65625 -0.0187115

-2.65625 -0.0187115
-2.64062 -0.01939

-0.875 -0.0454052
-0.859375 -0.0450304

0.5 0.0153268
0.505893 0.015625

1.625 0.0552826
1.64062 0.0554749

1.64062 0.0554749
1.65625 0.0556541

-2.64062 -0.01939
-2.625 -0.0200639

1.65625 0.0556541
1.67188 0.0558202

1.67188 0.0558202
1.6875 0.0559729

-2.625 -0.0200639
-2.60938 -0.0207331

1.6875 0.055973
1.70312 0.0561123

0.506183 0.015625
0.515625 0.0161027

0.515625 0.0161084
0.53125 0.0168962

0.53125 0.0168962
0.546875 0.0176809

0.546875 0.0176809
0.5625 0.0184624

1.70312 0.0561123
1.71875 0.0562381

1.71875 0.0562381
1.73438 0.0563502

1.73438 0.0563502
1.75 0.0564486

-0.859375 -0.0450304
-0.84375 -0.0446444

1.75 0.0564486
1.76562 0.0565331

1.76562 0.0565331
1.78125 0.0566035

-0.84375 -0.0446444
-0.828125 -0.0442474

-0.828125 -0.0442474
-0.8125 -0.0438394

-0.8125 -0.0438394
-0.796875 -0.0434206

-0.796875 -0.0434206
-0.78125 -0.0429911

-0.78125 -0.042991
-0.765625 -0.0425509

0.5625 0.0184625
0.578125 0.0192405

1.78125 0.0566036
1.79688 0.0566599

-2.60938 -0.0207331
-2.59375 -0.0213975

-2.59375 -0.0213975
-2.57812 -0.022057

0.578125 0.0192406
0.59375 0.020015

1.79688 0.0566599
1.8125 0.056702

0.59375 0.020015
0.609375 0.0207856

-0.765625 -0.0425508
-0.75 -0.0421001

-2.57812 -0.022057
-2.5625 -0.0227116

1.8125 0.056702
1.82812 0.0567297

0.609375 0.0207857
0.625 0.0215522

-0.75 -0.0421001
-0.734375 -0.041639

1.82812 0.0567298
1.84375 0.056743

0.625 0.0215522
0.640625 0.0223145

0.640625 0.0223146
0.65625 0.0230725

0.65625 0.0230725
0.671875 0.0238258

0.671875 0.0238259
0.6875 0.0245744

-2.5625 -0.0227116
-2.54688 -0.0233612

-2.54688 -0.0233612
-2.53125 -0.0240057

1.84375 0.056743
1.85938 0.0567416

-2.53125 -0.0240057
-2.51562 -0.0246451

1.85938 0.0567416
1.875 0.0567255

-2.51562 -0.0246451
-2.5 -0.0252792

-0.734375 -0.0416389
-0.71875 -0.0411675

-0.71875 -0.0411675
-0.703125 -0.0406859

-2.5 -0.0252793
-2.48438 -0.0259081

0.6875 0.0245745
0.703125 0.0253181

0.703125 0.0253182
0.71875 0.0260567

0.71875 0.0260567
0.734375 0.02679

0.734375 0.0267901
0.75 0.0275179

1.875 0.0567255
1.89062 0.0566945

1.89062 0.0566946
1.90625 0.0566486

-2.48438 -0.0259081
-2.46875 -0.0265316

-2.46875 -0.0265317
-2.45312 -0.0271497

-2.45312 -0.0271498
-2.4375 -0.0277623

0.75 0.027518
0.765625 0.0282403

1.90625 0.0566486
1.92188 0.0565875

0.765625 0.0282403
0.78125 0.0289568

0.78125 0.0289569
0.796875 0.0296675

0.796875 0.0296675
0.8125 0.0303721

-0.703125 -0.0406858
-0.6875 -0.0401941

1.92188 0.0565876
1.9375 0.0565112

1.9375 0.0565112
1.95312 0.0564195

-2.4375 -0.0277623
-2.42188 -0.0283693

1.95312 0.0564195
1.96875 0.0563123

-2.42188 -0.0283693
-2.40625 -0.0289706

0.8125 0.0303722
0.828125 0.0310706

0.828125 0.031082
0.831917 0.03125

0.832265 0.03125
0.84375 0.0317589

0.84375 0.0317629
0.859375 0.0324492

0.859375 0.0324492
0.875 0.0331293

-0.6875 -0.0401941
-0.671875 -0.0396924

-0.671875 -0.0396924
-0.65625 -0.0391809

-0.65625 -0.0391809
-0.640625 -0.0386597

-2.40625 -0.0289706
-2.39062 -0.029566

-0.640625 -0.0386596
-0.625 -0.0381288

-2.39062 -0.0295661
-2.375 -0.0301557

-0.625 -0.0381288
-0.609375 -0.0375885

-0.609375 -0.0375885
-0.59375 -0.0370388

-0.59375 -0.0370388
-0.578125 -0.0364799

-0.578125 -0.0364799
-0.5625 -0.0359119

-0.5625 -0.0359118
-0.546875 -0.0353349

-0.546875 -0.0353348
-0.53125 -0.034749

-0.53125 -0.034749
-0.515625 -0.0341545

-0.515625 -0.0341545
-0.5 -0.0335513

0.875 0.0331293
0.890625 0.0338029

0.890625 0.033803
0.90625 0.0344699

0.90625 0.0344699
0.921875 0.0351299

0.921875 0.03513
0.9375 0.0357829

0.9375 0.035783
0.953125 0.0364285

0.953125 0.0364286
0.96875 0.0370667

-0.5 -0.0335513
-0.484375 -0.0329398

0.96875 0.0370667
0.984375 0.0376971

-0.484375 -0.0329397
-0.46875 -0.0323198

0.984375 0.0376971
1 0.0383196

-0.46875 -0.0323198
-0.453125 -0.0316917

-2.34375 -0.0313158
-2.34553 -0.03125

-2.375 -0.0301557
-2.35938 -0.0307393

-2.35938 -0.0307395
-2.34556 -0.03125

-2.34375 -0.0313169
-2.32812 -0.0318885

-0.453125 -0.0316916
-0.442281 -0.03125

-0.44227 -0.03125
-0.4375 -0.0310558

-0.4375 -0.0310554
-0.421875 -0.0304113

-2.32812 -0.0318885
-2.3125 -0.0324539

1.96875 0.0563123
1.98438 0.0561895

1.98438 0.0561895
2 0.0560508

-0.421875 -0.0304112
-0.40625 -0.0297592

-2.3125 -0.032454
-2.29688 -0.0330131

-2.29688 -0.0330132
-2.28125 -0.033566

-2.28125 -0.033566
-2.26562 -0.0341124

-2.26562 -0.0341124
-2.25 -0.0346522

-0.40625 -0.0297591
-0.390625 -0.0290993

2 0.0560509
2.01562 0.0558963

2.01562 0.0558963
2.03125 0.0557257

-0.390625 -0.0290993
-0.375 -0.0284319

1 0.0383197
1.01562 0.0389341

2.03125 0.0557257
2.04688 0.0555389

-0.375 -0.0284319
-0.359375 -0.0277571

-0.359375 -0.0277571
-0.34375 -0.0270751

-0.34375 -0.0270751
-0.328125 -0.026386

-0.328125 -0.026386
-0.3125 -0.0256901

-0.3125 -0.0256901
-0.296875 -0.0249875

-0.296875 -0.0249874
-0.28125 -0.0242783

-0.28125 -0.0242783
-0.265625 -0.0235628

-0.265625 -0.0235628
-0.25 -0.0228412

-2.25 -0.0346522
-2.23438 -0.0351853

-2.23438 -0.0351853
-2.21875 -0.0357116

2.04688 0.0555389
2.0625 0.0553358

2.0625 0.0553358
2.07812 0.0551162

-2.21875 -0.0357116
-2.20312 -0.0362309

-2.20312 -0.036231
-2.1875 -0.0367433

-2.1875 -0.0367433
-2.17188 -0.0372485

-2.17188 -0.0372485
-2.15625 -0.0377464

-2.15625 -0.0377464
-2.14062 -0.0382369

-2.14062 -0.038237
-2.125 -0.03872

-0.25 -0.0228412
-0.234375 -0.0221136

-0.234375 -0.0221136
-0.21875 -0.0213803

-0.21875 -0.0213803
-0.203125 -0.0206415

-0.203125 -0.0206414
-0.1875 -0.0198973

-0.1875 -0.0198972
-0.171875 -0.0191479

-0.171875 -0.0191478
-0.15625 -0.0183936

-0.15625 -0.0183935
-0.140625 -0.0176345

-0.140625 -0.0176345
-0.125 -0.0168709

-2.125 -0.03872
-2.10938 -0.0391955

-0.125 -0.0168709
-0.109375 -0.0161029

2.07812 0.0551162
2.09375 0.0548799

2.09375 0.05488
2.10938 0.054627

-2.10938 -0.0391955
-2.09375 -0.0396633

-2.09375 -0.0396633
-2.07812 -0.0401232

-2.07812 -0.0401233
-2.0625 -0.0405753

2.10938 0.054627
2.125 0.0543571

-2.0625 -0.0405753
-2.04688 -0.0410193

-2.04688 -0.0410193
-2.03125 -0.0414552

-2.03125 -0.0414552
-2.01562 -0.0418828

-0.109375 -0.0160999
-0.0997671 -0.015625

-0.0996053 -0.015625
-0.09375 -0.0153356

-0.09375 -0.0153306
-0.078125 -0.0145541

-0.078125 -0.0145541
-0.0625 -0.0137735

2.125 0.0543571
2.14062 0.0540701

2.14062 0.0540701
2.15625 0.053766

-2.01562 -0.0418828
-2 -0.0423021

-0.0625 -0.0137735
-0.046875 -0.0129891

-0.046875 -0.012989
-0.03125 -0.0122009

-2 -0.0423021
-1.98438 -0.0427129

-1.98438 -0.0427129
-1.96875 -0.0431152

-0.03125 -0.0122009
-0.015625 -0.0114094

-0.015625 -0.0114093
0 -0.0106146

-1.96875 -0.0431153
-1.95312 -0.0435089

-1.95312 -0.0435089
-1.9375 -0.0438939

2.15625 0.053766
2.17188 0.0534444

2.17188 0.0534445
2.1875 0.0531054

2.1875 0.0531055
2.20312 0.0527488

2.20312 0.0527488
2.21875 0.0523743

2.21875 0.0523744
2.23438 0.0519819

-1.9375 -0.0438939
-1.92188 -0.04427

-1.92188 -0.0442701
-1.90625 -0.0446373

2.23438 0.0519819
2.25 0.0515714

-1.90625 -0.0446373
-1.89062 -0.0449956

2.25 0.0515714
2.26562 0.0511426

-1.89062 -0.0449956
-1.875 -0.0453447

2.26562 0.0511426
2.28125 0.0506954

-1.875 -0.0453448
-1.85938 -0.0456848

-1.85938 -0.0456848
-1.84375 -0.0460155

-1.84375 -0.0460155
-1.82812 -0.0463369

-1.82812 -0.0463369
-1.8125 -0.0466488

2.28125 0.0506954
2.29688 0.0502296

2.29688 0.0502297
2.3125 0.0497452

2.3125 0.0497452
2.32812 0.0492418

2.32812 0.0492419
2.34375 0.0487195

2.34375 0.0487195
2.35938 0.0481779

2.35938 0.0481779
2.375 0.047617

2.375 0.0476171
2.39062 0.0470366

2.40625 0.0464348
2.39479 0.046875

-1.79688 -0.0469507
-1.80079 -0.046875

-1.8125 -0.046649
-1.80082 -0.046875

-1.79688 -0.0469513
-1.78125 -0.0472442

-1.78125 -0.0472443
-1.76562 -0.0475276

-1.76562 -0.0475277
-1.75 -0.0478013

2.39062 0.0470415
2.39496 0.046875

-1.75 -0.0478014
-1.73438 -0.0480652

-1.73438 -0.0480653
-1.71875 -0.0483192

2.40625 0.0464367
2.42188 0.045817

2.42188 0.045817
2.4375 0.0451774

-1.71875 -0.0483192
-1.70312 -0.048563

-1.70312 -0.0485631
-1.6875 -0.0487967

2.4375 0.0451775
2.45312 0.0445179

2.45312 0.044518
2.46875 0.0438382

2.46875 0.0438383
2.48438 0.0431382

2.48438 0.0431382
2.5 0.0424176

-1.6875 -0.0487968
-1.67188 -0.0490201

-1.67188 -0.0490202
-1.65625 -0.0492332

-1.65625 -0.0492332
-1.64062 -0.0494357

-1.64062 -0.0494357
-1.625 -0.0496277

-1.625 -0.0496277
-1.60938 -0.049809

-1.60938 -0.049809
-1.59375 -0.0499796

-1.59375 -0.0499796
-1.57812 -0.0501394

-1.57812 -0.0501394
-1.5625 -0.0502882

2.5 0.0424176
2.51562 0.0416763

2.51562 0.0416763
2.53125 0.0409141

-1.5625 -0.0502883
-1.54688 -0.0504262

-1.54688 -0.0504262
-1.53125 -0.0505531

2.53125 0.0409141
2.54688 0.0401309

-1.53125 -0.0505531
-1.51562 -0.0506689

-1.51562 -0.050669
-1.5 -0.0507737

2.54688 0.0401309
2.5625 0.0393265

2.5625 0.0393265
2.57812 0.0385006

2.57812 0.0385007
2.59375 0.0376533

2.59375 0.0376533
2.60938 0.0367842

2.60938 0.0367842
2.625 0.0358932

2.625 0.0358932
2.64062 0.0349802

2.64062 0.0349802
2.65625 0.0340449

2.65625 0.0340449
2.67188 0.0330873

2.67188 0.0330873
2.6875 0.0321071

2.70312 0.0310788
2.70046 0.03125

-1.5 -0.0507737
-1.48438 -0.0508672

-1.48438 -0.0508672
-1.46875 -0.0509495

-1.46875 -0.0509495
-1.45312 -0.0510205

-1.45312 -0.0510206
-1.4375 -0.0510802

-1.4375 -0.0510802
-1.42188 -0.0511285

-1.42188 -0.0511285
-1.40625 -0.0511653

-1.40625 -0.0511653
-1.39062 -0.0511906

-1.39062 -0.0511906
-1.375 -0.0512044

2.70312 0.0311043
2.71875 0.0300787

-1.375 -0.0512044
-1.35938 -0.0512066

-1.35938 -0.0512066
-1.34375 -0.0511971

2.6875 0.0321119
2.70093 0.03125

2.71875 0.0300788
2.73438 0.0290303

-1.34375 -0.0511971
-1.32812 -0.051176

-1.32812 -0.051176
-1.3125 -0.0511432

2.73438 0.0290303
2.75 0.0279588

2.75 0.0279588
2.76562 0.026864

2.76562 0.0268641
2.78125 0.0257459

-1.3125 -0.0511432
-1.29688 -0.0510986

-1.29688 -0.0510986
-1.28125 -0.0510423

2.78125 0.0257459
2.79688 0.0246042

2.79688 0.0246042
2.8125 0.0234387

-1.28125 -0.0510423
-1.26562 -0.0509741

-1.26562 -0.0509741
-1.25 -0.0508941

2.8125 0.0234387
2.82812 0.0222494

2.82812 0.0222494
2.84375 0.021036

2.84375 0.021036
2.85938 0.0197985

2.85938 0.0197985
2.875 0.0185367

-1.25 -0.0508941
-1.23438 -0.0508023

-1.23438 -0.0508023
-1.21875 -0.0506986

2.875 0.0185367
2.89062 0.0172505

2.89062 0.0172505
2.90625 0.0159398

-1.21875 -0.0506986
-1.20312 -0.050583

-1.20312 -0.050583
-1.1875 -0.0504555

2.92188 0.0145986
2.90987 0.015625

-1.1875 -0.0504555
-1.17188 -0.0503161

2.90625 0.0159581
2.91015 0.015625

2.92188 0.0146044
2.9375 0.0132442

2.9375 0.0132442
2.95312 0.0118591

2.95312 0.0118592
2.96875 0.0104491

-1.17188 -0.0503161
-1.15625 -0.0501647

-1.15625 -0.0501647
-1.14062 -0.0500013

2.96875 0.0104491
2.98438 0.00901377

2.98438 0.00901321
3 0.00755387

-1.14062 -0.0500013
-1.125 -0.049826

3 0.00756333
3.03125 0.00456097

-1.125 -0.049826
-1.10938 -0.0496387

-1.10938 -0.0496387
-1.09375 -0.0494395

-1.09375 -0.0494395
-1.07812 -0.0492282

-1.07812 -0.0492282
-1.0625 -0.049005

3.03125 0.00403216
3.0625 0.00197336

3.0625 0.00237881
3.125 0.000641711

-1.0625 -0.049005
-1.04688 -0.0487698

-1.04688 -0.0487698
-1.03125 -0.0485227

-1.03125 -0.0485227
-1.01562 -0.0482637

3.125 0.00137102
3.25 0.000119959

3.25 0.000723471
3.47139 0

4 -0.000115437
3.88497 0

3.5 0.000495454
3.75183 0

