-4 0.000133216
-3.5 0.000246155

-3.03125 -2.38025e-05
-3.03241 0

-3.03125 -0.000294817
-3 -0.00162079

-3.5 0.000271053
-3.25 0.000317569

-3.25 0.000494633
-3.125 0.000375243

-3.125 0.000582186
-3.0625 0.000241004

-3.0625 0.000724725
-3.03125 8.26723e-05

-3 -0.00160816
-2.98438 -0.00224813

-2.98438 -0.0022467
-2.96875 -0.00289179

-2.96875 -0.00289194
-2.95312 -0.00354469

-2.95312 -0.00354447
-2.9375 -0.00420505

-2.9375 -0.00420524
-2.92188 -0.00487372

-2.92188 -0.00487376
-2.90625 -0.00554968

-2.90625 -0.00554984
-2.89062 -0.00623279

-2.89062 -0.00623285
-2.875 -0.00692241

-2.875 -0.00692258
-2.85938 -0.00761827

-2.85938 -0.00761835
-2.84375 -0.00831969

-2.84375 -0.00831984
-2.82812 -0.00902635

-2.82812 -0.00902647
-2.8125 -0.0097376

-2.8125 -0.00973774
-2.79688 -0.010453

-2.79688 -0.0104531
-2.78125 -0.0111719

-2.78125 -0.0111721
-2.76562 -0.011894

-2.76562 -0.0118941
-2.75 -0.0126188

-2.75 -0.0126189
-2.73438 -0.0133457

-2.73438 -0.0133458
-2.71875 -0.0140744

-2.71875 -0.0140745
-2.70312 -0.0148044

-2.70312 -0.0148045
-2.6875 -0.0155352

-2.67188 -0.0162667
-2.68559 -0.015625

-2.6875 -0.0155331
-2.68554 -0.015625

-2.67188 -0.0162665
-2.65625 -0.0169973

-2.65625 -0.0169974
-2.64062 -0.0177274

-2.64062 -0.0177275
-2.625 -0.0184562

-2.625 -0.0184564
-2.60938 -0.0191835

-2.60938 -0.0191836
-2.59375 -0.0199088

-2.59375 -0.0199089
-2.57812 -0.0206317

-2.57812 -0.0206317
-2.5625 -0.0213518

-2.5625 -0.0213519
-2.54688 -0.0220688

1.01562 0.0399909
1.03125 0.0404877

0 -0.00471235
0.015625 -0.00394836

0.015625 -0.0039483
0.03125 -0.00318363

0.03125 -0.00318357
0.046875 -0.00241846

0.046875 -0.0024184
0.0625 -0.00165309

0.0625 -0.00165306
0.078125 -0.000887739

0.078125 -0.000887645
0.09375 -0.000122552

0.09375 -8.79858e-05
0.0955467 0

0.0963747 0
0.109375 0.000636628

0.109375 0.000642349
0.125 0.00140809

0.125 0.00140814
0.140625 0.0021744

0.140625 0.00217445
0.15625 0.00294102

0.15625 0.00294107
0.171875 0.00370773

0.171875 0.00370779
0.1875 0.00447432

0.1875 0.00447437
0.203125 0.00524052

0.203125 0.00524058
0.21875 0.00600613

0.21875 0.00600619
0.234375 0.0067709

0.234375 0.00677095
0.25 0.0075346

0.25 0.00753465
0.265625 0.008297

0.265625 0.00829705
0.28125 0.00905789

0.28125 0.00905795
0.296875 0.00981707

0.296875 0.00981712
0.3125 0.0105743

0.3125 0.0105744
0.328125 0.0113294

0.328125 0.0113295
0.34375 0.0120821

0.34375 0.0120822
0.359375 0.0128322

0.359375 0.0128322
0.375 0.0135794

0.375 0.0135795
0.390625 0.0143235

0.390625 0.0143236
0.40625 0.0150644

0.40625 0.0150844
0.417709 0.015625

0.41982 0.015625
0.421875 0.015722

0.421875 0.0158012
0.4375 0.0165353

0.4375 0.0165355
0.453125 0.0172672

0.453125 0.0172672
0.46875 0.0179958

0.46875 0.0179959
0.484375 0.0187214

0.484375 0.0187215
0.5 0.0194436

0.5 0.0194437
0.515625 0.0201622

0.515625 0.0201623
0.53125 0.0208768

0.53125 0.0208769
0.546875 0.0215873

0.546875 0.0215874
0.5625 0.0222933

0.5625 0.0222933
0.578125 0.0229945

0.578125 0.0229946
0.59375 0.0236908

0.59375 0.0236909
0.609375 0.0243819

0.609375 0.024382
0.625 0.0250676

0.625 0.0250677
0.640625 0.0257477

0.640625 0.0257477
0.65625 0.0264219

0.65625 0.026422
0.671875 0.0270901

0.671875 0.0270901
0.6875 0.0277519

0.6875 0.027752
0.703125 0.0284072

0.703125 0.0284073
0.71875 0.0290558

0.71875 0.0290559
0.734375 0.0296974

0.734375 0.0296975
0.75 0.0303319

0.75 0.030332
0.765625 0.0309591

0.765625 0.0309735
0.772597 0.03125

0.773279 0.03125
0.78125 0.0315661

0.78125 0.0315786
0.796875 0.0321913

0.796875 0.0321914
0.8125 0.0327973

0.8125 0.0327973
0.828125 0.0333962

0.828125 0.0333962
0.84375 0.033988

0.84375 0.0339881
0.859375 0.0345726

0.859375 0.0345726
0.875 0.0351498

0.875 0.0351498
0.890625 0.0357194

0.890625 0.0357195
0.90625 0.0362814

0.90625 0.0362814
0.921875 0.0368355

0.921875 0.0368355
0.9375 0.0373817

0.9375 0.0373817
0.953125 0.0379199

0.953125 0.0379199
0.96875 0.03845

0.96875 0.03845
0.984375 0.0389719

0.984375 0.0389719
1 0.0394856

-2.54688 -0.0220689
-2.53125 -0.0227824

1 0.0394856
1.01562 0.0399909

-2.53125 -0.0227825
-2.51562 -0.0234921

-2.51562 -0.0234922
-2.5 -0.0241977

-2.5 -0.0241977
-2.48438 -0.0248987

-2.48438 -0.0248987
-2.46875 -0.0255948

-2.46875 -0.0255949
-2.45312 -0.0262858

-2.45312 -0.0262859
-2.4375 -0.0269714

-2.4375 -0.0269715
-2.42188 -0.0276512

-2.42188 -0.0276513
-2.40625 -0.0283251

-2.40625 -0.0283251
-2.39062 -0.0289927

-2.39062 -0.0289927
-2.375 -0.0296538

-2.375 -0.0296539
-2.35938 -0.0303082

-2.35938 -0.0303083
-2.34375 -0.0309557

-2.32812 -0.0316001
-2.33667 -0.03125

-2.32812 -0.0315961
-2.3125 -0.0322286

-2.34375 -0.030951
-2.33645 -0.03125

-2.3125 -0.0322286
-2.29688 -0.0328528

-2.29688 -0.0328529
-2.28125 -0.0334686

-2.28125 -0.0334687
-2.26562 -0.0340756

-2.26562 -0.0340757
-2.25 -0.0346736

-2.25 -0.0346737
-2.23438 -0.0352623

-2.23438 -0.0352624
-2.21875 -0.0358416

-2.21875 -0.0358416
-2.20312 -0.0364111

-2.20312 -0.0364112
-2.1875 -0.0369708

-2.1875 -0.0369709
-2.17188 -0.0375205

-2.17188 -0.0375205
-2.15625 -0.0380599

-2.15625 -0.03806
-2.14062 -0.038589

-2.14062 -0.038589
-2.125 -0.0391075

-2.125 -0.0391075
-2.10938 -0.0396153

-2.10938 -0.0396154
-2.09375 -0.0401123

1.03125 0.0404877
1.04688 0.040976

-1.01562 -0.0444974
-1 -0.0441347

-2.09375 -0.0401124
-2.07812 -0.0405984

-2.07812 -0.0405984
-2.0625 -0.0410734

-2.0625 -0.0410734
-2.04688 -0.0415371

-2.04688 -0.0415372
-2.03125 -0.0419896

1.04688 0.040976
1.0625 0.0414555

1.0625 0.0414555
1.07812 0.0419262

1.07812 0.0419262
1.09375 0.0423879

1.09375 0.042388
1.10938 0.0428405

-2.03125 -0.0419896
-2.01562 -0.0424306

-2.01562 -0.0424306
-2 -0.04286

1.10938 0.0428405
1.125 0.0432837

1.125 0.0432838
1.14062 0.0437175

1.14062 0.0437175
1.15625 0.0441415

1.15625 0.0441416
1.17188 0.0445556

-1 -0.0441347
-0.984375 -0.0437617

-2 -0.0428601
-1.98438 -0.0432778

-1.98438 -0.0432778
-1.96875 -0.0436837

-1.96875 -0.0436837
-1.95312 -0.0440778

-0.984375 -0.0437616
-0.96875 -0.0433783

-0.96875 -0.0433783
-0.953125 -0.0429848

-0.953125 -0.0429848
-0.9375 -0.0425812

1.17188 0.0445556
1.1875 0.0449594

1.1875 0.0449595
1.20312 0.0453529

1.20312 0.045353
1.21875 0.0457357

1.21875 0.0457358
1.23438 0.0461076

1.23438 0.0461076
1.25 0.0464683

1.25 0.0464684
1.26562 0.0468178

1.26562 0.0468194
1.26819 0.046875

1.26828 0.046875
1.28125 0.0471556

1.28125 0.0471559
1.29688 0.0474825

1.29688 0.0474826
1.3125 0.0477978

-0.9375 -0.0425812
-0.921875 -0.0421677

-0.921875 -0.0421677
-0.90625 -0.0417443

-0.90625 -0.0417443
-0.890625 -0.0413111

-0.890625 -0.0413111
-0.875 -0.0408683

-1.95312 -0.0440778
-1.9375 -0.0444598

-0.875 -0.0408683
-0.859375 -0.0404159

-0.859375 -0.0404159
-0.84375 -0.039954

-0.84375 -0.039954
-0.828125 -0.0394828

-0.828125 -0.0394828
-0.8125 -0.0390024

-0.8125 -0.0390024
-0.796875 -0.0385128

-0.796875 -0.0385128
-0.78125 -0.0380142

-0.78125 -0.0380142
-0.765625 -0.0375067

-0.765625 -0.0375066
-0.75 -0.0369904

-1.9375 -0.0444599
-1.92188 -0.0448298

-1.92188 -0.0448298
-1.90625 -0.0451876

-1.90625 -0.0451876
-1.89062 -0.0455332

-1.89062 -0.0455332
-1.875 -0.0458665

-0.75 -0.0369904
-0.734375 -0.0364655

-0.734375 -0.0364654
-0.71875 -0.035932

-0.71875 -0.035932
-0.703125 -0.0353903

-1.875 -0.0458665
-1.85938 -0.0461875

-1.85938 -0.0461876
-1.84375 -0.0464963

-1.84375 -0.0464963
-1.82812 -0.0467926

-1.8125 -0.047077
-1.82362 -0.046875

-1.82812 -0.0467915
-1.82353 -0.046875

-0.703125 -0.0353902
-0.6875 -0.0348403

-0.6875 -0.0348403
-0.671875 -0.0342824

-0.671875 -0.0342823
-0.65625 -0.0337166

-0.65625 -0.0337166
-0.640625 -0.0331432

-0.640625 -0.0331431
-0.625 -0.0325623

-1.8125 -0.0470767
-1.79688 -0.0473479

-1.79688 -0.0473479
-1.78125 -0.0476061

-1.78125 -0.0476061
-1.76562 -0.0478511

-1.76562 -0.0478511
-1.75 -0.048083

-0.625 -0.0325623
-0.609375 -0.0319741

-0.609375 -0.0319741
-0.59375 -0.0313787

-0.59375 -0.0313196
-0.591946 -0.03125

-0.59008 -0.03125
-0.578125 -0.0307888

1.3125 0.0477978
1.32812 0.0481016

1.32812 0.0481017
1.34375 0.0483938

1.34375 0.0483938
1.35938 0.0486741

1.35938 0.0486742
1.375 0.0489425

-1.75 -0.048083
-1.73438 -0.0483018

-1.73438 -0.0483018
-1.71875 -0.0485075

-1.71875 -0.0485075
-1.70312 -0.0487

-1.70312 -0.0487
-1.6875 -0.0488793

-1.6875 -0.0488793
-1.67188 -0.0490455

-1.67188 -0.0490455
-1.65625 -0.0491986

-1.65625 -0.0491986
-1.64062 -0.0493385

-1.64062 -0.0493385
-1.625 -0.0494653

-1.625 -0.0494653
-1.60938 -0.0495789

-1.60938 -0.0495789
-1.59375 -0.0496794

-1.59375 -0.0496794
-1.57812 -0.0497667

-1.57812 -0.0497667
-1.5625 -0.0498409

-1.5625 -0.0498409
-1.54688 -0.0499019

-1.54688 -0.0499019
-1.53125 -0.0499498

-1.53125 -0.0499497
-1.51562 -0.0499845

-1.51562 -0.0499844
-1.5 -0.050006

-1.5 -0.050006
-1.48438 -0.0500145

-1.48438 -0.0500145
-1.46875 -0.0500098

-1.46875 -0.0500098
-1.45312 -0.0499922

-1.45312 -0.0499921
-1.4375 -0.0499615

-1.4375 -0.0499615
-1.42188 -0.0499179

-1.42188 -0.0499178
-1.40625 -0.0498614

-1.40625 -0.0498613
-1.39062 -0.049792

-1.39062 -0.049792
-1.375 -0.0497099

-1.375 -0.0497099
-1.35938 -0.0496152

-1.35938 -0.0496152
-1.34375 -0.0495078

-1.34375 -0.0495078
-1.32812 -0.0493879

-1.32812 -0.0493878
-1.3125 -0.0492555

-1.3125 -0.0492555
-1.29688 -0.0491108

-1.29688 -0.0491108
-1.28125 -0.0489538

-1.28125 -0.0489538
-1.26562 -0.0487846

-1.26562 -0.0487846
-1.25 -0.0486034

-1.25 -0.0486033
-1.23438 -0.0484101

-1.23438 -0.0484101
-1.21875 -0.048205

-1.21875 -0.048205
-1.20312 -0.0479882

-1.20312 -0.0479882
-1.1875 -0.0477599

-1.1875 -0.0477598
-1.17188 -0.04752

-1.17188 -0.04752
-1.15625 -0.0472688

-1.15625 -0.0472688
-1.14062 -0.0470062

-1.14062 -0.0470036
-1.13329 -0.046875

-1.13299 -0.046875
-1.125 -0.0467348

-1.125 -0.0467323
-1.10938 -0.0464467

-1.10938 -0.0464466
-1.09375 -0.0461495

-1.09375 -0.0461495
-1.07812 -0.0458411

-1.07812 -0.0458411
-1.0625 -0.0455215

-1.0625 -0.0455215
-1.04688 -0.045191

-1.04688 -0.0451909
-1.03125 -0.0448495

-1.03125 -0.0448495
-1.01562 -0.0444974

1.375 0.0489426
1.39062 0.0491988

1.39062 0.0491989
1.40625 0.0494429

-0.578125 -0.0307761
-0.5625 -0.0301654

-0.5625 -0.0301653
-0.546875 -0.0295469

-0.546875 -0.0295469
-0.53125 -0.028921

1.40625 0.0494429
1.42188 0.0496746

1.42188 0.0496746
1.4375 0.0498938

1.4375 0.0498938
1.45312 0.0501003

1.45312 0.0501004
1.46875 0.0502941

1.46875 0.0502942
1.48438 0.0504751

1.48438 0.0504751
1.5 0.050643

-0.53125 -0.028921
-0.515625 -0.0282879

-0.515625 -0.0282879
-0.5 -0.0276479

1.5 0.050643
1.51562 0.0507979

1.51562 0.0507979
1.53125 0.0509395

1.53125 0.0509395
1.54688 0.0510679

1.54688 0.0510679
1.5625 0.051183

1.5625 0.051183
1.57812 0.0512847

1.57812 0.0512847
1.59375 0.051373

1.59375 0.051373
1.60938 0.0514479

1.60938 0.0514479
1.625 0.0515093

1.625 0.0515093
1.64062 0.0515572

1.64062 0.0515572
1.65625 0.0515916

1.65625 0.0515916
1.67188 0.0516123

1.67188 0.0516123
1.6875 0.0516194

1.6875 0.0516194
1.70312 0.0516127

1.70312 0.0516127
1.71875 0.0515922

1.71875 0.0515922
1.73438 0.0515576

1.73438 0.0515577
1.75 0.051509

-0.5 -0.0276478
-0.484375 -0.0270011

1.75 0.051509
1.76562 0.0514461

1.76562 0.0514461
1.78125 0.0513688

1.78125 0.0513688
1.79688 0.051277

1.79688 0.051277
1.8125 0.0511706

1.8125 0.0511706
1.82812 0.0510494

-0.484375 -0.027001
-0.46875 -0.0263479

-0.46875 -0.0263478
-0.453125 -0.0256885

-0.453125 -0.0256884
-0.4375 -0.0250231

1.82812 0.0510495
1.84375 0.0509135

1.84375 0.0509135
1.85938 0.0507626

1.85938 0.0507626
1.875 0.0505967

-0.4375 -0.025023
-0.421875 -0.0243519

1.875 0.0505967
1.89062 0.0504157

1.89062 0.0504158
1.90625 0.0502197

1.90625 0.0502197
1.92188 0.0500085

-0.421875 -0.0243519
-0.40625 -0.0236753

-0.40625 -0.0236752
-0.390625 -0.0229934

1.92188 0.0500085
1.9375 0.0497822

1.9375 0.0497822
1.95312 0.0495407

1.95312 0.0495407
1.96875 0.049284

1.96875 0.049284
1.98438 0.0490123

1.98438 0.0490123
2 0.0487255

-0.390625 -0.0229933
-0.375 -0.0223064

-0.375 -0.0223063
-0.359375 -0.0216146

-0.359375 -0.0216145
-0.34375 -0.0209181

-0.34375 -0.020918
-0.328125 -0.0202172

-0.328125 -0.0202171
-0.3125 -0.0195121

2 0.0487255
2.01562 0.0484238

2.01562 0.0484238
2.03125 0.0481072

2.03125 0.0481072
2.04688 0.0477758

2.04688 0.0477758
2.0625 0.0474296

2.0625 0.0474296
2.07812 0.0470688

2.09375 0.0466917
2.08612 0.046875

2.07812 0.0470702
2.08625 0.046875

2.09375 0.0466933
2.10938 0.0463033

2.10938 0.0463034
2.125 0.0458989

2.125 0.0458989
2.14062 0.04548

2.14062 0.04548
2.15625 0.0450465

2.15625 0.0450465
2.17188 0.0445986

-0.3125 -0.019512
-0.296875 -0.018803

-0.296875 -0.0188029
-0.28125 -0.0180902

2.17188 0.0445985
2.1875 0.0441361

2.1875 0.044136
2.20312 0.0436591

2.20312 0.0436591
2.21875 0.0431677

2.21875 0.0431677
2.23438 0.042662

2.23438 0.042662
2.25 0.042142

-0.28125 -0.0180901
-0.265625 -0.0173739

2.25 0.042142
2.26562 0.0416079

-0.265625 -0.0173738
-0.25 -0.0166542

2.26562 0.0416079
2.28125 0.0410599

2.28125 0.0410598
2.29688 0.040498

2.29688 0.0404979
2.3125 0.0399225

-0.25 -0.0166542
-0.234375 -0.0159314

-0.234375 -0.0158288
-0.229989 -0.015625

2.3125 0.0399224
2.32812 0.0393335

2.32812 0.0393335
2.34375 0.0387313

2.34375 0.0387313
2.35938 0.038116

2.35938 0.038116
2.375 0.0374878

-0.226316 -0.015625
-0.21875 -0.0152735

-0.21875 -0.0152058
-0.203125 -0.0144759

2.375 0.0374877
2.39062 0.0368467

2.39062 0.0368467
2.40625 0.036193

2.40625 0.036193
2.42188 0.0355268

-0.203125 -0.0144758
-0.1875 -0.0137419

-0.1875 -0.0137419
-0.171875 -0.0130044

-0.171875 -0.0130043
-0.15625 -0.0122633

2.42188 0.0355267
2.4375 0.0348481

2.4375 0.0348481
2.45312 0.0341573

-0.15625 -0.0122633
-0.140625 -0.0115191

-0.140625 -0.011519
-0.125 -0.0107717

2.45312 0.0341573
2.46875 0.0334545

2.46875 0.0334544
2.48438 0.0327399

-0.125 -0.0107717
-0.109375 -0.0100217

-0.109375 -0.0100216
-0.09375 -0.00926903

2.48438 0.0327398
2.5 0.0320137

-0.09375 -0.00926897
-0.078125 -0.00851407

-0.078125 -0.00851401
-0.0625 -0.00775701

-0.0625 -0.00775695
-0.046875 -0.00699808

-0.046875 -0.00699803
-0.03125 -0.00623752

-0.03125 -0.00623745
-0.015625 -0.00547554

-0.015625 -0.00547548
0 -0.00471241

2.53125 0.0305271
2.51616 0.03125

2.5 0.0320136
2.51562 0.0312762

2.51562 0.0312881
2.51642 0.03125

2.53125 0.0305276
2.54688 0.0297686

2.54688 0.0297685
2.5625 0.0289992

2.5625 0.0289991
2.57812 0.0282197

2.57812 0.0282197
2.59375 0.0274305

2.59375 0.0274305
2.60938 0.0266319

2.60938 0.0266318
2.625 0.025824

2.625 0.0258239
2.64062 0.0250072

2.64062 0.0250072
2.65625 0.0241819

2.65625 0.0241818
2.67188 0.0233484

2.67188 0.0233483
2.6875 0.022507

2.6875 0.0225068
2.70312 0.0216581

2.70312 0.021658
2.71875 0.0208023

2.71875 0.0208022
2.73438 0.0199399

2.73438 0.0199398
2.75 0.0190714

2.75 0.0190712
2.76562 0.0181969

2.76562 0.0181969
2.78125 0.017317

2.78125 0.0173169
2.79688 0.0164319

2.8125 0.0155396
2.811 0.015625

2.79688 0.016432
2.81105 0.015625

2.8125 0.0155418
2.82812 0.0146478

2.82812 0.0146476
2.84375 0.0137499

2.84375 0.0137498
2.85938 0.012849

2.85938 0.0128489
2.875 0.0119455

2.875 0.0119454
2.89062 0.0110399

2.89062 0.0110398
2.90625 0.0101328

2.90625 0.0101327
2.92188 0.0092244

2.92188 0.00922426
2.9375 0.00831521

2.9375 0.0083151
2.95312 0.00740575

2.95312 0.00740585
2.96875 0.00649623

2.96875 0.00649607
2.98438 0.00558628

2.98438 0.00558766
3 0.0046753

3.25 -0.000198158
3.21869 0

3.5 -0.000229558
3.36816 0

3 0.00469285
3.03125 0.00278721

3.03125 0.00244438
3.0625 0.00110573

3.0625 0.00135142
3.125 0.000196645

3.125 0.000645745
3.22704 0

3.25 0.000293057
3.41806 0

4 -0.000188111
3.65347 0

3.5 0.000266732
3.76685 0

