-4 -7.49234e-05
-3.93319 0

-3.9947 0
-3.5 0.00110214

-3.5 0.000568611
-3.25 0.00133705

-1.5 0.0493133
-1.48438 0.0491143

-1.48438 0.0491143
-1.46875 0.0488991

-1.46875 0.0488991
-1.45312 0.048668

-1.45312 0.048668
-1.4375 0.0484211

-1.4375 0.0484211
-1.42188 0.0481586

-1.42188 0.0481586
-1.40625 0.0478808

-3.25 0.00117702
-3.125 0.00213667

-3.125 0.00180428
-3.0625 0.00277524

-3.0625 0.00280052
-3.03125 0.00373826

-3.03125 0.00383684
-3 0.00497912

-1.40625 0.0478807
-1.39062 0.0475877

-1.39062 0.0475876
-1.375 0.0472794

0 -0.0130566
0.015625 -0.0138198

-3 0.00497568
-2.98438 0.00555114

-2.98438 0.00554962
-2.96875 0.00613933

-2.96875 0.00613957
-2.95312 0.00674608

-2.95312 0.00674612
-2.9375 0.00736886

-2.9375 0.00736914
-2.92188 0.00800747

-2.92188 0.00800764
-2.90625 0.00866064

-2.90625 0.00866089
-2.89062 0.00932774

0.015625 -0.0138198
0.03125 -0.0145775

0.03125 -0.0145779
0.046875 -0.0153295

-2.89062 0.00932792
-2.875 0.0100078

-1.375 0.0472794
-1.35938 0.0469562

-1.34375 0.0466192
-1.35557 0.046875

-2.875 0.010008
-2.85938 0.0107

1.5 -0.0428626
1.51562 -0.0425944

1.51562 -0.0425944
1.53125 -0.0423154

1.53125 -0.0423153
1.54688 -0.0420255

1.54688 -0.0420254
1.5625 -0.041725

1.5625 -0.041725
1.57812 -0.0414141

1.57812 -0.041414
1.59375 -0.0410929

1.59375 -0.0410928
1.60938 -0.0407616

1.60938 -0.0407615
1.625 -0.0404203

1.625 -0.0404203
1.64062 -0.0400694

1.64062 -0.0400693
1.65625 -0.0397088

1.65625 -0.0397088
1.67188 -0.0393388

1.67188 -0.0393388
1.6875 -0.0389596

1.6875 -0.0389596
1.70312 -0.0385712

1.70312 -0.0385712
1.71875 -0.0381739

1.71875 -0.0381738
1.73438 -0.0377676

1.73438 -0.0377676
1.75 -0.0373527

1.75 -0.0373526
1.76562 -0.0369291

0.0625 -0.0160313
0.0539904 -0.015625

1.76562 -0.0369291
1.78125 -0.0364972

1.78125 -0.0364971
1.79688 -0.0360569

1.79688 -0.0360569
1.8125 -0.0356085

1.8125 -0.0356085
1.82812 -0.0351522

1.82812 -0.0351521
1.84375 -0.034688

-1.35938 0.0469529
-1.35578 0.046875

-1.34375 0.046618
-1.32812 0.0462645

-1.32812 0.0462644
-1.3125 0.0458962

-1.3125 0.0458961
-1.29688 0.0455135

1.84375 -0.034688
1.85938 -0.0342164

1.85938 -0.0342163
1.875 -0.0337373

-1.29688 0.0455134
-1.28125 0.0451167

1.875 -0.0337372
1.89062 -0.0332511

1.89062 -0.033251
1.90625 -0.0327579

0.046875 -0.0154002
0.051582 -0.015625

1.90625 -0.0327579
1.92188 -0.0322583

1.92188 -0.0322582
1.9375 -0.0317523

1.9375 -0.0317523
1.95283 -0.03125

1.95283 -0.03125
1.95312 -0.0312402

1.95312 -0.0312399
1.96875 -0.0307233

1.96875 -0.0307234
1.98438 -0.0302027

-1.28125 0.0451166
-1.26562 0.0447059

-1.26562 0.0447058
-1.25 0.0442814

-1.25 0.0442813
-1.23438 0.0438437

-1.23438 0.0438436
-1.21875 0.043393

-1.21875 0.0433929
-1.20312 0.0429296

-1.20312 0.0429296
-1.1875 0.042454

-1.1875 0.0424539
-1.17188 0.0419663

-1.17188 0.0419662
-1.15625 0.041467

-1.15625 0.0414669
-1.14062 0.0409564

-1.14062 0.0409563
-1.125 0.0404349

-1.125 0.0404348
-1.10938 0.0399028

-2.85938 0.0107002
-2.84375 0.0114035

-2.84375 0.0114037
-2.82812 0.0121173

-2.82812 0.0121176
-2.8125 0.0128407

-2.8125 0.0128409
-2.79688 0.0135725

-2.79688 0.0135727
-2.78125 0.014312

-2.78125 0.0143122
-2.76562 0.0150583

-2.76562 0.0150559
-2.7538 0.015625

-2.75402 0.015625
-2.75 0.0158184

-2.75 0.0158108
-2.73438 0.0165683

-2.73438 0.0165685
-2.71875 0.0173305

-2.71875 0.0173307
-2.70312 0.0180966

-2.70312 0.0180968
-2.6875 0.0188658

-2.6875 0.018866
-2.67188 0.0196374

-2.67188 0.0196376
-2.65625 0.0204106

-2.65625 0.0204108
-2.64062 0.0211847

-2.64062 0.0211849
-2.625 0.021959

-2.625 0.0219592
-2.60938 0.0227329

-2.60938 0.0227331
-2.59375 0.0235057

-2.59375 0.0235058
-2.57812 0.0242767

-2.57812 0.0242768
-2.5625 0.0250453

-2.5625 0.0250455
-2.54688 0.0258109

-2.54688 0.0258111
-2.53125 0.0265729

-2.53125 0.026573
-2.51562 0.0273305

-2.51562 0.0273307
-2.5 0.0280832

-2.5 0.0280834
-2.48438 0.0288303

-2.48438 0.0288305
-2.46875 0.0295713

-2.46875 0.0295714
-2.45312 0.0303055

-2.45312 0.0303056
-2.4375 0.0310324

-2.4375 0.0310298
-2.43272 0.03125

-2.4328 0.03125
-2.42188 0.0317529

-2.42188 0.0317518
-2.40625 0.0324627

-2.40625 0.0324628
-2.39062 0.0331651

-2.39062 0.0331652
-2.375 0.0338584

-2.375 0.0338586
-2.35938 0.0345423

-2.35938 0.0345424
-2.34375 0.0352163

-1.10938 0.0399027
-1.09375 0.0393603

-1.09375 0.0393602
-1.07812 0.0388077

-1.07812 0.0388076
-1.0625 0.0382453

0.0625 -0.016075
0.078125 -0.0168168

-2.34375 0.0352164
-2.32812 0.0358799

-2.32812 0.03588
-2.3125 0.0365327

-2.3125 0.0365328
-2.29688 0.0371743

-2.29688 0.0371744
-2.28125 0.0378041

-2.28125 0.0378042
-2.26562 0.0384218

-2.26562 0.0384219
-2.25 0.0390269

0.078125 -0.0168168
0.09375 -0.0175537

-2.25 0.039027
-2.23438 0.039619

-1.0625 0.0382452
-1.04688 0.0376732

-1.04688 0.0376731
-1.03125 0.0370917

-1.03125 0.0370916
-1.01562 0.036501

0.09375 -0.0175537
0.109375 -0.0182856

0.109375 -0.0182856
0.125 -0.0190121

0.125 -0.0190122
0.140625 -0.0197331

0.140625 -0.0197331
0.15625 -0.0204481

0.15625 -0.0204482
0.171875 -0.021157

0.171875 -0.021157
0.1875 -0.0218594

-1.01562 0.036501
-1 0.0359014

0.1875 -0.0218595
0.203125 -0.0225552

0.203125 -0.0225553
0.21875 -0.0232441

0.21875 -0.0232442
0.234375 -0.0239259

0.234375 -0.023926
0.25 -0.0246003

-2.23438 0.0396191
-2.21875 0.0401978

-2.21875 0.0401979
-2.20312 0.0407629

-2.20312 0.040763
-2.1875 0.0413139

0.25 -0.0246004
0.265625 -0.0252671

0.265625 -0.0252672
0.28125 -0.0259261

0.28125 -0.0259261
0.296875 -0.026577

0.296875 -0.026577
0.3125 -0.0272196

-2.1875 0.041314
-2.17188 0.0418507

-2.17188 0.0418508
-2.15625 0.0423729

-2.15625 0.042373
-2.14062 0.0428804

0.3125 -0.0272196
0.328125 -0.0278537

0.328125 -0.0278538
0.34375 -0.0284791

0.34375 -0.0284792
0.359375 -0.0290956

1.98438 -0.0302026
2 -0.0296778

-1 0.0359014
-0.984375 0.0352928

-2.14062 0.0428804
-2.125 0.0433729

-0.984375 0.0352928
-0.96875 0.0346755

-0.96875 0.0346755
-0.953125 0.0340496

-2.125 0.0433729
-2.10938 0.0438502

-2.10938 0.0438503
-2.09375 0.0443122

0.359375 -0.0290957
0.375 -0.0297029

-0.953125 0.0340495
-0.9375 0.0334152

-0.9375 0.0334152
-0.921875 0.0327726

-2.09375 0.0443122
-2.07812 0.0447587

-2.07812 0.0447587
-2.0625 0.0451895

2 -0.0296777
2.01562 -0.0291489

-2.0625 0.0451896
-2.04688 0.0456045

2.01562 -0.0291489
2.03125 -0.0286164

-0.921875 0.0327726
-0.90625 0.0321218

-0.875 0.0308035
-0.885458 0.03125

-2.04688 0.0456046
-2.03125 0.0460035

0.375 -0.0297029
0.390625 -0.0303008

-2.03125 0.0460035
-2.01562 0.0463862

-0.90625 0.0321217
-0.890625 0.031463

2.03125 -0.0286163
2.04688 -0.0280803

-0.890625 0.0314478
-0.885993 0.03125

2.04688 -0.0280802
2.0625 -0.027541

-2.01562 0.0463863
-2 0.0467524

-0.875 0.0307962
-0.859375 0.03012

0.390625 -0.030301
0.40625 -0.0308892

2.0625 -0.027541
2.07812 -0.0269988

0.421875 -0.0314155
0.417406 -0.03125

0.421875 -0.0314675
0.4375 -0.0320371

-0.859375 0.0301199
-0.84375 0.0294351

-0.84375 0.0294351
-0.828125 0.0287419

-0.828125 0.0287419
-0.8125 0.0280406

-2 0.0467515
-1.99448 0.046875

2.07812 -0.0269988
2.09375 -0.0264539

0.40625 -0.0309178
0.41522 -0.03125

2.09375 -0.0264539
2.10938 -0.0259065

-1.99455 0.046875
-1.98438 0.0471026

-0.8125 0.0280405
-0.796875 0.0273314

-1.98438 0.0471021
-1.96875 0.0474347

0.4375 -0.0320372
0.453125 -0.032598

-1.96875 0.0474348
-1.95312 0.0477501

0.453125 -0.032598
0.46875 -0.0331498

0.46875 -0.0331498
0.484375 -0.0336923

-0.796875 0.0273313
-0.78125 0.0266146

0.484375 -0.0336924
0.5 -0.0342253

-1.95312 0.0477502
-1.9375 0.0480481

2.10938 -0.0259064
2.125 -0.0253566

-1.9375 0.0480482
-1.92188 0.0483286

-1.92188 0.0483286
-1.90625 0.0485914

2.125 -0.0253566
2.14062 -0.0248047

2.14062 -0.0248046
2.15625 -0.0242509

-0.78125 0.0266146
-0.765625 0.0258906

-0.765625 0.0258905
-0.75 0.0251594

-1.90625 0.0485915
-1.89062 0.0488366

-0.75 0.0251593
-0.734375 0.0244214

2.15625 -0.0242508
2.17188 -0.0236954

-0.734375 0.0244213
-0.71875 0.023677

0.5 -0.0342254
0.515625 -0.0347485

-1.89062 0.0488366
-1.875 0.049064

0.515625 -0.0347485
0.53125 -0.0352615

-0.71875 0.0236769
-0.703125 0.0229265

2.17188 -0.0236954
2.1875 -0.0231387

0.53125 -0.0352615
0.546875 -0.0357641

0.546875 -0.0357642
0.5625 -0.0362561

0.5625 -0.0362562
0.578125 -0.0367373

0.578125 -0.0367374
0.59375 -0.0372074

0.59375 -0.0372075
0.609375 -0.0376663

0.609375 -0.0376664
0.625 -0.0381138

-0.703125 0.0229264
-0.6875 0.0221702

-0.6875 0.0221701
-0.671875 0.0214084

-1.875 0.049064
-1.85938 0.0492736

-1.85938 0.0492736
-1.84375 0.0494654

2.1875 -0.0231386
2.20312 -0.0225808

2.20312 -0.0225807
2.21875 -0.0220221

0.625 -0.0381138
0.640625 -0.0385497

0.640625 -0.0385497
0.65625 -0.0389738

-0.671875 0.0214083
-0.65625 0.0206413

-0.65625 0.0206412
-0.640625 0.0198692

-1.84375 0.0494654
-1.82812 0.0496394

-1.82812 0.0496394
-1.8125 0.0497957

2.21875 -0.022022
2.23438 -0.0214628

2.23438 -0.0214627
2.25 -0.0209032

0.65625 -0.0389738
0.671875 -0.039386

2.25 -0.0209031
2.26562 -0.0203438

-0.640625 0.0198692
-0.625 0.0190927

2.26562 -0.0203437
2.28125 -0.0197848

-1.8125 0.0497957
-1.79688 0.0499342

0.671875 -0.039386
0.6875 -0.0397862

-1.79688 0.0499342
-1.78125 0.0500551

2.28125 -0.0197847
2.29688 -0.0192265

2.29688 -0.0192264
2.3125 -0.0186695

-1.78125 0.0500551
-1.76562 0.0501584

-1.76562 0.0501584
-1.75 0.0502442

0.6875 -0.0397862
0.703125 -0.0401742

-1.75 0.0502442
-1.73438 0.0503126

0.703125 -0.0401742
0.71875 -0.0405499

-0.625 0.0190926
-0.609375 0.0183119

0.71875 -0.0405499
0.734375 -0.0409132

-0.609375 0.0183118
-0.59375 0.0175271

-1.73438 0.0503126
-1.71875 0.0503638

-0.59375 0.0175271
-0.578125 0.0167387

-0.578125 0.0167385
-0.5625 0.015947

0.734375 -0.0409133
0.75 -0.0412641

-0.546875 0.0151689
-0.555838 0.015625

-1.71875 0.0503638
-1.70312 0.0503979

2.3125 -0.0186694
2.32812 -0.0181139

-1.70312 0.0503978
-1.6875 0.0504149

-0.5625 0.0159226
-0.556652 0.015625

0.75 -0.0412641
0.765625 -0.0416024

-0.546875 0.0151521
-0.53125 0.0143526

2.32812 -0.0181138
2.34375 -0.0175602

-1.6875 0.0504149
-1.67188 0.050415

2.34375 -0.0175601
2.35938 -0.0170088

0.765625 -0.0416024
0.78125 -0.041928

-0.53125 0.0143525
-0.515625 0.0135491

0.78125 -0.041928
0.796875 -0.042241

2.35938 -0.0170087
2.375 -0.01646

-1.67188 0.0504149
-1.65625 0.0503982

-1.65625 0.0503982
-1.64062 0.0503646

0.796875 -0.042241
0.8125 -0.0425412

-1.64062 0.0503646
-1.625 0.0503143

-0.515625 0.013549
-0.5 0.0127423

-1.625 0.0503143
-1.60938 0.0502473

-1.60938 0.0502473
-1.59375 0.0501636

-1.59375 0.0501636
-1.57812 0.0500633

-1.57812 0.0500633
-1.5625 0.0499463

2.375 -0.0164599
2.39062 -0.0159142

2.39062 -0.0159164
2.39902 -0.015625

0.8125 -0.0425412
0.828125 -0.0428286

2.39888 -0.015625
2.40625 -0.0153693

-1.5625 0.0499463
-1.54688 0.0498128

-1.54688 0.0498128
-1.53125 0.0496627

-1.53125 0.0496627
-1.51562 0.0494962

-1.51562 0.0494962
-1.5 0.0493134

2.40625 -0.0153719
2.42188 -0.0148342

2.42188 -0.0148342
2.4375 -0.0143011

-0.25 -0.00029814
-0.255732 0

0.828125 -0.0428286
0.84375 -0.0431032

0.84375 -0.0431032
0.859375 -0.0433649

2.4375 -0.014301
2.45312 -0.0137729

2.45312 -0.0137728
2.46875 -0.01325

-0.25 -0.000324049
-0.234375 -0.00113609

2.46875 -0.0132499
2.48438 -0.0127328

0.859375 -0.0433649
0.875 -0.0436138

2.48438 -0.0127327
2.5 -0.0122215

0.875 -0.0436138
0.890625 -0.0438497

0.890625 -0.0438497
0.90625 -0.0440725

0.90625 -0.0440725
0.921875 -0.0442819

0.921875 -0.0442819
0.9375 -0.0444779

0.9375 -0.0444779
0.953125 -0.0446603

2.5 -0.0122214
2.51562 -0.0117166

-0.234375 -0.00113618
-0.21875 -0.00194752

2.51562 -0.0117165
2.53125 -0.0112184

-0.21875 -0.00194758
-0.203125 -0.00275791

-0.203125 -0.00275799
-0.1875 -0.003567

0.953125 -0.0446603
0.96875 -0.0448291

0.96875 -0.0448291
0.984375 -0.0449843

2.53125 -0.0112183
2.54688 -0.0107273

2.54688 -0.0107272
2.5625 -0.0102437

-0.1875 -0.00356708
-0.171875 -0.00437443

2.5625 -0.0102436
2.57812 -0.00976816

2.57812 -0.00976807
2.59375 -0.00930098

-0.171875 -0.00437452
-0.15625 -0.0051799

-0.15625 -0.00517999
-0.140625 -0.00598307

0.984375 -0.0449843
1 -0.045126

2.59375 -0.00930087
2.60938 -0.00884256

2.60938 -0.00884249
2.625 -0.00839334

-0.140625 -0.00598317
-0.125 -0.00678355

2.625 -0.00839322
2.64062 -0.0079536

2.64062 -0.00795352
2.65625 -0.00752383

-0.125 -0.00678361
-0.109375 -0.00758097

-0.109375 -0.00758102
-0.09375 -0.00837514

-0.09375 -0.0083752
-0.078125 -0.00916586

-0.078125 -0.00916595
-0.0625 -0.00995285

2.65625 -0.00752372
2.67188 -0.00710437

2.67188 -0.00710427
2.6875 -0.00669569

1 -0.0451259
1.01562 -0.0452541

1.01562 -0.0452541
1.03125 -0.0453689

-0.0625 -0.00995293
-0.046875 -0.0107357

-0.046875 -0.0107358
-0.03125 -0.0115142

2.6875 -0.00669555
2.70312 -0.00629823

2.70312 -0.00629813
2.71875 -0.00591255

1.03125 -0.0453689
1.04688 -0.0454703

1.04688 -0.0454703
1.0625 -0.0455585

-0.03125 -0.0115142
-0.015625 -0.0122878

-0.015625 -0.0122879
0 -0.0130565

-0.5 0.0127422
-0.484375 0.0119324

-0.484375 0.0119323
-0.46875 0.01112

1.0625 -0.0455584
1.07812 -0.0456334

1.07812 -0.0456333
1.09375 -0.0456951

2.71875 -0.00591239
2.73438 -0.00553905

2.73438 -0.005539
2.75 -0.00517831

-0.46875 0.0111199
-0.453125 0.0103054

2.75 -0.00517816
2.76562 -0.00483051

2.76562 -0.0048305
2.78125 -0.0044962

1.09375 -0.0456951
1.10938 -0.0457436

-0.453125 0.0103053
-0.4375 0.00948899

2.78125 -0.00449611
2.79688 -0.00417538

2.79688 -0.00417528
2.8125 -0.00386851

1.10938 -0.0457436
1.125 -0.0457791

2.8125 -0.00386835
2.82812 -0.00357605

2.82812 -0.0035759
2.84375 -0.00329871

1.125 -0.0457791
1.14062 -0.0458015

1.14062 -0.0458015
1.15625 -0.0458109

-0.4375 0.00948887
-0.421875 0.00867127

-0.421875 0.0086712
-0.40625 0.00785266

2.84375 -0.00329855
2.85938 -0.00303707

2.85938 -0.00303698
2.875 -0.00279171

1.15625 -0.0458109
1.17188 -0.0458073

2.875 -0.00279157
2.89062 -0.00256294

2.89062 -0.00256288
2.90625 -0.00235128

-0.40625 0.00785263
-0.390625 0.00703337

-0.390625 0.00703332
-0.375 0.00621351

1.17188 -0.0458073
1.1875 -0.0457907

1.1875 -0.0457907
1.20312 -0.0457613

1.20312 -0.0457612
1.21875 -0.0457189

1.21875 -0.0457189
1.23438 -0.0456637

1.23438 -0.0456637
1.25 -0.0455958

-0.375 0.00621341
-0.359375 0.00539335

1.25 -0.0455958
1.26562 -0.0455153

-0.359375 0.00539324
-0.34375 0.00457336

2.90625 -0.00235123
2.92188 -0.0021569

-0.34375 0.00457327
-0.328125 0.00375399

1.26562 -0.0455152
1.28125 -0.0454221

1.28125 -0.0454221
1.29688 -0.0453164

2.92188 -0.00215684
2.9375 -0.00198001

1.29688 -0.0453164
1.3125 -0.0451984

2.9375 -0.00197989
2.95312 -0.00182094

2.95312 -0.00182134
2.96875 -0.00167971

2.96875 -0.00167975
2.98438 -0.00155456

2.98438 -0.00155704
3 -0.00144325

1.3125 -0.0451984
1.32812 -0.0450681

1.32812 -0.045068
1.34375 -0.0449256

-0.328125 0.00375392
-0.3125 0.00293554

3 -0.00146771
3.03125 -0.00115516

3.03125 -0.00106387
3.0625 -0.00080324

1.34375 -0.0449256
1.35938 -0.0447712

-0.3125 0.00293547
-0.296875 0.00211826

3.0625 -0.000839436
3.125 -0.000642407

-0.296875 0.00211823
-0.28125 0.00130241

1.35938 -0.0447712
1.375 -0.0446049

-0.28125 0.00130225
-0.265625 0.000488199

3.125 -0.000783617
3.25 -0.000562902

3.25 -0.00055061
3.5 -0.000309287

3.5 -0.000432462
4 -9.12228e-06

3.66818 0
4 0.000168259

1.375 -0.0446048
1.39062 -0.0444269

1.39062 -0.0444268
1.40625 -0.0442373

-0.265625 0.000471726
-0.256555 0

1.40625 -0.0442372
1.42188 -0.0440362

1.42188 -0.0440362
1.4375 -0.0438239

1.4375 -0.0438239
1.45312 -0.0436003

1.45312 -0.0436003
1.46875 -0.0433656

1.46875 -0.0433656
1.48438 -0.0431197

1.48438 -0.0431196
1.5 -0.0428626

