-4 -6.57705e-05
-3.95834 0

-3.99581 0
-3.5 0.00156144

-1.5 0.0770971
-1.48438 0.0769578

-1.48438 0.0769578
-1.46875 0.0767973

-1.46875 0.0767972
-1.45312 0.0766154

-1.45312 0.0766154
-1.4375 0.0764125

-1.4375 0.0764125
-1.42188 0.0761887

-1.42188 0.0761887
-1.40625 0.0759441

-1.40625 0.0759441
-1.39062 0.075679

-1.39062 0.075679
-1.375 0.0753935

-3.5 0.000815622
-3.25 0.00190022

-1.375 0.0753935
-1.35938 0.0750878

-3.25 0.00170081
-3.125 0.00303844

-3.125 0.00260492
-3.0625 0.0039248

-3.0625 0.00363227
-3.03125 0.00501646

-1.35938 0.0750877
-1.34375 0.074762

-1.34375 0.0747619
-1.32812 0.0744163

-3.03125 0.0053403
-3 0.00738613

-1.32812 0.0744162
-1.3125 0.0740509

-1.3125 0.0740509
-1.29688 0.0736661

-1.29688 0.0736661
-1.28125 0.0732621

-1.28125 0.073262
-1.26562 0.072839

-1.26562 0.072839
-1.25 0.0723973

-3 0.00738505
-2.98438 0.00841399

-2.98438 0.00841272
-2.96875 0.00945235

-2.96875 0.00945256
-2.95312 0.010505

-2.95312 0.0105051
-2.9375 0.0115698

-1.25 0.0723972
-1.23438 0.0719371

-1.23438 0.0719371
-1.21875 0.0714588

-2.9375 0.01157
-2.92188 0.012646

0 -0.00201735
0.015625 -0.00316546

-1.21875 0.0714588
-1.20312 0.0709627

-1.20312 0.0709626
-1.1875 0.070449

0.015625 -0.0031656
0.03125 -0.00431309

0.03125 -0.00431319
0.046875 -0.00545956

0.046875 -0.00545967
0.0625 -0.00660447

0.0625 -0.00660459
0.078125 -0.00774735

0.078125 -0.00774746
0.09375 -0.00888774

0.09375 -0.00888785
0.109375 -0.0100252

0.109375 -0.0100253
0.125 -0.0111594

-1.1875 0.0704489
-1.17188 0.0699182

-1.17188 0.0699181
-1.15625 0.0693705

0.125 -0.0111595
0.140625 -0.0122899

-2.92188 0.0126462
-2.90625 0.0137326

0.140625 -0.01229
0.15625 -0.0134164

-2.90625 0.0137329
-2.89062 0.0148288

0.15625 -0.0134164
0.171875 -0.0145385

-1.15625 0.0693704
-1.14062 0.0688063

-1.14062 0.0688063
-1.125 0.068226

-2.89062 0.0148245
-2.8793 0.015625

-2.87952 0.015625
-2.875 0.0159448

0.1875 -0.0156469
0.187194 -0.015625

-1.125 0.068226
-1.10938 0.0676299

0.171875 -0.0145389
0.18706 -0.015625

-2.875 0.0159337
-2.85938 0.0170461

0.1875 -0.0156557
0.203125 -0.0167694

0.203125 -0.0167696
0.21875 -0.0178803

-1.10938 0.0676298
-1.09375 0.0670183

-1.09375 0.0670182
-1.07812 0.0663914

-1.07812 0.0663914
-1.0625 0.0657497

0.21875 -0.0178803
0.234375 -0.0189874

-1.0625 0.0657497
-1.04688 0.0650934

0.234375 -0.0189875
0.25 -0.0200908

-2.85938 0.0170463
-2.84375 0.0181657

-1.04688 0.0650934
-1.03125 0.0644226

-1.03125 0.0644226
-1.01562 0.0637374

-1.01562 0.0637373
-1 0.0630381

0.25 -0.0200908
0.265625 -0.0211898

0.265625 -0.0211899
0.28125 -0.0222842

-2.84375 0.0181659
-2.82812 0.0192915

-2.82812 0.0192917
-2.8125 0.0204226

-2.8125 0.0204228
-2.79688 0.0215581

-2.79688 0.0215583
-2.78125 0.0226972

0.28125 -0.0222843
0.296875 -0.0233736

0.296875 -0.0233737
0.3125 -0.0244573

-2.78125 0.0226974
-2.76562 0.0238391

0.3125 -0.0244574
0.328125 -0.0255352

0.328125 -0.0255353
0.34375 -0.0266068

-2.76562 0.0238393
-2.75 0.024983

0.34375 -0.0266069
0.359375 -0.0276716

-2.75 0.0249832
-2.73438 0.0261282

-2.73438 0.0261284
-2.71875 0.0272739

-0.984375 0.0623317
-0.988062 0.0625

-0.984375 0.0623247
-0.96875 0.0615967

-0.96875 0.0615966
-0.953125 0.060854

-0.953125 0.0608539
-0.9375 0.060097

-1 0.0630359
-0.988263 0.0625

0.359375 -0.0276718
0.375 -0.0287294

-2.71875 0.0272741
-2.70312 0.0284193

0.375 -0.0287294
0.390625 -0.0297798

-2.70312 0.0284195
-2.6875 0.0295638

-0.9375 0.0600969
-0.921875 0.059326

-0.921875 0.059326
-0.90625 0.0585412

-0.90625 0.0585411
-0.890625 0.0577426

-0.890625 0.0577425
-0.875 0.0569306

-2.6875 0.029564
-2.67188 0.0307064

-0.875 0.0569305
-0.859375 0.0561053

-0.859375 0.0561052
-0.84375 0.0552671

-2.67188 0.0307027
-2.66437 0.03125

-0.84375 0.055267
-0.828125 0.0544162

1.5 -0.0748972
1.51562 -0.074971

-2.66447 0.03125
-2.65625 0.03185

-2.65625 0.0318466
-2.64062 0.0329834

1.51562 -0.074971
1.53125 -0.0750263

1.53125 -0.0750263
1.54688 -0.075063

1.54688 -0.075063
1.5625 -0.075081

1.5625 -0.075081
1.57812 -0.0750805

0.390625 -0.0297803
0.40625 -0.0308226

0.421875 -0.0317577
0.414209 -0.03125

0.421875 -0.0318568
0.4375 -0.0328854

-2.64062 0.0329836
-2.625 0.0341165

0.40625 -0.0309795
0.410334 -0.03125

0.4375 -0.0328855
0.453125 -0.0339076

0.453125 -0.0339077
0.46875 -0.0349229

0.46875 -0.034923
0.484375 -0.0359308

-0.828125 0.0544162
-0.8125 0.053553

-2.625 0.0341167
-2.60938 0.0352452

-0.8125 0.0535529
-0.796875 0.0526777

-0.796875 0.0526776
-0.78125 0.0517905

-2.60938 0.0352454
-2.59375 0.0363689

-0.78125 0.0517905
-0.765625 0.0508919

0.484375 -0.0359309
0.5 -0.036931

-2.59375 0.0363691
-2.57812 0.037487

1.57812 -0.0750805
1.59375 -0.0750613

-0.765625 0.0508918
-0.75 0.049982

1.59375 -0.0750613
1.60938 -0.0750236

0.5 -0.0369311
0.515625 -0.037923

0.515625 -0.0379231
0.53125 -0.0389063

0.53125 -0.0389064
0.546875 -0.0398806

0.546875 -0.0398807
0.5625 -0.0408454

0.5625 -0.0408455
0.578125 -0.0418004

0.578125 -0.0418005
0.59375 -0.0427452

0.59375 -0.0427453
0.609375 -0.0436794

0.609375 -0.0436795
0.625 -0.0446028

1.60938 -0.0750236
1.625 -0.0749672

-0.75 0.0499819
-0.734375 0.0490612

-0.734375 0.0490612
-0.71875 0.0481297

-0.71875 0.0481294
-0.703125 0.0471877

-0.6875 0.0462531
-0.697702 0.046875

-0.703125 0.0471511
-0.698597 0.046875

0.625 -0.0446028
0.640625 -0.0455149

-2.57812 0.0374872
-2.5625 0.0385988

0.640625 -0.0455151
0.65625 -0.0464156

-0.6875 0.0462355
-0.671875 0.0452716

-2.5625 0.038599
-2.54688 0.0397037

-2.54688 0.0397039
-2.53125 0.0408011

-0.671875 0.0452715
-0.65625 0.0442967

0.671875 -0.0472384
0.665487 -0.046875

-2.53125 0.0408013
-2.51562 0.0418904

-2.51562 0.0418905
-2.5 0.0429708

-0.65625 0.0442965
-0.640625 0.0433114

-0.640625 0.0433112
-0.625 0.0423161

0.65625 -0.046476
0.663263 -0.046875

-0.625 0.042316
-0.609375 0.0413114

-0.609375 0.0413113
-0.59375 0.0402976

-0.59375 0.0402975
-0.578125 0.0392749

-0.578125 0.0392748
-0.5625 0.038244

0.671875 -0.0473041
0.6875 -0.0481825

0.6875 -0.0481825
0.703125 -0.0490505

-0.5625 0.0382439
-0.546875 0.0372052

-0.546875 0.0372051
-0.53125 0.0361591

-2.5 0.0429709
-2.48438 0.0440417

1.625 -0.0749672
1.64062 -0.0748923

1.64062 -0.0748923
1.65625 -0.0747987

1.65625 -0.0747987
1.67188 -0.0746866

1.67188 -0.0746866
1.6875 -0.0745558

1.6875 -0.0745558
1.70312 -0.0744062

1.70312 -0.0744062
1.71875 -0.074238

1.71875 -0.074238
1.73438 -0.0740509

1.73438 -0.0740509
1.75 -0.0738449

-2.48438 0.0440419
-2.46875 0.0451026

1.75 -0.0738449
1.76562 -0.07362

1.76562 -0.0736201
1.78125 -0.0733763

0.703125 -0.0490506
0.71875 -0.049908

1.78125 -0.0733762
1.79688 -0.0731135

-0.53125 0.036159
-0.515625 0.035106

-2.46875 0.0451028
-2.45312 0.046153

-0.515625 0.0351059
-0.5 0.0340463

1.79688 -0.0731135
1.8125 -0.0728317

-2.45312 0.0461494
-2.44221 0.046875

0.71875 -0.049908
0.734375 -0.0507545

1.8125 -0.0728317
1.82812 -0.072531

-2.4424 0.046875
-2.4375 0.0472007

1.82812 -0.072531
1.84375 -0.0722113

0.734375 -0.0507546
0.75 -0.0515899

1.84375 -0.0722113
1.85938 -0.0718726

-2.4375 0.0471924
-2.42188 0.0482201

-2.42188 0.0482202
-2.40625 0.049236

0.75 -0.05159
0.765625 -0.0524139

-0.015625 -0.000829853
-0.0269231 0

-2.40625 0.0492361
-2.39062 0.0502396

-0.015625 -0.000868925
0 -0.00201733

-2.39062 0.0502397
-2.375 0.0512305

0.765625 -0.0524139
0.78125 -0.0532261

0.78125 -0.0532261
0.796875 -0.0540264

-0.5 0.0340463
-0.484375 0.0329805

1.85938 -0.0718726
1.875 -0.0715151

-2.375 0.0512306
-2.35938 0.0522082

-2.35938 0.0522083
-2.34375 0.0531723

0.796875 -0.0540264
0.8125 -0.0548144

0.8125 -0.0548145
0.828125 -0.0555901

-0.484375 0.0329803
-0.46875 0.0319088

-0.453125 0.0308624
-0.458745 0.03125

-0.453125 0.0308316
-0.4375 0.0297474

-0.46875 0.0318899
-0.459471 0.03125

-0.4375 0.0297473
-0.421875 0.0286567

-0.421875 0.0286566
-0.40625 0.02756

-0.40625 0.0275598
-0.390625 0.0264576

-0.390625 0.0264575
-0.375 0.02535

-0.375 0.0253499
-0.359375 0.0242376

-0.359375 0.0242375
-0.34375 0.023121

-0.34375 0.0231209
-0.328125 0.0220005

-0.328125 0.0220004
-0.3125 0.0208765

-0.3125 0.0208765
-0.296875 0.0197496

-0.296875 0.0197495
-0.28125 0.0186198

-0.28125 0.0186198
-0.265625 0.0174875

-0.265625 0.0174873
-0.25 0.016353

-0.234375 0.0152591
-0.239405 0.015625

-0.25 0.0163304
-0.240304 0.015625

-0.234375 0.0152167
-0.21875 0.0140768

-0.21875 0.0140767
-0.203125 0.0129337

-0.203125 0.0129336
-0.1875 0.0117879

-0.1875 0.0117878
-0.171875 0.0106398

-0.171875 0.0106397
-0.15625 0.0094899

-0.15625 0.00948975
-0.140625 0.00833861

-0.140625 0.00833854
-0.125 0.00718653

-0.125 0.00718641
-0.109375 0.00603389

-0.109375 0.00603377
-0.09375 0.0048812

-0.09375 0.00488111
-0.078125 0.00372892

-0.078125 0.0037288
-0.0625 0.00257744

-0.0625 0.00257753
-0.046875 0.00142707

-0.046875 0.00142643
-0.03125 0.000277977

-0.03125 0.000111609
-0.0297305 0

1.875 -0.0715151
1.89062 -0.0711386

1.89062 -0.0711386
1.90625 -0.0707433

1.90625 -0.0707433
1.92188 -0.0703291

-2.34375 0.0531724
-2.32812 0.0541223

-2.32812 0.0541225
-2.3125 0.0550579

0.828125 -0.0555901
0.84375 -0.0563531

0.84375 -0.0563532
0.859375 -0.0571034

0.859375 -0.0571035
0.875 -0.0578407

-2.3125 0.055058
-2.29688 0.0559785

-2.29688 0.0559787
-2.28125 0.0568837

-2.28125 0.0568839
-2.26562 0.0577731

-2.26562 0.0577732
-2.25 0.058646

1.92188 -0.0703291
1.9375 -0.0698962

1.9375 -0.0698961
1.95312 -0.0694445

1.95312 -0.0694445
1.96875 -0.0689743

-2.25 0.0586461
-2.23438 0.0595023

-2.23438 0.0595024
-2.21875 0.0603415

0.875 -0.0578408
0.890625 -0.0585648

0.890625 -0.0585649
0.90625 -0.0592756

0.90625 -0.0592756
0.921875 -0.0599726

0.921875 -0.0599727
0.9375 -0.0606558

-2.21875 0.0603416
-2.20312 0.0611632

-2.20312 0.0611633
-2.1875 0.0619672

1.96875 -0.0689743
1.98438 -0.0684857

1.98438 -0.0684856
2 -0.0679788

0.984375 -0.0625746
0.982553 -0.0625

0.984375 -0.0626188
1 -0.0632443

-2.1875 0.0619638
-2.17684 0.0625

-2.17705 0.0625
-2.17188 0.0627606

0.9375 -0.0606559
0.953125 -0.0613248

0.953125 -0.0613249
0.96875 -0.0619794

0.96875 -0.0619879
0.981258 -0.0625

2 -0.0679787
2.01562 -0.0674537

2.01562 -0.0674536
2.03125 -0.0669105

2.03125 -0.0669105
2.04688 -0.0663494

2.04688 -0.0663494
2.0625 -0.0657705

-2.17188 0.0627534
-2.15625 0.0635212

-2.15625 0.0635212
-2.14062 0.0642705

2.0625 -0.0657704
2.07812 -0.0651738

2.07812 -0.0651738
2.09375 -0.0645596

-2.14062 0.0642705
-2.125 0.0650011

1 -0.0632444
1.01562 -0.0638561

1.01562 -0.0638562
1.03125 -0.0644541

2.09375 -0.0645596
2.10938 -0.0639279

2.10938 -0.0639278
2.125 -0.0632788

-2.125 0.0650011
-2.10938 0.0657127

2.125 -0.0632788
2.14062 -0.0626125

-2.10938 0.0657128
-2.09375 0.0664053

1.03125 -0.0644541
1.04688 -0.065038

-2.09375 0.0664054
-2.07812 0.0670785

1.04688 -0.0650381
1.0625 -0.0656077

-2.07812 0.0670786
-2.0625 0.0677323

1.0625 -0.0656078
1.07812 -0.0661629

-2.0625 0.0677323
-2.04688 0.0683663

-2.04688 0.0683663
-2.03125 0.0689803

1.07812 -0.0661629
1.09375 -0.0667032

2.14062 -0.0626304
2.14361 -0.0625

-2.03125 0.0689803
-2.01562 0.0695741

2.1431 -0.0625
2.15625 -0.0619255

1.09375 -0.0667033
1.10938 -0.0672285

2.15625 -0.0619295
2.17188 -0.0612314

-2.01562 0.0695741
-2 0.0701474

1.10938 -0.0672286
1.125 -0.0677384

2.17188 -0.0612314
2.1875 -0.0605175

2.1875 -0.0605175
2.20312 -0.0597879

2.20312 -0.0597879
2.21875 -0.0590426

1.125 -0.0677385
1.14062 -0.0682328

1.14062 -0.0682328
1.15625 -0.0687112

2.21875 -0.0590426
2.23438 -0.0582816

-2 0.0701475
-1.98438 0.0707

2.23438 -0.0582816
2.25 -0.057505

1.15625 -0.0687113
1.17188 -0.0691736

1.17188 -0.0691737
1.1875 -0.0696197

-1.98438 0.0707
-1.96875 0.0712316

2.25 -0.057505
2.26562 -0.0567128

2.26562 -0.0567127
2.28125 -0.0559051

-1.96875 0.0712316
-1.95312 0.071742

1.1875 -0.0696197
1.20312 -0.0700493

-1.95312 0.071742
-1.9375 0.0722309

2.28125 -0.055905
2.29688 -0.0550821

2.29688 -0.055082
2.3125 -0.0542439

1.20312 -0.0700494
1.21875 -0.0704622

2.3125 -0.0542438
2.32812 -0.0533907

-1.9375 0.072231
-1.92188 0.0726983

2.32812 -0.0533907
2.34375 -0.0525228

1.21875 -0.0704623
1.23438 -0.0708583

-1.92188 0.0726983
-1.90625 0.073144

-1.90625 0.073144
-1.89062 0.0735678

1.23438 -0.0708583
1.25 -0.0712374

-1.89062 0.0735679
-1.875 0.0739698

2.34375 -0.0525228
2.35938 -0.0516403

2.35938 -0.0516403
2.375 -0.0507434

1.25 -0.0712374
1.26562 -0.0715993

2.375 -0.0507433
2.39062 -0.0498323

2.39062 -0.0498322
2.40625 -0.0489071

-1.875 0.0739698
-1.85938 0.0743499

1.26562 -0.0715994
1.28125 -0.071944

2.40625 -0.048907
2.42188 -0.0479682

-1.85938 0.0743499
-1.84375 0.074708

2.42188 -0.0479682
2.4375 -0.0470159

1.28125 -0.071944
1.29688 -0.0722712

2.4375 -0.0470468
2.44028 -0.046875

2.43968 -0.046875
2.45312 -0.0460447

2.45312 -0.0460506
2.46875 -0.045074

2.46875 -0.045074
2.48438 -0.0440857

-1.84375 0.074708
-1.82812 0.0750443

-1.82812 0.0750443
-1.8125 0.0753586

1.29688 -0.0722713
1.3125 -0.072581

1.3125 -0.072581
1.32812 -0.072873

1.32812 -0.0728731
1.34375 -0.0731474

-1.8125 0.0753586
-1.79688 0.0756509

1.34375 -0.0731474
1.35938 -0.073404

-1.79688 0.0756509
-1.78125 0.0759214

2.48438 -0.0440856
2.5 -0.0430858

-1.78125 0.0759214
-1.76562 0.07617

-1.76562 0.07617
-1.75 0.0763968

1.35938 -0.073404
1.375 -0.0736427

-1.75 0.0763968
-1.73438 0.0766019

1.375 -0.0736427
1.39062 -0.0738633

2.5 -0.0430858
2.51562 -0.0420747

2.51562 -0.0420746
2.53125 -0.0410525

1.39062 -0.0738634
1.40625 -0.0740659

-1.73438 0.0766019
-1.71875 0.0767853

-1.71875 0.0767853
-1.70312 0.0769471

2.53125 -0.0410525
2.54688 -0.0400196

2.54688 -0.0400196
2.5625 -0.0389763

1.40625 -0.074066
1.42188 -0.0742504

1.42188 -0.0742504
1.4375 -0.0744165

-1.70312 0.0769471
-1.6875 0.0770875

-1.6875 0.0770875
-1.67188 0.0772064

2.5625 -0.0389762
2.57812 -0.0379229

2.57812 -0.0379229
2.59375 -0.0368597

2.59375 -0.0368596
2.60938 -0.0357868

2.60938 -0.0357867
2.625 -0.0347046

-1.67188 0.0772064
-1.65625 0.0773039

-1.65625 0.0773039
-1.64062 0.07738

-1.64062 0.07738
-1.625 0.0774347

1.4375 -0.0744165
1.45312 -0.0745644

1.45312 -0.0745644
1.46875 -0.0746938

1.46875 -0.0746938
1.48438 -0.0748047

1.48438 -0.0748047
1.5 -0.0748972

-1.625 0.0774347
-1.60938 0.077468

-1.60938 0.077468
-1.59375 0.0774798

2.625 -0.0347045
2.64062 -0.0336135

2.64062 -0.0336134
2.65625 -0.0325137

2.65625 -0.0325137
2.67188 -0.0314057

2.67188 -0.0314446
2.6746 -0.03125

-1.59375 0.0774798
-1.57812 0.07747

-1.57812 0.07747
-1.5625 0.0774386

2.67395 -0.03125
2.6875 -0.0302828

2.6875 -0.0302899
2.70312 -0.0291679

2.70312 -0.0291678
2.71875 -0.0280396

2.71875 -0.0280394
2.73438 -0.0269055

2.73438 -0.0269055
2.75 -0.0257662

-1.5625 0.0774386
-1.54688 0.0773856

2.75 -0.025766
2.76562 -0.0246217

2.76562 -0.0246217
2.78125 -0.0234725

2.78125 -0.0234724
2.79688 -0.0223183

2.79688 -0.0223182
2.8125 -0.0211593

-1.54688 0.0773856
-1.53125 0.077311

2.8125 -0.0211592
2.82812 -0.0199962

2.82812 -0.0199961
2.84375 -0.0188297

2.84375 -0.0188296
2.85938 -0.0176604

2.85938 -0.0176603
2.875 -0.0164887

-1.53125 0.077311
-1.51562 0.0772148

-1.51562 0.0772148
-1.5 0.0770971

2.875 -0.0164941
2.88657 -0.015625

2.88629 -0.015625
2.89062 -0.0152997

2.89062 -0.0153149
2.90625 -0.0141404

2.90625 -0.0141404
2.92188 -0.012965

2.92188 -0.0129649
2.9375 -0.0117891

2.9375 -0.0117888
2.95312 -0.010613

2.95312 -0.0106135
2.96875 -0.00943733

2.96875 -0.00943807
2.98438 -0.00825899

2.98438 -0.0082611
3 -0.00707341

3 -0.00709787
3.03125 -0.00459893

3.03125 -0.00411169
3.0625 -0.0024083

3.0625 -0.00279216
3.125 -0.00139007

3.125 -0.00203446
3.25 -0.000896747

3.25 -0.0012674
3.5 -0.000386745

3.5 -0.000952374
3.87253 0

3.81738 0
4 0.000245733

