-4 -0.0115128
-3.69348 0

-3.60733 0
-3.5 0.00403112

-3.5 0.00134214
-3.25 0.028126

-3.25 0.0100964
-3.125 0.0408402

-3.125 0.0440384
-3.09224 0.0625

-3.09426 0.0625
-3.0625 0.080407

-3.0625 0.0811655
-3.04439 0.09375

-3.04495 0.09375
-3.03125 0.103276

-3.03125 0.103749
-3.00187 0.125

-3.00197 0.125
-3 0.126353

-3 0.126902
-2.96875 0.147903

-2.96875 0.147729
-2.95474 0.15625

-2.9542 0.15625
-2.95312 0.15689

-2.95312 0.157227
-2.9375 0.166097

-2.9375 0.165781
-2.92592 0.171875

-2.92772 0.171875
-2.92188 0.174951

-2.92188 0.174291
-2.90625 0.18192

1.5 -0.192015
1.51562 -0.193859

1.51562 -0.193859
1.53125 -0.195699

1.53125 -0.195699
1.54688 -0.197534

1.54688 -0.197534
1.5625 -0.199366

1.5625 -0.199366
1.57812 -0.201195

1.59375 -0.203413
1.59129 -0.203125

1.57812 -0.201172
1.59375 -0.202999

-2.90625 0.181215
-2.89239 0.1875

-2.89062 0.186819
-2.88886 0.1875

-2.89775 0.1875
-2.89062 0.190731

0.03125 -0.00118965
0.0214551 0

0.03125 -0.00116284
0.046875 -0.00308046

-2.89062 0.189024
-2.875 0.19561

-2.875 0.194464
-2.85938 0.200584

-2.86822 0.203125
-2.85938 0.207003

-2.85938 0.197355
-2.84375 0.203123

-2.85938 0.204561
-2.84375 0.210249

-2.84375 0.20273
-2.84265 0.203125

-2.84375 0.207371
-2.82812 0.212652

-2.82812 0.211326
-2.8125 0.216224

-2.8235 0.21875
-2.8125 0.222461

-1 0.124163
-0.984375 0.122173

-0.984375 0.122173
-0.96875 0.120168

-0.96875 0.120167
-0.953125 0.118147

-2.8125 0.21352
-2.79688 0.218058

-2.79688 0.216649
-2.78997 0.21875

-2.8125 0.220485
-2.79688 0.225023

-2.79688 0.222522
-2.78125 0.226719

-2.78125 0.22625
-2.76562 0.230125

-2.76562 0.228851
-2.75 0.232421

-0.953125 0.118147
-0.9375 0.116112

-0.9375 0.116111
-0.921875 0.114063

-0.921875 0.114063
-0.90625 0.112002

-0.90625 0.112002
-0.890625 0.10993

-0.875 0.107791
-0.886887 0.109375

-0.890625 0.110069
-0.88542 0.109375

-0.875 0.107846
-0.859375 0.105755

-0.859375 0.105754
-0.84375 0.103655

-0.84375 0.103655
-0.828125 0.101549

-0.828125 0.101549
-0.8125 0.0994383

-0.8125 0.099438
-0.796875 0.0973235

-0.796875 0.0973232
-0.78125 0.0952063

-0.765625 0.0930608
-0.77071 0.09375

-0.765625 0.0930875
-0.75 0.0909706

-0.78125 0.0952183
-0.770417 0.09375

-2.76318 0.234375
-2.75 0.237386

-0.75 0.0909701
-0.734375 0.0888559

-0.734375 0.0888555
-0.71875 0.0867457

-0.71875 0.0867453
-0.703125 0.0846415

-0.703125 0.0846412
-0.6875 0.082545

-2.75 0.230509
-2.73438 0.233791

-2.75 0.235911
-2.73438 0.239193

-2.73438 0.232738
-2.72588 0.234375

-2.73438 0.23741
-2.71875 0.240421

-2.71875 0.239972
-2.70312 0.242728

-2.70312 0.242724
-2.6875 0.24524

1.60938 -0.204851
1.5946 -0.203125

1.59375 -0.202971
1.59506 -0.203125

-2.6875 0.245236
-2.67188 0.247527

-2.67188 0.247185
-2.65625 0.249266

-2.65625 0.248046
-2.64062 0.24993

-2.64062 0.249043
-2.63183 0.25

0.046875 -0.00308069
0.0625 -0.00501736

-2.66515 0.25
-2.65625 0.251186

-2.65625 0.250612
-2.64062 0.252496

-2.64062 0.25175
-2.625 0.25345

0.0625 -0.00501759
0.078125 -0.00697241

0.078125 -0.00697261
0.09375 -0.00894472

0.09375 -0.00894485
0.109375 -0.0109336

0.109375 -0.0109337
0.125 -0.0129384

0.125 -0.0129385
0.140625 -0.0149587

0.15625 -0.0170654
0.145188 -0.015625

0.140625 -0.014822
0.146792 -0.015625

0.15625 -0.0169939
0.171875 -0.0190416

0.171875 -0.019042
0.1875 -0.0211013

-2.625 0.253177
-2.60938 0.254706

-2.60938 0.254703
-2.59375 0.256073

-2.59375 0.25607
-2.57812 0.257291

-2.57812 0.257289
-2.5625 0.258372

-2.5625 0.25837
-2.54688 0.259323

-2.54688 0.259321
-2.53125 0.260151

-2.53125 0.26015
-2.51562 0.260863

-2.51562 0.260862
-2.5 0.261462

0.1875 -0.0211016
0.203125 -0.0231713

0.203125 -0.0231716
0.21875 -0.0252505

0.21875 -0.0252506
0.234375 -0.0273378

0.234375 -0.0273379
0.25 -0.029433

0.265625 -0.0315595
0.263325 -0.03125

0.265625 -0.0315358
0.28125 -0.0336447

-0.6875 0.0825446
-0.671875 0.0804572

-0.671875 0.0804568
-0.65625 0.0783796

-0.640625 0.076298
-0.654448 0.078125

-0.65625 0.0784745
-0.653606 0.078125

-0.640625 0.0763134
-0.625 0.0742619

-0.625 0.0742615
-0.609375 0.0722252

-0.609375 0.072225
-0.59375 0.0702053

-0.59375 0.0702051
-0.578125 0.0682027

-0.578125 0.0682026
-0.5625 0.0662183

-0.53125 0.0622508
-0.53325 0.0625

-0.53125 0.062305
-0.515625 0.060378

-0.515625 0.0603779
-0.5 0.0584718

-0.5625 0.0662181
-0.546875 0.0642523

-0.546875 0.064259
-0.532758 0.0625

-0.5 0.0584717
-0.484375 0.0565867

-0.484375 0.0565868
-0.46875 0.054723

-0.46875 0.0547231
-0.453125 0.0528802

-0.453125 0.0528804
-0.4375 0.051058

-0.4375 0.0510582
-0.421875 0.0492556

-0.421875 0.0492559
-0.40625 0.0474722

-0.390625 0.0456842
-0.401163 0.046875

-0.40625 0.0475156
-0.400581 0.046875

-0.390625 0.0457069
-0.375 0.0439586

-0.375 0.0439588
-0.359375 0.0422271

-0.359375 0.0422274
-0.34375 0.0405111

-0.34375 0.0405116
-0.328125 0.038809

-0.328125 0.0388095
-0.3125 0.0371185

-0.3125 0.037119
-0.296875 0.0354379

-0.296875 0.0354385
-0.28125 0.033765

-0.25 0.0304048
-0.257926 0.03125

-0.28125 0.0337656
-0.265625 0.0320972

-0.265625 0.0321239
-0.25743 0.03125

0.25 -0.0294293
0.263531 -0.03125

0.28125 -0.0336449
0.296875 -0.0357595

-2.5 0.261462
-2.48438 0.261953

-2.48438 0.261953
-2.46875 0.262339

-2.46875 0.262338
-2.45312 0.26262

-2.45312 0.26262
-2.4375 0.2628

-2.4375 0.2628
-2.42188 0.26288

-2.42188 0.26288
-2.40625 0.262862

-2.40625 0.262861
-2.39062 0.262745

-0.25 0.030432
-0.234375 0.0287661

-0.234375 0.0287667
-0.21875 0.0270995

-0.21875 0.0270999
-0.203125 0.0254294

-0.203125 0.0254299
-0.1875 0.0237541

-0.1875 0.0237546
-0.171875 0.0220713

-0.171875 0.0220718
-0.15625 0.0203791

-0.15625 0.0203796
-0.140625 0.0186757

-0.140625 0.0186762
-0.125 0.0169591

-0.109375 0.0151713
-0.113466 0.015625

-0.125 0.0169774
-0.112803 0.015625

-0.109375 0.0152272
-0.09375 0.0134781

-0.09375 0.0134784
-0.078125 0.0117124

-0.078125 0.0117125
-0.0625 0.009929

-0.0625 0.00992913
-0.046875 0.00812777

-0.046875 0.00812785
-0.03125 0.00630821

-0.03125 0.00630837
-0.015625 0.00446998

-0.015625 0.00447009
0 0.00261243

1.60938 -0.204847
1.625 -0.206671

-2.39062 0.262745
-2.375 0.262534

1.625 -0.206671
1.64062 -0.208492

1.64062 -0.208492
1.65625 -0.210311

1.65625 -0.210311
1.67188 -0.212129

1.67188 -0.212129
1.6875 -0.213943

1.6875 -0.213943
1.70312 -0.215755

-2.375 0.262533
-2.35938 0.262228

-2.35938 0.262227
-2.34375 0.261831

-2.34375 0.26183
-2.32812 0.261345

-2.32812 0.261344
-2.3125 0.260774

-2.3125 0.260773
-2.29688 0.260122

-2.29688 0.260121
-2.28125 0.259392

-2.28125 0.259391
-2.26562 0.25859

1.70312 -0.215755
1.71875 -0.217563

0.296875 -0.0357597
0.3125 -0.0378792

0.3125 -0.0378793
0.328125 -0.0400031

0.328125 -0.0400032
0.34375 -0.042131

0.34375 -0.0421311
0.359375 -0.0442624

0.359375 -0.0442625
0.375 -0.0463971

1.73438 -0.219492
1.72795 -0.21875

1.73438 -0.219368
1.75 -0.221166

1.71875 -0.217494
1.72963 -0.21875

0.390625 -0.048573
0.37821 -0.046875

1.75 -0.221167
1.76562 -0.222959

-2.26562 0.258589
-2.25 0.257719

0.375 -0.0462772
0.379371 -0.046875

0.390625 -0.0485347
0.40625 -0.050673

-2.125 0.248876
-2.1391 0.25

0.40625 -0.0506733
0.421875 -0.0528118

0.421875 -0.052812
0.4375 -0.0549495

0.5 -0.063527
0.492452 -0.0625

0.4375 -0.0549497
0.453125 -0.0570853

0.453125 -0.0570855
0.46875 -0.0592185

0.46875 -0.0592186
0.484375 -0.0613484

0.484375 -0.0613039
0.493166 -0.0625

0 0.00261262
0.015625 0.00073509

0.015625 0.000777067
0.0220229 0

-2.125 0.24887
-2.10938 0.247596

-2.10938 0.247595
-2.09375 0.246297

-2.09375 0.246296
-2.07812 0.244978

-2.07812 0.244977
-2.0625 0.243642

-2.0625 0.243641
-2.04688 0.242291

-2.04688 0.242291
-2.03125 0.240928

-2.03125 0.240928
-2.01562 0.239554

-2.01562 0.239554
-2 0.238167

1.76562 -0.222959
1.78125 -0.224743

1.78125 -0.224743
1.79688 -0.226518

-2.25 0.257718
-2.23438 0.256786

0.5 -0.0634747
0.515625 -0.0655959

1.79688 -0.226518
1.8125 -0.228281

0.515625 -0.065596
0.53125 -0.067712

-2.23438 0.256785
-2.21875 0.255793

0.53125 -0.067712
0.546875 -0.0698225

-2.21875 0.255792
-2.20312 0.254747

-2.20312 0.254746
-2.1875 0.253653

-2.1875 0.253651
-2.17188 0.252513

1.8125 -0.228282
1.82812 -0.230033

1.82812 -0.230033
1.84375 -0.231771

1.84375 -0.231771
1.85938 -0.233494

-2.17188 0.252512
-2.15625 0.251334

-2.15625 0.251333
-2.14062 0.250118

-2.14062 0.250063
-2.13984 0.25

-2 0.238168
-1.98438 0.236769

-1.98438 0.236769
-1.96875 0.235356

0.546875 -0.0698224
0.5625 -0.0719279

0.5625 -0.0719276
0.578125 -0.0740287

0.578125 -0.0740285
0.59375 -0.0761262

-1.95312 0.23383
-1.95908 0.234375

-1.96875 0.235405
-1.95748 0.234375

-1.95312 0.233929
-1.9375 0.232482

-1.9375 0.232483
-1.92188 0.231017

-1.92188 0.231018
-1.90625 0.22953

-1.90625 0.22953
-1.89062 0.228018

-1.89062 0.228018
-1.875 0.22648

-1.875 0.22648
-1.85938 0.224914

-1.85938 0.224914
-1.84375 0.223318

-1.84375 0.223318
-1.82812 0.221691

-1.82812 0.221691
-1.8125 0.220034

0.609375 -0.0782314
0.608582 -0.078125

0.59375 -0.0761256
0.608661 -0.078125

1.875 -0.235236
1.86712 -0.234375

1.85938 -0.233462
1.86774 -0.234375

1.875 -0.235202
1.89062 -0.236892

1.89062 -0.236892
1.90625 -0.238563

1.90625 -0.238564
1.92188 -0.240215

1.92188 -0.240215
1.9375 -0.241844

0.609375 -0.0782228
0.625 -0.0803159

0.609375 -0.0780427
0.60999 -0.078125

-1.79688 0.218249
-1.80152 0.21875

0.625 -0.0803142
0.640625 -0.0824055

0.640625 -0.0824055
0.65625 -0.0844953

1.9375 -0.241844
1.95312 -0.24345

0.65625 -0.0844952
0.671875 -0.086584

-1.79688 0.218345
-1.78125 0.216626

-1.8125 0.220068
-1.80031 0.21875

-1.78125 0.216626
-1.76562 0.214878

1.95312 -0.24345
1.96875 -0.245031

1.96875 -0.245032
1.98438 -0.246587

0.671875 -0.0865838
0.6875 -0.0886723

0.6875 -0.0886721
0.703125 -0.0907607

1.98438 -0.246587
2 -0.248114

0.703125 -0.0907606
0.71875 -0.0928497

0.734375 -0.0950017
0.725015 -0.09375

0.734375 -0.0949394
0.75 -0.0970286

-1.76562 0.214878
-1.75 0.213101

0.71875 -0.0927689
0.726087 -0.09375

-1.75 0.213101
-1.73438 0.211298

0.75 -0.0970288
0.765625 -0.0991173

0.765625 -0.0991174
0.78125 -0.101205

0.78125 -0.101205
0.796875 -0.103291

-1.73438 0.211298
-1.71875 0.209469

-1.71875 0.209469
-1.70312 0.207617

0.796875 -0.103291
0.8125 -0.105375

0.8125 -0.105375
0.828125 -0.107458

0.84375 -0.109555
0.842401 -0.109375

0.828125 -0.107457
0.842527 -0.109375

0.84375 -0.10954
0.859375 -0.111619

0.84375 -0.109353
0.843918 -0.109375

0.859375 -0.111619
0.875 -0.113696

0.96875 -0.126157
0.959968 -0.125

-1.70312 0.207616
-1.6875 0.205743

-1.6875 0.205742
-1.67188 0.203849

0.96875 -0.126096
0.984375 -0.12815

0.984375 -0.12815
1 -0.130199

0.875 -0.113696
0.890625 -0.11577

0.890625 -0.11577
0.90625 -0.117841

0.90625 -0.117841
0.921875 -0.119909

-1.65625 0.201867
-1.66655 0.203125

-1.67188 0.203963
-1.66502 0.203125

0.921875 -0.119909
0.9375 -0.121974

0.9375 -0.121974
0.953125 -0.124036

0.953125 -0.123967
0.960964 -0.125

-1.65625 0.201939
-1.64062 0.200016

-1.64062 0.200015
-1.625 0.198082

-1.625 0.198081
-1.60938 0.196141

-1.60938 0.19614
-1.59375 0.194197

-1.59375 0.194196
-1.57812 0.192252

-1.57812 0.192251
-1.5625 0.190309

-1.53125 0.186389
-1.54024 0.1875

-1.53125 0.186441
-1.51562 0.184521

-1.51562 0.18452
-1.5 0.182612

-1.5625 0.190309
-1.54688 0.188372

-1.54688 0.188434
-1.53932 0.1875

2.03125 -0.251077
2.01978 -0.25

2.03125 -0.251081
2.04688 -0.252515

2.04688 -0.252515
2.0625 -0.253914

2.0625 -0.253915
2.07812 -0.255276

2.07812 -0.255277
2.09375 -0.256599

2.09375 -0.256599
2.10938 -0.257879

2.10938 -0.25788
2.125 -0.259116

2.125 -0.259117
2.14062 -0.260307

2.14062 -0.260308
2.15625 -0.261449

2.15625 -0.26145
2.17188 -0.26254

2.17188 -0.262541
2.1875 -0.263577

2.1875 -0.263578
2.20312 -0.264558

2.20312 -0.264559
2.21875 -0.26548

2.23438 -0.266337
2.22142 -0.265625

2.21875 -0.265493
2.22115 -0.265625

2.23438 -0.26634
2.25 -0.267133

2 -0.248115
2.01562 -0.249613

2.01562 -0.249622
2.01965 -0.25

1 -0.130199
1.01562 -0.132242

1.01562 -0.132242
1.03125 -0.134278

1.03125 -0.134278
1.04688 -0.136307

1.04688 -0.136308
1.0625 -0.138329

1.0625 -0.138329
1.07812 -0.140343

1.09375 -0.142389
1.08001 -0.140625

1.07812 -0.140158
1.08177 -0.140625

1.09375 -0.142349
1.10938 -0.144346

1.10938 -0.144346
1.125 -0.146334

-1.5 0.182611
-1.48438 0.180716

-1.48438 0.180716
-1.46875 0.178834

2.25 -0.267134
2.26562 -0.267859

2.26562 -0.26786
2.28125 -0.268513

1.125 -0.146334
1.14062 -0.148312

-1.46875 0.178834
-1.45312 0.176968

2.28125 -0.268514
2.29688 -0.269092

2.29688 -0.269093
2.3125 -0.269593

-1.45312 0.176968
-1.4375 0.175116

-1.4375 0.175117
-1.42188 0.17328

-1.40625 0.171324
-1.41098 0.171875

-1.42188 0.173326
-1.40944 0.171875

-1.40625 0.171458
-1.39062 0.169649

1.14062 -0.148312
1.15625 -0.150282

1.15625 -0.150282
1.17188 -0.152244

2.3125 -0.269594
2.32812 -0.270012

2.32812 -0.270013
2.34375 -0.270346

2.34375 -0.270347
2.35938 -0.27059

-1.39062 0.16965
-1.375 0.167855

2.35938 -0.270591
2.375 -0.27074

1.17188 -0.152244
1.1875 -0.154199

-1.375 0.167855
-1.35938 0.166073

-1.35938 0.166073
-1.34375 0.164301

2.375 -0.270741
2.39062 -0.270793

2.39062 -0.270794
2.40625 -0.270742

2.40625 -0.270744
2.42188 -0.270584

2.42188 -0.270586
2.4375 -0.270314

2.4375 -0.270315
2.45312 -0.269924

-1.34375 0.164302
-1.32812 0.162539

2.45312 -0.269926
2.46875 -0.269411

1.21875 -0.158123
1.20368 -0.15625

1.1875 -0.154198
1.20312 -0.156147

-1.32812 0.16254
-1.3125 0.160784

-1.3125 0.160785
-1.29688 0.159033

-1.29688 0.159034
-1.28125 0.157284

2.46875 -0.269413
2.48438 -0.268768

2.48438 -0.26877
2.5 -0.267989

-1.26562 0.155451
-1.27276 0.15625

-1.26562 0.155535
-1.25 0.153782

1.20312 -0.155883
1.20608 -0.15625

1.21875 -0.15809
1.23438 -0.160025

1.23438 -0.160025
1.25 -0.161953

-1.28125 0.157344
-1.27148 0.15625

1.25 -0.161953
1.26562 -0.163872

1.26562 -0.163872
1.28125 -0.165784

1.28125 -0.165784
1.29688 -0.167687

1.29688 -0.167687
1.3125 -0.169584

-1.25 0.153782
-1.23438 0.152025

2.5 -0.267991
2.51562 -0.267068

-1.23438 0.152025
-1.21875 0.150262

1.3125 -0.169583
1.32812 -0.171474

-1.21875 0.150263
-1.20312 0.148491

2.51562 -0.26707
2.53125 -0.265997

-1.20312 0.148492
-1.1875 0.146711

2.53125 -0.266173
2.53821 -0.265625

2.53486 -0.265625
2.54688 -0.264679

2.54688 -0.264771
2.5625 -0.263377

2.5625 -0.263378
2.57812 -0.261812

-1.1875 0.146711
-1.17188 0.144918

-1.17188 0.144919
-1.15625 0.143113

-1.15625 0.143114
-1.14062 0.141294

-1.125 0.139417
-1.13529 0.140625

-1.14062 0.141364
-1.13433 0.140625

-1 0.123992
-1.00798 0.125

-1.125 0.139458
-1.10938 0.137606

-1.10938 0.137607
-1.09375 0.135738

2.57812 -0.261815
2.59375 -0.260068

-1.09375 0.135738
-1.07812 0.133853

1.34375 -0.173483
1.33043 -0.171875

1.32812 -0.17114
1.33422 -0.171875

2.59375 -0.260071
2.60938 -0.258135

-1.07812 0.133853
-1.0625 0.13195

1.34375 -0.17336
1.35938 -0.175242

2.60938 -0.258137
2.625 -0.256003

-1.0625 0.13195
-1.04688 0.13003

1.35938 -0.175242
1.375 -0.177119

-1.04688 0.13003
-1.03125 0.128092

-1.03125 0.128092
-1.01562 0.126136

-1.01562 0.126267
-1.00559 0.125

1.375 -0.177119
1.39062 -0.178993

1.39062 -0.178993
1.40625 -0.180864

1.40625 -0.180864
1.42188 -0.182732

1.42188 -0.182732
1.4375 -0.184596

2.625 -0.256005
2.64062 -0.253661

2.64062 -0.253665
2.65625 -0.2511

2.65625 -0.251397
2.66405 -0.25

1.46875 -0.188799
1.45782 -0.1875

2.66127 -0.25
2.67188 -0.248099

2.67188 -0.248306
2.6875 -0.24526

2.6875 -0.245264
2.70312 -0.241961

2.70312 -0.241964
2.71875 -0.238389

2.71875 -0.238396
2.73438 -0.234528

2.73438 -0.234611
2.73526 -0.234375

2.73494 -0.234375
2.75 -0.230346

1.46875 -0.188314
1.48438 -0.190167

1.48438 -0.190167
1.5 -0.192015

1.4375 -0.184596
1.45312 -0.186457

1.45312 -0.186046
1.46536 -0.1875

2.75 -0.230355
2.76562 -0.225849

2.76562 -0.225856
2.78125 -0.220999

2.78125 -0.221472
2.78937 -0.21875

2.78689 -0.21875
2.79688 -0.215403

2.79688 -0.215772
2.8125 -0.210136

2.8125 -0.210149
2.82812 -0.204079

2.82812 -0.204437
2.83126 -0.203125

2.83024 -0.203125
2.84375 -0.197472

2.84375 -0.197559
2.85938 -0.190514

2.85938 -0.191054
2.86668 -0.1875

2.86483 -0.1875
2.875 -0.182556

2.875 -0.182942
2.89062 -0.174734

2.89062 -0.175238
2.89654 -0.171875

2.89524 -0.171875
2.90625 -0.165617

2.90625 -0.165892
2.92188 -0.156261

2.92188 -0.156284
2.92193 -0.15625

2.92193 -0.15625
2.9375 -0.145804

2.9375 -0.146525
2.94563 -0.140625

2.94379 -0.140625
2.95312 -0.133782

2.95312 -0.134173
2.96459 -0.125

2.96578 -0.125
2.96875 -0.122638

2.96875 -0.12252
2.99866 -0.09375

2.99987 -0.09375
3 -0.093603

3 -0.0898991
3.02624 -0.0625

3.02567 -0.0625
3.03125 -0.0569329

3.03125 -0.0565847
3.0599 -0.03125

3.06101 -0.03125
3.0625 -0.0300564

3.0625 -0.0274428
3.10903 0

3.25 -0.000154231
3.26896 0

3.1134 0
3.125 0.00630988

3.125 0.00969385
3.25 0.0331098

3.25 0.0137353
3.5 0.0105698

3.5 -0.00622085
4 -0.012334

