-0.625 0.368784
-0.609375 0.365006

-0.609375 0.365009
-0.59375 0.361084

-0.585938 0.359007
-0.587361 0.359375

-0.585938 0.359054
-0.578125 0.357005

-0.59375 0.361088
-0.587172 0.359375

-0.578125 0.357019
-0.5625 0.352802

-0.554688 0.350551
-0.558331 0.351562

-0.5625 0.352847
-0.557875 0.351562

-0.554688 0.350622
-0.546875 0.348413

-0.546875 0.348414
-0.539062 0.346165

-0.539062 0.346165
-0.53125 0.343875

-0.523438 0.341534
-0.530863 0.34375

-0.523438 0.34154
-0.515625 0.339176

-0.515625 0.339179
-0.507812 0.336783

-0.5 0.334198
-0.505579 0.335938

-0.507812 0.337038
-0.504284 0.335938

-0.53125 0.343977
-0.530491 0.34375

-2 0.41856
-1.99219 0.418511

-1.99219 0.418511
-1.98438 0.418467

-1.98438 0.418467
-1.97656 0.418428

-1.97656 0.418429
-1.96875 0.418394

-1.96875 0.418395
-1.96094 0.418365

-1.96094 0.418365
-1.95312 0.418339

-1.95312 0.418339
-1.94531 0.418318

-1.94531 0.418318
-1.9375 0.4183

-1.9375 0.4183
-1.92969 0.418285

-1.92969 0.418285
-1.92188 0.418274

-1.92188 0.418275
-1.91406 0.418267

-1.91406 0.418267
-1.90625 0.418262

-1.90625 0.418262
-1.89844 0.41826

-1.89844 0.41826
-1.89062 0.418261

-1.89062 0.418262
-1.88281 0.418265

-1.88281 0.418265
-1.875 0.418269

-1.875 0.418269
-1.86719 0.418276

-1.86719 0.418276
-1.85938 0.418285

-1.85938 0.418285
-1.85156 0.418297

-1.85156 0.418298
-1.84375 0.418313

-1.84375 0.418313
-1.83594 0.41833

-1.83594 0.41833
-1.82812 0.41835

-1.82812 0.41835
-1.82031 0.418371

-1.82031 0.418371
-1.8125 0.418395

-1.8125 0.418395
-1.80469 0.418421

-1.80469 0.418421
-1.79688 0.418449

-1.79688 0.418449
-1.78906 0.418479

-1.78906 0.418479
-1.78125 0.418512

-1.78125 0.418512
-1.77344 0.418547

-1.77344 0.418547
-1.76562 0.418584

-1.76562 0.418584
-1.75781 0.418623

-1.75781 0.418623
-1.75 0.418665

-0.273438 0.247071
-0.279978 0.25

-1.75 0.418664
-1.74219 0.418708

-1.74219 0.418708
-1.73438 0.418753

-1.73438 0.418753
-1.72656 0.4188

-0.273438 0.247384
-0.265625 0.243851

-0.257812 0.239865
-0.262898 0.242188

-0.265625 0.244315
-0.260967 0.242188

-0.257812 0.240283
-0.25 0.236682

-3 0.459695
-2.99219 0.459635

-2.99219 0.459635
-2.98438 0.459574

-2.98438 0.459574
-2.97656 0.459512

-2.97656 0.459512
-2.96875 0.459448

-2.96875 0.459449
-2.95312 0.459315

-2.95312 0.459316
-2.9375 0.459174

-2.9375 0.459176
-2.92188 0.45902

-2.92188 0.459021
-2.90625 0.458844

-2.90625 0.458843
-2.89844 0.458746

-2.89844 0.458745
-2.89062 0.458644

-2.89062 0.458648
-2.875 0.458423

-2.875 0.458423
-2.85938 0.458167

-2.85938 0.458166
-2.85156 0.458027

-2.85156 0.458026
-2.84375 0.457876

-2.84375 0.457881
-2.82812 0.457544

-2.82812 0.457543
-2.8125 0.457158

-2.8125 0.457158
-2.79688 0.456729

-2.79688 0.456731
-2.78125 0.456254

-2.78125 0.456255
-2.76562 0.455725

-2.76562 0.455726
-2.75 0.455141

-2.75 0.455142
-2.73438 0.454497

-2.73438 0.454498
-2.71875 0.45379

-2.70312 0.453013
-2.70533 0.453125

-2.71875 0.45379
-2.70534 0.453125

-2.70312 0.453011
-2.69531 0.452598

-2.69531 0.452598
-2.6875 0.452169

-2.6875 0.452168
-2.67969 0.451724

-2.67969 0.451724
-2.67188 0.451264

-2.67188 0.451263
-2.66406 0.450789

-2.66406 0.450789
-2.65625 0.450303

-2.65625 0.450302
-2.64844 0.449805

-2.64844 0.449804
-2.64062 0.449297

-2.64062 0.449297
-2.63281 0.448781

-2.63281 0.448781
-2.625 0.448255

-1.72656 0.4188
-1.71875 0.41885

-2.625 0.448255
-2.61719 0.44772

-2.61719 0.44772
-2.60938 0.447177

-2.60938 0.447177
-2.60156 0.446627

-2.60156 0.446626
-2.59375 0.446071

-4 0.479887
-3.99219 0.479882

-2.59375 0.44607
-2.58594 0.445509

-2.57812 0.444958
-2.58302 0.445312

-0.5 0.334347
-0.492188 0.331871

-3.99219 0.479882
-3.98438 0.479868

-1.71875 0.41885
-1.71094 0.418902

-2.58594 0.44548
-2.58362 0.445312

-1.71094 0.418902
-1.70312 0.418956

-1.70312 0.418956
-1.69531 0.419011

-3.98438 0.479868
-3.97656 0.479846

-1.69531 0.419011
-1.6875 0.419067

-1.6875 0.419067
-1.67969 0.419124

-2.57812 0.444943
-2.57031 0.444374

-3.97656 0.479846
-3.96875 0.479819

-2.57031 0.444374
-2.5625 0.443802

-3.96875 0.479819
-3.96094 0.479787

-2.5625 0.443802
-2.55469 0.443229

-2.55469 0.443228
-2.54688 0.442653

-2.54688 0.442653
-2.53906 0.442078

-2.53906 0.442078
-2.53125 0.441502

-2.53125 0.441502
-2.52344 0.440926

-2.52344 0.440926
-2.51562 0.440349

-2.51562 0.440348
-2.50781 0.439772

-2.50781 0.439772
-2.5 0.439196

-0.492188 0.331871
-0.484375 0.329354

-0.476562 0.326575
-0.481302 0.328125

-0.476562 0.326798
-0.46875 0.324206

-0.484375 0.329592
-0.479889 0.328125

-0.46875 0.324206
-0.460938 0.321576

-0.453125 0.318654
-0.457981 0.320312

-0.460938 0.321853
-0.456426 0.320312

-0.453125 0.318907
-0.445312 0.316203

-0.445312 0.316204
-0.4375 0.313462

-0.429688 0.310404
-0.435575 0.3125

-0.429688 0.31068
-0.421875 0.307862

-0.421875 0.307862
-0.414062 0.305005

-0.40625 0.301989
-0.413532 0.304688

-0.414062 0.305545
-0.411747 0.304688

-0.390625 0.295903
-0.393182 0.296875

-0.40625 0.30211
-0.398438 0.299179

-0.398438 0.299285
-0.392099 0.296875

-0.390625 0.296208
-0.382812 0.2932

-0.382812 0.293201
-0.375 0.290155

-0.4375 0.313917
-0.433521 0.3125

-1.67969 0.419124
-1.67188 0.419182

-1.67188 0.419182
-1.66406 0.419239

-1.66406 0.419239
-1.65625 0.419296

-1.65625 0.419296
-1.64844 0.419352

-1.64844 0.419352
-1.64062 0.419407

-1.64062 0.419406
-1.63281 0.419461

-1.63281 0.419461
-1.625 0.419515

-2.47656 0.437491
-2.47669 0.4375

-2.47656 0.437486
-2.46875 0.436924

-2.46875 0.436924
-2.46094 0.436366

-2.46094 0.436366
-2.45312 0.435815

-1.625 0.419515
-1.61719 0.419569

-1.61719 0.419569
-1.60938 0.419624

-1.60938 0.419624
-1.60156 0.419679

-3.96094 0.479787
-3.95312 0.479751

-3.95312 0.479751
-3.94531 0.47971

-3.94531 0.47971
-3.9375 0.479665

-2.45312 0.435814
-2.44531 0.435269

-1.60156 0.41968
-1.59375 0.419735

-1.59375 0.419735
-1.58594 0.419789

-1.58594 0.419789
-1.57812 0.419843

-1.57812 0.419844
-1.5625 0.41995

-3.9375 0.479665
-3.92969 0.479615

-2.44531 0.435269
-2.4375 0.43473

-3.92969 0.479615
-3.92188 0.479563

-3.92188 0.479562
-3.91406 0.479507

-2.5 0.439196
-2.49219 0.438622

-2.49219 0.438622
-2.48438 0.438052

-1.5625 0.419953
-1.54688 0.420049

-2.48438 0.438051
-2.47676 0.4375

-2.4375 0.434731
-2.42969 0.434199

-2.42969 0.434199
-2.42188 0.433672

-2.42188 0.433672
-2.41406 0.433149

-2.41406 0.433149
-2.40625 0.432631

-2.40625 0.43263
-2.39844 0.432116

-2.39844 0.432116
-2.39062 0.431609

-1.54688 0.420047
-1.53125 0.42013

-1.53125 0.420131
-1.51562 0.420202

-1.51562 0.420204
-1.5 0.420259

-0.351562 0.280267
-0.353997 0.28125

-2.39062 0.431608
-2.38281 0.431109

-2.38281 0.431109
-2.375 0.430618

-3.91406 0.479507
-3.90625 0.47945

-3.90625 0.47945
-3.89844 0.479391

-3.89844 0.479391
-3.89062 0.479329

-3.89062 0.479329
-3.88281 0.479265

-3.88281 0.479264
-3.875 0.479199

-0.351562 0.280645
-0.34375 0.277457

-0.367188 0.28661
-0.373404 0.289062

-0.375 0.290864
-0.370432 0.289062

-0.367188 0.287073
-0.359375 0.283955

-0.359375 0.284094
-0.352329 0.28125

-0.351562 0.28225
-0.349111 0.28125

-2.375 0.430618
-2.36719 0.430137

-2.35938 0.429659
-2.35985 0.429688

-2.36719 0.430137
-2.35974 0.429688

-0.34375 0.277615
-0.335938 0.274393

-0.328125 0.270564
-0.335019 0.273438

-0.335938 0.275405
-0.331218 0.273438

-3.875 0.479199
-3.86719 0.479132

-3.86719 0.479132
-3.85938 0.479063

-3.85938 0.479063
-3.85156 0.478994

-0.3125 0.263804
-0.316778 0.265625

-0.328125 0.271136
-0.320312 0.267846

-0.320312 0.268276
-0.314082 0.265625

-0.3125 0.264358
-0.304688 0.261001

-0.296875 0.257495
-0.297624 0.257812

-0.304688 0.26118
-0.296934 0.257812

-0.3125 0.26667
-0.310063 0.265625

-0.296875 0.257642
-0.289062 0.254215

-0.296875 0.258749
-0.294741 0.257812

-0.289062 0.254347
-0.28125 0.250885

-0.28125 0.251585
-0.277711 0.25

-2.35938 0.429665
-2.35156 0.429202

-2.35156 0.429202
-2.34375 0.428748

-1.5 0.420259
-1.48438 0.420294

-3.85156 0.478994
-3.84375 0.478923

-1.48438 0.420295
-1.46875 0.420307

-1.46875 0.420305
-1.45312 0.420297

-3.84375 0.478923
-3.83594 0.478852

-2.34375 0.428748
-2.33594 0.428302

-0.242188 0.232654
-0.245887 0.234375

-2.33594 0.428302
-2.32812 0.427864

-0.242188 0.233047
-0.234375 0.229381

-0.25 0.236929
-0.24451 0.234375

-0.226562 0.225376
-0.229069 0.226562

-0.234375 0.229493
-0.228185 0.226562

-0.226562 0.225683
-0.21875 0.221954

-2.32812 0.427862
-2.3125 0.427007

-0.210938 0.217993
-0.21251 0.21875

-3.83594 0.478852
-3.82812 0.47878

-0.210938 0.218194
-0.203125 0.214401

-2.3125 0.427005
-2.29688 0.426184

-3.82812 0.47878
-3.82031 0.478707

-2.29688 0.426182
-2.28125 0.425402

-3.82031 0.478707
-3.8125 0.478633

-0.195312 0.210451
-0.196306 0.210938

-1.45312 0.420301
-1.4375 0.42027

-3.8125 0.478633
-3.80469 0.478558

-2.28125 0.425405
-2.27344 0.425032

-2.27344 0.425032
-2.26562 0.424672

-2.26562 0.424671
-2.25781 0.424323

-1.4375 0.420266
-1.42969 0.420238

-1.42969 0.420239
-1.42188 0.420208

-0.203125 0.214418
-0.196016 0.210938

-0.195312 0.210576
-0.1875 0.206718

-0.21875 0.221997
-0.212004 0.21875

-0.148438 0.18683
-0.149742 0.1875

-0.148438 0.186964
-0.140625 0.182918

-3.80469 0.478558
-3.79688 0.478483

-3.79688 0.478483
-3.78906 0.478407

-3.78906 0.478407
-3.78125 0.478331

-1.42188 0.420208
-1.40625 0.420138

-3.78125 0.478331
-3.77344 0.478253

-2.25781 0.424323
-2.25 0.423988

-3.77344 0.478253
-3.76562 0.478175

-1.40625 0.420137
-1.39062 0.420058

-0.132812 0.178622
-0.134853 0.179688

-3.76562 0.478175
-3.75781 0.478097

-1.39062 0.420062
-1.375 0.419965

-0.140625 0.182983
-0.134314 0.179688

-0.132812 0.178839
-0.125 0.174727

-0.179688 0.202726
-0.180489 0.203125

-0.179688 0.202828
-0.171875 0.198909

-1.375 0.419963
-1.35938 0.419843

-0.1875 0.206729
-0.18026 0.203125

-3.75781 0.478097
-3.75 0.478018

-1.35938 0.419841
-1.35156 0.419774

-1.35156 0.419774
-1.34375 0.419706

-0.164062 0.194843
-0.16499 0.195312

-0.171875 0.198924
-0.164732 0.195312

-0.164062 0.194959
-0.15625 0.190977

-0.15625 0.191003
-0.149432 0.1875

-1.34375 0.419706
-1.32812 0.419567

-1.32812 0.419567
-1.3125 0.419427

-1.3125 0.419426
-1.30469 0.419356

-0.03125 0.122899
-0.0349375 0.125

-0.03125 0.123039
-0.0234375 0.118543

-1.30469 0.419356
-1.29688 0.41929

-0.015625 0.113939
-0.0212326 0.117188

-2.25 0.423988
-2.24219 0.423666

-1.29688 0.419291
-1.28906 0.419225

-2.24219 0.423666
-2.23438 0.423356

-2.23438 0.423357
-2.22656 0.42306

-1.28906 0.419224
-1.28125 0.419157

-1.28125 0.419157
-1.27344 0.419088

-0.0234375 0.118716
-0.0207996 0.117188

0 0.104885
-0.00767989 0.109375

-2.22656 0.42306
-2.21875 0.422775

-0.015625 0.114016
-0.0078125 0.109461

-1.27344 0.419088
-1.26562 0.419018

-3.75 0.478018
-3.74219 0.477938

-1.26562 0.419018
-1.25781 0.418944

-0.0078125 0.109483
-0.00762394 0.109375

-2.21875 0.422775
-2.21094 0.422502

-0.117188 0.170334
-0.120094 0.171875

-2.21094 0.422502
-2.20312 0.42224

-1.25781 0.418944
-1.25 0.418868

-0.117188 0.170584
-0.109375 0.166409

-3.74219 0.477938
-3.73438 0.477858

-2.19531 0.421817
-2.19713 0.421875

-3.73438 0.477858
-3.72656 0.477778

-0.125 0.17485
-0.119391 0.171875

-3.72656 0.477778
-3.71875 0.477697

-2.1875 0.42173
-2.19221 0.421875

-2.20312 0.422247
-2.19531 0.421996

-0.101562 0.161964
-0.105459 0.164062

-1.25 0.418868
-1.24219 0.418789

-0.109375 0.166601
-0.104661 0.164062

-2.19531 0.422009
-2.19095 0.421875

-3.71875 0.477697
-3.71094 0.477615

-1.24219 0.418788
-1.23438 0.418707

-3.71094 0.477615
-3.70312 0.477533

-2.1875 0.421749
-2.17969 0.421519

-0.101562 0.162202
-0.09375 0.157964

-2.17969 0.421519
-2.17188 0.4213

-3.70312 0.477533
-3.69531 0.477449

-2.17188 0.4213
-2.16406 0.421091

-3.69531 0.477449
-3.6875 0.477364

-1.23438 0.418707
-1.22656 0.418625

-2.16406 0.421091
-2.15625 0.420891

-3.6875 0.477364
-3.67969 0.477277

-2.15625 0.420891
-2.14844 0.420701

-3.67969 0.477277
-3.67188 0.477187

-2.14844 0.420701
-2.14062 0.420521

-3.67188 0.477187
-3.66406 0.477093

-0.0859375 0.15352
-0.0909366 0.15625

-3.66406 0.477093
-3.65625 0.476995

-2.14062 0.420521
-2.13281 0.420349

-3.65625 0.476995
-3.64844 0.476891

-2.13281 0.42035
-2.125 0.420187

-0.0859375 0.153697
-0.078125 0.149402

-3.64844 0.476892
-3.64062 0.476782

-1.22656 0.418625
-1.21875 0.418541

-3.64062 0.476783
-3.63281 0.476667

-3.625 0.476538
-3.62658 0.476562

-3.63281 0.476668
-3.62609 0.476562

-1.21875 0.418541
-1.21094 0.418454

-1.21094 0.418454
-1.20312 0.418364

-2.125 0.420187
-2.11719 0.420032

-0.0703125 0.145002
-0.07652 0.148438

-3.625 0.476544
-3.61719 0.476413

-0.078125 0.149633
-0.0759647 0.148438

-0.0703125 0.145077
-0.0625 0.140725

-2.11719 0.420032
-2.10938 0.419885

-0.09375 0.158217
-0.090149 0.15625

-1.20312 0.418363
-1.19531 0.41827

-3.61719 0.476413
-3.60938 0.476274

-1.19531 0.418269
-1.1875 0.418173

-2.10938 0.419885
-2.10156 0.419746

-0.0546875 0.136343
-0.0623261 0.140625

-1.1875 0.418173
-1.17969 0.418074

-0.046875 0.131755
-0.0487494 0.132812

-0.0546875 0.136394
-0.0483373 0.132812

-3.60938 0.476274
-3.60156 0.476128

-0.0625 0.140765
-0.0622471 0.140625

-3.60156 0.476128
-3.59375 0.475973

-2.10156 0.419746
-2.09375 0.419615

-3.59375 0.475973
-3.58594 0.475808

-2.09375 0.419615
-2.08594 0.419491

-3.58594 0.475808
-3.57812 0.475635

-1.17969 0.418074
-1.17188 0.417972

-3.57812 0.475635
-3.57031 0.475452

-0.046875 0.131937
-0.0390625 0.127503

-2.08594 0.419491
-2.07812 0.419374

-1.17188 0.417972
-1.16406 0.417868

-3.57031 0.475452
-3.5625 0.47526

-0.0390625 0.127619
-0.0344794 0.125

-2.07812 0.419374
-2.07031 0.419264

-3.5625 0.47526
-3.55469 0.475058

-3.55469 0.475058
-3.54688 0.474847

-3.54688 0.474847
-3.53906 0.474625

-1.16406 0.417868
-1.15625 0.417761

-1.15625 0.417761
-1.14844 0.417653

-1.14844 0.417653
-1.14062 0.417543

-1.14062 0.417543
-1.13281 0.417432

-1.13281 0.417432
-1.125 0.41732

-3.53906 0.474625
-3.53125 0.474394

-2.07031 0.419264
-2.0625 0.41916

-1.125 0.41732
-1.11719 0.417206

-1.11719 0.417206
-1.10938 0.417091

-2.0625 0.41916
-2.05469 0.419063

-2.05469 0.419063
-2.04688 0.418973

-1.10938 0.417091
-1.10156 0.416974

-1.10156 0.416974
-1.09375 0.416855

0.171875 -0.00203878
0.16873 0

0.171875 -0.00220419
0.179688 -0.00728182

-3.53125 0.474394
-3.52344 0.474153

-3.52344 0.474153
-3.51562 0.473903

-3.51562 0.473903
-3.50781 0.473645

-1.09375 0.416855
-1.08594 0.416733

-1.08594 0.416734
-1.07812 0.416609

-1.07812 0.416609
-1.07031 0.41648

-1.07031 0.41648
-1.0625 0.416346

-1.0625 0.416346
-1.05469 0.416205

-1.05469 0.416205
-1.04688 0.416057

-1.04688 0.416058
-1.03906 0.415902

-1.03906 0.415902
-1.03125 0.415737

-2.04688 0.418973
-2.03906 0.418889

-1.03125 0.415737
-1.02344 0.415563

-1.02344 0.415563
-1.01562 0.415378

-3.50781 0.473645
-3.5 0.47338

-2.03906 0.418889
-2.03125 0.418811

-2.03125 0.418811
-2.02344 0.418739

-2.02344 0.418739
-2.01562 0.418674

0.1875 -0.0123483
0.180538 -0.0078125

0.179688 -0.00755423
0.180096 -0.0078125

-1.01562 0.415378
-1.00781 0.41518

0.21875 -0.0330045
0.216011 -0.03125

-1.00781 0.415181
-1 0.414968

-2.01562 0.418674
-2.00781 0.418614

-2.00781 0.418614
-2 0.41856

0.203125 -0.0225931
0.192475 -0.015625

0.1875 -0.0123777
0.192501 -0.015625

0.210938 -0.0278162
0.204271 -0.0234375

0.203125 -0.0222417
0.205002 -0.0234375

0.210938 -0.0276548
0.216402 -0.03125

0.21875 -0.0328705
0.226562 -0.0380149

0.234375 -0.0433003
0.227936 -0.0390625

0.226562 -0.0375786
0.228877 -0.0390625

0.242188 -0.0485152
0.239639 -0.046875

0.242188 -0.0482946
0.25 -0.053439

0.234375 -0.0430597
0.240175 -0.046875

0.367188 -0.129901
0.359569 -0.125

0.375 -0.134933
0.371698 -0.132812

0.367188 -0.129888
0.371742 -0.132812

0.265625 -0.0639018
0.26344 -0.0625

0.265625 -0.0637386
0.273438 -0.0688811

0.28125 -0.0741243
0.275452 -0.0703125

0.273438 -0.0686352
0.276022 -0.0703125

0.3125 -0.0945129
0.31129 -0.09375

0.289062 -0.0792769
0.287259 -0.078125

0.289062 -0.0791478
0.296875 -0.0842697

0.28125 -0.0739789
0.287565 -0.078125

0.304688 -0.0895042
0.299236 -0.0859375

0.296875 -0.0840359
0.299798 -0.0859375

0.304688 -0.0893731
0.31139 -0.09375

0.257812 -0.0587425
0.25166 -0.0546875

0.25 -0.053038
0.252551 -0.0546875

0.257812 -0.0585294
0.263839 -0.0625

0.3125 -0.0944828
0.320312 -0.0995772

0.328125 -0.104742
0.32324 -0.101562

0.320312 -0.0994583
0.32355 -0.101562

-1 0.414968
-0.992188 0.414738

-0.992188 0.414738
-0.984375 0.41449

-0.984375 0.41449
-0.976562 0.414222

-0.96875 0.413923
-0.972506 0.414062

-0.976562 0.41423
-0.972049 0.414062

0.335938 -0.10974
0.335356 -0.109375

0.335938 -0.109735
0.34375 -0.114794

0.328125 -0.104662
0.335385 -0.109375

0.351562 -0.119946
0.347292 -0.117188

0.34375 -0.114676
0.347638 -0.117188

-0.96875 0.413933
-0.960938 0.413622

-0.960938 0.413622
-0.953125 0.413289

-0.953125 0.413289
-0.945312 0.412934

0.351562 -0.119839
0.359375 -0.124874

-0.945312 0.412934
-0.9375 0.412555

-3.5 0.47338
-3.49219 0.473108

-3.49219 0.473108
-3.48438 0.472832

-3.48438 0.472832
-3.47656 0.47255

-3.47656 0.47255
-3.46875 0.472264

0.359375 -0.124877
0.359571 -0.125

-3.46875 0.472264
-3.46094 0.471973

-3.46094 0.471973
-3.45312 0.471679

-3.45312 0.471679
-3.44531 0.471382

-3.44531 0.471382
-3.4375 0.471083

0.390625 -0.144893
0.383947 -0.140625

0.375 -0.134924
0.382812 -0.13992

-0.9375 0.412555
-0.929688 0.412151

-3.4375 0.471083
-3.42969 0.470783

-3.42969 0.470783
-3.42188 0.470481

0.382812 -0.13993
0.383926 -0.140625

0.398438 -0.149873
0.396175 -0.148438

-3.42188 0.470481
-3.41406 0.470177

-0.929688 0.412151
-0.921875 0.411722

0.390625 -0.144895
0.396181 -0.148438

0.398438 -0.149875
0.40625 -0.154848

-0.921875 0.411722
-0.914062 0.411266

-0.914062 0.411267
-0.90625 0.410783

0.414062 -0.159924
0.408279 -0.15625

0.421875 -0.164807
0.420665 -0.164062

-3.41406 0.470177
-3.40625 0.469874

-0.90625 0.410783
-0.898438 0.410271

-3.375 0.468673
-3.37697 0.46875

-3.40625 0.469874
-3.39844 0.469569

-3.39844 0.469569
-3.39062 0.469265

-3.39062 0.469265
-3.38281 0.46896

-3.38281 0.468952
-3.37763 0.46875

0.414062 -0.159806
0.420786 -0.164062

0.4375 -0.174615
0.433136 -0.171875

0.421875 -0.164763
0.429688 -0.16969

0.429688 -0.169665
0.433206 -0.171875

0.40625 -0.154609
0.408889 -0.15625

-3.375 0.468655
-3.36719 0.468348

-0.898438 0.410271
-0.890625 0.409729

-0.890625 0.409729
-0.882812 0.409155

0.46875 -0.194007
0.458246 -0.1875

-0.882812 0.409155
-0.875 0.408548

0.484375 -0.2037
0.483423 -0.203125

0.476562 -0.198806
0.470908 -0.195312

0.46875 -0.194115
0.470695 -0.195312

-0.851562 0.406096
-0.853251 0.40625

-0.84375 0.405668
-0.849792 0.40625

0.476562 -0.198832
0.483554 -0.203125

0.484375 -0.203639
0.492188 -0.208406

-0.875 0.408548
-0.867188 0.407907

-0.867188 0.407907
-0.859375 0.407229

0.5 -0.213041
0.496529 -0.210938

0.492188 -0.208492
0.496222 -0.210938

-0.859375 0.407246
-0.851562 0.406532

0.4375 -0.174596
0.445312 -0.179481

-3.36719 0.468349
-3.35938 0.46804

-0.851562 0.406664
-0.847266 0.40625

-3.35938 0.46804
-3.35156 0.467727

0.453125 -0.184342
0.445648 -0.179688

0.445312 -0.17953
0.445573 -0.179688

-3.35156 0.467727
-3.34375 0.467412

-3.34375 0.467411
-3.33594 0.467095

-3.33594 0.467095
-3.32812 0.46678

-0.84375 0.405763
-0.835938 0.404973

-0.835938 0.404974
-0.828125 0.404147

0.453125 -0.184355
0.458204 -0.1875

-3.32812 0.466779
-3.32031 0.466466

-0.828125 0.404147
-0.820312 0.403281

-0.820312 0.403281
-0.8125 0.402375

0.0234375 0.0908411
0.01857 0.09375

-0.8125 0.402375
-0.804688 0.40143

-0.804688 0.40143
-0.796875 0.400444

-0.796875 0.400444
-0.789062 0.399418

0.0234375 0.0909623
0.03125 0.0862652

0.0078125 0.100105
0.005342 0.101562

-0.78125 0.398309
-0.782189 0.398438

-0.789062 0.399422
-0.781851 0.398438

-3.32031 0.466466
-3.3125 0.466155

-0.78125 0.398351
-0.773438 0.397243

-0.773438 0.397244
-0.765625 0.396096

-3.3125 0.466155
-3.30469 0.465848

-3.30469 0.465847
-3.29688 0.465544

-0.765625 0.396096
-0.757812 0.394909

-0.757812 0.394909
-0.75 0.393681

0 0.104948
0.00573911 0.101562

0.0078125 0.100271
0.015625 0.0956319

0.015625 0.0958066
0.0190663 0.09375

0.046875 0.0767346
0.0445546 0.078125

0.0390625 0.0815326
0.0317762 0.0859375

0.03125 0.0863574
0.03196 0.0859375

0.0390625 0.0815704
0.0447278 0.078125

0.046875 0.0767904
0.0546875 0.07201

0.0625 0.0670766
0.0572393 0.0703125

0.0546875 0.0722333
0.0578108 0.0703125

0.0703125 0.062361
0.0700784 0.0625

0.0703125 0.0623747
0.078125 0.057522

0.0859375 0.0524373
0.0823303 0.0546875

0.078125 0.0576752
0.0829144 0.0546875

0.0859375 0.0526478
0.09375 0.0477548

0.125 0.0279318
0.119789 0.03125

0.101562 0.0428008
0.0950852 0.046875

0.109375 0.0377868
0.107332 0.0390625

-3.29688 0.465544
-3.28906 0.465247

0.101562 0.0428814
0.107608 0.0390625

-0.648438 0.374156
-0.652248 0.375

-0.648438 0.374179
-0.640625 0.372412

0.09375 0.0479139
0.0954302 0.046875

-0.640625 0.372412
-0.632812 0.370612

-3.28906 0.465247
-3.28125 0.464955

-0.632812 0.370613
-0.625 0.368777

-3.28125 0.464955
-3.27344 0.464672

-3.27344 0.464672
-3.26562 0.464398

-3.26562 0.4644
-3.25781 0.464134

-0.75 0.393681
-0.742188 0.392413

-0.742188 0.392413
-0.734375 0.391105

0.109375 0.0379055
0.117188 0.0329493

-3.25781 0.464134
-3.25 0.463873

-0.726562 0.389743
-0.731679 0.390625

-0.726562 0.389758
-0.71875 0.388372

-0.734375 0.391133
-0.73143 0.390625

0.117188 0.0330253
0.119982 0.03125

0.0625 0.0672044
0.0701103 0.0625

-0.71875 0.388372
-0.710938 0.386948

0.132812 0.0229742
0.132063 0.0234375

0.125 0.0279751
0.132102 0.0234375

0.132812 0.0229816
0.140625 0.0179742

0.148438 0.0129198
0.144229 0.015625

0.148438 0.0129519
0.15625 0.00791436

0.140625 0.0180105
0.144336 0.015625

0.164062 0.00286197
0.156407 0.0078125

0.15625 0.0078974
0.156383 0.0078125

0.164062 0.00273591
0.168282 0

-3.25 0.463872
-3.24219 0.463619

-0.710938 0.386948
-0.703125 0.385484

-0.703125 0.385484
-0.695312 0.383983

-0.6875 0.382423
-0.689478 0.382812

-3.24219 0.46362
-3.23438 0.463377

0.570312 -0.254334
0.562701 -0.25

0.578125 -0.258752
0.576459 -0.257812

-3.23438 0.463374
-3.21875 0.46292

-3.21875 0.462925
-3.21094 0.462712

0.570312 -0.25433
0.576484 -0.257812

0.59375 -0.267245
0.590824 -0.265625

0.578125 -0.258742
0.585938 -0.26311

0.585938 -0.263244
0.590238 -0.265625

0.625 -0.28434
0.619214 -0.28125

0.59375 -0.267436
0.601562 -0.271718

-0.695312 0.383989
-0.689344 0.382812

-0.6875 0.382442
-0.679688 0.380865

-3.21094 0.462711
-3.20312 0.462507

-3.20312 0.462507
-3.19531 0.462312

-3.19531 0.462312
-3.1875 0.462126

-0.679688 0.380865
-0.671875 0.379251

-3.1875 0.462122
-3.17188 0.46178

-0.671875 0.379252
-0.664062 0.3776

0.609375 -0.27605
0.60456 -0.273438

0.601562 -0.271584
0.604979 -0.273438

-0.664062 0.3776
-0.65625 0.375909

-3.17188 0.461785
-3.16406 0.461629

0.609375 -0.275962
0.619245 -0.28125

-3.16406 0.461629
-3.15625 0.46148

-0.65625 0.37593
-0.652052 0.375

0.6875 -0.316138
0.680071 -0.3125

0.625 -0.284334
0.632812 -0.288461

-3.15625 0.461481
-3.14844 0.461339

-3.14844 0.46134
-3.14062 0.461202

0.640625 -0.292506
0.634037 -0.289062

0.632812 -0.288764
0.633383 -0.289062

0.65625 -0.300577
0.649015 -0.296875

-3.14062 0.461198
-3.125 0.460949

0.640625 -0.292545
0.648438 -0.296585

0.648438 -0.296655
0.648867 -0.296875

0.65625 -0.300593
0.671875 -0.308457

0.671875 -0.308456
0.680088 -0.3125

0.6875 -0.316151
0.703125 -0.323672

-3.11719 0.460844
-3.12379 0.460938

-3.125 0.460955
-3.12379 0.460938

0.71875 -0.331002
0.712594 -0.328125

0.703125 -0.32366
0.710938 -0.327355

0.710938 -0.327377
0.712539 -0.328125

0.75 -0.345089
0.747013 -0.34375

0.71875 -0.331006
0.726562 -0.334612

0.734375 -0.338134
0.729558 -0.335938

-3.11719 0.460843
-3.10938 0.460736

-3.10938 0.460735
-3.10156 0.460634

-3.10156 0.460635
-3.09375 0.46054

-3.09375 0.46054
-3.08594 0.460449

0.726562 -0.334679
0.729322 -0.335938

0.734375 -0.338173
0.742188 -0.341693

0.742188 -0.341752
0.746668 -0.34375

0.515625 -0.222464
0.509415 -0.21875

0.523438 -0.226887
0.522888 -0.226562

0.515625 -0.222549
0.522385 -0.226562

0.523438 -0.227156
0.53125 -0.231759

-3.08594 0.460449
-3.07812 0.460363

-3.07812 0.460363
-3.07031 0.460281

0.5 -0.213142
0.507812 -0.217846

0.507812 -0.218106
0.50889 -0.21875

0.546875 -0.240866
0.535752 -0.234375

0.53125 -0.231776
0.535699 -0.234375

0.554688 -0.245445
0.549065 -0.242188

-3.07031 0.460281
-3.0625 0.460203

0.546875 -0.240753
0.549351 -0.242188

0.554688 -0.245395
0.5625 -0.249883

0.5625 -0.249832
0.562798 -0.25

-3.0625 0.460201
-3.04688 0.460059

-3.04688 0.460062
-3.03125 0.459933

0.828125 -0.377724
0.821159 -0.375

0.828125 -0.377723
0.84375 -0.383693

0.84375 -0.383689
0.859375 -0.389491

-3.03125 0.459933
-3.02344 0.459871

-3.02344 0.459871
-3.01562 0.459811

-3.01562 0.459812
-3.00781 0.459754

0.867188 -0.392357
0.862429 -0.390625

0.867188 -0.392325
0.875 -0.395127

-3.00781 0.459755
-3 0.459696

0.859375 -0.389435
0.862672 -0.390625

0.75 -0.34519
0.765625 -0.352037

0.765625 -0.352036
0.78125 -0.358717

0.789062 -0.361979
0.782859 -0.359375

0.789062 -0.361987
0.796875 -0.365225

0.78125 -0.358734
0.782786 -0.359375

0.796875 -0.365238
0.8125 -0.371575

0.8125 -0.371568
0.821218 -0.375

0.875 -0.395126
0.882812 -0.397883

0.890625 -0.40061
0.88437 -0.398438

0.882812 -0.397832
0.884557 -0.398438

0.890625 -0.400608
0.90625 -0.405899

0.921875 -0.411021
0.907309 -0.40625

0.921875 -0.411007
0.929688 -0.413499

0.9375 -0.415986
0.931364 -0.414062

0.929688 -0.413386
0.931846 -0.414062

0.90625 -0.40582
0.907562 -0.40625

0.9375 -0.415948
0.945312 -0.418353

0.945312 -0.418353
0.953125 -0.420713

0.960938 -0.42314
0.95667 -0.421875

0.960938 -0.42303
0.96875 -0.425302

0.953125 -0.420603
0.957413 -0.421875

0.96875 -0.425302
0.976562 -0.427529

0.984375 -0.429717
0.984269 -0.429688

0.976562 -0.427529
0.984292 -0.429688

0.984375 -0.429711
0.992188 -0.431847

0.984375 -0.429674
0.984423 -0.429688

0.992188 -0.431847
1 -0.433936

1.01562 -0.438221
1.01281 -0.4375

1.01562 -0.437977
1.02344 -0.43993

1.02344 -0.43993
1.03125 -0.441837

1.03125 -0.441837
1.03906 -0.443699

1.04688 -0.445658
1.04539 -0.445312

1.03906 -0.443676
1.04609 -0.445312

1.04688 -0.445523
1.05469 -0.447296

1.04688 -0.445195
1.04739 -0.445312

1.05469 -0.447292
1.0625 -0.449019

1 -0.433935
1.00781 -0.435979

1.00781 -0.435885
1.01412 -0.4375

1.0625 -0.449019
1.07031 -0.4507

1.07031 -0.450699
1.07812 -0.452334

1.08594 -0.454287
1.08023 -0.453125

1.08594 -0.453924
1.09375 -0.455465

1.07812 -0.451969
1.08381 -0.453125

1.09375 -0.455465
1.10156 -0.456959

1.10156 -0.456959
1.10938 -0.458405

1.10938 -0.458405
1.11719 -0.459804

1.125 -0.461308
1.12286 -0.460938

1.11719 -0.459766
1.12396 -0.460938

1.125 -0.461158
1.13281 -0.462462

1.13281 -0.462462
1.14062 -0.463719

1.14062 -0.463719
1.14844 -0.464926

1.14844 -0.464926
1.15625 -0.466086

1.17969 -0.469459
1.17425 -0.46875

1.17969 -0.469281
1.1875 -0.47025

1.15625 -0.466086
1.16406 -0.467198

1.16406 -0.467198
1.17188 -0.468262

1.17188 -0.468073
1.17707 -0.46875

1.1875 -0.47025
1.19531 -0.471171

1.19531 -0.471171
1.20312 -0.472045

1.20312 -0.472045
1.21094 -0.472872

1.21094 -0.472872
1.21875 -0.473654

1.21875 -0.473653
1.22656 -0.474391

1.22656 -0.47439
1.23438 -0.475084

1.23438 -0.475084
1.24219 -0.475735

1.24219 -0.475734
1.25 -0.476344

1.25781 -0.476993
1.25189 -0.476562

1.25 -0.476229
1.25458 -0.476562

1.25781 -0.476912
1.26562 -0.477438

1.26562 -0.477438
1.27344 -0.477922

1.27344 -0.477921
1.28125 -0.478364

1.28125 -0.478364
1.28906 -0.478767

1.28906 -0.478767
1.29688 -0.479131

1.29688 -0.479131
1.30469 -0.479457

1.30469 -0.479457
1.3125 -0.479747

1.3125 -0.479747
1.32031 -0.480002

1.32031 -0.480001
1.32812 -0.480222

1.32812 -0.480222
1.33594 -0.480411

1.33594 -0.48041
1.34375 -0.480568

1.34375 -0.480568
1.35156 -0.480696

1.35156 -0.480696
1.35938 -0.480796

1.35938 -0.480796
1.36719 -0.480869

1.36719 -0.480869
1.375 -0.480917

1.375 -0.480916
1.38281 -0.48094

1.38281 -0.48094
1.39062 -0.480941

1.39062 -0.480941
1.39844 -0.480921

1.39844 -0.480921
1.40625 -0.480881

1.40625 -0.480881
1.41406 -0.480822

1.41406 -0.480822
1.42188 -0.480747

1.42188 -0.480746
1.42969 -0.480655

1.42969 -0.480655
1.4375 -0.480549

1.4375 -0.480549
1.44531 -0.480429

1.44531 -0.480429
1.45312 -0.480297

1.45312 -0.480297
1.46094 -0.480155

1.46094 -0.480154
1.46875 -0.480002

1.46875 -0.480002
1.47656 -0.479841

1.47656 -0.47984
1.48438 -0.479672

1.48438 -0.479671
1.49219 -0.479496

1.49219 -0.479496
1.5 -0.479314

1.5 -0.479314
1.50781 -0.479128

1.50781 -0.479127
1.51562 -0.478937

1.51562 -0.478937
1.52344 -0.478743

1.52344 -0.478743
1.53125 -0.478547

1.53125 -0.478547
1.53906 -0.478349

1.53906 -0.478349
1.54688 -0.47815

1.54688 -0.47815
1.55469 -0.477951

1.55469 -0.477951
1.5625 -0.477752

1.5625 -0.477752
1.57031 -0.477554

1.57031 -0.477554
1.57812 -0.477357

1.57812 -0.477357
1.58594 -0.477162

1.58594 -0.477162
1.59375 -0.47697

1.59375 -0.47697
1.60156 -0.47678

1.60156 -0.47678
1.60938 -0.476594

1.60938 -0.476589
1.61052 -0.476562

1.61074 -0.476562
1.61719 -0.476411

1.61719 -0.476411
1.625 -0.476231

1.625 -0.476231
1.63281 -0.476054

1.63281 -0.476054
1.64062 -0.475882

1.64062 -0.475882
1.64844 -0.475714

1.64844 -0.475714
1.65625 -0.475551

1.65625 -0.475551
1.66406 -0.475392

1.66406 -0.475392
1.67188 -0.475239

1.67188 -0.475239
1.67969 -0.475091

1.67969 -0.475091
1.6875 -0.47495

1.6875 -0.474949
1.69531 -0.474813

1.69531 -0.474813
1.70312 -0.474683

1.70312 -0.474683
1.71094 -0.474559

1.71094 -0.474559
1.71875 -0.474442

1.71875 -0.474442
1.72656 -0.474331

1.72656 -0.474331
1.73438 -0.474226

1.73438 -0.474226
1.74219 -0.474128

1.74219 -0.474128
1.75 -0.474036

1.75 -0.474036
1.75781 -0.473951

1.75781 -0.473951
1.76562 -0.473873

1.76562 -0.473873
1.77344 -0.473801

1.77344 -0.473801
1.78125 -0.473737

1.78125 -0.473737
1.78906 -0.473679

1.78906 -0.473679
1.79688 -0.473628

1.79688 -0.473628
1.80469 -0.473584

1.80469 -0.473584
1.8125 -0.473547

1.8125 -0.473547
1.82031 -0.473516

1.82031 -0.473516
1.82812 -0.473492

1.82812 -0.473492
1.83594 -0.473475

1.83594 -0.473475
1.84375 -0.473463

1.84375 -0.473463
1.85156 -0.473459

1.85156 -0.473459
1.85938 -0.473461

1.85938 -0.473461
1.86719 -0.47347

1.86719 -0.47347
1.875 -0.473485

1.875 -0.473485
1.88281 -0.473506

1.88281 -0.473506
1.89062 -0.473532

1.89062 -0.473532
1.89844 -0.473565

1.89844 -0.473565
1.90625 -0.473602

1.90625 -0.473602
1.91406 -0.473645

1.91406 -0.473645
1.92188 -0.473693

1.92188 -0.473693
1.92969 -0.473746

1.92969 -0.473746
1.9375 -0.473804

1.9375 -0.473804
1.94531 -0.473867

1.94531 -0.473867
1.95312 -0.473935

1.95312 -0.473935
1.96094 -0.474007

1.96094 -0.474007
1.96875 -0.474083

1.96875 -0.474083
1.97656 -0.474163

1.97656 -0.474163
1.98438 -0.474246

1.98438 -0.474246
1.99219 -0.474334

1.99219 -0.474334
2 -0.474424

2 -0.474424
2.00781 -0.474517

2.00781 -0.474517
2.01562 -0.474614

2.01562 -0.474614
2.02344 -0.474713

2.02344 -0.474713
2.03125 -0.474815

2.03125 -0.474815
2.03906 -0.474919

2.03906 -0.474919
2.04688 -0.475026

2.04688 -0.475026
2.05469 -0.475135

2.05469 -0.475135
2.0625 -0.475245

2.0625 -0.475245
2.07031 -0.475357

2.07031 -0.475357
2.07812 -0.475471

2.07812 -0.475471
2.08594 -0.475586

2.08594 -0.475586
2.09375 -0.475702

2.09375 -0.475702
2.10156 -0.47582

2.10156 -0.47582
2.10938 -0.475938

2.10938 -0.475938
2.11719 -0.476058

2.11719 -0.476058
2.125 -0.476178

2.125 -0.476178
2.13281 -0.476299

2.13281 -0.476299
2.14062 -0.47642

2.14844 -0.476586
2.14692 -0.476562

2.14062 -0.476418
2.14844 -0.47654

2.14844 -0.476578
2.15625 -0.4767

2.14844 -0.476469
2.15439 -0.476562

2.15625 -0.476665
2.16406 -0.476787

2.15625 -0.476561
2.15634 -0.476562

2.16406 -0.476787
2.17188 -0.476909

2.17188 -0.476909
2.17969 -0.477031

2.17969 -0.477031
2.1875 -0.477153

2.1875 -0.477153
2.19531 -0.477274

2.19531 -0.477274
2.20312 -0.477395

2.20312 -0.477395
2.21094 -0.477514

2.21094 -0.477514
2.21875 -0.477633

2.21875 -0.477633
2.22656 -0.477751

2.22656 -0.477751
2.23438 -0.477868

2.23438 -0.477868
2.24219 -0.477984

2.24219 -0.477984
2.25 -0.478098

2.25 -0.478098
2.25781 -0.478211

2.25781 -0.478211
2.26562 -0.478322

2.26562 -0.478322
2.27344 -0.478432

2.27344 -0.478432
2.28125 -0.47854

2.28125 -0.47854
2.28906 -0.478646

2.28906 -0.478646
2.29688 -0.478751

2.29688 -0.478751
2.30469 -0.478855

2.30469 -0.478855
2.3125 -0.478956

2.3125 -0.478956
2.32031 -0.479057

2.32031 -0.479057
2.32812 -0.479155

2.32812 -0.479155
2.33594 -0.479252

2.33594 -0.479252
2.34375 -0.479347

2.34375 -0.479347
2.35156 -0.479441

2.35156 -0.479441
2.35938 -0.479532

2.35938 -0.479532
2.36719 -0.479622

2.36719 -0.479622
2.375 -0.479711

2.375 -0.479711
2.38281 -0.479797

2.38281 -0.479797
2.39062 -0.479882

2.39062 -0.479882
2.39844 -0.479964

2.39844 -0.479964
2.40625 -0.480045

2.40625 -0.480045
2.41406 -0.480125

2.41406 -0.480125
2.42188 -0.480203

2.42188 -0.480203
2.42969 -0.480279

2.42969 -0.480279
2.4375 -0.480354

2.4375 -0.480354
2.44531 -0.480428

2.44531 -0.480427
2.45312 -0.4805

2.45312 -0.4805
2.46094 -0.480571

2.46094 -0.480571
2.46875 -0.480641

2.46875 -0.480641
2.47656 -0.480711

2.47656 -0.480711
2.48438 -0.480779

2.48438 -0.480779
2.49219 -0.480847

2.49219 -0.480846
2.5 -0.480913

2.5 -0.480913
2.50781 -0.48098

2.50781 -0.48098
2.51562 -0.481045

2.51562 -0.481045
2.52344 -0.481111

2.52344 -0.481111
2.53125 -0.481176

2.53125 -0.481176
2.53906 -0.481241

2.53906 -0.481241
2.54688 -0.481306

2.54688 -0.481306
2.55469 -0.481371

2.55469 -0.481371
2.5625 -0.481437

2.5625 -0.481437
2.57031 -0.481503

2.57031 -0.481503
2.57812 -0.481569

2.57812 -0.481569
2.58594 -0.481636

2.58594 -0.481636
2.59375 -0.481703

2.59375 -0.481703
2.60156 -0.481771

2.60156 -0.481771
2.60938 -0.48184

2.60938 -0.48184
2.61719 -0.481909

2.61719 -0.481909
2.625 -0.481979

2.625 -0.481979
2.63281 -0.48205

2.63281 -0.48205
2.64062 -0.482121

2.64062 -0.482121
2.64844 -0.482193

2.64844 -0.482193
2.65625 -0.482266

2.65625 -0.482266
2.66406 -0.482339

2.66406 -0.482339
2.67188 -0.482412

2.67188 -0.482412
2.67969 -0.482487

2.67969 -0.482486
2.6875 -0.482561

2.6875 -0.482561
2.69531 -0.482636

2.69531 -0.482636
2.70312 -0.482712

2.70312 -0.482712
2.71094 -0.482788

2.71094 -0.482788
2.71875 -0.482865

2.71875 -0.482865
2.72656 -0.482943

2.72656 -0.482943
2.73438 -0.483022

2.73438 -0.483022
2.74219 -0.483102

2.74219 -0.483102
2.75 -0.483182

2.75 -0.483182
2.75781 -0.483263

2.75781 -0.483263
2.76562 -0.483345

2.76562 -0.483345
2.77344 -0.483429

2.77344 -0.483429
2.78125 -0.483513

2.78125 -0.483513
2.78906 -0.483598

2.78906 -0.483598
2.79688 -0.483684

2.79688 -0.483684
2.80469 -0.483771

2.80469 -0.483771
2.8125 -0.48386

2.8125 -0.48386
2.82031 -0.48395

2.82031 -0.48395
2.82812 -0.484041

2.82812 -0.484041
2.83594 -0.484134

2.83594 -0.484134
2.84375 -0.484228

2.85938 -0.484424
2.85543 -0.484375

2.84375 -0.484228
2.85156 -0.484324

2.85156 -0.484321
2.85588 -0.484375

2.85938 -0.484421
2.86719 -0.484519

2.86719 -0.484519
2.875 -0.484619

2.875 -0.484619
2.88281 -0.484719

2.88281 -0.484719
2.89062 -0.484821

2.89062 -0.484821
2.89844 -0.484923

2.89844 -0.484924
2.90625 -0.485027

2.90625 -0.485027
2.91406 -0.485131

2.91406 -0.485131
2.92188 -0.485236

2.92188 -0.485236
2.92969 -0.485341

2.92969 -0.485341
2.9375 -0.485447

2.9375 -0.485447
2.94531 -0.485554

2.94531 -0.485554
2.95312 -0.485661

2.95312 -0.485661
2.96094 -0.485769

2.96094 -0.485769
2.96875 -0.485877

2.96875 -0.485877
2.97656 -0.485985

2.97656 -0.485985
2.98438 -0.486093

2.98438 -0.486094
2.99219 -0.486202

2.99219 -0.486202
3 -0.48631

3 -0.48631
3.00781 -0.486417

3.00781 -0.486417
3.01562 -0.486524

3.01562 -0.486524
3.02344 -0.486631

3.02344 -0.486631
3.03125 -0.486736

3.03125 -0.486736
3.03906 -0.486841

3.03906 -0.486841
3.04688 -0.486945

3.04688 -0.486945
3.05469 -0.487047

3.05469 -0.487047
3.0625 -0.487148

3.0625 -0.487148
3.07031 -0.487248

3.07031 -0.487248
3.07812 -0.487346

3.07812 -0.487346
3.08594 -0.487443

3.08594 -0.487443
3.09375 -0.487538

3.09375 -0.487538
3.10156 -0.487631

3.10156 -0.487631
3.10938 -0.487723

3.10938 -0.487723
3.11719 -0.487812

3.11719 -0.487812
3.125 -0.487899

3.125 -0.487899
3.13281 -0.487984

3.13281 -0.487984
3.14062 -0.488067

3.14062 -0.488067
3.14844 -0.488148

3.14844 -0.488148
3.15625 -0.488226

3.15625 -0.488226
3.16406 -0.488303

3.16406 -0.488303
3.17188 -0.488377

3.17188 -0.488377
3.17969 -0.488449

3.17969 -0.488449
3.1875 -0.488519

3.1875 -0.488519
3.19531 -0.488587

3.19531 -0.488587
3.20312 -0.488653

3.20312 -0.488653
3.21094 -0.488717

3.21094 -0.488717
3.21875 -0.48878

3.21875 -0.48878
3.22656 -0.48884

3.22656 -0.48884
3.23438 -0.4889

3.23438 -0.4889
3.24219 -0.488958

3.24219 -0.488958
3.25 -0.489015

3.25 -0.489015
3.25781 -0.489071

3.25781 -0.489071
3.26562 -0.489126

3.26562 -0.489126
3.27344 -0.48918

3.27344 -0.489179
3.28125 -0.489233

3.28125 -0.489232
3.28906 -0.489285

3.28906 -0.489285
3.29688 -0.489337

3.29688 -0.489337
3.30469 -0.489389

3.30469 -0.489389
3.3125 -0.489441

3.3125 -0.489441
3.32031 -0.489492

3.32031 -0.489492
3.32812 -0.489543

3.32812 -0.489543
3.33594 -0.489593

3.33594 -0.489593
3.34375 -0.489644

3.34375 -0.489644
3.35156 -0.489694

3.35156 -0.489694
3.35938 -0.489745

3.35938 -0.489745
3.36719 -0.489795

3.36719 -0.489795
3.375 -0.489846

3.375 -0.489846
3.38281 -0.489896

3.38281 -0.489896
3.39062 -0.489947

3.39062 -0.489947
3.39844 -0.489998

3.39844 -0.489998
3.40625 -0.490049

3.40625 -0.490049
3.41406 -0.490099

3.41406 -0.490099
3.42188 -0.490149

3.42188 -0.490149
3.42969 -0.4902

3.42969 -0.4902
3.4375 -0.49025

3.4375 -0.49025
3.44531 -0.4903

3.44531 -0.4903
3.45312 -0.490349

3.45312 -0.49035
3.46094 -0.490398

3.46094 -0.490398
3.46875 -0.490447

3.46875 -0.490447
3.47656 -0.490494

3.47656 -0.490494
3.48438 -0.490541

3.48438 -0.490541
3.49219 -0.490586

3.49219 -0.490586
3.5 -0.490631

3.5 -0.490631
3.50781 -0.490674

3.50781 -0.490674
3.51562 -0.490716

3.51562 -0.490716
3.52344 -0.490756

3.52344 -0.490756
3.53125 -0.490794

3.53125 -0.490794
3.53906 -0.49083

3.53906 -0.49083
3.54688 -0.490864

3.54688 -0.490864
3.55469 -0.490896

3.55469 -0.490896
3.5625 -0.490925

3.5625 -0.490925
3.57031 -0.490952

3.57031 -0.490952
3.57812 -0.490975

3.57812 -0.490975
3.58594 -0.490996

3.58594 -0.490996
3.59375 -0.491013

3.59375 -0.491013
3.60156 -0.491028

3.60156 -0.491028
3.60938 -0.491039

3.60938 -0.491039
3.61719 -0.491047

3.61719 -0.491047
3.625 -0.491052

3.625 -0.491052
3.63281 -0.491054

3.63281 -0.491054
3.64062 -0.491053

3.64062 -0.491053
3.64844 -0.491049

3.64844 -0.491049
3.65625 -0.491042

3.65625 -0.491042
3.66406 -0.491033

3.66406 -0.491033
3.67188 -0.491021

3.67188 -0.491021
3.67969 -0.491006

3.67969 -0.491006
3.6875 -0.49099

3.6875 -0.49099
3.69531 -0.490972

3.69531 -0.490972
3.70312 -0.490952

3.70312 -0.490952
3.71094 -0.490931

3.71094 -0.490931
3.71875 -0.490909

3.71875 -0.490909
3.72656 -0.490886

3.72656 -0.490886
3.73438 -0.490863

3.73438 -0.490863
3.74219 -0.49084

3.74219 -0.490839
3.75 -0.490817

3.75 -0.490817
3.75781 -0.490795

3.75781 -0.490795
3.76562 -0.490775

3.76562 -0.490775
3.77344 -0.490756

3.77344 -0.490756
3.78125 -0.49074

3.78125 -0.49074
3.78906 -0.490727

3.78906 -0.490727
3.79688 -0.490716

3.79688 -0.490716
3.80469 -0.490709

3.80469 -0.490709
3.8125 -0.490707

3.8125 -0.490707
3.82031 -0.490708

3.82031 -0.490708
3.82812 -0.490714

3.82812 -0.490714
3.83594 -0.490724

3.83594 -0.490724
3.84375 -0.490739

3.84375 -0.490739
3.85156 -0.490758

3.85156 -0.490759
3.85938 -0.490782

3.85938 -0.490782
3.86719 -0.49081

3.86719 -0.49081
3.875 -0.490842

3.875 -0.490842
3.88281 -0.490878

3.88281 -0.490879
3.89062 -0.490918

3.89062 -0.490918
3.89844 -0.490961

3.89844 -0.490961
3.90625 -0.491008

3.90625 -0.491008
3.91406 -0.491058

3.91406 -0.491058
3.92188 -0.49111

3.92188 -0.49111
3.92969 -0.491163

3.92969 -0.491163
3.9375 -0.491217

3.9375 -0.491217
3.94531 -0.491271

3.94531 -0.491271
3.95312 -0.491323

3.95312 -0.491324
3.96094 -0.491373

3.96094 -0.491374
3.96875 -0.491419

3.96875 -0.491419
3.97656 -0.491457

3.97656 -0.491458
3.98438 -0.491486

3.98438 -0.491487
3.99219 -0.491505

3.99219 -0.491505
4 -0.491511

