-2.75 0.435221
-2.74219 0.4356

-2.74219 0.4356
-2.73438 0.43599

-2.73438 0.43599
-2.72656 0.436391

-2.72656 0.436391
-2.71875 0.436802

-0.359375 0.248677
-0.362038 0.25

-0.359375 0.24862
-0.351562 0.244695

-0.34375 0.240827
-0.346447 0.242188

-0.351562 0.24466
-0.346663 0.242188

-2.71875 0.436802
-2.71094 0.437224

-2.71094 0.437268
-2.70675 0.4375

-2.70384 0.4375
-2.70312 0.43754

-0.328125 0.232946
-0.330922 0.234375

-1.5 0.466052
-1.48438 0.465914

-2.70312 0.437656
-2.69531 0.438099

-1.48438 0.465916
-1.46875 0.465787

-1.46875 0.465786
-1.45312 0.465664

-1.45312 0.465666
-1.4375 0.465548

-2.69531 0.438099
-2.6875 0.438553

-1.4375 0.465549
-1.42969 0.46549

-0.34375 0.240757
-0.335938 0.236789

-4 0.466165
-3.98438 0.466131

-1.42969 0.46549
-1.42188 0.465431

-1.42188 0.465431
-1.41406 0.465372

-3.98438 0.466129
-3.96875 0.466028

-0.335938 0.236693
-0.331401 0.234375

-3.96875 0.466026
-3.95312 0.465866

-2.6875 0.438553
-2.67969 0.439017

-1.41406 0.465372
-1.40625 0.465313

-0.328125 0.232802
-0.3125 0.224747

-3.95312 0.465866
-3.9375 0.465651

-0.296875 0.216645
-0.300912 0.21875

-0.296875 0.216593
-0.289062 0.212477

-1.40625 0.465313
-1.39844 0.465254

-3.9375 0.46565
-3.92188 0.465384

-2.67969 0.439017
-2.67188 0.43949

-3.92188 0.465383
-3.90625 0.465072

-0.28125 0.208428
-0.286003 0.210938

-3.90625 0.46507
-3.89062 0.46472

-3.89062 0.464721
-3.875 0.464334

-1.39844 0.465254
-1.39062 0.465195

-3.875 0.464337
-3.85938 0.463906

-3.85938 0.463906
-3.84375 0.463426

-0.289062 0.212362
-0.286365 0.210938

-3.84375 0.463428
-3.82812 0.462894

-0.3125 0.224728
-0.301036 0.21875

-3.82812 0.462891
-3.8125 0.462305

-3.8125 0.462305
-3.79688 0.461673

-0.265625 0.200124
-0.271265 0.203125

-3.79688 0.461671
-3.78125 0.460997

-0.28125 0.208357
-0.273438 0.204215

-3.78125 0.460995
-3.76562 0.460285

-2.67188 0.439491
-2.66406 0.439973

-3.76562 0.460286
-3.75 0.459542

-0.273438 0.20401
-0.271775 0.203125

-2.66406 0.439974
-2.65625 0.440465

-2.65625 0.440465
-2.64844 0.440964

-2.64844 0.440964
-2.64062 0.44147

-2.64062 0.441471
-2.63281 0.441984

-1.39062 0.465195
-1.38281 0.465135

-1.38281 0.465135
-1.375 0.465075

-3.75 0.459541
-3.73438 0.458761

-3.73438 0.458758
-3.71875 0.457947

-3.71875 0.457947
-3.70312 0.457111

-3.70312 0.457112
-3.6875 0.456249

-3.6875 0.456248
-3.67188 0.45536

-3.67188 0.45536
-3.65625 0.454449

-3.65625 0.454449
-3.64062 0.453516

-3.625 0.452576
-3.634 0.453125

-3.64062 0.453493
-3.6346 0.453125

-1.375 0.465075
-1.36719 0.465013

-2.63281 0.441984
-2.625 0.442504

-0.265625 0.200068
-0.25 0.19169

-1.36719 0.465013
-1.35938 0.464949

-1.35938 0.464949
-1.35156 0.464882

-0.492188 0.310912
-0.495877 0.3125

-2.625 0.442504
-2.61719 0.44303

-2.61719 0.44303
-2.60938 0.443561

-0.492188 0.31088
-0.484375 0.307485

-0.484375 0.307495
-0.46875 0.3006

-1.35156 0.464882
-1.34375 0.464813

-3.625 0.45256
-3.60938 0.45159

-2.60938 0.443561
-2.60156 0.444097

-3.60938 0.451589
-3.59375 0.450606

-1.34375 0.464813
-1.33594 0.46474

-1.33594 0.46474
-1.32812 0.464664

-2.60156 0.444097
-2.59375 0.444638

-1.32812 0.464664
-1.32031 0.464584

-2.59375 0.444638
-2.58594 0.445182

-0.453125 0.29357
-0.460458 0.296875

-1.32031 0.464584
-1.3125 0.464499

-0.46875 0.300591
-0.460505 0.296875

-1.3125 0.464499
-1.30469 0.464409

-0.453125 0.293557
-0.4375 0.286373

-3.59375 0.450605
-3.58594 0.45011

-0.5 0.314216
-0.496032 0.3125

-0.421875 0.279021
-0.426636 0.28125

-0.421875 0.279056
-0.40625 0.271616

-0.4375 0.286362
-0.429688 0.28272

-0.429688 0.282767
-0.426461 0.28125

-2.58594 0.445264
-2.58525 0.445312

-0.390625 0.264126
-0.393715 0.265625

-0.40625 0.271606
-0.398438 0.26784

-3.58594 0.45011
-3.57812 0.449613

-0.398438 0.267787
-0.393982 0.265625

-1.30469 0.464409
-1.29688 0.464314

-3.57812 0.449613
-3.57031 0.449114

-0.390625 0.264057
-0.375 0.256394

-2.58382 0.445312
-2.57812 0.445713

-1.29688 0.464314
-1.28906 0.464213

-0.375 0.256381
-0.362163 0.25

-1.28906 0.464213
-1.28125 0.464106

-2.57812 0.445731
-2.57031 0.446284

-1.28125 0.464106
-1.27344 0.463991

-1.27344 0.463991
-1.26562 0.463869

-2.57031 0.446284
-2.5625 0.446841

-3.57031 0.449113
-3.5625 0.448612

-0.125 0.122992
-0.128574 0.125

-1.26562 0.463869
-1.25781 0.463738

-1.25781 0.463739
-1.25 0.463599

-3.5625 0.448612
-3.55469 0.44811

-3.55469 0.44811
-3.54688 0.447608

-3.54688 0.447608
-3.53906 0.447106

-2.5625 0.446841
-2.55469 0.447402

-2.55469 0.447402
-2.54688 0.447966

-1.25 0.463599
-1.24219 0.46345

-1.24219 0.46345
-1.23438 0.463291

-3.53906 0.447106
-3.53125 0.446605

-3.53125 0.446605
-3.52344 0.446105

-2.54688 0.447966
-2.53906 0.448533

-2.53906 0.448533
-2.53125 0.449101

-0.21875 0.174868
-0.242131 0.1875

-0.21875 0.174818
-0.1875 0.157739

-1.23438 0.463291
-1.22656 0.46312

-1.22656 0.46312
-1.21875 0.462937

-3.52344 0.446105
-3.51562 0.445608

-3.50781 0.44514
-3.51054 0.445312

-2.53125 0.449102
-2.52344 0.449672

-2.52344 0.449672
-2.51562 0.450243

-0.25 0.191601
-0.242409 0.1875

-0.171875 0.149154
-0.184764 0.15625

-1.21875 0.462937
-1.21094 0.462741

-1.21094 0.462742
-1.20312 0.462532

-3.51562 0.44559
-3.51123 0.445312

-3.50781 0.445113
-3.5 0.444622

-2.51562 0.450244
-2.50781 0.450816

-2.50781 0.450816
-2.5 0.45139

-0.15625 0.140476
-0.15652 0.140625

-0.171875 0.149144
-0.15654 0.140625

-1.20312 0.462532
-1.19531 0.462307

-1.19531 0.462308
-1.1875 0.462067

-0.1875 0.157556
-0.185133 0.15625

-0.15625 0.140433
-0.140625 0.131689

-1.1875 0.462068
-1.17969 0.461811

-1.17969 0.461811
-1.17188 0.461536

-0.140625 0.131687
-0.128727 0.125

-1.16406 0.460924
-1.16443 0.460938

-1.17188 0.461537
-1.16406 0.461244

-1.15625 0.460757
-1.16075 0.460938

-1.16406 0.461296
-1.15625 0.460983

-1.15625 0.460926
-1.14844 0.460594

-1.15625 0.460998
-1.15482 0.460938

-1.14844 0.460599
-1.14062 0.460246

-1.14062 0.460247
-1.13281 0.459872

-0.125 0.122933
-0.09375 0.105197

-0.0625 0.0872084
-0.0738258 0.09375

-0.09375 0.10521
-0.0738285 0.09375

-1.13281 0.459872
-1.125 0.459475

-2.5 0.45139
-2.49219 0.451963

-0.015625 0.0597633
-0.0202898 0.0625

-1.125 0.459475
-1.11719 0.459055

-2.49219 0.451963
-2.48438 0.452536

-3.5 0.44462
-3.48438 0.443649

-1.11719 0.459055
-1.10938 0.458611

-2.48438 0.452536
-2.47656 0.453107

-1.10938 0.458611
-1.10156 0.458142

-1.10156 0.458142
-1.09375 0.457648

-0.015625 0.0598155
0 0.0506257

-1.09375 0.457648
-1.08594 0.457127

-2.47656 0.453115
-2.47642 0.453125

-1.08594 0.457127
-1.07812 0.45658

-0.0625 0.0872077
-0.046875 0.0781254

-3.48438 0.443646
-3.46875 0.442698

-0.046875 0.0781185
-0.0390625 0.0735561

-1.07812 0.45658
-1.07031 0.456005

-0.03125 0.068885
-0.0336895 0.0703125

-3.46875 0.442699
-3.45312 0.441779

-0.0390625 0.0735992
-0.0334456 0.0703125

-3.45312 0.44178
-3.4375 0.440885

-0.03125 0.0689852
-0.0234375 0.0644038

-3.4375 0.440885
-3.42188 0.440013

-0.0234375 0.0644754
-0.0200739 0.0625

-3.42188 0.440012
-3.40625 0.439162

-2.47631 0.453125
-2.46875 0.453676

-3.40625 0.439162
-3.39062 0.438336

-2.46875 0.453676
-2.46094 0.454244

-3.39062 0.438338
-3.375 0.43753

-1.07031 0.456005
-1.0625 0.4554

-2.46094 0.454244
-2.45312 0.454809

-3.34375 0.435977
-3.37467 0.4375

-2.45312 0.454809
-2.44531 0.455372

-1.0625 0.455401
-1.05469 0.454766

-2.44531 0.455372
-2.4375 0.455932

-3.34375 0.435976
-3.3125 0.43455

-1.05469 0.454766
-1.04688 0.454099

-2.4375 0.455932
-2.42969 0.456488

-2.42969 0.456488
-2.42188 0.457039

-1.03906 0.452531
-1.04571 0.453125

-2.42188 0.457039
-2.41406 0.457586

-1.03906 0.452795
-1.03125 0.452064

-3.375 0.43752
-3.3746 0.4375

-3.3125 0.434552
-3.29688 0.433884

-3.29688 0.433883
-3.28125 0.43326

-3.28125 0.433262
-3.26562 0.432682

-2.41406 0.457586
-2.40625 0.458127

-2.40625 0.458127
-2.39844 0.458662

-1.04688 0.454352
-1.03906 0.453653

-1.03906 0.454096
-1.03125 0.453365

0.09375 -0.00459099
0.0859401 0

0.09375 -0.00457794
0.109375 -0.0137517

0.117188 -0.018383
0.112486 -0.015625

0.117188 -0.0183362
0.125 -0.022912

-1.03125 0.452453
-1.02344 0.451689

-1.02344 0.45189
-1.01562 0.451093

-3.26562 0.432683
-3.25 0.432139

-1.03125 0.453701
-1.02536 0.453125

-1.02344 0.453284
-1.02188 0.453125

-1.01562 0.451109
-1.00781 0.450279

-3.25 0.432122
-3.21875 0.431167

-1.00781 0.450279
-1 0.449414

0.109375 -0.013685
0.112691 -0.015625

-3.21875 0.431183
-3.20312 0.430772

0.140625 -0.0321399
0.139088 -0.03125

-3.20312 0.430773
-3.1875 0.430397

-3.1875 0.430395
-3.17188 0.430056

-3.17188 0.430056
-3.15625 0.42976

-2.39844 0.458662
-2.39062 0.459192

-3.15625 0.429749
-3.125 0.429283

-2.39062 0.459192
-2.38281 0.459715

-3.125 0.429283
-3.09375 0.428987

-3.09375 0.429006
-3.0625 0.428841

0.140625 -0.0320662
0.15625 -0.0411956

0.125 -0.0229075
0.139248 -0.03125

-2.38281 0.459715
-2.375 0.46023

0.171875 -0.0503361
0.165935 -0.046875

-3.0625 0.428843
-3.04688 0.428798

0.15625 -0.0411935
0.164062 -0.04575

0.164062 -0.0456514
0.166164 -0.046875

0.171875 -0.0503014
0.1875 -0.0593784

-2.375 0.46023
-2.36719 0.460738

-3.04688 0.428798
-3.03125 0.428787

-1 0.449414
-0.992188 0.448514

0.195312 -0.0643203
0.192172 -0.0625

-2.36719 0.460777
-2.36469 0.460938

0.195312 -0.0639053
0.203125 -0.0684255

-2.36368 0.460938
-2.35938 0.461213

0.210938 -0.0730163
0.206255 -0.0703125

-0.992188 0.448515
-0.984375 0.44758

0.203125 -0.0683162
0.206582 -0.0703125

-3.03125 0.428786
-3.01562 0.428811

-2.35938 0.461238
-2.35156 0.46173

-3.01562 0.428812
-3 0.428873

0.210938 -0.0729365
0.21875 -0.0774381

-2.35156 0.46173
-2.34375 0.462214

0.25 -0.09552
0.246899 -0.09375

0.226562 -0.0819389
0.219929 -0.078125

0.234375 -0.0863927
0.233573 -0.0859375

0.226562 -0.0819406
0.23356 -0.0859375

0.21875 -0.0773957
0.220032 -0.078125

0.234375 -0.0863753
0.247272 -0.09375

-2.34375 0.462214
-2.33594 0.462689

-2.33594 0.462689
-2.32812 0.463155

-0.984375 0.44758
-0.976562 0.44661

-0.96875 0.444617
-0.974151 0.445312

-0.976562 0.44685
-0.96875 0.445844

-0.96875 0.444816
-0.960938 0.443774

-0.96875 0.446621
-0.960938 0.445579

-0.960938 0.444189
-0.953125 0.443111

0.1875 -0.0591705
0.19325 -0.0625

-0.960938 0.446209
-0.95444 0.445312

-2.32812 0.463155
-2.32031 0.463612

-2.32031 0.463612
-2.3125 0.464059

-0.953125 0.443407
-0.945312 0.442292

-0.953125 0.445727
-0.95022 0.445312

-0.945312 0.442369
-0.9375 0.441218

-2.3125 0.464059
-2.30469 0.464496

-0.90625 0.435463
-0.918605 0.4375

-0.90625 0.435915
-0.898438 0.43457

-2.30469 0.464496
-2.29688 0.464923

-2.29688 0.464923
-2.28906 0.46534

-2.28906 0.46534
-2.28125 0.465746

0.3125 -0.130345
0.302934 -0.125

-3 0.428875
-2.99219 0.428917

0.3125 -0.130491
0.34375 -0.147781

-0.898438 0.434871
-0.890625 0.433485

-2.28125 0.465746
-2.27344 0.466141

-2.99219 0.428917
-2.98438 0.428967

0.375 -0.164882
0.359204 -0.15625

-0.890625 0.433494
-0.882812 0.432067

0.34375 -0.147792
0.359226 -0.15625

-2.98438 0.428968
-2.97656 0.429027

0.25 -0.0953769
0.28125 -0.113053

-2.97656 0.429026
-2.96875 0.429094

-2.27344 0.466141
-2.26562 0.466525

-2.96875 0.429094
-2.96094 0.429169

-2.26562 0.466525
-2.25781 0.466898

-2.25781 0.466898
-2.25 0.467259

-0.882812 0.432067
-0.875 0.430599

0.28125 -0.113093
0.302561 -0.125

-2.96094 0.429169
-2.95312 0.429253

-2.95312 0.429253
-2.94531 0.429347

0.421875 -0.189945
0.417269 -0.1875

-2.94531 0.429347
-2.9375 0.429449

-0.9375 0.441218
-0.929688 0.44003

0.421875 -0.189967
0.429688 -0.194087

0.4375 -0.198165
0.43207 -0.195312

0.429688 -0.19412
0.431957 -0.195312

-2.25 0.467259
-2.24219 0.46761

0.390625 -0.173239
0.388101 -0.171875

-0.929688 0.440031
-0.921875 0.438804

0.375 -0.164882
0.387945 -0.171875

-0.921875 0.439023
-0.914062 0.437753

-2.24219 0.46761
-2.23438 0.467949

-2.9375 0.429449
-2.92969 0.429562

-2.23438 0.467949
-2.22656 0.468277

-0.914062 0.438925
-0.90625 0.437616

-2.22656 0.468277
-2.21875 0.468594

-2.21875 0.468603
-2.21499 0.46875

0.390625 -0.173309
0.40625 -0.18168

-0.90625 0.438413
-0.900949 0.4375

-2.92969 0.429562
-2.92188 0.429684

-2.21455 0.46875
-2.21094 0.468891

-2.92169 0.429688
-2.91406 0.429817

-0.898438 0.437654
-0.897568 0.4375

-2.91406 0.429817
-2.90625 0.429961

-2.21094 0.4689
-2.20312 0.469194

0.40625 -0.181698
0.417184 -0.1875

-0.867188 0.428972
-0.870891 0.429688

-0.875 0.430681
-0.869859 0.429688

-2.90625 0.429961
-2.89844 0.430116

-2.89844 0.430116
-2.89062 0.430282

-2.89062 0.430281
-2.88281 0.430459

-2.20312 0.469194
-2.19531 0.469476

-2.19531 0.469476
-2.1875 0.469747

-0.867188 0.42909
-0.859375 0.427541

-0.859375 0.427541
-0.851562 0.425953

-0.851562 0.425953
-0.84375 0.424326

-0.828125 0.420836
-0.832891 0.421875

-2.88281 0.430459
-2.875 0.430647

-0.84375 0.424327
-0.835938 0.422662

-0.835938 0.422801
-0.831687 0.421875

-0.828125 0.420959
-0.820312 0.419219

-0.820312 0.419219
-0.8125 0.417442

-2.875 0.430647
-2.86719 0.430848

0.453125 -0.206286
0.447052 -0.203125

-2.86719 0.430848
-2.85938 0.431061

-2.1875 0.469747
-2.17969 0.470006

-2.85938 0.431061
-2.85156 0.431285

-2.17969 0.470006
-2.17188 0.470252

-2.17188 0.470252
-2.16406 0.470486

-2.85156 0.431285
-2.84375 0.431522

-2.16406 0.470486
-2.15625 0.470709

0.4375 -0.198202
0.446958 -0.203125

0.453125 -0.206306
0.46875 -0.214386

-2.15625 0.470709
-2.14844 0.47092

-2.14844 0.47092
-2.14062 0.47112

-2.84375 0.431522
-2.83594 0.431771

-2.83594 0.431771
-2.82812 0.432031

-2.82812 0.432031
-2.82031 0.432301

-2.82031 0.432301
-2.8125 0.432582

-2.14062 0.47112
-2.13281 0.471309

-2.13281 0.471309
-2.125 0.471487

-0.8125 0.417442
-0.804688 0.415627

-2.125 0.471487
-2.11719 0.471655

-0.796875 0.413721
-0.798315 0.414062

0.484375 -0.222374
0.477211 -0.21875

-0.804688 0.415638
-0.798044 0.414062

-0.796875 0.413775
-0.789062 0.411884

0.484375 -0.222355
0.492188 -0.226286

0.5 -0.230235
0.492724 -0.226562

-0.789062 0.411884
-0.78125 0.409956

0.492188 -0.226303
0.492702 -0.226562

-0.765625 0.405899
-0.767005 0.40625

0.46875 -0.214408
0.476562 -0.218426

0.476562 -0.218483
0.47709 -0.21875

0.015625 0.0414033
0.00633615 0.046875

0 0.0506479
0.00640498 0.046875

-2.11719 0.471655
-2.10938 0.471812

-2.10938 0.471812
-2.10156 0.471958

-2.10156 0.471958
-2.09375 0.472093

-2.09375 0.472093
-2.08594 0.472218

-0.765625 0.405988
-0.75 0.401852

-2.08594 0.472217
-2.07812 0.472333

-0.78125 0.409956
-0.773438 0.407988

-2.8125 0.432582
-2.80469 0.432874

-2.07812 0.472333
-2.07031 0.47244

0.0234375 0.0367328
0.0194784 0.0390625

-0.773438 0.408003
-0.766621 0.40625

0.015625 0.0414936
0.0197564 0.0390625

0.0234375 0.0368125
0.03125 0.0322074

-2.80469 0.432874
-2.79688 0.433177

-2.79688 0.433176
-2.78906 0.43349

-0.65625 0.37354
-0.660732 0.375

-2.78906 0.43349
-2.78125 0.433814

-0.65625 0.373666
-0.640625 0.368421

-2.07031 0.47244
-2.0625 0.472537

-0.640625 0.368421
-0.625 0.363017

-2.0625 0.472537
-2.05469 0.472626

-0.75 0.401844
-0.742188 0.399718

-2.78125 0.433814
-2.77344 0.434149

-0.734375 0.397449
-0.737939 0.398438

-2.77344 0.434149
-2.76562 0.434496

0.0390625 0.0275426
0.0327714 0.03125

-2.76562 0.434496
-2.75781 0.434853

0.046875 0.022973
0.0460736 0.0234375

-2.75781 0.434853
-2.75 0.435221

-2.05469 0.472626
-2.04688 0.472704

0.0390625 0.0276065
0.0461399 0.0234375

0.0625 0.0136961
0.0592229 0.015625

0.046875 0.0230008
0.0546875 0.0184005

-0.742188 0.399789
-0.737316 0.398438

-0.734375 0.397549
-0.726562 0.395341

-2.04688 0.472704
-2.03906 0.472773

-2.03906 0.472773
-2.03125 0.472833

0.0546875 0.0184714
0.0595235 0.015625

-0.726562 0.395341
-0.71875 0.393093

-0.703125 0.388453
-0.71047 0.390625

-2.03125 0.472833
-2.02344 0.472882

-2.02344 0.472882
-2.01562 0.472922

-2.01562 0.472922
-2.00781 0.472952

-2.00781 0.472952
-2 0.472974

-0.71875 0.393096
-0.710938 0.390803

-0.710938 0.390981
-0.709744 0.390625

-0.703125 0.38848
-0.6875 0.383698

-0.679688 0.38119
-0.684859 0.382812

-0.6875 0.383766
-0.684461 0.382812

-0.679688 0.381235
-0.671875 0.378747

0.03125 0.0324082
0.0332378 0.03125

0.0625 0.0138026
0.0703125 0.00920525

0.078125 0.00455463
0.0725808 0.0078125

-0.671875 0.378748
-0.664062 0.376219

0.0703125 0.00932826
0.072892 0.0078125

0.078125 0.00461869
0.085982 0

-0.664062 0.376345
-0.659965 0.375

-0.625 0.363054
-0.59375 0.351779

-2 0.472975
-1.98438 0.472996

-1.98438 0.472996
-1.96875 0.472987

-0.5625 0.339882
-0.572534 0.34375

-0.59375 0.351741
-0.578125 0.345872

-0.578125 0.345806
-0.572792 0.34375

-0.5625 0.339849
-0.546875 0.333674

0.5625 -0.260766
0.540142 -0.25

-1.96875 0.472984
-1.96094 0.472968

-1.96094 0.472968
-1.95312 0.472944

-1.95312 0.472944
-1.94531 0.472911

-1.94531 0.472911
-1.9375 0.47287

-1.9375 0.47287
-1.92969 0.472822

-1.92969 0.472822
-1.92188 0.472766

-1.92188 0.472766
-1.91406 0.472704

-1.91406 0.472704
-1.90625 0.472635

-1.90625 0.472635
-1.89844 0.472559

0.578125 -0.268083
0.572923 -0.265625

0.5625 -0.260747
0.572824 -0.265625

-0.53125 0.327379
-0.533093 0.328125

-0.546875 0.333668
-0.533188 0.328125

-1.89844 0.472559
-1.89062 0.472477

0.578125 -0.268122
0.59375 -0.275415

-0.53125 0.327342
-0.515625 0.320868

-0.515625 0.320871
-0.5 0.314254

0.609375 -0.282527
0.606599 -0.28125

0.609375 -0.282595
0.617188 -0.286152

0.625 -0.289494
0.624045 -0.289062

-1.89062 0.472477
-1.88281 0.472389

-1.88281 0.472389
-1.875 0.472296

0.617188 -0.286186
0.623549 -0.289062

0.59375 -0.275407
0.601562 -0.279013

0.601562 -0.279056
0.606348 -0.28125

-1.875 0.472296
-1.86719 0.472198

-1.86719 0.472198
-1.85938 0.472094

-1.85938 0.472094
-1.85156 0.471987

-1.85156 0.471987
-1.84375 0.471876

-1.84375 0.471876
-1.83594 0.471761

-1.83594 0.471761
-1.82812 0.471642

-1.82812 0.471642
-1.82031 0.471519

-1.82031 0.471519
-1.8125 0.471392

-1.8125 0.471392
-1.80469 0.471262

-1.80469 0.471262
-1.79688 0.471128

0.6875 -0.316988
0.677005 -0.3125

0.625 -0.289693
0.640625 -0.296678

-1.79688 0.471128
-1.78906 0.470991

-1.78906 0.470991
-1.78125 0.470851

-1.78125 0.470851
-1.77344 0.470708

0.65625 -0.30355
0.641072 -0.296875

0.640625 -0.296694
0.641037 -0.296875

-1.77344 0.470708
-1.76562 0.470563

-1.76562 0.470562
-1.75781 0.470414

-1.75781 0.470414
-1.75 0.470264

0.664062 -0.306917
0.658931 -0.304688

0.65625 -0.30357
0.658822 -0.304688

-1.75 0.470264
-1.74219 0.470112

-1.74219 0.470112
-1.73438 0.469958

-1.73438 0.469958
-1.72656 0.469802

0.664062 -0.30693
0.671875 -0.310312

0.671875 -0.31034
0.676927 -0.3125

0.6875 -0.317035
0.71875 -0.330058

-1.72656 0.469802
-1.71875 0.469646

-1.71875 0.469646
-1.71094 0.469488

-1.71094 0.469488
-1.70312 0.46933

-1.70312 0.46933
-1.69531 0.469171

-1.69531 0.46917
-1.6875 0.469012

-1.67188 0.468683
-1.67517 0.46875

-1.67188 0.468694
-1.65625 0.468381

-1.6875 0.469013
-1.6745 0.46875

-1.65625 0.468381
-1.64062 0.468073

0.71875 -0.330074
0.75 -0.342604

0.515625 -0.238015
0.50832 -0.234375

-1.64062 0.468073
-1.625 0.467773

-1.625 0.46777
-1.60938 0.467482

0.5 -0.23026
0.508259 -0.234375

0.515625 -0.238027
0.53125 -0.245698

0.53125 -0.245719
0.540141 -0.25

-1.60938 0.467482
-1.59375 0.467214

-1.59375 0.467213
-1.57812 0.466968

-1.57812 0.466969
-1.5625 0.466749

0.84375 -0.37696
0.838192 -0.375

0.84375 -0.377123
0.875 -0.38767

0.78125 -0.354604
0.753002 -0.34375

0.75 -0.342674
0.752799 -0.34375

0.78125 -0.354603
0.8125 -0.366103

-1.5625 0.46675
-1.54688 0.466551

-1.54688 0.46655
-1.53125 0.466368

-1.53125 0.466369
-1.51562 0.466204

0.8125 -0.366131
0.837645 -0.375

0.875 -0.387672
0.90625 -0.397728

0.9375 -0.407236
0.934269 -0.40625

0.90625 -0.397744
0.934108 -0.40625

-1.51562 0.466204
-1.5 0.466052

0.9375 -0.407241
0.953125 -0.411816

0.953125 -0.411811
0.96875 -0.416267

0.96875 -0.416262
0.976562 -0.418448

0.976562 -0.418449
0.984375 -0.420602

1 -0.424813
0.989027 -0.421875

0.984375 -0.420607
0.989112 -0.421875

1.05469 -0.438382
1.05089 -0.4375

1.05469 -0.438229
1.0625 -0.440013

1 -0.424783
1.00781 -0.426809

1.00781 -0.426818
1.01562 -0.428823

1.01562 -0.428835
1.03125 -0.432715

1.03125 -0.432699
1.03906 -0.434575

1.03906 -0.434575
1.04688 -0.436418

1.04688 -0.43631
1.05201 -0.4375

1.0625 -0.440025
1.07812 -0.443492

1.07812 -0.443499
1.09375 -0.446813

1.09375 -0.4468
1.10938 -0.449974

1.125 -0.453246
1.12438 -0.453125

1.10938 -0.449979
1.125 -0.453026

1.14062 -0.455935
1.12552 -0.453125

1.125 -0.45301
1.12562 -0.453125

1.14062 -0.455933
1.15625 -0.458699

1.15625 -0.4587
1.17188 -0.461327

1.17188 -0.461326
1.1875 -0.463814

1.1875 -0.463814
1.20312 -0.466167

1.20312 -0.466166
1.21875 -0.468388

1.22656 -0.469466
1.2213 -0.46875

1.22656 -0.469444
1.23438 -0.470474

1.23438 -0.470475
1.24219 -0.471472

1.24219 -0.471472
1.25 -0.472435

1.21875 -0.468343
1.22179 -0.46875

1.25 -0.472436
1.25781 -0.473365

1.25781 -0.473365
1.26562 -0.474259

1.26562 -0.474259
1.27344 -0.475119

1.27344 -0.475119
1.28125 -0.475943

1.28906 -0.476805
1.28666 -0.476562

1.28125 -0.47592
1.28761 -0.476562

1.28906 -0.476733
1.29688 -0.477486

1.29688 -0.477486
1.30469 -0.478204

1.30469 -0.478204
1.3125 -0.478886

1.3125 -0.478887
1.32031 -0.479533

1.32031 -0.479533
1.32812 -0.480143

1.32812 -0.480143
1.33594 -0.480718

1.33594 -0.480718
1.34375 -0.481258

1.34375 -0.481257
1.35156 -0.481763

1.35156 -0.481763
1.35938 -0.482234

1.35938 -0.482234
1.36719 -0.482672

1.36719 -0.482672
1.375 -0.483078

1.375 -0.483077
1.38281 -0.483451

1.38281 -0.483451
1.39062 -0.483794

1.40625 -0.484411
1.40526 -0.484375

1.39062 -0.483794
1.39844 -0.484107

1.39844 -0.484105
1.40588 -0.484375

1.40625 -0.48439
1.41406 -0.484645

1.41406 -0.484645
1.42188 -0.484871

1.42188 -0.484871
1.42969 -0.48507

1.42969 -0.485069
1.4375 -0.485241

1.4375 -0.485241
1.44531 -0.485386

1.44531 -0.485386
1.45312 -0.485506

1.45312 -0.485506
1.46094 -0.485602

1.46094 -0.485602
1.46875 -0.485674

1.46875 -0.485674
1.47656 -0.485725

1.47656 -0.485724
1.48438 -0.485754

1.48438 -0.485754
1.49219 -0.485763

1.49219 -0.485763
1.5 -0.485754

1.5 -0.485753
1.50781 -0.485726

1.50781 -0.485726
1.51562 -0.485682

1.51562 -0.485682
1.52344 -0.485623

1.52344 -0.485623
1.53125 -0.485549

1.53125 -0.485549
1.53906 -0.485462

1.53906 -0.485462
1.54688 -0.485362

1.54688 -0.485362
1.55469 -0.485251

1.55469 -0.485251
1.5625 -0.485129

1.5625 -0.485129
1.57031 -0.484998

1.57031 -0.484997
1.57812 -0.484857

1.57812 -0.484857
1.58594 -0.484708

1.58594 -0.484708
1.59375 -0.484551

1.59375 -0.484551
1.60156 -0.484387

1.60156 -0.484384
1.60196 -0.484375

1.60211 -0.484375
1.60938 -0.484216

1.60938 -0.484216
1.61719 -0.484039

1.61719 -0.484039
1.625 -0.483857

1.625 -0.483856
1.63281 -0.483669

1.63281 -0.483669
1.64062 -0.483477

1.64062 -0.483477
1.64844 -0.483281

1.64844 -0.483281
1.65625 -0.483082

1.65625 -0.483082
1.66406 -0.48288

1.66406 -0.48288
1.67188 -0.482676

1.67188 -0.482676
1.67969 -0.482471

1.67969 -0.482471
1.6875 -0.482265

1.6875 -0.482265
1.69531 -0.482058

1.69531 -0.482058
1.70312 -0.481851

1.70312 -0.481851
1.71094 -0.481645

1.71094 -0.481645
1.71875 -0.481439

1.71875 -0.481439
1.72656 -0.481234

1.72656 -0.481234
1.73438 -0.48103

1.73438 -0.48103
1.74219 -0.480829

1.74219 -0.480829
1.75 -0.480629

1.75 -0.480629
1.75781 -0.480432

1.75781 -0.480432
1.76562 -0.480237

1.76562 -0.480237
1.77344 -0.480044

1.77344 -0.480044
1.78125 -0.479855

1.78125 -0.479855
1.78906 -0.479668

1.78906 -0.479668
1.79688 -0.479485

1.79688 -0.479485
1.80469 -0.479305

1.80469 -0.479304
1.8125 -0.479128

1.8125 -0.479128
1.82031 -0.478954

1.82031 -0.478954
1.82812 -0.478784

1.82812 -0.478784
1.83594 -0.478618

1.83594 -0.478618
1.84375 -0.478456

1.84375 -0.478456
1.85156 -0.478297

1.85156 -0.478297
1.85938 -0.478143

1.85938 -0.478143
1.86719 -0.477992

1.86719 -0.477992
1.875 -0.477846

1.875 -0.477846
1.88281 -0.477703

1.88281 -0.477703
1.89062 -0.477565

1.89062 -0.477565
1.89844 -0.47743

1.89844 -0.47743
1.90625 -0.477299

1.90625 -0.477299
1.91406 -0.477172

1.91406 -0.477172
1.92188 -0.47705

1.92188 -0.47705
1.92969 -0.476931

1.92969 -0.476931
1.9375 -0.476818

1.9375 -0.476818
1.94531 -0.476708

1.94531 -0.476708
1.95312 -0.476603

1.95312 -0.476599
1.95598 -0.476562

1.95638 -0.476562
1.96094 -0.476503

1.96094 -0.476502
1.96875 -0.476405

1.96875 -0.476405
1.97656 -0.476312

1.97656 -0.476312
1.98438 -0.476223

1.98438 -0.476223
1.99219 -0.476138

1.99219 -0.476138
2 -0.476057

2 -0.476057
2.00781 -0.47598

2.00781 -0.47598
2.01562 -0.475908

2.01562 -0.475908
2.02344 -0.47584

2.02344 -0.47584
2.03125 -0.475776

2.03125 -0.475776
2.03906 -0.475717

2.03906 -0.475717
2.04688 -0.475662

2.04688 -0.475662
2.05469 -0.475612

2.05469 -0.475612
2.0625 -0.475565

2.0625 -0.475565
2.07031 -0.475521

2.07031 -0.475521
2.07812 -0.475481

2.07812 -0.475481
2.08594 -0.475444

2.08594 -0.475444
2.09375 -0.475411

2.09375 -0.475411
2.10156 -0.47538

2.10156 -0.47538
2.10938 -0.475353

2.10938 -0.475353
2.11719 -0.475328

2.11719 -0.475328
2.125 -0.475307

2.125 -0.475307
2.13281 -0.47529

2.13281 -0.47529
2.14062 -0.475276

2.14062 -0.475276
2.14844 -0.475266

2.14844 -0.475266
2.15625 -0.47526

2.15625 -0.475261
2.17188 -0.475256

2.17188 -0.475253
2.1875 -0.475263

2.1875 -0.475265
2.19531 -0.475278

2.19531 -0.475278
2.20312 -0.475294

2.20312 -0.475294
2.21094 -0.475314

2.21094 -0.475314
2.21875 -0.475338

2.21875 -0.475338
2.22656 -0.475365

2.22656 -0.475365
2.23438 -0.475395

2.23438 -0.475395
2.24219 -0.475429

2.24219 -0.475429
2.25 -0.475467

2.25 -0.475467
2.25781 -0.475507

2.25781 -0.475507
2.26562 -0.475551

2.26562 -0.475551
2.27344 -0.475597

2.27344 -0.475597
2.28125 -0.475647

2.28125 -0.475647
2.28906 -0.475698

2.28906 -0.475698
2.29688 -0.475753

2.29688 -0.475753
2.30469 -0.47581

2.30469 -0.47581
2.3125 -0.475869

2.3125 -0.475869
2.32031 -0.475931

2.32031 -0.475931
2.32812 -0.475995

2.32812 -0.475995
2.33594 -0.476061

2.33594 -0.476062
2.34375 -0.47613

2.34375 -0.47613
2.35156 -0.476201

2.35156 -0.476201
2.35938 -0.476273

2.35938 -0.476273
2.36719 -0.476348

2.36719 -0.476348
2.375 -0.476425

2.375 -0.476425
2.38281 -0.476505

2.39062 -0.47659
2.388 -0.476562

2.38281 -0.476503
2.3885 -0.476562

2.39062 -0.476586
2.39844 -0.47667

2.39844 -0.47667
2.40625 -0.476756

2.40625 -0.476756
2.41406 -0.476844

2.41406 -0.476844
2.42188 -0.476933

2.42188 -0.476933
2.42969 -0.477024

2.42969 -0.477024
2.4375 -0.477115

2.4375 -0.477115
2.44531 -0.477208

2.44531 -0.477208
2.45312 -0.477301

2.45312 -0.477301
2.46094 -0.477395

2.46094 -0.477395
2.46875 -0.47749

2.46875 -0.47749
2.47656 -0.477585

2.47656 -0.477585
2.48438 -0.477681

2.48438 -0.477681
2.49219 -0.477777

2.49219 -0.477777
2.5 -0.477874

2.5 -0.477874
2.50781 -0.477971

2.50781 -0.477971
2.51562 -0.47807

2.51562 -0.47807
2.52344 -0.478168

2.52344 -0.478168
2.53125 -0.478267

2.53125 -0.478267
2.53906 -0.478366

2.53906 -0.478366
2.54688 -0.478466

2.54688 -0.478466
2.55469 -0.478565

2.55469 -0.478565
2.5625 -0.478665

2.5625 -0.478665
2.57031 -0.478765

2.57031 -0.478765
2.57812 -0.478864

2.57812 -0.478864
2.58594 -0.478964

2.58594 -0.478964
2.59375 -0.479064

2.59375 -0.479064
2.60156 -0.479164

2.60156 -0.479164
2.60938 -0.479263

2.60938 -0.479263
2.61719 -0.479363

2.61719 -0.479363
2.625 -0.479461

2.625 -0.479461
2.63281 -0.47956

2.63281 -0.47956
2.64062 -0.479658

2.64062 -0.479658
2.64844 -0.479755

2.64844 -0.479755
2.65625 -0.479851

2.65625 -0.479851
2.66406 -0.479946

2.66406 -0.479946
2.67188 -0.480041

2.67188 -0.480041
2.67969 -0.480135

2.67969 -0.480135
2.6875 -0.480228

2.6875 -0.480228
2.69531 -0.48032

2.69531 -0.48032
2.70312 -0.480412

2.70312 -0.480412
2.71094 -0.480502

2.71094 -0.480502
2.71875 -0.480592

2.71875 -0.480592
2.72656 -0.480681

2.72656 -0.480681
2.73438 -0.48077

2.73438 -0.48077
2.74219 -0.480858

2.74219 -0.480858
2.75 -0.480945

2.75 -0.480945
2.75781 -0.481032

2.75781 -0.481032
2.76562 -0.481118

2.76562 -0.481118
2.77344 -0.481203

2.77344 -0.481203
2.78125 -0.481288

2.78125 -0.481288
2.78906 -0.481371

2.78906 -0.481371
2.79688 -0.481454

2.79688 -0.481454
2.80469 -0.481537

2.80469 -0.481537
2.8125 -0.481618

2.8125 -0.481618
2.82031 -0.481698

2.82031 -0.481698
2.82812 -0.481778

2.82812 -0.481778
2.83594 -0.481856

2.83594 -0.481856
2.84375 -0.481934

2.84375 -0.481934
2.85156 -0.482011

2.85156 -0.482011
2.85938 -0.482087

2.85938 -0.482087
2.86719 -0.482162

2.86719 -0.482162
2.875 -0.482237

2.875 -0.482237
2.88281 -0.482311

2.88281 -0.482311
2.89062 -0.482384

2.89062 -0.482384
2.89844 -0.482456

2.89844 -0.482456
2.90625 -0.482528

2.90625 -0.482528
2.91406 -0.482599

2.91406 -0.482599
2.92188 -0.48267

2.92188 -0.48267
2.92969 -0.48274

2.92969 -0.48274
2.9375 -0.48281

2.9375 -0.48281
2.94531 -0.482879

2.94531 -0.482879
2.95312 -0.482947

2.95312 -0.482947
2.96094 -0.483015

2.96094 -0.483015
2.96875 -0.483083

2.96875 -0.483083
2.97656 -0.48315

2.97656 -0.48315
2.98438 -0.483217

2.98438 -0.483217
2.99219 -0.483284

2.99219 -0.483284
3 -0.48335

3 -0.48335
3.00781 -0.483416

3.00781 -0.483416
3.01562 -0.483482

3.01562 -0.483482
3.02344 -0.483547

3.02344 -0.483547
3.03125 -0.483612

3.03125 -0.483612
3.03906 -0.483677

3.03906 -0.483677
3.04688 -0.483741

3.04688 -0.483741
3.05469 -0.483805

3.05469 -0.483805
3.0625 -0.483868

3.0625 -0.483868
3.07031 -0.48393

3.07031 -0.48393
3.07812 -0.483992

3.07812 -0.483992
3.08594 -0.484054

3.08594 -0.484054
3.09375 -0.484114

3.09375 -0.484114
3.10156 -0.484174

3.10156 -0.484174
3.10938 -0.484234

3.10938 -0.484234
3.11719 -0.484291

3.11719 -0.484291
3.125 -0.484348

3.13281 -0.484405
3.12853 -0.484375

3.13281 -0.484404
3.14062 -0.484458

3.125 -0.484346
3.12908 -0.484375

3.14062 -0.484458
3.14844 -0.484511

3.14844 -0.484512
3.15625 -0.484565

3.15625 -0.484566
3.16406 -0.484619

3.16406 -0.484619
3.17188 -0.484671

3.17188 -0.484671
3.17969 -0.484722

3.17969 -0.484722
3.1875 -0.484773

3.1875 -0.484773
3.19531 -0.484823

3.19531 -0.484823
3.20312 -0.484874

3.20312 -0.484874
3.21094 -0.484924

3.21094 -0.484925
3.21875 -0.484975

3.21875 -0.484975
3.22656 -0.485026

3.22656 -0.485026
3.23438 -0.485076

3.23438 -0.485076
3.24219 -0.485127

3.24219 -0.485127
3.25 -0.485177

3.25 -0.485177
3.25781 -0.485227

3.25781 -0.485228
3.26562 -0.485278

3.26562 -0.485279
3.27344 -0.48533

3.27344 -0.48533
3.28125 -0.485381

3.28125 -0.485381
3.28906 -0.485433

3.28906 -0.485433
3.29688 -0.485485

3.29688 -0.485485
3.30469 -0.485538

3.30469 -0.485538
3.3125 -0.485591

3.3125 -0.485591
3.32031 -0.485643

3.32031 -0.485643
3.32812 -0.485697

3.32812 -0.485696
3.33594 -0.48575

3.33594 -0.48575
3.34375 -0.485804

3.34375 -0.485804
3.35156 -0.485858

3.35156 -0.485858
3.35938 -0.485912

3.35938 -0.485912
3.36719 -0.485967

3.36719 -0.485967
3.375 -0.486022

3.375 -0.486022
3.38281 -0.486077

3.38281 -0.486077
3.39062 -0.486132

3.39062 -0.486132
3.39844 -0.486188

3.39844 -0.486188
3.40625 -0.486244

3.40625 -0.486244
3.41406 -0.4863

3.41406 -0.4863
3.42188 -0.486356

3.42188 -0.486356
3.42969 -0.486413

3.42969 -0.486413
3.4375 -0.48647

3.4375 -0.48647
3.44531 -0.486528

3.44531 -0.486528
3.45312 -0.486585

3.45312 -0.486586
3.46094 -0.486644

3.46094 -0.486644
3.46875 -0.486702

3.46875 -0.486702
3.47656 -0.486761

3.47656 -0.486761
3.48438 -0.48682

3.48438 -0.48682
3.49219 -0.48688

3.49219 -0.48688
3.5 -0.48694

3.5 -0.48694
3.50781 -0.487

3.50781 -0.487
3.51562 -0.487061

3.51562 -0.487061
3.52344 -0.487122

3.52344 -0.487122
3.53125 -0.487185

3.53125 -0.487185
3.53906 -0.487247

3.53906 -0.487247
3.54688 -0.48731

3.54688 -0.48731
3.55469 -0.487374

3.55469 -0.487374
3.5625 -0.487438

3.5625 -0.487438
3.57031 -0.487504

3.57031 -0.487504
3.57812 -0.487569

3.57812 -0.487569
3.58594 -0.487636

3.58594 -0.487636
3.59375 -0.487704

3.59375 -0.487704
3.60156 -0.487772

3.60156 -0.487772
3.60938 -0.487842

3.60938 -0.487842
3.61719 -0.487912

3.61719 -0.487912
3.625 -0.487983

3.625 -0.487983
3.63281 -0.488055

3.63281 -0.488055
3.64062 -0.488128

3.64062 -0.488128
3.64844 -0.488202

3.64844 -0.488202
3.65625 -0.488277

3.65625 -0.488277
3.66406 -0.488352

3.66406 -0.488352
3.67188 -0.488429

3.67188 -0.488429
3.67969 -0.488507

3.67969 -0.488507
3.6875 -0.488586

3.6875 -0.488586
3.69531 -0.488666

3.69531 -0.488666
3.70312 -0.488747

3.70312 -0.488747
3.71094 -0.48883

3.71094 -0.48883
3.71875 -0.488914

3.71875 -0.488914
3.72656 -0.488999

3.72656 -0.488999
3.73438 -0.489086

3.73438 -0.489086
3.74219 -0.489174

3.74219 -0.489174
3.75 -0.489264

3.75 -0.489264
3.75781 -0.489355

3.75781 -0.489355
3.76562 -0.489448

3.76562 -0.489447
3.77344 -0.489542

3.77344 -0.489542
3.78125 -0.489638

3.78125 -0.489637
3.78906 -0.489735

3.78906 -0.489735
3.79688 -0.489835

3.79688 -0.489835
3.80469 -0.489936

3.80469 -0.489936
3.8125 -0.490038

3.8125 -0.490038
3.82031 -0.490141

3.82031 -0.490141
3.82812 -0.490244

3.82812 -0.490244
3.83594 -0.490349

3.83594 -0.490349
3.84375 -0.490454

3.84375 -0.490454
3.85156 -0.490559

3.85156 -0.490559
3.85938 -0.490664

3.85938 -0.490664
3.86719 -0.490769

3.86719 -0.490769
3.875 -0.490873

3.875 -0.490873
3.88281 -0.490976

3.88281 -0.490976
3.89062 -0.491077

3.89062 -0.491078
3.89844 -0.491176

3.89844 -0.491177
3.90625 -0.491272

3.90625 -0.491273
3.91406 -0.491365

3.91406 -0.491365
3.92188 -0.491453

3.92188 -0.491453
3.92969 -0.491536

3.92969 -0.491537
3.9375 -0.491614

3.9375 -0.491614
3.94531 -0.491686

3.94531 -0.491686
3.95312 -0.49175

3.95312 -0.491751
3.96094 -0.491807

3.96094 -0.491807
3.96875 -0.491855

3.96875 -0.491855
3.97656 -0.491894

3.97656 -0.491894
3.98438 -0.491922

3.98438 -0.491923
3.99219 -0.49194

3.99219 -0.49194
4 -0.491946

