-3.5 -0.000779807
-3.73512 0

-4 0.000337691
-3.80715 0

-3.25 -0.00110156
-3.44495 0

-3.125 -0.00218636
-3.24394 0

-3.125 -0.000554502
-3.0625 -0.00396308

-3.0625 -0.00258299
-3.03125 -0.00704868

-3.03125 -0.00851796
-3 -0.0155666

-3.5 0.000132447
-3.47656 0

-3.25 6.43172e-05
-3.2465 0

-2.98438 -0.0189328
-2.99961 -0.015625

-3 -0.0155152
-2.99949 -0.015625

-2.98438 -0.018932
-2.96875 -0.0222498

-2.96875 -0.0222495
-2.95312 -0.0254927

-2.95312 -0.0254918
-2.9375 -0.0286629

-2.92188 -0.0318486
-2.92489 -0.03125

-2.92188 -0.0317645
-2.90625 -0.0347958

-2.9375 -0.0286446
-2.92437 -0.03125

-2.90625 -0.0347956
-2.89062 -0.0377562

-2.89062 -0.0377558
-2.875 -0.0406469

-2.875 -0.040647
-2.85938 -0.0434692

-2.85938 -0.0434687
-2.84375 -0.0462228

-1 -0.0873498
-0.984375 -0.0865529

-0.984375 -0.0865528
-0.96875 -0.085748

-0.96875 -0.0857479
-0.953125 -0.0849354

-0.953125 -0.0849353
-0.9375 -0.0841152

-0.9375 -0.0841152
-0.921875 -0.0832877

0 -0.0188038
0.015625 -0.0174536

0.015625 -0.0174534
0.03125 -0.0160977

0.03125 -0.0160029
0.0355868 -0.015625

0.0372165 -0.015625
0.046875 -0.0147834

0.046875 -0.0147375
0.0625 -0.0133675

0.0625 -0.0133671
0.078125 -0.0119877

-2.82812 -0.0489323
-2.84009 -0.046875

0.078125 -0.0119877
0.09375 -0.0105997

-2.84375 -0.0461552
-2.83956 -0.046875

0.09375 -0.0105996
0.109375 -0.00920305

1 0.0808613
1.01562 0.0825184

-2.82812 -0.0489096
-2.8125 -0.0515272

1.01562 0.0825185
1.03125 0.0841739

-2.8125 -0.0515269
-2.79688 -0.0540761

0.109375 -0.00920296
0.125 -0.0077982

1.03125 0.084174
1.04688 0.0858271

-2.79688 -0.0540758
-2.78125 -0.056558

0.125 -0.00779811
0.140625 -0.00638551

-0.921875 -0.0832877
-0.90625 -0.082453

-2.78125 -0.0565577
-2.76562 -0.058974

-0.90625 -0.082453
-0.890625 -0.0816112

-0.890625 -0.0816111
-0.875 -0.0807623

-2.76562 -0.0589738
-2.75 -0.0613251

-2.73438 -0.0636931
-2.74253 -0.0625

1.04688 0.0858271
1.0625 0.0874776

-2.73438 -0.0636122
-2.71875 -0.0658344

-2.71875 -0.0658341
-2.70312 -0.0679918

1.0625 0.0874778
1.07812 0.0891253

-2.70312 -0.0679916
-2.6875 -0.0700859

1.07812 0.0891257
1.09375 0.0907689

-2.75 -0.061248
-2.74145 -0.0625

0.140625 -0.00638534
0.15625 -0.00496543

-2.6875 -0.0700855
-2.67188 -0.0721173

-2.67188 -0.0721169
-2.65625 -0.0740875

0.15625 -0.00496531
0.171875 -0.00353865

-0.875 -0.0807622
-0.859375 -0.0799064

0.171875 -0.00353853
0.1875 -0.00210558

-0.859375 -0.0799065
-0.84375 -0.0790435

1.09375 0.0907692
1.10938 0.0924065

-2.65625 -0.0740873
-2.64062 -0.0759981

1.10938 0.092422
1.12212 0.09375

-0.84375 -0.0790434
-0.828125 -0.0781735

0.1875 -0.00210544
0.203125 -0.000666689

-2.64062 -0.0759973
-2.625 -0.0778501

0.203125 -0.000582156
0.209424 0

-2.60938 -0.0796507
-2.62266 -0.078125

-0.828125 -0.0781432
-0.827802 -0.078125

-2.625 -0.0778232
-2.62237 -0.078125

1.12301 0.09375
1.125 0.0939578

-0.827217 -0.078125
-0.8125 -0.0772967

-2.60938 -0.0796455
-2.59375 -0.0813806

-0.8125 -0.0772948
-0.796875 -0.0764043

-0.796875 -0.0764044
-0.78125 -0.0755038

-2.59375 -0.0813805
-2.57812 -0.0830564

0.211107 0
0.21875 0.000706441

0.21875 0.000776021
0.234375 0.00222845

-0.78125 -0.0755038
-0.765625 -0.0745931

0.234375 0.00222914
0.25 0.00369147

-2.57812 -0.0830558
-2.5625 -0.084674

1.125 0.0940342
1.14062 0.0956549

1.14062 0.0956558
1.15625 0.0972703

-2.5625 -0.0846735
-2.54688 -0.0862364

0.25 0.00369137
0.265625 0.00516242

-0.765625 -0.074593
-0.75 -0.0736723

-2.54688 -0.0862362
-2.53125 -0.0877451

-2.53125 -0.0877449
-2.51562 -0.0892006

0.265625 0.00516252
0.28125 0.00664228

-0.75 -0.0736723
-0.734375 -0.0727417

1.15625 0.0972703
1.17188 0.0988768

-2.51562 -0.0892003
-2.5 -0.090604

1.17188 0.0988771
1.1875 0.100475

-0.734375 -0.0727417
-0.71875 -0.0718014

0.28125 0.00664234
0.296875 0.00813047

0.296875 0.00813055
0.3125 0.00962677

0.3125 0.009627
0.328125 0.0111307

1.1875 0.100475
1.20312 0.102064

-2.5 -0.0906037
-2.48438 -0.0919566

-0.71875 -0.0718013
-0.703125 -0.0708514

-2.48438 -0.091956
-2.46875 -0.0932598

0.328125 0.0111311
0.34375 0.012641

1.20312 0.102064
1.21875 0.103641

1.21875 0.103642
1.23438 0.105207

1.23438 0.105207
1.25 0.106759

1.25 0.106759
1.26562 0.108295

1.26562 0.108311
1.27658 0.109375

1.27715 0.109375
1.28125 0.109773

-0.703125 -0.0708513
-0.6875 -0.0698919

-0.6875 -0.0698919
-0.671875 -0.0689232

-0.671875 -0.0689231
-0.65625 -0.0679454

-0.65625 -0.0679454
-0.640625 -0.0669589

-0.640625 -0.0669588
-0.625 -0.0659639

0.34375 0.0126408
0.359375 0.0141566

-0.625 -0.0659638
-0.609375 -0.0649607

-2.45312 -0.0945341
-2.46288 -0.09375

-0.609375 -0.0649606
-0.59375 -0.0639495

1.28125 0.109812
1.29688 0.111312

0.359375 0.0141573
0.374434 0.015625

1.29688 0.111313
1.3125 0.112796

1.3125 0.112796
1.32812 0.11426

0.375 0.0156793
0.390625 0.0172095

-0.59375 -0.0639495
-0.578125 -0.0629306

0.390625 0.0172093
0.40625 0.0187469

1.32812 0.11426
1.34375 0.115706

0.40625 0.0187464
0.421875 0.020293

-0.578125 -0.0628487
-0.572822 -0.0625

1.34375 0.115706
1.35938 0.117131

-0.570706 -0.0625
-0.5625 -0.0619603

-2.45312 -0.094516
-2.4375 -0.0957224

-0.5625 -0.061904
-0.546875 -0.0608655

0.421875 0.0202932
0.4375 0.0218494

-0.546875 -0.0608651
-0.53125 -0.0598155

1.35938 0.117132
1.375 0.118536

-2.46875 -0.0932314
-2.4623 -0.09375

-2.4375 -0.0957224
-2.42188 -0.0968786

0.4375 0.0218495
0.453125 0.0234144

-2.42188 -0.0968783
-2.40625 -0.0979849

-0.53125 -0.0598155
-0.515625 -0.0587555

0.453125 0.0234146
0.46875 0.0249875

1.375 0.118537
1.39062 0.119919

0.46875 0.0249877
0.484375 0.0265677

1.39062 0.119919
1.40625 0.121278

-0.515625 -0.0587554
-0.5 -0.0576852

1.40625 0.121278
1.42188 0.122611

-2.40625 -0.0979848
-2.39062 -0.0990425

0.484375 0.0265681
0.5 0.0281539

-2.39062 -0.0990421
-2.375 -0.100052

1.42188 0.122612
1.4375 0.123918

-2.375 -0.100051
-2.35938 -0.101014

-2.35938 -0.101014
-2.34375 -0.101932

1.4375 0.123926
1.45064 0.125

-2.34375 -0.101931
-2.32812 -0.102807

-2.32812 -0.102807
-2.3125 -0.103641

1.45121 0.125
1.45312 0.125157

-2.3125 -0.103641
-2.29688 -0.104434

-2.29688 -0.104434
-2.28125 -0.105187

1.45312 0.125196
1.46875 0.126442

1.46875 0.126443
1.48438 0.127659

-0.5 -0.0576851
-0.484375 -0.0566051

1.48438 0.12766
1.5 0.128844

-0.484375 -0.056605
-0.46875 -0.0555154

-2.28125 -0.105186
-2.26562 -0.1059

0.5 0.0281543
0.515625 0.0297446

0.515625 0.0297471
0.530355 0.03125

-0.46875 -0.0555153
-0.453125 -0.0544166

0.53125 0.031338
0.546875 0.032938

-2.26562 -0.105899
-2.25 -0.106575

0.546875 0.0329379
0.5625 0.034545

-0.453125 -0.0544165
-0.4375 -0.0533088

0.5625 0.0345449
0.578125 0.0361594

-0.4375 -0.0533087
-0.421875 -0.0521925

-0.421875 -0.0521925
-0.40625 -0.0510681

-0.40625 -0.051068
-0.390625 -0.0499358

-0.390625 -0.0499357
-0.375 -0.048796

-2.25 -0.106574
-2.23438 -0.107213

1.5 0.128844
1.51562 0.129995

1.51562 0.129995
1.53125 0.131112

0.578125 0.0361597
0.59375 0.0377809

-0.375 -0.048796
-0.359375 -0.0476489

0.59375 0.0377811
0.609375 0.0394081

1.53125 0.131112
1.54688 0.132193

-0.359375 -0.0475958
-0.349618 -0.046875

1.54688 0.132194
1.5625 0.133238

-2.23438 -0.107213
-2.21875 -0.107815

0.609375 0.0394082
0.625 0.0410403

-2.21875 -0.107815
-2.20312 -0.108383

-0.347213 -0.046875
-0.34375 -0.0466192

1.5625 0.133238
1.57812 0.134244

0.625 0.0410405
0.640625 0.0426771

-2.20312 -0.108383
-2.1875 -0.108918

0.640625 0.0426773
0.65625 0.0443174

-0.34375 -0.046496
-0.328125 -0.0453318

1.57812 0.134245
1.59375 0.135212

-0.328125 -0.0453311
-0.3125 -0.0441556

0.65625 0.0443177
0.671875 0.0459605

-0.3125 -0.0441558
-0.296875 -0.0429702

-0.296875 -0.0429701
-0.28125 -0.0417742

1.59375 0.135212
1.60938 0.136138

-0.28125 -0.0417741
-0.265625 -0.0405683

1.60938 0.136139
1.625 0.137024

-0.265625 -0.0405681
-0.25 -0.0393527

0.671875 0.0460039
0.680154 0.046875

0.681081 0.046875
0.6875 0.0475504

1.625 0.137024
1.64062 0.137866

1.64062 0.137867
1.65625 0.138665

0.6875 0.0476034
0.703125 0.0492509

-0.25 -0.0393526
-0.234375 -0.0381282

1.65625 0.138665
1.67188 0.139418

-2.17188 -0.109439
-2.17386 -0.109375

1.67188 0.139418
1.6875 0.140125

0.703125 0.0492516
0.71875 0.0509041

-0.234375 -0.038128
-0.21875 -0.0368951

-0.21875 -0.036895
-0.203125 -0.0356543

1.6875 0.140128
1.69929 0.140625

1.69958 0.140625
1.70312 0.140774

0.71875 0.0509041
0.734375 0.0525602

0.734375 0.0525604
0.75 0.05422

-2.1875 -0.108915
-2.17323 -0.109375

-2.17188 -0.109422
-2.15625 -0.109894

1.70312 0.140783
1.71875 0.141392

-2.15625 -0.109894
-2.14062 -0.110332

1.71875 0.141392
1.73438 0.14195

-0.203125 -0.0356541
-0.1875 -0.034406

1.73438 0.141951
1.75 0.142457

0.75 0.0542201
0.765625 0.0558824

-2.14062 -0.110332
-2.125 -0.110736

1.75 0.142457
1.76562 0.14291

1.76562 0.14291
1.78125 0.143308

-0.1875 -0.0344059
-0.171875 -0.0331509

-2.125 -0.110736
-2.10938 -0.111107

0.765625 0.0558826
0.78125 0.057547

1.78125 0.143308
1.79688 0.143651

0.78125 0.0575473
0.796875 0.0592126

1.79688 0.143651
1.8125 0.143936

0.796875 0.059213
0.8125 0.060878

1.8125 0.143937
1.82812 0.144164

0.8125 0.0608785
0.827725 0.0625

-0.171875 -0.0331508
-0.15625 -0.0318894

0.828125 0.0625415
0.84375 0.0642059

-2.10938 -0.111107
-2.09375 -0.111445

0.84375 0.0642058
0.859375 0.0658718

-2.09375 -0.111445
-2.07812 -0.111751

-0.15625 -0.0317712
-0.149825 -0.03125

1.82812 0.144164
1.84375 0.144333

-0.14688 -0.03125
-0.140625 -0.0307426

-0.140625 -0.0306234
-0.125 -0.0293466

-2.07812 -0.111751
-2.0625 -0.112027

1.84375 0.144333
1.85938 0.144442

-2.0625 -0.112026
-2.04688 -0.112273

-0.125 -0.0293458
-0.109375 -0.0280584

-2.04688 -0.112272
-2.03125 -0.11249

1.85938 0.144442
1.875 0.144491

0.859375 0.0658719
0.875 0.0675394

-0.109375 -0.0280585
-0.09375 -0.0267618

-0.09375 -0.0267617
-0.078125 -0.0254556

-2.03125 -0.11249
-2.01562 -0.11268

0.875 0.0675396
0.890625 0.0692077

1.875 0.144491
1.89062 0.144479

0.890625 0.0692077
0.90625 0.0708762

-2.01562 -0.11268
-2 -0.112843

-0.078125 -0.0254555
-0.0625 -0.0241407

1.89062 0.144479
1.90625 0.144405

-0.0625 -0.0241405
-0.046875 -0.0228175

-0.046875 -0.0228174
-0.03125 -0.0214866

-0.03125 -0.0214863
-0.015625 -0.0201483

-0.015625 -0.0201482
0 -0.0188039

0.90625 0.0708762
0.921875 0.072545

0.921875 0.0725455
0.9375 0.0742136

1.90625 0.144405
1.92188 0.144268

0.9375 0.0742138
0.953125 0.07588

0.953125 0.0758803
0.96875 0.0775436

0.96875 0.0775711
0.973963 0.078125

-2 -0.112843
-1.98438 -0.112979

0.97436 0.078125
0.984375 0.079189

1.92188 0.144268
1.9375 0.144067

0.984375 0.0792029
1 0.0808611

-1.98438 -0.112979
-1.96875 -0.11309

-1.96875 -0.11309
-1.95312 -0.113175

1.9375 0.144067
1.95312 0.143802

1.95312 0.143802
1.96875 0.143472

-1.95312 -0.113175
-1.9375 -0.113235

-1.9375 -0.113235
-1.92188 -0.113272

-1.92188 -0.113272
-1.90625 -0.113285

-1.90625 -0.113284
-1.89062 -0.113275

-1.89062 -0.113275
-1.875 -0.113244

1.96875 0.143472
1.98438 0.143078

1.98438 0.143078
2 0.142619

-1.875 -0.113244
-1.85938 -0.113191

-1.85938 -0.113191
-1.84375 -0.113119

-1.84375 -0.113118
-1.82812 -0.113026

-1.82812 -0.113026
-1.8125 -0.112914

-1.8125 -0.112914
-1.79688 -0.112784

-1.79688 -0.112784
-1.78125 -0.112635

-1.78125 -0.112635
-1.76562 -0.112468

-1.76562 -0.112468
-1.75 -0.112284

-1.75 -0.112284
-1.73438 -0.112084

-1.73438 -0.112084
-1.71875 -0.111867

-1.71875 -0.111867
-1.70312 -0.111635

-1.70312 -0.111634
-1.6875 -0.111387

2 0.142619
2.01562 0.142095

2.01562 0.142095
2.03125 0.141506

-1.6875 -0.111387
-1.67188 -0.111126

-1.67188 -0.111125
-1.65625 -0.11085

2.03125 0.141506
2.04688 0.140853

2.0625 0.140132
2.05175 0.140625

-1.65625 -0.11085
-1.64062 -0.110561

-1.64062 -0.110561
-1.625 -0.110259

2.04688 0.140861
2.05202 0.140625

2.0625 0.140136
2.07812 0.139355

2.07812 0.139355
2.09375 0.138511

-1.625 -0.110259
-1.60938 -0.109943

-1.60938 -0.109943
-1.59375 -0.109614

2.09375 0.13851
2.10938 0.137603

2.10938 0.137603
2.125 0.136632

-1.59375 -0.109613
-1.58293 -0.109375

-1.58272 -0.109375
-1.57812 -0.109274

-1.57812 -0.109271
-1.5625 -0.10891

2.125 0.136632
2.14062 0.135599

2.14062 0.135599
2.15625 0.134503

-1.5625 -0.10891
-1.54688 -0.108534

-1.54688 -0.108533
-1.53125 -0.108141

2.15625 0.134503
2.17188 0.133347

2.17188 0.133347
2.1875 0.13213

2.1875 0.13213
2.20312 0.130854

2.20312 0.130854
2.21875 0.129519

-1.53125 -0.108141
-1.51562 -0.107733

-1.51562 -0.107733
-1.5 -0.10731

2.21875 0.129519
2.23438 0.128127

2.23438 0.128127
2.25 0.126678

2.28125 0.123623
2.26743 0.125

2.28125 0.123616
2.29688 0.122005

2.29688 0.122005
2.3125 0.120341

2.3125 0.120341
2.32812 0.118627

2.32812 0.118626
2.34375 0.116862

2.34375 0.116862
2.35938 0.11505

2.35938 0.11505
2.375 0.113191

2.25 0.126678
2.26562 0.125175

2.26562 0.125118
2.2668 0.125

2.375 0.113191
2.39062 0.111286

-1.5 -0.10731
-1.48438 -0.106873

-1.48438 -0.106873
-1.46875 -0.106421

2.40625 0.109348
2.40603 0.109375

2.39062 0.111286
2.40594 0.109375

-1.46875 -0.106421
-1.45312 -0.105955

-1.45312 -0.105955
-1.4375 -0.105475

2.40625 0.109337
2.42188 0.107345

2.42188 0.107345
2.4375 0.105311

-1.4375 -0.105475
-1.42188 -0.104982

-1.42188 -0.104982
-1.40625 -0.104477

-1.40625 -0.104476
-1.39062 -0.103958

-1.39062 -0.103958
-1.375 -0.103427

2.4375 0.10531
2.45312 0.103236

2.45312 0.103235
2.46875 0.101121

2.46875 0.101121
2.48438 0.098968

-1.375 -0.103427
-1.35938 -0.102884

-1.35938 -0.102884
-1.34375 -0.102329

-1.34375 -0.102329
-1.32812 -0.101762

-1.32812 -0.101762
-1.3125 -0.101183

2.48438 0.0989677
2.5 0.0967784

-1.3125 -0.101183
-1.29688 -0.100593

-1.29688 -0.100593
-1.28125 -0.0999919

-1.28125 -0.0999919
-1.26562 -0.0993792

-1.26562 -0.0993791
-1.25 -0.0987554

-1.25 -0.0987553
-1.23438 -0.0981207

-1.23438 -0.0981206
-1.21875 -0.0974754

-1.21875 -0.0974753
-1.20312 -0.0968198

2.53125 0.0923662
2.52168 0.09375

2.5 0.0967781
2.51562 0.0945534

-1.20312 -0.0968197
-1.1875 -0.0961542

-1.1875 -0.0961542
-1.17188 -0.0954789

-1.17188 -0.0954789
-1.15625 -0.0947938

2.51562 0.0944137
2.52022 0.09375

2.53125 0.0922939
2.54688 0.0900016

-1.15625 -0.0947938
-1.14062 -0.0940991

-1.14062 -0.0940823
-1.13327 -0.09375

2.54688 0.0900012
2.5625 0.0876767

2.5625 0.0876764
2.57812 0.085321

2.57812 0.0853206
2.59375 0.0829356

-1.13249 -0.09375
-1.125 -0.0934116

2.59375 0.0829353
2.60938 0.0805219

2.625 0.0780958
2.62481 0.078125

2.60938 0.0805214
2.62472 0.078125

-1.125 -0.0933941
-1.10938 -0.0926758

-1.10938 -0.0926756
-1.09375 -0.0919453

2.625 0.0780809
2.64062 0.0756142

-1.09375 -0.0919452
-1.07812 -0.0912039

-1.07812 -0.0912037
-1.0625 -0.090452

2.64062 0.0756139
2.65625 0.0731217

-1.0625 -0.0904519
-1.04688 -0.0896903

2.65625 0.0731214
2.67188 0.0706051

2.67188 0.0706048
2.6875 0.0680654

-1.04688 -0.0896902
-1.03125 -0.088919

-1.03125 -0.0889189
-1.01562 -0.0881387

2.73438 0.0603366
2.72138 0.0625

2.73438 0.0603199
2.75 0.0576995

-1.01562 -0.0881386
-1 -0.0873498

2.6875 0.0680651
2.70312 0.0655039

2.70312 0.0655036
2.71875 0.0629218

2.71875 0.0628259
2.72071 0.0625

2.75 0.0576992
2.76562 0.055061

2.76562 0.0550607
2.78125 0.0524058

2.78125 0.0524055
2.79688 0.049735

2.79688 0.0497347
2.8125 0.0470497

2.82812 0.0443536
2.81353 0.046875

2.8125 0.0470027
2.81324 0.046875

2.82812 0.0443506
2.84375 0.041639

2.84375 0.0416388
2.85938 0.0389155

2.85938 0.0389153
2.875 0.0361814

2.90625 0.0307014
2.90314 0.03125

2.875 0.0361811
2.89062 0.0334376

2.89062 0.0334332
2.90302 0.03125

2.90625 0.030685
2.92188 0.0279252

2.92188 0.027925
2.9375 0.0251584

2.9375 0.0251582
2.95312 0.0223859

2.95312 0.0223858
2.96875 0.0196087

2.96875 0.0196084
2.98438 0.0168275

3 0.0138675
2.99014 0.015625

2.98438 0.0170508
2.99238 0.015625

3.25 -0.000141631
3.24253 0

3.5 -0.000356632
3.44254 0

3 0.0140476
3.03125 0.00845165

3.03125 0.00762617
3.0625 0.00364355

3.0625 0.00412876
3.125 0.000751196

3.125 0.00227957
3.24524 0

3.25 0.00108938
3.42551 0

4 -0.000715929
3.66871 0

3.5 0.000593391
3.66146 0

