-1 0.414198
-0.992188 0.414572

-0.992188 0.414572
-0.984375 0.414954

-0.984375 0.414954
-0.976562 0.415345

-0.976562 0.415345
-0.96875 0.415745

-0.96875 0.415745
-0.960938 0.416153

-0.960938 0.416153
-0.953125 0.41657

-0.953125 0.41657
-0.945312 0.416996

-0.945312 0.416996
-0.9375 0.41743

-0.9375 0.41743
-0.929688 0.417872

-0.929688 0.417872
-0.921875 0.418323

-0.921875 0.418323
-0.914062 0.418783

-0.914062 0.418783
-0.90625 0.419251

-0.90625 0.419251
-0.898438 0.419728

-0.898438 0.419728
-0.890625 0.420213

-3 0.45572
-2.98438 0.45566

-2 0.42077
-1.99219 0.420338

-1.99219 0.420338
-1.98438 0.419913

-2.98438 0.45566
-2.96875 0.455605

-2.96875 0.455604
-2.95312 0.455556

-2.95312 0.455556
-2.9375 0.455518

-1.98438 0.419913
-1.97656 0.419493

-2.9375 0.455513
-2.90625 0.455481

-4 0.488887
-3.99219 0.488878

-0.890625 0.420213
-0.882812 0.420707

-1.97656 0.419493
-1.96875 0.419078

-0.882812 0.420707
-0.875 0.421209

-2.90625 0.455481
-2.875 0.455508

-1.96875 0.419078
-1.96094 0.418668

-0.875 0.421209
-0.867188 0.421719

-0.867188 0.421785
-0.865831 0.421875

-1.96094 0.418668
-1.95312 0.418264

-2.875 0.455518
-2.85938 0.455551

-1.95312 0.418263
-1.94531 0.417865

-1.94531 0.417865
-1.9375 0.417473

-0.864474 0.421875
-0.859375 0.422213

-1.9375 0.417473
-1.92969 0.417087

-1.92969 0.417087
-1.92188 0.416709

-1.92188 0.416709
-1.91406 0.416338

-1.91406 0.416338
-1.90625 0.415973

-3.99219 0.488878
-3.98438 0.488852

-0.859375 0.422236
-0.851562 0.422762

-0.851562 0.422762
-0.84375 0.423295

-0.84375 0.423295
-0.835938 0.423836

-1.90625 0.415973
-1.89844 0.415615

-1.89844 0.415615
-1.89062 0.415262

-1.89062 0.415262
-1.88281 0.414916

-1.88281 0.414916
-1.875 0.414575

-3.98438 0.488852
-3.97656 0.488809

-1.875 0.414575
-1.86719 0.414239

-1.85938 0.413865
-1.86406 0.414062

-1.86719 0.414279
-1.86206 0.414062

-3.97656 0.488809
-3.96875 0.488748

-3.96875 0.488748
-3.96094 0.488671

-3.96094 0.488671
-3.95312 0.488575

-0.835938 0.423836
-0.828125 0.424385

-3.95312 0.488575
-3.94531 0.488462

-0.828125 0.424385
-0.820312 0.424942

-0.820312 0.424942
-0.8125 0.425506

-1.85938 0.413909
-1.85156 0.413586

-0.8125 0.425506
-0.804688 0.426078

-0.804688 0.426078
-0.796875 0.426657

-1.85156 0.413586
-1.84375 0.413269

-1.84375 0.413269
-1.83594 0.412958

-1.83594 0.412958
-1.82812 0.412654

-1.82812 0.412654
-1.82031 0.412357

-1.82031 0.412357
-1.8125 0.412066

-3.94531 0.488462
-3.9375 0.488332

-1.8125 0.412066
-1.80469 0.411782

-3.9375 0.488332
-3.92969 0.488185

-0.796875 0.426657
-0.789062 0.427243

-0.789062 0.427243
-0.78125 0.427836

-1.80469 0.411782
-1.79688 0.411504

-0.78125 0.427836
-0.773438 0.428434

-3.92969 0.488184
-3.92188 0.48802

-0.773438 0.428434
-0.765625 0.429038

-3.92188 0.48802
-3.91406 0.487839

-3.91406 0.487839
-3.90625 0.487642

-3.90625 0.487642
-3.89844 0.487429

-0.765625 0.429038
-0.757812 0.429645

-0.757251 0.429688
-0.75 0.430255

-1.79688 0.411504
-1.78906 0.411233

-2.85938 0.45555
-2.84375 0.455583

-0.75 0.430257
-0.742188 0.430871

-0.742188 0.430872
-0.734375 0.43149

-0.734375 0.43149
-0.726562 0.43211

-0.726562 0.432111
-0.71875 0.432733

-2.84375 0.455584
-2.83594 0.455601

-2.83594 0.455601
-2.82812 0.455617

-2.82812 0.455617
-2.82031 0.455632

-2.82031 0.455632
-2.8125 0.455646

-1.78906 0.411233
-1.78125 0.410968

-0.71875 0.432734
-0.710938 0.433358

-1.78125 0.410968
-1.77344 0.41071

-0.710938 0.433358
-0.703125 0.433984

-2.8125 0.455646
-2.80469 0.455659

-1.77344 0.41071
-1.76562 0.410458

-0.703125 0.433984
-0.695312 0.43461

-1.76562 0.410458
-1.75781 0.410213

-2.80469 0.455659
-2.79688 0.45567

-1.75781 0.410213
-1.75 0.409974

-2.79688 0.45567
-2.78906 0.455679

-2.78906 0.455679
-2.78125 0.455686

-0.695312 0.43461
-0.6875 0.435236

-0.6875 0.435236
-0.679688 0.43586

-0.679688 0.435861
-0.671875 0.436482

-0.671875 0.436482
-0.664062 0.4371

-0.664062 0.437127
-0.659304 0.4375

-1.75 0.409974
-1.74219 0.409741

-1.74219 0.409741
-1.73438 0.409514

-0.65825 0.4375
-0.65625 0.437657

-2.78125 0.455687
-2.77344 0.455691

-2.77344 0.455691
-2.76562 0.455694

-2.76562 0.455694
-2.75781 0.455693

-2.75781 0.455693
-2.75 0.455689

-0.65625 0.437713
-0.648438 0.438321

-0.648438 0.438321
-0.640625 0.438925

-0.640625 0.438925
-0.632812 0.439522

-0.632812 0.439522
-0.625 0.440112

-0.625 0.440112
-0.617188 0.440694

-0.617188 0.440695
-0.609375 0.441267

-0.609375 0.441268
-0.601562 0.44183

-0.601562 0.44183
-0.59375 0.44238

-0.59375 0.44238
-0.585938 0.442918

-0.585938 0.442918
-0.578125 0.443441

-3.89844 0.487429
-3.89062 0.4872

-3.89062 0.4872
-3.88281 0.486956

-3.88281 0.486956
-3.875 0.486697

-3.875 0.486697
-3.86719 0.486423

-3.86719 0.486423
-3.85938 0.486135

-3.85938 0.486135
-3.85156 0.485833

-3.85156 0.485833
-3.84375 0.485517

-2.75 0.45569
-2.74219 0.455682

-2.74219 0.455682
-2.73438 0.455671

-0.578125 0.443441
-0.570312 0.443948

-1.73438 0.409514
-1.72656 0.409293

-1.72656 0.409293
-1.71875 0.409078

-1.71875 0.409078
-1.71094 0.40887

-0.570312 0.443948
-0.5625 0.444437

-1.71094 0.40887
-1.70312 0.408667

-3.84375 0.485517
-3.83594 0.485187

-2.73438 0.455671
-2.72656 0.455654

-0.5625 0.444438
-0.554688 0.444908

-2.72656 0.455654
-2.71875 0.455631

-0.554688 0.44491
-0.5477 0.445312

-0.547468 0.445312
-0.546875 0.445347

-3.83594 0.485187
-3.82812 0.484844

-0.546875 0.445359
-0.539062 0.445788

-2.71875 0.455631
-2.71094 0.4556

-3.8125 0.484098
-3.81839 0.484375

-1.70312 0.408667
-1.69531 0.408471

-0.539062 0.445788
-0.53125 0.446194

-1.69531 0.408471
-1.6875 0.408281

-0.53125 0.446194
-0.523438 0.446576

-1.6875 0.40828
-1.67969 0.408096

-0.523438 0.446577
-0.515625 0.446933

-2.71094 0.4556
-2.70312 0.455563

-1.67969 0.408096
-1.67188 0.407917

-3.82812 0.484844
-3.82031 0.484488

-1.67188 0.407917
-1.66406 0.407744

-3.82031 0.484532
-3.81698 0.484375

-1.66406 0.407744
-1.65625 0.407576

-0.515625 0.446933
-0.507812 0.447263

-3.8125 0.48412
-3.80469 0.483741

-0.507812 0.447263
-0.5 0.447564

-3.80469 0.483741
-3.79688 0.483351

-3.79688 0.483351
-3.78906 0.482952

-1.65625 0.407576
-1.64844 0.407413

-1.64844 0.407413
-1.64062 0.407255

-2.70312 0.455563
-2.69531 0.455517

-2.69531 0.455517
-2.6875 0.455464

-3.78906 0.482952
-3.78125 0.482543

-3.78125 0.482542
-3.77344 0.482124

-1.64062 0.407255
-1.63281 0.407103

-1.63281 0.407103
-1.625 0.406956

-2.6875 0.455464
-2.67969 0.455403

-2.67969 0.455403
-2.67188 0.455334

-3.77344 0.482124
-3.76562 0.481698

-2.67188 0.455334
-2.66406 0.455256

-1.625 0.406956
-1.61719 0.406814

-3.76562 0.481698
-3.75781 0.481264

-2.66406 0.455256
-2.65625 0.455169

-3.75781 0.481264
-3.75 0.480823

-2.65625 0.455169
-2.64844 0.455072

-0.5 0.447564
-0.492188 0.447835

-1.61719 0.406814
-1.60938 0.406677

-0.492188 0.447835
-0.484375 0.448075

-3.75 0.480823
-3.74219 0.480376

-0.484375 0.448075
-0.476562 0.448282

-3.74219 0.480376
-3.73438 0.479923

-2.64844 0.455072
-2.64062 0.454966

-3.73438 0.479922
-3.72656 0.479464

-1.60938 0.406677
-1.60156 0.406545

-0.476562 0.448282
-0.46875 0.448454

-1.60156 0.406545
-1.59375 0.406418

-3.72656 0.479464
-3.71875 0.479

-0.46875 0.448454
-0.460938 0.448589

-3.71875 0.479
-3.71094 0.478532

-0.460938 0.44859
-0.453125 0.448687

-2.64062 0.454966
-2.63281 0.45485

-1.57812 0.406177
-1.58305 0.40625

-2.63281 0.45485
-2.625 0.454723

-3.71094 0.478532
-3.70312 0.47806

-0.453125 0.448688
-0.445312 0.448745

-0.445312 0.448746
-0.4375 0.448762

-1.57812 0.40618
-1.57031 0.40607

-1.57031 0.40607
-1.5625 0.405965

-2.625 0.454726
-2.60938 0.454441

-1.59375 0.406418
-1.58594 0.406296

-1.58594 0.406302
-1.58245 0.40625

-0.4375 0.448762
-0.429688 0.448735

-1.5625 0.405965
-1.55469 0.405866

-0.429688 0.448735
-0.421875 0.448663

-2.60938 0.454441
-2.59375 0.454114

-3.70312 0.47806
-3.69531 0.477585

-2.59375 0.454114
-2.57812 0.453745

-3.69531 0.477585
-3.6875 0.477107

-0.421875 0.448663
-0.414062 0.448544

-3.6875 0.477107
-3.67969 0.476626

-2.57812 0.453745
-2.5625 0.453331

-1.55469 0.405866
-1.54688 0.405773

-2.54688 0.45287
-2.55551 0.453125

-2.5625 0.453334
-2.55542 0.453125

-3.67188 0.476138
-3.67874 0.476562

-2.54688 0.452872
-2.53125 0.452361

-2.53125 0.452361
-2.51562 0.451801

-0.414062 0.448545
-0.40625 0.448376

-0.40625 0.448377
-0.398438 0.448158

-3.67969 0.47665
-3.67827 0.476562

-3.67188 0.476143
-3.66406 0.475658

-3.66406 0.475658
-3.65625 0.475172

-2.51562 0.4518
-2.5 0.451194

-0.398438 0.448158
-0.390625 0.447886

-0.390625 0.447887
-0.382812 0.447561

-1.54688 0.405773
-1.53906 0.405685

-1.53906 0.405685
-1.53125 0.405603

-3.65625 0.475171
-3.64844 0.474684

-3.64844 0.474684
-3.64062 0.474197

-0.382812 0.447561
-0.375 0.447179

-1.53125 0.405603
-1.52344 0.405527

-1.52344 0.405527
-1.51562 0.405456

-0.375 0.44718
-0.367188 0.44674

-0.367188 0.446741
-0.359375 0.446242

-0.359375 0.446242
-0.351562 0.445683

-0.34375 0.445026
-0.347357 0.445312

-0.351562 0.445709
-0.346574 0.445312

-0.34375 0.445062
-0.335938 0.444377

-3.64062 0.474197
-3.63281 0.473709

-3.63281 0.473709
-3.625 0.473221

-1.51562 0.405456
-1.50781 0.405391

-1.50781 0.405391
-1.5 0.405332

-3.625 0.473221
-3.61719 0.472734

-3.61719 0.472734
-3.60938 0.472248

-0.335938 0.444378
-0.328125 0.443628

-0.328125 0.443628
-0.320312 0.442811

-3.60938 0.472248
-3.60156 0.471764

-2.5 0.451194
-2.48438 0.450543

-0.320312 0.442811
-0.3125 0.441925

-3.60156 0.471764
-3.59375 0.471282

-0.273438 0.436398
-0.280301 0.4375

-0.273438 0.436403
-0.265625 0.435072

-0.265625 0.435073
-0.257812 0.433664

-0.257812 0.433664
-0.25 0.432176

-0.3125 0.441925
-0.304688 0.440967

-0.304688 0.440967
-0.296875 0.439937

-2.48438 0.450543
-2.46875 0.449846

-2.46875 0.449845
-2.45312 0.449103

-3.59375 0.471282
-3.58594 0.470802

-3.58594 0.470802
-3.57812 0.470324

-0.296875 0.439938
-0.289062 0.438834

-2.45312 0.449102
-2.4375 0.448319

-3.57812 0.470324
-3.57031 0.46985

-3.57031 0.46985
-3.5625 0.46938

-3.54688 0.468404
-3.55272 0.46875

-3.54688 0.46845
-3.53906 0.467994

-3.53906 0.467994
-3.53125 0.467543

-3.5625 0.46938
-3.55469 0.468913

-3.55469 0.468987
-3.55068 0.46875

-1.5 0.405332
-1.49219 0.405279

-3.53125 0.467541
-3.51562 0.466658

-0.289062 0.438835
-0.28125 0.437656

-2.4375 0.448319
-2.42188 0.447496

-0.28125 0.437684
-0.280106 0.4375

-1.49219 0.405279
-1.48438 0.405231

-2.42188 0.447495
-2.40625 0.446635

-3.51562 0.466658
-3.5 0.465803

-1.48438 0.405231
-1.47656 0.405189

-1.47656 0.405189
-1.46875 0.405152

-2.40625 0.446634
-2.39062 0.445742

-2.38281 0.445281
-2.38336 0.445312

-1.46875 0.405152
-1.46094 0.405121

-1.46094 0.405121
-1.45312 0.405096

-0.25 0.432176
-0.242188 0.430607

-0.234375 0.428871
-0.238236 0.429688

-0.242188 0.430675
-0.237515 0.429688

-0.234375 0.428955
-0.226562 0.42722

-0.226562 0.427221
-0.21875 0.425401

-0.203125 0.42138
-0.205108 0.421875

-0.21875 0.425401
-0.210938 0.423495

-0.210938 0.423529
-0.20446 0.421875

-0.203125 0.421523
-0.1875 0.417265

-2.39062 0.445739
-2.38334 0.445312

-0.1875 0.417243
-0.179688 0.414979

-0.171875 0.412542
-0.176917 0.414062

-1.45312 0.405096
-1.44531 0.405076

-2.38281 0.445282
-2.375 0.444818

-0.179688 0.415103
-0.176239 0.414062

-1.44531 0.405076
-1.4375 0.405062

-0.171875 0.412624
-0.164062 0.410175

-1.4375 0.405062
-1.42969 0.405052

-2.375 0.444819
-2.35938 0.443872

-0.164062 0.410176
-0.15625 0.407631

-2.35938 0.443871
-2.34375 0.442901

-2.34375 0.442899
-2.32812 0.441911

-3.5 0.465803
-3.48438 0.464977

-1.42969 0.405052
-1.42188 0.405049

-3.48438 0.464977
-3.46875 0.46418

-1.42188 0.405049
-1.41406 0.405051

-2.32812 0.441911
-2.3125 0.440908

-1.41406 0.405051
-1.40625 0.405058

-0.148438 0.404854
-0.152565 0.40625

-3.46875 0.464177
-3.45312 0.463418

-1.40625 0.405058
-1.39844 0.405071

-3.45312 0.463418
-3.4375 0.462704

-2.25 0.436789
-2.26064 0.4375

-0.148438 0.404989
-0.140625 0.40225

-2.3125 0.440908
-2.29688 0.439892

-2.29688 0.43989
-2.28125 0.438866

-1.39844 0.405071
-1.39062 0.405089

-2.28125 0.438866
-2.26562 0.437834

-2.26562 0.437842
-2.2605 0.4375

-0.140625 0.40225
-0.132812 0.399411

-1.39062 0.405089
-1.38281 0.405112

-0.125 0.396357
-0.13053 0.398438

-0.132812 0.399628
-0.12965 0.398438

-0.15625 0.407756
-0.151797 0.40625

-1.38281 0.405112
-1.375 0.405142

-3.4375 0.462703
-3.42188 0.462035

-1.375 0.405142
-1.36719 0.405177

-2.25 0.43679
-2.24219 0.436265

-1.36719 0.405177
-1.35938 0.405217

-0.0703125 0.372661
-0.0752856 0.375

-3.42188 0.462037
-3.40625 0.461413

-0.0703125 0.372993
-0.0625 0.369207

-3.40625 0.461416
-3.39062 0.46083

-2.24219 0.436265
-2.23438 0.435738

-2.23438 0.435737
-2.22656 0.43521

-0.0546875 0.364801
-0.0594706 0.367188

-2.22656 0.435209
-2.21875 0.434682

-0.0625 0.369687
-0.0574919 0.367188

-1.35938 0.405217
-1.35156 0.405263

-0.0546875 0.365309
-0.046875 0.361296

-0.0390625 0.356571
-0.0443667 0.359375

-3.39062 0.46083
-3.375 0.460276

-0.0390625 0.357168
-0.03125 0.35292

-2.21875 0.434683
-2.21094 0.434156

-1.35156 0.405263
-1.34375 0.405315

-2.21094 0.434156
-2.20312 0.433628

-3.375 0.460277
-3.36719 0.460012

-2.20312 0.433625
-2.1875 0.432576

-1.34375 0.405315
-1.33594 0.405373

-1.33594 0.405373
-1.32812 0.405437

-2.1875 0.43258
-2.17188 0.431535

-2.17188 0.431533
-2.16406 0.43101

-2.16406 0.431011
-2.15625 0.430489

-2.15625 0.430488
-2.14062 0.429454

-2.14062 0.429453
-2.125 0.428431

-1.32812 0.405437
-1.32031 0.405506

-1.32031 0.405506
-1.3125 0.405581

-3.36719 0.460012
-3.35938 0.459756

-1.3125 0.405581
-1.30469 0.405663

-3.35938 0.459756
-3.35156 0.459509

-0.046875 0.361959
-0.0419866 0.359375

-2.125 0.428434
-2.10938 0.42742

-0.0078125 0.339311
-0.0153204 0.34375

-1.30469 0.405662
-1.29688 0.40575

0 0.334156
-0.00297399 0.335938

-2.10938 0.427414
-2.09375 0.426414

-3.35156 0.459509
-3.34375 0.459272

-2.09375 0.426419
-2.07812 0.425434

-0.0078125 0.339675
-0.00166299 0.335938

-1.29688 0.405749
-1.28906 0.405842

-0.0234375 0.34796
-0.0298807 0.351562

-2.07812 0.425434
-2.07031 0.424944

-3.34375 0.459272
-3.33594 0.459045

-2.07031 0.424944
-2.0625 0.424458

-0.03125 0.353962
-0.0269576 0.351562

-1.28906 0.405842
-1.28125 0.405941

-0.0234375 0.348553
-0.015625 0.344061

-3.33594 0.459045
-3.32812 0.458829

-2.0625 0.424457
-2.05469 0.423975

-3.32812 0.458829
-3.32031 0.458623

-0.015625 0.344845
-0.013703 0.34375

-2.05469 0.423975
-2.04688 0.423499

-1.28125 0.405941
-1.27344 0.406047

-0.109375 0.390035
-0.110843 0.390625

-1.27344 0.406047
-1.26562 0.406158

-2.04688 0.423499
-2.03906 0.423028

-3.32031 0.458623
-3.3125 0.458427

-1.26562 0.406158
-1.25953 0.40625

-3.3125 0.458427
-3.30469 0.458241

-1.25936 0.40625
-1.25781 0.406273

-2.03906 0.423028
-2.03125 0.422564

-0.125 0.396473
-0.117188 0.393429

-1.25781 0.406275
-1.25 0.406399

-0.117188 0.393466
-0.110122 0.390625

-3.30469 0.458241
-3.29688 0.458065

-2.01562 0.421584
-2.02065 0.421875

-3.29688 0.458065
-3.28906 0.457898

-0.109375 0.390318
-0.09375 0.383718

-3.28906 0.457898
-3.28125 0.457741

-0.0859375 0.380066
-0.0921406 0.382812

-3.28125 0.457741
-3.27344 0.457593

-0.09375 0.384082
-0.090883 0.382812

-2.03125 0.422564
-2.02344 0.422105

-0.0859375 0.380231
-0.078125 0.376668

-3.27344 0.457593
-3.26562 0.457454

-0.078125 0.377056
-0.073755 0.375

-2.02344 0.422172
-2.01831 0.421875

-3.26562 0.457454
-3.25781 0.457325

-1.25 0.406399
-1.24219 0.406529

-3.25781 0.457325
-3.25 0.457205

-1.24219 0.406529
-1.23438 0.406666

-1.23438 0.406666
-1.22656 0.40681

-1.22656 0.40681
-1.21875 0.40696

-1.21875 0.40696
-1.21094 0.407117

-1.21094 0.407117
-1.20312 0.407281

-2.01562 0.421653
-2.00781 0.421208

-3.25 0.457205
-3.24219 0.457093

-2.00781 0.421208
-2 0.42077

-3.24219 0.457093
-3.23438 0.45699

0.418342 -0.5
0.417915 -0.46875

0.417906 -0.46875
0.416643 -0.4375

0.416626 -0.4375
0.41458 -0.40625

0.414588 -0.40625
0.411778 -0.375

-3.23438 0.45699
-3.22656 0.456894

0.40625 -0.329675
0.406043 -0.328125

0.40605 -0.328125
0.403771 -0.3125

-1.20312 0.407281
-1.19531 0.407452

-3.22656 0.456894
-3.21875 0.456806

0.411779 -0.375
0.408187 -0.34375

-3.21875 0.456806
-3.21094 0.456725

-3.21094 0.456725
-3.20312 0.456651

0.40625 -0.32967
0.408131 -0.34375

0.403839 -0.3125
0.398593 -0.28125

-1.19531 0.407452
-1.1875 0.407631

0.398591 -0.28125
0.392421 -0.25

-3.20312 0.456651
-3.19531 0.456584

-3.19531 0.456584
-3.1875 0.456522

0.375 -0.179762
0.372763 -0.171875

-3.1875 0.456522
-3.17969 0.456465

-3.17969 0.456465
-3.17188 0.456413

-1.1875 0.407631
-1.17969 0.407816

0.372758 -0.171875
0.368052 -0.15625

-1.17969 0.407816
-1.17188 0.408009

0.359375 -0.130058
0.357653 -0.125

0.368052 -0.15625
0.363067 -0.140625

0.363047 -0.140625
0.360451 -0.132812

0.359375 -0.129078
0.360646 -0.132812

-1.17188 0.408009
-1.16406 0.408209

-1.16406 0.408209
-1.15625 0.408416

-3.17188 0.456414
-3.16406 0.456366

-3.16406 0.456366
-3.15625 0.456323

0.3125 -0.0158963
0.31237 -0.015625

0.312381 -0.015625
0.304537 0

-1.15625 0.408416
-1.14844 0.40863

0.34375 -0.0876676
0.343076 -0.0859375

0.343348 -0.0859375
0.340232 -0.078125

-3.15625 0.456323
-3.14844 0.456283

-3.14844 0.456283
-3.14062 0.456247

-1.14844 0.40863
-1.14062 0.408853

-3.14062 0.456247
-3.13281 0.456213

0.340258 -0.078125
0.33378 -0.0625

0.357817 -0.125
0.35227 -0.109375

-1.14062 0.408853
-1.13281 0.409082

0.35227 -0.109375
0.346413 -0.09375

-3.13281 0.456213
-3.125 0.456182

-1.13281 0.409082
-1.125 0.40932

-3.125 0.456182
-3.11719 0.456152

-3.11719 0.456152
-3.10938 0.456122

-3.10938 0.456122
-3.10156 0.456093

0.34375 -0.0868655
0.346465 -0.09375

-1.125 0.40932
-1.11719 0.409565

-3.10156 0.456093
-3.09375 0.456065

-1.11719 0.409565
-1.10938 0.409819

0.328125 -0.0497195
0.326887 -0.046875

-3.09375 0.456065
-3.08594 0.456037

0.326984 -0.046875
0.319856 -0.03125

-3.08594 0.456037
-3.07812 0.456009

0.333755 -0.0625
0.330393 -0.0546875

-3.07812 0.456009
-3.07031 0.455982

-1.10938 0.409819
-1.10156 0.410081

0.328125 -0.0494386
0.330433 -0.0546875

-3.07031 0.455982
-3.0625 0.455955

-1.10156 0.410081
-1.09375 0.41035

-3.0625 0.455955
-3.04688 0.4559

-3.04688 0.4559
-3.03125 0.455843

-3.03125 0.455843
-3.01562 0.455783

-3.01562 0.455782
-3 0.455721

0.3125 -0.0158789
0.319859 -0.03125

0.39243 -0.25
0.385323 -0.21875

0.38534 -0.21875
0.377246 -0.1875

0.375 -0.17993
0.377216 -0.1875

-1.09375 0.41035
-1.08594 0.410627

-1.08594 0.410627
-1.07812 0.410912

-1.07812 0.410912
-1.07031 0.411204

-1.07031 0.411204
-1.0625 0.411505

-1.0625 0.411505
-1.05469 0.411814

-1.05469 0.411814
-1.04688 0.41213

-1.04688 0.41213
-1.03906 0.412455

-1.03906 0.412455
-1.03125 0.412787

-1.03125 0.412787
-1.02344 0.413128

0.117188 0.24627
0.113027 0.25

0.125 0.238875
0.121437 0.242188

-1.02344 0.413128
-1.01562 0.413476

-1.01562 0.413476
-1.00781 0.413833

0.117188 0.24642
0.121821 0.242188

-1.00781 0.413846
-1.00318 0.414062

-1.0024 0.414062
-1 0.414175

0.25 0.0927885
0.249368 0.09375

0.234375 0.115467
0.233141 0.117188

0.232581 0.117188
0.226834 0.125

0.242188 0.104065
0.238457 0.109375

0.24905 0.09375
0.243685 0.101562

0.242188 0.102255
0.242668 0.101562

0.234375 0.114373
0.237968 0.109375

0.179688 0.183101
0.175813 0.1875

0.1875 0.174132
0.182678 0.179688

0.179688 0.18273
0.182368 0.179688

0.15625 0.208321
0.146026 0.21875

0.132812 0.231603
0.129884 0.234375

0.140625 0.224156
0.138155 0.226562

0.132812 0.231638
0.13809 0.226562

0.125 0.239125
0.130044 0.234375

0.140625 0.224083
0.145997 0.21875

0.164062 0.200247
0.161344 0.203125

0.171875 0.191898
0.168769 0.195312

0.164062 0.200008
0.168381 0.195312

0.15625 0.208307
0.161175 0.203125

0.171875 0.191423
0.17539 0.1875

0.203125 0.15552
0.20253 0.15625

0.21875 0.136081
0.215248 0.140625

0.210938 0.146176
0.209155 0.148438

0.203125 0.155418
0.208764 0.148438

0.210938 0.145451
0.214737 0.140625

0.195312 0.16491
0.18941 0.171875

0.202461 0.15625
0.195997 0.164062

0.195312 0.164418
0.195611 0.164062

0.1875 0.173786
0.189144 0.171875

0.226562 0.125371
0.22096 0.132812

0.21875 0.134914
0.220335 0.132812

0.0390625 0.307827
0.03239 0.3125

0.046875 0.303244
0.0446222 0.304688

0.0390625 0.309017
0.0451396 0.304688

0.0625 0.291613
0.0554845 0.296875

0.046875 0.303381
0.0546875 0.29767

0.0546875 0.298474
0.056917 0.296875

0.015625 0.324064
0.00929654 0.328125

0 0.334696
0.0078125 0.329816

0.0078125 0.330999
0.0123231 0.328125

0.0234375 0.319485
0.0220716 0.320312

0.015625 0.324838
0.0224925 0.320312

0.0234375 0.319649
0.03125 0.314363

0.0234375 0.320553
0.0238455 0.320312

0.03125 0.316025
0.0363592 0.3125

0.078125 0.279489
0.0758796 0.28125

0.0859375 0.273283
0.0857472 0.273438

0.078125 0.279632
0.0857704 0.273438

0.0859375 0.273296
0.09375 0.266801

0.0859375 0.273717
0.0862826 0.273438

0.0703125 0.285225
0.0652557 0.289062

0.0625 0.292498
0.0669777 0.289062

0.0703125 0.285854
0.0761443 0.28125

0.101562 0.26003
0.0950011 0.265625

0.109375 0.25338
0.104237 0.257812

0.101562 0.260041
0.104155 0.257812

0.09375 0.267257
0.0956625 0.265625

0.109375 0.253295
0.113124 0.25

0.28125 0.0429341
0.278954 0.046875

0.273438 0.0557756
0.269333 0.0625

0.27872 0.046875
0.274061 0.0546875

0.273438 0.0551231
0.273702 0.0546875

0.296875 0.0149262
0.296504 0.015625

0.289062 0.029215
0.287931 0.03125

0.296309 0.015625
0.292063 0.0234375

0.289062 0.0286723
0.291974 0.0234375

0.304511 0
0.300453 0.0078125

0.296875 0.0145092
0.300431 0.0078125

0.287718 0.03125
0.28327 0.0390625

0.28125 0.042011
0.282968 0.0390625

0.265625 0.0690876
0.26486 0.0703125

0.264413 0.0703125
0.259413 0.078125

0.257812 0.0807505
0.254413 0.0859375

0.25 0.0922481
0.254235 0.0859375

0.257812 0.0801372
0.259126 0.078125

0.265625 0.0681757
0.269172 0.0625

3.99805 -0.5
3.99949 -0.492188

3.99582 -0.492188
4 -0.488657

