-4 0.488249
-3.99219 0.488247

-3.99219 0.488247
-3.98438 0.488239

-3.98438 0.488239
-3.97656 0.488227

-3.97656 0.488227
-3.96875 0.48821

-3.96875 0.488209
-3.96094 0.488188

-3.96094 0.488188
-3.95312 0.488165

-3.95312 0.488165
-3.94531 0.488139

-3.94531 0.488139
-3.9375 0.488111

-3.125 0.462682
-3.10938 0.462067

-3.10938 0.462067
-3.09375 0.461473

-3.09375 0.461473
-3.07812 0.4609

-3.07812 0.4609
-3.0625 0.460347

-3.0625 0.460347
-3.04688 0.459814

-3.9375 0.48811
-3.92969 0.48808

-3.92969 0.48808
-3.92188 0.48805

-3.92188 0.488049
-3.91406 0.488021

-3.91406 0.488021
-3.90625 0.487997

-3.04688 0.459815
-3.03125 0.4593

-3.90625 0.487997
-3.89844 0.487978

-3.03125 0.4593
-3.01562 0.458804

-3.89844 0.487979
-3.89062 0.487966

-3.01562 0.458805
-3 0.458326

-3.89062 0.487967
-3.88281 0.487954

-0.640625 0.490712
-0.632812 0.490709

-0.632812 0.490709
-0.625 0.490723

-0.625 0.490723
-0.617188 0.490754

-0.617188 0.490754
-0.609375 0.4908

-3 0.458327
-2.98438 0.457865

-2.98438 0.457865
-2.96875 0.457418

-2.96875 0.457418
-2.95312 0.456986

-2.95312 0.456986
-2.9375 0.456568

-2.9375 0.456568
-2.92188 0.456164

-2.92188 0.456164
-2.90625 0.455772

-2.90625 0.455772
-2.89062 0.455393

-2.89062 0.455393
-2.875 0.455024

-3.88281 0.487955
-3.875 0.487939

-3.875 0.487939
-3.86719 0.487916

-3.86719 0.487916
-3.85938 0.487885

-3.85938 0.487884
-3.85156 0.487847

-3.85156 0.487847
-3.84375 0.487804

-3.84375 0.487804
-3.83594 0.487757

-3.83594 0.487757
-3.82812 0.487707

-3.82812 0.487707
-3.82031 0.487654

-3.82031 0.487654
-3.8125 0.487597

-3.8125 0.487597
-3.80469 0.487536

-3.80469 0.487536
-3.79688 0.48747

-3.79688 0.48747
-3.78906 0.487399

-3.78906 0.487399
-3.78125 0.487323

-3.78125 0.487323
-3.77344 0.487242

-3.77344 0.487242
-3.76562 0.487154

-3.76562 0.487154
-3.75781 0.487061

-3.75781 0.487061
-3.75 0.486962

-3.75 0.486962
-3.74219 0.486856

-3.74219 0.486856
-3.73438 0.486744

-3.73438 0.486744
-3.72656 0.486625

-3.72656 0.486625
-3.71875 0.486499

-3.71875 0.486499
-3.71094 0.486366

-3.71094 0.486366
-3.70312 0.486226

-3.70312 0.486226
-3.69531 0.486078

-3.69531 0.486078
-3.6875 0.485923

-3.6875 0.485923
-3.67969 0.485761

-3.67969 0.485761
-3.67188 0.485591

-3.67188 0.485591
-3.66406 0.485414

-3.66406 0.485414
-3.65625 0.485229

-3.65625 0.485229
-3.64844 0.485038

-3.64844 0.485038
-3.64062 0.484839

-3.64062 0.484839
-3.63281 0.484633

-3.63281 0.484633
-3.625 0.484421

-3.61719 0.484203
-3.62334 0.484375

-3.61719 0.484202
-3.60938 0.483977

-3.625 0.484417
-3.6235 0.484375

-3.60938 0.483976
-3.60156 0.483746

-3.60156 0.483746
-3.59375 0.483512

-3.59375 0.483512
-3.58594 0.483273

-3.58594 0.483273
-3.57812 0.483027

-3.57812 0.483027
-3.57031 0.482776

-3.57031 0.482776
-3.5625 0.482519

-3.5625 0.482519
-3.55469 0.482257

-3.55469 0.482257
-3.54688 0.481989

-0.609375 0.490801
-0.601562 0.490858

-0.601562 0.49086
-0.59375 0.490923

-2.875 0.455024
-2.85938 0.454666

-2.85938 0.454666
-2.84375 0.454319

-2.84375 0.454319
-2.82812 0.453981

-2.82812 0.453981
-2.8125 0.453654

-2.8125 0.453654
-2.79688 0.453335

-2.78125 0.452989
-2.78814 0.453125

-2.79688 0.453355
-2.78525 0.453125

-2.78125 0.453026
-2.76562 0.452726

-2.76562 0.452726
-2.75 0.452435

-2.75 0.452435
-2.73438 0.45215

-2.73438 0.45215
-2.71875 0.451869

-2.71875 0.451869
-2.70312 0.451591

-2.70312 0.451591
-2.6875 0.451317

-2.6875 0.451317
-2.67188 0.451047

-2.67188 0.451047
-2.65625 0.450782

-2.65625 0.450782
-2.64062 0.450521

-2.64062 0.450521
-2.625 0.450263

-2.625 0.450263
-2.60938 0.450008

-2.60938 0.450009
-2.59375 0.449755

-2.59375 0.449755
-2.57812 0.449503

-2.57812 0.449503
-2.5625 0.449252

-2.5625 0.449252
-2.54688 0.449002

-2.54688 0.449002
-2.53125 0.448752

-2.53125 0.448752
-2.51562 0.448503

-2.51562 0.448503
-2.5 0.448256

-2.5 0.448256
-2.48438 0.448012

-2.48438 0.448012
-2.46875 0.447772

-2.46875 0.447772
-2.45312 0.447537

-2.45312 0.447537
-2.4375 0.447307

-2.4375 0.447307
-2.42188 0.447082

-2.42188 0.447082
-2.40625 0.446863

-2.40625 0.446863
-2.39062 0.44665

-2.39062 0.44665
-2.375 0.446442

-2.375 0.446442
-2.35938 0.44624

-2.35938 0.44624
-2.34375 0.446044

-2.34375 0.446044
-2.32812 0.445853

-2.32812 0.445853
-2.3125 0.445668

-2.3125 0.445668
-2.29688 0.445489

-2.29688 0.445489
-2.28125 0.445316

-2.28125 0.445316
-2.26562 0.445148

-2.26562 0.445148
-2.25 0.444985

-2.25 0.444985
-2.23438 0.444825

-2 0.443463
-1.98438 0.44346

-1.98438 0.443461
-1.96875 0.443467

-1.96875 0.443461
-1.9375 0.443516

-1.9375 0.44352
-1.92188 0.443569

-1.92188 0.443568
-1.90625 0.443632

-1.90625 0.443632
-1.89062 0.443711

-1.89062 0.443711
-1.875 0.443806

-1.875 0.443806
-1.85938 0.443916

-1.85938 0.443916
-1.84375 0.44404

-1.84375 0.44404
-1.82812 0.444178

-1.82812 0.444178
-1.8125 0.444333

-1.8125 0.444331
-1.79688 0.444509

-1.79688 0.444509
-1.78125 0.444713

-1.78125 0.444714
-1.76562 0.444942

-1.76562 0.444941
-1.75 0.445189

-1.75 0.445189
-1.73438 0.445458

-1.73438 0.445458
-1.71875 0.445749

-1.71875 0.445749
-1.70312 0.44606

-1.70312 0.44606
-1.6875 0.446389

-1.6875 0.446388
-1.67188 0.446736

-1.67188 0.446736
-1.65625 0.447104

-1.65625 0.447105
-1.64062 0.447492

-1.64062 0.447492
-1.625 0.4479

-1.625 0.447899
-1.60938 0.448329

-1.60938 0.448328
-1.59375 0.448781

-1.59375 0.448781
-1.57812 0.449259

-1.57812 0.449259
-1.5625 0.44976

-1.5625 0.44976
-1.54688 0.450285

-1.54688 0.450285
-1.53125 0.450835

-1.53125 0.450835
-1.51562 0.451413

-1.51562 0.451413
-1.5 0.452019

-1.5 0.452019
-1.48438 0.452654

-1.48438 0.452652
-1.47323 0.453125

-0.59375 0.490925
-0.585938 0.490987

-1.47338 0.453125
-1.46875 0.453322

-1.46875 0.453317
-1.45312 0.454008

-1.45312 0.454008
-1.4375 0.454725

-1.4375 0.454726
-1.42188 0.455469

-1.42188 0.455469
-1.40625 0.456237

-1.40625 0.456238
-1.39062 0.457029

-0.585938 0.490989
-0.578125 0.491043

-0.578125 0.491045
-0.570312 0.491082

-2.23438 0.444825
-2.21875 0.44467

-2.21875 0.444669
-2.20312 0.44452

-0.570312 0.491084
-0.5625 0.491096

-1.39062 0.45703
-1.375 0.457843

-1.375 0.457844
-1.35938 0.458677

-0.5625 0.491098
-0.554688 0.491077

-0.554688 0.491079
-0.546875 0.491017

-1.35938 0.458678
-1.34375 0.45953

-2.20312 0.44452
-2.1875 0.44438

-1.34375 0.45953
-1.32812 0.460398

-0.546875 0.491019
-0.539062 0.49091

-0.539062 0.490912
-0.53125 0.490751

-0.53125 0.490752
-0.523438 0.490533

-0.523438 0.490534
-0.515625 0.490254

-0.515625 0.490255
-0.507812 0.489907

-1.32812 0.460398
-1.3125 0.46128

-1.3125 0.461281
-1.29688 0.462175

-1.29688 0.462175
-1.28125 0.463081

-1.28125 0.463082
-1.26562 0.463998

-1.26562 0.463998
-1.25 0.464924

-1.25 0.464924
-1.23438 0.465856

-1.23438 0.465856
-1.21875 0.466793

-1.21875 0.466793
-1.20312 0.467735

-1.20312 0.467735
-1.1875 0.468681

-1.1875 0.468738
-1.1873 0.46875

-1.18628 0.46875
-1.17969 0.469151

-1.17969 0.469156
-1.17188 0.469633

-1.17188 0.469633
-1.16406 0.47011

-1.16406 0.47011
-1.15625 0.470589

-1.15625 0.470589
-1.14844 0.47107

-1.14844 0.471069
-1.14062 0.471553

-1.14062 0.471552
-1.13281 0.47204

-1.13281 0.47204
-1.125 0.472534

-1.125 0.472534
-1.11719 0.473035

-1.11719 0.473036
-1.10938 0.473542

-1.10938 0.473543
-1.10156 0.474052

-1.10156 0.474052
-1.09375 0.474559

-1.09375 0.47456
-1.08594 0.475061

-1.08594 0.475061
-1.07812 0.475556

-1.07812 0.475556
-1.07031 0.476043

-1.07031 0.476043
-1.0625 0.476523

-1.0625 0.476529
-1.06196 0.476562

-1.06183 0.476562
-1.05469 0.476996

-1.05469 0.476997
-1.04688 0.477466

-1.04688 0.477466
-1.03906 0.477933

-1.03906 0.477932
-1.03125 0.478397

-1.03125 0.478396
-1.02344 0.478861

-1.02344 0.47886
-1.01562 0.479326

-1.01562 0.479325
-1.00781 0.479793

-1.00781 0.479793
-1 0.480265

-1 0.480265
-0.992188 0.480739

-0.992188 0.480739
-0.984375 0.481215

-0.984375 0.481216
-0.976562 0.481691

-0.976562 0.481692
-0.96875 0.482165

-0.96875 0.482165
-0.960938 0.482635

-0.960938 0.482635
-0.953125 0.483104

-0.953125 0.483103
-0.945312 0.483571

-0.945312 0.483571
-0.9375 0.484039

-3.54688 0.481989
-3.53906 0.481715

-3.53906 0.481715
-3.53125 0.481436

-3.53125 0.481436
-3.52344 0.481151

-3.52344 0.481151
-3.51562 0.48086

-3.51562 0.48086
-3.50781 0.480564

-3.50781 0.480563
-3.5 0.480262

-3.5 0.480262
-3.49219 0.479954

-3.49219 0.479954
-3.48438 0.479641

-3.48438 0.479641
-3.47656 0.479323

-3.47656 0.479323
-3.46875 0.479

-3.46875 0.479
-3.46094 0.478671

-3.46094 0.478671
-3.45312 0.478338

-3.45312 0.478338
-3.44531 0.477999

-3.44531 0.477999
-3.4375 0.477656

-3.4375 0.477656
-3.42969 0.477308

-3.42969 0.477308
-3.42188 0.476956

-3.42188 0.476956
-3.41406 0.476599

-3.40625 0.47624
-3.41322 0.476562

-3.41406 0.476568
-3.41395 0.476562

-3.40625 0.476238
-3.39844 0.475873

-3.39844 0.475873
-3.39062 0.475505

-3.39062 0.475505
-3.38281 0.475132

-3.38281 0.475132
-3.375 0.474756

-3.375 0.474756
-3.36719 0.474376

-3.36719 0.474376
-3.35938 0.473994

-3.35938 0.473994
-3.35156 0.473608

-3.35156 0.473608
-3.34375 0.47322

-3.34375 0.47322
-3.33594 0.472829

-3.33594 0.472829
-3.32812 0.472436

-3.32812 0.472436
-3.32031 0.47204

-3.32031 0.47204
-3.3125 0.471643

-3.3125 0.471643
-3.30469 0.471245

-3.30469 0.471245
-3.29688 0.470845

-3.29688 0.470845
-3.28906 0.470445

-3.28906 0.470444
-3.28125 0.470043

-3.25 0.468448
-3.25591 0.46875

-3.28125 0.470043
-3.27344 0.469642

-3.27344 0.469642
-3.26562 0.469241

-3.26562 0.46924
-3.25781 0.46884

-3.25781 0.46881
-3.25663 0.46875

-0.9375 0.484041
-0.931935 0.484375

-0.931789 0.484375
-0.929688 0.484501

-0.929688 0.484508
-0.921875 0.484977

-0.921875 0.484978
-0.914062 0.485446

-0.914062 0.485446
-0.90625 0.485912

-0.90625 0.485914
-0.898438 0.486373

-0.898438 0.486374
-0.890625 0.486824

-0.890625 0.486824
-0.882812 0.487261

-0.882812 0.487261
-0.875 0.487684

-0.875 0.487683
-0.867188 0.488093

-0.867188 0.488092
-0.859375 0.48849

-0.859375 0.488489
-0.851562 0.488876

-0.851562 0.488876
-0.84375 0.489253

-0.84375 0.489254
-0.835938 0.489619

-0.835938 0.489621
-0.828125 0.489968

-0.828125 0.48997
-0.820312 0.490291

-0.820312 0.490293
-0.8125 0.490578

-0.8125 0.490579
-0.804688 0.490824

-0.804688 0.490824
-0.796875 0.491024

-0.796875 0.491024
-0.789062 0.491179

-0.789062 0.491178
-0.78125 0.491292

-0.78125 0.491291
-0.773438 0.491368

-0.773438 0.491366
-0.765625 0.491412

-0.765625 0.49141
-0.757812 0.491429

-0.757812 0.491427
-0.75 0.491426

-0.75 0.491425
-0.742188 0.491407

-0.742188 0.491406
-0.734375 0.491377

-0.734375 0.491377
-0.726562 0.491338

-0.726562 0.491338
-0.71875 0.491292

-0.71875 0.491291
-0.710938 0.491237

-0.710938 0.491237
-0.703125 0.491174

-0.703125 0.491174
-0.695312 0.491105

-0.695312 0.491104
-0.6875 0.491031

-0.6875 0.491031
-0.679688 0.490958

-0.679688 0.490957
-0.671875 0.490887

-0.671875 0.490886
-0.664062 0.490824

-0.664062 0.490823
-0.65625 0.490772

-0.65625 0.490771
-0.648438 0.490734

-0.648438 0.490734
-0.640625 0.490713

-0.507812 0.489909
-0.5 0.489489

-0.5 0.48949
-0.492188 0.488992

-0.492188 0.488993
-0.484375 0.488411

-0.484375 0.488412
-0.476562 0.487741

-0.476562 0.487741
-0.46875 0.486978

-0.46875 0.486978
-0.460938 0.48612

-0.460938 0.48612
-0.453125 0.485165

-0.445312 0.484133
-0.44711 0.484375

-0.445312 0.484112
-0.4375 0.482963

-0.453125 0.485158
-0.44731 0.484375

-0.4375 0.482963
-0.429688 0.481717

-0.429688 0.481717
-0.421875 0.480375

-0.421875 0.480375
-0.414062 0.478938

-0.414062 0.478937
-0.40625 0.477408

-0.398438 0.47585
-0.401876 0.476562

-0.40625 0.477352
-0.40244 0.476562

-0.398438 0.475788
-0.390625 0.474081

-3.25 0.468438
-3.23438 0.467649

-3.23438 0.467649
-3.21875 0.466871

-0.390625 0.47408
-0.382812 0.472286

-0.382812 0.472286
-0.375 0.470407

-0.367188 0.468354
-0.368766 0.46875

-0.367188 0.468442
-0.359375 0.466401

-3.21875 0.466868
-3.20312 0.466107

-2.1875 0.444379
-2.17188 0.444247

-3.20312 0.466106
-3.1875 0.46537

-3.1875 0.465371
-3.17188 0.464662

-3.17188 0.464662
-3.15625 0.463978

-3.15625 0.463979
-3.14062 0.463319

-0.359375 0.466398
-0.351562 0.464287

-2.17188 0.444247
-2.15625 0.444124

-3.14062 0.463319
-3.125 0.462682

-2.15625 0.444124
-2.14062 0.44401

-0.351562 0.464285
-0.34375 0.462115

-0.375 0.470425
-0.368333 0.46875

-0.335938 0.459806
-0.339914 0.460938

-0.34375 0.46219
-0.33935 0.460938

-0.335938 0.45989
-0.328125 0.457615

-0.3125 0.452871
-0.313332 0.453125

-0.328125 0.457617
-0.320312 0.455286

-0.320312 0.455287
-0.313232 0.453125

-0.265625 0.436711
-0.267769 0.4375

-0.265625 0.436777
-0.25 0.430668

-2.14062 0.44401
-2.125 0.443908

-2.125 0.443908
-2.10938 0.443816

-0.3125 0.452937
-0.296875 0.44791

-0.296875 0.447913
-0.28125 0.442523

-0.28125 0.442525
-0.26759 0.4375

-2.10938 0.443816
-2.09375 0.443735

-0.125 0.366635
-0.138671 0.375

-0.25 0.430676
-0.234375 0.424173

-2.09375 0.443736
-2.07812 0.443664

-0.226562 0.420839
-0.22894 0.421875

-0.226562 0.420743
-0.21875 0.417235

-0.234375 0.424114
-0.229318 0.421875

-0.1875 0.402139
-0.195754 0.40625

-0.210938 0.41371
-0.211698 0.414062

-0.21875 0.417224
-0.211922 0.414062

-0.210938 0.413619
-0.203125 0.409892

-0.203125 0.409892
-0.195707 0.40625

-0.1875 0.402135
-0.171875 0.393918

-2.07812 0.443664
-2.0625 0.443602

-2.0625 0.443602
-2.04688 0.443549

-0.164062 0.38964
-0.165866 0.390625

-0.164062 0.389622
-0.15625 0.385249

-0.171875 0.393879
-0.165918 0.390625

-0.148438 0.380784
-0.151971 0.382812

-2.04688 0.443548
-2.03125 0.443507

-2.03125 0.443506
-2.01562 0.443477

-2.01562 0.443478
-2 0.443463

-0.15625 0.385232
-0.152036 0.382812

-0.148438 0.380764
-0.140625 0.376163

-0.140625 0.37618
-0.138664 0.375

-0.109375 0.356553
-0.113716 0.359375

-0.125 0.366606
-0.117188 0.361644

-0.117188 0.361652
-0.113684 0.359375

-0.109375 0.356603
-0.09375 0.346059

-0.0859375 0.34042
-0.0906982 0.34375

-0.078125 0.334994
-0.0794709 0.335938

-0.0859375 0.340557
-0.0794845 0.335938

-0.0625 0.323465
-0.068853 0.328125

-0.078125 0.334968
-0.0703125 0.329237

-0.0703125 0.329028
-0.0690804 0.328125

-0.09375 0.346187
-0.0902005 0.34375

-0.046875 0.311251
-0.0484653 0.3125

-0.046875 0.31121
-0.0390625 0.304897

-0.03125 0.298428
-0.0388075 0.304688

-0.0390625 0.304883
-0.0388227 0.304688

-0.0078125 0.277852
-0.0115985 0.28125

0 0.270915
-0.00277108 0.273438

-0.0078125 0.277973
-0.00278235 0.273438

-0.0234375 0.291768
-0.0294542 0.296875

-0.015625 0.285053
-0.0203016 0.289062

-0.0234375 0.291727
-0.0203015 0.289062

-0.03125 0.298511
-0.0293013 0.296875

-0.015625 0.285131
-0.0112566 0.28125

-0.0625 0.323414
-0.0484895 0.3125

0.25 -0.125484
0.249846 -0.125

0.249864 -0.125
0.244505 -0.109375

0.244515 -0.109375
0.238887 -0.09375

0.234375 -0.0817352
0.232996 -0.078125

0.232984 -0.078125
0.226796 -0.0625

0.238866 -0.09375
0.235946 -0.0859375

0.234375 -0.0819045
0.235916 -0.0859375

0.21875 -0.0432741
0.213523 -0.03125

0.203125 -0.00871643
0.202699 -0.0078125

0.20271 -0.0078125
0.19895 0

0.213526 -0.03125
0.206411 -0.015625

0.203125 -0.00869807
0.206388 -0.015625

0.226562 -0.0619899
0.223567 -0.0546875

0.223572 -0.0546875
0.220295 -0.046875

0.226562 -0.0619053
0.226806 -0.0625

0.21875 -0.0432535
0.220306 -0.046875

0.309301 -0.5
0.30774 -0.4375

0.307746 -0.4375
0.303049 -0.375

0.302855 -0.375
0.299324 -0.34375

0.29933 -0.34375
0.294994 -0.3125

0.295018 -0.3125
0.289821 -0.28125

0.289753 -0.28125
0.286818 -0.265625

0.286826 -0.265625
0.283672 -0.25

0.28125 -0.238961
0.280258 -0.234375

0.280293 -0.234375
0.276683 -0.21875

0.276685 -0.21875
0.272832 -0.203125

0.272833 -0.203125
0.26873 -0.1875

0.283655 -0.25
0.281991 -0.242188

0.28125 -0.238663
0.282024 -0.242188

0.265625 -0.176254
0.26439 -0.171875

0.264376 -0.171875
0.259795 -0.15625

0.268712 -0.1875
0.266566 -0.179688

0.265625 -0.176473
0.266532 -0.179688

0.25 -0.125196
0.259876 -0.15625

0.03125 0.24037
0.0217675 0.25

0.0546875 0.215294
0.0516188 0.21875

0.0625 0.206322
0.0584674 0.210938

0.0546875 0.215361
0.0585502 0.210938

0.0390625 0.232392
0.03721 0.234375

0.046875 0.223555
0.0440652 0.226562

0.0390625 0.232212
0.0443157 0.226562

0.03125 0.240397
0.0370225 0.234375

0.046875 0.224079
0.0517693 0.21875

0.09375 0.168753
0.0913325 0.171875

0.0913478 0.171875
0.0787125 0.1875

0.109375 0.148184
0.10919 0.148438

0.109201 0.148438
0.103369 0.15625

0.125 0.126396
0.114939 0.140625

0.109375 0.148193
0.114905 0.140625

0.101562 0.158591
0.0973829 0.164062

0.09375 0.168731
0.0973751 0.164062

0.101562 0.158698
0.103396 0.15625

0.0703125 0.19744
0.0654596 0.203125

0.078125 0.188139
0.0721212 0.195312

0.0703125 0.197464
0.0721129 0.195312

0.0625 0.206726
0.0656338 0.203125

0.078125 0.188273
0.0787644 0.1875

0.1875 0.0227067
0.183046 0.03125

0.171875 0.0515382
0.170101 0.0546875

0.170104 0.0546875
0.165618 0.0625

0.183049 0.03125
0.17453 0.046875

0.171875 0.0515447
0.174505 0.046875

0.15625 0.0783316
0.146679 0.09375

0.140625 0.103121
0.136529 0.109375

0.132812 0.114933
0.131317 0.117188

0.131291 0.117188
0.12595 0.125

0.132812 0.114911
0.13652 0.109375

0.146648 0.09375
0.141637 0.101562

0.140625 0.103107
0.141615 0.101562

0.16565 0.0625
0.156373 0.078125

0.15625 0.0783372
0.156376 0.078125

0.195312 0.00738371
0.195101 0.0078125

0.195103 0.0078125
0.191167 0.015625

0.195312 0.0073865
0.19895 0

0.1875 0.0227453
0.191169 0.015625

0.125 0.126434
0.125985 0.125

0.0078125 0.263619
0.00568704 0.265625

0.015625 0.255928
0.0136936 0.257812

0.0078125 0.263544
0.0138115 0.257812

0 0.270828
0.00557434 0.265625

0.015625 0.255992
0.0217267 0.25

3.99805 -0.5
3.99949 -0.492188

3.99582 -0.492188
4 -0.488657

