-1.09375 0.434446
-1.08594 0.433888

-1.08594 0.433888
-1.07812 0.433333

-1.07812 0.433333
-1.07031 0.432784

-1.07031 0.432784
-1.0625 0.432238

-2 0.479287
-1.99219 0.479402

-1.99219 0.479402
-1.98438 0.479511

-1.98438 0.479511
-1.97656 0.479616

-1.97656 0.479616
-1.96875 0.479715

-1.96875 0.479715
-1.96094 0.479808

-3 0.4678
-2.98438 0.468235

-2.98438 0.468234
-2.96875 0.468631

-2.96875 0.468626
-2.96339 0.46875

-2.96385 0.46875
-2.96094 0.468819

-2.96094 0.468813
-2.95312 0.468989

-2.95312 0.468989
-2.94531 0.469157

-2.94531 0.469157
-2.9375 0.469316

-2.9375 0.469316
-2.92969 0.469468

-2.92969 0.469468
-2.92188 0.469611

-2.92188 0.469611
-2.91406 0.469745

-2.91406 0.469745
-2.90625 0.469873

-2.90625 0.469872
-2.89844 0.469992

-2.89844 0.469992
-2.89062 0.470104

-2.89062 0.470104
-2.88281 0.470209

-2.88281 0.470209
-2.875 0.470307

-2.875 0.470306
-2.86719 0.470398

-2.86719 0.470398
-2.85938 0.470483

-2.85938 0.470483
-2.85156 0.470562

-2.85156 0.470562
-2.84375 0.470636

-2.84375 0.470636
-2.83594 0.470705

-2.83594 0.470705
-2.82812 0.47077

-2.82812 0.470769
-2.82031 0.47083

-2.82031 0.470829
-2.8125 0.470886

-2.8125 0.470886
-2.80469 0.470938

-2.80469 0.470938
-2.79688 0.470988

-2.79688 0.470987
-2.78906 0.471034

-2.78906 0.471034
-2.78125 0.471077

-2.78125 0.471077
-2.77344 0.471117

-2.77344 0.471117
-2.76562 0.471155

-2.76562 0.471155
-2.75781 0.471191

-2.75781 0.47119
-2.75 0.471224

-2.75 0.471224
-2.74219 0.471255

-2.74219 0.471255
-2.73438 0.471284

-4 0.410327
-3.96875 0.410455

-3.96875 0.410464
-3.9375 0.410832

-3.9375 0.410836
-3.90625 0.411417

-3.90625 0.411404
-3.875 0.412215

-2.73438 0.471283
-2.72656 0.471311

-3.875 0.412238
-3.85938 0.412737

-3.85938 0.412736
-3.84375 0.413286

-3.84375 0.413287
-3.82812 0.413887

-2.72656 0.471311
-2.71875 0.471336

-1.0625 0.432238
-1.05469 0.431697

-3.82812 0.413887
-3.8125 0.414537

-3.8125 0.414537
-3.79688 0.415236

-1.05469 0.431697
-1.04688 0.431161

-1.04688 0.431161
-1.03906 0.430629

-2.71875 0.471336
-2.71094 0.47136

-2.71094 0.47136
-2.70312 0.471383

-2.70312 0.471383
-2.69531 0.471405

-3.79688 0.415236
-3.78125 0.415984

-3.78125 0.415985
-3.76562 0.41678

-3.76562 0.416781
-3.75 0.417621

-1.03906 0.430629
-1.03125 0.430103

-1.96094 0.479808
-1.95312 0.479896

-1.95312 0.479896
-1.94531 0.479978

-1.02344 0.429667
-1.02374 0.429688

-1.03125 0.430089
-1.02524 0.429688

-1.94531 0.479978
-1.9375 0.480053

-3.75 0.417622
-3.73438 0.418503

-1.9375 0.480053
-1.92969 0.480122

-3.73438 0.418503
-3.71875 0.419422

-2.69531 0.471405
-2.6875 0.471427

-3.71875 0.419422
-3.70312 0.420377

-2.6875 0.471427
-2.67969 0.471448

-2.67969 0.471448
-2.67188 0.471469

-3.70312 0.420378
-3.6875 0.421368

-1.92969 0.480122
-1.92188 0.480184

-3.6875 0.421379
-3.67992 0.421875

-3.67961 0.421875
-3.67188 0.422382

-3.67188 0.422392
-3.65625 0.423447

-3.65625 0.423447
-3.64062 0.424536

-1.02344 0.429581
-1.01562 0.429064

-1.01562 0.429064
-1.00781 0.42855

-2.67188 0.471469
-2.66406 0.471489

-1.00781 0.42855
-1 0.428039

-1.92188 0.480184
-1.91406 0.480239

-3.64062 0.424537
-3.625 0.425659

-2.66406 0.471489
-2.65625 0.471509

-3.625 0.425661
-3.61719 0.426234

-2.65625 0.471509
-2.64844 0.471529

-2.64844 0.471529
-2.64062 0.471548

-2.64062 0.471548
-2.63281 0.471567

-3.61719 0.426234
-3.60938 0.426813

-2.63281 0.471567
-2.625 0.471586

-1.91406 0.480239
-1.90625 0.480286

-1.90625 0.480286
-1.89844 0.480326

-1.89844 0.480326
-1.89062 0.480357

-3.60938 0.426814
-3.60156 0.4274

-3.60156 0.4274
-3.59375 0.427992

-3.59375 0.427992
-3.58594 0.428589

-3.58594 0.42859
-3.57812 0.429191

-3.57812 0.42919
-3.5717 0.429688

-1 0.428039
-0.992188 0.427532

-2.625 0.471586
-2.61719 0.471606

-0.992188 0.427532
-0.984375 0.427029

-2.61719 0.471606
-2.60938 0.471625

-3.57172 0.429688
-3.57031 0.429796

-1.89062 0.480357
-1.88281 0.48038

-3.57031 0.429796
-3.5625 0.430404

-2.60938 0.471625
-2.60156 0.471644

-3.5625 0.430403
-3.54688 0.431631

-2.60156 0.471644
-2.59375 0.471664

-2.59375 0.471664
-2.58594 0.471684

-0.984375 0.427029
-0.976562 0.426529

-0.976562 0.426529
-0.96875 0.426032

-0.96875 0.426032
-0.960938 0.425537

-0.960938 0.425538
-0.953125 0.425045

-0.953125 0.425045
-0.945312 0.424555

-0.945312 0.424555
-0.9375 0.424067

-0.9375 0.424067
-0.929688 0.42358

-0.929688 0.42358
-0.921875 0.423096

-0.921875 0.423096
-0.914062 0.422612

-0.914062 0.422613
-0.90625 0.42213

-0.898438 0.421659
-0.901943 0.421875

-0.898438 0.42165
-0.890625 0.421169

-0.90625 0.422122
-0.902237 0.421875

-0.890625 0.421169
-0.882812 0.420687

-0.882812 0.420688
-0.875 0.420205

-0.875 0.420205
-0.867188 0.41972

-0.867188 0.41972
-0.859375 0.419234

-0.859375 0.419235
-0.84375 0.418256

-0.84375 0.418255
-0.828125 0.417265

-0.828125 0.417266
-0.8125 0.416264

-0.8125 0.416262
-0.796875 0.415247

-0.796875 0.415247
-0.78125 0.414222

-0.78125 0.414234
-0.75 0.412118

-0.75 0.412116
-0.71875 0.409912

-0.71875 0.409931
-0.6875 0.407606

-0.65625 0.405114
-0.670328 0.40625

-0.6875 0.407605
-0.670479 0.40625

-0.65625 0.405115
-0.640625 0.403807

-0.640625 0.403807
-0.625 0.402447

-0.625 0.402464
-0.59375 0.399568

-0.59375 0.399558
-0.578125 0.398019

-0.578125 0.398014
-0.570312 0.397218

-0.570312 0.397218
-0.5625 0.396405

-2.58594 0.471684
-2.57812 0.471704

-0.5625 0.396405
-0.554688 0.395572

-2.57812 0.471704
-2.57031 0.471725

-0.554688 0.395573
-0.546875 0.39472

-3.54688 0.431633
-3.53125 0.432873

-3.53125 0.432874
-3.51562 0.434122

-3.51562 0.434122
-3.5 0.435375

-2.57031 0.471725
-2.5625 0.471747

-2.5625 0.471747
-2.55469 0.471769

-2.55469 0.471769
-2.54688 0.471793

-0.546875 0.39472
-0.539062 0.393846

-0.539062 0.393846
-0.53125 0.392951

-2.54688 0.471793
-2.53906 0.471818

-2.53906 0.471818
-2.53125 0.471845

-0.53125 0.392951
-0.523438 0.392033

-0.523438 0.392032
-0.515625 0.391094

-2.53125 0.471845
-2.52344 0.471873

-2.52344 0.471873
-2.51562 0.471903

-2.51562 0.471903
-2.50781 0.471935

-2.50781 0.471935
-2.5 0.471969

-0.5 0.38915
-0.511802 0.390625

-0.515625 0.391103
-0.511797 0.390625

-1.88281 0.48038
-1.875 0.480393

-1.875 0.480393
-1.86719 0.480398

-1.86719 0.480398
-1.85938 0.480393

-1.85938 0.480393
-1.85156 0.480378

-1.85156 0.480378
-1.84375 0.480353

-1.84375 0.480353
-1.83594 0.480317

-3.5 0.435376
-3.48438 0.436631

-3.48438 0.436629
-3.47353 0.4375

-1.83594 0.480317
-1.82812 0.480271

-1.82812 0.480271
-1.82031 0.480214

-3.47366 0.4375
-3.46875 0.437894

-0.398438 0.373818
-0.405262 0.375

-0.398438 0.373821
-0.390625 0.372436

-0.390625 0.372437
-0.382812 0.371018

-1.82031 0.480214
-1.8125 0.480146

-1.8125 0.480146
-1.80469 0.480067

-1.80469 0.480067
-1.79688 0.479976

-0.382812 0.371018
-0.375 0.369563

-2.5 0.471969
-2.49219 0.472006

-0.5 0.38915
-0.484375 0.387094

-3.46875 0.437888
-3.45312 0.439139

-1.79688 0.479976
-1.78906 0.479874

-2.49219 0.472006
-2.48438 0.472045

-3.45312 0.43914
-3.4375 0.440385

-2.48438 0.472045
-2.47656 0.472086

-3.4375 0.440385
-3.42188 0.441623

-2.47656 0.472086
-2.46875 0.472131

-0.484375 0.387096
-0.46875 0.384934

-1.78906 0.479874
-1.78125 0.479761

-0.46875 0.384926
-0.460938 0.383805

-1.78125 0.479761
-1.77344 0.479635

-0.453125 0.382661
-0.454156 0.382812

-3.42188 0.441622
-3.40625 0.442852

-0.460938 0.383805
-0.454183 0.382812

-3.40625 0.442852
-3.39062 0.444074

-2.46875 0.47213
-2.46094 0.472178

-3.39062 0.444075
-3.375 0.445288

-1.77344 0.479635
-1.76562 0.479498

-0.453125 0.382658
-0.445312 0.381482

-0.445312 0.381483
-0.4375 0.380279

-2.46094 0.472178
-2.45312 0.472228

-0.4375 0.380279
-0.429688 0.379046

-1.76562 0.479498
-1.75781 0.479348

-3.375 0.445288
-3.35938 0.446491

-1.75781 0.479348
-1.75 0.479186

-2.45312 0.472228
-2.44531 0.472281

-3.35938 0.446491
-3.34375 0.447686

-0.429688 0.379044
-0.421875 0.377784

-3.34375 0.447685
-3.32812 0.448872

-0.421875 0.377794
-0.40625 0.375181

-0.40625 0.375182
-0.405211 0.375

-2.44531 0.472281
-2.4375 0.472338

-1.75 0.479186
-1.74219 0.479012

-3.32812 0.448872
-3.3125 0.450053

-1.74219 0.479012
-1.73438 0.478825

-0.375 0.369563
-0.367188 0.368072

-3.3125 0.450053
-3.30469 0.450641

-3.30469 0.450641
-3.29688 0.451228

-2.4375 0.472338
-2.42969 0.472398

-2.42969 0.472398
-2.42188 0.47246

-0.359375 0.366529
-0.36274 0.367188

-0.367188 0.368082
-0.362617 0.367188

-1.73438 0.478825
-1.72656 0.478626

-1.72656 0.478626
-1.71875 0.478413

-3.29688 0.451228
-3.28906 0.451811

-3.28906 0.451812
-3.28125 0.452392

-2.42188 0.47246
-2.41406 0.472526

-2.41406 0.472526
-2.40625 0.472596

-0.359375 0.366543
-0.351562 0.364977

-0.351562 0.364976
-0.34375 0.363373

-1.71875 0.478413
-1.71094 0.478188

-0.34375 0.363373
-0.335938 0.361733

-1.71094 0.478188
-1.70312 0.477951

-3.28125 0.452392
-3.27344 0.452969

-2.40625 0.472596
-2.39844 0.472669

-3.27344 0.452957
-3.27115 0.453125

-0.335938 0.361731
-0.328125 0.360058

-1.70312 0.477951
-1.69531 0.4777

-0.3125 0.356596
-0.32501 0.359375

-2.39844 0.472669
-2.39062 0.472744

-3.27137 0.453125
-3.26562 0.453547

-2.39062 0.472744
-2.38281 0.472824

-1.69531 0.4777
-1.6875 0.477436

-0.328125 0.36009
-0.324907 0.359375

-1.6875 0.477436
-1.67969 0.477159

-0.3125 0.3566
-0.296875 0.352962

-2.38281 0.472824
-2.375 0.472907

-0.296875 0.352962
-0.28125 0.349154

-1.67969 0.477159
-1.67188 0.476869

-3.26562 0.453544
-3.25 0.454672

-0.25 0.341007
-0.260296 0.34375

-0.28125 0.349143
-0.273438 0.347175

-0.273438 0.347172
-0.265625 0.345168

-0.265625 0.345197
-0.260141 0.34375

-1.67188 0.476869
-1.66406 0.476565

-3.25 0.454672
-3.23438 0.455775

-2.375 0.472907
-2.36719 0.472993

-3.23438 0.455777
-3.21875 0.456853

-3.21875 0.456852
-3.20312 0.457899

0 0.244001
-0.0117018 0.25

-3.20312 0.457901
-3.1875 0.458915

-1.65625 0.476248
-1.66399 0.476562

-0.25 0.341015
-0.234375 0.336661

-1.65625 0.476248
-1.64844 0.475918

-0.234375 0.336666
-0.21875 0.332118

-1.64844 0.475918
-1.64062 0.475574

-2.36719 0.472993
-2.35938 0.473083

-1.64062 0.475574
-1.63281 0.475215

-3.1875 0.458916
-3.17188 0.459894

-2.35938 0.473083
-2.35156 0.473176

-0.21875 0.332175
-0.1875 0.322439

-3.17188 0.459894
-3.15625 0.460835

-1.63281 0.475215
-1.625 0.474843

-2.35156 0.473176
-2.34375 0.473273

-0.15625 0.311702
-0.158599 0.3125

-3.15625 0.460836
-3.14062 0.461739

-0.15625 0.311839
-0.125 0.300306

-2.34375 0.473273
-2.33594 0.473372

-0.1875 0.322462
-0.15818 0.3125

-2.33594 0.473372
-2.32812 0.473474

-3.14062 0.461738
-3.125 0.462605

-2.32812 0.473474
-2.32031 0.473579

-2.32031 0.473579
-2.3125 0.473686

-0.125 0.300323
-0.09375 0.287829

-3.125 0.462609
-3.10938 0.463431

-3.10938 0.463428
-3.09375 0.464203

-3.09375 0.464205
-3.07812 0.464935

-3.07812 0.464935
-3.0625 0.465616

-2.3125 0.473686
-2.30469 0.473797

-2.30469 0.473797
-2.29688 0.47391

-0.078125 0.28115
-0.0783614 0.28125

-0.078125 0.281152
-0.0625 0.27428

-1.625 0.474843
-1.61719 0.474457

-1.61719 0.474457
-1.60938 0.474057

-3.0625 0.46562
-3.04688 0.466247

-3.04688 0.466246
-3.03125 0.466814

-2.29688 0.47391
-2.28906 0.474026

-2.28906 0.474026
-2.28125 0.474146

-0.09375 0.28776
-0.0783798 0.28125

-2.28125 0.474146
-2.27344 0.474269

-0.0625 0.274281
-0.046875 0.267135

-1.60938 0.474057
-1.60156 0.473643

-0.03125 0.259725
-0.0436624 0.265625

-2.27344 0.474269
-2.26562 0.474395

-3.03125 0.466811
-3.01562 0.467328

-1.60156 0.473643
-1.59375 0.473215

-3.01562 0.467327
-3 0.467801

-0.046875 0.267079
-0.0438161 0.265625

-1.59375 0.473215
-1.58594 0.472773

-0.0234375 0.255877
-0.0273896 0.257812

-1.58594 0.472773
-1.57812 0.472318

-2.26562 0.474395
-2.25781 0.474525

-1.57812 0.472318
-1.57031 0.47185

-1.57031 0.47185
-1.5625 0.471369

-0.03125 0.259684
-0.027429 0.257812

-1.5625 0.471369
-1.55469 0.470876

-1.55469 0.470876
-1.54688 0.47037

-2.25781 0.474525
-2.25 0.474657

-1.54688 0.47037
-1.53906 0.469852

-0.0234375 0.255874
-0.015625 0.251985

-0.015625 0.25199
-0.011701 0.25

-1.53906 0.469852
-1.53125 0.469323

-2.25 0.474657
-2.24219 0.474792

-2.24219 0.474792
-2.23438 0.474929

-2.23438 0.474929
-2.22656 0.475069

-2.22656 0.475069
-2.21875 0.475211

-1.51562 0.468235
-1.52294 0.46875

0.489813 -0.5
0.489763 -0.492188

-2.21875 0.475211
-2.21094 0.475356

-2.21094 0.475356
-2.20312 0.475502

0.48976 -0.492188
0.489618 -0.484375

0.489635 -0.484375
0.489111 -0.46875

0.489211 -0.46875
0.487134 -0.4375

-2.20312 0.475502
-2.19531 0.475651

0.487448 -0.4375
0.479266 -0.375

-2.19531 0.475651
-2.1875 0.4758

-1.51562 0.468234
-1.50781 0.467673

-1.50781 0.467673
-1.5 0.467103

-1.53125 0.469323
-1.52344 0.468784

-2.1875 0.4758
-2.17969 0.475951

-2.17969 0.475951
-2.17188 0.476103

0.46875 -0.326448
0.465248 -0.3125

0.478979 -0.375
0.472862 -0.34375

0.472747 -0.34375
0.469154 -0.328125

0.46875 -0.326617
0.469129 -0.328125

0.465244 -0.3125
0.460966 -0.296875

-2.17188 0.476103
-2.16406 0.476256

-2.16406 0.476256
-2.15625 0.47641

0.460966 -0.296875
0.456336 -0.28125

0.453125 -0.271216
0.451347 -0.265625

-2.15625 0.47641
-2.14853 0.476562

-2.14853 0.476562
-2.14844 0.476564

0.45137 -0.265625
0.446056 -0.25

0.45631 -0.28125
0.453865 -0.273438

-2.14844 0.476564
-2.14062 0.476719

-2.14062 0.476719
-2.13281 0.476873

0.453125 -0.27108
0.453886 -0.273438

-1.5 0.467102
-1.49219 0.466523

-2.13281 0.476873
-2.125 0.477028

0.3125 -0.00915418
0.305258 0

0.375 -0.0996525
0.371478 -0.09375

-1.49219 0.466522
-1.48438 0.465934

0.351562 -0.062683
0.351443 -0.0625

-2.125 0.477028
-2.11719 0.477182

0.359375 -0.0746912
0.356541 -0.0703125

-1.48438 0.465934
-1.47656 0.465338

-1.47656 0.465338
-1.46875 0.464734

-2.11719 0.477182
-2.10938 0.477336

-1.46875 0.464734
-1.46094 0.464124

0.351562 -0.0627061
0.3566 -0.0703125

-1.46094 0.464123
-1.45312 0.463506

-2.10938 0.477336
-2.10156 0.477489

-1.45312 0.463506
-1.44531 0.462883

0.37145 -0.09375
0.361687 -0.078125

-1.44531 0.462883
-1.4375 0.462254

-2.10156 0.477489
-2.09375 0.47764

-2.09375 0.477641
-2.08594 0.477791

-1.4375 0.462254
-1.42969 0.46162

-2.08594 0.477791
-2.07812 0.47794

0.359375 -0.0745017
0.36172 -0.078125

-1.42969 0.46162
-1.42188 0.460982

0.34375 -0.0512471
0.340711 -0.046875

0.335938 -0.0402926
0.335069 -0.0390625

-1.41406 0.460341
-1.42131 0.460938

-1.41406 0.460339
-1.40625 0.459693

-2.07812 0.47794
-2.07031 0.478087

-2.07031 0.478087
-2.0625 0.478231

0.335136 -0.0390625
0.329438 -0.03125

0.335938 -0.0401721
0.34071 -0.046875

-1.40625 0.459692
-1.39844 0.459042

-1.39844 0.459042
-1.39062 0.458389

-2.0625 0.478231
-2.05469 0.478374

-2.05469 0.478374
-2.04688 0.478514

0.320312 -0.019345
0.317521 -0.015625

0.328125 -0.0296444
0.323487 -0.0234375

0.320312 -0.0189875
0.323694 -0.0234375

0.3125 -0.00908755
0.317631 -0.015625

-2.04688 0.478514
-2.03906 0.478651

0.328125 -0.0290002
0.329773 -0.03125

-1.39062 0.458389
-1.38281 0.457733

-2.03906 0.478652
-2.03125 0.478786

-1.38281 0.457733
-1.375 0.457076

0.34375 -0.0512766
0.35146 -0.0625

-1.375 0.457076
-1.36719 0.456418

-1.36719 0.456418
-1.35938 0.455758

0.4375 -0.226936
0.434327 -0.21875

0.421875 -0.189331
0.421075 -0.1875

0.434325 -0.21875
0.427884 -0.203125

0.421875 -0.189373
0.427885 -0.203125

-2.03125 0.478786
-2.02344 0.478917

-2.02344 0.478917
-2.01562 0.479044

-2.01562 0.479044
-2.00781 0.479168

-2.00781 0.479168
-2 0.479287

0.390625 -0.126537
0.389789 -0.125

0.406234 -0.15625
0.398187 -0.140625

0.390625 -0.126746
0.398173 -0.140625

0.421059 -0.1875
0.413838 -0.171875

0.40625 -0.156311
0.413839 -0.171875

0.445312 -0.248041
0.443221 -0.242188

-1.35938 0.455758
-1.35156 0.455097

-1.35156 0.455097
-1.34375 0.454436

0.443242 -0.242188
0.440359 -0.234375

0.445312 -0.247852
0.44608 -0.25

0.4375 -0.226874
0.440361 -0.234375

0.389676 -0.125
0.380756 -0.109375

-1.34375 0.454436
-1.33594 0.453776

-1.33594 0.453775
-1.32824 0.453125

-1.32812 0.453115
-1.32031 0.452455

-1.32031 0.452455
-1.3125 0.451796

0.380728 -0.109375
0.376119 -0.101562

-1.3125 0.451796
-1.30469 0.451137

-1.30469 0.451137
-1.29688 0.45048

-1.29688 0.45048
-1.28906 0.449824

0.375 -0.0999608
0.375961 -0.101562

-1.28906 0.449824
-1.28125 0.44917

-1.28125 0.44917
-1.27344 0.448517

-1.27344 0.448517
-1.26562 0.447867

-1.26562 0.447867
-1.25781 0.447219

-1.25781 0.447219
-1.25 0.446573

0 0.243998
0.015625 0.23567

0.03125 0.227024
0.0179729 0.234375

0.015625 0.235659
0.0179486 0.234375

-1.25 0.446573
-1.24219 0.445931

-1.24219 0.44593
-1.23464 0.445312

-1.23438 0.445291
-1.22656 0.444654

-1.22656 0.444654
-1.21875 0.44402

-1.21875 0.44402
-1.21094 0.443389

-1.21094 0.443388
-1.20312 0.44276

-1.20312 0.44276
-1.19531 0.442136

-1.19531 0.442136
-1.1875 0.441516

0.046875 0.218033
0.045621 0.21875

-1.13281 0.437429
-1.13376 0.4375

-1.13281 0.437304
-1.125 0.436723

0.046875 0.218042
0.0625 0.208711

0.03125 0.227025
0.0456395 0.21875

-1.1875 0.441516
-1.17969 0.440899

-1.17969 0.440899
-1.17188 0.440287

-1.17188 0.440287
-1.16406 0.43968

-1.16406 0.43968
-1.15625 0.439077

-1.15625 0.439077
-1.14844 0.43848

-1.14844 0.43848
-1.14062 0.437889

-1.14062 0.437843
-1.13605 0.4375

0.109375 0.178511
0.0959736 0.1875

-1.125 0.436723
-1.11719 0.436147

0.125 0.167564
0.118878 0.171875

0.109375 0.178472
0.117188 0.173064

0.117188 0.173056
0.118911 0.171875

0.078125 0.199009
0.0715404 0.203125

-1.11719 0.436148
-1.10938 0.435576

-1.10938 0.435576
-1.10156 0.435009

0.0625 0.208685
0.0703125 0.20389

0.0703125 0.203901
0.0715763 0.203125

-1.10156 0.435009
-1.09375 0.434446

0.0859375 0.194013
0.0838875 0.195312

0.078125 0.199017
0.083933 0.195312

0.0859375 0.194028
0.09375 0.188944

0.09375 0.18889
0.0959009 0.1875

0.1875 0.11926
0.180484 0.125

0.25 0.0614264
0.248941 0.0625

0.21875 0.0916561
0.216465 0.09375

0.203125 0.105759
0.198929 0.109375

0.195312 0.112551
0.189846 0.117188

0.1875 0.119264
0.189974 0.117188

0.195312 0.112579
0.199051 0.109375

0.210938 0.0988032
0.207832 0.101562

0.203125 0.105744
0.207909 0.101562

0.210938 0.0988053
0.216552 0.09375

0.234375 0.0769702
0.233177 0.078125

0.226562 0.0843774
0.224904 0.0859375

0.21875 0.091698
0.224959 0.0859375

0.226562 0.0843868
0.233146 0.078125

0.234375 0.0769886
0.249037 0.0625

0.15625 0.144432
0.140641 0.15625

0.125 0.167602
0.140625 0.156254

0.164062 0.138296
0.161043 0.140625

0.171875 0.132072
0.170947 0.132812

0.164062 0.138302
0.170953 0.132812

0.15625 0.144399
0.161101 0.140625

0.171875 0.132078
0.179688 0.125718

0.179688 0.125762
0.180616 0.125

0.28125 0.0280068
0.278366 0.03125

0.265625 0.0451568
0.264013 0.046875

0.25 0.0615116
0.264117 0.046875

0.273438 0.0367046
0.271289 0.0390625

0.265625 0.0452573
0.271357 0.0390625

0.273438 0.036838
0.278453 0.03125

0.296875 0.00994822
0.292118 0.015625

0.289062 0.0190884
0.285336 0.0234375

0.28125 0.028209
0.285413 0.0234375

0.289062 0.0193297
0.29222 0.015625

0.304688 0.000611433
0.298749 0.0078125

0.296875 0.0102435
0.298901 0.0078125

0.304688 0.000826242
0.305357 0

3.99805 -0.5
3.99949 -0.492188

3.99582 -0.492188
4 -0.488657

