-1 0.472607
-0.992188 0.472722

-4 0.486774
-3.99219 0.486772

-3.99219 0.486772
-3.98438 0.486766

-3.98438 0.486766
-3.97656 0.486755

-3.97656 0.486756
-3.96875 0.48674

-0.992188 0.472722
-0.984375 0.472847

-3.96875 0.486741
-3.96094 0.48672

-0.984375 0.472847
-0.976562 0.47298

-0.976562 0.47298
-0.96875 0.473122

-3 0.462809
-2.99219 0.462412

-2 0.443285
-1.99219 0.443636

-3.96094 0.48672
-3.95312 0.486693

-1.99219 0.443636
-1.98438 0.443995

-0.96875 0.473121
-0.960938 0.473273

-0.960938 0.473273
-0.953125 0.473436

-0.953125 0.473436
-0.945312 0.473608

-1.98438 0.443995
-1.97656 0.444363

-1.97656 0.444363
-1.96875 0.444739

-2.99219 0.462412
-2.98438 0.462

-1.96875 0.444739
-1.96094 0.445124

-0.945312 0.473608
-0.9375 0.473789

-2.98438 0.462
-2.97656 0.461575

-2.97656 0.461574
-2.96875 0.461136

-3.95312 0.486693
-3.94531 0.486659

-0.9375 0.473789
-0.929688 0.47398

-3.94531 0.486659
-3.9375 0.486621

-1.96094 0.44517
-1.9581 0.445312

-0.929688 0.47398
-0.921875 0.47418

-2.96875 0.461141
-2.95312 0.460224

-0.921875 0.47418
-0.914062 0.47439

-1.95636 0.445312
-1.95312 0.445475

-0.914062 0.474389
-0.90625 0.47461

-0.90625 0.47461
-0.898438 0.474842

-0.898438 0.474842
-0.890625 0.475087

-0.890625 0.475087
-0.882812 0.475343

-0.882812 0.475343
-0.875 0.475609

-0.875 0.475609
-0.867188 0.475886

-0.867188 0.475886
-0.859375 0.476174

-0.859375 0.476174
-0.851562 0.476473

-0.851562 0.476488
-0.849695 0.476562

-0.84919 0.476562
-0.84375 0.47678

-0.84375 0.476785
-0.835938 0.47711

-0.835938 0.47711
-0.828125 0.477447

-0.828125 0.477447
-0.820312 0.477796

-0.820312 0.477796
-0.8125 0.478159

-0.8125 0.478159
-0.804688 0.478535

-0.804688 0.478535
-0.796875 0.478924

-0.796875 0.478925
-0.789062 0.479325

-0.789062 0.479326
-0.78125 0.479736

-3.9375 0.486621
-3.92969 0.486576

-3.92969 0.486576
-3.92188 0.486526

-3.92188 0.486526
-3.91406 0.486469

-3.91406 0.486469
-3.90625 0.486408

-3.90625 0.486407
-3.89844 0.486341

-3.89844 0.486341
-3.89062 0.486272

-3.89062 0.486271
-3.88281 0.486198

-3.88281 0.486198
-3.875 0.486121

-3.875 0.486121
-3.86719 0.48604

-3.86719 0.48604
-3.85938 0.485955

-3.85938 0.485955
-3.85156 0.485866

-3.85156 0.485866
-3.84375 0.485771

-3.84375 0.485771
-3.83594 0.485672

-3.83594 0.485672
-3.82812 0.485568

-3.82812 0.485568
-3.82031 0.485461

-3.82031 0.485461
-3.8125 0.485352

-3.8125 0.485353
-3.80469 0.48524

-3.80469 0.48524
-3.79688 0.485123

-3.79688 0.485124
-3.78906 0.485001

-3.78906 0.485001
-3.78125 0.484872

-3.78125 0.484873
-3.77344 0.484736

-3.77344 0.484736
-3.76562 0.484592

-3.75 0.484281
-3.75458 0.484375

-3.76562 0.484592
-3.75781 0.48444

-3.75781 0.484439
-3.75471 0.484375

-3.75 0.48428
-3.74219 0.484109

-3.74219 0.484109
-3.73438 0.483926

-3.73438 0.483926
-3.72656 0.483731

-3.72656 0.483731
-3.71875 0.483522

-3.71875 0.48352
-3.71094 0.483301

-3.71094 0.4833
-3.70312 0.483073

-3.70312 0.483072
-3.69531 0.482839

-3.69531 0.482839
-3.6875 0.482601

-3.6875 0.482601
-3.67969 0.482359

-3.67969 0.482359
-3.67188 0.482114

-3.67188 0.482114
-3.66406 0.481865

-3.66406 0.481865
-3.65625 0.481613

-3.65625 0.481613
-3.64844 0.481358

-3.64844 0.481358
-3.64062 0.481101

-3.64062 0.481101
-3.63281 0.480841

-3.63281 0.480841
-3.625 0.480578

-3.625 0.480577
-3.61719 0.480311

-3.61719 0.480311
-3.60938 0.480042

-3.60938 0.480042
-3.60156 0.479772

-3.60156 0.479772
-3.59375 0.4795

-3.59375 0.4795
-3.58594 0.479226

-3.58594 0.479226
-3.57812 0.478951

-3.57812 0.478951
-3.57031 0.478674

-3.57031 0.478674
-3.5625 0.478395

-3.5625 0.478395
-3.55469 0.478114

-3.55469 0.478114
-3.54688 0.47783

-3.54688 0.47783
-3.53906 0.477546

-3.53906 0.477545
-3.53125 0.477261

-3.53125 0.477262
-3.52344 0.476978

-3.52344 0.476978
-3.51562 0.476694

-3.50781 0.476429
-3.51149 0.476562

-3.51562 0.476672
-3.51262 0.476562

-3.50781 0.47641
-3.5 0.476127

-0.78125 0.479736
-0.773438 0.480157

-0.773438 0.480157
-0.765625 0.480587

-0.765625 0.480587
-0.757812 0.481026

-0.757812 0.481026
-0.75 0.481473

-1.95312 0.445517
-1.94531 0.445917

-1.94531 0.445917
-1.9375 0.446325

-1.9375 0.446325
-1.92969 0.44674

-1.92969 0.44674
-1.92188 0.447162

-1.92188 0.447163
-1.91406 0.447592

-1.91406 0.447592
-1.90625 0.448027

-1.90625 0.448028
-1.89844 0.448468

-1.89844 0.448468
-1.89062 0.448913

-0.75 0.481474
-0.742188 0.481927

-0.742188 0.481927
-0.734375 0.482386

-0.734375 0.482386
-0.726562 0.48285

-0.726562 0.48285
-0.71875 0.483316

-0.71875 0.483316
-0.710938 0.483785

-0.710938 0.483785
-0.703125 0.484255

-0.703125 0.484368
-0.703013 0.484375

-0.700774 0.484375
-0.695312 0.484703

-2.95312 0.460218
-2.9375 0.459255

-1.89062 0.448913
-1.88281 0.449363

-1.88281 0.449363
-1.875 0.449816

-2.9375 0.45925
-2.92188 0.458262

-2.92188 0.458261
-2.90625 0.45726

-2.90625 0.457254
-2.89062 0.456256

-1.875 0.449816
-1.86719 0.450274

-0.695312 0.484725
-0.6875 0.485195

-2.89062 0.456256
-2.875 0.455272

-1.86719 0.450274
-1.85938 0.450735

-1.85938 0.450735
-1.85156 0.4512

-0.6875 0.485195
-0.679688 0.485664

-2.875 0.45527
-2.86719 0.454783

-1.85156 0.4512
-1.84375 0.45167

-0.679688 0.485664
-0.671875 0.486131

-1.84375 0.451672
-1.82812 0.452617

-3.5 0.476126
-3.49219 0.475845

-3.49219 0.475845
-3.48438 0.475565

-3.48438 0.475565
-3.47656 0.475287

-3.47656 0.475286
-3.46875 0.475011

-3.46875 0.475011
-3.46094 0.474739

-3.46094 0.474739
-3.45312 0.474472

-3.45312 0.474471
-3.44531 0.474209

-3.44531 0.474208
-3.4375 0.473951

-1.82812 0.452618
-1.82031 0.453092

-3.4375 0.473951
-3.42969 0.473699

-3.42969 0.473699
-3.42188 0.473453

-3.42188 0.473453
-3.41406 0.473211

-3.41406 0.473211
-3.40625 0.472974

-3.40625 0.472975
-3.39844 0.472742

-3.39844 0.472742
-3.39062 0.472513

-3.39062 0.472512
-3.38281 0.472288

-3.38281 0.472288
-3.375 0.472069

-3.375 0.472069
-3.36719 0.471856

-3.36719 0.471856
-3.35938 0.471648

-3.35938 0.471648
-3.35156 0.471446

-3.35156 0.471446
-3.34375 0.471249

-3.34375 0.471249
-3.33594 0.471057

-3.33594 0.471057
-3.32812 0.470869

-3.32812 0.47087
-3.32031 0.470685

-3.32031 0.470685
-3.3125 0.470504

-3.3125 0.470503
-3.30469 0.470326

-3.30469 0.470326
-3.29688 0.470155

-3.29688 0.470155
-3.28906 0.469989

-3.28906 0.469989
-3.28125 0.46983

-3.28125 0.46983
-3.27344 0.469676

-3.27344 0.469676
-3.26562 0.469527

-3.26562 0.469527
-3.25781 0.469382

-3.25781 0.469382
-3.25 0.46924

-3.21875 0.468694
-3.22193 0.46875

-3.25 0.46924
-3.24219 0.4691

-3.24219 0.4691
-3.23438 0.468962

-3.23438 0.468962
-3.22656 0.468827

-3.22656 0.468825
-3.22225 0.46875

-3.21875 0.468691
-3.21094 0.468555

-3.21094 0.468555
-3.20312 0.46842

-3.20312 0.468419
-3.19531 0.468284

-3.19531 0.468284
-3.1875 0.46815

-3.1875 0.46815
-3.17969 0.468017

-3.17969 0.468017
-3.17188 0.467883

-3.17188 0.467883
-3.16406 0.467748

-3.16406 0.467748
-3.15625 0.46761

-3.15625 0.467611
-3.14844 0.467468

-3.14844 0.467468
-3.14062 0.46732

-3.14062 0.46732
-3.13281 0.467167

-3.13281 0.467167
-3.125 0.467008

-3.125 0.467009
-3.11719 0.466841

-3.11719 0.466841
-3.10938 0.466664

-0.671875 0.486131
-0.664062 0.486595

-0.664062 0.486595
-0.65625 0.487054

-0.65625 0.487055
-0.648438 0.487508

-0.648438 0.487508
-0.640625 0.487953

-0.640625 0.487954
-0.632812 0.488389

-1.82031 0.453097
-1.81985 0.453125

-0.632812 0.48839
-0.625 0.488812

-1.81977 0.453125
-1.8125 0.453566

-1.8125 0.453566
-1.80469 0.454038

-1.80469 0.454038
-1.79688 0.45451

-0.625 0.488813
-0.617188 0.489221

-3.10938 0.466664
-3.10156 0.466477

-0.617188 0.489221
-0.609375 0.489612

-3.10156 0.466477
-3.09375 0.466282

-3.09375 0.466283
-3.08594 0.466076

-1.79688 0.45451
-1.78906 0.454983

-1.78906 0.454983
-1.78125 0.455458

-1.78125 0.455458
-1.77344 0.455935

-1.77344 0.455935
-1.76562 0.456413

-1.76562 0.456413
-1.75781 0.456893

-1.75781 0.456893
-1.75 0.457373

-3.08594 0.466076
-3.07812 0.465858

-3.07812 0.465858
-3.07031 0.465627

-3.07031 0.465628
-3.0625 0.465382

-3.0625 0.465386
-3.04688 0.464845

-3.04688 0.464847
-3.03125 0.464239

-3.03125 0.464238
-3.01562 0.46356

-3.01562 0.463556
-3.00781 0.463192

-3.00781 0.463191
-3 0.46281

-1.75 0.457374
-1.74219 0.457854

-1.74219 0.457854
-1.73438 0.458335

-1.73438 0.458335
-1.72656 0.458815

-1.72656 0.458815
-1.71875 0.459293

-1.71875 0.459294
-1.71094 0.459768

-1.71094 0.459768
-1.70312 0.460237

-1.70312 0.460237
-1.69531 0.460703

-1.69531 0.460715
-1.69154 0.460938

-1.69115 0.460938
-1.6875 0.461153

-1.6875 0.461165
-1.67969 0.461623

-1.67969 0.461623
-1.67188 0.462076

-1.67188 0.462077
-1.66406 0.462524

-1.66406 0.462524
-1.65625 0.462966

-1.65625 0.462966
-1.64844 0.463402

-1.64844 0.463402
-1.64062 0.46383

-1.64062 0.46383
-1.63281 0.46425

-1.63281 0.46425
-1.625 0.46466

-2.86719 0.454783
-2.85938 0.454306

-1.625 0.46466
-1.61719 0.465061

-1.61719 0.465061
-1.60938 0.465451

-1.60938 0.465451
-1.60156 0.465831

-1.60156 0.465831
-1.59375 0.466201

-1.59375 0.466201
-1.58594 0.466559

-2.85938 0.454307
-2.85156 0.453838

-2.85156 0.453838
-2.84375 0.453372

-1.58594 0.466559
-1.57812 0.466906

-1.57812 0.466906
-1.57031 0.467242

-1.57031 0.467242
-1.5625 0.467567

-2.83594 0.452894
-2.83983 0.453125

-2.83594 0.45291
-2.82812 0.452449

-1.5625 0.46757
-1.54688 0.468188

-1.54688 0.46819
-1.53154 0.46875

-1.53125 0.468756
-1.52344 0.469022

-1.52344 0.469022
-1.51562 0.469278

-1.51562 0.469278
-1.50781 0.469524

-2.84375 0.453386
-2.83934 0.453125

-2.82812 0.452449
-2.82031 0.451989

-1.50781 0.469524
-1.5 0.469757

-2.82031 0.451989
-2.8125 0.45153

-2.8125 0.45153
-2.80469 0.451073

-2.80469 0.451073
-2.79688 0.450618

-2.79688 0.450618
-2.78906 0.450163

-2.78906 0.450163
-2.78125 0.449709

-2.78125 0.449705
-2.76562 0.448818

-2.76562 0.448826
-2.75 0.447955

-0.609375 0.489613
-0.601562 0.489984

-0.601562 0.489985
-0.59375 0.490335

-0.59375 0.490335
-0.585938 0.49066

-0.585938 0.490661
-0.578125 0.490959

-0.578125 0.490959
-0.570312 0.491227

-0.570312 0.491228
-0.5625 0.491463

-0.5625 0.491464
-0.554688 0.491664

-0.554688 0.491664
-0.546875 0.491826

-0.546875 0.491827
-0.539062 0.491947

-0.539062 0.491948
-0.53125 0.492025

-0.53125 0.492026
-0.523438 0.492056

-0.523438 0.492057
-0.515625 0.492039

-2.75 0.447953
-2.74219 0.447517

-2.74219 0.447517
-2.73438 0.447086

-2.73438 0.447085
-2.72656 0.446658

-2.72656 0.446658
-2.71875 0.446235

-2.71875 0.446235
-2.71094 0.445817

-0.515625 0.492039
-0.507812 0.491969

-0.507812 0.49197
-0.5 0.491846

-2.71094 0.445817
-2.70312 0.445404

-2.69531 0.444958
-2.7021 0.445312

-2.70312 0.445495
-2.69962 0.445312

-2.69531 0.444996
-2.6875 0.444595

-2.6875 0.444595
-2.67969 0.444203

-2.67969 0.444203
-2.67188 0.443819

-2.67188 0.443819
-2.66406 0.443445

-2.66406 0.443445
-2.65625 0.443081

-2.65625 0.443081
-2.64844 0.442727

-2.64844 0.442727
-2.64062 0.442384

-2.64062 0.442384
-2.63281 0.442051

-2.63281 0.44205
-2.625 0.441728

-2.625 0.441728
-2.61719 0.441416

-2.61719 0.441416
-2.60938 0.441115

-2.60938 0.441115
-2.60156 0.440824

-2.60156 0.440824
-2.59375 0.440544

-1.5 0.469757
-1.49219 0.469979

-1.49219 0.469979
-1.48438 0.470189

-2.59375 0.440544
-2.58594 0.440274

-2.58594 0.440274
-2.57812 0.440015

-1.48438 0.470189
-1.47656 0.470387

-1.47656 0.470387
-1.46875 0.470574

-2.57812 0.440015
-2.57031 0.439766

-2.57031 0.439766
-2.5625 0.439527

-1.46875 0.470574
-1.46094 0.47075

-1.46094 0.47075
-1.45312 0.470913

-1.45312 0.470913
-1.44531 0.471065

-1.44531 0.471065
-1.4375 0.471206

-2.5625 0.439527
-2.55469 0.439297

-2.55469 0.439297
-2.54688 0.439077

-2.54688 0.439077
-2.53906 0.438867

-2.53906 0.438867
-2.53125 0.438665

-2.53125 0.438665
-2.52344 0.438472

-2.52344 0.438472
-2.51562 0.438288

-2.51562 0.438288
-2.50781 0.438113

-2.50781 0.438113
-2.5 0.437946

-1.4375 0.471206
-1.42969 0.471335

-1.42969 0.471335
-1.42188 0.471452

-1.42188 0.471452
-1.41406 0.471558

-0.5 0.491847
-0.492188 0.491665

-0.492188 0.491666
-0.484375 0.491425

-1.41406 0.471558
-1.40625 0.471652

-1.40625 0.471652
-1.39844 0.471736

-1.39844 0.471736
-1.39062 0.47181

-1.39062 0.47181
-1.38281 0.471874

-1.38281 0.471874
-1.375 0.471928

-0.484375 0.491426
-0.476562 0.491123

-0.476562 0.491123
-0.46875 0.490755

-1.375 0.471928
-1.36719 0.471972

-1.36719 0.471972
-1.35938 0.472006

-1.35938 0.472006
-1.35156 0.472031

-1.35156 0.472031
-1.34375 0.472048

-1.34375 0.472048
-1.33594 0.472059

-1.33594 0.47206
-1.32812 0.472064

-0.46875 0.490756
-0.460938 0.490319

-0.460938 0.49032
-0.453125 0.489813

-0.453125 0.489814
-0.445312 0.489233

-1.32812 0.472064
-1.3125 0.472056

-0.445312 0.489233
-0.4375 0.488576

-0.4375 0.488576
-0.429688 0.487839

-0.429688 0.48784
-0.421875 0.48702

-0.421875 0.487021
-0.414062 0.486116

-0.414062 0.486117
-0.40625 0.485124

-1.3125 0.472054
-1.30469 0.472043

-1.30469 0.472042
-1.29688 0.472028

-1.29688 0.472029
-1.28906 0.472012

-1.28906 0.472013
-1.28125 0.471994

-0.398438 0.483343
-0.405882 0.484375

-0.398438 0.483857
-0.390625 0.482682

-0.40625 0.485616
-0.398438 0.484533

-0.398438 0.485035
-0.394044 0.484375

-0.390625 0.482868
-0.382812 0.481599

-2.47656 0.437487
-2.47728 0.4375

-1.28125 0.471994
-1.27344 0.471973

-0.382812 0.4816
-0.375 0.480233

-2.47656 0.4375
-2.46875 0.437369

-2.46875 0.437369
-2.46094 0.437247

-2.46094 0.437247
-2.45312 0.437135

-0.375 0.480234
-0.367188 0.478768

-0.359375 0.476459
-0.359891 0.476562

-0.367188 0.478772
-0.359375 0.477203

-0.351562 0.474984
-0.358932 0.476562

-0.359375 0.477914
-0.353064 0.476562

-0.351562 0.475453
-0.34375 0.473671

-0.351562 0.477079
-0.349299 0.476562

-0.320312 0.467485
-0.324975 0.46875

-1.27344 0.471974
-1.26562 0.471951

-0.320312 0.467728
-0.3125 0.465496

-2.45312 0.437135
-2.44531 0.437032

-0.34375 0.473747
-0.335938 0.471854

-1.26562 0.471951
-1.25781 0.471926

-0.335938 0.471854
-0.328125 0.469847

-2.44531 0.437032
-2.4375 0.436937

-0.328125 0.470075
-0.323239 0.46875

-1.25781 0.471925
-1.25 0.471899

-0.3125 0.465497
-0.304688 0.463151

-0.296875 0.460643
-0.297812 0.460938

-0.304688 0.463154
-0.297642 0.460938

-2.5 0.437946
-2.49219 0.437789

-2.49219 0.437788
-2.48438 0.43764

-0.296875 0.460725
-0.28125 0.455461

-0.273438 0.45244
-0.275344 0.453125

-2.48438 0.43764
-2.47656 0.4375

-2.4375 0.436938
-2.42969 0.436852

-1.25 0.471899
-1.24219 0.471871

-0.273438 0.45262
-0.265625 0.449707

-2.42969 0.436852
-2.42188 0.436775

-0.28125 0.455496
-0.274774 0.453125

-1.24219 0.471871
-1.23438 0.471842

-2.42188 0.436775
-2.41406 0.436707

-0.265625 0.449744
-0.25 0.443561

-1.23438 0.471841
-1.22656 0.471811

-1.22656 0.471811
-1.21875 0.471782

-2.41406 0.436707
-2.40625 0.436648

-2.40625 0.436648
-2.39844 0.436598

-1.21875 0.471782
-1.21094 0.471753

-1.21094 0.471752
-1.20312 0.471725

-2.39844 0.436598
-2.39062 0.436556

-2.39062 0.436556
-2.38281 0.436523

-2.38281 0.436523
-2.375 0.436499

-0.234375 0.436946
-0.235674 0.4375

-2.375 0.436499
-2.36719 0.436482

-1.20312 0.471725
-1.19531 0.4717

-0.234375 0.436907
-0.21875 0.429734

-2.36719 0.436482
-2.35938 0.436474

-2.35938 0.436474
-2.35156 0.436473

-2.35156 0.436473
-2.34375 0.436479

-2.34375 0.436479
-2.33594 0.436493

-2.33594 0.436493
-2.32812 0.436514

-2.32812 0.436514
-2.32031 0.436542

-2.32031 0.436542
-2.3125 0.436577

-0.21875 0.42973
-0.203125 0.422033

-2.3125 0.436577
-2.30469 0.436618

-2.30469 0.436618
-2.29688 0.436666

-1.19531 0.4717
-1.1875 0.471678

-0.1875 0.413816
-0.202814 0.421875

-2.29688 0.436666
-2.28906 0.43672

-2.28906 0.43672
-2.28125 0.43678

-1.1875 0.471678
-1.17969 0.471658

-1.17969 0.471658
-1.17188 0.471641

-1.17188 0.471641
-1.16406 0.471628

-1.16406 0.471627
-1.15625 0.471618

-2.28125 0.43678
-2.27344 0.436846

-2.27344 0.436846
-2.26562 0.436917

-2.26562 0.436917
-2.25781 0.436993

-2.25781 0.436993
-2.25 0.437075

-1.15625 0.471618
-1.14844 0.471613

-1.14844 0.471613
-1.14062 0.471614

-0.203125 0.422012
-0.202863 0.421875

-0.25 0.443557
-0.235803 0.4375

-1.14062 0.471614
-1.13281 0.47162

-1.13281 0.47162
-1.125 0.471631

-0.171875 0.405005
-0.174097 0.40625

-0.171875 0.405055
-0.15625 0.395777

-0.1875 0.413781
-0.179688 0.409468

-0.179688 0.409478
-0.174013 0.40625

-2.25 0.437075
-2.24219 0.437162

-0.140625 0.385956
-0.147975 0.390625

-1.125 0.471631
-1.11719 0.471648

-1.11719 0.471648
-1.10938 0.471671

-1.10938 0.47167
-1.10156 0.471699

-1.10156 0.471699
-1.09375 0.471734

-1.09375 0.471734
-1.08594 0.471776

-2.24219 0.437162
-2.23438 0.437253

-2.23438 0.437253
-2.22656 0.43735

-2.22656 0.43735
-2.21875 0.437452

-2.21875 0.437455
-2.21545 0.4375

-1.08594 0.471776
-1.07812 0.471824

-1.07812 0.471825
-1.07031 0.471879

-0.15625 0.395743
-0.148438 0.390911

-0.148438 0.390823
-0.148114 0.390625

-2.21497 0.4375
-2.21094 0.437555

-0.132812 0.380827
-0.135852 0.382812

-1.07031 0.471879
-1.0625 0.471937

-0.140625 0.385966
-0.135798 0.382812

-1.0625 0.471938
-1.05469 0.472001

-1.05469 0.472001
-1.04688 0.472069

-1.04688 0.472068
-1.03906 0.472142

-1.03906 0.472142
-1.03125 0.472222

-2.21094 0.437558
-2.20312 0.437669

-2.20312 0.437669
-2.19531 0.437786

-2.19531 0.437786
-2.1875 0.437908

-1.03125 0.472222
-1.02344 0.472308

-1.02344 0.472308
-1.01562 0.4724

-0.132812 0.380851
-0.125 0.3756

-2.1875 0.437908
-2.17969 0.438036

-2.17969 0.438036
-2.17188 0.438169

-2.17188 0.438169
-2.16406 0.438308

-2.16406 0.438308
-2.15625 0.438453

-0.117188 0.370139
-0.12422 0.375

-0.109375 0.364891
-0.112636 0.367188

-0.117188 0.370005
-0.113212 0.367188

-0.101562 0.358985
-0.102094 0.359375

-0.101562 0.35897
-0.09375 0.353147

-0.109375 0.364651
-0.102123 0.359375

-1.01562 0.4724
-1.00781 0.4725

-1.00781 0.472499
-1 0.472607

-2.15625 0.438453
-2.14844 0.438605

-2.14844 0.438605
-2.14062 0.438766

-2.14062 0.438766
-2.13281 0.438935

-2.13281 0.438935
-2.125 0.439112

-0.078125 0.341107
-0.0815541 0.34375

-0.0703125 0.334742
-0.0718006 0.335938

-2.125 0.439111
-2.11719 0.439297

-2.11719 0.439297
-2.10938 0.439493

-2.10938 0.439493
-2.10156 0.439699

-0.078125 0.341094
-0.0716891 0.335938

-0.0703125 0.334818
-0.0625 0.328405

-0.0859375 0.347215
-0.0916322 0.351562

-0.09375 0.353039
-0.091771 0.351562

-0.0859375 0.347159
-0.0815371 0.34375

-0.0390625 0.308132
-0.044175 0.3125

-2.10156 0.439699
-2.09375 0.439914

-2.09375 0.439914
-2.08594 0.440138

-0.03125 0.300687
-0.0356417 0.304688

-0.0390625 0.308679
-0.0346356 0.304688

-0.0078125 0.279145
-0.00998988 0.28125

0 0.271627
-0.00181438 0.273438

-2.08594 0.440138
-2.07812 0.440372

-2.07812 0.440372
-2.07031 0.440617

-0.0078125 0.278785
-0.0024261 0.273438

-0.0234375 0.293725
-0.0268869 0.296875

-0.015625 0.286365
-0.0184683 0.289062

-0.0234375 0.294022
-0.0181944 0.289062

-0.03125 0.301304
-0.0264079 0.296875

-0.015625 0.286448
-0.0102515 0.28125

-0.0546875 0.321824
-0.0621815 0.328125

-2.07031 0.440617
-2.0625 0.440871

-2.0625 0.440871
-2.05469 0.441136

-2.05469 0.441135
-2.04688 0.44141

-2.04688 0.44141
-2.03906 0.441695

-0.046875 0.31476
-0.0533318 0.320312

-0.0546875 0.322798
-0.0518159 0.320312

-0.0625 0.32861
-0.0619157 0.328125

-0.046875 0.315324
-0.0435724 0.3125

-2.03906 0.441695
-2.03125 0.441991

-2.03125 0.441991
-2.02344 0.442298

-2.02344 0.442298
-2.01562 0.442616

-2.01562 0.442616
-2.00781 0.442945

-2.00781 0.442945
-2 0.443285

-0.125 0.375964
-0.12358 0.375

0.25 -0.140393
0.247404 -0.132812

0.247402 -0.132812
0.244662 -0.125

0.234375 -0.0960678
0.233487 -0.09375

0.241861 -0.117188
0.238996 -0.109375

0.242188 -0.118161
0.24464 -0.125

0.238996 -0.109375
0.236067 -0.101562

0.234375 -0.0979031
0.235777 -0.101562

0.233076 -0.09375
0.230017 -0.0859375

0.230017 -0.0859375
0.226891 -0.078125

0.226562 -0.0772979
0.223706 -0.0703125

0.223697 -0.0703125
0.220431 -0.0625

0.226562 -0.0775268
0.226807 -0.078125

0.21875 -0.0573074
0.217631 -0.0546875

0.217093 -0.0546875
0.213683 -0.046875

0.210938 -0.0399835
0.210527 -0.0390625

0.210202 -0.0390625
0.206649 -0.03125

0.210938 -0.0408677
0.213614 -0.046875

0.203125 -0.0235046
0.203094 -0.0234375

0.203025 -0.0234375
0.199326 -0.015625

0.195312 -0.00731847
0.191706 0

0.199326 -0.015625
0.195552 -0.0078125

0.195312 -0.00741573
0.195508 -0.0078125

0.203125 -0.0236587
0.206648 -0.03125

0.21875 -0.0597988
0.219904 -0.0625

0.309022 -0.5
0.308603 -0.46875

0.308549 -0.46875
0.308025 -0.453125

0.308028 -0.453125
0.307292 -0.4375

0.307289 -0.4375
0.30634 -0.421875

0.306348 -0.421875
0.305175 -0.40625

0.305168 -0.40625
0.303772 -0.390625

0.303772 -0.390625
0.302167 -0.375

0.302172 -0.375
0.300346 -0.359375

0.300348 -0.359375
0.298286 -0.34375

0.296875 -0.334201
0.295968 -0.328125

0.295984 -0.328125
0.294764 -0.320312

0.294766 -0.320312
0.293487 -0.3125

0.298265 -0.34375
0.297147 -0.335938

0.296875 -0.333798
0.297194 -0.335938

0.28125 -0.250374
0.281167 -0.25

0.293486 -0.3125
0.292146 -0.304688

0.292146 -0.304688
0.290749 -0.296875

0.290766 -0.296875
0.287789 -0.28125

0.287789 -0.28125
0.284566 -0.265625

0.284549 -0.265625
0.282847 -0.257812

0.28125 -0.250759
0.282841 -0.257812

0.281085 -0.25
0.279261 -0.242188

0.279261 -0.242188
0.277378 -0.234375

0.277378 -0.234375
0.275435 -0.226562

0.273438 -0.218766
0.275435 -0.226562

0.265625 -0.189575
0.265029 -0.1875

0.273434 -0.21875
0.271371 -0.210938

0.271371 -0.210938
0.269246 -0.203125

0.269245 -0.203125
0.26706 -0.195312

0.265625 -0.190689
0.266953 -0.195312

0.264817 -0.1875
0.262514 -0.179688

0.262514 -0.179688
0.26015 -0.171875

0.257812 -0.164237
0.257758 -0.164062

0.257727 -0.164062
0.255241 -0.15625

0.257812 -0.164344
0.260149 -0.171875

0.25524 -0.15625
0.25269 -0.148438

0.25269 -0.148438
0.250078 -0.140625

0.25 -0.14059
0.250012 -0.140625

0.125 0.116221
0.119211 0.125

0.0234375 0.246626
0.0204058 0.25

0.03125 0.237576
0.0271219 0.242188

0.0234375 0.246683
0.027512 0.242188

0.0625 0.20151
0.0612323 0.203125

0.0546875 0.210999
0.0481487 0.21875

0.0612147 0.203125
0.0547573 0.210938

0.0546875 0.211573
0.0552094 0.210938

0.0390625 0.228878
0.0342847 0.234375

0.046875 0.220041
0.0412653 0.226562

0.0390625 0.229912
0.041958 0.226562

0.03125 0.238575
0.0350552 0.234375

0.046875 0.220988
0.0487653 0.21875

0.078125 0.181692
0.0736102 0.1875

0.0859375 0.171569
0.0857062 0.171875

0.09375 0.161411
0.0918334 0.164062

0.0859375 0.171644
0.0916035 0.164062

0.0857626 0.171875
0.0798076 0.179688

0.078125 0.182296
0.0800723 0.179688

0.109375 0.139383
0.108529 0.140625

0.101562 0.150378
0.0973373 0.15625

0.108463 0.140625
0.102948 0.148438

0.101562 0.150339
0.102907 0.148438

0.117188 0.127957
0.113887 0.132812

0.109375 0.13929
0.113861 0.132812

0.117188 0.127906
0.11915 0.125

0.09375 0.16101
0.097157 0.15625

0.0703125 0.191104
0.0669756 0.195312

0.0625 0.201542
0.0675441 0.195312

0.0703125 0.192426
0.0741972 0.1875

0.1875 0.00836278
0.183779 0.015625

0.179688 0.0234513
0.175536 0.03125

0.183774 0.015625
0.179694 0.0234375

0.171875 0.0390464
0.171866 0.0390625

0.171299 0.0390625
0.166985 0.046875

0.164062 0.0526287
0.162905 0.0546875

0.162592 0.0546875
0.158119 0.0625

0.164062 0.0518139
0.16684 0.046875

0.171875 0.0379147
0.175489 0.03125

0.140625 0.0922707
0.139731 0.09375

0.15625 0.0662429
0.153877 0.0703125

0.153565 0.0703125
0.148925 0.078125

0.148438 0.0786403
0.144022 0.0859375

0.140625 0.091565
0.144094 0.0859375

0.148438 0.0803284
0.149759 0.078125

0.132812 0.104111
0.129444 0.109375

0.139383 0.09375
0.134476 0.101562

0.132812 0.104272
0.13454 0.101562

0.125 0.116243
0.129479 0.109375

0.15625 0.0648565
0.157634 0.0625

0.191703 0
0.187777 0.0078125

0.1875 0.00822806
0.187713 0.0078125

0.0078125 0.263758
0.00601969 0.265625

0.015625 0.255074
0.0130303 0.257812

0.0078125 0.262965
0.012739 0.257812

0 0.270962
0.00523408 0.265625

0.015625 0.255023
0.0203472 0.25

3.99805 -0.5
3.99949 -0.492188

3.99582 -0.492188
4 -0.488658

