-4 0.421756
-3.96875 0.421802

-3.96875 0.421805
-3.9375 0.421934

-3.9375 0.421934
-3.90625 0.422143

-3.90625 0.422143
-3.875 0.422431

-3.875 0.422431
-3.84375 0.422797

-3.84375 0.422798
-3.8125 0.423236

-1 0.365253
-0.992188 0.365724

-0.992188 0.365724
-0.984375 0.366198

-0.984375 0.366198
-0.976562 0.366675

-3.8125 0.423242
-3.79688 0.423487

-3.79688 0.423486
-3.78125 0.423746

-3.78125 0.423745
-3.76562 0.424023

-3.76562 0.424024
-3.75 0.424319

-0.976562 0.366675
-0.96875 0.367155

-3.75 0.42432
-3.73438 0.424632

-2.39062 0.373841
-2.40548 0.375

-0.25 0.38997
-0.242188 0.389387

-0.242188 0.389387
-0.234375 0.388769

-0.234375 0.388769
-0.226562 0.388114

-0.226562 0.388114
-0.21875 0.387423

-0.21875 0.387423
-0.210938 0.386693

-0.210938 0.386694
-0.203125 0.385925

-0.203125 0.385925
-0.195312 0.385117

-0.195312 0.385117
-0.1875 0.384269

-0.1875 0.384269
-0.179688 0.38338

-0.171875 0.382436
-0.17504 0.382812

-0.179688 0.383389
-0.174839 0.382812

-3.73438 0.424632
-3.71875 0.42496

-0.171875 0.38245
-0.164062 0.38148

-0.164062 0.38148
-0.15625 0.380468

-0.15625 0.380468
-0.148438 0.379414

-0.148438 0.379414
-0.140625 0.378316

-3.71875 0.42496
-3.70312 0.425301

-3.70312 0.425302
-3.6875 0.425657

-3.6875 0.425658
-3.67188 0.426022

-3.67188 0.426023
-3.65625 0.426394

-0.140625 0.378316
-0.132812 0.377175

-3.65625 0.426394
-3.64062 0.426768

-0.96875 0.367165
-0.968385 0.367188

-3.64062 0.426768
-3.63281 0.426957

-3.63281 0.426957
-3.625 0.427147

-0.132812 0.377175
-0.125 0.375989

-3.625 0.427147
-3.60938 0.427525

-3.60938 0.427525
-3.59375 0.427902

-3.59375 0.427903
-3.58594 0.428091

-3.58594 0.428091
-3.57812 0.428278

-3.57812 0.428278
-3.57031 0.428464

-3.57031 0.428464
-3.5625 0.428647

-3.5625 0.428649
-3.54688 0.429007

-3.54688 0.429007
-3.53125 0.429353

-3.53125 0.429353
-3.52344 0.429522

-3.52344 0.429522
-3.51565 0.429688

-3.51571 0.429688
-3.51562 0.429689

-3.51562 0.42969
-3.5 0.430008

-2.39062 0.373842
-2.375 0.372637

-2.5 0.382528
-2.46875 0.380016

-2.46875 0.380009
-2.4375 0.377519

-2.4375 0.377522
-2.40625 0.375063

-2.40625 0.375066
-2.4054 0.375

-2.375 0.372636
-2.35938 0.371447

-2.35938 0.371447
-2.34375 0.370275

-2.34375 0.370275
-2.32812 0.369122

-2.32812 0.369123
-2.3125 0.367988

-2.3125 0.367989
-2.29688 0.366872

-2.29688 0.366872
-2.28125 0.365773

-2.28125 0.365772
-2.26562 0.364692

-2.26562 0.364692
-2.25 0.363633

-2.25 0.363632
-2.23438 0.362596

-2.23438 0.362596
-2.21875 0.361583

-2.21875 0.361583
-2.20312 0.360595

-2.20312 0.360595
-2.1875 0.359632

-2.17188 0.358695
-2.18323 0.359375

-2.1875 0.359635
-2.18316 0.359375

-2.17188 0.358696
-2.15625 0.357786

-2.15625 0.357786
-2.14062 0.356904

-2.14062 0.356904
-2.125 0.35605

-2.125 0.35605
-2.10938 0.355224

-2.10938 0.355224
-2.09375 0.354427

-2.09375 0.354417
-2.0625 0.352922

-2.0625 0.35293
-2.03125 0.351551

-2.03125 0.351547
-2 0.350272

-0.968208 0.367188
-0.960938 0.367637

-0.960938 0.367638
-0.953125 0.368125

-0.953125 0.368125
-0.945312 0.368616

-0.945312 0.368616
-0.9375 0.369109

-0.9375 0.36911
-0.929688 0.369606

-0.929688 0.369606
-0.921875 0.370105

-0.921875 0.370105
-0.914062 0.370607

-0.914062 0.370607
-0.90625 0.37111

-0.90625 0.37111
-0.898438 0.371615

-0.898438 0.371615
-0.890625 0.372121

-0.890625 0.372121
-0.882812 0.372629

-0.882812 0.372629
-0.875 0.373138

-0.875 0.373138
-0.867188 0.373647

-0.867188 0.373647
-0.859375 0.374157

-0.859375 0.374157
-0.851562 0.374667

-0.851562 0.374669
-0.846497 0.375

-0.846374 0.375
-0.84375 0.375171

-0.84375 0.375176
-0.835938 0.375686

-0.835938 0.375686
-0.828125 0.376195

-0.828125 0.376195
-0.820312 0.376704

-3.5 0.430007
-3.48438 0.430305

-3.48438 0.430304
-3.47656 0.430446

-3.47656 0.430446
-3.46875 0.430583

-3.46875 0.430585
-3.45312 0.430838

-3.45312 0.430838
-3.4375 0.431065

-3.4375 0.431063
-3.42969 0.431166

-3.42969 0.431166
-3.42188 0.431263

-3.42188 0.431266
-3.40625 0.431435

-3.40625 0.431434
-3.39062 0.431569

-3.39062 0.43157
-3.375 0.431671

-3.375 0.431671
-3.35938 0.431737

-3.35938 0.431738
-3.34375 0.431765

-3.34375 0.431765
-3.32812 0.431751

-3.32812 0.431752
-3.3125 0.431696

-3.3125 0.431696
-3.29688 0.431597

-3.29688 0.431596
-3.28125 0.431459

-2 0.350274
-1.96875 0.349106

-1.96875 0.349107
-1.9375 0.348038

-1.9375 0.347994
-1.875 0.346226

-1.875 0.346273
-1.8125 0.344917

-1.8125 0.344932
-1.78125 0.344375

-1.78125 0.344369
-1.75 0.343918

-1.71875 0.343594
-1.73386 0.34375

-1.75 0.343909
-1.73452 0.34375

-1.71875 0.343589
-1.6875 0.343411

-1.6875 0.343417
-1.65625 0.343377

-1.65625 0.343383
-1.625 0.343456

-1.625 0.343458
-1.59375 0.343629

-1.59375 0.343626
-1.57958 0.34375

-1.57924 0.34375
-1.5625 0.343896

-1.5625 0.343908
-1.54688 0.344085

-1.54688 0.344082
-1.53125 0.34428

-1.53125 0.34428
-1.51562 0.344504

-1.51562 0.344504
-1.5 0.344753

-1.5 0.344753
-1.48438 0.345026

-1.48438 0.345026
-1.46875 0.345324

-1.46875 0.345324
-1.45312 0.345647

-1.45312 0.345646
-1.4375 0.345994

-1.4375 0.345994
-1.42188 0.346367

-1.42188 0.346367
-1.40625 0.346766

-1.40625 0.346766
-1.39062 0.347192

-1.39062 0.347192
-1.375 0.347643

-1.375 0.347643
-1.35938 0.348121

-1.35938 0.348121
-1.34375 0.348626

-1.34375 0.348626
-1.32812 0.349157

-1.32812 0.349156
-1.3125 0.349712

-1.3125 0.349713
-1.29688 0.350294

-1.29688 0.350294
-1.28125 0.3509

-1.28125 0.3509
-1.26562 0.351531

-1.26562 0.351531
-1.25 0.352185

-1.25 0.352185
-1.23438 0.352862

-1.23438 0.352862
-1.21875 0.353563

-1.21875 0.353564
-1.20312 0.354287

-1.20312 0.354287
-1.1875 0.355031

-1.1875 0.355031
-1.17188 0.355792

-1.17188 0.355792
-1.15625 0.356571

-1.15625 0.356571
-1.14062 0.357368

-1.14062 0.357368
-1.125 0.358182

-1.125 0.358182
-1.10938 0.359013

-1.10938 0.359026
-1.10294 0.359375

-1.10248 0.359375
-1.09375 0.359848

-1.09375 0.359857
-1.08594 0.360292

-1.08594 0.360289
-1.07812 0.360722

-1.07812 0.360723
-1.07031 0.36116

-1.07031 0.36116
-1.0625 0.3616

-1.0625 0.361601
-1.05469 0.362045

-1.05469 0.362045
-1.04688 0.362493

-1.04688 0.362493
-1.03906 0.362945

-1.03906 0.362945
-1.03125 0.3634

-1.03125 0.3634
-1.02344 0.363859

-1.02344 0.363859
-1.01562 0.364321

-1.01562 0.364321
-1.00781 0.364786

-1.00781 0.364786
-1 0.365253

-3.28125 0.431476
-3.25 0.431062

-3.25 0.431055
-3.21875 0.430462

-3.21875 0.430464
-3.1875 0.429704

-3.1875 0.429706
-3.15625 0.428773

-3.15625 0.428773
-3.125 0.427662

-3.125 0.427662
-3.09375 0.426373

-3.09375 0.426359
-3.07812 0.42565

-3.07812 0.425651
-3.0625 0.424903

-3.0625 0.424902
-3.04688 0.424113

-3.04688 0.424113
-3.03125 0.423285

-3.03125 0.423285
-3.01562 0.422418

-3 0.421515
-3.00624 0.421875

-3.01562 0.422418
-3.00622 0.421875

-3 0.421515
-2.98438 0.420577

-2.98438 0.420576
-2.96875 0.419605

-2.96875 0.419604
-2.95312 0.418601

-2.95312 0.418601
-2.9375 0.417566

-2.9375 0.417566
-2.92188 0.416502

-2.92188 0.416502
-2.90625 0.41541

-2.90625 0.41541
-2.89062 0.414292

-2.89062 0.414292
-2.875 0.413149

-2.875 0.413149
-2.85938 0.411981

-2.85938 0.41198
-2.84375 0.410789

-2.84375 0.410789
-2.82812 0.409577

-2.82812 0.409576
-2.8125 0.408344

-2.78125 0.40582
-2.78656 0.40625

-2.8125 0.408344
-2.79688 0.407094

-2.79688 0.407097
-2.78643 0.40625

-2.78125 0.405826
-2.76562 0.404544

-2.76562 0.404543
-2.75 0.403249

-2.75 0.403248
-2.73438 0.401945

-2.73438 0.401944
-2.71875 0.400634

-2.71875 0.400633
-2.70312 0.399322

-2.70312 0.399322
-2.6875 0.398012

-2.6875 0.398011
-2.67188 0.396703

-2.67188 0.396703
-2.65625 0.395398

-2.65625 0.395395
-2.625 0.392809

-2.625 0.392824
-2.59375 0.390242

-2.59375 0.390237
-2.57812 0.388937

-2.57812 0.388936
-2.5625 0.387639

-2.5625 0.387638
-2.54688 0.386347

-2.54688 0.386348
-2.53125 0.385063

-2.53125 0.385058
-2.5 0.38252

-0.117188 0.374733
-0.11888 0.375

-0.117188 0.374759
-0.109375 0.373482

-0.109375 0.373483
-0.101562 0.37216

-0.101562 0.37216
-0.09375 0.370789

-0.820312 0.376704
-0.8125 0.377211

-0.8125 0.377211
-0.804688 0.377717

-0.804688 0.377718
-0.796875 0.378222

-0.796875 0.378222
-0.789062 0.378725

-0.789062 0.378725
-0.78125 0.379226

-0.78125 0.379226
-0.773438 0.379725

-0.773438 0.379725
-0.765625 0.380222

-0.765625 0.380222
-0.757812 0.380717

-0.757812 0.380717
-0.75 0.381208

-0.75 0.381208
-0.742188 0.381697

-0.742188 0.381697
-0.734375 0.382183

-0.734375 0.382183
-0.726562 0.382665

-0.726562 0.382674
-0.724293 0.382812

-0.724104 0.382812
-0.71875 0.38314

-0.71875 0.383144
-0.710938 0.383619

-0.710938 0.383619
-0.703125 0.38409

-0.703125 0.38409
-0.695312 0.384557

-0.695312 0.384557
-0.6875 0.385018

-0.6875 0.385019
-0.679688 0.385475

-0.679688 0.385475
-0.671875 0.385926

-0.671875 0.385926
-0.664062 0.386371

-0.664062 0.386371
-0.65625 0.38681

-0.65625 0.38681
-0.648438 0.387242

-0.648438 0.387242
-0.640625 0.387668

-0.640625 0.387668
-0.632812 0.388087

-0.632812 0.388087
-0.625 0.388498

-0.625 0.388498
-0.617188 0.388901

-0.617188 0.388901
-0.609375 0.389296

-0.609375 0.389296
-0.601562 0.389682

-0.601562 0.389682
-0.59375 0.390059

-0.59375 0.390059
-0.585938 0.390426

-0.585938 0.390428
-0.581642 0.390625

-0.581536 0.390625
-0.578125 0.390781

-0.578125 0.390784
-0.570312 0.391131

-0.570312 0.391131
-0.5625 0.391468

-0.5625 0.391468
-0.554688 0.391793

-0.554688 0.391793
-0.546875 0.392106

-0.546875 0.392106
-0.539062 0.392407

-0.539062 0.392407
-0.53125 0.392695

-0.53125 0.392695
-0.523438 0.392969

-0.523438 0.392969
-0.515625 0.39323

-0.515625 0.39323
-0.507812 0.393477

-0.507812 0.393477
-0.5 0.39371

-0.09375 0.370789
-0.0859375 0.36937

-0.0859375 0.36937
-0.078125 0.367902

-0.0703125 0.366369
-0.0745291 0.367188

-0.078125 0.367921
-0.0743493 0.367188

-0.5 0.39371
-0.492188 0.393927

-0.492188 0.393927
-0.484375 0.394128

-0.484375 0.394128
-0.476562 0.394312

-0.476562 0.394312
-0.46875 0.39448

-0.0703125 0.366385
-0.0625 0.364818

-0.0625 0.364819
-0.0546875 0.363202

-0.0546875 0.363202
-0.046875 0.361533

-0.46875 0.39448
-0.460938 0.39463

-0.460938 0.39463
-0.453125 0.394762

-0.453125 0.394762
-0.445312 0.394876

-0.445312 0.394876
-0.4375 0.394971

-0.4375 0.394971
-0.429688 0.395048

-0.03125 0.358034
-0.0371716 0.359375

-0.046875 0.361532
-0.0390625 0.359811

-0.0390625 0.359828
-0.0370603 0.359375

-0.03125 0.358058
-0.015625 0.354358

-0.429688 0.395048
-0.421875 0.395104

-0.421875 0.395105
-0.414062 0.395141

-0.015625 0.354342
-0.0078125 0.35241

0 0.350414
-0.00452387 0.351562

-0.0078125 0.352431
-0.00438903 0.351562

-0.414062 0.395141
-0.40625 0.395156

-0.40625 0.395156
-0.398438 0.395149

-0.125 0.375996
-0.118679 0.375

-0.398438 0.395149
-0.390625 0.395119

-0.390625 0.395119
-0.382812 0.395066

-0.382812 0.395066
-0.375 0.39499

0.03125 0.341923
0.0248009 0.34375

-0.375 0.39499
-0.367188 0.394889

-0.367188 0.394889
-0.359375 0.394762

-0.359375 0.394762
-0.351562 0.394609

-0.351562 0.394609
-0.34375 0.39443

0 0.35043
0.0078125 0.348391

0.0078125 0.348392
0.015625 0.346296

0.015625 0.346295
0.0234375 0.34414

0.0234375 0.344155
0.024868 0.34375

-0.34375 0.39443
-0.335938 0.394225

-0.335938 0.394225
-0.328125 0.393991

0.03125 0.341927
0.0390625 0.339654

0.0390625 0.339655
0.046875 0.337323

-0.328125 0.393991
-0.320312 0.393728

-0.320312 0.393728
-0.3125 0.393435

0.0546875 0.334896
0.0512871 0.335938

-0.3125 0.393435
-0.304688 0.393113

-0.304688 0.393113
-0.296875 0.392759

0.046875 0.337347
0.0514766 0.335938

0.0546875 0.334929
0.0625 0.332474

-0.296875 0.392759
-0.289062 0.392375

0.125 0.310538
0.119775 0.3125

0.078125 0.327307
0.0756162 0.328125

0.0625 0.332474
0.0703125 0.329957

0.0703125 0.329987
0.0759542 0.328125

-0.289062 0.392375
-0.28125 0.39196

-0.28125 0.39196
-0.273438 0.391512

-0.273438 0.391512
-0.265625 0.391032

-0.257812 0.390503
-0.259666 0.390625

-0.257812 0.390518
-0.25 0.38997

-0.265625 0.391036
-0.259372 0.390625

0.078125 0.327397
0.09375 0.322048

0.101562 0.319212
0.0984608 0.320312

0.09375 0.322057
0.0986692 0.320312

0.101562 0.31926
0.109375 0.316426

0.109375 0.316427
0.117188 0.313525

0.117188 0.313575
0.120019 0.3125

0.125 0.310577
0.140625 0.304437

0.140625 0.30444
0.15625 0.298012

0.171875 0.291276
0.158864 0.296875

0.15625 0.298078
0.159045 0.296875

0.171875 0.291293
0.1875 0.284264

0.195312 0.280528
0.193759 0.28125

0.195312 0.28061
0.203125 0.27691

0.203125 0.276935
0.21875 0.269296

0.1875 0.284276
0.193948 0.28125

0.226562 0.265317
0.225951 0.265625

0.226562 0.265334
0.234375 0.261322

0.21875 0.269274
0.225988 0.265625

0.234375 0.261349
0.25 0.253072

0.257812 0.248656
0.255351 0.25

0.257812 0.248783
0.265625 0.244432

0.273438 0.239936
0.269475 0.242188

0.265625 0.24449
0.269676 0.242188

0.273438 0.239994
0.28125 0.235463

0.3125 0.216345
0.308623 0.21875

0.289062 0.230819
0.283055 0.234375

0.296875 0.2261
0.296097 0.226562

0.289062 0.230842
0.296146 0.226562

0.28125 0.235522
0.283198 0.234375

0.296875 0.22612
0.304688 0.221303

0.304688 0.221359
0.30884 0.21875

0.359375 0.184779
0.355435 0.1875

0.359375 0.184822
0.375 0.173407

0.3125 0.216424
0.328125 0.206302

0.335938 0.201006
0.332757 0.203125

0.335938 0.201061
0.34375 0.195746

0.328125 0.206307
0.332893 0.203125

0.351562 0.190318
0.344371 0.195312

0.34375 0.195765
0.344419 0.195312

0.351562 0.190354
0.355603 0.1875

0.4375 0.122773
0.434944 0.125

0.453125 0.108741
0.452432 0.109375

0.445312 0.115817
0.443778 0.117188

0.4375 0.122796
0.443825 0.117188

0.445312 0.115855
0.452448 0.109375

0.460938 0.101506
0.460877 0.101562

0.453125 0.108761
0.46088 0.101562

0.460938 0.10151
0.46875 0.0940928

0.476562 0.0865039
0.469102 0.09375

0.484375 0.0787436
0.477131 0.0859375

0.476562 0.0865392
0.477175 0.0859375

0.492188 0.0707911
0.484988 0.078125

0.5 0.06266
0.492659 0.0703125

0.492188 0.0708481
0.492708 0.0703125

0.484375 0.0787808
0.485027 0.078125

0.46875 0.094133
0.469149 0.09375

0.40625 0.149168
0.397268 0.15625

0.382812 0.167453
0.37694 0.171875

0.390625 0.161465
0.38718 0.164062

0.382812 0.167523
0.387346 0.164062

0.375 0.173464
0.377136 0.171875

0.390625 0.161503
0.397327 0.15625

0.421875 0.13623
0.416584 0.140625

0.414062 0.142735
0.407078 0.148438

0.40625 0.1492
0.407195 0.148438

0.414062 0.142752
0.416654 0.140625

0.429688 0.129572
0.425846 0.132812

0.421875 0.13623
0.425963 0.132812

0.429688 0.129572
0.434998 0.125

0.25 0.253116
0.255649 0.25

0.735607 -0.5
0.735561 -0.492188

0.73556 -0.492188
0.735424 -0.484375

0.735423 -0.484375
0.735198 -0.476562

0.735199 -0.476562
0.734885 -0.46875

0.734375 -0.459205
0.734002 -0.453125

0.734024 -0.453125
0.73282 -0.4375

0.734883 -0.46875
0.734481 -0.460938

0.734375 -0.459443
0.734467 -0.460938

0.732819 -0.4375
0.731286 -0.421875

0.731287 -0.421875
0.729424 -0.40625

0.729426 -0.40625
0.727228 -0.390625

0.727216 -0.390625
0.724704 -0.375

0.71875 -0.343538
0.711413 -0.3125

0.724807 -0.375
0.718788 -0.34375

0.711416 -0.3125
0.70263 -0.28125

0.702631 -0.28125
0.692436 -0.25

0.5625 -0.0105525
0.554351 0

0.625 -0.103793
0.619124 -0.09375

0.609375 -0.0779488
0.599442 -0.0625

0.619073 -0.09375
0.609483 -0.078125

0.609375 -0.0780919
0.609396 -0.078125

0.578125 -0.0315582
0.577907 -0.03125

0.59375 -0.0539975
0.588906 -0.046875

0.585938 -0.042574
0.583497 -0.0390625

0.578125 -0.031563
0.583467 -0.0390625

0.585938 -0.0426464
0.588879 -0.046875

0.570312 -0.0208804
0.566392 -0.015625

0.577903 -0.03125
0.572207 -0.0234375

0.570312 -0.0208965
0.572158 -0.0234375

0.5625 -0.0105234
0.566391 -0.015625

0.59375 -0.0540443
0.59944 -0.0625

0.6875 -0.236667
0.686675 -0.234375

0.686728 -0.234375
0.680751 -0.21875

0.671875 -0.197127
0.671104 -0.195312

0.671043 -0.195312
0.667647 -0.1875

0.680751 -0.21875
0.674393 -0.203125

0.671875 -0.197349
0.674357 -0.203125

0.65625 -0.162553
0.653235 -0.15625

0.640625 -0.131794
0.637009 -0.125

0.653141 -0.15625
0.645249 -0.140625

0.640625 -0.132028
0.645201 -0.140625

0.667679 -0.1875
0.660608 -0.171875

0.65625 -0.162877
0.660554 -0.171875

0.6875 -0.236755
0.692424 -0.25

0.625 -0.103978
0.637033 -0.125

0.53125 0.0279854
0.528458 0.03125

0.515625 0.0457723
0.51463 0.046875

0.507812 0.054319
0.507471 0.0546875

0.507477 0.0546875
0.500153 0.0625

0.507812 0.0543204
0.514637 0.046875

0.523438 0.0369907
0.521619 0.0390625

0.515625 0.0457736
0.521634 0.0390625

0.523438 0.0370248
0.528468 0.03125

0.546875 0.00927122
0.541682 0.015625

0.539062 0.0187387
0.53517 0.0234375

0.53125 0.028066
0.535139 0.0234375

0.539062 0.0188125
0.541682 0.015625

0.554318 0
0.548077 0.0078125

0.546875 0.00934818
0.548113 0.0078125

0.5 0.0626839
0.500175 0.0625

3.99805 -0.5
3.99949 -0.492188

3.99582 -0.492188
4 -0.488657

