-0.875 0.41806
-0.867188 0.417184

-0.867188 0.417184
-0.859375 0.416307

-0.859375 0.416307
-0.851562 0.415428

-0.851562 0.415428
-0.84375 0.414548

-0.835938 0.413747
-0.838736 0.414062

-0.84375 0.414485
-0.84001 0.414062

-0.835938 0.413667
-0.828125 0.412782

-2 0.470721
-1.99219 0.470767

-1.99219 0.470767
-1.98438 0.470819

-1.98438 0.470819
-1.97656 0.470876

-0.828125 0.412782
-0.820312 0.411895

-0.820312 0.411895
-0.8125 0.411005

-1.97656 0.470876
-1.96875 0.470939

-0.8125 0.411005
-0.804688 0.410111

-0.804688 0.410111
-0.796875 0.409214

-4 0.444685
-3.98438 0.444707

-3.98438 0.444708
-3.96875 0.44477

-3.96875 0.444773
-3.95312 0.444866

-0.796875 0.409214
-0.789062 0.408313

-0.789062 0.408313
-0.78125 0.40741

-3 0.457964
-2.99219 0.458039

-1.96875 0.470939
-1.96094 0.471008

-1.96094 0.471008
-1.95312 0.471082

-2.99219 0.458039
-2.98438 0.458107

-1.95312 0.471081
-1.94531 0.471161

-0.765625 0.405637
-0.770879 0.40625

-1.94531 0.471161
-1.9375 0.471247

-2.98438 0.458107
-2.97656 0.458168

-2.97656 0.458168
-2.96875 0.458223

-2.96875 0.458223
-2.96094 0.458272

-0.765625 0.405592
-0.757812 0.404676

-1.9375 0.471247
-1.92969 0.47134

-0.757812 0.404676
-0.75 0.403755

-3.95312 0.44487
-3.9375 0.444979

-1.92969 0.47134
-1.92188 0.47144

-1.92188 0.47144
-1.91406 0.471546

-3.9375 0.444979
-3.92969 0.445036

-1.91406 0.471546
-1.90625 0.47166

-2.96094 0.458272
-2.95312 0.458316

-0.78125 0.407409
-0.773438 0.406502

-1.90625 0.471661
-1.89844 0.471782

-0.773438 0.406326
-0.772789 0.40625

-3.92969 0.445036
-3.92188 0.445097

-3.92188 0.445099
-3.90625 0.445218

-3.90625 0.445218
-3.89062 0.445334

-3.89062 0.445334
-3.88281 0.445392

-3.88281 0.445392
-3.875 0.44545

-2.95312 0.458316
-2.94531 0.458356

-2.94531 0.458356
-2.9375 0.458392

-1.89844 0.471782
-1.89062 0.47191

-1.89062 0.47191
-1.88281 0.472045

-3.875 0.445455
-3.85938 0.445552

-3.85938 0.44555
-3.84375 0.445622

-3.84375 0.445621
-3.83594 0.44565

-3.83594 0.44565
-3.82812 0.445674

-3.82812 0.445674
-3.82031 0.445691

-0.75 0.403755
-0.742188 0.402829

-3.82031 0.445691
-3.8125 0.445701

-0.742188 0.402829
-0.734375 0.401897

-3.8125 0.4457
-3.80469 0.445703

-2.9375 0.458392
-2.92969 0.458426

-1.88281 0.472045
-1.875 0.472187

-2.92969 0.458425
-2.92188 0.458459

-2.92188 0.458459
-2.91406 0.458493

-3.80469 0.445704
-3.79688 0.4457

-3.79688 0.445701
-3.78906 0.445689

-1.875 0.472187
-1.86719 0.472336

-0.734375 0.401897
-0.726562 0.400959

-2.91406 0.458492
-2.90625 0.458528

-0.726562 0.40096
-0.71875 0.400016

-0.71875 0.400016
-0.710938 0.399066

-1.86719 0.472336
-1.85938 0.472491

-0.703125 0.398193
-0.705122 0.398438

-2.90625 0.458527
-2.89844 0.458565

-3.78906 0.445688
-3.78125 0.445668

-0.710938 0.399026
-0.706132 0.398438

-3.78125 0.445668
-3.77344 0.44564

-0.703125 0.398109
-0.695312 0.397144

-3.77344 0.44564
-3.76562 0.445608

-1.85938 0.472492
-1.85156 0.472654

-3.76562 0.445608
-3.75781 0.445569

-0.695312 0.397144
-0.6875 0.39617

-3.75781 0.445569
-3.75 0.445524

-1.85156 0.472654
-1.84375 0.472821

-1.84375 0.472821
-1.83594 0.472993

-2.89844 0.458565
-2.89062 0.458607

-1.83594 0.472993
-1.82812 0.473169

-2.89062 0.458607
-2.88281 0.458653

-2.88281 0.458653
-2.875 0.458702

-1.82812 0.473169
-1.82031 0.473348

-0.6875 0.39617
-0.679688 0.395186

-0.679688 0.395186
-0.671875 0.394193

-2.875 0.4587
-2.85938 0.458809

-1.82031 0.473348
-1.8125 0.473529

-0.671875 0.394193
-0.664062 0.393191

-1.8125 0.473529
-1.80469 0.473713

-0.664062 0.393191
-0.65625 0.39218

-3.75 0.445524
-3.74219 0.445472

-3.74219 0.445472
-3.73438 0.445416

-0.640625 0.390214
-0.643747 0.390625

-2.85938 0.458811
-2.85156 0.458871

-0.65625 0.392181
-0.648438 0.391162

-1.80469 0.473713
-1.79688 0.473898

-1.79688 0.473898
-1.78906 0.474085

-0.648438 0.391091
-0.644898 0.390625

-0.640625 0.390135
-0.632812 0.389097

-0.632812 0.389097
-0.625 0.388048

-1.78906 0.474085
-1.78125 0.474275

-1.78125 0.474275
-1.77344 0.474467

-1.77344 0.474467
-1.76562 0.474661

-1.76562 0.474661
-1.75781 0.474856

-1.75781 0.474856
-1.75 0.475051

-0.53125 0.374571
-0.534011 0.375

-0.53125 0.374451
-0.523438 0.373221

-2.85156 0.458871
-2.84375 0.458933

-2.84375 0.45893
-2.82812 0.459068

-3.73438 0.445416
-3.72656 0.445356

-0.523438 0.373221
-0.515625 0.371973

-0.515625 0.371973
-0.507812 0.370707

-2.82812 0.459074
-2.8125 0.459222

-0.507812 0.370707
-0.5 0.369424

-0.625 0.388048
-0.617188 0.386987

-0.617188 0.386987
-0.609375 0.385914

-3.71875 0.445294
-3.72107 0.445312

-3.72656 0.445356
-3.72106 0.445312

-2.8125 0.459216
-2.79688 0.459378

-1.75 0.475051
-1.74219 0.475243

-1.74219 0.475244
-1.73438 0.475434

-0.609375 0.385914
-0.601562 0.38483

-1.73438 0.475434
-1.72656 0.475622

-1.72656 0.475622
-1.71875 0.475807

-0.601562 0.38483
-0.59375 0.383734

-2.79688 0.45938
-2.78125 0.459566

-1.71875 0.475807
-1.71094 0.47599

-3.71875 0.445294
-3.71094 0.445229

-0.585938 0.382674
-0.586915 0.382812

-3.71094 0.445229
-3.70312 0.44516

-1.71094 0.47599
-1.70312 0.476168

-2.78125 0.459573
-2.76562 0.459764

-1.70312 0.476169
-1.69531 0.476343

-3.70312 0.44516
-3.69531 0.445089

-0.59375 0.383726
-0.587314 0.382812

-3.69531 0.445089
-3.6875 0.445016

-1.69531 0.476343
-1.6875 0.476511

-2.76562 0.45976
-2.75781 0.459853

-2.75781 0.459853
-2.75 0.459953

-1.6875 0.476523
-1.68559 0.476562

-1.68478 0.476562
-1.67969 0.476668

-3.6875 0.445016
-3.67969 0.444942

-1.67969 0.476673
-1.67188 0.476828

-0.585938 0.382626
-0.578125 0.381504

-0.578125 0.381504
-0.570312 0.380366

-3.67969 0.444942
-3.67188 0.444865

-0.570312 0.380367
-0.5625 0.379214

-1.67188 0.476828
-1.66406 0.476975

-1.66406 0.476975
-1.65625 0.477116

-0.5625 0.379214
-0.554688 0.378046

-0.554688 0.378046
-0.546875 0.376863

-3.67188 0.444865
-3.66406 0.444788

-3.66406 0.444788
-3.65625 0.44471

-1.65625 0.477116
-1.64844 0.47725

-2.75 0.459953
-2.74219 0.460059

-1.64844 0.47725
-1.64062 0.477377

-0.546875 0.376863
-0.539062 0.375664

-1.64062 0.477378
-1.63281 0.477498

-0.539062 0.375569
-0.535397 0.375

-2.74219 0.460059
-2.73438 0.460173

-3.65625 0.444709
-3.64844 0.444632

-2.73438 0.460167
-2.71875 0.460431

-2.71875 0.46044
-2.70312 0.460737

-1.63281 0.477498
-1.625 0.47761

-3.64844 0.444631
-3.64062 0.444555

-3.64062 0.444555
-3.63281 0.444481

-2.70312 0.460732
-2.6875 0.461053

-1.625 0.47761
-1.61719 0.477713

-1.61719 0.477714
-1.60938 0.477807

-3.63281 0.444481
-3.625 0.44441

-1.60938 0.477807
-1.60156 0.477889

-1.60156 0.47789
-1.59375 0.477959

-2.6875 0.461057
-2.67188 0.461405

-3.625 0.44441
-3.61719 0.444342

-1.59375 0.47796
-1.58594 0.478016

-2.67188 0.461405
-2.65625 0.46177

-3.61719 0.444342
-3.60938 0.444278

-3.60938 0.444277
-3.59375 0.444162

-1.58594 0.478016
-1.57812 0.478057

-1.57812 0.478057
-1.57031 0.478082

-2.65625 0.461768
-2.64062 0.462152

-1.57031 0.478082
-1.5625 0.478091

-3.59375 0.444158
-3.57812 0.444066

-3.57812 0.444067
-3.5625 0.444005

-1.5625 0.478091
-1.55469 0.478082

-1.55469 0.478082
-1.54688 0.478056

-1.54688 0.478056
-1.53906 0.478012

-3.5625 0.444007
-3.55469 0.443986

-3.55469 0.443986
-3.54688 0.44397

-2.64062 0.462154
-2.625 0.462556

-1.53906 0.478012
-1.53125 0.477949

-1.53125 0.477949
-1.52344 0.477867

-1.52344 0.477867
-1.51562 0.477765

-3.54688 0.44397
-3.53125 0.443946

-3.53125 0.443949
-3.51562 0.443933

-1.51562 0.477765
-1.50781 0.477642

-3.51562 0.443932
-3.50781 0.443925

-3.50781 0.443925
-3.5 0.443919

-2.625 0.462557
-2.60938 0.462969

-2.60938 0.462969
-2.59375 0.463386

-1.50781 0.477642
-1.5 0.477497

-2.59375 0.463386
-2.57812 0.463808

-2.57812 0.463811
-2.5625 0.464232

-2.5625 0.464233
-2.54688 0.464648

-2.54688 0.464648
-2.53125 0.465055

-2.53125 0.465055
-2.51562 0.465453

-2.51562 0.465455
-2.5 0.46584

-0.5 0.369424
-0.492188 0.368123

-0.484375 0.366911
-0.486014 0.367188

-0.492188 0.368085
-0.48687 0.367188

-0.484375 0.366805
-0.476562 0.365467

-0.476562 0.365467
-0.46875 0.364107

-0.46875 0.364107
-0.460938 0.362727

-0.460938 0.362727
-0.453125 0.361325

-0.4375 0.358563
-0.441891 0.359375

-0.453125 0.361325
-0.445312 0.359902

-0.445312 0.359687
-0.443625 0.359375

-0.4375 0.358459
-0.429688 0.356991

-0.429688 0.35699
-0.421875 0.355498

-0.421875 0.355498
-0.414062 0.353983

-0.414062 0.353983
-0.40625 0.352446

-0.398438 0.351059
-0.400956 0.351562

-0.40625 0.352321
-0.402455 0.351562

-0.398438 0.350886
-0.390625 0.3493

-0.390625 0.3493
-0.382812 0.347688

-0.382812 0.347688
-0.375 0.346052

-0.359375 0.342842
-0.36358 0.34375

-0.359375 0.342703
-0.351562 0.340988

-0.351562 0.340988
-0.34375 0.339245

-0.375 0.346052
-0.367188 0.34439

-0.367188 0.344122
-0.365465 0.34375

-0.34375 0.339245
-0.335938 0.337474

-0.328125 0.335791
-0.328762 0.335938

-0.335938 0.337458
-0.329334 0.335938

-0.328125 0.335676
-0.320312 0.333847

-0.320312 0.333846
-0.3125 0.331985

-0.3125 0.331985
-0.304688 0.330093

-0.304688 0.330093
-0.296875 0.328171

-0.289062 0.326217
-0.296686 0.328125

-0.289062 0.326216
-0.28125 0.324227

-0.296875 0.328146
-0.296792 0.328125

-0.28125 0.324227
-0.273438 0.322205

-0.265625 0.320216
-0.265993 0.320312

-0.273438 0.322201
-0.266253 0.320312

-0.265625 0.320153
-0.257812 0.318066

-0.257812 0.318065
-0.25 0.315943

-1.5 0.477497
-1.49219 0.477329

-1.49219 0.47733
-1.48438 0.477138

-1.48438 0.477138
-1.47656 0.476924

-1.47656 0.476924
-1.46875 0.476686

-1.46094 0.476433
-1.46483 0.476562

-1.46875 0.476678
-1.46529 0.476562

-1.46094 0.476425
-1.45312 0.476141

-1.45312 0.476141
-1.44531 0.475832

-1.44531 0.475833
-1.4375 0.475501

-0.046875 0.24698
-0.0541846 0.25

-0.046875 0.246977
-0.0390625 0.243693

-0.03125 0.240552
-0.0350761 0.242188

-1.4375 0.475501
-1.42969 0.475145

-0.0390625 0.243447
-0.036117 0.242188

-1.42969 0.475146
-1.42188 0.474766

-3.5 0.443919
-3.48438 0.443915

-2.5 0.465841
-2.48438 0.466207

-3.48438 0.443909
-3.46875 0.443928

-3.46875 0.443927
-3.45312 0.443982

-2.48438 0.466206
-2.46875 0.466553

-0.015625 0.233783
-0.0169614 0.234375

-1.42188 0.474765
-1.41406 0.474361

-0.03125 0.240355
-0.0234375 0.236957

-1.41406 0.474361
-1.40625 0.473933

-2.46875 0.466555
-2.45312 0.466882

-1.40625 0.473933
-1.39844 0.473481

-3.45312 0.443983
-3.4375 0.444073

-0.0234375 0.236874
-0.0177913 0.234375

-3.4375 0.444073
-3.42188 0.444195

-0.015625 0.2335
-0.0078125 0.22998

-1.39844 0.473481
-1.39062 0.473004

-2.45312 0.46688
-2.44531 0.467035

-1.39062 0.473004
-1.38281 0.472504

-3.42188 0.444189
-3.40625 0.444357

0 0.226439
-0.000269558 0.226562

-2.44531 0.467035
-2.4375 0.467184

-0.0078125 0.229978
-0.000363089 0.226562

-3.40625 0.444358
-3.39062 0.444584

-0.234375 0.31183
-0.236765 0.3125

-3.39062 0.444586
-3.375 0.444863

-2.4375 0.467185
-2.42188 0.46747

-2.42188 0.46747
-2.40625 0.467739

-1.38281 0.472504
-1.375 0.471981

-0.234375 0.311599
-0.226562 0.309375

-3.375 0.444859
-3.35938 0.445191

-2.40625 0.46774
-2.39062 0.467991

-3.35938 0.445197
-3.34375 0.445581

-2.39062 0.467989
-2.375 0.468222

-0.226562 0.309375
-0.21875 0.307114

-3.34375 0.445583
-3.32812 0.446006

-0.21875 0.307114
-0.210938 0.304819

-0.203125 0.302491
-0.210483 0.304688

-1.375 0.47198
-1.36719 0.471434

-0.210938 0.304757
-0.210706 0.304688

-3.32812 0.446004
-3.32031 0.446231

-2.375 0.468221
-2.35938 0.468442

-3.32031 0.446232
-3.3125 0.446477

-2.35938 0.468443
-2.34375 0.468649

-1.36719 0.471434
-1.35938 0.470865

-3.3125 0.446479
-3.30469 0.446737

-2.34375 0.46865
-2.33594 0.468747

-0.203125 0.302487
-0.195312 0.300116

-1.35938 0.470865
-1.35156 0.470274

-3.30469 0.446736
-3.29688 0.447005

-2.33594 0.468746
-2.33563 0.46875

-3.29688 0.447004
-3.28125 0.447572

-0.195312 0.300116
-0.1875 0.297707

-3.28125 0.447576
-3.26562 0.448172

-0.25 0.315942
-0.242188 0.313787

-3.26562 0.448162
-3.25 0.4488

-1.35156 0.470274
-1.34375 0.469662

-2.33555 0.46875
-2.32812 0.468839

-1.32812 0.46847
-1.33149 0.46875

-1.32812 0.468379
-1.32031 0.467708

-1.32031 0.467708
-1.3125 0.467017

-1.34375 0.469662
-1.33594 0.46903

-1.33594 0.46889
-1.33425 0.46875

-0.242188 0.313637
-0.23813 0.3125

-2.32812 0.468838
-2.32031 0.46893

-2.32031 0.46893
-2.3125 0.469022

-1.3125 0.467016
-1.30469 0.466307

-2.3125 0.469022
-2.30469 0.469111

-2.30469 0.469111
-2.29688 0.469199

-3.25 0.448804
-3.24219 0.449145

-3.24219 0.449147
-3.23438 0.449501

-3.23438 0.449501
-3.22656 0.449863

-3.22656 0.449863
-3.21875 0.450231

-0.179688 0.295371
-0.184486 0.296875

-0.179688 0.295259
-0.171875 0.292769

-0.1875 0.29746
-0.185634 0.296875

-0.171875 0.292769
-0.164062 0.290239

-1.30469 0.466306
-1.29688 0.465579

-1.29688 0.465579
-1.28906 0.464834

-3.21875 0.450232
-3.21094 0.450603

-3.21094 0.450603
-3.20312 0.450977

-2.29688 0.469199
-2.28906 0.469284

-2.28906 0.469284
-2.28125 0.469366

-0.15625 0.287862
-0.1599 0.289062

-0.164062 0.290003
-0.161203 0.289062

-1.28906 0.464834
-1.28125 0.464073

-0.132812 0.279905
-0.136711 0.28125

-1.28125 0.464073
-1.27344 0.463297

-3.20312 0.450978
-3.1875 0.451726

-1.27344 0.463297
-1.26562 0.462507

-0.132812 0.279705
-0.125 0.276965

-3.1875 0.451727
-3.17188 0.452473

-0.15625 0.28767
-0.148438 0.285057

-0.148438 0.285056
-0.140625 0.282401

-2.28125 0.469366
-2.27344 0.469445

-0.140625 0.282115
-0.138118 0.28125

-3.17188 0.452474
-3.16406 0.452845

-2.27344 0.469445
-2.26562 0.469521

-1.26562 0.462507
-1.25781 0.461705

-2.26562 0.469521
-2.25781 0.469594

-0.125 0.276964
-0.117188 0.27418

-3.16406 0.452845
-3.15822 0.453125

-0.109375 0.271426
-0.11493 0.273438

-0.117188 0.273937
-0.115807 0.273438

-2.25781 0.469594
-2.25 0.469666

-0.09375 0.265582
-0.0938644 0.265625

-1.25 0.460917
-1.2502 0.460938

-1.25781 0.461703
-1.25047 0.460938

-0.109375 0.271352
-0.101562 0.268477

-0.101562 0.268476
-0.0939397 0.265625

-3.15788 0.453125
-3.15625 0.453203

-3.15625 0.453225
-3.14062 0.453956

-3.14062 0.453955
-3.125 0.454657

-0.09375 0.265556
-0.0859375 0.262586

-0.0859375 0.262585
-0.078125 0.259566

-0.0703125 0.256764
-0.072981 0.257812

-0.078125 0.259375
-0.0741464 0.257812

-0.0703125 0.256498
-0.0625 0.253377

-0.0625 0.253376
-0.0546875 0.250203

-3.125 0.454663
-3.10938 0.455323

-2.25 0.469667
-2.24219 0.469736

-2.24219 0.469736
-2.23438 0.469802

-3.10938 0.455325
-3.09375 0.455925

-0.0546875 0.250144
-0.0543387 0.25

-3.09375 0.455926
-3.07812 0.456457

-2.23438 0.469802
-2.22656 0.469865

-1.25 0.460891
-1.24219 0.460064

-2.22656 0.469865
-2.21875 0.469926

-3.07812 0.456463
-3.0625 0.456914

-2.21875 0.469926
-2.21094 0.469984

-3.0625 0.456911
-3.04688 0.457276

-3.04688 0.457274
-3.03125 0.457564

-1.24219 0.460063
-1.23438 0.459223

-1.23438 0.459223
-1.22656 0.458371

-1.22656 0.458371
-1.21875 0.457508

-1.21875 0.457508
-1.21094 0.456636

-3.03125 0.457557
-3.02344 0.457677

-3.02344 0.457677
-3.01562 0.457785

-3.01562 0.457784
-3.00781 0.45788

-3.00781 0.457879
-3 0.457964

-1.21094 0.456636
-1.20312 0.455756

-1.20312 0.455756
-1.19531 0.45487

-2.21094 0.469984
-2.20312 0.470038

-2.20312 0.470039
-2.19531 0.470088

-2.19531 0.470088
-2.1875 0.470132

0.5 -0.382691
0.4987 -0.375

-1.19531 0.45487
-1.1875 0.453978

-1.17969 0.453105
-1.17986 0.453125

-2.1875 0.470131
-2.17969 0.47017

-2.17969 0.47017
-2.17188 0.470205

-2.17188 0.470205
-2.16406 0.470238

-2.16406 0.470238
-2.15625 0.470269

-1.17969 0.453083
-1.17188 0.452181

-1.1875 0.453977
-1.18007 0.453125

-1.17188 0.45218
-1.16406 0.451273

-1.16406 0.451272
-1.15625 0.45036

-1.15625 0.45036
-1.14844 0.449444

-1.14844 0.449444
-1.14062 0.448526

-1.14062 0.448526
-1.13281 0.447606

-1.13281 0.447606
-1.125 0.446686

-2.15625 0.470269
-2.14844 0.470299

-2.14844 0.470299
-2.14062 0.470325

0.49868 -0.375
0.497233 -0.367188

0.497232 -0.367188
0.495698 -0.359375

-2.14062 0.470325
-2.13281 0.470349

-1.125 0.446686
-1.11719 0.445766

-1.10938 0.444958
-1.11238 0.445312

0.4957 -0.359375
0.494079 -0.351562

-2.13281 0.470349
-2.125 0.470371

0.49408 -0.351562
0.492369 -0.34375

-1.11719 0.445649
-1.11433 0.445312

-2.125 0.470371
-2.11719 0.470391

0.492394 -0.34375
0.488691 -0.328125

-1.10938 0.444846
-1.10156 0.443925

0.488686 -0.328125
0.484616 -0.3125

-2.11719 0.470391
-2.10938 0.470409

0.46875 -0.261438
0.467501 -0.257812

0.467575 -0.257812
0.464791 -0.25

0.484375 -0.311697
0.482429 -0.304688

0.482424 -0.304688
0.480167 -0.296875

0.480191 -0.296875
0.475412 -0.28125

0.484375 -0.311761
0.484584 -0.3125

0.475386 -0.28125
0.472866 -0.273438

0.472868 -0.273438
0.470266 -0.265625

0.46875 -0.261054
0.470325 -0.265625

-2.10938 0.470409
-2.10156 0.470427

-2.10156 0.470427
-2.09375 0.470445

-1.10156 0.443925
-1.09375 0.443003

0.367188 -0.0634527
0.366527 -0.0625

0.375 -0.0747443
0.371963 -0.0703125

-1.09375 0.443003
-1.08594 0.442081

-2.09375 0.470445
-2.08594 0.470462

-1.08594 0.442081
-1.07812 0.441161

0.367188 -0.0634102
0.372041 -0.0703125

-1.07812 0.44116
-1.07031 0.440242

-1.07031 0.440242
-1.0625 0.439325

-1.03906 0.436594
-1.04686 0.4375

-1.03906 0.436594
-1.03125 0.435687

0.34375 -0.0321
0.343087 -0.03125

0.320312 -0.00390004
0.316934 0

-2.08594 0.470462
-2.07812 0.470479

-2.07812 0.470479
-2.07031 0.470496

-1.03125 0.435687
-1.02344 0.434783

-1.02344 0.434783
-1.01562 0.433882

-1.01562 0.433882
-1.00781 0.432984

-1.00781 0.432984
-1 0.43209

-1.0625 0.439325
-1.05469 0.438412

-1.05469 0.438412
-1.04688 0.437502

0.328125 -0.0129754
0.323775 -0.0078125

0.320312 -0.00366307
0.32386 -0.0078125

-2.07031 0.470496
-2.0625 0.470512

-2.0625 0.470512
-2.05469 0.470529

-2.05469 0.470529
-2.04688 0.470548

-2.04688 0.470548
-2.03906 0.470568

-2.03906 0.470568
-2.03125 0.47059

0.335938 -0.0223207
0.330427 -0.015625

0.343107 -0.03125
0.336853 -0.0234375

0.335938 -0.0223299
0.336832 -0.0234375

0.328125 -0.012774
0.330497 -0.015625

0.359375 -0.0526146
0.355126 -0.046875

0.351562 -0.0422032
0.349217 -0.0390625

0.34375 -0.0320781
0.349194 -0.0390625

0.351562 -0.0421797
0.355119 -0.046875

0.366546 -0.0625
0.360909 -0.0546875

0.359375 -0.0525865
0.360893 -0.0546875

-2.03125 0.470589
-2.02344 0.470615

0.4375 -0.184254
0.435358 -0.179688

0.435386 -0.179688
0.431617 -0.171875

0.429688 -0.168014
0.427725 -0.164062

0.427738 -0.164062
0.423744 -0.15625

0.429688 -0.167962
0.431631 -0.171875

0.421875 -0.1527
0.415455 -0.140625

-2.02344 0.470614
-2.01562 0.470645

-2.01562 0.470645
-2.00781 0.47068

-2.00781 0.47068
-2 0.470721

0.414062 -0.138163
0.41111 -0.132812

0.411125 -0.132812
0.406693 -0.125

0.414062 -0.138086
0.415464 -0.140625

-1 0.43209
-0.992188 0.4312

-0.992188 0.431201
-0.984375 0.430315

0.421875 -0.152656
0.423763 -0.15625

0.453125 -0.220069
0.45259 -0.21875

0.460938 -0.239701
0.45891 -0.234375

0.464792 -0.25
0.461915 -0.242188

0.460938 -0.239459
0.461976 -0.242188

0.458941 -0.234375
0.455871 -0.226562

0.453125 -0.219744
0.455891 -0.226562

0.452725 -0.21875
0.446094 -0.203125

0.445312 -0.201449
0.442594 -0.195312

0.442611 -0.195312
0.439048 -0.1875

0.445312 -0.201273
0.446133 -0.203125

0.4375 -0.184122
0.439084 -0.1875

-0.976562 0.42951
-0.978131 0.429688

-0.984375 0.430288
-0.979059 0.429688

0.390625 -0.0984363
0.387658 -0.09375

0.398438 -0.111172
0.397363 -0.109375

0.40625 -0.124247
0.402132 -0.117188

0.398438 -0.110977
0.402162 -0.117188

0.397452 -0.109375
0.392637 -0.101562

0.390625 -0.0983075
0.392685 -0.101562

0.382812 -0.0862619
0.382605 -0.0859375

0.382609 -0.0859375
0.377391 -0.078125

0.382812 -0.086249
0.387692 -0.09375

0.375 -0.0744941
0.377479 -0.078125

-0.976562 0.429434
-0.96875 0.428554

-0.96875 0.428553
-0.960938 0.427675

-0.960938 0.427675
-0.953125 0.426797

-0.953125 0.426797
-0.945312 0.425921

0.40625 -0.124166
0.406732 -0.125

-0.945312 0.425921
-0.9375 0.425045

-0.9375 0.425045
-0.929688 0.424171

0.0234375 0.215269
0.0162412 0.21875

0.0234375 0.215265
0.03125 0.211417

-0.929688 0.424171
-0.921875 0.423298

-0.90625 0.421631
-0.908438 0.421875

0 0.226399
0.0078125 0.222754

0.0078125 0.222754
0.015625 0.219043

-0.921875 0.423298
-0.914062 0.422426

-0.914062 0.422385
-0.909491 0.421875

0.015625 0.218988
0.016118 0.21875

0.0390625 0.207508
0.0322306 0.210938

-0.90625 0.421555
-0.898438 0.420683

-0.898438 0.420683
-0.890625 0.419809

0.03125 0.211323
0.0320179 0.210938

0.0390625 0.207495
0.046875 0.2035

-0.890625 0.419809
-0.882812 0.418935

-0.882812 0.418935
-0.875 0.41806

0.0546875 0.199436
0.0476067 0.203125

0.0625 0.195289
0.0624551 0.195312

0.0546875 0.199429
0.0624472 0.195312

0.046875 0.20344
0.0474803 0.203125

0.078125 0.186633
0.0765463 0.1875

0.078125 0.186779
0.0859375 0.182416

0.09375 0.177694
0.0902435 0.179688

0.0859375 0.182602
0.0910656 0.179688

0.109375 0.168605
0.103831 0.171875

0.09375 0.177978
0.101562 0.173455

0.101562 0.173879
0.104973 0.171875

0.117188 0.16352
0.116241 0.164062

0.109375 0.168882
0.117188 0.164185

0.125 0.159362
0.117333 0.164062

0.117188 0.164161
0.117354 0.164062

0.0625 0.195285
0.0703125 0.191068

0.0703125 0.1911
0.0768691 0.1875

0.179688 0.123284
0.177236 0.125

0.179688 0.123
0.1875 0.117356

0.21875 0.0928719
0.217661 0.09375

0.203125 0.105707
0.198264 0.109375

0.195312 0.111591
0.187731 0.117188

0.1875 0.11733
0.187696 0.117188

0.195312 0.111552
0.198247 0.109375

0.210938 0.0999704
0.208837 0.101562

0.203125 0.10556
0.208332 0.101562

0.210938 0.0997265
0.218511 0.09375

0.21875 0.0935065
0.226562 0.0871929

0.234375 0.0806778
0.228034 0.0859375

0.226562 0.0873371
0.228294 0.0859375

0.242188 0.0738774
0.237163 0.078125

0.25 0.0672551
0.246453 0.0703125

0.242188 0.0739992
0.246492 0.0703125

0.234375 0.0810141
0.237778 0.078125

0.132812 0.154399
0.129852 0.15625

0.132812 0.15448
0.140625 0.149498

0.15625 0.139007
0.153783 0.140625

0.148438 0.144389
0.142217 0.148438

0.140625 0.149575
0.142419 0.148438

0.148438 0.144505
0.15428 0.140625

0.125 0.159414
0.130042 0.15625

0.15625 0.139228
0.164062 0.133931

0.171875 0.128529
0.165688 0.132812

0.164062 0.133899
0.165662 0.132812

0.171875 0.128375
0.176648 0.125

0.257812 0.0600657
0.255129 0.0625

0.265625 0.0527379
0.263537 0.0546875

0.257812 0.0602097
0.263859 0.0546875

0.273438 0.045205
0.2717 0.046875

0.28125 0.0379494
0.280113 0.0390625

0.273438 0.0454915
0.280065 0.0390625

0.265625 0.0530082
0.272111 0.046875

0.289062 0.0300202
0.287865 0.03125

0.296875 0.0216411
0.29516 0.0234375

0.289062 0.0300595
0.295451 0.0234375

0.304688 0.0134389
0.302665 0.015625

0.3125 0.00490993
0.309899 0.0078125

0.304688 0.0137191
0.31004 0.0078125

0.296875 0.0220451
0.302898 0.015625

0.28125 0.0379058
0.287887 0.03125

0.25 0.0672412
0.255307 0.0625

0.3125 0.00512669
0.317052 0

0.510026 -0.5
0.509982 -0.492188

0.509982 -0.492188
0.509849 -0.484375

0.509848 -0.484375
0.509627 -0.476562

0.509627 -0.476562
0.509318 -0.46875

0.509319 -0.46875
0.508922 -0.460938

0.508922 -0.460938
0.508438 -0.453125

0.508462 -0.453125
0.507219 -0.4375

0.507215 -0.4375
0.505613 -0.421875

0.505616 -0.421875
0.503656 -0.40625

0.503627 -0.40625
0.502513 -0.398438

0.502516 -0.398438
0.501322 -0.390625

0.501322 -0.390625
0.500042 -0.382812

0.5 -0.382692
0.500021 -0.382812

3.99805 -0.5
3.99949 -0.492188

3.99582 -0.492188
4 -0.488656

