-4 0.197376
-3.99219 0.197375

-3.99219 0.197377
-3.98438 0.197368

-3.98438 0.197368
-3.97656 0.197346

-3.97656 0.197347
-3.96875 0.19731

-3.96875 0.19731
-3.96094 0.197257

-3.96094 0.197257
-3.95312 0.197186

-3.95312 0.197194
-3.9375 0.196991

-3.9375 0.196992
-3.92188 0.196701

-3.92188 0.196699
-3.90625 0.196322

-3.90625 0.196321
-3.89062 0.195863

-3.89062 0.195856
-3.88281 0.195598

-3.88281 0.195598
-3.875 0.195324

-3.86719 0.195033
-3.8747 0.195312

-3.875 0.195323
-3.8747 0.195312

-3.86719 0.195033
-3.85938 0.194727

-3.85938 0.194727
-3.85156 0.194403

-3.85156 0.194403
-3.84375 0.194064

-3.84375 0.194063
-3.83594 0.193707

-3.83594 0.193707
-3.82812 0.193334

-3.82812 0.193334
-3.82031 0.192946

-3.82031 0.192946
-3.8125 0.192543

-3.8125 0.192543
-3.80469 0.192125

-3.80469 0.192125
-3.79688 0.191694

-3.79688 0.191693
-3.78906 0.191248

-3.78906 0.191248
-3.78125 0.190791

-3.78125 0.19079
-3.77344 0.190322

-3.77344 0.190322
-3.76562 0.189844

-3.76562 0.189844
-3.75781 0.189357

-3.75781 0.189357
-3.75 0.188862

-3.71875 0.186817
-3.72906 0.1875

-3.71875 0.186828
-3.6875 0.184663

-3.75 0.188862
-3.74219 0.188359

-3.74219 0.18836
-3.73438 0.187849

-3.73438 0.187843
-3.72919 0.1875

-3.6875 0.18465
-3.65625 0.182378

-3.65625 0.18238
-3.625 0.180025

-3.625 0.179993
-3.59375 0.177614

-3.59375 0.177644
-3.5625 0.175246

-3.5625 0.175231
-3.5 0.170336

-0.25 -0.0221266
-0.242188 -0.0219371

-0.242188 -0.0219371
-0.234375 -0.0217459

-0.234375 -0.0217459
-0.226562 -0.0215532

-0.226562 -0.0215532
-0.21875 -0.0213589

-1.69531 -0.000197084
-1.69828 0

-3.5 0.170316
-3.46875 0.167833

1.5 0.0352121
1.50781 0.0349774

1.50781 0.0349774
1.51562 0.0347362

-0.21875 -0.0213589
-0.210938 -0.0211632

1.51562 0.0347363
1.52344 0.0344885

1.52344 0.0344885
1.53125 0.0342337

-0.210938 -0.0211632
-0.203125 -0.020966

-1.69531 -0.000178812
-1.6875 -0.00069223

-1.6875 -0.000691897
-1.67969 -0.00119912

-1.67969 -0.00119905
-1.67188 -0.00170088

-1.67188 -0.00170081
-1.66406 -0.00219755

-1.66406 -0.00219751
-1.65625 -0.00268939

-1.65625 -0.00268945
-1.64844 -0.00317643

-1.64844 -0.00317646
-1.64062 -0.00365834

-1.64062 -0.00365845
-1.63281 -0.00413493

-1.63281 -0.00413494
-1.625 -0.00460577

-3.46875 0.167828
-3.4375 0.165361

-1.625 -0.00460569
-1.61719 -0.00507102

-3.4375 0.165338
-3.375 0.160549

-3.375 0.160583
-3.3125 0.155929

-3.3125 0.155913
-3.28125 0.153619

-3.28125 0.153619
-3.25 0.151389

-3.25 0.151406
-3.21875 0.149206

-3.21875 0.149208
-3.1875 0.146999

-3.1875 0.146998
-3.15625 0.144778

-3.15625 0.144782
-3.125 0.142547

-3.125 0.142554
-3.09375 0.140283

-3.09375 0.140282
-3.0625 0.137966

-3.0625 0.137967
-3.03125 0.135607

-3.03125 0.135602
-3.01562 0.134405

-3.01562 0.134405
-3 0.133199

1.53125 0.0342338
1.53906 0.033972

-0.203125 -0.0209661
-0.195312 -0.0207674

1.53906 0.033972
1.54688 0.0337031

1.54688 0.0337031
1.55469 0.033427

1.55469 0.033427
1.5625 0.0331439

1.5625 0.0331439
1.57031 0.0328537

1.57031 0.0328537
1.57812 0.0325566

1.57812 0.0325567
1.58594 0.0322525

-0.195312 -0.0207674
-0.1875 -0.0205673

1.58594 0.0322526
1.59375 0.0319408

-1.61719 -0.00507094
-1.60938 -0.00553111

-1.60938 -0.00553104
-1.60156 -0.00598634

-1.60156 -0.00598632
-1.59375 -0.00643694

-1.59375 -0.00643697
-1.58594 -0.00688291

-1.58594 -0.0068829
-1.57812 -0.00732415

-1.57812 -0.00732428
-1.57031 -0.00776058

-1.5625 -0.00819198
-1.56938 -0.0078125

-1.57031 -0.00775732
-1.56931 -0.0078125

-1.5625 -0.00819151
-1.55469 -0.00861635

-1.55469 -0.00861637
-1.54688 -0.00903524

-1.54688 -0.00903535
-1.53906 -0.00944799

-1.53906 -0.00944788
-1.53125 -0.0098543

-2.875 0.122931
-2.89897 0.125

-1.53125 -0.00985435
-1.52344 -0.0102547

-3 0.133201
-2.98438 0.131979

-2.98438 0.131978
-2.96875 0.130739

-2.96875 0.130737
-2.95312 0.129484

-2.95312 0.129486
-2.9375 0.128217

-2.9375 0.128217
-2.92188 0.126929

-1.52344 -0.0102547
-1.51562 -0.0106487

-1.51562 -0.0106486
-1.50781 -0.0110367

-1.50781 -0.0110367
-1.5 -0.011419

-2.92188 0.12693
-2.90625 0.125621

-1.99219 0.0232122
-1.99458 0.0234375

-2 0.0239776
-1.99427 0.0234375

-1.99219 0.0232326
-1.98438 0.0225047

-1.98438 0.0225048
-1.97656 0.0217861

-1.97656 0.021786
-1.96875 0.0210764

-1.96875 0.0210766
-1.96094 0.0203758

-1.96094 0.020376
-1.95312 0.0196831

1.61719 0.0309595
1.61039 0.03125

1.61719 0.0309602
1.625 0.0306193

1.59375 0.0319408
1.60156 0.0316214

1.60156 0.0316214
1.60938 0.0312944

1.60938 0.0312981
1.6105 0.03125

1.625 0.0306193
1.63281 0.0302714

-0.1875 -0.0205673
-0.179688 -0.0203656

-0.179688 -0.0203656
-0.171875 -0.0201624

-0.171875 -0.0201624
-0.164062 -0.0199576

-2.90625 0.125629
-2.89889 0.125

-2.875 0.122926
-2.85938 0.121536

-2.85938 0.121536
-2.84375 0.120116

-2.84375 0.120116
-2.82812 0.118667

-2.82812 0.118666
-2.8125 0.11719

-2.8125 0.11719
-2.79688 0.115691

-2.79688 0.115692
-2.78125 0.114169

-2.78125 0.114167
-2.77344 0.113395

-2.77344 0.113395
-2.76562 0.112618

-2.76562 0.112619
-2.75781 0.111834

-2.75781 0.111834
-2.75 0.111041

-2.75 0.111041
-2.74219 0.11024

-2.74219 0.11024
-2.73438 0.109431

-2.71875 0.107802
-2.73387 0.109375

-2.73438 0.10943
-2.73385 0.109375

-2.71875 0.107806
-2.70312 0.106168

-2.70312 0.106169
-2.6875 0.104509

-2.6875 0.104499
-2.67188 0.102834

-2.67188 0.102844
-2.65625 0.101171

-2.65625 0.101172
-2.64062 0.099469

-2.64062 0.0994657
-2.63281 0.0986026

-2.63281 0.0986032
-2.625 0.0977339

-2.625 0.0977338
-2.61719 0.0968576

-2.61719 0.0968572
-2.60938 0.0959751

-2.60938 0.0959752
-2.60156 0.0950878

-2.60156 0.0950882
-2.59375 0.0941942

-2.57812 0.0923846
-2.58994 0.09375

-2.57812 0.092385
-2.57031 0.0914759

-2.57031 0.0914759
-2.5625 0.0905602

-2.59375 0.0941993
-2.58986 0.09375

-2.5625 0.0905601
-2.55469 0.0896383

-2.55469 0.089638
-2.54688 0.0887107

-2.54688 0.088711
-2.53906 0.0877782

-2.53906 0.0877783
-2.53125 0.0868394

-2.52344 0.0858648
-2.52404 0.0859375

-2.53125 0.0868414
-2.52378 0.0859375

-2.52344 0.085893
-2.51562 0.084942

-2.51562 0.0849424
-2.50781 0.0839873

-2.50781 0.0839873
-2.5 0.0830273

-1.95312 0.0196833
-1.94531 0.0189974

-1.94531 0.0189976
-1.9375 0.018318

-1.9375 0.0183183
-1.92969 0.0176444

-1.92969 0.0176445
-1.92188 0.0169755

-1.90625 0.0156183
-1.90633 0.015625

-1.92188 0.0169758
-1.91406 0.0163111

-1.91406 0.0163111
-1.90625 0.0156502

-1.89844 0.0149935
-1.90596 0.015625

-1.89844 0.0149935
-1.89062 0.0143426

1.63281 0.0302714
1.64062 0.0299164

1.64062 0.0299164
1.64844 0.0295545

1.64844 0.0295544
1.65625 0.029186

-2.5 0.0830275
-2.49219 0.0820623

-2.49219 0.0820624
-2.48438 0.0810917

-2.48438 0.0810917
-2.47656 0.080115

-1.90625 0.0156522
-1.90593 0.015625

1.65625 0.0291859
1.66406 0.0288115

1.66406 0.0288114
1.67188 0.0284312

-1.89062 0.0143425
-1.88281 0.0136972

-1.88281 0.0136972
-1.875 0.0130576

1.67188 0.0284314
1.67969 0.0280451

-1.875 0.0130575
-1.86719 0.0124239

-1.86719 0.0124238
-1.85938 0.0117966

-2.47656 0.0801156
-2.46875 0.0791317

-0.164062 -0.0199576
-0.15625 -0.0197514

-0.15625 -0.0197513
-0.148438 -0.0195439

-0.148438 -0.0195439
-0.140625 -0.0193355

-0.140625 -0.0193355
-0.132812 -0.0191261

1.67969 0.0280452
1.6875 0.0276523

1.6875 0.0276524
1.69531 0.0272528

1.69531 0.0272528
1.70312 0.0268463

-2.45312 0.0771441
-2.46094 0.078125

-2.46875 0.0791327
-2.46094 0.0781383

-2.46094 0.078135
-2.46086 0.078125

-2.45312 0.0771653
-2.4375 0.0752126

-2.4375 0.0752147
-2.42188 0.0732448

-2.42188 0.0732395
-2.40625 0.0712589

-2.40625 0.0712629
-2.39062 0.0692742

-2.39062 0.0692707
-2.38281 0.0682712

-2.38281 0.0682714
-2.375 0.0672738

-2.33594 0.062268
-2.33775 0.0625

-2.33594 0.0622883
-2.32812 0.061292

-2.32812 0.0612922
-2.32031 0.0602974

-2.32031 0.0602973
-2.3125 0.059304

-2.375 0.0672742
-2.36719 0.0662773

-2.36719 0.0662773
-2.35938 0.0652803

-2.35938 0.0652802
-2.35156 0.0642833

-2.35156 0.0642835
-2.34375 0.0632864

-2.34375 0.063292
-2.33755 0.0625

-2.3125 0.059304
-2.30469 0.0583125

-2.30469 0.0583124
-2.29688 0.0573229

-2.29688 0.0573227
-2.28906 0.0563353

-2.28906 0.0563352
-2.28125 0.0553505

-2.27344 0.0543521
-2.27611 0.0546875

-2.28125 0.0553587
-2.27591 0.0546875

-2.27344 0.0543682
-2.26562 0.053391

-2.26562 0.0533911
-2.25781 0.0524194

-2.25781 0.0524193
-2.25 0.0514531

-2.25 0.0514532
-2.24219 0.0504924

-2.24219 0.0504927
-2.23438 0.0495366

-2.23438 0.049537
-2.22656 0.0485841

-2.22656 0.0485852
-2.21875 0.0476324

-2.21094 0.0466651
-2.21267 0.046875

-2.21094 0.0466825
-2.20312 0.0457454

-2.21875 0.0476331
-2.2125 0.046875

-2.20312 0.0457442
-2.19531 0.0448176

-2.19531 0.0448191
-2.1875 0.0439024

-2.1875 0.0439031
-2.17969 0.0429919

-2.17969 0.0429917
-2.17188 0.0420847

-2.17188 0.0420844
-2.16406 0.0411825

-2.16406 0.0411823
-2.15625 0.0402864

-2.15625 0.0402863
-2.14844 0.0393972

-2.14062 0.0385102
-2.14552 0.0390625

-2.14844 0.0394052
-2.1454 0.0390625

-2.14062 0.038515
-2.13281 0.0376413

-2.13281 0.0376414
-2.125 0.0367761

-2.125 0.0367761
-2.11719 0.0359189

-2.11719 0.0359189
-2.10938 0.0350699

-2.10938 0.0350699
-2.10156 0.0342289

-2.10156 0.0342291
-2.09375 0.0333957

-2.07031 0.0309243
-2.07344 0.03125

-2.07031 0.0309367
-2.0625 0.0301317

-2.09375 0.0333957
-2.08594 0.0325693

-2.08594 0.0325693
-2.07812 0.0317498

-2.07812 0.0317581
-2.07324 0.03125

-2.0625 0.0301319
-2.05469 0.0293352

-2.05469 0.0293352
-2.04688 0.0285463

-2.04688 0.0285463
-2.03906 0.0277651

-2.03906 0.0277652
-2.03125 0.0269914

-2.03125 0.0269915
-2.02344 0.0262247

-2.02344 0.0262246
-2.01562 0.025465

-2.01562 0.0254648
-2.00781 0.0247127

-2.00781 0.0247124
-2 0.0239687

-0.132812 -0.0191262
-0.125 -0.0189159

-0.125 -0.0189159
-0.117188 -0.0187045

-0.117188 -0.0187046
-0.109375 -0.018492

-0.109375 -0.018492
-0.101562 -0.0182781

-0.101562 -0.0182782
-0.09375 -0.0180627

-0.09375 -0.0180627
-0.0859375 -0.0178455

-0.0859375 -0.0178456
-0.078125 -0.0176264

-0.078125 -0.0176264
-0.0703125 -0.017405

-0.0703125 -0.0174051
-0.0625 -0.0171813

-0.0625 -0.0171812
-0.0546875 -0.016955

-0.0546875 -0.016955
-0.046875 -0.0167264

-0.046875 -0.0167264
-0.0390625 -0.0164952

-0.0390625 -0.0164952
-0.03125 -0.0162613

-0.03125 -0.0162613
-0.0234375 -0.0160248

-0.0234375 -0.0160248
-0.015625 -0.0157857

-0.015625 -0.0157831
-0.0105127 -0.015625

-0.0102642 -0.015625
-0.0078125 -0.0155492

-0.0078125 -0.0155443
0 -0.0152997

1.70312 0.0268463
1.71094 0.0264328

1.71094 0.0264327
1.71875 0.0260123

1.71875 0.0260123
1.72656 0.0255851

1.72656 0.0255851
1.73438 0.0251513

0 -0.0152996
0.0078125 -0.0150514

0.0078125 -0.0150514
0.015625 -0.0148

0.015625 -0.0147999
0.0234375 -0.0145452

0.0234375 -0.0145452
0.03125 -0.0142872

1.73438 0.0251513
1.74219 0.0247109

1.74219 0.0247108
1.75 0.0242639

0.03125 -0.0142872
0.0390625 -0.0140259

0.0390625 -0.0140259
0.046875 -0.0137614

0.046875 -0.0137614
0.0546875 -0.0134937

1.75 0.0242638
1.75781 0.0238106

1.76562 0.0233453
1.76406 0.0234375

0.0546875 -0.0134937
0.0625 -0.0132226

-1.85938 0.0117966
-1.85156 0.0111758

1.75781 0.0238121
1.76418 0.0234375

1.76562 0.0233509
1.77344 0.022885

1.77344 0.0228852
1.78125 0.0224128

-1.85156 0.0111758
-1.84375 0.0105614

-1.84375 0.0105614
-1.83594 0.00995304

1.78125 0.0224126
1.78906 0.0219337

1.78906 0.0219336
1.79688 0.0214489

0.0625 -0.0132227
0.0703125 -0.0129481

-1.83594 0.00995315
-1.82812 0.00935064

-1.82812 0.0093509
-1.82031 0.00875349

1.79688 0.021449
1.80469 0.0209583

1.80469 0.0209584
1.8125 0.0204612

1.8125 0.0204614
1.82031 0.019957

1.82031 0.0199572
1.82812 0.0194451

1.82812 0.0194452
1.83594 0.0189245

1.83594 0.0189244
1.84375 0.0183953

1.84375 0.0183951
1.85156 0.017858

0.0703125 -0.0129482
0.078125 -0.0126699

0.078125 -0.0126699
0.0859375 -0.0123877

0.0859375 -0.0123877
0.09375 -0.0121012

0.09375 -0.0121013
0.101562 -0.0118103

0.101562 -0.0118103
0.109375 -0.0115144

0.109375 -0.0115145
0.117188 -0.0112134

1.85156 0.0178581
1.85938 0.0173129

1.85938 0.017313
1.86719 0.0167595

0.117188 -0.0112135
0.125 -0.010907

1.86719 0.0167596
1.875 0.0161976

0.125 -0.010907
0.132812 -0.0105947

0.132812 -0.0105947
0.140625 -0.0102763

0.140625 -0.0102763
0.148438 -0.00995153

0.148438 -0.00995158
0.15625 -0.00962017

1.89062 0.0150476
1.88283 0.015625

1.875 0.0161977
1.88281 0.0156269

1.88281 0.0156285
1.88286 0.015625

1.89062 0.0150478
1.89844 0.014461

1.89844 0.014461
1.90625 0.0138661

1.90625 0.0138662
1.91406 0.0132633

1.91406 0.0132633
1.92188 0.0126522

1.92188 0.0126521
1.92969 0.0120329

1.92969 0.0120329
1.9375 0.0114057

-1.82031 0.00875367
-1.8125 0.00816047

1.9375 0.0114058
1.94531 0.0107706

-1.80469 0.0075573
-1.80807 0.0078125

-1.8125 0.00817023
-1.80776 0.0078125

-1.80469 0.0075706
-1.79688 0.00698495

1.94531 0.0107707
1.95312 0.0101271

1.95312 0.0101272
1.96094 0.00947483

-1.79688 0.00698515
-1.78906 0.00640382

-1.78906 0.00640376
-1.78125 0.00582646

1.96094 0.00947492
1.96875 0.00881345

-1.78125 0.00582637
-1.77344 0.00525341

-1.77344 0.00525327
-1.76562 0.00468509

-1.76562 0.00468497
-1.75781 0.00412206

-1.75781 0.00412199
-1.75 0.00356471

1.96875 0.00881352
1.97656 0.00814262

1.98438 0.00745008
1.98021 0.0078125

1.97656 0.00815542
1.9805 0.0078125

1.98438 0.00746208
1.99219 0.00677358

1.99219 0.00677377
2 0.006077

0.15625 -0.0096202
0.164062 -0.00928201

0.164062 -0.00928206
0.171875 -0.00893693

0.171875 -0.00893704
0.179688 -0.00858464

0.179688 -0.00858473
0.1875 -0.00822469

0.1875 -0.00822453
0.195312 -0.00785699

0.195312 -0.0078529
0.196153 -0.0078125

0.196256 -0.0078125
0.203125 -0.00748252

0.203125 -0.00748194
0.210938 -0.00709831

0.210938 -0.00709836
0.21875 -0.00670636

0.21875 -0.00670641
0.226562 -0.00630587

2.07031 -0.000595527
2.06432 0

2.07031 -0.000587142
2.07812 -0.00137079

0.226562 -0.00630585
0.234375 -0.00589673

0.234375 -0.00589652
0.242188 -0.00547928

2.07812 -0.00137063
2.08594 -0.00216244

2.08594 -0.00216242
2.09375 -0.00296275

0.242188 -0.00547915
0.25 -0.0050545

2.09375 -0.00296279
2.10156 -0.00377159

2.10156 -0.0037716
2.10938 -0.00458877

2.10938 -0.00458884
2.11719 -0.00541423

2.11719 -0.00541427
2.125 -0.00624768

-1.75 0.00356469
-1.74219 0.00301323

0.25 -0.00505434
0.257812 -0.00462284

0.257812 -0.00462277
0.265625 -0.00418486

0.265625 -0.00418471
0.273438 -0.00374084

0.273438 -0.00374071
0.28125 -0.00329142

2.125 -0.00624763
2.13281 -0.00708908

2.14062 -0.0079463
2.13939 -0.0078125

2.13281 -0.00708778
2.13948 -0.0078125

2.14062 -0.00793919
2.14844 -0.00879504

2.14844 -0.00879481
2.15625 -0.00965634

2.15625 -0.00965646
2.16406 -0.0105239

2.16406 -0.0105239
2.17188 -0.011397

2.17188 -0.0113968
2.17969 -0.0122761

2.17969 -0.0122759
2.1875 -0.0131623

2.1875 -0.0131621
2.19531 -0.0140564

2.19531 -0.0140555
2.20312 -0.01496

2.21875 -0.016797
2.20869 -0.015625

2.20312 -0.0149551
2.20883 -0.015625

0.28125 -0.00329131
0.289062 -0.00283711

0.289062 -0.00283705
0.296875 -0.00237828

-1.74219 0.00301325
-1.73438 0.00246761

-1.73438 0.00246763
-1.72656 0.00192777

2.21875 -0.0167907
2.22656 -0.0176959

2.22656 -0.0176957
2.23438 -0.0186096

0.296875 -0.00237825
0.304688 -0.00191507

0.304688 -0.0019151
0.3125 -0.00144748

-1.72656 0.00192781
-1.71875 0.00139358

-1.71875 0.00139372
-1.71094 0.000864768

-1.71094 0.000864773
-1.70312 0.000340815

0.3125 -0.00144751
0.320312 -0.000975321

0.320312 -0.000975382
0.328125 -0.000498445

2.23438 -0.0186096
2.24219 -0.0195325

2.24219 -0.0195327
2.25 -0.0204644

-1.70312 0.000351121
-1.69784 0

0.328125 -0.000498367
0.335938 -1.67132e-05

0.335938 -1.46075e-05
0.336172 0

2.25 -0.0204646
2.25781 -0.0214046

2.25781 -0.0214048
2.26562 -0.0223525

2.26562 -0.0223526
2.27344 -0.0233077

2.28125 -0.0242732
2.27446 -0.0234375

-1.5 -0.0114192
-1.49219 -0.0117952

-1.49219 -0.011795
-1.48438 -0.0121647

-1.48438 -0.0121646
-1.47656 -0.0125285

-1.47656 -0.0125287
-1.46875 -0.0128863

-1.46875 -0.0128861
-1.46094 -0.0132376

-1.46094 -0.0132375
-1.45312 -0.0135831

-1.45312 -0.0135833
-1.44531 -0.013923

-1.44531 -0.013923
-1.4375 -0.0142564

2.27344 -0.0232869
2.27466 -0.0234375

2.28125 -0.0242695
2.28906 -0.0252362

0.33621 0
0.34375 0.000469576

2.28906 -0.0252362
2.29688 -0.0262088

-1.4375 -0.0142559
-1.42969 -0.0145839

0.34375 0.000469815
0.351562 0.000961172

2.29688 -0.0262088
2.30469 -0.0271874

0.351562 0.000961265
0.359375 0.00145695

0.359375 0.00145699
0.367188 0.00195674

2.30469 -0.0271873
2.3125 -0.028172

-1.42969 -0.0145837
-1.42188 -0.0149076

-1.42188 -0.0149076
-1.41406 -0.0152278

0.367188 0.00195672
0.375 0.0024605

0.375 0.00246055
0.382812 0.00296831

0.382812 0.00296831
0.390625 0.00347998

-1.41406 -0.0152277
-1.40625 -0.0155442

-1.39844 -0.0158589
-1.40428 -0.015625

2.34375 -0.0321809
2.33657 -0.03125

-1.39844 -0.0158571
-1.39062 -0.016165

0.390625 0.00347993
0.398438 0.00399562

2.3125 -0.0281718
2.32031 -0.0291628

-1.40625 -0.0155389
-1.4041 -0.015625

-1.39062 -0.0161651
-1.38281 -0.0164679

2.32031 -0.0291628
2.32812 -0.0301606

0.398438 0.0039956
0.40625 0.00451545

2.32812 -0.0301603
2.33594 -0.0311657

0.40625 0.00451548
0.414062 0.00503949

0.414062 0.00503956
0.421875 0.00556752

0.421875 0.00556762
0.429688 0.0060992

0.429688 0.00609924
0.4375 0.00663418

-1.38281 -0.0164679
-1.375 -0.0167653

2.33594 -0.0311439
2.33676 -0.03125

-1.375 -0.0167653
-1.36719 -0.0170572

-1.36719 -0.0170571
-1.35938 -0.0173436

0.4375 0.0066343
0.445312 0.00717229

-1.35938 -0.0173433
-1.35156 -0.0176251

2.34375 -0.0321782
2.35156 -0.0331974

-1.35156 -0.017625
-1.34375 -0.0179029

0.445312 0.00717234
0.453125 0.007713

-1.34375 -0.0179045
-1.33594 -0.0181756

2.35156 -0.0331972
2.35938 -0.0342245

0.453125 0.00772231
0.454421 0.0078125

-1.33594 -0.0181761
-1.32812 -0.018436

0.454586 0.0078125
0.460938 0.00825435

2.35938 -0.0342246
2.36719 -0.0352601

0.460938 0.00825639
0.46875 0.00880298

-1.32812 -0.0184315
-1.3125 -0.0189448

0.46875 0.00880331
0.476562 0.00935231

2.36719 -0.0352601
2.375 -0.0363036

0.476562 0.00935188
0.484375 0.00990351

-1.3125 -0.01895
-1.29688 -0.0194494

2.375 -0.0363035
2.38281 -0.0373554

0.484375 0.00990467
0.5 0.0110103

-1.29688 -0.0194459
-1.28125 -0.0199277

-1.28125 -0.0199319
-1.26562 -0.0203949

-1.26562 -0.0203881
-1.25 -0.0208376

2.38281 -0.0373553
2.39062 -0.0384161

2.39844 -0.0395
2.39524 -0.0390625

2.39062 -0.0384067
2.39542 -0.0390625

2.39844 -0.0394857
2.40625 -0.0405613

2.40625 -0.0405609
2.41406 -0.0416433

2.41406 -0.0416432
2.42188 -0.0427334

2.42188 -0.0427333
2.42969 -0.0438315

2.42969 -0.0438314
2.4375 -0.0449381

2.45312 -0.0471906
2.45093 -0.046875

2.4375 -0.044938
2.44531 -0.0460536

2.44531 -0.046049
2.45105 -0.046875

-1.25 -0.020839
-1.24219 -0.0210633

-1.24219 -0.0210631
-1.23438 -0.0212847

-1.23438 -0.0212849
-1.22656 -0.0215038

-1.22656 -0.0215038
-1.21875 -0.0217192

-1.21875 -0.0217192
-1.21094 -0.0219309

-1.21094 -0.0219308
-1.20312 -0.0221391

-1.20312 -0.022139
-1.19531 -0.0223443

-1.19531 -0.0223444
-1.1875 -0.0225468

0.5 0.0110108
0.507812 0.0115641

2.45312 -0.0471788
2.46094 -0.0483111

2.46094 -0.0483108
2.46875 -0.0494504

0.507812 0.0115646
0.515625 0.0121166

2.46875 -0.0494504
2.47656 -0.0505981

-1.1875 -0.0225469
-1.17969 -0.0227461

-1.17969 -0.0227461
-1.17188 -0.0229421

0.515625 0.0121135
0.53125 0.0132256

-1.17188 -0.0229421
-1.16406 -0.0231351

2.47656 -0.0505979
2.48438 -0.051754

0.53125 0.0132346
0.546875 0.0143421

-1.16406 -0.0231351
-1.15625 -0.0233251

0.546875 0.0143383
0.5625 0.0154307

2.48438 -0.0517539
2.49219 -0.0529186

2.49219 -0.0529186
2.5 -0.0540923

-1.14844 -0.0235159
-1.15171 -0.0234375

-1.15625 -0.0233227
-1.15146 -0.0234375

0.5625 0.0154493
0.565026 0.015625

-1.14844 -0.0235124
-1.14062 -0.0236959

2 0.00607699
2.00781 0.00537162

0.565442 0.015625
0.570312 0.0159637

-1.14062 -0.0236957
-1.13281 -0.0238758

0.570312 0.015973
0.578125 0.0165153

2.00781 0.00537164
2.01562 0.00465763

0.578125 0.0165158
0.585938 0.0170576

-1.13281 -0.0238757
-1.125 -0.0240527

2.01562 0.00465764
2.02344 0.00393493

0.585938 0.0170576
0.59375 0.0175979

0.59375 0.0175982
0.601562 0.0181366

2.02344 0.00393494
2.03125 0.00320351

0.601562 0.0181367
0.609375 0.0186721

-1.125 -0.0240527
-1.11719 -0.0242269

0.609375 0.0186721
0.617188 0.0192043

2.03125 0.00320352
2.03906 0.00246333

0.617188 0.0192043
0.625 0.0197335

-1.11719 -0.0242269
-1.10938 -0.0243984

-1.10938 -0.0243984
-1.10156 -0.0245671

2.03906 0.00246337
2.04688 0.00171435

2.04688 0.00171441
2.05469 0.00095637

-1.10156 -0.0245671
-1.09375 -0.0247331

-1.09375 -0.024733
-1.08594 -0.0248964

0.625 0.0197337
0.632812 0.0202598

0.632812 0.02026
0.640625 0.0207825

2.05469 0.000956438
2.0625 0.000189131

2.0625 0.000213315
2.06465 0

0.640625 0.0207828
0.648438 0.0213009

0.648438 0.0213011
0.65625 0.0218138

-1.08594 -0.0248964
-1.07812 -0.0250573

-1.07812 -0.0250573
-1.07031 -0.0252158

-1.07031 -0.0252158
-1.0625 -0.0253719

0.65625 0.0218141
0.664062 0.0223203

0.664062 0.0223204
0.671875 0.0228195

0.671875 0.0228195
0.679688 0.0233115

-1.0625 -0.0253719
-1.05469 -0.0255257

-1.05469 -0.0255257
-1.04688 -0.0256772

0.679688 0.0233257
0.681487 0.0234375

-1.04688 -0.025677
-1.03906 -0.0258266

2.55469 -0.0625213
2.55455 -0.0625

-1.03906 -0.0258266
-1.03125 -0.0259748

0.681796 0.0234375
0.6875 0.0237921

-1.03125 -0.025975
-1.02344 -0.0261216

0.6875 0.0237969
0.695312 0.0242765

0.695312 0.0242765
0.703125 0.0247498

2.55469 -0.062522
2.5625 -0.0637565

2.50781 -0.0552909
2.50382 -0.0546875

2.5 -0.0540766
2.50404 -0.0546875

2.50781 -0.0552749
2.51562 -0.056464

2.51562 -0.0564637
2.52344 -0.0576597

2.52344 -0.0576597
2.53125 -0.0588631

-1.02344 -0.0261217
-1.01562 -0.0262663

-1.01562 -0.0262663
-1.00781 -0.0264089

0.703125 0.0247498
0.710938 0.0252169

0.710938 0.0252168
0.71875 0.0256778

2.53125 -0.058863
2.53906 -0.0600742

2.53906 -0.0600741
2.54688 -0.0612934

-1.00781 -0.026409
-1 -0.0265497

0.71875 0.0256778
0.726562 0.0261328

0.726562 0.0261327
0.734375 0.0265822

0.734375 0.0265817
0.742188 0.0270268

2.54688 -0.0612932
2.55455 -0.0625

2.5625 -0.0637559
2.57031 -0.0649965

0.742188 0.0270261
0.75 0.0274691

0.75 0.0274694
0.757812 0.0279112

0.757812 0.0279122
0.765625 0.0283501

0.765625 0.0283506
0.773438 0.0287816

-1 -0.0265497
-0.992188 -0.0266883

2.57031 -0.0649965
2.57812 -0.0662445

0.773438 0.0287812
0.78125 0.0292049

2.57812 -0.0662445
2.58594 -0.0674998

-0.992188 -0.0266883
-0.984375 -0.0268248

0.78125 0.0292039
0.796875 0.0300427

2.58594 -0.0674998
2.59375 -0.0687621

-0.984375 -0.0268248
-0.976562 -0.0269591

2.59375 -0.0687621
2.60156 -0.0700313

2.60938 -0.0713179
2.60321 -0.0703125

2.60156 -0.0699953
2.60351 -0.0703125

2.60938 -0.0713067
2.61719 -0.0725854

2.61719 -0.0725852
2.625 -0.0738685

-0.976562 -0.0269591
-0.96875 -0.0270912

2.625 -0.0738684
2.63281 -0.075157

-0.96875 -0.0270912
-0.960938 -0.0272212

0.796875 0.0300427
0.8125 0.0308717

-0.960938 -0.0272212
-0.953125 -0.027349

2.63281 -0.0751569
2.64062 -0.0764511

0.8125 0.0308787
0.819693 0.03125

-0.953125 -0.0273491
-0.945312 -0.0274746

2.65625 -0.0790696
2.65059 -0.078125

0.819742 0.03125
0.820312 0.0312798

-0.945312 -0.0274746
-0.9375 -0.0275977

0.820312 0.0312833
0.828125 0.0316812

2.64062 -0.076451
2.64844 -0.0777511

2.64844 -0.0777207
2.65086 -0.078125

-0.9375 -0.0275977
-0.929688 -0.027718

-0.929688 -0.027718
-0.921875 -0.0278352

0.828125 0.0316803
0.835938 0.0320716

0.835938 0.032072
0.84375 0.0324578

2.65625 -0.0790566
2.66406 -0.0803647

2.66406 -0.0803645
2.67188 -0.0816767

-0.921875 -0.0278352
-0.914062 -0.027949

-0.914062 -0.0279491
-0.90625 -0.0280593

0.84375 0.0324575
0.851562 0.0328375

0.851562 0.0328374
0.859375 0.0332123

2.67188 -0.0816766
2.67969 -0.0829935

2.67969 -0.0829936
2.6875 -0.0843152

-0.90625 -0.0280594
-0.898438 -0.0281658

-0.898438 -0.0281658
-0.890625 -0.0282681

0.859375 0.0332128
0.867188 0.0335817

0.867188 0.0335819
0.875 0.0339435

2.6875 -0.0843151
2.69531 -0.0856416

2.70312 -0.0869799
2.697 -0.0859375

2.69531 -0.0856171
2.69719 -0.0859375

2.70312 -0.0869724
2.71094 -0.0883046

2.71094 -0.0883044
2.71875 -0.0896392

2.75 -0.0950039
2.7427 -0.09375

2.71875 -0.0896393
2.72656 -0.090977

2.72656 -0.0909772
2.73438 -0.0923172

2.73438 -0.0923172
2.74219 -0.0936592

2.74219 -0.0936434
2.74281 -0.09375

0.875 0.0339442
0.882812 0.0342967

0.882812 0.0342966
0.890625 0.0346387

-0.890625 -0.0282681
-0.882812 -0.0283663

-0.882812 -0.0283664
-0.875 -0.0284606

0.890625 0.0346384
0.898438 0.034971

0.898438 0.0349708
0.90625 0.0352949

-0.875 -0.0284606
-0.867188 -0.028551

-0.867188 -0.028551
-0.859375 -0.0286375

-0.859375 -0.0286376
-0.851562 -0.0287201

-0.851562 -0.0287202
-0.84375 -0.0287986

0.90625 0.0352951
0.914062 0.0356108

0.914062 0.0356113
0.921875 0.0359174

0.921875 0.0359178
0.929688 0.0362125

0.929688 0.0362122
0.9375 0.036495

-0.84375 -0.0287987
-0.835938 -0.0288726

-0.835938 -0.0288727
-0.828125 -0.0289419

2.75 -0.0950025
2.75781 -0.0963453

2.75781 -0.0963453
2.76562 -0.0976881

2.76562 -0.0976882
2.77344 -0.0990309

2.77344 -0.0990311
2.78125 -0.100373

2.78906 -0.101719
2.78815 -0.101562

2.78125 -0.100372
2.78818 -0.101562

0.9375 0.0364944
0.945312 0.0367674

0.945312 0.0367674
0.953125 0.0370317

0.953125 0.037032
0.960938 0.0372868

0.960938 0.0372864
0.96875 0.0375318

2.78906 -0.101715
2.79688 -0.103055

2.79688 -0.103055
2.80469 -0.104393

-0.828125 -0.0289419
-0.820312 -0.0290062

-0.820312 -0.0290062
-0.8125 -0.0290655

0.96875 0.0375313
0.976562 0.0377693

-0.8125 -0.0290657
-0.804688 -0.0291195

-0.804688 -0.0291196
-0.796875 -0.0291674

2.80469 -0.104393
2.8125 -0.10573

0.976562 0.0377701
0.984375 0.0379999

-0.796875 -0.0291674
-0.789062 -0.0292089

2.8125 -0.10573
2.82031 -0.107067

0.984375 0.038001
0.992188 0.038219

2.82031 -0.107066
2.82812 -0.108407

-0.789062 -0.029209
-0.78125 -0.029244

2.84375 -0.111098
2.83368 -0.109375

2.82812 -0.108402
2.83377 -0.109375

-0.78125 -0.029244
-0.773438 -0.0292722

0.992188 0.038219
1 0.038423

2.84375 -0.111083
2.85938 -0.113743

2.85938 -0.113747
2.875 -0.116404

-0.773438 -0.0292721
-0.765625 -0.0292937

2.92969 -0.125755
2.92526 -0.125

2.92969 -0.125746
2.9375 -0.127075

-0.765625 -0.0292937
-0.757812 -0.029309

-0.757812 -0.029309
-0.75 -0.029318

2.9375 -0.127075
2.94531 -0.1284

2.94531 -0.1284
2.95312 -0.129723

2.95312 -0.129723
2.96094 -0.131045

2.96094 -0.131045
2.96875 -0.132364

2.97656 -0.133688
2.97136 -0.132812

2.96875 -0.132346
2.97152 -0.132812

2.97656 -0.133678
2.98438 -0.134987

2.98438 -0.134987
2.99219 -0.136291

2.99219 -0.136291
3 -0.137592

2.875 -0.116396
2.89062 -0.11906

2.89062 -0.119064
2.89844 -0.120404

2.89844 -0.120405
2.90625 -0.121743

2.90625 -0.121742
2.91406 -0.123079

2.91406 -0.123079
2.92188 -0.124413

2.92188 -0.124403
2.92538 -0.125

-0.75 -0.029318
-0.742188 -0.0293204

-0.742188 -0.0293204
-0.734375 -0.0293163

-0.734375 -0.0293163
-0.726562 -0.0293057

-0.726562 -0.0293057
-0.71875 -0.0292889

-0.71875 -0.0292889
-0.710938 -0.0292661

-0.710938 -0.029266
-0.703125 -0.0292374

-0.703125 -0.0292374
-0.695312 -0.0292031

-0.695312 -0.0292031
-0.6875 -0.0291635

1 0.0384224
1.00781 0.0386138

3 -0.137592
3.00781 -0.138892

1.00781 0.0386135
1.01562 0.0387941

-0.6875 -0.0291634
-0.679688 -0.0291189

-0.679688 -0.0291188
-0.671875 -0.0290695

3.00781 -0.138892
3.01562 -0.140191

3.02344 -0.141496
3.01816 -0.140625

1.01562 0.0387947
1.02344 0.0389641

-0.671875 -0.0290694
-0.664062 -0.0290155

-0.664062 -0.0290154
-0.65625 -0.0289571

1.02344 0.0389654
1.02832 0.0390625

1.0284 0.0390625
1.03125 0.0391192

3.02344 -0.141481
3.03125 -0.142762

3.01562 -0.140173
3.01836 -0.140625

-0.65625 -0.028957
-0.648438 -0.0288946

1.03125 0.0391205
1.03906 0.0392601

1.03906 0.0392598
1.04688 0.0393836

-0.648438 -0.0288945
-0.640625 -0.0288283

1.04688 0.0393832
1.05469 0.0394928

3.03125 -0.142767
3.04688 -0.145312

1.05469 0.0394925
1.0625 0.0395895

-0.640625 -0.0288282
-0.632812 -0.0287584

1.0625 0.0395894
1.07031 0.0396748

3.04688 -0.145305
3.0625 -0.147837

1.07031 0.0396746
1.07812 0.0397489

-0.632812 -0.0287584
-0.625 -0.0286852

3.0625 -0.14784
3.07812 -0.150366

1.07812 0.0397487
1.08594 0.0398128

-0.625 -0.0286852
-0.617188 -0.0286086

-0.617188 -0.0286086
-0.609375 -0.0285289

3.07812 -0.150367
3.09375 -0.152878

1.08594 0.0398125
1.09375 0.0398675

-0.609375 -0.0285288
-0.601562 -0.028446

3.125 -0.157871
3.11477 -0.15625

1.09375 0.0398673
1.10156 0.039914

-0.601562 -0.0284459
-0.59375 -0.0283602

1.10156 0.0399139
1.10938 0.0399529

3.09375 -0.152877
3.10156 -0.154126

3.10156 -0.154125
3.10938 -0.155374

3.10938 -0.155369
3.11488 -0.15625

-0.59375 -0.0283601
-0.585938 -0.0282715

3.125 -0.157854
3.14062 -0.1603

3.14062 -0.1603
3.14844 -0.161519

1.10938 0.0399529
1.11719 0.0399846

-0.585938 -0.0282715
-0.578125 -0.0281802

3.14844 -0.161519
3.15625 -0.162732

1.11719 0.0399845
1.125 0.040009

3.15625 -0.162732
3.16406 -0.163941

-0.578125 -0.0281802
-0.570312 -0.0280862

-0.570312 -0.0280862
-0.5625 -0.0279896

3.17188 -0.165146
3.16483 -0.164062

3.16406 -0.163919
3.165 -0.164062

1.125 0.0400089
1.13281 0.0400263

3.17188 -0.165144
3.17969 -0.166337

-0.5625 -0.0279896
-0.554688 -0.0278903

3.17969 -0.166338
3.1875 -0.167522

1.13281 0.0400262
1.14062 0.0400369

1.14062 0.0400368
1.14844 0.0400412

3.1875 -0.167522
3.19531 -0.168698

3.19531 -0.168698
3.20312 -0.169865

3.21875 -0.172185
3.21665 -0.171875

3.20312 -0.169864
3.21094 -0.171023

3.21094 -0.171019
3.21674 -0.171875

3.21875 -0.172179
3.23438 -0.174449

-0.554688 -0.0278903
-0.546875 -0.0277884

-0.546875 -0.0277884
-0.539062 -0.0276839

1.14844 0.0400411
1.15625 0.0400396

1.15625 0.0400395
1.16406 0.0400324

3.23438 -0.174442
3.25 -0.176679

1.16406 0.0400323
1.17188 0.0400199

1.17188 0.0400198
1.17969 0.0400024

1.17969 0.0400024
1.1875 0.0399803

-0.539062 -0.0276838
-0.53125 -0.0275767

-0.53125 -0.0275767
-0.523438 -0.027467

1.1875 0.0399802
1.19531 0.0399535

1.19531 0.0399535
1.20312 0.0399222

3.25 -0.176683
3.26562 -0.178893

-0.523438 -0.027467
-0.515625 -0.0273546

3.26562 -0.178887
3.28125 -0.181075

1.20312 0.0399222
1.21094 0.0398863

3.28125 -0.181079
3.29688 -0.183245

-0.515625 -0.0273547
-0.507812 -0.0272395

3.29688 -0.183247
3.3125 -0.185381

1.21094 0.0398863
1.21875 0.039846

-0.507812 -0.0272396
-0.5 -0.0271216

1.21875 0.0398459
1.22656 0.0398012

3.34375 -0.189536
3.32827 -0.1875

3.34375 -0.189533
3.35938 -0.191544

1.22656 0.0398012
1.23438 0.0397522

1.23438 0.0397522
1.24219 0.0396988

1.24219 0.0396988
1.25 0.0396411

3.35938 -0.191544
3.375 -0.193513

-0.5 -0.0271216
-0.492188 -0.0270007

1.25 0.0396411
1.25781 0.039579

-0.492188 -0.0270008
-0.484375 -0.0268768

3.3125 -0.185381
3.32812 -0.187477

-0.484375 -0.0268769
-0.476562 -0.0267499

1.25781 0.039579
1.26562 0.0395125

3.32812 -0.18742
3.32873 -0.1875

-0.476562 -0.0267499
-0.46875 -0.0266198

3.375 -0.193513
3.39062 -0.195439

3.39062 -0.195437
3.40625 -0.197324

3.40625 -0.197323
3.42188 -0.199177

3.42188 -0.199177
3.4375 -0.200998

1.26562 0.0395125
1.27344 0.0394417

1.27344 0.0394418
1.28125 0.0393668

-0.46875 -0.0266198
-0.460938 -0.0264867

-0.460938 -0.0264867
-0.453125 -0.0263508

3.4375 -0.200999
3.45312 -0.202786

3.46875 -0.204543
3.45608 -0.203125

3.45312 -0.202765
3.45634 -0.203125

3.46875 -0.204535
3.48438 -0.206245

-0.453125 -0.0263508
-0.445312 -0.026212

-0.445312 -0.026212
-0.4375 -0.0260706

1.28125 0.0393668
1.28906 0.0392875

1.28906 0.0392875
1.29688 0.0392037

1.29688 0.0392038
1.30469 0.0391152

1.3125 0.0390217
1.30909 0.0390625

-0.4375 -0.0260706
-0.429688 -0.0259267

-0.429688 -0.0259266
-0.421875 -0.0257803

-0.421875 -0.0257802
-0.414062 -0.0256317

-0.414062 -0.0256316
-0.40625 -0.025481

-0.40625 -0.0254809
-0.398438 -0.0253284

-0.398438 -0.0253283
-0.390625 -0.0251741

-0.390625 -0.025174
-0.382812 -0.0250182

-0.382812 -0.0250182
-0.375 -0.0248611

1.30469 0.0391153
1.30909 0.0390625

-0.375 -0.0248611
-0.367188 -0.0247027

3.48438 -0.206245
3.5 -0.207919

-0.367188 -0.0247027
-0.359375 -0.0245432

-0.359375 -0.0245432
-0.351562 -0.0243824

-0.351562 -0.0243824
-0.34375 -0.0242203

-0.34375 -0.0242204
-0.335938 -0.024057

-0.335938 -0.024057
-0.328125 -0.0238922

-0.328125 -0.0238922
-0.320312 -0.0237257

3.5 -0.207918
3.51562 -0.209561

1.3125 0.0390215
1.32031 0.0389233

-0.320312 -0.0237257
-0.3125 -0.0235575

1.32031 0.0389233
1.32812 0.0388207

3.51562 -0.209562
3.53125 -0.211173

3.53125 -0.211174
3.54688 -0.212748

1.32812 0.0388208
1.33594 0.038714

1.33594 0.038714
1.34375 0.038603

-0.3125 -0.0235565
-0.30703 -0.0234375

-0.306879 -0.0234375
-0.304688 -0.0233898

-0.304688 -0.0233878
-0.296875 -0.0232157

-0.296875 -0.0232157
-0.289062 -0.0230409

-0.289062 -0.023041
-0.28125 -0.0228635

-0.28125 -0.0228635
-0.273438 -0.0226832

-0.273438 -0.0226832
-0.265625 -0.0225001

-0.265625 -0.0224999
-0.257812 -0.0223144

-0.257812 -0.0223143
-0.25 -0.0221267

3.54688 -0.212748
3.5625 -0.214283

3.5625 -0.214283
3.57812 -0.215781

1.34375 0.038603
1.35156 0.0384878

1.35156 0.0384878
1.35938 0.0383685

1.35938 0.0383686
1.36719 0.0382449

1.36719 0.038245
1.375 0.0381163

3.57812 -0.215778
3.58594 -0.216513

3.58594 -0.216513
3.59375 -0.217242

1.375 0.0381165
1.38281 0.0379821

1.38281 0.0379822
1.39062 0.0378416

1.39062 0.0378416
1.39844 0.0376945

1.39844 0.0376945
1.40625 0.0375411

3.61719 -0.219381
3.61018 -0.21875

3.61719 -0.21938
3.625 -0.220075

3.59375 -0.217242
3.60156 -0.217963

3.60156 -0.217963
3.60938 -0.218676

3.60938 -0.21867
3.61027 -0.21875

3.625 -0.220075
3.63281 -0.22076

3.63281 -0.22076
3.64062 -0.221434

3.64062 -0.221434
3.64844 -0.222097

3.64844 -0.222097
3.65625 -0.222749

1.40625 0.037541
1.41406 0.0373813

1.41406 0.0373813
1.42188 0.0372154

1.42188 0.0372154
1.42969 0.0370434

1.42969 0.0370434
1.4375 0.0368652

1.4375 0.0368652
1.44531 0.0366807

1.44531 0.0366807
1.45312 0.0364897

1.45312 0.0364897
1.46094 0.0362924

1.46094 0.0362924
1.46875 0.0360888

3.65625 -0.222749
3.66406 -0.223389

3.66406 -0.223389
3.67188 -0.224019

3.67188 -0.224019
3.67969 -0.224637

3.67969 -0.224637
3.6875 -0.225243

1.46875 0.0360888
1.47656 0.0358789

1.47656 0.0358789
1.48438 0.0356628

1.48438 0.0356628
1.49219 0.0354405

1.49219 0.0354405
1.5 0.0352121

3.6875 -0.225243
3.69531 -0.225837

3.69531 -0.225837
3.70312 -0.226419

3.71094 -0.226989
3.70507 -0.226562

3.70312 -0.226415
3.70515 -0.226562

3.71094 -0.226988
3.71875 -0.227541

3.71875 -0.227542
3.72656 -0.228081

3.72656 -0.228081
3.73438 -0.228606

3.73438 -0.228606
3.74219 -0.229116

3.74219 -0.229116
3.75 -0.22961

3.75 -0.22961
3.75781 -0.23009

3.75781 -0.23009
3.76562 -0.230556

3.76562 -0.230556
3.77344 -0.231005

3.77344 -0.231005
3.78125 -0.231439

3.78125 -0.23144
3.78906 -0.231857

3.78906 -0.231857
3.79688 -0.232258

3.79688 -0.232258
3.80469 -0.232642

3.80469 -0.232642
3.8125 -0.233008

3.8125 -0.233008
3.82031 -0.233358

3.82031 -0.233358
3.82812 -0.23369

3.82812 -0.233689
3.83594 -0.234004

3.83594 -0.234005
3.84375 -0.234304

3.85938 -0.234857
3.84563 -0.234375

3.84375 -0.234303
3.84573 -0.234375

3.85938 -0.23486
3.875 -0.235332

3.875 -0.235326
3.89062 -0.235725

3.89062 -0.235728
3.90625 -0.236061

3.90625 -0.236057
3.91406 -0.236194

3.91406 -0.236194
3.92188 -0.236312

3.92188 -0.236311
3.92969 -0.236409

3.92969 -0.236408
3.9375 -0.236486

3.9375 -0.236485
3.94531 -0.236544

3.94531 -0.236543
3.95312 -0.236583

3.95312 -0.236583
3.96094 -0.236607

3.96094 -0.236606
3.96875 -0.236616

3.96875 -0.236615
3.97656 -0.236612

3.97656 -0.236611
3.98438 -0.2366

3.98438 -0.236599
3.99219 -0.236584

3.99219 -0.236579
4 -0.23657

