-1.33333 3.51002e-05
-1.16667 0.000373831

-1.16667 0.000238367
-1.08333 0.000461918

-1.08333 0.000479221
-1.04167 0.000714121

-1.04167 0.000689042
-1.02083 0.000851931

-1.02083 0.000714365
-1.01042 0.000889075

-1.01042 0.000984105
-1 0.00133715

-1 0.00133616
-0.994792 0.00150839

-0.994792 0.00150845
-0.989583 0.00167826

-0.989583 0.00167826
-0.984375 0.00184553

-0.984375 0.00184553
-0.979167 0.00201027

-0.979167 0.00201027
-0.973958 0.0021725

-0.973958 0.0021725
-0.96875 0.00233222

-0.96875 0.00233222
-0.963542 0.00248944

-0.963542 0.00248944
-0.958333 0.00264417

-0.958333 0.00264417
-0.953125 0.00279641

0.5 -0.00751586
0.505208 -0.00754128

0.505208 -0.00754128
0.510417 -0.00756515

0.510417 -0.00756515
0.515625 -0.00758746

0.515625 -0.00758746
0.520833 -0.00760819

0.520833 -0.00760819
0.526042 -0.00762733

-0.953125 0.0027964
-0.947917 0.00294617

-0.5 0.0074647
-0.494792 0.00743417

-0.494792 0.00743416
-0.489583 0.0074021

-0.489583 0.0074021
-0.484375 0.00736853

-0.484375 0.00736853
-0.479167 0.00733347

-0.479167 0.00733346
-0.473958 0.00729692

-0.473958 0.00729692
-0.46875 0.00725892

-0.46875 0.00725892
-0.463542 0.00721947

-0.463542 0.00721947
-0.458333 0.00717859

-0.458333 0.00717859
-0.453125 0.0071363

-0.453125 0.0071363
-0.447917 0.00709261

-0.447917 0.0070926
-0.442708 0.00704753

-0.442708 0.00704753
-0.4375 0.00700109

-0.4375 0.00700108
-0.432292 0.00695329

-0.432292 0.00695328
-0.427083 0.00690415

-0.427083 0.00690415
-0.421875 0.0068537

-0.421875 0.00685369
-0.416667 0.00680194

-0.416667 0.00680193
-0.411458 0.00674889

-0.411458 0.00674889
-0.40625 0.00669457

-0.40625 0.00669457
-0.401042 0.00663899

-0.401042 0.00663899
-0.395833 0.00658218

-0.395833 0.00658217
-0.390625 0.00652414

-0.390625 0.00652414
-0.385417 0.0064649

-0.385417 0.00646489
-0.380208 0.00640446

-0.380208 0.00640446
-0.375 0.00634286

7.41594e-17 -0.000135194
0.00520833 -0.000238524

-0.947917 0.00294616
-0.942708 0.00309345

-0.942708 0.00309345
-0.9375 0.00323827

-0.9375 0.00323827
-0.932292 0.00338062

-0.932292 0.00338062
-0.927083 0.00352052

-0.927083 0.00352052
-0.921875 0.00365796

-0.921875 0.00365796
-0.916667 0.00379297

0.00520833 -0.000238528
0.0104167 -0.000341816

0.0104167 -0.00034182
0.015625 -0.000445049

0.015625 -0.000445053
0.0208333 -0.000548206

0.0208333 -0.000548211
0.0260417 -0.000651272

0.0260417 -0.000651276
0.03125 -0.000754227

0.03125 -0.000754231
0.0364583 -0.000857056

0.0364583 -0.000857061
0.0416667 -0.000959742

0.0416667 -0.000959746
0.046875 -0.00106227

0.046875 -0.00106227
0.0520833 -0.00116462

0.0520833 -0.00116462
0.0572917 -0.00126677

0.0572917 -0.00126678
0.0625 -0.00136872

0.0625 -0.00136872
0.0677083 -0.00147044

0.0677083 -0.00147044
0.0729167 -0.00157191

0.0729167 -0.00157192
0.078125 -0.00167313

0.078125 -0.00167313
0.0833333 -0.00177407

0.0833333 -0.00177408
0.0885417 -0.00187472

0.0885417 -0.00187473
0.09375 -0.00197506

0.09375 -0.00197507
0.0989583 -0.00207508

0.0989583 -0.00207508
0.104167 -0.00217476

0.104167 -0.00217476
0.109375 -0.00227407

0.109375 -0.00227408
0.114583 -0.00237302

0.114583 -0.00237302
0.119792 -0.00247158

0.119792 -0.00247158
0.125 -0.00256973

0.125 -0.00256973
0.130208 -0.00266746

0.130208 -0.00266746
0.135417 -0.00276475

0.135417 -0.00276475
0.140625 -0.00286158

0.140625 -0.00286158
0.145833 -0.00295794

0.145833 -0.00295795
0.151042 -0.00305381

-0.375 0.00634285
-0.369792 0.0062801

-0.369792 0.00628009
-0.364583 0.0062162

-0.364583 0.0062162
-0.359375 0.00615118

-0.359375 0.00615117
-0.354167 0.00608505

-0.354167 0.00608505
-0.348958 0.00601783

-0.348958 0.00601783
-0.34375 0.00594954

-0.34375 0.00594953
-0.338542 0.00588019

-0.338542 0.00588018
-0.333333 0.00580979

-0.333333 0.00580979
-0.328125 0.00573836

-0.328125 0.00573836
-0.322917 0.00566592

-0.322917 0.00566592
-0.317708 0.00559249

-0.317708 0.00559248
-0.3125 0.00551807

-0.3125 0.00551806
-0.307292 0.00544268

-0.307292 0.00544267
-0.302083 0.00536634

-0.302083 0.00536633
-0.296875 0.00528906

-0.296875 0.00528905
-0.291667 0.00521085

-0.286458 0.00513177
-0.291499 0.00520833

-0.291667 0.00520948
-0.291591 0.00520833

-0.286458 0.00513173
-0.28125 0.00505172

-0.28125 0.00505172
-0.276042 0.00497083

-0.276042 0.00497082
-0.270833 0.00488906

-0.270833 0.00488906
-0.265625 0.00480645

-0.265625 0.00480644
-0.260417 0.004723

-0.260417 0.00472299
-0.255208 0.00463873

-0.255208 0.00463872
-0.25 0.00455365

-0.25 0.00455365
-0.244792 0.0044678

-0.244792 0.00446779
-0.239583 0.00438117

-0.239583 0.00438117
-0.234375 0.00429379

-0.234375 0.00429379
-0.229167 0.00420568

-0.229167 0.00420567
-0.223958 0.00411685

-0.223958 0.00411684
-0.21875 0.00402731

-0.21875 0.00402731
-0.213542 0.00393709

-0.213542 0.00393709
-0.208333 0.00384621

-0.208333 0.00384621
-0.203125 0.00375468

-0.203125 0.00375468
-0.197917 0.00366252

-0.197917 0.00366251
-0.192708 0.00356974

-0.192708 0.00356974
-0.1875 0.00347637

-0.1875 0.00347636
-0.182292 0.00338242

-0.182292 0.00338241
-0.177083 0.00328791

-0.177083 0.0032879
-0.171875 0.00319286

-0.171875 0.00319285
-0.166667 0.00309728

0.151042 -0.00305382
0.15625 -0.00314918

0.15625 -0.00314918
0.161458 -0.00324402

0.161458 -0.00324403
0.166667 -0.00333832

-0.00520833 -2.91685e-05
-0.00667806 -1.86483e-17

-0.00520833 -3.18358e-05
-7.41594e-17 -0.00013519

-0.166667 0.00309728
-0.161458 0.0030012

-0.161458 0.0030012
-0.15625 0.00290463

-0.15625 0.00290463
-0.151042 0.00280759

0.166667 -0.00333833
0.171875 -0.00343207

0.171875 -0.00343207
0.177083 -0.00352524

0.177083 -0.00352524
0.182292 -0.00361781

0.182292 -0.00361782
0.1875 -0.00370978

-0.151042 0.00280759
-0.145833 0.0027101

0.1875 -0.00370979
0.192708 -0.00380112

-0.145833 0.00271009
-0.140625 0.00261217

-0.140625 0.00261217
-0.135417 0.00251383

-0.916667 0.00379297
-0.911458 0.00392553

-0.911458 0.00392553
-0.90625 0.00405567

-0.90625 0.00405566
-0.901042 0.00418337

-0.901042 0.00418337
-0.895833 0.00430867

-0.895833 0.00430867
-0.890625 0.00443155

-0.890625 0.00443155
-0.885417 0.00455202

0.192708 -0.00380113
0.197917 -0.00389182

0.197917 -0.00389182
0.203125 -0.00398185

0.203125 -0.00398185
0.208333 -0.00407121

0.208333 -0.00407121
0.213542 -0.00415987

-0.135417 0.00251382
-0.130208 0.00241508

-0.130208 0.00241507
-0.125 0.00231595

-0.125 0.00231594
-0.119792 0.00221645

-0.119792 0.00221644
-0.114583 0.0021166

-0.114583 0.0021166
-0.109375 0.00201642

-0.109375 0.00201641
-0.104167 0.00191592

0.526042 -0.00762733
0.53125 -0.00764487

-0.104167 0.00191591
-0.0989583 0.00181512

0.53125 -0.00764487
0.536458 -0.00766079

-0.0989583 0.00181511
-0.09375 0.00171403

-0.09375 0.00171403
-0.0885417 0.00161268

0.213542 -0.00415987
0.21875 -0.00424782

-0.0885417 0.00161267
-0.0833333 0.00151107

-0.885417 0.00455202
-0.880208 0.0046701

0.21875 -0.00424782
0.223958 -0.00433504

0.223958 -0.00433504
0.229167 -0.00442151

-0.880208 0.0046701
-0.875 0.00478579

0.536458 -0.00766079
0.541667 -0.00767508

-0.875 0.00478579
-0.869792 0.0048991

-0.869792 0.00489909
-0.864583 0.00501002

0.541667 -0.00767508
0.546875 -0.00768773

0.229167 -0.00442152
0.234375 -0.00450722

0.546875 -0.00768773
0.552083 -0.00769873

0.552083 -0.00769873
0.557292 -0.00770806

-0.864583 0.00501002
-0.859375 0.00511859

-0.0833333 0.00151107
-0.078125 0.00140923

-0.859375 0.00511837
-0.854963 0.00520833

0.557292 -0.00770806
0.5625 -0.0077157

0.234375 -0.00450723
0.239583 -0.00459216

0.5625 -0.00771571
0.567708 -0.00772166

-0.855029 0.00520833
-0.854167 0.00522593

-0.078125 0.00140923
-0.0729167 0.00130718

-0.854167 0.00522479
-0.848958 0.00532864

-0.848958 0.00532864
-0.84375 0.00543014

-0.84375 0.00543014
-0.838542 0.00552931

-0.838542 0.00552931
-0.833333 0.00562615

-0.0729167 0.00130717
-0.0677083 0.00120492

-0.0677083 0.00120491
-0.0625 0.00110247

-0.0625 0.00110247
-0.0572917 0.000999857

-0.0572917 0.000999853
-0.0520833 0.000897092

-0.0520833 0.000897088
-0.046875 0.000794191

-0.046875 0.000794187
-0.0416667 0.000691173

0.567708 -0.00772166
0.572917 -0.0077259

0.572917 -0.00772591
0.578125 -0.00772843

0.578125 -0.00772843
0.583333 -0.00772922

0.583333 -0.00772922
0.588542 -0.00772826

0.588542 -0.00772827
0.59375 -0.00772554

0.59375 -0.00772555
0.598958 -0.00772105

0.598958 -0.00772105
0.604167 -0.00771477

0.604167 -0.00771477
0.609375 -0.00770669

0.239583 -0.00459216
0.244792 -0.0046763

0.244792 -0.0046763
0.25 -0.00475963

0.25 -0.00475964
0.255208 -0.00484213

0.255208 -0.00484214
0.260417 -0.00492379

0.260417 -0.0049238
0.265625 -0.0050046

0.265625 -0.0050046
0.270833 -0.00508452

0.270833 -0.00508453
0.276042 -0.00516356

0.28125 -0.00524105
0.279069 -0.00520833

0.276042 -0.00516405
0.278994 -0.00520833

0.28125 -0.0052417
0.286458 -0.00531891

0.286458 -0.00531892
0.291667 -0.0053952

0.291667 -0.00539521
0.296875 -0.00547055

0.296875 -0.00547056
0.302083 -0.00554495

0.302083 -0.00554495
0.307292 -0.00561837

0.307292 -0.00561837
0.3125 -0.00569081

0.3125 -0.00569081
0.317708 -0.00576224

0.317708 -0.00576224
0.322917 -0.00583266

0.322917 -0.00583267
0.328125 -0.00590205

0.328125 -0.00590206
0.333333 -0.0059704

-0.0416667 0.000691169
-0.0364583 0.000588053

0.333333 -0.00597041
0.338542 -0.00603769

0.338542 -0.0060377
0.34375 -0.00610391

0.34375 -0.00610391
0.348958 -0.00616904

0.348958 -0.00616904
0.354167 -0.00623307

0.354167 -0.00623307
0.359375 -0.00629598

0.359375 -0.00629598
0.364583 -0.00635775

0.364583 -0.00635776
0.369792 -0.00641838

0.369792 -0.00641839
0.375 -0.00647785

0.375 -0.00647785
0.380208 -0.00653614

0.609375 -0.00770669
0.614583 -0.00769679

0.614583 -0.00769679
0.619792 -0.00768507

-0.833333 0.00562615
-0.828125 0.00572067

-0.828125 0.00572066
-0.822917 0.00581287

-0.822917 0.00581287
-0.817708 0.00590277

-0.817708 0.00590277
-0.8125 0.00599038

-0.8125 0.00599038
-0.807292 0.00607571

-0.807292 0.0060757
-0.802083 0.00615876

-0.802083 0.00615875
-0.796875 0.00623954

-0.0364583 0.000588049
-0.03125 0.000484849

-0.03125 0.000484845
-0.0260417 0.000381579

-0.0260417 0.000381574
-0.0208333 0.000278258

-0.0208333 0.000278254
-0.015625 0.000174905

-0.015625 0.0001749
-0.0104167 7.15355e-05

-0.0104167 7.03867e-05
-0.00687005 -3.68629e-17

0.380208 -0.00653614
0.385417 -0.00659323

0.385417 -0.00659323
0.390625 -0.00664911

0.390625 -0.00664911
0.395833 -0.00670376

0.395833 -0.00670377
0.401042 -0.00675718

0.401042 -0.00675718
0.40625 -0.00680933

0.40625 -0.00680934
0.411458 -0.00686021

0.411458 -0.00686022
0.416667 -0.00690981

0.619792 -0.00768507
0.625 -0.00767151

0.416667 -0.00690981
0.421875 -0.00695809

0.421875 -0.0069581
0.427083 -0.00700506

0.625 -0.00767151
0.630208 -0.00765609

-0.796875 0.00623954
-0.791667 0.00631807

0.630208 -0.0076561
0.635417 -0.00763881

0.427083 -0.00700507
0.432292 -0.0070507

-0.791667 0.00631807
-0.786458 0.00639435

-0.786458 0.00639435
-0.78125 0.0064684

0.635417 -0.00763882
0.640625 -0.00761966

0.640625 -0.00761966
0.645833 -0.00759862

0.432292 -0.0070507
0.4375 -0.00709498

0.645833 -0.00759862
0.651042 -0.00757567

-0.78125 0.0064684
-0.776042 0.00654022

0.4375 -0.00709499
0.442708 -0.00713791

0.442708 -0.00713791
0.447917 -0.00717945

0.447917 -0.00717945
0.453125 -0.0072196

-0.776042 0.00654022
-0.770833 0.00660983

0.651042 -0.00757567
0.65625 -0.00755081

0.65625 -0.00755081
0.661458 -0.00752403

0.661458 -0.00752403
0.666667 -0.00749531

-0.770833 0.00660983
-0.765625 0.00667723

-0.765625 0.00667723
-0.760417 0.00674244

0.453125 -0.0072196
0.458333 -0.00725834

-0.760417 0.00674244
-0.755208 0.00680546

-0.755208 0.00680546
-0.75 0.00686631

0.458333 -0.00725835
0.463542 -0.00729566

-0.75 0.00686631
-0.744792 0.00692499

0.666667 -0.00749531
0.671875 -0.00746465

0.463542 -0.00729567
0.46875 -0.00733154

-0.744792 0.00692499
-0.739583 0.00698152

0.46875 -0.00733155
0.473958 -0.00736598

0.671875 -0.00746465
0.677083 -0.00743202

0.473958 -0.00736598
0.479167 -0.00739894

-0.739583 0.00698152
-0.734375 0.00703591

0.479167 -0.00739894
0.484375 -0.00743043

0.677083 -0.00743202
0.682292 -0.00739743

-0.734375 0.0070359
-0.729167 0.00708816

0.484375 -0.00743043
0.489583 -0.00746042

0.489583 -0.00746042
0.494792 -0.0074889

-0.729167 0.00708816
-0.723958 0.0071383

-0.723958 0.00713829
-0.71875 0.00718632

0.494792 -0.0074889
0.5 -0.00751586

0.682292 -0.00739743
0.6875 -0.00736085

0.6875 -0.00736086
0.692708 -0.00732229

-0.71875 0.00718632
-0.713542 0.00723225

-0.713542 0.00723225
-0.708333 0.0072761

0.692708 -0.00732229
0.697917 -0.00728172

0.697917 -0.00728172
0.703125 -0.00723913

0.703125 -0.00723914
0.708333 -0.00719452

-0.708333 0.0072761
-0.703125 0.00731787

-0.703125 0.00731787
-0.697917 0.00735758

0.708333 -0.00719453
0.713542 -0.00714787

0.713542 -0.00714788
0.71875 -0.00709917

-0.697917 0.00735758
-0.692708 0.00739525

-0.692708 0.00739525
-0.6875 0.00743088

0.71875 -0.00709918
0.723958 -0.00704841

-0.6875 0.00743087
-0.682292 0.00746448

-0.682292 0.00746448
-0.677083 0.00749607

-0.677083 0.00749607
-0.671875 0.00752567

0.723958 -0.00704842
0.729167 -0.00699558

0.729167 -0.00699558
0.734375 -0.00694067

0.734375 -0.00694067
0.739583 -0.00688366

-0.671875 0.00752566
-0.666667 0.00755327

0.739583 -0.00688366
0.744792 -0.00682454

0.744792 -0.00682455
0.75 -0.00676332

0.75 -0.00676332
0.755208 -0.00669996

0.755208 -0.00669996
0.760417 -0.00663447

0.760417 -0.00663447
0.765625 -0.00656684

0.765625 -0.00656684
0.770833 -0.00649705

0.770833 -0.00649705
0.776042 -0.00642509

0.776042 -0.00642509
0.78125 -0.00635096

0.78125 -0.00635096
0.786458 -0.00627465

0.786458 -0.00627465
0.791667 -0.00619614

0.791667 -0.00619614
0.796875 -0.00611543

0.796875 -0.00611543
0.802083 -0.0060325

0.802083 -0.0060325
0.807292 -0.00594735

0.807292 -0.00594735
0.8125 -0.00585996

-0.666667 0.00755327
-0.661458 0.00757889

-0.661458 0.00757889
-0.65625 0.00760255

-0.65625 0.00760255
-0.651042 0.00762426

0.8125 -0.00585997
0.817708 -0.00577034

0.817708 -0.00577034
0.822917 -0.00567846

-0.651042 0.00762426
-0.645833 0.00764403

-0.645833 0.00764402
-0.640625 0.00766187

-0.640625 0.00766186
-0.635417 0.00767779

0.822917 -0.00567846
0.828125 -0.00558431

0.828125 -0.00558432
0.833333 -0.0054879

-0.635417 0.00767779
-0.630208 0.00769181

-0.630208 0.00769181
-0.625 0.00770394

-0.625 0.00770394
-0.619792 0.00771419

-0.619792 0.00771419
-0.614583 0.00772259

-0.614583 0.00772258
-0.609375 0.00772913

-0.609375 0.00772913
-0.604167 0.00773384

-0.604167 0.00773384
-0.598958 0.00773673

-0.598958 0.00773673
-0.59375 0.00773782

-0.59375 0.00773781
-0.588542 0.00773711

0.833333 -0.00548791
0.838542 -0.00538921

0.838542 -0.00538922
0.84375 -0.00528824

0.84375 -0.00528832
0.847784 -0.00520833

0.847766 -0.00520833
0.848958 -0.00518469

-0.588542 0.0077371
-0.583333 0.00773462

0.848958 -0.00518497
0.854167 -0.0050794

-0.583333 0.00773462
-0.578125 0.00773037

-0.578125 0.00773037
-0.572917 0.00772438

-0.572917 0.00772437
-0.567708 0.00771665

-0.567708 0.00771664
-0.5625 0.00770719

0.854167 -0.0050794
0.859375 -0.00497152

0.859375 -0.00497152
0.864583 -0.00486133

-0.5625 0.00770719
-0.557292 0.00769604

-0.557292 0.00769603
-0.552083 0.00768319

0.864583 -0.00486133
0.869792 -0.00474882

0.869792 -0.00474882
0.875 -0.00463397

-0.552083 0.00768319
-0.546875 0.00766866

-0.546875 0.00766866
-0.541667 0.00765247

0.875 -0.00463398
0.880208 -0.00451679

0.880208 -0.0045168
0.885417 -0.00439727

-0.541667 0.00765247
-0.536458 0.00763463

0.885417 -0.00439727
0.890625 -0.00427539

0.890625 -0.00427539
0.895833 -0.00415116

-0.536458 0.00763463
-0.53125 0.00761516

0.895833 -0.00415116
0.901042 -0.00402455

0.901042 -0.00402455
0.90625 -0.00389557

-0.53125 0.00761515
-0.526042 0.00759406

-0.526042 0.00759406
-0.520833 0.00757135

0.90625 -0.00389557
0.911458 -0.00376421

0.911458 -0.00376421
0.916667 -0.00363046

-0.520833 0.00757135
-0.515625 0.00754705

0.916667 -0.00363046
0.921875 -0.00349432

0.921875 -0.00349432
0.927083 -0.00335577

-0.515625 0.00754704
-0.510417 0.00752116

-0.510417 0.00752116
-0.505208 0.00749371

0.927083 -0.00335577
0.932292 -0.0032148

0.932292 -0.00321481
0.9375 -0.00307142

-0.505208 0.00749371
-0.5 0.00746471

0.9375 -0.00307142
0.942708 -0.00292561

0.942708 -0.00292562
0.947917 -0.00277737

0.947917 -0.00277738
0.953125 -0.00262669

0.953125 -0.0026267
0.958333 -0.00247357

0.958333 -0.00247357
0.963542 -0.00231798

0.963542 -0.00231799
0.96875 -0.00215994

0.96875 -0.00215994
0.973958 -0.00199942

0.973958 -0.00199942
0.979167 -0.00183641

0.979167 -0.00183641
0.984375 -0.00167091

0.984375 -0.00167092
0.989583 -0.00150291

0.989583 -0.00150291
0.994792 -0.00133236

0.994792 -0.00133231
1 -0.0011593

1 -0.00116038
1.01042 -0.000805296

1.01042 -0.000737014
1.02083 -0.000506072

1.02083 -0.000569943
1.04167 -0.000373996

1.04167 -0.000457908
1.08333 -0.000267467

1.08333 -0.000300808
1.16667 -0.000122378

1.16667 -0.000211587
1.29525 -4.16334e-17

1.32301 -6.93889e-17
1.33333 8.50671e-06

