-1.32855 -6.93889e-17
-1.16667 0.000144769

-1.16667 7.50997e-05
-1.08333 0.000177538

-1.08333 0.000160017
-1.04167 0.000285146

-1.04167 0.000250726
-1.02083 0.000370639

-1.02083 0.000311623
-1.01042 0.000445661

-1.01042 0.000495379
-1 0.000722095

-0.5 0.00399882
-0.494792 0.00397983

-0.494792 0.00397983
-0.489583 0.00396015

-0.489583 0.00396015
-0.484375 0.00393979

-0.484375 0.00393979
-0.479167 0.00391876

-1 0.000721752
-0.994792 0.000832545

-0.479167 0.00391875
-0.473958 0.00389706

-0.473958 0.00389706
-0.46875 0.0038747

-0.46875 0.0038747
-0.463542 0.0038517

-0.463542 0.0038517
-0.458333 0.00382807

-0.994792 0.000832645
-0.989583 0.000941357

-0.989583 0.000941349
-0.984375 0.0010478

-0.984375 0.0010478
-0.979167 0.001152

-0.979167 0.00115199
-0.973958 0.00125395

-0.973958 0.00125395
-0.96875 0.00135371

-0.96875 0.0013537
-0.963542 0.00145128

-0.963542 0.00145127
-0.958333 0.0015467

-0.958333 0.0015467
-0.953125 0.00164

-0.953125 0.00163999
-0.947917 0.0017312

-0.458333 0.00382806
-0.453125 0.0038038

0.0104167 -2.67312e-06
0.0101493 -1.86483e-17

0.0104167 -2.056e-06
0.015625 -5.41596e-05

0.015625 -5.41608e-05
0.0208333 -0.000106285

0.0208333 -0.000106286
0.0260417 -0.000158425

0.0260417 -0.000158427
0.03125 -0.000210574

0.03125 -0.000210575
0.0364583 -0.000262725

-0.947917 0.00173119
-0.942708 0.00182033

-0.942708 0.00182032
-0.9375 0.00190742

-0.9375 0.00190741
-0.932292 0.0019925

-0.932292 0.0019925
-0.927083 0.00207561

0.5 -0.00407935
0.505208 -0.00410159

0.505208 -0.00410159
0.510417 -0.00412308

0.510417 -0.00412308
0.515625 -0.0041438

0.515625 -0.00414381
0.520833 -0.00416375

0.520833 -0.00416376
0.526042 -0.00418291

0.526042 -0.00418291
0.53125 -0.00420126

0.53125 -0.00420126
0.536458 -0.00421879

0.536458 -0.0042188
0.541667 -0.00423549

0.541667 -0.0042355
0.546875 -0.00425135

0.546875 -0.00425135
0.552083 -0.00426634

0.552083 -0.00426634
0.557292 -0.00428046

0.557292 -0.00428046
0.5625 -0.0042937

0.5625 -0.0042937
0.567708 -0.00430603

0.567708 -0.00430604
0.572917 -0.00431746

0.572917 -0.00431746
0.578125 -0.00432796

0.578125 -0.00432797
0.583333 -0.00433753

0.583333 -0.00433753
0.588542 -0.00434615

0.588542 -0.00434616
0.59375 -0.00435382

0.59375 -0.00435382
0.598958 -0.00436051

0.598958 -0.00436051
0.604167 -0.00436622

0.604167 -0.00436623
0.609375 -0.00437094

0.609375 -0.00437094
0.614583 -0.00437465

0.614583 -0.00437465
0.619792 -0.00437734

0.619792 -0.00437735
0.625 -0.004379

0.625 -0.00437901
0.630208 -0.00437962

0.630208 -0.00437962
0.635417 -0.00437918

0.635417 -0.00437918
0.640625 -0.00437766

0.640625 -0.00437767
0.645833 -0.00437506

0.645833 -0.00437506
0.651042 -0.00437136

0.651042 -0.00437136
0.65625 -0.00436653

0.65625 -0.00436654
0.661458 -0.00436058

0.661458 -0.00436058
0.666667 -0.00435347

-0.927083 0.0020756
-0.921875 0.00215675

-0.921875 0.00215675
-0.916667 0.00223597

-0.916667 0.00223596
-0.911458 0.00231328

-0.911458 0.00231327
-0.90625 0.00238871

-0.90625 0.0023887
-0.901042 0.00246227

0.666667 -0.00435347
0.671875 -0.00434519

0.671875 -0.00434519
0.677083 -0.00433573

0.677083 -0.00433573
0.682292 -0.00432507

0.682292 -0.00432507
0.6875 -0.00431319

0.6875 -0.00431319
0.692708 -0.00430007

0.692708 -0.00430007
0.697917 -0.0042857

0.697917 -0.00428571
0.703125 -0.00427007

-0.901042 0.00246227
-0.895833 0.00253401

-0.895833 0.002534
-0.890625 0.00260393

-0.453125 0.00380379
-0.447917 0.0037789

-0.890625 0.00260393
-0.885417 0.00267207

-0.885417 0.00267206
-0.880208 0.00273844

0.703125 -0.00427007
0.708333 -0.00425315

-0.447917 0.0037789
-0.442708 0.0037534

-0.442708 0.00375339
-0.4375 0.00372728

-0.880208 0.00273844
-0.875 0.00280307

0.708333 -0.00425316
0.713542 -0.00423494

0.713542 -0.00423494
0.71875 -0.00421541

0.0364583 -0.000262727
0.0416667 -0.000314873

-0.875 0.00280307
-0.869792 0.00286598

0.0416667 -0.000314874
0.046875 -0.000367011

0.046875 -0.000367012
0.0520833 -0.000419133

-0.4375 0.00372728
-0.432292 0.00370057

-0.432292 0.00370057
-0.427083 0.00367326

-0.869792 0.00286598
-0.864583 0.0029272

-0.864583 0.00292719
-0.859375 0.00298673

-0.859375 0.00298672
-0.854167 0.0030446

-0.854167 0.0030446
-0.848958 0.00310084

-0.848958 0.00310083
-0.84375 0.00315545

-0.84375 0.00315545
-0.838542 0.00320847

-0.838542 0.00320847
-0.833333 0.00325992

-0.833333 0.00325992
-0.828125 0.00330981

-0.828125 0.00330981
-0.822917 0.00335817

-0.822917 0.00335816
-0.817708 0.00340501

-0.817708 0.003405
-0.8125 0.00345035

-0.8125 0.00345034
-0.807292 0.00349421

-0.807292 0.0034942
-0.802083 0.0035366

-0.802083 0.00353659
-0.796875 0.00357754

-0.796875 0.00357753
-0.791667 0.00361705

-0.791667 0.00361704
-0.786458 0.00365514

-0.786458 0.00365513
-0.78125 0.00369183

-0.78125 0.00369182
-0.776042 0.00372713

-0.776042 0.00372712
-0.770833 0.00376106

-0.770833 0.00376106
-0.765625 0.00379365

-0.765625 0.00379364
-0.760417 0.0038249

-0.760417 0.00382489
-0.755208 0.00385483

-0.755208 0.00385483
-0.75 0.00388347

-0.75 0.00388347
-0.744792 0.00391083

-0.744792 0.00391082
-0.739583 0.00393692

-0.739583 0.00393691
-0.734375 0.00396176

-0.734375 0.00396175
-0.729167 0.00398536

-0.729167 0.00398536
-0.723958 0.00400774

-0.723958 0.00400774
-0.71875 0.00402892

-0.71875 0.00402891
-0.713542 0.0040489

-0.713542 0.00404889
-0.708333 0.0040677

-0.708333 0.00406769
-0.703125 0.00408532

-0.703125 0.00408532
-0.697917 0.0041018

-0.697917 0.0041018
-0.692708 0.00411713

-0.692708 0.00411713
-0.6875 0.00413133

-0.6875 0.00413133
-0.682292 0.00414442

-0.682292 0.00414441
-0.677083 0.0041564

-0.677083 0.0041564
-0.671875 0.0041673

-0.671875 0.0041673
-0.666667 0.00417713

0.0520833 -0.000419135
0.0572917 -0.000471234

0.0572917 -0.000471236
0.0625 -0.000523307

0.0625 -0.000523309
0.0677083 -0.000575346

0.0677083 -0.000575347
0.0729167 -0.000627344

0.71875 -0.00421541
0.723958 -0.00419455

-0.666667 0.00417712
-0.661458 0.0041859

-0.661458 0.00418589
-0.65625 0.00419362

-0.65625 0.00419362
-0.651042 0.00420032

-0.651042 0.00420032
-0.645833 0.00420601

-0.427083 0.00367326
-0.421875 0.00364537

-0.421875 0.00364537
-0.416667 0.00361689

-0.645833 0.00420601
-0.640625 0.0042107

-0.640625 0.0042107
-0.635417 0.0042144

-0.635417 0.0042144
-0.630208 0.00421713

0.0729167 -0.000627345
0.078125 -0.000679294

0.078125 -0.000679296
0.0833333 -0.000731191

0.723958 -0.00419455
0.729167 -0.00417234

0.0833333 -0.000731193
0.0885417 -0.000783028

0.0885417 -0.00078303
0.09375 -0.000834798

0.729167 -0.00417235
0.734375 -0.00414878

0.09375 -0.000834799
0.0989583 -0.000886494

0.734375 -0.00414878
0.739583 -0.00412383

0.0989583 -0.000886496
0.104167 -0.00093811

0.739583 -0.00412384
0.744792 -0.00409749

0.744792 -0.0040975
0.75 -0.00406974

-0.416667 0.00361689
-0.411458 0.00358785

-0.411458 0.00358785
-0.40625 0.00355824

-0.40625 0.00355824
-0.401042 0.00352807

-0.401042 0.00352806
-0.395833 0.00349734

-0.395833 0.00349734
-0.390625 0.00346606

-0.390625 0.00346606
-0.385417 0.00343424

-0.385417 0.00343424
-0.380208 0.00340188

-0.380208 0.00340188
-0.375 0.00336899

0.75 -0.00406974
0.755208 -0.00404055

0.755208 -0.00404056
0.760417 -0.00400992

0.760417 -0.00400993
0.765625 -0.00397782

0.765625 -0.00397782
0.770833 -0.00394423

-0.630208 0.00421713
-0.625 0.0042189

0.770833 -0.00394424
0.776042 -0.00390913

-0.625 0.0042189
-0.619792 0.00421972

-0.619792 0.00421972
-0.614583 0.0042196

-0.375 0.00336899
-0.369792 0.00333557

-0.614583 0.00421959
-0.609375 0.00421854

-0.609375 0.00421854
-0.604167 0.00421657

-0.369792 0.00333557
-0.364583 0.00330164

-0.604167 0.00421657
-0.598958 0.00421369

0.776042 -0.00390914
0.78125 -0.00387251

-0.364583 0.00330163
-0.359375 0.00326719

-0.359375 0.00326718
-0.354167 0.00323223

-0.598958 0.00421369
-0.59375 0.00420991

0.78125 -0.00387251
0.786458 -0.00383434

-0.59375 0.0042099
-0.588542 0.00420523

-0.354167 0.00323223
-0.348958 0.00319677

-0.348958 0.00319677
-0.34375 0.00316083

0.786458 -0.00383434
0.791667 -0.0037946

-0.34375 0.00316082
-0.338542 0.0031244

-0.338542 0.0031244
-0.333333 0.0030875

-0.588542 0.00420523
-0.583333 0.00419968

-0.583333 0.00419967
-0.578125 0.00419325

0.791667 -0.00379461
0.796875 -0.00375328

0.796875 -0.00375329
0.802083 -0.00371036

0.802083 -0.00371037
0.807292 -0.00366582

0.807292 -0.00366583
0.8125 -0.00361965

0.8125 -0.00361965
0.817708 -0.00357181

0.817708 -0.00357182
0.822917 -0.0035223

0.822917 -0.00352231
0.828125 -0.0034711

0.828125 -0.00347111
0.833333 -0.00341819

0.833333 -0.00341819
0.838542 -0.00336354

0.838542 -0.00336354
0.84375 -0.00330713

0.84375 -0.00330714
0.848958 -0.00324895

0.848958 -0.00324896
0.854167 -0.00318897

0.854167 -0.00318898
0.859375 -0.00312717

0.859375 -0.00312717
0.864583 -0.00306352

0.864583 -0.00306352
0.869792 -0.002998

0.869792 -0.00299801
0.875 -0.0029306

0.875 -0.0029306
0.880208 -0.00286129

0.880208 -0.00286129
0.885417 -0.00279005

0.885417 -0.00279005
0.890625 -0.00271685

0.890625 -0.00271686
0.895833 -0.00264169

0.895833 -0.00264169
0.901042 -0.00256452

0.901042 -0.00256453
0.90625 -0.00248533

0.90625 -0.00248534
0.911458 -0.00240409

0.911458 -0.00240409
0.916667 -0.00232077

0.916667 -0.00232078
0.921875 -0.00223536

0.921875 -0.00223536
0.927083 -0.00214783

0.927083 -0.00214783
0.932292 -0.00205817

0.932292 -0.00205817
0.9375 -0.00196635

0.9375 -0.00196636
0.942708 -0.00187236

0.942708 -0.00187237
0.947917 -0.00177615

0.947917 -0.00177616
0.953125 -0.0016777

0.953125 -0.0016777
0.958333 -0.00157696

0.958333 -0.00157697
0.963542 -0.00147392

0.963542 -0.00147393
0.96875 -0.00136855

0.96875 -0.00136855
0.973958 -0.00126083

0.973958 -0.00126084
0.979167 -0.00115074

0.979167 -0.00115075
0.984375 -0.00103826

0.984375 -0.00103825
0.989583 -0.000923361

0.989583 -0.000923349
0.994792 -0.000806089

0.994792 -0.000805986
1 -0.00068659

1 -0.000686829
1.01042 -0.000443216

1.01042 -0.000400122
1.02083 -0.00023643

1.02083 -0.000271704
1.04167 -0.000135443

1.04167 -0.000196833
1.08333 -8.60101e-05

1.08333 -0.000123033
1.16667 -3.47601e-05

0.104167 -0.000938111
0.109375 -0.000989639

0.109375 -0.00098964
0.114583 -0.00104107

0.114583 -0.00104108
0.119792 -0.00109241

-0.333333 0.0030875
-0.328125 0.00305014

0.119792 -0.00109241
0.125 -0.00114364

1.16667 -8.68212e-05
1.28206 -4.16334e-17

-0.328125 0.00305013
-0.322917 0.00301232

-0.578125 0.00419324
-0.572917 0.00418595

-0.572917 0.00418595
-0.567708 0.0041778

-0.567708 0.0041778
-0.5625 0.00416881

0.125 -0.00114364
0.130208 -0.00119476

0.130208 -0.00119476
0.135417 -0.00124575

-0.5625 0.0041688
-0.557292 0.00415897

-0.557292 0.00415897
-0.552083 0.00414832

-0.322917 0.00301232
-0.317708 0.00297406

-0.317708 0.00297406
-0.3125 0.00293537

-0.3125 0.00293537
-0.307292 0.00289625

-0.307292 0.00289625
-0.302083 0.00285672

-0.302083 0.00285672
-0.296875 0.00281679

-0.296875 0.00281679
-0.291667 0.00277647

0.135417 -0.00124575
0.140625 -0.00129663

0.140625 -0.00129663
0.145833 -0.00134737

0.145833 -0.00134737
0.151042 -0.00139798

0.151042 -0.00139798
0.15625 -0.00144845

-0.552083 0.00414831
-0.546875 0.00413684

-0.546875 0.00413684
-0.541667 0.00412457

-0.291667 0.00277646
-0.286458 0.00273576

-0.541667 0.00412457
-0.536458 0.0041115

-0.536458 0.0041115
-0.53125 0.00409765

0.15625 -0.00144845
0.161458 -0.00149877

-0.286458 0.00273575
-0.28125 0.00269467

-0.53125 0.00409765
-0.526042 0.00408303

-0.526042 0.00408303
-0.520833 0.00406766

-0.520833 0.00406765
-0.515625 0.00405154

-0.28125 0.00269467
-0.276042 0.00265322

-0.515625 0.00405153
-0.510417 0.00403468

0.161458 -0.00149877
0.166667 -0.00154894

-0.510417 0.00403468
-0.505208 0.00401711

-0.276042 0.00265322
-0.270833 0.00261142

7.41594e-17 0.000102057
0.00520833 5.00225e-05

0.00520833 5.00506e-05
0.0102143 -3.68629e-17

-0.270833 0.00261141
-0.265625 0.00256926

-0.265625 0.00256926
-0.260417 0.00252677

-0.505208 0.00401711
-0.5 0.00399882

-0.260417 0.00252676
-0.255208 0.00248394

-0.255208 0.00248394
-0.25 0.00244079

-0.25 0.00244079
-0.244792 0.00239732

-0.244792 0.00239732
-0.239583 0.00235354

-0.239583 0.00235354
-0.234375 0.00230947

-0.234375 0.00230946
-0.229167 0.00226509

0.166667 -0.00154894
0.171875 -0.00159895

0.171875 -0.00159895
0.177083 -0.0016488

0.177083 -0.0016488
0.182292 -0.00169848

0.182292 -0.00169848
0.1875 -0.00174798

-0.229167 0.00226509
-0.223958 0.00222043

-0.223958 0.00222043
-0.21875 0.00217548

0.1875 -0.00174799
0.192708 -0.00179731

0.192708 -0.00179731
0.197917 -0.00184645

-0.21875 0.00217548
-0.213542 0.00213026

-0.213542 0.00213026
-0.208333 0.00208476

0.197917 -0.00184645
0.203125 -0.0018954

-0.208333 0.00208476
-0.203125 0.002039

-0.203125 0.002039
-0.197917 0.00199298

-0.197917 0.00199298
-0.192708 0.00194671

-0.192708 0.00194671
-0.1875 0.00190019

0.203125 -0.0018954
0.208333 -0.00194415

-0.1875 0.00190019
-0.182292 0.00185342

-0.182292 0.00185342
-0.177083 0.00180641

-0.177083 0.00180641
-0.171875 0.00175917

-0.171875 0.00175916
-0.166667 0.00171169

0.208333 -0.00194415
0.213542 -0.0019927

0.213542 -0.0019927
0.21875 -0.00204103

0.21875 -0.00204103
0.223958 -0.00208914

0.223958 -0.00208915
0.229167 -0.00213703

0.229167 -0.00213703
0.234375 -0.00218468

0.234375 -0.00218469
0.239583 -0.00223209

0.239583 -0.0022321
0.244792 -0.00227925

0.244792 -0.00227926
0.25 -0.00232615

0.25 -0.00232616
0.255208 -0.00237279

0.255208 -0.00237279
0.260417 -0.00241914

0.260417 -0.00241914
0.265625 -0.00246521

0.265625 -0.00246522
0.270833 -0.00251099

-0.166667 0.00171169
-0.161458 0.00166399

-0.161458 0.00166399
-0.15625 0.00161606

-0.15625 0.00161606
-0.151042 0.00156792

-0.151042 0.00156792
-0.145833 0.00151957

-0.145833 0.00151957
-0.140625 0.001471

-0.140625 0.001471
-0.135417 0.00142224

-0.135417 0.00142224
-0.130208 0.00137327

-0.130208 0.00137327
-0.125 0.00132412

0.270833 -0.00251099
0.276042 -0.00255646

-0.125 0.00132411
-0.119792 0.00127477

-0.119792 0.00127477
-0.114583 0.00122525

0.276042 -0.00255646
0.28125 -0.00260161

0.28125 -0.00260162
0.286458 -0.00264645

-0.114583 0.00122524
-0.109375 0.00117554

-0.109375 0.00117554
-0.104167 0.00112567

0.286458 -0.00264645
0.291667 -0.00269094

0.291667 -0.00269094
0.296875 -0.00273509

0.296875 -0.00273509
0.302083 -0.00277888

-0.104167 0.00112567
-0.0989583 0.00107564

-0.0989583 0.00107564
-0.09375 0.00102545

0.302083 -0.00277889
0.307292 -0.00282231

0.307292 -0.00282231
0.3125 -0.00286535

-0.09375 0.00102545
-0.0885417 0.000975106

-0.0885417 0.000975104
-0.0833333 0.000924618

0.3125 -0.00286536
0.317708 -0.00290801

0.317708 -0.00290801
0.322917 -0.00295026

0.322917 -0.00295027
0.328125 -0.0029921

0.328125 -0.00299211
0.333333 -0.00303352

-0.0833333 0.000924617
-0.078125 0.000873993

-0.078125 0.000873991
-0.0729167 0.000823234

-0.0729167 0.000823233
-0.0677083 0.000772349

-0.0677083 0.000772348
-0.0625 0.000721345

-0.0625 0.000721343
-0.0572917 0.000670226

-0.0572917 0.000670224
-0.0520833 0.000618998

-0.0520833 0.000618997
-0.046875 0.000567669

-0.046875 0.000567668
-0.0416667 0.000516243

-0.0416667 0.000516242
-0.0364583 0.000464727

-0.0364583 0.000464726
-0.03125 0.000413126

-0.03125 0.000413125
-0.0260417 0.000361447

-0.0260417 0.000361445
-0.0208333 0.000309693

0.333333 -0.00303352
0.338542 -0.0030745

0.338542 -0.0030745
0.34375 -0.00311504

-0.0208333 0.000309692
-0.015625 0.000257872

-0.015625 0.000257871
-0.0104167 0.000205989

0.34375 -0.00311504
0.348958 -0.00315512

0.348958 -0.00315512
0.354167 -0.00319473

-0.0104167 0.000205988
-0.00520833 0.000154049

-0.00520833 0.000154048
-7.41594e-17 0.000102058

0.354167 -0.00319473
0.359375 -0.00323387

0.359375 -0.00323387
0.364583 -0.00327252

0.364583 -0.00327252
0.369792 -0.00331068

0.369792 -0.00331068
0.375 -0.00334833

0.375 -0.00334833
0.380208 -0.00338548

0.380208 -0.00338548
0.385417 -0.0034221

0.385417 -0.0034221
0.390625 -0.0034582

0.390625 -0.0034582
0.395833 -0.00349376

0.395833 -0.00349376
0.401042 -0.00352878

0.401042 -0.00352878
0.40625 -0.00356325

0.40625 -0.00356325
0.411458 -0.00359716

0.411458 -0.00359717
0.416667 -0.00363051

0.416667 -0.00363051
0.421875 -0.00366327

0.421875 -0.00366328
0.427083 -0.00369546

0.427083 -0.00369546
0.432292 -0.00372705

0.432292 -0.00372705
0.4375 -0.00375804

0.4375 -0.00375804
0.442708 -0.00378841

0.442708 -0.00378841
0.447917 -0.00381817

0.447917 -0.00381817
0.453125 -0.00384729

0.453125 -0.00384729
0.458333 -0.00387577

0.458333 -0.00387578
0.463542 -0.00390361

0.463542 -0.00390361
0.46875 -0.00393078

0.46875 -0.00393078
0.473958 -0.00395728

0.473958 -0.00395728
0.479167 -0.0039831

0.479167 -0.0039831
0.484375 -0.00400823

0.484375 -0.00400823
0.489583 -0.00403265

0.489583 -0.00403265
0.494792 -0.00405636

0.494792 -0.00405636
0.5 -0.00407934

