-1.32738 -6.93889e-17
-1.16667 0.000105539

-0.5 0.00287921
-0.494792 0.00286432

-0.494792 0.00286432
-0.489583 0.00284895

-0.489583 0.00284895
-0.484375 0.00283311

-1.16667 5.3977e-05
-1.08333 0.000129382

0.0104167 -1.86123e-05
0.00778116 -1.86483e-17

0.0104167 -1.79291e-05
0.015625 -5.47257e-05

0.015625 -5.47265e-05
0.0208333 -9.15326e-05

0.0208333 -9.15336e-05
0.0260417 -0.000128346

0.0260417 -0.000128347
0.03125 -0.000165161

0.03125 -0.000165162
0.0364583 -0.000201974

0.0364583 -0.000201975
0.0416667 -0.000238781

0.0416667 -0.000238782
0.046875 -0.00027558

0.046875 -0.000275581
0.0520833 -0.000312365

0.0520833 -0.000312366
0.0572917 -0.000349133

0.0572917 -0.000349134
0.0625 -0.00038588

0.0625 -0.000385881
0.0677083 -0.000422602

-0.484375 0.00283311
-0.479167 0.0028168

0.0677083 -0.000422603
0.0729167 -0.000459294

-1.08333 0.000115414
-1.04167 0.000208225

-0.479167 0.0028168
-0.473958 0.00280003

-1.04167 0.000181541
-1.02083 0.000271838

-1.02083 0.000228213
-1.01042 0.000329716

-1.01042 0.000366847
-1 0.000537693

-1 0.000537489
-0.994792 0.000621027

0.0729167 -0.000459295
0.078125 -0.000495953

0.078125 -0.000495954
0.0833333 -0.000532574

-0.473958 0.00280003
-0.46875 0.00278281

0.5 -0.00292875
0.505208 -0.00294542

0.0833333 -0.000532575
0.0885417 -0.000569153

0.0885417 -0.000569154
0.09375 -0.000605686

0.09375 -0.000605687
0.0989583 -0.000642168

0.0989583 -0.000642169
0.104167 -0.000678594

-0.994792 0.000621111
-0.989583 0.000703005

0.505208 -0.00294542
0.510417 -0.00296157

-0.989583 0.000702997
-0.984375 0.000783095

-0.46875 0.00278281
-0.463542 0.00276514

-0.463542 0.00276514
-0.458333 0.00274704

-0.984375 0.000783097
-0.979167 0.00086141

-0.458333 0.00274704
-0.453125 0.0027285

-0.453125 0.0027285
-0.447917 0.00270953

-0.447917 0.00270953
-0.442708 0.00269014

-0.979167 0.000861402
-0.973958 0.00093794

-0.442708 0.00269014
-0.4375 0.00267033

0.510417 -0.00296157
0.515625 -0.00297719

0.515625 -0.0029772
0.520833 -0.00299228

-0.4375 0.00267033
-0.432292 0.00265012

-0.432292 0.00265012
-0.427083 0.0026295

-0.427083 0.00262949
-0.421875 0.00260847

-0.421875 0.00260847
-0.416667 0.00258706

-0.416667 0.00258705
-0.411458 0.00256525

-0.411458 0.00256525
-0.40625 0.00254305

-0.973958 0.000937935
-0.96875 0.00101272

-0.96875 0.00101272
-0.963542 0.00108578

-0.963542 0.00108577
-0.958333 0.00115713

-0.958333 0.00115712
-0.953125 0.0012268

0.520833 -0.00299228
0.526042 -0.00300681

0.526042 -0.00300682
0.53125 -0.00302079

0.53125 -0.00302079
0.536458 -0.0030342

0.536458 -0.0030342
0.541667 -0.00304702

-0.40625 0.00254305
-0.401042 0.00252047

-0.401042 0.00252047
-0.395833 0.00249752

0.541667 -0.00304703
0.546875 -0.00305926

0.546875 -0.00305926
0.552083 -0.00307089

0.552083 -0.00307089
0.557292 -0.00308191

0.557292 -0.00308191
0.5625 -0.0030923

-0.395833 0.00249752
-0.390625 0.00247419

0.5625 -0.0030923
0.567708 -0.00310207

0.567708 -0.00310207
0.572917 -0.00311119

0.104167 -0.000678595
0.109375 -0.000714962

0.572917 -0.00311119
0.578125 -0.00311966

0.109375 -0.000714963
0.114583 -0.000751266

-0.953125 0.00122679
-0.947917 0.00129481

-0.390625 0.00247418
-0.385417 0.00245048

0.578125 -0.00311967
0.583333 -0.00312748

-0.947917 0.0012948
-0.942708 0.00136119

-0.942708 0.00136118
-0.9375 0.00142596

-0.9375 0.00142595
-0.932292 0.00148915

-0.932292 0.00148914
-0.927083 0.00155078

-0.927083 0.00155077
-0.921875 0.00161088

-0.921875 0.00161087
-0.916667 0.00166946

-0.916667 0.00166945
-0.911458 0.00172655

-0.911458 0.00172654
-0.90625 0.00178217

-0.90625 0.00178216
-0.901042 0.00183633

-0.901042 0.00183632
-0.895833 0.00188906

0.583333 -0.00312748
0.588542 -0.00313463

0.588542 -0.00313463
0.59375 -0.0031411

0.59375 -0.0031411
0.598958 -0.00314688

0.114583 -0.000751267
0.119792 -0.000787502

0.119792 -0.000787503
0.125 -0.000823666

-0.895833 0.00188906
-0.890625 0.00194038

-0.385417 0.00245048
-0.380208 0.00242641

-0.380208 0.00242641
-0.375 0.00240198

-0.890625 0.00194038
-0.885417 0.00199031

-0.885417 0.00199031
-0.880208 0.00203887

-0.880208 0.00203887
-0.875 0.00208608

-0.375 0.00240198
-0.369792 0.00237719

-0.875 0.00208608
-0.869792 0.00213196

-0.369792 0.00237719
-0.364583 0.00235205

-0.364583 0.00235205
-0.359375 0.00232655

-0.359375 0.00232655
-0.354167 0.00230072

-0.354167 0.00230072
-0.348958 0.00227454

0.598958 -0.00314688
0.604167 -0.00315197

0.125 -0.000823667
0.130208 -0.000859754

0.130208 -0.000859755
0.135417 -0.000895763

-0.869792 0.00213195
-0.864583 0.00217652

-0.864583 0.00217651
-0.859375 0.00221978

-0.859375 0.00221977
-0.854167 0.00226176

0.604167 -0.00315198
0.609375 -0.00315636

0.609375 -0.00315636
0.614583 -0.00316004

0.135417 -0.000895764
0.140625 -0.000931689

0.140625 -0.00093169
0.145833 -0.000967529

-0.348958 0.00227454
-0.34375 0.00224803

-0.34375 0.00224803
-0.338542 0.0022212

-0.338542 0.0022212
-0.333333 0.00219404

0.614583 -0.00316004
0.619792 -0.00316299

0.145833 -0.00096753
0.151042 -0.00100328

-0.854167 0.00226175
-0.848958 0.00230247

-0.848958 0.00230247
-0.84375 0.00234194

0.151042 -0.00100328
0.15625 -0.00103894

0.15625 -0.00103894
0.161458 -0.0010745

0.619792 -0.00316299
0.625 -0.00316521

0.161458 -0.0010745
0.166667 -0.00110996

-0.84375 0.00234194
-0.838542 0.00238019

0.625 -0.00316521
0.630208 -0.00316669

0.630208 -0.00316669
0.635417 -0.00316742

-0.838542 0.00238018
-0.833333 0.00241722

0.635417 -0.00316742
0.640625 -0.00316738

0.640625 -0.00316738
0.645833 -0.00316657

7.41594e-17 5.56172e-05
0.00520833 1.88561e-05

0.00520833 1.95072e-05
0.00797056 -3.68629e-17

0.645833 -0.00316657
0.651042 -0.00316497

0.651042 -0.00316497
0.65625 -0.00316257

0.65625 -0.00316258
0.661458 -0.00315936

0.661458 -0.00315937
0.666667 -0.00315533

-0.333333 0.00219404
-0.328125 0.00216658

-0.328125 0.00216658
-0.322917 0.00213881

-0.322917 0.00213881
-0.317708 0.00211074

-0.317708 0.00211074
-0.3125 0.00208239

-0.3125 0.00208239
-0.307292 0.00205376

-0.307292 0.00205375
-0.302083 0.00202485

-0.833333 0.00241722
-0.828125 0.00245307

-0.828125 0.00245306
-0.822917 0.00248773

0.666667 -0.00315533
0.671875 -0.00315045

-0.302083 0.00202485
-0.296875 0.00199567

-0.822917 0.00248773
-0.817708 0.00252124

0.166667 -0.00110996
0.171875 -0.00114532

-0.817708 0.00252124
-0.8125 0.00255361

-0.296875 0.00199567
-0.291667 0.00196624

-0.8125 0.0025536
-0.807292 0.00258484

0.171875 -0.00114532
0.177083 -0.00118058

-0.807292 0.00258484
-0.802083 0.00261496

0.671875 -0.00315045
0.677083 -0.00314472

0.177083 -0.00118058
0.182292 -0.00121573

-0.291667 0.00196624
-0.286458 0.00193656

-0.802083 0.00261495
-0.796875 0.00264397

-0.286458 0.00193656
-0.28125 0.00190664

0.677083 -0.00314472
0.682292 -0.00313812

0.182292 -0.00121573
0.1875 -0.00125076

0.682292 -0.00313813
0.6875 -0.00313065

-0.796875 0.00264397
-0.791667 0.0026719

0.1875 -0.00125076
0.192708 -0.00128569

-0.28125 0.00190664
-0.276042 0.00187648

0.6875 -0.00313065
0.692708 -0.00312228

-0.276042 0.00187648
-0.270833 0.00184609

-0.791667 0.00267189
-0.786458 0.00269874

0.692708 -0.00312228
0.697917 -0.003113

0.192708 -0.00128569
0.197917 -0.00132049

0.697917 -0.003113
0.703125 -0.0031028

0.703125 -0.00310281
0.708333 -0.00309168

-0.270833 0.00184608
-0.265625 0.00181547

0.197917 -0.00132049
0.203125 -0.00135517

-0.265625 0.00181547
-0.260417 0.00178464

-0.260417 0.00178464
-0.255208 0.0017536

-0.255208 0.0017536
-0.25 0.00172235

-0.786458 0.00269874
-0.78125 0.00272453

-0.78125 0.00272453
-0.776042 0.00274927

-0.25 0.00172235
-0.244792 0.0016909

-0.244792 0.0016909
-0.239583 0.00165926

-0.239583 0.00165926
-0.234375 0.00162743

-0.234375 0.00162743
-0.229167 0.00159541

-0.229167 0.00159541
-0.223958 0.00156321

-0.223958 0.00156321
-0.21875 0.00153084

0.708333 -0.00309168
0.713542 -0.0030796

0.713542 -0.00307961
0.71875 -0.00306657

-0.776042 0.00274927
-0.770833 0.00277298

-0.770833 0.00277297
-0.765625 0.00279566

-0.765625 0.00279566
-0.760417 0.00281735

-0.760417 0.00281734
-0.755208 0.00283804

-0.755208 0.00283804
-0.75 0.00285776

0.203125 -0.00135517
0.208333 -0.00138973

-0.75 0.00285776
-0.744792 0.00287652

-0.744792 0.00287651
-0.739583 0.00289433

-0.739583 0.00289432
-0.734375 0.0029112

-0.734375 0.0029112
-0.729167 0.00292716

-0.729167 0.00292715
-0.723958 0.0029422

0.208333 -0.00138973
0.213542 -0.00142415

-0.723958 0.00294219
-0.71875 0.00295634

0.213542 -0.00142415
0.21875 -0.00145844

-0.21875 0.00153084
-0.213542 0.00149829

-0.71875 0.00295634
-0.713542 0.00296959

-0.213542 0.00149829
-0.208333 0.00146558

-0.713542 0.00296959
-0.708333 0.00298197

0.21875 -0.00145844
0.223958 -0.00149259

-0.708333 0.00298197
-0.703125 0.00299348

-0.703125 0.00299348
-0.697917 0.00300414

0.71875 -0.00306658
0.723958 -0.00305257

0.223958 -0.0014926
0.229167 -0.0015266

0.723958 -0.00305258
0.729167 -0.00303759

-0.208333 0.00146558
-0.203125 0.0014327

-0.697917 0.00300413
-0.692708 0.00301395

-0.692708 0.00301394
-0.6875 0.00302292

0.729167 -0.0030376
0.734375 -0.00302162

0.734375 -0.00302162
0.739583 -0.00300463

0.739583 -0.00300463
0.744792 -0.00298662

-0.203125 0.0014327
-0.197917 0.00139966

-0.197917 0.00139965
-0.192708 0.00136646

-0.192708 0.00136646
-0.1875 0.0013331

0.744792 -0.00298662
0.75 -0.00296758

-0.1875 0.0013331
-0.182292 0.0012996

-0.182292 0.0012996
-0.177083 0.00126594

-0.177083 0.00126594
-0.171875 0.00123214

-0.171875 0.00123214
-0.166667 0.00119819

0.75 -0.00296758
0.755208 -0.00294748

0.755208 -0.00294748
0.760417 -0.00292632

0.760417 -0.00292632
0.765625 -0.00290407

-0.6875 0.00302292
-0.682292 0.00303108

-0.682292 0.00303107
-0.677083 0.00303842

-0.677083 0.00303841
-0.671875 0.00304496

-0.671875 0.00304496
-0.666667 0.00305072

0.765625 -0.00290408
0.770833 -0.00288073

0.770833 -0.00288073
0.776042 -0.00285627

0.776042 -0.00285627
0.78125 -0.00283068

0.78125 -0.00283068
0.786458 -0.00280394

0.786458 -0.00280394
0.791667 -0.00277604

0.229167 -0.0015266
0.234375 -0.00156046

0.791667 -0.00277604
0.796875 -0.00274696

0.796875 -0.00274697
0.802083 -0.00271669

0.802083 -0.00271669
0.807292 -0.00268521

0.807292 -0.00268521
0.8125 -0.00265251

-0.166667 0.00119819
-0.161458 0.00116411

0.8125 -0.00265251
0.817708 -0.00261856

0.234375 -0.00156046
0.239583 -0.00159416

0.817708 -0.00261857
0.822917 -0.00258337

-0.161458 0.00116411
-0.15625 0.00112988

0.239583 -0.00159416
0.244792 -0.00162771

0.244792 -0.00162771
0.25 -0.00166108

-0.666667 0.00305071
-0.661458 0.0030557

-0.15625 0.00112988
-0.151042 0.00109552

-0.661458 0.0030557
-0.65625 0.00305992

-0.65625 0.00305992
-0.651042 0.00306339

-0.651042 0.00306339
-0.645833 0.00306613

-0.645833 0.00306612
-0.640625 0.00306813

-0.640625 0.00306813
-0.635417 0.00306942

-0.635417 0.00306942
-0.630208 0.00307001

-0.630208 0.00307001
-0.625 0.0030699

-0.625 0.0030699
-0.619792 0.0030691

-0.619792 0.0030691
-0.614583 0.00306762

-0.614583 0.00306762
-0.609375 0.00306548

-0.609375 0.00306548
-0.604167 0.00306267

0.25 -0.00166108
0.255208 -0.00169429

-0.604167 0.00306267
-0.598958 0.00305921

0.255208 -0.00169429
0.260417 -0.00172732

-0.598958 0.0030592
-0.59375 0.0030551

-0.59375 0.0030551
-0.588542 0.00305035

0.260417 -0.00172732
0.265625 -0.00176016

-0.588542 0.00305035
-0.583333 0.00304497

0.265625 -0.00176016
0.270833 -0.00179281

0.822917 -0.00258337
0.828125 -0.00254691

-0.151042 0.00109552
-0.145833 0.00106103

0.828125 -0.00254691
0.833333 -0.00250916

-0.145833 0.00106102
-0.140625 0.0010264

-0.583333 0.00304496
-0.578125 0.00303896

-0.578125 0.00303896
-0.572917 0.00303233

-0.140625 0.0010264
-0.135417 0.000991646

-0.572917 0.00303233
-0.567708 0.0030251

0.833333 -0.00250916
0.838542 -0.0024701

-0.135417 0.000991645
-0.130208 0.000956768

0.270833 -0.00179281
0.276042 -0.00182526

-0.130208 0.000956767
-0.125 0.000921769

0.276042 -0.00182527
0.28125 -0.00185751

0.838542 -0.00247011
0.84375 -0.00242973

-0.125 0.000921768
-0.119792 0.000886653

0.28125 -0.00185752
0.286458 -0.00188955

-0.119792 0.000886652
-0.114583 0.000851422

0.286458 -0.00188955
0.291667 -0.00192136

-0.114583 0.000851421
-0.109375 0.000816082

0.291667 -0.00192137
0.296875 -0.00195295

-0.109375 0.000816081
-0.104167 0.000780635

-0.104167 0.000780634
-0.0989583 0.000745087

-0.0989583 0.000745086
-0.09375 0.000709441

-0.09375 0.00070944
-0.0885417 0.000673701

0.84375 -0.00242973
0.848958 -0.00238801

0.848958 -0.00238802
0.854167 -0.00234494

0.296875 -0.00195295
0.302083 -0.0019843

0.302083 -0.00198431
0.307292 -0.00201541

0.307292 -0.00201541
0.3125 -0.00204626

0.3125 -0.00204627
0.317708 -0.00207686

0.317708 -0.00207686
0.322917 -0.00210718

0.854167 -0.00234494
0.859375 -0.00230048

0.859375 -0.00230049
0.864583 -0.00225463

0.864583 -0.00225464
0.869792 -0.00220736

0.869792 -0.00220737
0.875 -0.00215866

-0.0885417 0.0006737
-0.0833333 0.000637871

0.875 -0.00215866
0.880208 -0.0021085

0.880208 -0.00210851
0.885417 -0.00205688

-0.567708 0.00302509
-0.5625 0.00301726

-0.0833333 0.00063787
-0.078125 0.000601956

-0.078125 0.000601955
-0.0729167 0.000565959

-0.0729167 0.000565958
-0.0677083 0.000529885

0.322917 -0.00210718
0.328125 -0.00213722

-0.0677083 0.000529884
-0.0625 0.000493737

0.885417 -0.00205688
0.890625 -0.00200376

-0.0625 0.000493736
-0.0572917 0.00045752

0.328125 -0.00213722
0.333333 -0.00216698

-0.0572917 0.000457519
-0.0520833 0.000421237

-0.0520833 0.000421236
-0.046875 0.000384893

-0.5625 0.00301725
-0.557292 0.00300882

-0.046875 0.000384892
-0.0416667 0.00034849

-0.557292 0.00300882
-0.552083 0.00299979

-0.0416667 0.000348489
-0.0364583 0.000312034

-0.552083 0.00299979
-0.546875 0.00299019

0.333333 -0.00216698
0.338542 -0.00219644

0.338542 -0.00219644
0.34375 -0.0022256

-0.0364583 0.000312033
-0.03125 0.000275526

0.890625 -0.00200376
0.895833 -0.00194913

-0.03125 0.000275525
-0.0260417 0.000238972

0.895833 -0.00194914
0.901042 -0.00189298

0.901042 -0.00189299
0.90625 -0.00183527

0.90625 -0.00183528
0.911458 -0.00177599

-0.0260417 0.000238971
-0.0208333 0.000202374

0.34375 -0.0022256
0.348958 -0.00225445

-0.0208333 0.000202373
-0.015625 0.000165736

0.911458 -0.00177599
0.916667 -0.00171511

-0.546875 0.00299019
-0.541667 0.00298002

0.348958 -0.00225445
0.354167 -0.00228298

-0.015625 0.000165735
-0.0104167 0.000129062

-0.541667 0.00298001
-0.536458 0.00296928

-0.536458 0.00296928
-0.53125 0.00295799

0.354167 -0.00228298
0.359375 -0.00231119

-0.53125 0.00295799
-0.526042 0.00294616

0.359375 -0.00231119
0.364583 -0.00233906

-0.526042 0.00294616
-0.520833 0.0029338

0.364583 -0.00233907
0.369792 -0.0023666

-0.520833 0.0029338
-0.515625 0.00292092

-0.0104167 0.000129061
-0.00520833 9.23546e-05

-0.515625 0.00292091
-0.510417 0.00290752

0.369792 -0.0023666
0.375 -0.0023938

0.916667 -0.00171511
0.921875 -0.00165261

-0.510417 0.00290751
-0.505208 0.00289361

-0.00520833 9.23536e-05
-7.41594e-17 5.56181e-05

0.375 -0.0023938
0.380208 -0.00242064

0.921875 -0.00165261
0.927083 -0.00158848

-0.505208 0.00289361
-0.5 0.00287921

0.380208 -0.00242064
0.385417 -0.00244713

0.385417 -0.00244713
0.390625 -0.00247327

0.927083 -0.00158848
0.932292 -0.00152271

0.932292 -0.00152271
0.9375 -0.00145527

0.390625 -0.00247327
0.395833 -0.00249903

0.9375 -0.00145527
0.942708 -0.00138614

0.395833 -0.00249903
0.401042 -0.00252443

0.401042 -0.00252443
0.40625 -0.00254945

0.942708 -0.00138615
0.947917 -0.00131529

0.947917 -0.0013153
0.953125 -0.00124269

0.953125 -0.0012427
0.958333 -0.00116832

0.40625 -0.00254945
0.411458 -0.0025741

0.411458 -0.0025741
0.416667 -0.00259835

0.958333 -0.00116833
0.963542 -0.00109215

0.963542 -0.00109216
0.96875 -0.00101416

0.96875 -0.00101416
0.973958 -0.00093432

0.973958 -0.000934326
0.979167 -0.000852632

0.416667 -0.00259835
0.421875 -0.00262222

0.421875 -0.00262222
0.427083 -0.00264568

0.427083 -0.00264569
0.432292 -0.00266875

0.432292 -0.00266875
0.4375 -0.0026914

0.979167 -0.000852638
0.984375 -0.000769064

0.984375 -0.00076906
0.989583 -0.000683602

0.989583 -0.000683593
0.994792 -0.000596276

0.994792 -0.000596192
1 -0.000507204

0.4375 -0.0026914
0.442708 -0.00271364

0.442708 -0.00271364
0.447917 -0.00273545

0.447917 -0.00273545
0.453125 -0.00275684

0.453125 -0.00275684
0.458333 -0.00277778

1 -0.000507326
1.01042 -0.00032586

0.458333 -0.00277779
0.463542 -0.00279829

0.463542 -0.00279829
0.46875 -0.00281834

0.46875 -0.00281834
0.473958 -0.00283793

0.473958 -0.00283794
0.479167 -0.00285706

0.479167 -0.00285706
0.484375 -0.00287571

1.01042 -0.000293784
1.02083 -0.000171983

1.02083 -0.000198235
1.04167 -9.72572e-05

1.04167 -0.000143159
1.08333 -6.1654e-05

0.484375 -0.00287572
0.489583 -0.00289388

1.08333 -8.93692e-05
1.16667 -2.48221e-05

1.16667 -6.30913e-05
1.28166 -4.16334e-17

0.489583 -0.00289389
0.494792 -0.00291156

0.494792 -0.00291157
0.5 -0.00292874

