-1.16667 -7.5715e-06
-1.18312 -4.16334e-17

-1.33333 3.6482e-05
-1.1934 -6.93889e-17

-0.34375 -0.00490495
-0.338542 -0.00484416

-0.338542 -0.00484415
-0.333333 -0.00478257

-1.08333 -2.46543e-05
-1.11213 -2.08167e-17

-1.04167 -7.14962e-05
-1.06472 -3.81639e-17

-1.02083 -0.000188277
-1.04014 -1.9082e-17

-1.02083 -0.000145598
-1.01042 -0.000388717

-1.01042 -0.000447997
-1 -0.000799469

-1.16667 4.20608e-05
-1.11754 -3.46945e-17

-1.08333 4.8872e-05
-1.06757 -7.28584e-17

-1 -0.000798844
-0.994792 -0.000970748

-0.333333 -0.00478257
-0.328125 -0.00472021

0.34375 0.00499567
0.348958 0.00505005

-0.994792 -0.000970863
-0.989583 -0.00113995

-0.989583 -0.00113995
-0.984375 -0.001306

-0.984375 -0.00130601
-0.979167 -0.00146902

-0.328125 -0.0047202
-0.322917 -0.00465708

-0.979167 -0.00146902
-0.973958 -0.00162901

-0.973958 -0.001629
-0.96875 -0.00178599

0.348958 0.00505006
0.354167 0.00510359

0.354167 0.00510359
0.359375 0.00515627

0.359375 0.00515627
0.364583 0.00520807

0.36461 0.00520833
0.369792 0.00525898

0.369792 0.00525898
0.375 0.00530899

0.375 0.00530899
0.380208 0.00535809

0.380208 0.00535809
0.385417 0.00540627

0.385417 0.00540627
0.390625 0.00545351

0.390625 0.00545351
0.395833 0.00549981

0.395833 0.00549981
0.401042 0.00554515

0.401042 0.00554515
0.40625 0.00558953

0.40625 0.00558953
0.411458 0.00563293

0.411458 0.00563293
0.416667 0.00567534

0.416667 0.00567534
0.421875 0.00571675

0.421875 0.00571675
0.427083 0.00575715

0.427083 0.00575715
0.432292 0.00579653

0.432292 0.00579653
0.4375 0.00583488

0.4375 0.00583488
0.442708 0.00587218

0.442708 0.00587218
0.447917 0.00590843

0.447917 0.00590843
0.453125 0.0059436

0.453125 0.0059436
0.458333 0.0059777

0.458333 0.0059777
0.463542 0.0060107

0.463542 0.0060107
0.46875 0.0060426

0.46875 0.0060426
0.473958 0.00607338

0.473958 0.00607338
0.479167 0.00610303

0.479167 0.00610303
0.484375 0.00613153

0.484375 0.00613154
0.489583 0.00615889

0.489583 0.00615889
0.494792 0.00618507

0.494792 0.00618507
0.5 0.00621007

0.5 0.00621007
0.505208 0.00623387

0.505208 0.00623387
0.510417 0.00625646

0.510417 0.00625646
0.515625 0.00627783

0.515625 0.00627783
0.520833 0.00629796

0.520833 0.00629796
0.526042 0.00631683

0.526042 0.00631684
0.53125 0.00633444

0.53125 0.00633444
0.536458 0.00635076

0.536458 0.00635076
0.541667 0.00636578

0.541667 0.00636579
0.546875 0.00637949

0.546875 0.0063795
0.552083 0.00639188

0.552083 0.00639188
0.557292 0.00640292

0.557292 0.00640292
0.5625 0.0064126

0.5625 0.0064126
0.567708 0.00642091

0.567708 0.00642091
0.572917 0.00642784

7.41594e-17 0.000154564
0.00520833 0.00023809

0.00520833 0.000238093
0.0104167 0.000321547

0.0104167 0.00032155
0.015625 0.00040492

0.015625 0.000404923
0.0208333 0.000488198

0.0208333 0.0004882
0.0260417 0.000571369

0.0260417 0.000571372
0.03125 0.000654422

-0.322917 -0.00465708
-0.317708 -0.00459321

-0.317708 -0.00459321
-0.3125 -0.00452861

-0.3125 -0.0045286
-0.307292 -0.00446329

-0.307292 -0.00446329
-0.302083 -0.00439727

-0.302083 -0.00439727
-0.296875 -0.00433058

-0.296875 -0.00433057
-0.291667 -0.00426321

-0.291667 -0.0042632
-0.286458 -0.00419519

-0.286458 -0.00419518
-0.28125 -0.00412653

-0.28125 -0.00412653
-0.276042 -0.00405725

-0.276042 -0.00405725
-0.270833 -0.00398736

-0.270833 -0.00398736
-0.265625 -0.00391689

-0.265625 -0.00391688
-0.260417 -0.00384583

-0.260417 -0.00384583
-0.255208 -0.00377421

-0.255208 -0.00377421
-0.25 -0.00370204

-0.25 -0.00370204
-0.244792 -0.00362934

-0.244792 -0.00362934
-0.239583 -0.00355612

-0.239583 -0.00355612
-0.234375 -0.00348239

-0.234375 -0.00348239
-0.229167 -0.00340817

-0.229167 -0.00340817
-0.223958 -0.00333347

-0.223958 -0.00333347
-0.21875 -0.00325831

-0.21875 -0.0032583
-0.213542 -0.00318269

-0.213542 -0.00318269
-0.208333 -0.00310663

-0.208333 -0.00310663
-0.203125 -0.00303015

-0.203125 -0.00303015
-0.197917 -0.00295326

-0.197917 -0.00295325
-0.192708 -0.00287596

-0.192708 -0.00287596
-0.1875 -0.00279828

-0.1875 -0.00279827
-0.182292 -0.00272022

-0.182292 -0.00272022
-0.177083 -0.0026418

-0.177083 -0.00264179
-0.171875 -0.00256302

-0.171875 -0.00256302
-0.166667 -0.00248391

-0.96875 -0.00178598
-0.963542 -0.00193998

-0.963542 -0.00193998
-0.958333 -0.00209102

-0.958333 -0.00209102
-0.953125 -0.00223912

-0.953125 -0.00223912
-0.947917 -0.00238431

-0.947917 -0.0023843
-0.942708 -0.0025266

-0.942708 -0.0025266
-0.9375 -0.00266603

-0.166667 -0.00248391
-0.161458 -0.00240447

-0.161458 -0.00240447
-0.15625 -0.00232472

-0.15625 -0.00232472
-0.151042 -0.00224466

-0.151042 -0.00224466
-0.145833 -0.00216431

-0.145833 -0.00216431
-0.140625 -0.00208369

-0.140625 -0.00208368
-0.135417 -0.00200279

-0.135417 -0.00200279
-0.130208 -0.00192164

-0.130208 -0.00192164
-0.125 -0.00184025

-0.125 -0.00184024
-0.119792 -0.00175862

-0.119792 -0.00175862
-0.114583 -0.00167678

-0.114583 -0.00167677
-0.109375 -0.00159472

-0.109375 -0.00159472
-0.104167 -0.00151248

-0.104167 -0.00151248
-0.0989583 -0.00143005

-0.0989583 -0.00143005
-0.09375 -0.00134745

-0.09375 -0.00134745
-0.0885417 -0.00126469

-0.0885417 -0.00126469
-0.0833333 -0.00118179

-0.0833333 -0.00118179
-0.078125 -0.00109876

-0.078125 -0.00109876
-0.0729167 -0.0010156

-0.0729167 -0.0010156
-0.0677083 -0.000932338

0.03125 0.000654425
0.0364583 0.000737346

0.0364583 0.000737349
0.0416667 0.000820129

0.0416667 0.000820132
0.046875 0.000902761

-0.0677083 -0.000932335
-0.0625 -0.000848977

-0.0625 -0.000848974
-0.0572917 -0.000765531

-0.0572917 -0.000765528
-0.0520833 -0.000682012

-0.0520833 -0.000682009
-0.046875 -0.000598433

-0.046875 -0.00059843
-0.0416667 -0.000514805

0.046875 0.000902764
0.0520833 0.000985229

0.0520833 0.000985231
0.0572917 0.00106752

0.572917 0.00642784
0.578125 0.00643337

0.578125 0.00643337
0.583333 0.00643749

0.0572917 0.00106752
0.0625 0.00114963

0.0625 0.00114963
0.0677083 0.00123154

0.0677083 0.00123154
0.0729167 0.00131324

0.0729167 0.00131324
0.078125 0.00139471

0.078125 0.00139472
0.0833333 0.00147596

-0.0416667 -0.000514802
-0.0364583 -0.00043114

-0.0364583 -0.000431137
-0.03125 -0.00034745

-0.03125 -0.000347447
-0.0260417 -0.000263746

-0.0260417 -0.000263743
-0.0208333 -0.00018004

0.0833333 0.00147596
0.0885417 0.00155696

0.0885417 0.00155696
0.09375 0.00163771

0.09375 0.00163771
0.0989583 0.00171819

0.0989583 0.00171819
0.104167 0.00179839

-0.0208333 -0.000180037
-0.015625 -9.63445e-05

-0.015625 -9.63419e-05
-0.0104167 -1.26702e-05

-0.0104167 -1.42208e-05
-0.00953109 -1.86483e-17

0.104167 0.00179839
0.109375 0.0018783

0.109375 0.0018783
0.114583 0.00195791

0.114583 0.00195791
0.119792 0.0020372

0.119792 0.00203721
0.125 0.00211618

-0.00964623 -3.68629e-17
-0.00520833 7.12647e-05

-0.00520833 7.09736e-05
-7.41594e-17 0.000154561

0.125 0.00211618
0.130208 0.00219482

0.130208 0.00219482
0.135417 0.00227311

0.135417 0.00227311
0.140625 0.00235105

0.140625 0.00235105
0.145833 0.00242862

0.145833 0.00242862
0.151042 0.00250581

0.151042 0.00250581
0.15625 0.00258261

0.15625 0.00258261
0.161458 0.00265902

0.161458 0.00265902
0.166667 0.00273501

-0.9375 -0.00266603
-0.932292 -0.00280262

-0.932292 -0.00280262
-0.927083 -0.0029364

-0.927083 -0.00293639
-0.921875 -0.00306738

-0.921875 -0.00306738
-0.916667 -0.00319559

-0.916667 -0.00319559
-0.911458 -0.00332106

-0.911458 -0.00332105
-0.90625 -0.00344379

-0.90625 -0.00344379
-0.901042 -0.00356383

-0.901042 -0.00356382
-0.895833 -0.00368118

-0.895833 -0.00368118
-0.890625 -0.00379588

0.166667 0.00273502
0.171875 0.00281059

0.171875 0.00281059
0.177083 0.00288574

0.177083 0.00288574
0.182292 0.00296045

0.182292 0.00296045
0.1875 0.00303471

0.1875 0.00303471
0.192708 0.0031085

0.192708 0.0031085
0.197917 0.00318183

0.197917 0.00318183
0.203125 0.00325467

0.203125 0.00325467
0.208333 0.00332702

0.583333 0.00643749
0.588542 0.00644019

0.588542 0.00644019
0.59375 0.00644145

0.59375 0.00644145
0.598958 0.00644126

0.598958 0.00644126
0.604167 0.0064396

0.604167 0.00643961
0.609375 0.00643648

0.609375 0.00643648
0.614583 0.00643186

0.614583 0.00643186
0.619792 0.00642574

0.619792 0.00642574
0.625 0.00641811

0.625 0.00641811
0.630208 0.00640894

0.630208 0.00640894
0.635417 0.00639823

0.635417 0.00639823
0.640625 0.00638596

0.640625 0.00638596
0.645833 0.00637212

0.645833 0.00637212
0.651042 0.00635668

0.651042 0.00635669
0.65625 0.00633964

0.65625 0.00633965
0.661458 0.00632098

0.661458 0.00632098
0.666667 0.00630067

0.666667 0.00630067
0.671875 0.00627871

0.671875 0.00627871
0.677083 0.00625507

0.677083 0.00625507
0.682292 0.00622974

0.682292 0.00622974
0.6875 0.0062027

0.6875 0.0062027
0.692708 0.00617393

0.692708 0.00617394
0.697917 0.00614342

0.697917 0.00614343
0.703125 0.00611116

0.703125 0.00611116
0.708333 0.00607711

0.708333 0.00607712
0.713542 0.00604128

0.713542 0.00604128
0.71875 0.00600364

0.208333 0.00332702
0.213542 0.00339886

0.213542 0.00339886
0.21875 0.00347019

0.21875 0.00347019
0.223958 0.00354099

0.223958 0.00354099
0.229167 0.00361125

0.71875 0.00600364
0.723958 0.00596418

0.723958 0.00596418
0.729167 0.00592287

0.729167 0.00592288
0.734375 0.00587972

0.734375 0.00587972
0.739583 0.00583469

0.739583 0.00583469
0.744792 0.00578777

0.744792 0.00578778
0.75 0.00573895

0.75 0.00573895
0.755208 0.0056882

0.755208 0.00568821
0.760417 0.00563551

0.760417 0.00563551
0.765625 0.00558086

0.765625 0.00558086
0.770833 0.00552422

0.770833 0.00552423
0.776042 0.00546558

0.229167 0.00361125
0.234375 0.00368096

0.234375 0.00368096
0.239583 0.00375011

-0.890625 -0.00379587
-0.885417 -0.00390794

-0.885417 -0.00390793
-0.880208 -0.00401738

-0.880208 -0.00401737
-0.875 -0.00412423

-0.875 -0.00412423
-0.869792 -0.00422851

-0.869792 -0.00422851
-0.864583 -0.00433024

-0.864583 -0.00433024
-0.859375 -0.00442944

-0.859375 -0.00442944
-0.854167 -0.00452613

-0.854167 -0.00452613
-0.848958 -0.00462034

-0.848958 -0.00462033
-0.84375 -0.00471208

-0.84375 -0.00471207
-0.838542 -0.00480138

-0.838542 -0.00480137
-0.833333 -0.00488825

0.776042 0.00546559
0.78125 0.00540493

0.78125 0.00540493
0.786458 0.00534223

0.239583 0.00375011
0.244792 0.00381868

-0.833333 -0.00488824
-0.828125 -0.00497272

0.786458 0.00534224
0.791667 0.00527748

0.244792 0.00381869
0.25 0.00388667

-0.828125 -0.00497271
-0.822917 -0.00505481

0.25 0.00388667
0.255208 0.00395406

0.791667 0.00527748
0.796875 0.00521065

-0.822917 -0.0050548
-0.817708 -0.00513454

0.255208 0.00395406
0.260417 0.00402084

0.802083 0.00514173
0.79705 0.00520833

0.260417 0.00402084
0.265625 0.004087

-0.8125 -0.00521189
-0.81274 -0.00520833

0.265625 0.004087
0.270833 0.00415252

0.796875 0.00521064
0.797049 0.00520833

0.270833 0.00415252
0.276042 0.00421739

-0.817708 -0.00513453
-0.812742 -0.00520833

0.276042 0.00421739
0.28125 0.0042816

0.802083 0.00514173
0.807292 0.00507069

-0.8125 -0.00521192
-0.807292 -0.00528699

-0.807292 -0.00528699
-0.802083 -0.00535977

0.807292 0.0050707
0.8125 0.00499753

-0.802083 -0.00535976
-0.796875 -0.00543026

0.28125 0.0042816
0.286458 0.00434514

-0.796875 -0.00543025
-0.791667 -0.00549849

0.8125 0.00499753
0.817708 0.00492221

0.817708 0.00492222
0.822917 0.00484473

0.286458 0.00434514
0.291667 0.00440799

0.822917 0.00484474
0.828125 0.00476507

0.828125 0.00476507
0.833333 0.0046832

-0.791667 -0.00549848
-0.786458 -0.00556448

-0.786458 -0.00556447
-0.78125 -0.00562824

0.291667 0.00440799
0.296875 0.00447013

0.296875 0.00447014
0.302083 0.00453157

0.302083 0.00453157
0.307292 0.00459227

0.833333 0.0046832
0.838542 0.0045991

-0.78125 -0.00562824
-0.776042 -0.00568981

0.838542 0.0045991
0.84375 0.00451275

0.307292 0.00459228
0.3125 0.00465224

-0.776042 -0.0056898
-0.770833 -0.00574919

0.84375 0.00451276
0.848958 0.00442413

0.3125 0.00465224
0.317708 0.00471144

-0.770833 -0.00574918
-0.765625 -0.0058064

0.317708 0.00471145
0.322917 0.00476988

0.322917 0.00476989
0.328125 0.00482754

-0.765625 -0.0058064
-0.760417 -0.00586148

-0.760417 -0.00586147
-0.755208 -0.00591443

0.848958 0.00442414
0.854167 0.00433322

-0.755208 -0.00591442
-0.75 -0.00596528

0.328125 0.00482754
0.333333 0.0048844

0.854167 0.00433323
0.859375 0.00424

0.859375 0.00424001
0.864583 0.00414444

0.864583 0.00414445
0.869792 0.00404652

0.869792 0.00404653
0.875 0.00394622

-0.75 -0.00596527
-0.744792 -0.00601404

-0.744792 -0.00601403
-0.739583 -0.00606074

-0.739583 -0.00606073
-0.734375 -0.00610539

-0.734375 -0.00610538
-0.729167 -0.00614801

-0.729167 -0.00614801
-0.723958 -0.00618863

-0.723958 -0.00618862
-0.71875 -0.00622725

0.333333 0.0048844
0.338542 0.00494044

0.338542 0.00494045
0.34375 0.00499567

0.875 0.00394623
0.880208 0.00384353

0.880208 0.00384353
0.885417 0.0037384

-0.71875 -0.00622725
-0.713542 -0.00626391

-0.713542 -0.0062639
-0.708333 -0.00629861

0.885417 0.00373841
0.890625 0.00363084

0.890625 0.00363084
0.895833 0.0035208

0.895833 0.00352081
0.901042 0.00340828

0.901042 0.00340828
0.90625 0.00329324

0.90625 0.00329324
0.911458 0.00317565

0.911458 0.00317566
0.916667 0.0030555

0.916667 0.0030555
0.921875 0.00293276

-0.708333 -0.0062986
-0.703125 -0.00633137

-0.703125 -0.00633137
-0.697917 -0.00636221

-0.697917 -0.00636221
-0.692708 -0.00639116

-0.692708 -0.00639115
-0.6875 -0.00641822

0.921875 0.00293276
0.927083 0.0028074

0.927083 0.00280741
0.932292 0.00267942

-0.6875 -0.00641822
-0.682292 -0.00644342

-0.682292 -0.00644341
-0.677083 -0.00646677

-0.677083 -0.00646677
-0.671875 -0.0064883

-0.671875 -0.00648829
-0.666667 -0.00650801

0.932292 0.00267942
0.9375 0.00254878

0.9375 0.00254878
0.942708 0.00241545

0.942708 0.00241546
0.947917 0.00227942

0.947917 0.00227942
0.953125 0.00214064

0.953125 0.00214064
0.958333 0.00199908

-0.666667 -0.00650801
-0.661458 -0.00652594

-0.661458 -0.00652593
-0.65625 -0.00654209

-0.65625 -0.00654209
-0.651042 -0.0065565

-0.651042 -0.00655649
-0.645833 -0.00656917

-0.645833 -0.00656916
-0.640625 -0.00658012

-0.640625 -0.00658011
-0.635417 -0.00658938

-0.635417 -0.00658937
-0.630208 -0.00659695

0.958333 0.00199909
0.963542 0.00185472

0.963542 0.00185473
0.96875 0.00170753

-0.630208 -0.00659695
-0.625 -0.00660287

0.96875 0.00170754
0.973958 0.0015575

0.973958 0.0015575
0.979167 0.00140459

0.979167 0.00140459
0.984375 0.00124877

0.984375 0.00124877
0.989583 0.00109004

0.989583 0.00109004
0.994792 0.000928377

0.994792 0.000928274
1 0.000763899

-0.625 -0.00660286
-0.619792 -0.00660713

1.08333 -2.62343e-05
1.0743 -3.81639e-17

1.16667 -2.43659e-05
1.13474 -2.08167e-17

-0.619792 -0.00660713
-0.614583 -0.00660977

-0.614583 -0.00660977
-0.609375 -0.0066108

1 0.000764532
1.01042 0.000428234

1.01042 0.000369864
1.02083 0.000140238

-0.609375 -0.0066108
-0.604167 -0.00661024

-0.604167 -0.00661023
-0.598958 -0.00660809

-0.598958 -0.00660809
-0.59375 -0.00660438

-0.59375 -0.00660438
-0.588542 -0.00659913

-0.588542 -0.00659912
-0.583333 -0.00659234

1.02083 0.000183868
1.04132 -3.64292e-17

1.04167 8.20864e-05
1.06992 -7.28584e-17

-0.583333 -0.00659233
-0.578125 -0.00658404

-0.578125 -0.00658403
-0.572917 -0.00657424

-0.572917 -0.00657423
-0.567708 -0.00656295

-0.567708 -0.00656295
-0.5625 -0.0065502

1.08333 3.19175e-05
1.12501 -3.46945e-17

1.33333 -2.37726e-05
1.22999 -4.16334e-17

-0.5625 -0.0065502
-0.557292 -0.006536

-0.557292 -0.00653599
-0.552083 -0.00652036

1.16667 3.23121e-05
1.24339 -6.93889e-17

-0.552083 -0.00652035
-0.546875 -0.0065033

-0.546875 -0.0065033
-0.541667 -0.00648484

-0.541667 -0.00648484
-0.536458 -0.006465

-0.536458 -0.006465
-0.53125 -0.00644379

-0.53125 -0.00644378
-0.526042 -0.00642123

-0.526042 -0.00642122
-0.520833 -0.00639733

-0.520833 -0.00639733
-0.515625 -0.00637212

-0.515625 -0.00637212
-0.510417 -0.00634561

-0.510417 -0.00634561
-0.505208 -0.00631782

-0.505208 -0.00631781
-0.5 -0.00628876

-0.5 -0.00628875
-0.494792 -0.00625845

-0.494792 -0.00625845
-0.489583 -0.00622691

-0.489583 -0.00622691
-0.484375 -0.00619416

-0.484375 -0.00619415
-0.479167 -0.0061602

-0.479167 -0.0061602
-0.473958 -0.00612506

-0.473958 -0.00612506
-0.46875 -0.00608875

-0.46875 -0.00608875
-0.463542 -0.00605129

-0.463542 -0.00605129
-0.458333 -0.00601269

-0.458333 -0.00601269
-0.453125 -0.00597297

-0.453125 -0.00597296
-0.447917 -0.00593214

-0.447917 -0.00593213
-0.442708 -0.00589021

-0.442708 -0.00589021
-0.4375 -0.00584721

-0.4375 -0.00584721
-0.432292 -0.00580314

-0.432292 -0.00580314
-0.427083 -0.00575803

-0.427083 -0.00575802
-0.421875 -0.00571188

-0.421875 -0.00571187
-0.416667 -0.00566471

-0.416667 -0.0056647
-0.411458 -0.00561653

-0.411458 -0.00561652
-0.40625 -0.00556736

-0.40625 -0.00556735
-0.401042 -0.00551721

-0.401042 -0.00551721
-0.395833 -0.0054661

-0.395833 -0.00546609
-0.390625 -0.00541403

-0.390625 -0.00541403
-0.385417 -0.00536103

-0.385417 -0.00536102
-0.380208 -0.0053071

-0.380208 -0.0053071
-0.375 -0.00525226

-0.375 -0.00525231
-0.37089 -0.00520833

-0.370913 -0.00520833
-0.369792 -0.00519633

-0.369792 -0.00519653
-0.364583 -0.00513991

-0.364583 -0.00513991
-0.359375 -0.00508244

-0.359375 -0.00508243
-0.354167 -0.00502411

-0.354167 -0.0050241
-0.348958 -0.00496494

-0.348958 -0.00496494
-0.34375 -0.00490495

