-1.33333 1.43547e-06
-1.16667 0.000323909

-1.16667 0.000178846
-1.08333 0.000398108

-1.08333 0.000375205
-1.04167 0.000633258

-1.04167 0.000576489
-1.02083 0.000805914

-1.02083 0.000678224
-1.01042 0.000929587

-1.01042 0.00103113
-1 0.00147144

0.5 -0.00893801
0.505208 -0.00898017

0.505208 -0.00898018
0.510417 -0.00902055

0.510417 -0.00902055
0.515625 -0.0090591

0.515625 -0.00905911
0.520833 -0.00909582

0.520833 -0.00909582
0.526042 -0.00913067

0.526042 -0.00913067
0.53125 -0.00916363

0.53125 -0.00916364
0.536458 -0.00919469

0.536458 -0.00919469
0.541667 -0.00922381

0.541667 -0.00922381
0.546875 -0.00925097

-1 0.00147044
-0.994792 0.00168535

-0.994792 0.00168548
-0.989583 0.0018969

-0.989583 0.00189689
-0.984375 0.00210456

0.015625 -7.95811e-05
0.0121377 -1.86483e-17

-0.984375 0.00210456
-0.979167 0.00230851

0.015625 -7.808e-05
0.0208333 -0.000196995

0.546875 -0.00925097
0.552083 -0.00927615

0.552083 -0.00927615
0.557292 -0.00929932

0.557292 -0.00929933
0.5625 -0.00932047

0.5625 -0.00932048
0.567708 -0.00933957

-0.5 0.00873132
-0.494792 0.00869788

-0.979167 0.0023085
-0.973958 0.00250876

-0.973958 0.00250875
-0.96875 0.00270535

-0.96875 0.00270534
-0.963542 0.00289832

-0.963542 0.00289832
-0.958333 0.00308771

0.0208333 -0.000196999
0.0260417 -0.000315955

-0.494792 0.00869787
-0.489583 0.00866279

0.0260417 -0.00031596
0.03125 -0.000434942

0.567708 -0.00933958
0.572917 -0.0093566

0.03125 -0.000434946
0.0364583 -0.000553935

-0.489583 0.00866278
-0.484375 0.00862607

-0.958333 0.0030877
-0.953125 0.00327354

-0.484375 0.00862606
-0.479167 0.00858773

-0.479167 0.00858773
-0.473958 0.0085478

0.572917 -0.0093566
0.578125 -0.00937153

-0.473958 0.0085478
-0.46875 0.00850629

-0.953125 0.00327353
-0.947917 0.00345584

-0.46875 0.00850628
-0.463542 0.00846321

-0.947917 0.00345583
-0.942708 0.00363466

-0.942708 0.00363465
-0.9375 0.00381002

0.578125 -0.00937154
0.583333 -0.00938435

-0.9375 0.00381001
-0.932292 0.00398197

-0.932292 0.00398196
-0.927083 0.00415053

-0.463542 0.0084632
-0.458333 0.00841858

0.583333 -0.00938435
0.588542 -0.00939503

0.588542 -0.00939503
0.59375 -0.00940354

-0.927083 0.00415052
-0.921875 0.00431573

-0.921875 0.00431573
-0.916667 0.00447761

-0.916667 0.0044776
-0.911458 0.00463619

-0.911458 0.00463618
-0.90625 0.0047915

-0.90625 0.0047915
-0.901042 0.00494357

0.0364583 -0.00055394
0.0416667 -0.00067292

-0.901042 0.00494356
-0.895833 0.00509243

0.59375 -0.00940355
0.598958 -0.00940988

0.0416667 -0.000672924
0.046875 -0.000791878

-0.895833 0.00509249
-0.891692 0.00520833

0.046875 -0.000791883
0.0520833 -0.000910793

0.598958 -0.00940988
0.604167 -0.00941401

0.0520833 -0.000910797
0.0572917 -0.00102965

-0.89168 0.00520833
-0.890625 0.00523783

0.604167 -0.00941401
0.609375 -0.00941591

0.0572917 -0.00102965
0.0625 -0.00114842

-0.890625 0.00523809
-0.885417 0.00538062

-0.885417 0.00538061
-0.880208 0.00552001

0.609375 -0.00941591
0.614583 -0.00941556

-0.880208 0.00552
-0.875 0.00565629

0.0625 -0.00114843
0.0677083 -0.0012671

0.0677083 -0.00126711
0.0729167 -0.00138567

-0.875 0.00565628
-0.869792 0.00578949

-0.869792 0.00578948
-0.864583 0.00591963

-0.864583 0.00591963
-0.859375 0.00604675

-0.859375 0.00604674
-0.854167 0.00617085

-0.854167 0.00617085
-0.848958 0.00629198

-0.848958 0.00629197
-0.84375 0.00641015

-0.84375 0.00641014
-0.838542 0.00652538

-0.838542 0.00652537
-0.833333 0.00663771

0.0729167 -0.00138567
0.078125 -0.00150411

0.078125 -0.00150411
0.0833333 -0.00162239

0.614583 -0.00941557
0.619792 -0.00941294

0.619792 -0.00941295
0.625 -0.00940803

0.0833333 -0.0016224
0.0885417 -0.00174052

0.0885417 -0.00174052
0.09375 -0.00185845

0.09375 -0.00185846
0.0989583 -0.00197619

0.625 -0.00940803
0.630208 -0.0094008

0.630208 -0.0094008
0.635417 -0.00939122

-0.458333 0.00841858
-0.453125 0.00837242

-0.833333 0.0066377
-0.828125 0.00674715

-0.828125 0.00674715
-0.822917 0.00685374

0.0989583 -0.00197619
0.104167 -0.00209371

0.104167 -0.00209371
0.109375 -0.00221099

-0.453125 0.00837241
-0.447917 0.00832473

0.109375 -0.00221099
0.114583 -0.00232801

0.114583 -0.00232801
0.119792 -0.00244476

0.119792 -0.00244477
0.125 -0.00256122

0.125 -0.00256123
0.130208 -0.00267737

0.130208 -0.00267738
0.135417 -0.0027932

0.135417 -0.0027932
0.140625 -0.00290868

0.140625 -0.00290869
0.145833 -0.0030238

0.145833 -0.00302381
0.151042 -0.00313855

0.151042 -0.00313855
0.15625 -0.00325289

0.15625 -0.0032529
0.161458 -0.00336682

0.161458 -0.00336683
0.166667 -0.00348033

7.41594e-17 0.000278235
0.00520833 0.000159562

0.00520833 0.000159558
0.0104167 4.07848e-05

0.0104167 4.35939e-05
0.012327 -3.68629e-17

0.166667 -0.00348033
0.171875 -0.00359338

0.171875 -0.00359338
0.177083 -0.00370596

0.177083 -0.00370597
0.182292 -0.00381806

0.182292 -0.00381807
0.1875 -0.00392966

0.1875 -0.00392966
0.192708 -0.00404074

0.192708 -0.00404074
0.197917 -0.00415127

0.197917 -0.00415128
0.203125 -0.00426125

0.203125 -0.00426125
0.208333 -0.00437065

-0.447917 0.00832473
-0.442708 0.00827555

-0.442708 0.00827554
-0.4375 0.00822487

-0.4375 0.00822487
-0.432292 0.00817273

-0.822917 0.00685373
-0.817708 0.00695749

-0.432292 0.00817272
-0.427083 0.00811912

-0.427083 0.00811912
-0.421875 0.00806407

-0.817708 0.00695748
-0.8125 0.00705842

0.635417 -0.00939123
0.640625 -0.00937929

-0.421875 0.00806407
-0.416667 0.00800759

0.640625 -0.0093793
0.645833 -0.00936497

-0.8125 0.00705842
-0.807292 0.00715656

0.208333 -0.00437065
0.213542 -0.00447945

-0.416667 0.00800759
-0.411458 0.0079497

-0.807292 0.00715656
-0.802083 0.00725194

-0.411458 0.0079497
-0.40625 0.00789041

0.645833 -0.00936497
0.651042 -0.00934824

0.213542 -0.00447946
0.21875 -0.00458764

0.21875 -0.00458765
0.223958 -0.0046952

-0.802083 0.00725193
-0.796875 0.00734456

-0.796875 0.00734455
-0.791667 0.00743444

0.651042 -0.00934824
0.65625 -0.00932907

-0.791667 0.00743444
-0.786458 0.00752162

-0.786458 0.00752162
-0.78125 0.00760612

0.65625 -0.00932907
0.661458 -0.00930744

-0.78125 0.00760611
-0.776042 0.00768794

0.661458 -0.00930744
0.666667 -0.00928332

0.223958 -0.0046952
0.229167 -0.0048021

-0.40625 0.00789041
-0.401042 0.00782973

-0.401042 0.00782973
-0.395833 0.00776768

0.229167 -0.00480211
0.234375 -0.00490833

0.234375 -0.00490834
0.239583 -0.00501387

-0.395833 0.00776768
-0.390625 0.00770428

-0.390625 0.00770427
-0.385417 0.00763952

-0.385417 0.00763952
-0.380208 0.00757344

0.239583 -0.00501388
0.244792 -0.0051187

-0.380208 0.00757344
-0.375 0.00750605

-0.776042 0.00768793
-0.770833 0.00776712

0.666667 -0.00928333
0.671875 -0.00925669

-0.770833 0.00776711
-0.765625 0.00784367

0.25 -0.00522298
0.249267 -0.00520833

-0.375 0.00750605
-0.369792 0.00743735

0.244792 -0.00511867
0.249278 -0.00520833

-0.765625 0.00784367
-0.760417 0.00791763

0.671875 -0.0092567
0.677083 -0.00922753

-0.369792 0.00743735
-0.364583 0.00736737

0.677083 -0.00922753
0.682292 -0.0091958

-0.760417 0.00791762
-0.755208 0.00798901

0.25 -0.0052228
0.255208 -0.00532613

0.682292 -0.00919581
0.6875 -0.00916149

0.255208 -0.00532614
0.260417 -0.00542869

0.260417 -0.0054287
0.265625 -0.00553046

-0.755208 0.007989
-0.75 0.00805783

0.6875 -0.00916149
0.692708 -0.00912456

0.692708 -0.00912457
0.697917 -0.009085

-0.75 0.00805782
-0.744792 0.00812411

0.697917 -0.00908501
0.703125 -0.00904279

-0.364583 0.00736737
-0.359375 0.00729612

0.703125 -0.00904279
0.708333 -0.00899788

0.265625 -0.00553046
0.270833 -0.0056314

-0.359375 0.00729612
-0.354167 0.00722362

0.708333 -0.00899789
0.713542 -0.00895027

-0.354167 0.00722361
-0.348958 0.00714988

0.270833 -0.0056314
0.276042 -0.0057315

-0.348958 0.00714987
-0.34375 0.00707491

0.276042 -0.0057315
0.28125 -0.00583073

-0.744792 0.00812411
-0.739583 0.00818789

0.28125 -0.00583074
0.286458 -0.00592908

0.286458 -0.00592909
0.291667 -0.00602653

-0.34375 0.00707491
-0.338542 0.00699874

0.291667 -0.00602654
0.296875 -0.00612305

-0.338542 0.00699874
-0.333333 0.00692138

0.713542 -0.00895027
0.71875 -0.00889992

0.71875 -0.00889993
0.723958 -0.00884682

-0.739583 0.00818788
-0.734375 0.00824917

-0.734375 0.00824916
-0.729167 0.00830798

0.296875 -0.00612306
0.302083 -0.00621862

-0.333333 0.00692138
-0.328125 0.00684286

0.302083 -0.00621863
0.307292 -0.00631322

-0.729167 0.00830797
-0.723958 0.00836433

0.723958 -0.00884683
0.729167 -0.00879094

-0.723958 0.00836433
-0.71875 0.00841825

-0.328125 0.00684285
-0.322917 0.00676318

0.307292 -0.00631323
0.3125 -0.00640683

-0.322917 0.00676317
-0.317708 0.00668236

0.729167 -0.00879094
0.734375 -0.00873225

-0.71875 0.00841825
-0.713542 0.00846975

0.734375 -0.00873225
0.739583 -0.00867073

-0.317708 0.00668236
-0.3125 0.00660043

0.3125 -0.00640684
0.317708 -0.00649943

-0.3125 0.00660043
-0.307292 0.0065174

0.317708 -0.00649943
0.322917 -0.00659098

-0.713542 0.00846975
-0.708333 0.00851886

0.739583 -0.00867074
0.744792 -0.00860636

-0.307292 0.0065174
-0.302083 0.0064333

0.744792 -0.00860636
0.75 -0.00853911

0.322917 -0.00659099
0.328125 -0.00668148

-0.708333 0.00851885
-0.703125 0.00856559

0.328125 -0.00668149
0.333333 -0.0067709

-0.703125 0.00856558
-0.697917 0.00860995

-0.697917 0.00860995
-0.692708 0.00865197

-0.692708 0.00865197
-0.6875 0.00869167

-0.302083 0.00643329
-0.296875 0.00634813

-0.296875 0.00634812
-0.291667 0.00626191

0.75 -0.00853911
0.755208 -0.00846895

-0.291667 0.00626191
-0.286458 0.00617468

-0.286458 0.00617467
-0.28125 0.00608643

-0.6875 0.00869167
-0.682292 0.00872907

-0.28125 0.00608642
-0.276042 0.00599719

0.755208 -0.00846896
0.760417 -0.00839586

-0.276042 0.00599719
-0.270833 0.00590698

-0.682292 0.00872907
-0.677083 0.00876418

0.333333 -0.00677091
0.338542 -0.00685922

-0.677083 0.00876418
-0.671875 0.00879703

0.338542 -0.00685923
0.34375 -0.00694641

-0.270833 0.00590698
-0.265625 0.00581581

0.34375 -0.00694642
0.348958 -0.00703246

0.760417 -0.00839587
0.765625 -0.00831982

-0.265625 0.00581581
-0.260417 0.00572371

-0.671875 0.00879702
-0.666667 0.00882763

-0.260417 0.0057237
-0.255208 0.00563068

0.348958 -0.00703247
0.354167 -0.00711735

0.765625 -0.00831983
0.770833 -0.0082408

0.770833 -0.0082408
0.776042 -0.00815876

0.776042 -0.00815877
0.78125 -0.00807369

0.354167 -0.00711735
0.359375 -0.00720104

0.359375 -0.00720105
0.364583 -0.00728353

-0.255208 0.00563068
-0.25 0.00553675

-0.666667 0.00882763
-0.661458 0.00885601

-0.661458 0.00885601
-0.65625 0.00888219

-0.25 0.00553674
-0.244792 0.00544193

-0.65625 0.00888218
-0.651042 0.00890618

0.364583 -0.00728353
0.369792 -0.00736479

0.78125 -0.0080737
0.786458 -0.00798556

0.369792 -0.00736479
0.375 -0.0074448

-0.651042 0.00890618
-0.645833 0.00892802

0.375 -0.0074448
0.380208 -0.00752354

-0.645833 0.00892801
-0.640625 0.00894771

0.380208 -0.00752355
0.385417 -0.007601

-0.244792 0.00544192
-0.239583 0.00534623

0.385417 -0.007601
0.390625 -0.00767714

0.786458 -0.00798557
0.791667 -0.00789434

-0.640625 0.0089477
-0.635417 0.00896527

-0.635417 0.00896527
-0.630208 0.00898073

-0.239583 0.00534623
-0.234375 0.00524969

-0.630208 0.00898073
-0.625 0.00899411

0.390625 -0.00767715
0.395833 -0.00775196

0.791667 -0.00789435
0.796875 -0.00780001

0.395833 -0.00775196
0.401042 -0.00782543

-0.229167 0.00515207
-0.232176 0.00520833

-0.625 0.0089941
-0.619792 0.00900541

-0.234375 0.00524999
-0.232147 0.00520833

-0.619792 0.0090054
-0.614583 0.00901466

0.401042 -0.00782543
0.40625 -0.00789753

-0.614583 0.00901465
-0.609375 0.00902187

-0.609375 0.00902186
-0.604167 0.00902706

-0.229167 0.0051523
-0.223958 0.00505409

-0.604167 0.00902706
-0.598958 0.00903025

-0.223958 0.00505409
-0.21875 0.00495509

0.40625 -0.00789753
0.411458 -0.00796824

-0.21875 0.00495509
-0.213542 0.0048553

-0.213542 0.00485529
-0.208333 0.00475474

0.411458 -0.00796825
0.416667 -0.00803755

0.796875 -0.00780002
0.802083 -0.00770254

-0.598958 0.00903024
-0.59375 0.00903144

0.416667 -0.00803755
0.421875 -0.00810542

0.802083 -0.00770255
0.807292 -0.00760191

0.421875 -0.00810543
0.427083 -0.00817185

-0.208333 0.00475473
-0.203125 0.00465342

-0.59375 0.00903144
-0.588542 0.00903067

-0.203125 0.00465342
-0.197917 0.00455137

0.427083 -0.00817186
0.432292 -0.00823681

0.807292 -0.00760191
0.8125 -0.00749809

0.432292 -0.00823681
0.4375 -0.00830028

0.4375 -0.00830028
0.442708 -0.00836223

0.442708 -0.00836224
0.447917 -0.00842266

0.8125 -0.00749809
0.817708 -0.00739105

0.817708 -0.00739106
0.822917 -0.00728078

0.822917 -0.00728079
0.828125 -0.00716725

0.828125 -0.00716726
0.833333 -0.00705043

-0.197917 0.00455136
-0.192708 0.00444859

-0.192708 0.00444859
-0.1875 0.0043451

0.447917 -0.00842266
0.453125 -0.00848153

0.453125 -0.00848154
0.458333 -0.00853883

-0.588542 0.00903066
-0.583333 0.00902793

0.833333 -0.00705044
0.838542 -0.0069303

-0.1875 0.0043451
-0.182292 0.00424092

0.458333 -0.00853883
0.463542 -0.00859453

0.838542 -0.00693031
0.84375 -0.00680683

0.463542 -0.00859454
0.46875 -0.00864862

-0.583333 0.00902793
-0.578125 0.00902325

-0.182292 0.00424092
-0.177083 0.00413607

-0.578125 0.00902325
-0.572917 0.00901665

-0.572917 0.00901665
-0.567708 0.00900814

0.84375 -0.00680683
0.848958 -0.00667999

-0.177083 0.00413606
-0.171875 0.00403055

0.848958 -0.00667999
0.854167 -0.00654975

-0.171875 0.00403054
-0.166667 0.00392438

-0.567708 0.00900813
-0.5625 0.00899773

0.854167 -0.00654975
0.859375 -0.00641609

0.46875 -0.00864863
0.473958 -0.00870107

0.473958 -0.00870108
0.479167 -0.00875187

-0.5625 0.00899772
-0.557292 0.00898544

-0.557292 0.00898543
-0.552083 0.00897129

0.859375 -0.00641609
0.864583 -0.00627897

-0.552083 0.00897128
-0.546875 0.00895529

0.479167 -0.00875187
0.484375 -0.00880098

-0.546875 0.00895529
-0.541667 0.00893747

0.864583 -0.00627898
0.869792 -0.00613838

0.869792 -0.00613839
0.875 -0.00599428

-0.541667 0.00893746
-0.536458 0.00891784

-0.536458 0.00891783
-0.53125 0.00889642

-0.166667 0.00392437
-0.161458 0.00381758

-0.53125 0.00889641
-0.526042 0.00887322

-0.526042 0.00887322
-0.520833 0.00884828

-0.161458 0.00381757
-0.15625 0.00371016

0.875 -0.00599429
0.880208 -0.00584665

-0.520833 0.00884827
-0.515625 0.0088216

0.880208 -0.00584666
0.885417 -0.00569547

-0.515625 0.00882159
-0.510417 0.0087932

0.484375 -0.00880098
0.489583 -0.00884839

-0.510417 0.00879319
-0.505208 0.0087631

-0.505208 0.00876309
-0.5 0.00873132

0.885417 -0.00569547
0.890625 -0.0055407

-0.15625 0.00371015
-0.151042 0.00360213

0.890625 -0.0055407
0.895833 -0.00538232

0.489583 -0.00884839
0.494792 -0.00889407

0.494792 -0.00889408
0.5 -0.00893801

0.895833 -0.00538232
0.901042 -0.0052203

0.901042 -0.00522012
0.901412 -0.00520833

0.901418 -0.00520833
0.90625 -0.00505462

-0.151042 0.00360213
-0.145833 0.00349352

-0.145833 0.00349352
-0.140625 0.00338433

-0.140625 0.00338433
-0.135417 0.00327459

-0.135417 0.00327459
-0.130208 0.00316431

-0.130208 0.0031643
-0.125 0.0030535

0.90625 -0.00505461
0.911458 -0.00488521

0.911458 -0.00488521
0.916667 -0.00471207

-0.125 0.00305349
-0.119792 0.00294217

0.916667 -0.00471208
0.921875 -0.00453518

0.921875 -0.00453519
0.927083 -0.0043545

-0.119792 0.00294217
-0.114583 0.00283036

-0.114583 0.00283035
-0.109375 0.00271806

0.927083 -0.00435451
0.932292 -0.00417001

0.932292 -0.00417002
0.9375 -0.0039817

-0.109375 0.00271805
-0.104167 0.0026053

-0.104167 0.0026053
-0.0989583 0.00249209

-0.0989583 0.00249209
-0.09375 0.00237846

0.9375 -0.00398171
0.942708 -0.00378952

0.942708 -0.00378953
0.947917 -0.00359345

-0.09375 0.00237845
-0.0885417 0.00226441

-0.0885417 0.0022644
-0.0833333 0.00214996

0.947917 -0.00359346
0.953125 -0.00339345

0.953125 -0.00339345
0.958333 -0.00318947

-0.0833333 0.00214996
-0.078125 0.00203513

-0.078125 0.00203513
-0.0729167 0.00191994

0.958333 -0.00318948
0.963542 -0.00298151

0.963542 -0.00298151
0.96875 -0.00276951

-0.0729167 0.00191994
-0.0677083 0.0018044

-0.0677083 0.0018044
-0.0625 0.00168853

0.96875 -0.00276951
0.973958 -0.00255346

0.973958 -0.00255347
0.979167 -0.00233335

-0.0625 0.00168853
-0.0572917 0.00157235

0.979167 -0.00233336
0.984375 -0.00210913

0.984375 -0.00210913
0.989583 -0.00188077

-0.0572917 0.00157234
-0.0520833 0.00145586

-0.0520833 0.00145586
-0.046875 0.00133909

0.989583 -0.00188076
0.994792 -0.00164832

0.994792 -0.00164818
1 -0.00141198

-0.046875 0.00133909
-0.0416667 0.00122206

-0.0416667 0.00122206
-0.0364583 0.00110478

-0.0364583 0.00110478
-0.03125 0.00098727

1 -0.00141294
1.01042 -0.000929719

1.01042 -0.000842784
1.02083 -0.000518945

-0.03125 0.000987265
-0.0260417 0.000869541

-0.0260417 0.000869537
-0.0208333 0.000751613

-0.0208333 0.000751609
-0.015625 0.000633503

-0.015625 0.000633499
-0.0104167 0.000515226

-0.0104167 0.000515222
-0.00520833 0.000396799

-0.00520833 0.000396795
-7.41594e-17 0.000278239

1.02083 -0.000591943
1.04167 -0.000318784

1.04167 -0.000437569
1.08333 -0.000206413

1.08333 -0.000275978
1.16667 -8.57357e-05

1.16667 -0.000194555
1.2847 -4.16334e-17

