-1.33333 1.8652e-07
-1.16667 0.000306691

-1.16667 0.00016818
-1.08333 0.000376836

-1.08333 0.000353443
-1.04167 0.000600099

-1.04167 0.000544337
-1.02083 0.000765615

-1.02083 0.000644441
-1.01042 0.000887339

-1.01042 0.000984376
-1 0.00140781

0.015625 -6.3262e-05
0.0127095 -1.86483e-17

0.015625 -6.10796e-05
0.0208333 -0.000174154

0.0208333 -0.000174158
0.0260417 -0.000287277

0.0260417 -0.000287281
0.03125 -0.00040043

-1 0.00140686
-0.994792 0.00161354

-0.994792 0.00161368
-0.989583 0.00181695

-0.989583 0.00181694
-0.984375 0.00201656

0.03125 -0.000400434
0.0364583 -0.000513595

0.0364583 -0.000513599
0.0416667 -0.000626757

-0.984375 0.00201655
-0.979167 0.00221254

-0.979167 0.00221252
-0.973958 0.0024049

0.0416667 -0.000626761
0.046875 -0.0007399

0.046875 -0.000739904
0.0520833 -0.000853008

-0.973958 0.00240489
-0.96875 0.00259371

-0.96875 0.0025937
-0.963542 0.00277897

-0.963542 0.00277896
-0.958333 0.00296074

-0.958333 0.00296073
-0.953125 0.00313904

-0.953125 0.00313904
-0.947917 0.00331391

-0.947917 0.0033139
-0.942708 0.00348539

-0.942708 0.00348538
-0.9375 0.0036535

-0.9375 0.00365349
-0.932292 0.00381829

-0.932292 0.00381828
-0.927083 0.00397978

-0.927083 0.00397977
-0.921875 0.00413801

-0.921875 0.00413801
-0.916667 0.00429302

-0.916667 0.00429301
-0.911458 0.00444482

0.0520833 -0.000853012
0.0572917 -0.000966064

0.0572917 -0.000966068
0.0625 -0.00107905

-0.911458 0.00444481
-0.90625 0.00459344

0.0625 -0.00107906
0.0677083 -0.00119196

0.0677083 -0.00119196
0.0729167 -0.00130476

-0.90625 0.00459343
-0.901042 0.00473892

-0.901042 0.00473891
-0.895833 0.00488129

-0.895833 0.00488128
-0.890625 0.00502057

-0.890625 0.00502056
-0.885417 0.00515679

-0.885417 0.00515736
-0.883424 0.00520833

0.0729167 -0.00130477
0.078125 -0.00141745

0.078125 -0.00141745
0.0833333 -0.00153

-0.883387 0.00520833
-0.880208 0.00528962

-0.880208 0.00528997
-0.875 0.00542017

-0.875 0.00542016
-0.869792 0.00554738

-0.869792 0.00554737
-0.864583 0.00567163

-0.864583 0.00567163
-0.859375 0.00579296

-0.859375 0.00579295
-0.854167 0.00591137

0.0833333 -0.00153001
0.0885417 -0.00164241

-0.5 0.00832605
-0.494792 0.00829384

0.5 -0.00852762
0.505208 -0.00856858

-0.494792 0.00829383
-0.489583 0.00826006

-0.489583 0.00826005
-0.484375 0.00822474

-0.484375 0.00822473
-0.479167 0.00818789

-0.479167 0.00818788
-0.473958 0.00814953

-0.473958 0.00814952
-0.46875 0.00810967

-0.46875 0.00810967
-0.463542 0.00806833

0.505208 -0.00856859
0.510417 -0.00860785

0.510417 -0.00860786
0.515625 -0.00864539

-0.854167 0.00591137
-0.848958 0.00602691

-0.848958 0.00602691
-0.84375 0.0061396

0.515625 -0.0086454
0.520833 -0.00868119

0.0885417 -0.00164241
0.09375 -0.00175464

0.09375 -0.00175465
0.0989583 -0.0018667

0.0989583 -0.0018667
0.104167 -0.00197855

0.104167 -0.00197855
0.109375 -0.00209019

0.109375 -0.00209019
0.114583 -0.00220159

0.114583 -0.00220159
0.119792 -0.00231274

0.119792 -0.00231274
0.125 -0.00242362

-0.84375 0.00613959
-0.838542 0.00624945

-0.838542 0.00624945
-0.833333 0.0063565

0.520833 -0.0086812
0.526042 -0.00871521

-0.833333 0.0063565
-0.828125 0.00646077

-0.828125 0.00646077
-0.822917 0.00656229

-0.822917 0.00656228
-0.817708 0.00666107

-0.817708 0.00666107
-0.8125 0.00675714

-0.8125 0.00675714
-0.807292 0.00685053

-0.807292 0.00685052
-0.802083 0.00694124

-0.802083 0.00694124
-0.796875 0.00702931

-0.796875 0.00702931
-0.791667 0.00711476

0.526042 -0.00871522
0.53125 -0.00874744

0.53125 -0.00874745
0.536458 -0.00877786

0.125 -0.00242362
0.130208 -0.00253422

0.130208 -0.00253422
0.135417 -0.00264452

-0.791667 0.00711475
-0.786458 0.0071976

-0.786458 0.00719759
-0.78125 0.00727785

-0.78125 0.00727784
-0.776042 0.00735554

-0.776042 0.00735554
-0.770833 0.00743069

-0.770833 0.00743069
-0.765625 0.00750333

-0.765625 0.00750332
-0.760417 0.00757346

-0.760417 0.00757346
-0.755208 0.00764113

0.135417 -0.00264452
0.140625 -0.0027545

0.140625 -0.0027545
0.145833 -0.00286415

0.145833 -0.00286415
0.151042 -0.00297344

0.151042 -0.00297345
0.15625 -0.00308238

0.15625 -0.00308238
0.161458 -0.00319092

0.161458 -0.00319093
0.166667 -0.00329908

7.41594e-17 0.000277703
0.00520833 0.000164875

0.00520833 0.000164871
0.0104167 5.19426e-05

0.0104167 5.44937e-05
0.0129281 -3.68629e-17

0.536458 -0.00877786
0.541667 -0.00880643

0.541667 -0.00880644
0.546875 -0.00883314

0.546875 -0.00883314
0.552083 -0.00885796

0.552083 -0.00885797
0.557292 -0.00888088

0.557292 -0.00888088
0.5625 -0.00890186

0.5625 -0.00890186
0.567708 -0.00892089

0.567708 -0.0089209
0.572917 -0.00893795

0.572917 -0.00893795
0.578125 -0.00895301

0.578125 -0.00895301
0.583333 -0.00896605

0.583333 -0.00896605
0.588542 -0.00897705

0.588542 -0.00897705
0.59375 -0.00898599

0.59375 -0.008986
0.598958 -0.00899285

-0.755208 0.00764112
-0.75 0.00770634

-0.75 0.00770633
-0.744792 0.00776912

-0.744792 0.00776911
-0.739583 0.00782949

-0.739583 0.00782949
-0.734375 0.00788748

-0.734375 0.00788747
-0.729167 0.0079431

-0.729167 0.00794309
-0.723958 0.00799637

-0.723958 0.00799636
-0.71875 0.0080473

-0.71875 0.0080473
-0.713542 0.00809593

-0.713542 0.00809593
-0.708333 0.00814226

-0.708333 0.00814226
-0.703125 0.00818632

-0.703125 0.00818632
-0.697917 0.00822812

-0.697917 0.00822812
-0.692708 0.00826768

-0.692708 0.00826768
-0.6875 0.00830502

-0.6875 0.00830502
-0.682292 0.00834016

-0.682292 0.00834016
-0.677083 0.00837312

-0.677083 0.00837312
-0.671875 0.00840392

-0.671875 0.00840391
-0.666667 0.00843257

-0.463542 0.00806833
-0.458333 0.00802553

-0.458333 0.00802553
-0.453125 0.00798128

-0.453125 0.00798127
-0.447917 0.00793558

-0.447917 0.00793558
-0.442708 0.00788847

-0.442708 0.00788847
-0.4375 0.00783995

-0.4375 0.00783995
-0.432292 0.00779004

-0.432292 0.00779003
-0.427083 0.00773874

-0.427083 0.00773874
-0.421875 0.00768609

-0.666667 0.00843257
-0.661458 0.00845911

-0.661458 0.0084591
-0.65625 0.00848354

0.166667 -0.00329908
0.171875 -0.00340681

-0.65625 0.00848354
-0.651042 0.0085059

-0.651042 0.00850589
-0.645833 0.00852619

0.171875 -0.00340681
0.177083 -0.00351411

-0.645833 0.00852619
-0.640625 0.00854444

0.177083 -0.00351412
0.182292 -0.00362097

0.182292 -0.00362097
0.1875 -0.00372736

-0.640625 0.00854444
-0.635417 0.00856067

0.598958 -0.00899285
0.604167 -0.0089976

-0.421875 0.00768608
-0.416667 0.00763208

-0.635417 0.00856067
-0.630208 0.0085749

-0.630208 0.00857489
-0.625 0.00858714

-0.416667 0.00763207
-0.411458 0.00757673

-0.411458 0.00757673
-0.40625 0.00752006

0.604167 -0.00899761
0.609375 -0.00900023

-0.40625 0.00752006
-0.401042 0.00746208

-0.625 0.00858713
-0.619792 0.0085974

-0.401042 0.00746208
-0.395833 0.00740281

0.609375 -0.00900024
0.614583 -0.00900071

0.614583 -0.00900072
0.619792 -0.00899902

-0.619792 0.0085974
-0.614583 0.00860572

0.619792 -0.00899903
0.625 -0.00899514

0.1875 -0.00372736
0.192708 -0.00383326

-0.395833 0.0074028
-0.390625 0.00734224

0.625 -0.00899515
0.630208 -0.00898905

-0.614583 0.00860571
-0.609375 0.00861209

0.192708 -0.00383327
0.197917 -0.00393867

-0.609375 0.00861209
-0.604167 0.00861655

-0.390625 0.00734224
-0.385417 0.00728041

0.630208 -0.00898905
0.635417 -0.00898072

-0.385417 0.00728041
-0.380208 0.00721732

0.635417 -0.00898072
0.640625 -0.00897013

0.197917 -0.00393867
0.203125 -0.00404355

0.640625 -0.00897014
0.645833 -0.00895726

0.203125 -0.00404356
0.208333 -0.0041479

0.645833 -0.00895726
0.651042 -0.00894208

-0.604167 0.00861654
-0.598958 0.0086191

0.208333 -0.00414791
0.213542 -0.0042517

-0.598958 0.00861909
-0.59375 0.00861975

0.213542 -0.00425171
0.21875 -0.00435493

-0.380208 0.00721732
-0.375 0.00715299

0.21875 -0.00435493
0.223958 -0.00445757

0.223958 -0.00445757
0.229167 -0.0045596

-0.59375 0.00861975
-0.588542 0.00861853

0.229167 -0.0045596
0.234375 -0.004661

-0.588542 0.00861853
-0.583333 0.00861545

-0.375 0.00715298
-0.369792 0.00708742

0.651042 -0.00894209
0.65625 -0.00892457

-0.583333 0.00861545
-0.578125 0.00861053

0.234375 -0.00466101
0.239583 -0.00476176

-0.578125 0.00861052
-0.572917 0.00860377

-0.572917 0.00860377
-0.567708 0.0085952

-0.369792 0.00708742
-0.364583 0.00702064

0.65625 -0.00892458
0.661458 -0.00890471

0.661458 -0.00890472
0.666667 -0.00888247

-0.364583 0.00702064
-0.359375 0.00695266

-0.359375 0.00695266
-0.354167 0.00688349

-0.567708 0.00859519
-0.5625 0.00858482

-0.5625 0.00858482
-0.557292 0.00857266

0.239583 -0.00476177
0.244792 -0.00486186

-0.557292 0.00857266
-0.552083 0.00855874

0.244792 -0.00486186
0.25 -0.00496127

-0.354167 0.00688349
-0.348958 0.00681315

-0.348958 0.00681314
-0.34375 0.00674165

-0.552083 0.00855873
-0.546875 0.00854306

-0.546875 0.00854305
-0.541667 0.00852565

0.25 -0.00496128
0.255208 -0.00505999

-0.541667 0.00852564
-0.536458 0.00850652

0.255208 -0.00505999
0.260417 -0.00515798

-0.34375 0.00674164
-0.338542 0.00666901

0.265625 -0.00525559
0.263094 -0.00520833

-0.536458 0.00850651
-0.53125 0.00848569

0.260417 -0.00515766
0.263131 -0.00520833

0.265625 -0.00525524
0.270833 -0.00535172

-0.338542 0.00666901
-0.333333 0.00659525

0.270833 -0.00535173
0.276042 -0.00544743

0.666667 -0.00888247
0.671875 -0.00885782

0.671875 -0.00885783
0.677083 -0.00883074

0.276042 -0.00544743
0.28125 -0.00554232

0.28125 -0.00554232
0.286458 -0.00563638

-0.53125 0.00848568
-0.526042 0.00846318

-0.526042 0.00846318
-0.520833 0.00843901

-0.520833 0.00843901
-0.515625 0.0084132

-0.515625 0.00841319
-0.510417 0.00838575

-0.510417 0.00838575
-0.505208 0.0083567

-0.505208 0.0083567
-0.5 0.00832606

0.677083 -0.00883075
0.682292 -0.00880121

-0.333333 0.00659524
-0.328125 0.00652038

-0.328125 0.00652038
-0.322917 0.00644442

0.286458 -0.00563639
0.291667 -0.0057296

0.682292 -0.00880121
0.6875 -0.00876919

-0.322917 0.00644442
-0.317708 0.00636739

0.6875 -0.0087692
0.692708 -0.00873468

0.692708 -0.00873468
0.697917 -0.00869763

0.291667 -0.00572961
0.296875 -0.00582195

0.296875 -0.00582195
0.302083 -0.0059134

-0.317708 0.00636739
-0.3125 0.00628931

-0.3125 0.00628931
-0.307292 0.00621019

-0.307292 0.00621018
-0.302083 0.00613005

-0.302083 0.00613004
-0.296875 0.00604891

0.697917 -0.00869764
0.703125 -0.00865803

0.703125 -0.00865804
0.708333 -0.00861586

-0.296875 0.0060489
-0.291667 0.00596678

0.708333 -0.00861586
0.713542 -0.00857108

0.713542 -0.00857109
0.71875 -0.00852368

0.302083 -0.00591341
0.307292 -0.00600395

0.307292 -0.00600395
0.3125 -0.00609356

0.3125 -0.00609356
0.317708 -0.00618222

-0.291667 0.00596677
-0.286458 0.00588368

-0.286458 0.00588368
-0.28125 0.00579964

0.71875 -0.00852369
0.723958 -0.00847363

-0.28125 0.00579963
-0.276042 0.00571466

0.317708 -0.00618222
0.322917 -0.0062699

-0.276042 0.00571465
-0.270833 0.00562876

0.322917 -0.0062699
0.328125 -0.00635658

-0.270833 0.00562876
-0.265625 0.00554196

-0.265625 0.00554196
-0.260417 0.00545428

0.723958 -0.00847364
0.729167 -0.00842091

0.328125 -0.00635659
0.333333 -0.00644225

0.729167 -0.00842092
0.734375 -0.00836549

-0.260417 0.00545427
-0.255208 0.00536573

-0.255208 0.00536572
-0.25 0.00527632

0.734375 -0.0083655
0.739583 -0.00830735

0.739583 -0.00830736
0.744792 -0.00824647

0.744792 -0.00824648
0.75 -0.00818282

-0.244792 0.00518546
-0.246112 0.00520833

-0.25 0.00527652
-0.246064 0.00520833

-0.244792 0.00518608
-0.239583 0.00509502

-0.239583 0.00509502
-0.234375 0.00500317

0.75 -0.00818283
0.755208 -0.00811637

0.755208 -0.00811638
0.760417 -0.00804711

0.760417 -0.00804711
0.765625 -0.00797499

0.765625 -0.007975
0.770833 -0.00790001

0.333333 -0.00644226
0.338542 -0.00652688

0.770833 -0.00790001
0.776042 -0.00782212

0.776042 -0.00782213
0.78125 -0.0077413

-0.234375 0.00500316
-0.229167 0.00491053

0.78125 -0.00774131
0.786458 -0.00765754

-0.229167 0.00491052
-0.223958 0.00481712

-0.223958 0.00481711
-0.21875 0.00472295

0.338542 -0.00652689
0.34375 -0.00661045

0.34375 -0.00661046
0.348958 -0.00669294

0.786458 -0.00765755
0.791667 -0.0075708

0.348958 -0.00669295
0.354167 -0.00677433

-0.21875 0.00472295
-0.213542 0.00462805

0.354167 -0.00677434
0.359375 -0.0068546

0.359375 -0.0068546
0.364583 -0.00693373

-0.213542 0.00462805
-0.208333 0.00453242

0.791667 -0.0075708
0.796875 -0.00748105

-0.208333 0.00453242
-0.203125 0.00443608

-0.203125 0.00443608
-0.197917 0.00433905

-0.197917 0.00433905
-0.192708 0.00424133

-0.192708 0.00424133
-0.1875 0.00414295

-0.1875 0.00414295
-0.182292 0.00404392

-0.182292 0.00404391
-0.177083 0.00394424

-0.177083 0.00394424
-0.171875 0.00384394

-0.171875 0.00384394
-0.166667 0.00374303

0.364583 -0.00693373
0.369792 -0.0070117

0.369792 -0.0070117
0.375 -0.00708849

0.796875 -0.00748105
0.802083 -0.00738827

0.375 -0.00708849
0.380208 -0.00716408

0.380208 -0.00716408
0.385417 -0.00723845

0.802083 -0.00738828
0.807292 -0.00729244

0.807292 -0.00729245
0.8125 -0.00719353

0.385417 -0.00723846
0.390625 -0.00731159

0.390625 -0.0073116
0.395833 -0.00738348

0.8125 -0.00719354
0.817708 -0.00709152

0.817708 -0.00709153
0.822917 -0.00698638

0.822917 -0.00698639
0.828125 -0.00687809

-0.166667 0.00374302
-0.161458 0.00364152

-0.161458 0.00364151
-0.15625 0.00353942

0.395833 -0.00738348
0.401042 -0.00745408

0.401042 -0.00745409
0.40625 -0.0075234

0.828125 -0.0068781
0.833333 -0.00676662

-0.15625 0.00353942
-0.151042 0.00343676

-0.151042 0.00343675
-0.145833 0.00333353

-0.145833 0.00333353
-0.140625 0.00322977

0.40625 -0.00752341
0.411458 -0.00759141

0.411458 -0.00759141
0.416667 -0.00765808

-0.140625 0.00322977
-0.135417 0.00312548

-0.135417 0.00312547
-0.130208 0.00302067

-0.130208 0.00302067
-0.125 0.00291536

0.416667 -0.00765808
0.421875 -0.0077234

-0.125 0.00291536
-0.119792 0.00280957

0.833333 -0.00676663
0.838542 -0.00665195

0.421875 -0.00772341
0.427083 -0.00778735

0.838542 -0.00665195
0.84375 -0.00653404

-0.119792 0.00280957
-0.114583 0.00270331

-0.114583 0.00270331
-0.109375 0.0025966

0.427083 -0.00778736
0.432292 -0.00784992

0.432292 -0.00784992
0.4375 -0.00791107

0.84375 -0.00653405
0.848958 -0.00641287

0.4375 -0.00791107
0.442708 -0.00797079

-0.109375 0.00259659
-0.104167 0.00248944

0.848958 -0.00641288
0.854167 -0.00628842

-0.104167 0.00248944
-0.0989583 0.00238186

0.854167 -0.00628842
0.859375 -0.00616064

0.859375 -0.00616065
0.864583 -0.00602953

0.442708 -0.0079708
0.447917 -0.00802907

0.864583 -0.00602953
0.869792 -0.00589504

-0.0989583 0.00238186
-0.09375 0.00227387

-0.09375 0.00227387
-0.0885417 0.00216549

0.447917 -0.00802907
0.453125 -0.00808587

0.453125 -0.00808588
0.458333 -0.00814119

0.869792 -0.00589504
0.875 -0.00575715

-0.0885417 0.00216549
-0.0833333 0.00205673

0.875 -0.00575716
0.880208 -0.00561584

0.880208 -0.00561584
0.885417 -0.00547107

0.458333 -0.00814119
0.463542 -0.00819499

-0.0833333 0.00205673
-0.078125 0.00194761

0.463542 -0.008195
0.46875 -0.00824727

0.885417 -0.00547108
0.890625 -0.00532283

-0.078125 0.0019476
-0.0729167 0.00183814

0.46875 -0.00824727
0.473958 -0.00829799

0.473958 -0.008298
0.479167 -0.00834715

-0.0729167 0.00183813
-0.0677083 0.00172833

-0.0677083 0.00172833
-0.0625 0.00161821

0.890625 -0.00532239
0.894539 -0.00520833

0.894603 -0.00520833
0.895833 -0.00517249

-0.0625 0.00161821
-0.0572917 0.00150779

-0.0572917 0.00150779
-0.0520833 0.00139709

0.479167 -0.00834715
0.484375 -0.0083947

0.484375 -0.00839471
0.489583 -0.00844065

0.895833 -0.00517109
0.901042 -0.00501579

0.901042 -0.0050158
0.90625 -0.00485694

-0.0520833 0.00139708
-0.046875 0.00128611

-0.046875 0.00128611
-0.0416667 0.00117488

0.489583 -0.00844066
0.494792 -0.00848496

0.494792 -0.00848496
0.5 -0.00852761

0.90625 -0.00485694
0.911458 -0.00469447

-0.0416667 0.00117488
-0.0364583 0.00106341

-0.0364583 0.00106341
-0.03125 0.000951715

-0.03125 0.000951711
-0.0260417 0.000839812

-0.0260417 0.000839808
-0.0208333 0.000727716

0.911458 -0.00469448
0.916667 -0.00452838

-0.0208333 0.000727712
-0.015625 0.000615442

0.916667 -0.00452839
0.921875 -0.00435862

0.921875 -0.00435863
0.927083 -0.00418518

-0.015625 0.000615438
-0.0104167 0.000503006

-0.0104167 0.000503002
-0.00520833 0.000390422

0.927083 -0.00418519
0.932292 -0.00400804

0.932292 -0.00400805
0.9375 -0.00382717

-0.00520833 0.000390418
-7.41594e-17 0.000277707

0.9375 -0.00382718
0.942708 -0.00364253

0.942708 -0.00364254
0.947917 -0.0034541

0.947917 -0.00345411
0.953125 -0.00326184

0.953125 -0.00326185
0.958333 -0.00306571

0.958333 -0.00306571
0.963542 -0.00286567

0.963542 -0.00286568
0.96875 -0.00266171

0.96875 -0.00266171
0.973958 -0.00245379

0.973958 -0.0024538
0.979167 -0.0022419

0.979167 -0.00224191
0.984375 -0.002026

0.984375 -0.002026
0.989583 -0.00180606

0.989583 -0.00180604
0.994792 -0.00158213

0.994792 -0.00158198
1 -0.00135441

1 -0.00135529
1.01042 -0.000889842

1.01042 -0.000806336
1.02083 -0.000494154

1.02083 -0.000563971
1.04167 -0.000300892

1.04167 -0.000415627
1.08333 -0.000194115

1.08333 -0.000261764
1.16667 -8.02841e-05

1.16667 -0.000184549
1.28431 -4.16334e-17

