-1.33333 3.30561e-05
-1.16667 0.00033544

-1.16667 0.000216829
-1.08333 0.000415466

-1.08333 0.000436756
-1.04167 0.000641424

-1.04167 0.000633056
-1.02083 0.000763846

-1.02083 0.000648909
-1.01042 0.000778356

-1.01042 0.000854332
-1 0.00112575

0.5 -0.00577726
0.505208 -0.00578771

0.505208 -0.00578771
0.510417 -0.00579694

0.510417 -0.00579694
0.515625 -0.00580496

-1 0.00112478
-0.994792 0.00125689

0.515625 -0.00580496
0.520833 -0.00581176

0.520833 -0.00581176
0.526042 -0.00581733

0.526042 -0.00581733
0.53125 -0.00582168

0.53125 -0.00582168
0.536458 -0.00582479

0.536458 -0.00582479
0.541667 -0.00582666

-0.994792 0.0012569
-0.989583 0.00138732

-0.989583 0.00138733
-0.984375 0.00151604

0.541667 -0.00582666
0.546875 -0.00582729

0.546875 -0.00582729
0.552083 -0.00582667

-0.984375 0.00151604
-0.979167 0.00164305

-0.979167 0.00164305
-0.973958 0.00176836

-0.973958 0.00176836
-0.96875 0.00189197

-0.96875 0.00189197
-0.963542 0.00201386

-0.963542 0.00201386
-0.958333 0.00213403

0.552083 -0.00582668
0.557292 -0.00582481

0.557292 -0.00582481
0.5625 -0.00582168

0.5625 -0.00582168
0.567708 -0.0058173

0.567708 -0.0058173
0.572917 -0.00581165

0.572917 -0.00581165
0.578125 -0.00580472

0.578125 -0.00580472
0.583333 -0.00579652

-0.958333 0.00213404
-0.953125 0.00225248

-0.953125 0.00225249
-0.947917 0.0023692

0.583333 -0.00579652
0.588542 -0.00578703

-0.947917 0.0023692
-0.942708 0.00248418

-0.942708 0.00248418
-0.9375 0.0025974

0.588542 -0.00578703
0.59375 -0.00577625

-0.9375 0.00259741
-0.932292 0.00270887

-0.932292 0.00270887
-0.927083 0.00281857

0.59375 -0.00577625
0.598958 -0.00576417

-0.5 0.00586791
-0.494792 0.00584008

-0.494792 0.00584008
-0.489583 0.00581098

0.598958 -0.00576417
0.604167 -0.00575079

-0.489583 0.00581098
-0.484375 0.00578062

-0.484375 0.00578062
-0.479167 0.00574901

0.604167 -0.00575079
0.609375 -0.0057361

0.609375 -0.0057361
0.614583 -0.0057201

0.614583 -0.0057201
0.619792 -0.00570278

0.619792 -0.00570279
0.625 -0.00568414

-0.479167 0.005749
-0.473958 0.00571616

-0.473958 0.00571616
-0.46875 0.00568209

0.625 -0.00568414
0.630208 -0.00566417

0.630208 -0.00566417
0.635417 -0.00564287

0.635417 -0.00564287
0.640625 -0.00562023

0.640625 -0.00562024
0.645833 -0.00559626

0.645833 -0.00559626
0.651042 -0.00557094

-0.46875 0.00568209
-0.463542 0.00564682

7.41594e-17 -0.000495931
0.00520833 -0.00057795

0.00520833 -0.000577954
0.0104167 -0.00065981

-0.463542 0.00564681
-0.458333 0.00561035

0.0104167 -0.000659814
0.015625 -0.000741494

0.015625 -0.000741497
0.0208333 -0.000822985

0.651042 -0.00557094
0.65625 -0.00554428

0.65625 -0.00554428
0.661458 -0.00551628

0.661458 -0.00551628
0.666667 -0.00548693

0.0208333 -0.000822989
0.0260417 -0.00090427

0.666667 -0.00548693
0.671875 -0.00545624

0.0260417 -0.000904274
0.03125 -0.000985335

-0.927083 0.00281857
-0.921875 0.0029265

0.03125 -0.000985338
0.0364583 -0.00106616

0.0364583 -0.00106617
0.0416667 -0.00114675

0.671875 -0.00545624
0.677083 -0.00542419

0.0416667 -0.00114675
0.046875 -0.00122706

0.677083 -0.00542419
0.682292 -0.0053908

0.682292 -0.0053908
0.6875 -0.00535606

0.046875 -0.00122707
0.0520833 -0.0013071

-0.458333 0.00561035
-0.453125 0.00557271

0.6875 -0.00535606
0.692708 -0.00531997

-0.453125 0.00557271
-0.447917 0.00553391

0.692708 -0.00531997
0.697917 -0.00528252

0.697917 -0.00528252
0.703125 -0.00524372

-0.447917 0.00553391
-0.442708 0.00549396

0.0520833 -0.00130711
0.0572917 -0.00138685

0.0572917 -0.00138686
0.0625 -0.0014663

-0.921875 0.0029265
-0.916667 0.00303265

0.0625 -0.0014663
0.0677083 -0.00154543

-0.442708 0.00549396
-0.4375 0.00545288

0.0677083 -0.00154543
0.0729167 -0.00162422

0.703125 -0.00524373
0.707716 -0.00520833

0.707712 -0.00520833
0.708333 -0.00520355

0.708333 -0.00520357
0.713542 -0.00516206

0.713542 -0.00516206
0.71875 -0.0051192

0.71875 -0.0051192
0.723958 -0.00507498

0.723958 -0.00507498
0.729167 -0.00502941

0.729167 -0.00502941
0.734375 -0.00498248

0.734375 -0.00498248
0.739583 -0.00493419

0.0729167 -0.00162423
0.078125 -0.00170267

0.078125 -0.00170268
0.0833333 -0.00178077

0.0833333 -0.00178077
0.0885417 -0.00185849

0.0885417 -0.0018585
0.09375 -0.00193583

0.09375 -0.00193584
0.0989583 -0.00201278

0.0989583 -0.00201278
0.104167 -0.00208931

0.104167 -0.00208931
0.109375 -0.00216542

0.109375 -0.00216542
0.114583 -0.00224109

0.114583 -0.0022411
0.119792 -0.00231632

0.119792 -0.00231633
0.125 -0.00239109

0.125 -0.00239109
0.130208 -0.00246538

0.130208 -0.00246538
0.135417 -0.00253918

0.135417 -0.00253919
0.140625 -0.00261248

0.140625 -0.00261249
0.145833 -0.00268527

0.145833 -0.00268527
0.151042 -0.00275753

0.151042 -0.00275753
0.15625 -0.00282924

0.15625 -0.00282924
0.161458 -0.00290039

0.161458 -0.0029004
0.166667 -0.00297097

0.166667 -0.00297098
0.171875 -0.00304097

0.171875 -0.00304097
0.177083 -0.00311036

0.177083 -0.00311037
0.182292 -0.00317914

0.182292 -0.00317914
0.1875 -0.00324729

0.1875 -0.00324729
0.192708 -0.00331479

0.192708 -0.00331479
0.197917 -0.00338164

0.197917 -0.00338164
0.203125 -0.00344781

0.203125 -0.00344781
0.208333 -0.0035133

0.208333 -0.0035133
0.213542 -0.00357809

0.213542 -0.00357809
0.21875 -0.00364217

0.21875 -0.00364218
0.223958 -0.00370553

0.223958 -0.00370553
0.229167 -0.00376815

0.229167 -0.00376816
0.234375 -0.00383003

0.234375 -0.00383003
0.239583 -0.00389115

0.239583 -0.00389115
0.244792 -0.00395149

0.244792 -0.0039515
0.25 -0.00401106

0.25 -0.00401106
0.255208 -0.00406984

0.255208 -0.00406984
0.260417 -0.00412781

0.260417 -0.00412781
0.265625 -0.00418497

0.265625 -0.00418497
0.270833 -0.00424131

0.270833 -0.00424131
0.276042 -0.00429682

0.276042 -0.00429682
0.28125 -0.00435149

0.28125 -0.00435149
0.286458 -0.00440531

0.286458 -0.00440531
0.291667 -0.00445827

0.291667 -0.00445827
0.296875 -0.00451037

0.296875 -0.00451037
0.302083 -0.00456159

0.302083 -0.00456159
0.307292 -0.00461193

0.307292 -0.00461193
0.3125 -0.00466138

0.3125 -0.00466138
0.317708 -0.00470993

0.317708 -0.00470994
0.322917 -0.00475758

0.322917 -0.00475759
0.328125 -0.00480432

0.328125 -0.00480432
0.333333 -0.00485014

0.333333 -0.00485014
0.338542 -0.00489504

0.338542 -0.00489504
0.34375 -0.00493899

0.34375 -0.004939
0.348958 -0.00498201

0.348958 -0.00498201
0.354167 -0.00502407

0.354167 -0.00502407
0.359375 -0.00506517

0.359375 -0.00506517
0.364583 -0.0051053

0.364583 -0.00510531
0.369792 -0.00514445

0.369792 -0.00514446
0.375 -0.00518261

0.380208 -0.00521968
0.378618 -0.00520833

0.375 -0.00518266
0.378599 -0.00520833

0.380208 -0.00521978
0.385417 -0.00525593

0.385417 -0.00525593
0.390625 -0.00529107

0.390625 -0.00529107
0.395833 -0.00532518

0.395833 -0.00532518
0.401042 -0.00535826

0.401042 -0.00535826
0.40625 -0.00539029

0.40625 -0.00539029
0.411458 -0.00542126

0.411458 -0.00542126
0.416667 -0.00545117

0.416667 -0.00545117
0.421875 -0.00548

0.421875 -0.00548
0.427083 -0.00550775

0.427083 -0.00550775
0.432292 -0.0055344

0.432292 -0.0055344
0.4375 -0.00555994

0.4375 -0.00555994
0.442708 -0.00558437

0.442708 -0.00558437
0.447917 -0.00560768

0.447917 -0.00560768
0.453125 -0.00562985

0.453125 -0.00562986
0.458333 -0.00565089

0.458333 -0.00565089
0.463542 -0.00567078

0.463542 -0.00567079
0.46875 -0.00568952

0.46875 -0.00568952
0.473958 -0.00570709

0.473958 -0.0057071
0.479167 -0.0057235

0.479167 -0.0057235
0.484375 -0.00573872

0.484375 -0.00573873
0.489583 -0.00575276

0.489583 -0.00575277
0.494792 -0.00576561

0.494792 -0.00576561
0.5 -0.00577726

0.739583 -0.00493419
0.744792 -0.00488454

0.744792 -0.00488454
0.75 -0.00483353

-0.916667 0.00303265
-0.911458 0.00313702

-0.911458 0.00313702
-0.90625 0.0032396

-0.90625 0.0032396
-0.901042 0.00334039

-0.901042 0.00334039
-0.895833 0.00343939

-0.895833 0.00343939
-0.890625 0.00353658

-0.890625 0.00353658
-0.885417 0.00363197

-0.885417 0.00363197
-0.880208 0.00372554

-0.880208 0.00372554
-0.875 0.00381731

-0.875 0.00381731
-0.869792 0.00390726

-0.869792 0.00390726
-0.864583 0.0039954

-0.864583 0.0039954
-0.859375 0.00408173

-0.859375 0.00408173
-0.854167 0.00416623

-0.854167 0.00416623
-0.848958 0.00424892

-0.848958 0.00424892
-0.84375 0.00432979

-0.84375 0.00432979
-0.838542 0.00440884

-0.838542 0.00440884
-0.833333 0.00448606

-0.833333 0.00448606
-0.828125 0.00456147

-0.4375 0.00545287
-0.432292 0.00541068

-0.828125 0.00456147
-0.822917 0.00463505

-0.432292 0.00541068
-0.427083 0.00536738

-0.427083 0.00536738
-0.421875 0.005323

-0.421875 0.00532299
-0.416667 0.00527754

-0.822917 0.00463505
-0.817708 0.00470681

-0.817708 0.00470681
-0.8125 0.00477675

-0.416667 0.00527754
-0.411458 0.00523103

-0.40625 0.00518356
-0.408964 0.00520833

-0.8125 0.00477675
-0.807292 0.00484488

-0.807292 0.00484488
-0.802083 0.00491119

0.75 -0.00483353
0.755208 -0.00478117

0.755208 -0.00478117
0.760417 -0.00472745

0.760417 -0.00472745
0.765625 -0.00467237

0.765625 -0.00467237
0.770833 -0.00461595

-0.802083 0.00491119
-0.796875 0.00497569

-0.796875 0.00497569
-0.791667 0.00503839

-0.411458 0.00523095
-0.408981 0.00520833

-0.40625 0.00518348
-0.401042 0.00513491

-0.401042 0.00513491
-0.395833 0.00508533

-0.395833 0.00508533
-0.390625 0.00503475

-0.390625 0.00503475
-0.385417 0.0049832

-0.385417 0.0049832
-0.380208 0.00493069

-0.380208 0.00493069
-0.375 0.00487724

0.770833 -0.00461595
0.776042 -0.00455817

-0.375 0.00487724
-0.369792 0.00482287

-0.369792 0.00482287
-0.364583 0.00476759

-0.791667 0.00503839
-0.786458 0.00509929

-0.364583 0.00476759
-0.359375 0.00471142

0.776042 -0.00455817
0.78125 -0.00449904

0.78125 -0.00449904
0.786458 -0.00443857

-0.786458 0.00509929
-0.78125 0.0051584

-0.78125 0.00515835
-0.776707 0.00520833

0.786458 -0.00443856
0.791667 -0.00437675

-0.776742 0.00520833
-0.776042 0.00521604

0.791667 -0.00437675
0.796875 -0.00431358

0.796875 -0.00431358
0.802083 -0.00424908

0.802083 -0.00424907
0.807292 -0.00418323

0.807292 -0.00418323
0.8125 -0.00411604

-0.776042 0.00521571
-0.770833 0.00527123

-0.770833 0.00527123
-0.765625 0.00532496

-0.359375 0.00471141
-0.354167 0.00465437

-0.765625 0.00532496
-0.760417 0.00537691

-0.354167 0.00465437
-0.348958 0.00459647

-0.348958 0.00459646
-0.34375 0.00453771

-0.34375 0.00453771
-0.338542 0.00447813

-0.760417 0.00537691
-0.755208 0.00542708

-0.755208 0.00542707
-0.75 0.00547547

-0.75 0.00547546
-0.744792 0.00552208

-0.744792 0.00552208
-0.739583 0.00556694

-0.739583 0.00556694
-0.734375 0.00561003

-0.734375 0.00561003
-0.729167 0.00565137

-0.729167 0.00565137
-0.723958 0.00569096

-0.723958 0.00569096
-0.71875 0.00572882

-0.338542 0.00447812
-0.333333 0.00441772

0.8125 -0.00411604
0.817708 -0.00404751

0.817708 -0.00404751
0.822917 -0.00397765

-0.71875 0.00572882
-0.713542 0.00576494

-0.713542 0.00576494
-0.708333 0.00579935

0.822917 -0.00397765
0.828125 -0.00390645

-0.708333 0.00579934
-0.703125 0.00583204

-0.703125 0.00583203
-0.697917 0.00586302

-0.697917 0.00586302
-0.692708 0.00589231

-0.333333 0.00441772
-0.328125 0.00435651

0.828125 -0.00390645
0.833333 -0.00383392

-0.328125 0.00435651
-0.322917 0.0042945

-0.322917 0.0042945
-0.317708 0.00423171

-0.317708 0.00423171
-0.3125 0.00416815

-0.692708 0.00589231
-0.6875 0.00591991

-0.6875 0.00591991
-0.682292 0.00594583

-0.682292 0.00594583
-0.677083 0.00597008

0.833333 -0.00383392
0.838542 -0.00376006

0.838542 -0.00376006
0.84375 -0.00368488

0.84375 -0.00368488
0.848958 -0.00360838

0.848958 -0.00360838
0.854167 -0.00353057

-0.677083 0.00597008
-0.671875 0.00599267

-0.671875 0.00599266
-0.666667 0.00601359

-0.3125 0.00416815
-0.307292 0.00410384

-0.307292 0.00410383
-0.302083 0.00403877

-0.302083 0.00403877
-0.296875 0.00397297

-0.296875 0.00397297
-0.291667 0.00390645

0.854167 -0.00353057
0.859375 -0.00345145

-0.291667 0.00390645
-0.286458 0.00383923

-0.286458 0.00383922
-0.28125 0.0037713

-0.28125 0.0037713
-0.276042 0.00370269

-0.276042 0.00370269
-0.270833 0.00363342

0.859375 -0.00345145
0.864583 -0.00337102

0.864583 -0.00337102
0.869792 -0.0032893

-0.666667 0.00601359
-0.661458 0.00603287

-0.661458 0.00603286
-0.65625 0.0060505

-0.65625 0.00605049
-0.651042 0.00606649

-0.651042 0.00606649
-0.645833 0.00608086

0.869792 -0.00328929
0.875 -0.00320628

-0.270833 0.00363341
-0.265625 0.00356348

-0.265625 0.00356348
-0.260417 0.00349291

-0.260417 0.00349291
-0.255208 0.00342171

-0.255208 0.0034217
-0.25 0.0033499

0.875 -0.00320627
0.880208 -0.00312196

0.880208 -0.00312196
0.885417 -0.00303637

-0.645833 0.00608085
-0.640625 0.0060936

-0.25 0.00334989
-0.244792 0.00327748

0.885417 -0.00303637
0.890625 -0.00294949

0.890625 -0.00294949
0.895833 -0.00286133

-0.244792 0.00327748
-0.239583 0.00320449

0.895833 -0.00286133
0.901042 -0.00277191

-0.640625 0.0060936
-0.635417 0.00610474

0.901042 -0.00277191
0.90625 -0.00268122

-0.239583 0.00320449
-0.234375 0.00313093

-0.635417 0.00610473
-0.630208 0.00611427

0.90625 -0.00268122
0.911458 -0.00258928

-0.630208 0.00611427
-0.625 0.00612221

-0.234375 0.00313093
-0.229167 0.00305683

0.911458 -0.00258928
0.916667 -0.0024961

0.916667 -0.00249609
0.921875 -0.00240167

0.921875 -0.00240167
0.927083 -0.002306

-0.625 0.00612221
-0.619792 0.00612858

-0.619792 0.00612858
-0.614583 0.00613338

-0.229167 0.00305682
-0.223958 0.00298218

-0.223958 0.00298218
-0.21875 0.00290702

-0.21875 0.00290702
-0.213542 0.00283136

-0.213542 0.00283135
-0.208333 0.00275521

-0.614583 0.00613338
-0.609375 0.00613662

-0.208333 0.00275521
-0.203125 0.00267859

-0.609375 0.00613662
-0.604167 0.00613832

0.927083 -0.002306
0.932292 -0.0022091

-0.604167 0.00613832
-0.598958 0.00613849

-0.203125 0.00267859
-0.197917 0.00260153

-0.598958 0.00613849
-0.59375 0.00613714

0.932292 -0.0022091
0.9375 -0.00211097

-0.197917 0.00260152
-0.192708 0.00252403

-0.192708 0.00252402
-0.1875 0.00244611

-0.59375 0.00613714
-0.588542 0.00613429

-0.1875 0.00244611
-0.182292 0.0023678

0.9375 -0.00211096
0.942708 -0.0020116

0.942708 -0.0020116
0.947917 -0.00191103

-0.588542 0.00613429
-0.583333 0.00612995

-0.182292 0.0023678
-0.177083 0.00228911

0.947917 -0.00191103
0.953125 -0.00180926

0.953125 -0.00180926
0.958333 -0.0017063

-0.177083 0.0022891
-0.171875 0.00221005

-0.171875 0.00221005
-0.166667 0.00213065

-0.583333 0.00612994
-0.578125 0.00612413

-0.578125 0.00612412
-0.572917 0.00611684

-0.572917 0.00611684
-0.567708 0.00610811

-0.567708 0.0061081
-0.5625 0.00609793

0.958333 -0.0017063
0.963542 -0.00160216

0.963542 -0.00160216
0.96875 -0.00149685

-0.5625 0.00609793
-0.557292 0.00608633

-0.557292 0.00608633
-0.552083 0.00607332

-0.552083 0.00607332
-0.546875 0.0060589

-0.546875 0.0060589
-0.541667 0.0060431

-0.03125 -1.08278e-06
-0.0313182 -1.86483e-17

-0.03125 -1.21544e-06
-0.0260417 -8.38972e-05

0.96875 -0.00149685
0.973958 -0.00139036

0.973958 -0.00139036
0.979167 -0.0012827

0.979167 -0.0012827
0.984375 -0.00117387

-0.0260417 -8.39013e-05
-0.0208333 -0.00016651

0.984375 -0.00117389
0.989583 -0.00106388

-0.0208333 -0.000166513
-0.015625 -0.000249033

0.989583 -0.00106389
0.994792 -0.000952657

0.994792 -0.000952664
1 -0.00084017

-0.015625 -0.000249037
-0.0104167 -0.000331454

-0.0104167 -0.000331457
-0.00520833 -0.000413757

-0.541667 0.0060431
-0.536458 0.00602592

1 -0.000841108
1.01042 -0.000609814

-0.00520833 -0.00041376
-7.41594e-17 -0.000495927

1.01042 -0.000566233
1.02083 -0.000413281

-0.536458 0.00602591
-0.53125 0.00600736

-0.53125 0.00600736
-0.526042 0.00598745

-0.166667 0.00213065
-0.161458 0.00205093

1.02083 -0.000452656
1.04167 -0.000320261

-0.161458 0.00205092
-0.15625 0.00197089

-0.526042 0.00598745
-0.520833 0.00596619

-0.15625 0.00197089
-0.151042 0.00189056

-0.151042 0.00189056
-0.145833 0.00180996

-0.520833 0.00596619
-0.515625 0.0059436

-0.515625 0.0059436
-0.510417 0.00591968

1.04167 -0.000377846
1.08333 -0.00023774

1.08333 -0.000251483
1.16667 -0.000112834

1.16667 -0.000180185
1.303 -4.16334e-17

1.29256 -6.93889e-17
1.33333 2.75594e-05

-0.145833 0.00180996
-0.140625 0.0017291

-0.140625 0.0017291
-0.135417 0.001648

-0.510417 0.00591968
-0.505208 0.00589445

-0.505208 0.00589444
-0.5 0.00586791

-0.135417 0.001648
-0.130208 0.00156667

-0.130208 0.00156667
-0.125 0.00148514

-0.125 0.00148513
-0.119792 0.00140341

-0.119792 0.00140341
-0.114583 0.0013215

-0.114583 0.0013215
-0.109375 0.00123943

-0.109375 0.00123943
-0.104167 0.00115721

-0.104167 0.00115721
-0.0989583 0.00107486

-0.0989583 0.00107486
-0.09375 0.000992388

-0.09375 0.000992384
-0.0885417 0.000909812

-0.0885417 0.000909808
-0.0833333 0.000827146

-0.0833333 0.000827142
-0.078125 0.000744404

-0.078125 0.0007444
-0.0729167 0.000661602

-0.0729167 0.000661598
-0.0677083 0.000578754

-0.0677083 0.00057875
-0.0625 0.000495874

-0.0625 0.00049587
-0.0572917 0.000412979

-0.0572917 0.000412975
-0.0520833 0.000330082

-0.0520833 0.000330078
-0.046875 0.0002472

-0.046875 0.000247196
-0.0416667 0.000164346

-0.0416667 0.000164342
-0.0364583 8.1536e-05

-0.0364583 8.15301e-05
-0.0313266 -3.68629e-17

