-4 -0.000114098
-3.54302 0

-4 1.59292e-06
-3.5 0.000173561

-3.5 -1.2233e-05
-3.47813 0

-3.25 -1.17532e-05
-3.24425 0

0 -0.0179484
0.015625 -0.0173659

0.015625 -0.0173659
0.03125 -0.0167785

0.03125 -0.0167785
0.046875 -0.0161863

0.046875 -0.0161861
0.0615598 -0.015625

0.061604 -0.015625
0.0625 -0.0155908

-3.5 8.35603e-06
-3.25 0.000148203

0.0625 -0.0155892
0.078125 -0.0149874

0.078125 -0.0149873
0.09375 -0.0143807

-3.25 2.5547e-05
-3.125 0.000281236

-3.125 6.45113e-05
-3.0625 0.000451476

-3.0625 0.000644121
-3.03125 0.00103757

-3.03125 0.0010145
-3 0.00126878

0.09375 -0.0143807
0.109375 -0.0137695

0.109375 -0.0137695
0.125 -0.0131539

-2.70312 -3.96392e-05
-2.70605 0

0.125 -0.0131538
0.140625 -0.012534

0.140625 -0.0125339
0.15625 -0.0119101

0.15625 -0.01191
0.171875 -0.0112825

0.171875 -0.0112824
0.1875 -0.0106513

0.1875 -0.0106513
0.203125 -0.0100168

1.03125 0.0237429
1.04688 0.0243013

1.04688 0.0243013
1.0625 0.0248538

-1.01562 -0.0381984
-1 -0.0382172

-1 -0.0382172
-0.984375 -0.0382248

-0.984375 -0.0382248
-0.96875 -0.038221

-0.96875 -0.038221
-0.953125 -0.0382059

-0.953125 -0.0382059
-0.9375 -0.0381794

-0.9375 -0.0381794
-0.921875 -0.0381416

-0.921875 -0.0381416
-0.90625 -0.0380925

-0.90625 -0.0380925
-0.890625 -0.0380321

-2.70312 -4.05389e-05
-2.6875 -0.000265602

-2.6875 -0.00026569
-2.67188 -0.000503904

-2.67188 -0.000503992
-2.65625 -0.000755006

-2.65625 -0.00075509
-2.64062 -0.00101856

-2.64062 -0.00101865
-2.625 -0.00129422

-2.625 -0.00129431
-2.60938 -0.00158165

-2.60938 -0.00158174
-2.59375 -0.00188052

-2.59375 -0.0018806
-2.57812 -0.00219046

-2.57812 -0.00219055
-2.5625 -0.00251115

-2.5625 -0.00251124
-2.54688 -0.00284224

-2.54688 -0.00284233
-2.53125 -0.00318339

-2.53125 -0.00318348
-2.51562 -0.00353426

-2.51562 -0.00353434
-2.5 -0.00389451

-3 0.00126086
-2.98438 0.00135396

-2.98438 0.0013544
-2.96875 0.00142843

-2.96875 0.00142838
-2.95312 0.00148257

-2.95312 0.00148246
-2.9375 0.0015171

-2.9375 0.00151699
-2.92188 0.0015325

-2.92188 0.0015324
-2.90625 0.00152919

-2.90625 0.00152909
-2.89062 0.00150756

-2.89062 0.00150746
-2.875 0.00146799

-2.875 0.0014679
-2.85938 0.0014109

-2.85938 0.0014108
-2.84375 0.00133665

-2.84375 0.00133655
-2.82812 0.00124564

-2.82812 0.00124555
-2.8125 0.00113827

-2.8125 0.00113817
-2.79688 0.00101491

-2.79688 0.00101482
-2.78125 0.000875948

-2.78125 0.000875859
-2.76562 0.000721741

-2.76562 0.000721652
-2.75 0.000552646

-2.75 0.000552558
-2.73438 0.000369015

-2.73438 0.000368927
-2.71875 0.000171198

-2.71875 0.000170922
-2.70613 0

-2.5 -0.00389459
-2.48438 -0.00426381

-2.48438 -0.0042639
-2.46875 -0.00464183

-2.46875 -0.00464191
-2.45312 -0.00502824

-2.45312 -0.00502832
-2.4375 -0.00542271

-2.4375 -0.00542279
-2.42188 -0.00582491

-2.42188 -0.005825
-2.40625 -0.00623454

-2.40625 -0.00623462
-2.39062 -0.00665124

-2.39062 -0.00665133
-2.375 -0.00707472

-2.375 -0.0070748
-2.35938 -0.00750463

-2.35938 -0.00750471
-2.34375 -0.00794066

-2.34375 -0.00794074
-2.32812 -0.00838247

-2.32812 -0.00838255
-2.3125 -0.00882975

-2.3125 -0.00882983
-2.29688 -0.00928216

-2.29688 -0.00928225
-2.28125 -0.0097394

-2.28125 -0.00973948
-2.26562 -0.0102011

-2.26562 -0.0102012
-2.25 -0.0106671

-2.25 -0.0106672
-2.23438 -0.0111369

-2.23438 -0.011137
-2.21875 -0.0116103

-2.21875 -0.0116103
-2.20312 -0.0120869

-2.20312 -0.012087
-2.1875 -0.0125665

-2.1875 -0.0125666
-2.17188 -0.0130487

-2.17188 -0.0130488
-2.15625 -0.0135333

-2.15625 -0.0135334
-2.14062 -0.01402

-2.14062 -0.0140201
-2.125 -0.0145084

-2.125 -0.0145085
-2.10938 -0.0149983

-2.10938 -0.0149984
-2.09375 -0.0154894

-2.07812 -0.0159806
-2.08942 -0.015625

-2.09375 -0.0154918
-2.08952 -0.015625

-2.07812 -0.0159815
-2.0625 -0.0164741

-2.0625 -0.0164742
-2.04688 -0.0169672

-2.04688 -0.0169673
-2.03125 -0.0174603

-2.03125 -0.0174603
-2.01562 -0.0179531

-2.01562 -0.0179531
-2 -0.0184453

-2 -0.0184454
-1.98438 -0.0189367

-1.98438 -0.0189368
-1.96875 -0.0194269

-1.96875 -0.019427
-1.95312 -0.0199157

-1.95312 -0.0199158
-1.9375 -0.0204028

-1.9375 -0.0204029
-1.92188 -0.020888

-1.92188 -0.020888
-1.90625 -0.0213708

-1.90625 -0.0213709
-1.89062 -0.0218512

-1.89062 -0.0218513
-1.875 -0.0223288

-1.875 -0.0223289
-1.85938 -0.0228034

-1.85938 -0.0228035
-1.84375 -0.0232747

-1.84375 -0.0232747
-1.82812 -0.0237424

-1.82812 -0.0237425
-1.8125 -0.0242064

-1.8125 -0.0242064
-1.79688 -0.0246663

-1.79688 -0.0246663
-1.78125 -0.0251219

-1.78125 -0.025122
-1.76562 -0.025573

-1.76562 -0.0255731
-1.75 -0.0260194

-1.75 -0.0260195
-1.73438 -0.0264608

-1.73438 -0.0264608
-1.71875 -0.026897

-1.71875 -0.026897
-1.70312 -0.0273277

-1.70312 -0.0273277
-1.6875 -0.0277528

-1.6875 -0.0277528
-1.67188 -0.028172

-1.67188 -0.028172
-1.65625 -0.0285851

-1.65625 -0.0285851
-1.64062 -0.0289919

-1.64062 -0.0289919
-1.625 -0.0293922

-0.890625 -0.0380321
-0.875 -0.0379604

0.203125 -0.0100168
0.21875 -0.00937917

-0.875 -0.0379604
-0.859375 -0.0378774

-0.859375 -0.0378774
-0.84375 -0.0377831

-0.84375 -0.0377831
-0.828125 -0.0376776

-1.625 -0.0293922
-1.60938 -0.0297858

-0.828125 -0.0376776
-0.8125 -0.037561

1.0625 0.0248538
1.07812 0.0254003

1.07812 0.0254003
1.09375 0.0259405

1.09375 0.0259406
1.10938 0.0264744

1.10938 0.0264744
1.125 0.0270017

-1.60938 -0.0297858
-1.59375 -0.0301725

-1.59375 -0.0301726
-1.57812 -0.0305522

-1.57812 -0.0305522
-1.5625 -0.0309246

-1.54688 -0.0312895
-1.54857 -0.03125

-1.54688 -0.0312896
-1.53125 -0.0316469

-1.5625 -0.0309246
-1.54857 -0.03125

-1.53125 -0.031647
-1.51562 -0.0319965

1.125 0.0270018
1.14062 0.0275223

1.14062 0.0275224
1.15625 0.0280361

1.15625 0.0280361
1.17188 0.0285428

1.17188 0.0285428
1.1875 0.0290423

1.1875 0.0290423
1.20312 0.0295344

1.20312 0.0295344
1.21875 0.030019

1.21875 0.030019
1.23438 0.030496

1.23438 0.030496
1.25 0.0309651

1.25 0.0309692
1.25951 0.03125

1.25987 0.03125
1.26562 0.0314198

1.26562 0.0314265
1.28125 0.0318801

1.28125 0.0318801
1.29688 0.0323259

1.29688 0.032326
1.3125 0.0327637

1.3125 0.0327638
1.32812 0.0331933

1.32812 0.0331934
1.34375 0.0336146

1.34375 0.0336146
1.35938 0.0340273

1.35938 0.0340273
1.375 0.0344312

1.375 0.0344313
1.39062 0.0348263

0.21875 -0.00937912
0.234375 -0.00873859

0.234375 -0.00873854
0.25 -0.00809528

-0.8125 -0.037561
-0.796875 -0.0374332

0.25 -0.00809523
0.265625 -0.00744942

-1.51562 -0.0319966
-1.5 -0.0323382

1.39062 0.0348264
1.40625 0.0352124

-0.796875 -0.0374331
-0.78125 -0.0372942

-0.78125 -0.0372942
-0.765625 -0.0371442

1.40625 0.0352124
1.42188 0.0355892

1.42188 0.0355892
1.4375 0.0359566

-0.765625 -0.0371442
-0.75 -0.0369832

-1.5 -0.0323382
-1.48438 -0.0326716

-1.48438 -0.0326717
-1.46875 -0.0329967

-1.46875 -0.0329968
-1.45312 -0.0333134

-1.45312 -0.0333134
-1.4375 -0.0336213

1.4375 0.0359566
1.45312 0.0363145

-0.75 -0.0369832
-0.734375 -0.0368113

-0.734375 -0.0368112
-0.71875 -0.0366284

-0.71875 -0.0366284
-0.703125 -0.0364346

1.45312 0.0363146
1.46875 0.0366628

1.46875 0.0366628
1.48438 0.0370013

1.48438 0.0370013
1.5 0.0373298

-0.703125 -0.0364346
-0.6875 -0.0362301

-1.4375 -0.0336213
-1.42188 -0.0339204

-1.42188 -0.0339204
-1.40625 -0.0342105

-0.6875 -0.0362301
-0.671875 -0.0360149

0.265625 -0.00744937
0.28125 -0.00680121

0.28125 -0.00680116
0.296875 -0.00615085

-1.40625 -0.0342105
-1.39062 -0.0344915

-1.39062 -0.0344915
-1.375 -0.0347632

-0.671875 -0.0360149
-0.65625 -0.035789

-1.375 -0.0347632
-1.35938 -0.0350254

-1.35938 -0.0350255
-1.34375 -0.0352782

-1.34375 -0.0352782
-1.32812 -0.0355213

-1.32812 -0.0355213
-1.3125 -0.0357545

-1.3125 -0.0357546
-1.29688 -0.0359779

-1.29688 -0.0359779
-1.28125 -0.0361913

-0.65625 -0.0357889
-0.640625 -0.0355524

0.296875 -0.0061508
0.3125 -0.00549854

0.3125 -0.00549849
0.328125 -0.00484448

-1.28125 -0.0361913
-1.26562 -0.0363945

-1.26562 -0.0363945
-1.25 -0.0365875

0.328125 -0.00484443
0.34375 -0.00418887

0.34375 -0.00418882
0.359375 -0.00353192

-0.640625 -0.0355524
-0.625 -0.0353054

1.5 0.0373298
1.51562 0.0376482

-1.25 -0.0365876
-1.23438 -0.0367702

-1.23438 -0.0367702
-1.21875 -0.0369425

-1.21875 -0.0369425
-1.20312 -0.0371043

-0.625 -0.0353054
-0.609375 -0.0350479

-0.609375 -0.0350479
-0.59375 -0.0347801

-1.20312 -0.0371043
-1.1875 -0.0372554

-0.59375 -0.0347801
-0.578125 -0.034502

0.359375 -0.00353187
0.375 -0.00287381

-0.578125 -0.034502
-0.5625 -0.0342137

0.375 -0.00287376
0.390625 -0.00221475

-0.5625 -0.0342137
-0.546875 -0.0339153

1.51562 0.0376483
1.53125 0.0379564

1.53125 0.0379565
1.54688 0.0382543

1.54688 0.0382543
1.5625 0.0385417

-1.1875 -0.0372554
-1.17188 -0.0373959

-1.17188 -0.0373959
-1.15625 -0.0375256

0.390625 -0.00221471
0.40625 -0.00155493

0.40625 -0.0015549
0.421875 -0.0008945

0.421875 -0.000894426
0.4375 -0.000233596

0.4375 -0.000218562
0.442664 0

1.5625 0.0385417
1.57812 0.0388184

1.57812 0.0388185
1.59375 0.0390845

-1.15625 -0.0375256
-1.14062 -0.0376445

-1.14062 -0.0376445
-1.125 -0.0377525

1.59375 0.0390845
1.60938 0.0393397

-1.125 -0.0377525
-1.10938 -0.0378496

-1.10938 -0.0378496
-1.09375 -0.0379356

-0.546875 -0.0339152
-0.53125 -0.0336069

-0.53125 -0.0336068
-0.515625 -0.0332886

-0.515625 -0.0332885
-0.5 -0.0329604

0.443213 0
0.453125 0.000419548

0.453125 0.000427696
0.46875 0.00108976

0.46875 0.00108981
0.484375 0.00175235

1.60938 0.0393397
1.625 0.039584

0.484375 0.0017524
0.5 0.0024152

-1.09375 -0.0379356
-1.07812 -0.0380105

1.625 0.039584
1.64062 0.0398172

1.64062 0.0398172
1.65625 0.0400391

1.65625 0.0400392
1.67188 0.0402498

1.67188 0.0402498
1.6875 0.040449

-1.07812 -0.0380105
-1.0625 -0.0380743

-1.0625 -0.0380743
-1.04688 -0.0381269

-1.04688 -0.0381269
-1.03125 -0.0381683

1.6875 0.040449
1.70312 0.0406366

-0.5 -0.0329604
-0.484375 -0.0326226

-1.03125 -0.0381683
-1.01562 -0.0381984

-0.484375 -0.0326226
-0.46875 -0.0322752

1.70312 0.0406366
1.71875 0.0408125

-0.46875 -0.0322751
-0.453125 -0.0319182

-0.453125 -0.0319182
-0.4375 -0.0315519

-0.4375 -0.0315513
-0.424969 -0.03125

-0.424846 -0.03125
-0.421875 -0.0311786

-0.421875 -0.0311762
-0.40625 -0.0307911

-0.40625 -0.0307911
-0.390625 -0.0303968

-0.390625 -0.0303968
-0.375 -0.0299933

0.5 0.00241526
0.515625 0.00307809

-0.375 -0.0299932
-0.359375 -0.0295807

0.515625 0.00307815
0.53125 0.00374077

1.71875 0.0408125
1.73438 0.0409765

-0.359375 -0.0295807
-0.34375 -0.0291592

0.53125 0.00374083
0.546875 0.00440302

-0.34375 -0.0291592
-0.328125 -0.028729

1.73438 0.0409765
1.75 0.0411286

-0.328125 -0.0287289
-0.3125 -0.0282902

0.546875 0.00440307
0.5625 0.00506461

1.75 0.0411286
1.76562 0.0412685

-0.3125 -0.0282901
-0.296875 -0.0278429

1.76562 0.0412685
1.78125 0.0413961

1.78125 0.0413961
1.79688 0.0415113

-0.296875 -0.0278428
-0.28125 -0.0273873

-0.28125 -0.0273872
-0.265625 -0.0269235

-0.265625 -0.0269235
-0.25 -0.0264517

0.5625 0.00506466
0.578125 0.00572534

0.578125 0.00572539
0.59375 0.00638499

0.59375 0.00638504
0.609375 0.00704339

1.79688 0.0415114
1.8125 0.041614

-0.25 -0.0264517
-0.234375 -0.0259722

-0.234375 -0.0259721
-0.21875 -0.0254849

-0.21875 -0.0254848
-0.203125 -0.0249901

-0.203125 -0.02499
-0.1875 -0.0244879

-0.1875 -0.0244879
-0.171875 -0.0239786

-0.171875 -0.0239785
-0.15625 -0.0234622

0.609375 0.00704344
0.625 0.00770034

-0.15625 -0.0234621
-0.140625 -0.0229389

0.625 0.00770039
0.640625 0.00835565

0.640625 0.0083557
0.65625 0.00900914

1.8125 0.0416141
1.82812 0.041704

-0.140625 -0.0229389
-0.125 -0.0224089

1.82812 0.0417041
1.84375 0.0417812

1.84375 0.0417813
1.85938 0.0418455

0.65625 0.00900919
0.671875 0.00966062

1.85938 0.0418455
1.875 0.0418967

-0.125 -0.0224089
-0.109375 -0.0218724

-0.109375 -0.0218724
-0.09375 -0.0213295

1.875 0.0418967
1.89062 0.0419347

-0.09375 -0.0213295
-0.078125 -0.0207805

-0.078125 -0.0207804
-0.0625 -0.0202254

-0.0625 -0.0202253
-0.046875 -0.0196644

-0.046875 -0.0196644
-0.03125 -0.0190979

-0.03125 -0.0190978
-0.015625 -0.0185258

-0.015625 -0.0185257
0 -0.0179484

0.671875 0.00966066
0.6875 0.0103099

0.6875 0.01031
0.703125 0.0109568

1.89062 0.0419347
1.90625 0.0419594

1.90625 0.0419594
1.92188 0.0419706

1.92188 0.0419706
1.9375 0.0419683

0.703125 0.0109569
0.71875 0.0116012

0.71875 0.0116013
0.734375 0.0122429

0.734375 0.0122429
0.75 0.0128816

1.9375 0.0419683
1.95312 0.0419524

1.95312 0.0419524
1.96875 0.0419227

1.96875 0.0419227
1.98438 0.0418792

1.98438 0.0418792
2 0.0418217

0.75 0.0128817
0.765625 0.0135173

0.765625 0.0135173
0.78125 0.0141497

0.78125 0.0141497
0.796875 0.0147787

0.796875 0.0147788
0.8125 0.0154042

0.8125 0.0154198
0.817654 0.015625

0.818262 0.015625
0.828125 0.0160176

0.828125 0.0160261
0.84375 0.0166448

0.84375 0.0166449
0.859375 0.0172602

0.859375 0.0172602
0.875 0.0178718

0.875 0.0178719
0.890625 0.0184796

0.890625 0.0184797
0.90625 0.0190834

0.90625 0.0190834
0.921875 0.0196828

0.921875 0.0196828
0.9375 0.0202777

0.9375 0.0202778
0.953125 0.020868

0.953125 0.020868
0.96875 0.0214534

0.96875 0.0214534
0.984375 0.0220338

0.984375 0.0220338
1 0.0226089

2 0.0418217
2.01562 0.0417502

2.01562 0.0417502
2.03125 0.0416646

2.03125 0.0416646
2.04688 0.0415648

2.04688 0.0415648
2.0625 0.0414507

2.0625 0.0414507
2.07812 0.0413221

2.07812 0.0413222
2.09375 0.0411791

2.09375 0.0411792
2.10938 0.0410215

2.10938 0.0410215
2.125 0.0408491

1 0.0226089
1.01562 0.0231786

1.01562 0.0231787
1.03125 0.0237428

2.125 0.0408491
2.14062 0.0406619

2.14062 0.0406619
2.15625 0.0404597

2.15625 0.0404597
2.17188 0.0402424

2.17188 0.0402424
2.1875 0.0400099

2.1875 0.0400099
2.20312 0.0397621

2.20312 0.0397621
2.21875 0.0394989

2.21875 0.0394989
2.23438 0.0392202

2.23438 0.0392202
2.25 0.0389259

2.25 0.0389259
2.26562 0.038616

2.26562 0.038616
2.28125 0.0382903

2.28125 0.0382903
2.29688 0.0379488

2.29688 0.0379488
2.3125 0.0375914

2.3125 0.0375914
2.32812 0.0372181

2.32812 0.0372181
2.34375 0.0368288

2.34375 0.0368288
2.35938 0.0364234

2.35938 0.0364234
2.375 0.0360018

2.375 0.0360018
2.39062 0.035564

2.39062 0.035564
2.40625 0.0351099

2.40625 0.0351099
2.42188 0.0346394

2.42188 0.0346394
2.4375 0.0341524

2.4375 0.0341524
2.45312 0.0336488

2.45312 0.0336488
2.46875 0.0331286

2.46875 0.0331286
2.48438 0.0325917

2.48438 0.0325917
2.5 0.0320381

2.53125 0.0308757
2.52129 0.03125

2.5 0.0320381
2.51562 0.0314677

2.51562 0.0314759
2.52164 0.03125

2.53125 0.0308806
2.54688 0.0302767

2.54688 0.0302768
2.5625 0.0296562

2.5625 0.0296562
2.57812 0.0290188

2.57812 0.0290188
2.59375 0.0283647

2.59375 0.0283647
2.60938 0.0276937

2.60938 0.0276937
2.625 0.0270058

2.625 0.0270058
2.64062 0.026301

2.64062 0.026301
2.65625 0.0255792

2.65625 0.0255792
2.67188 0.0248405

2.67188 0.0248405
2.6875 0.0240849

2.6875 0.0240849
2.70312 0.0233122

2.70312 0.0233122
2.71875 0.0225227

2.71875 0.0225227
2.73438 0.0217163

2.73438 0.0217163
2.75 0.0208931

2.75 0.020893
2.76562 0.0200529

2.76562 0.0200529
2.78125 0.0191959

2.78125 0.0191959
2.79688 0.0183221

2.79688 0.0183221
2.8125 0.0174314

2.8125 0.0174314
2.82812 0.016524

2.84375 0.0155989
2.84331 0.015625

2.82812 0.016524
2.84333 0.015625

2.84375 0.0155998
2.85938 0.0146592

2.84375 0.0156351
2.84392 0.015625

2.85938 0.0146592
2.875 0.0137022

2.875 0.0137021
2.89062 0.0127287

2.89062 0.0127287
2.90625 0.0117389

2.90625 0.0117389
2.92188 0.0107329

2.92188 0.0107328
2.9375 0.00971053

2.9375 0.00971052
2.95312 0.00867205

2.95312 0.00867212
2.96875 0.00761738

2.96875 0.00761731
2.98438 0.00654629

2.98438 0.00654645
3 0.00545895

3.5 -7.10529e-05
3.46589 0

3 0.00547132
3.03125 0.00321326

3.03125 0.0027937
3.0625 0.00125856

3.0625 0.00158657
3.125 0.000328343

3.125 0.000887365
3.25 8.96181e-06

3.25 0.000444204
3.46327 0

4 -0.000187101
3.73526 0

3.5 0.000377393
3.79666 0

