-3.98586 0
-3.5 0.000544255

-3.5 0.00027701
-3.25 0.000664137

-3.25 0.000578622
-3.125 0.00106302

-3.125 0.000870301
-3.0625 0.00137433

-3.0625 0.00144279
-3.03125 0.00192633

-3.03125 0.00196571
-3 0.00246509

-2.54688 -0.000151513
-2.55416 0

-2.54688 -0.000150361
-2.53125 -0.000485927

-2.53125 -0.000486064
-2.51562 -0.000831762

-2.51562 -0.000831896
-2.5 -0.00118718

-3 0.00246395
-2.98438 0.00268894

-2.98438 0.00269044
-2.96875 0.00289

-2.96875 0.00288978
-2.95312 0.00306133

-2.95312 0.00306131
-2.9375 0.00320531

-2.9375 0.00320506
-2.92188 0.00332202

-2.92188 0.00332188
-2.90625 0.00341255

-2.90625 0.00341234
-2.89062 0.00347743

-2.89062 0.00347728
-2.875 0.0035175

-2.875 0.00351729
-2.85938 0.00353336

-2.85938 0.00353319
-2.84375 0.00352583

-2.84375 0.00352563
-2.82812 0.00349558

-2.82812 0.00349539
-2.8125 0.0034434

-2.8125 0.00344322
-2.79688 0.00337003

-2.79688 0.00336986
-2.78125 0.0032762

-2.78125 0.00327603
-2.76562 0.00316258

-2.76562 0.00316242
-2.75 0.00302984

-2.75 0.00302968
-2.73438 0.00287862

-2.73438 0.00287847
-2.71875 0.00270956

-2.71875 0.0027094
-2.70312 0.00252329

-2.70312 0.00252313
-2.6875 0.00232046

-2.6875 0.0023203
-2.67188 0.00210169

-2.67188 0.00210154
-2.65625 0.00186763

-2.65625 0.00186748
-2.64062 0.00161887

-2.64062 0.00161873
-2.625 0.00135602

-2.625 0.00135587
-2.60938 0.00107961

-2.60938 0.00107948
-2.59375 0.000790245

-2.59375 0.000790103
-2.57812 0.000488446

-2.57812 0.000488312
-2.5625 0.000174783

-2.5625 0.000175768
-2.55405 0

-1.03125 -0.0292862
-1.01562 -0.0292485

0 -0.0101399
0.015625 -0.0096653

-1.01562 -0.0292485
-1 -0.0292018

-2.5 -0.00118731
-2.48438 -0.00155165

-2.48438 -0.00155178
-2.46875 -0.00192466

0.015625 -0.00966526
0.03125 -0.00918801

0.03125 -0.00918797
0.046875 -0.00870816

0.046875 -0.00870812
0.0625 -0.00822591

0.0625 -0.00822587
0.078125 -0.00774141

0.078125 -0.00774138
0.09375 -0.00725482

-2.46875 -0.00192479
-2.45312 -0.00230572

-2.45312 -0.00230583
-2.4375 -0.00269434

-2.4375 -0.00269446
-2.42188 -0.00309008

-2.42188 -0.00309019
-2.40625 -0.00349247

1.03125 0.0206162
1.04688 0.0209768

1.04688 0.0209768
1.0625 0.0213319

1.0625 0.021332
1.07812 0.0216816

1.07812 0.0216816
1.09375 0.0220257

1.09375 0.0220257
1.10938 0.022364

1.10938 0.022364
1.125 0.0226964

1.125 0.0226964
1.14062 0.0230228

1.14062 0.0230228
1.15625 0.0233429

1.15625 0.023343
1.17188 0.0236567

1.17188 0.0236567
1.1875 0.0239639

1.1875 0.0239639
1.20312 0.0242643

1.20312 0.0242643
1.21875 0.0245577

1.21875 0.0245577
1.23438 0.0248439

1.23438 0.024844
1.25 0.0251229

1.25 0.0251229
1.26562 0.0253943

1.26562 0.0253943
1.28125 0.025658

1.28125 0.0256581
1.29688 0.0259139

1.29688 0.025914
1.3125 0.0261618

1.3125 0.0261619
1.32812 0.0264016

1.32812 0.0264017
1.34375 0.0266332

1.34375 0.0266332
1.35938 0.0268563

1.35938 0.0268564
1.375 0.027071

1.375 0.0270711
1.39062 0.0272771

1.39062 0.0272772
1.40625 0.0274745

1.40625 0.0274746
1.42188 0.0276631

1.42188 0.0276632
1.4375 0.0278429

1.4375 0.0278429
1.45312 0.0280136

1.45312 0.0280136
1.46875 0.0281752

1.46875 0.0281752
1.48438 0.0283276

1.48438 0.0283276
1.5 0.0284708

0.09375 -0.00725478
0.109375 -0.00676627

1.5 0.0284708
1.51562 0.0286047

1.51562 0.0286047
1.53125 0.0287292

-1 -0.0292018
-0.984375 -0.0291463

-0.984375 -0.0291463
-0.96875 -0.0290818

0.109375 -0.00676623
0.125 -0.00627593

1.53125 0.0287292
1.54688 0.0288444

-2.40625 -0.00349258
-2.39062 -0.0039011

-2.39062 -0.0039012
-2.375 -0.00431552

1.54688 0.0288444
1.5625 0.0289501

0.125 -0.00627589
0.140625 -0.00578393

0.140625 -0.00578389
0.15625 -0.00529044

0.15625 -0.0052904
0.171875 -0.00479559

0.171875 -0.00479555
0.1875 -0.00429955

0.1875 -0.00429951
0.203125 -0.00380247

0.203125 -0.00380243
0.21875 -0.00330451

0.21875 -0.00330447
0.234375 -0.00280582

0.234375 -0.00280578
0.25 -0.00230658

0.25 -0.00230654
0.265625 -0.00180695

0.265625 -0.00180691
0.28125 -0.0013071

0.28125 -0.00130706
0.296875 -0.000807168

0.296875 -0.000807159
0.3125 -0.000307301

0.3125 -0.000263313
0.320735 0

0.324701 0
0.328125 0.000109468

0.328125 0.000192015
0.34375 0.000691876

0.34375 0.000692088
0.359375 0.00119256

0.359375 0.00119256
0.375 0.00169322

-2.375 -0.00431563
-2.35938 -0.00473532

-2.35938 -0.00473542
-2.34375 -0.00516006

-2.34375 -0.00516017
-2.32812 -0.00558934

-2.32812 -0.00558944
-2.3125 -0.00602271

-2.3125 -0.00602281
-2.29688 -0.00645975

-2.29688 -0.00645986
-2.28125 -0.00690005

-2.28125 -0.00690015
-2.26562 -0.00734319

-2.26562 -0.00734328
-2.25 -0.00778876

-2.25 -0.00778886
-2.23438 -0.00823639

-2.23438 -0.00823648
-2.21875 -0.00868568

-2.21875 -0.00868577
-2.20312 -0.00913628

-2.20312 -0.00913637
-2.1875 -0.00958783

-2.1875 -0.00958792
-2.17188 -0.01004

-2.17188 -0.0100401
-2.15625 -0.0104924

-2.15625 -0.0104925
-2.14062 -0.0109448

-2.14062 -0.0109449
-2.125 -0.0113969

-2.125 -0.011397
-2.10938 -0.0118484

-2.10938 -0.0118484
-2.09375 -0.0122989

-2.09375 -0.012299
-2.07812 -0.0127483

-2.07812 -0.0127484
-2.0625 -0.0131962

-2.0625 -0.0131963
-2.04688 -0.0136424

-2.04688 -0.0136425
-2.03125 -0.0140866

-2.03125 -0.0140867
-2.01562 -0.0145286

-2.01562 -0.0145287
-2 -0.014968

-2 -0.0149681
-1.98438 -0.0154047

-1.96875 -0.0158409
-1.97653 -0.015625

-1.98438 -0.0154021
-1.97634 -0.015625

-1.96875 -0.0158384
-1.95312 -0.0162683

-1.95312 -0.0162684
-1.9375 -0.0166943

-1.9375 -0.0166944
-1.92188 -0.017116

-1.92188 -0.0171161
-1.90625 -0.0175332

-1.90625 -0.0175332
-1.89062 -0.0179455

-1.89062 -0.0179455
-1.875 -0.0183527

-1.875 -0.0183527
-1.85938 -0.0187546

-1.85938 -0.0187547
-1.84375 -0.0191511

-1.84375 -0.0191512
-1.82812 -0.019542

-1.82812 -0.019542
-1.8125 -0.0199271

-1.8125 -0.0199271
-1.79688 -0.0203062

-1.79688 -0.0203062
-1.78125 -0.0206792

-1.78125 -0.0206792
-1.76562 -0.0210459

-1.76562 -0.0210459
-1.75 -0.0214063

-1.75 -0.0214063
-1.73438 -0.0217601

-1.73438 -0.0217602
-1.71875 -0.0221074

-1.71875 -0.0221074
-1.70312 -0.0224479

-1.70312 -0.0224479
-1.6875 -0.0227815

-1.6875 -0.0227816
-1.67188 -0.0231082

-1.67188 -0.0231082
-1.65625 -0.0234278

-1.65625 -0.0234278
-1.64062 -0.0237401

-1.64062 -0.0237402
-1.625 -0.0240451

-1.625 -0.0240452
-1.60938 -0.0243426

-1.60938 -0.0243427
-1.59375 -0.0246326

-1.59375 -0.0246326
-1.57812 -0.0249147

-1.57812 -0.0249147
-1.5625 -0.025189

-1.5625 -0.025189
-1.54688 -0.0254553

-1.54688 -0.0254553
-1.53125 -0.0257134

-1.53125 -0.0257135
-1.51562 -0.0259633

-1.51562 -0.0259634
-1.5 -0.0262049

1.5625 0.0289501
1.57812 0.0290464

-1.5 -0.0262049
-1.48438 -0.026438

-1.48438 -0.026438
-1.46875 -0.0266625

-1.46875 -0.0266625
-1.45312 -0.0268783

-1.45312 -0.0268783
-1.4375 -0.0270855

1.57812 0.0290464
1.59375 0.0291332

1.59375 0.0291332
1.60938 0.0292106

1.60938 0.0292106
1.625 0.0292785

1.625 0.0292785
1.64062 0.029337

1.64062 0.029337
1.65625 0.0293861

-1.4375 -0.0270855
-1.42188 -0.0272838

-1.42188 -0.0272838
-1.40625 -0.0274732

-1.40625 -0.0274732
-1.39062 -0.0276537

-1.39062 -0.0276537
-1.375 -0.0278252

1.65625 0.0293861
1.67188 0.0294256

1.67188 0.0294256
1.6875 0.0294557

1.6875 0.0294557
1.70312 0.0294762

1.70312 0.0294762
1.71875 0.0294871

1.71875 0.0294872
1.73438 0.0294884

1.73438 0.0294884
1.75 0.0294798

-1.375 -0.0278252
-1.35938 -0.0279877

-1.35938 -0.0279877
-1.34375 -0.0281411

1.75 0.0294799
1.76562 0.0294615

1.76562 0.0294615
1.78125 0.0294331

-1.34375 -0.0281411
-1.32812 -0.0282854

-1.32812 -0.0282854
-1.3125 -0.0284205

-1.3125 -0.0284205
-1.29688 -0.0285465

-1.29688 -0.0285465
-1.28125 -0.0286632

1.78125 0.0294332
1.79688 0.0293948

1.79688 0.0293948
1.8125 0.0293464

1.8125 0.0293464
1.82812 0.0292878

-1.28125 -0.0286632
-1.26562 -0.0287708

-1.26562 -0.0287708
-1.25 -0.0288691

1.82812 0.0292878
1.84375 0.029219

1.84375 0.029219
1.85938 0.0291399

1.85938 0.0291399
1.875 0.0290506

-0.96875 -0.0290818
-0.953125 -0.0290085

-0.953125 -0.0290085
-0.9375 -0.0289263

0.375 0.00169327
0.390625 0.00219401

-1.25 -0.0288691
-1.23438 -0.0289583

0.390625 0.00219406
0.40625 0.00269467

0.40625 0.00269472
0.421875 0.00319502

-0.9375 -0.0289263
-0.921875 -0.0288351

-0.921875 -0.0288351
-0.90625 -0.0287351

0.421875 0.00319507
0.4375 0.00369484

0.4375 0.00369489
0.453125 0.00419396

1.875 0.0290506
1.89062 0.0289509

-0.90625 -0.0287351
-0.890625 -0.0286262

1.89062 0.0289509
1.90625 0.0288408

1.90625 0.0288408
1.92188 0.0287204

-0.890625 -0.0286262
-0.875 -0.0285084

-1.23438 -0.0289583
-1.21875 -0.0290382

-1.21875 -0.0290382
-1.20312 -0.0291089

-1.20312 -0.0291089
-1.1875 -0.0291704

-0.875 -0.0285084
-0.859375 -0.0283818

-0.859375 -0.0283817
-0.84375 -0.0282462

-1.1875 -0.0291704
-1.17188 -0.0292227

-1.17188 -0.0292227
-1.15625 -0.029266

-1.15625 -0.0292659
-1.14062 -0.0293001

-1.14062 -0.0293001
-1.125 -0.0293251

0.453125 0.00419401
0.46875 0.00469216

0.46875 0.00469221
0.484375 0.00518926

0.484375 0.00518931
0.5 0.00568507

0.5 0.00568512
0.515625 0.00617939

0.515625 0.00617943
0.53125 0.00667203

0.53125 0.00667208
0.546875 0.0071628

0.546875 0.00716285
0.5625 0.00765153

0.5625 0.00765158
0.578125 0.00813802

0.578125 0.00813806
0.59375 0.00862209

0.59375 0.00862214
0.609375 0.00910357

0.609375 0.00910361
0.625 0.00958228

0.625 0.00958232
0.640625 0.010058

0.640625 0.0100581
0.65625 0.0105307

0.65625 0.0105307
0.671875 0.0110001

0.671875 0.0110001
0.6875 0.011466

0.6875 0.011466
0.703125 0.0119282

0.703125 0.0119282
0.71875 0.0123866

1.92188 0.0287204
1.9375 0.0285897

1.9375 0.0285897
1.95312 0.0284487

-0.84375 -0.0282462
-0.828125 -0.0281018

-0.828125 -0.0281018
-0.8125 -0.0279486

-1.125 -0.0293251
-1.10938 -0.0293411

-1.10938 -0.0293411
-1.09375 -0.029348

-1.09375 -0.029348
-1.07812 -0.029346

0.71875 0.0123867
0.734375 0.0128411

0.734375 0.0128412
0.75 0.0132916

-0.8125 -0.0279486
-0.796875 -0.0277865

1.95312 0.0284487
1.96875 0.0282975

-0.796875 -0.0277865
-0.78125 -0.0276157

-0.78125 -0.0276157
-0.765625 -0.0274361

-0.765625 -0.0274361
-0.75 -0.0272479

-0.75 -0.0272479
-0.734375 -0.027051

-0.734375 -0.027051
-0.71875 -0.0268456

-0.71875 -0.0268455
-0.703125 -0.0266316

-1.07812 -0.029346
-1.0625 -0.029335

-1.0625 -0.029335
-1.04688 -0.0293151

-1.04688 -0.0293151
-1.03125 -0.0292862

0.75 0.0132916
0.765625 0.0137378

1.96875 0.0282975
1.98438 0.0281361

-0.703125 -0.0266316
-0.6875 -0.0264091

0.765625 0.0137378
0.78125 0.0141796

-0.6875 -0.0264091
-0.671875 -0.0261784

1.98438 0.0281361
2 0.0279647

0.78125 0.0141796
0.796875 0.0146169

-0.671875 -0.0261783
-0.65625 -0.0259393

-0.65625 -0.0259393
-0.640625 -0.025692

-0.640625 -0.025692
-0.625 -0.0254367

0.796875 0.0146169
0.8125 0.0150495

-0.625 -0.0254366
-0.609375 -0.0251733

2 0.0279646
2.01562 0.0277832

0.8125 0.0150495
0.828125 0.0154773

-0.609375 -0.0251733
-0.59375 -0.0249021

0.828125 0.0154855
0.833278 0.015625

0.83374 0.015625
0.84375 0.015896

0.84375 0.0159002
0.859375 0.0163188

0.859375 0.0163188
0.875 0.0167331

2.01562 0.0277832
2.03125 0.0275919

0.875 0.0167331
0.890625 0.0171428

0.890625 0.0171428
0.90625 0.0175481

-0.59375 -0.0249021
-0.578125 -0.0246231

0.90625 0.0175481
0.921875 0.0179487

2.03125 0.0275919
2.04688 0.0273907

2.04688 0.0273907
2.0625 0.0271799

0.921875 0.0179487
0.9375 0.0183446

-0.578125 -0.0246231
-0.5625 -0.0243365

2.0625 0.0271799
2.07812 0.0269594

0.9375 0.0183446
0.953125 0.0187356

-0.5625 -0.0243365
-0.546875 -0.0240425

-0.546875 -0.0240424
-0.53125 -0.023741

0.953125 0.0187356
0.96875 0.0191218

0.96875 0.0191218
0.984375 0.019503

-0.53125 -0.023741
-0.515625 -0.0234324

-0.515625 -0.0234324
-0.5 -0.0231168

2.07812 0.0269594
2.09375 0.0267293

2.09375 0.0267293
2.10938 0.0264897

0.984375 0.0195031
1 0.0198792

2.10938 0.0264897
2.125 0.0262405

2.125 0.0262405
2.14062 0.0259819

2.14062 0.0259819
2.15625 0.0257138

2.15625 0.0257138
2.17188 0.0254364

2.17188 0.0254364
2.1875 0.0251496

-0.5 -0.0231167
-0.484375 -0.0227942

-0.484375 -0.0227942
-0.46875 -0.022465

2.1875 0.0251495
2.20312 0.0248535

2.20312 0.0248535
2.21875 0.0245482

-0.46875 -0.022465
-0.453125 -0.0221292

-0.453125 -0.0221291
-0.4375 -0.021787

2.21875 0.0245482
2.23438 0.0242338

2.23438 0.0242338
2.25 0.0239104

-0.4375 -0.0217869
-0.421875 -0.0214386

-0.421875 -0.0214385
-0.40625 -0.0210841

-0.40625 -0.021084
-0.390625 -0.0207237

2.25 0.0239104
2.26562 0.0235782

2.26562 0.0235782
2.28125 0.0232373

1 0.0198793
1.01562 0.0202503

1.01562 0.0202504
1.03125 0.0206162

2.28125 0.0232372
2.29688 0.0228878

-0.390625 -0.0207236
-0.375 -0.0203575

2.29688 0.0228877
2.3125 0.0225299

2.3125 0.0225299
2.32812 0.0221639

-0.375 -0.0203575
-0.359375 -0.0199857

-0.359375 -0.0199857
-0.34375 -0.0196085

2.32812 0.0221638
2.34375 0.0217898

2.34375 0.0217897
2.35938 0.0214078

-0.34375 -0.0196084
-0.328125 -0.0192259

-0.328125 -0.0192259
-0.3125 -0.0188381

2.35938 0.0214078
2.375 0.0210181

2.375 0.0210181
2.39062 0.0206209

2.39062 0.0206209
2.40625 0.0202162

-0.3125 -0.0188381
-0.296875 -0.0184453

-0.296875 -0.0184453
-0.28125 -0.0180475

-0.28125 -0.0180475
-0.265625 -0.017645

-0.265625 -0.017645
-0.25 -0.0172378

2.40625 0.0202162
2.42188 0.0198043

2.42188 0.0198043
2.4375 0.0193853

2.4375 0.0193853
2.45312 0.0189594

2.45312 0.0189594
2.46875 0.0185268

2.46875 0.0185267
2.48438 0.0180877

-0.25 -0.0172378
-0.234375 -0.0168261

-0.234375 -0.0168261
-0.21875 -0.01641

-0.21875 -0.01641
-0.203125 -0.0159895

-0.203125 -0.0159882
-0.189762 -0.015625

2.48438 0.0180876
2.5 0.0176423

-0.189395 -0.015625
-0.1875 -0.0155735

-0.1875 -0.015565
-0.171875 -0.0151358

-0.171875 -0.0151357
-0.15625 -0.0147017

-0.15625 -0.0147016
-0.140625 -0.0142631

-0.140625 -0.0142631
-0.125 -0.0138201

2.5 0.0176423
2.51562 0.017191

2.51562 0.0171909
2.53125 0.016734

2.53125 0.0167339
2.54688 0.0162716

-0.125 -0.0138201
-0.109375 -0.013373

-0.109375 -0.0133729
-0.09375 -0.0129218

2.54688 0.0162715
2.5625 0.0158041

2.57812 0.0153299
2.56836 0.015625

2.5625 0.015807
2.56852 0.015625

-0.09375 -0.0129218
-0.078125 -0.0124668

-0.078125 -0.0124667
-0.0625 -0.0120081

2.57812 0.0153317
2.59375 0.0148551

2.59375 0.014855
2.60938 0.0143743

2.60938 0.0143743
2.625 0.0138897

2.625 0.0138897
2.64062 0.0134016

2.64062 0.0134015
2.65625 0.0129102

-0.0625 -0.012008
-0.046875 -0.0115459

-0.046875 -0.0115458
-0.03125 -0.0110803

2.65625 0.0129101
2.67188 0.0124159

2.67188 0.0124159
2.6875 0.0119192

-0.03125 -0.0110803
-0.015625 -0.0106116

-0.015625 -0.0106116
0 -0.0101399

2.6875 0.0119191
2.70312 0.0114203

2.70312 0.0114202
2.71875 0.0109197

2.71875 0.0109196
2.73438 0.0104179

2.73438 0.0104179
2.75 0.00991525

2.75 0.00991514
2.76562 0.00941199

2.76562 0.00941194
2.78125 0.00890857

2.78125 0.00890847
2.79688 0.00840514

2.79688 0.00840503
2.8125 0.00790215

2.8125 0.00790201
2.82812 0.00740006

2.82812 0.00739992
2.84375 0.00689949

2.84375 0.00689935
2.85938 0.00640098

2.85938 0.00640086
2.875 0.00590505

2.875 0.00590494
2.89062 0.00541214

2.89062 0.00541204
2.90625 0.00492267

2.90625 0.0049226
2.92188 0.004437

2.92188 0.00443689
2.9375 0.00395543

2.9375 0.00395532
2.95312 0.00347844

2.95312 0.0034786
2.96875 0.00300617

2.96875 0.00300605
2.98438 0.002538

2.98438 0.00253945
3 0.00207313

3.125 -0.000233818
3.09812 0

3.25 -0.000309468
3.13258 0

3.25 -6.72356e-05
3.5 -0.000184707

3 0.00209118
3.03125 0.00108403

3.03125 0.000865419
3.0625 0.000184311

3.0625 0.000361316
3.10403 0

3.125 0.000103324
3.1642 0

3.25 9.37091e-06
3.26963 0

3.5 -6.77713e-05
4 -0.000108342

3.5 8.67658e-05
3.90368 0

