1.89062 -0.20372
1.88809 -0.203125

1.875 -0.200219
1.88737 -0.203125

1.89062 -0.203834
1.90625 -0.207771

1.90625 -0.20784
1.92188 -0.211957

1.92188 -0.211976
1.9375 -0.216099

1.95312 -0.220156
1.94795 -0.21875

1.95312 -0.220273
1.96875 -0.224784

1.9375 -0.216081
1.94732 -0.21875

1.96875 -0.224855
1.98438 -0.229473

1.98438 -0.229461
2 -0.234069

-4 0.436794
-3.98438 0.436831

-3.98438 0.436889
-3.96875 0.436885

-3.96875 0.436884
-3.95312 0.436727

-3.95312 0.436726
-3.9375 0.436418

-2.5 0.242866
-2.48438 0.240699

-0.125 -0.301359
-0.109375 -0.304191

-0.109375 -0.304234
-0.09375 -0.307046

-0.09375 -0.307064
-0.078125 -0.309733

-0.078125 -0.309723
-0.0625 -0.312236

-3.9375 0.436443
-3.92188 0.435933

-3.92188 0.435934
-3.90625 0.435167

-3.90625 0.435155
-3.89062 0.434154

-3.89062 0.434168
-3.875 0.432928

-3.875 0.432933
-3.85938 0.43142

-3.85938 0.431422
-3.84375 0.429623

-3.84375 0.429611
-3.82812 0.427546

-3.82812 0.427531
-3.8125 0.42525

-3.8125 0.425246
-3.79688 0.422787

-3.78125 0.42017
-3.79142 0.421875

-3.79688 0.422769
-3.79155 0.421875

-2.48438 0.240678
-2.46875 0.238891

-2.46875 0.238882
-2.45312 0.237535

-2.45312 0.237535
-2.4375 0.236646

-2.4375 0.236652
-2.42188 0.236209

-2.42188 0.236219
-2.40625 0.23619

-2.40625 0.236201
-2.39062 0.236546

-2.39062 0.236556
-2.375 0.237235

-2.375 0.237244
-2.35938 0.238221

-2.35938 0.238229
-2.34375 0.239469

-2.34375 0.239477
-2.32812 0.240948

-2.32812 0.240955
-2.3125 0.242628

-2.3125 0.242634
-2.29688 0.244484

-2.29688 0.244487
-2.28125 0.246498

-2.28125 0.246498
-2.26562 0.248665

-2.26562 0.248368
-2.25423 0.25

-2.25958 0.25
-2.25 0.251373

-2.25 0.250916
-2.23438 0.253202

-2.23438 0.253195
-2.21875 0.255602

-2.21875 0.255605
-2.20312 0.25814

-2.20312 0.258136
-2.1875 0.260799

-2.1875 0.260788
-2.17188 0.263608

-2.17188 0.263484
-2.1606 0.265625

-2.16273 0.265625
-2.15625 0.266855

-2.15625 0.266604
-2.14062 0.269659

-2.14062 0.269664
-2.125 0.27277

-2.125 0.272795
-2.10938 0.275892

-0.046875 -0.314718
-0.0601101 -0.3125

-0.046875 -0.31476
-0.03125 -0.317673

-0.03125 -0.317746
-0.015625 -0.320756

-0.015625 -0.320807
0 -0.323663

-0.0625 -0.312225
-0.0608584 -0.3125

2.0625 -0.25405
2.05031 -0.25

2.0625 -0.254174
2.07812 -0.25957

2.07812 -0.259595
2.09375 -0.26493

2.10938 -0.270286
2.09615 -0.265625

2.09375 -0.26484
2.09598 -0.265625

2.10938 -0.270426
2.125 -0.276123

2.14062 -0.281343
2.14037 -0.28125

2.14062 -0.281661
2.15625 -0.287502

2.125 -0.276134
2.13914 -0.28125

2.15625 -0.28766
2.17188 -0.293577

2.1875 -0.299186
2.18139 -0.296875

0 -0.323674
0.015625 -0.326251

2.17188 -0.293593
2.18055 -0.296875

-3.78125 0.420151
-3.76562 0.417401

0.015625 -0.32628
0.0280681 -0.328125

-2.10938 0.275907
-2.09375 0.278916

-3.76562 0.417382
-3.75 0.414562

-2.09375 0.278908
-2.081 0.28125

0.03125 -0.32837
0.046875 -0.330822

2.23438 -0.317443
2.22163 -0.3125

2.23438 -0.317634
2.25 -0.323769

0.046875 -0.330868
0.0625 -0.333721

2.1875 -0.299398
2.20312 -0.305484

-2.08147 0.28125
-2.07812 0.281865

0.0625 -0.333795
0.078125 -0.336811

0.078125 -0.336893
0.09375 -0.339762

2.20312 -0.305587
2.21875 -0.311586

2.21875 -0.311529
2.22125 -0.3125

-3.75 0.414539
-3.73438 0.411732

2.01562 -0.238796
2.00133 -0.234375

2 -0.233953
2.00136 -0.234375

2.01562 -0.2389
2.03125 -0.243955

2.03125 -0.243979
2.04688 -0.249

2.04688 -0.248929
2.0501 -0.25

-3.73438 0.411723
-3.71875 0.408995

-3.6875 0.403859
-3.70246 0.40625

-2.07812 0.281799
-2.0625 0.284502

0.09375 -0.339813
0.109375 -0.342266

-2.0625 0.284489
-2.04688 0.287044

-2.04688 0.287037
-2.03125 0.289482

-3.71875 0.408989
-3.70312 0.406367

2.26562 -0.329302
2.26255 -0.328125

0.109375 -0.342346
0.120828 -0.34375

2.25 -0.323847
2.26119 -0.328125

2.26562 -0.329628
2.28125 -0.335675

0.125 -0.344015
0.140625 -0.345729

-3.70312 0.406468
-3.70176 0.40625

2.3125 -0.347231
2.30308 -0.34375

-3.6875 0.403889
-3.67188 0.401483

2.28125 -0.335851
2.29688 -0.341757

-3.67188 0.401484
-3.65625 0.399119

-3.65625 0.399117
-3.64062 0.396796

-3.64062 0.396785
-3.625 0.394532

-3.625 0.394517
-3.60938 0.39238

-3.59375 0.390382
-3.59566 0.390625

-3.60938 0.392381
-3.5956 0.390625

-3.59375 0.390385
-3.57812 0.388547

-3.57812 0.38855
-3.5625 0.386865

-3.5625 0.386864
-3.54688 0.385329

-3.54688 0.38532
-3.53125 0.383954

-3.53125 0.38392
-3.5 0.381699

0.140625 -0.345753
0.15625 -0.347572

-3.5 0.381754
-3.48438 0.38089

-3.48438 0.380895
-3.46875 0.380157

-3.46875 0.380157
-3.45312 0.379531

-3.45312 0.379546
-3.4375 0.379002

-3.4375 0.37899
-3.42188 0.378522

2.29688 -0.34178
2.30221 -0.34375

-2.03125 0.289477
-2.01562 0.291836

0.15625 -0.347591
0.171875 -0.349428

-3.42188 0.378532
-3.40625 0.378143

0.171875 -0.34945
0.1875 -0.351223

-3.40625 0.378145
-3.39062 0.377814

-3.39062 0.377818
-3.375 0.377534

-2.01562 0.291836
-2 0.294118

0.1875 -0.351243
0.203125 -0.35287

0.203125 -0.352889
0.21875 -0.354292

0.21875 -0.354303
0.234375 -0.355421

0.234375 -0.355427
0.25 -0.356229

-2 0.294168
-1.96875 0.29838

-1.96875 0.298389
-1.9375 0.302089

-1.9375 0.30206
-1.92188 0.303708

-1.92188 0.303698
-1.90625 0.305225

-1.90625 0.305219
-1.89062 0.306656

0.25 -0.356231
0.265625 -0.356701

-3.375 0.377537
-3.35938 0.377285

2.3125 -0.347446
2.32812 -0.353248

-3.35938 0.377275
-3.34375 0.37707

-1.89062 0.306659
-1.875 0.308016

0.265625 -0.3567
0.28125 -0.356837

-1.875 0.308016
-1.85938 0.30929

-1.85938 0.309301
-1.84375 0.31047

2.32812 -0.353364
2.34375 -0.358769

-1.84375 0.310511
-1.82812 0.311469

0.28125 -0.356835
0.296875 -0.356642

-3.34375 0.37708
-3.32812 0.376921

2.35938 -0.363737
2.3463 -0.359375

-3.32812 0.376919
-3.3125 0.37679

2.34375 -0.358707
2.34575 -0.359375

0.296875 -0.356642
0.3125 -0.356125

-1.82812 0.311487
-1.8125 0.312114

0.3125 -0.356127
0.328125 -0.355285

-3.3125 0.376807
-3.29688 0.376677

-1.8125 0.31206
-1.79372 0.3125

-1.79029 0.3125
-1.78125 0.312647

0.328125 -0.35529
0.34375 -0.354113

-1.78125 0.312643
-1.76562 0.312859

-1.76562 0.312856
-1.75 0.313077

2.35938 -0.363926
2.375 -0.369061

0.34375 -0.354119
0.359375 -0.352586

0.359375 -0.352593
0.375 -0.350678

-1.75 0.313081
-1.73438 0.313306

-1.73438 0.313313
-1.71875 0.313518

-3.29688 0.376677
-3.28125 0.376511

0.375 -0.350692
0.390625 -0.348354

-3.28125 0.376509
-3.26562 0.376308

2.40625 -0.377531
2.39663 -0.375

0.390625 -0.348368
0.40625 -0.34555

2.40625 -0.377681
2.42188 -0.381608

-1.71875 0.313523
-1.70312 0.313685

-3.26562 0.376303
-3.25 0.37608

0.40625 -0.34559
0.415489 -0.34375

2.42188 -0.381729
2.4375 -0.38512

-1.70312 0.313687
-1.6875 0.313793

2.4375 -0.385141
2.45312 -0.387712

-3.1875 0.374852
-3.19423 0.375

2.45312 -0.387683
2.46875 -0.389448

-3.1875 0.37489
-3.17188 0.374488

0.413903 -0.34375
0.421875 -0.342162

2.46875 -0.389427
2.48438 -0.390488

-1.6875 0.313796
-1.67188 0.313835

2.5 -0.390895
2.48936 -0.390625

0.421875 -0.342304
0.4375 -0.339165

-3.17188 0.374486
-3.15625 0.373931

0.4375 -0.339247
0.453125 -0.335976

-3.15625 0.373929
-3.14062 0.373226

-1.67188 0.313834
-1.65625 0.313803

-3.14062 0.373232
-3.125 0.372373

-1.65625 0.313798
-1.64062 0.313709

0.453125 -0.336022
0.46875 -0.33236

2.48438 -0.390473
2.49038 -0.390625

-3.25 0.376089
-3.23438 0.375837

2.375 -0.369158
2.39062 -0.373695

0.46875 -0.332405
0.484375 -0.328243

-1.64062 0.313731
-1.625 0.313549

0.482279 -0.328125
0.484375 -0.327566

-3.23438 0.375843
-3.21875 0.375531

-1.5625 0.311466
-1.58924 0.3125

2.39062 -0.373684
2.39563 -0.375

0.484375 -0.328009
0.5 -0.323722

-1.625 0.313562
-1.60938 0.313214

-1.60938 0.313197
-1.59375 0.312688

-1.59375 0.312667
-1.58931 0.3125

-1.5625 0.311517
-1.54688 0.310801

-3.21875 0.375507
-3.20312 0.37517

-3.20312 0.375169
-3.19498 0.375

-1.54688 0.310793
-1.53125 0.309877

-3.125 0.372429
-3.09375 0.370155

0.5 -0.323831
0.515625 -0.319593

-3.09375 0.370098
-3.07812 0.368682

2.5 -0.390977
2.51184 -0.390625

0.515625 -0.319675
0.53125 -0.315107

2.5129 -0.390625
2.51562 -0.390544

0.53125 -0.315165
0.53989 -0.3125

2.51562 -0.390636
2.51574 -0.390625

2.51562 -0.390543
2.53125 -0.388975

-3.07812 0.368681
-3.0625 0.367104

-3.0625 0.367111
-3.04688 0.365359

-3.04688 0.365353
-3.03125 0.363421

-3.03125 0.363429
-3.01562 0.36131

-3 0.359034
-3.0023 0.359375

-3.01562 0.361301
-3.00265 0.359375

0.538681 -0.3125
0.546875 -0.309973

0.546875 -0.310137
0.5625 -0.305369

-1.53125 0.30988
-1.51562 0.308775

-1.51562 0.308784
-1.5 0.307463

2.53125 -0.38893
2.54688 -0.386301

2.54688 -0.386294
2.5625 -0.382708

2.5625 -0.382791
2.57812 -0.378097

2.57812 -0.378525
2.58711 -0.375

0.5625 -0.305481
0.578125 -0.300596

2.58528 -0.375
2.59375 -0.371677

-3 0.358996
-2.98438 0.356463

-1.28125 0.241886
-1.29655 0.25

-2.98438 0.356458
-2.96875 0.35371

-1.26562 0.232984
-1.26806 0.234375

-1.28125 0.241833
-1.26818 0.234375

2.59375 -0.371901
2.60938 -0.364455

0.578125 -0.300668
0.589744 -0.296875

2.60938 -0.36506
2.61935 -0.359375

-1.26562 0.232948
-1.25 0.223446

-2.96875 0.35369
-2.95312 0.35078

-1.5 0.307483
-1.48438 0.305888

0.58838 -0.296875
0.59375 -0.295122

-2.95312 0.350769
-2.9375 0.347762

0.59375 -0.295353
0.609375 -0.290322

-1.48438 0.3059
-1.46875 0.303968

-1.46875 0.303981
-1.45312 0.301662

0.609375 -0.290435
0.625 -0.285408

0.625 -0.285468
0.637746 -0.28125

0.636439 -0.28125
0.640625 -0.279865

0.640625 -0.280107
0.65625 -0.275052

0.65625 -0.275155
0.671875 -0.270195

0.671875 -0.270236
0.686152 -0.265625

0.68488 -0.265625
0.6875 -0.264779

-2.90625 0.341629
-2.91654 0.34375

-2.9375 0.347764
-2.92188 0.34468

-2.92188 0.344298
-2.91921 0.34375

-1.45312 0.301675
-1.4375 0.29892

-1.42188 0.295725
-1.42742 0.296875

0.6875 -0.265033
0.703125 -0.260133

0.703125 -0.260225
0.71875 -0.255495

0.71875 -0.255536
0.734375 -0.250708

0.734375 -0.250604
0.736367 -0.25

-2.90625 0.341489
-2.89062 0.33807

0.736247 -0.25
0.75 -0.245832

-2.89062 0.338061
-2.875 0.334461

-1.4375 0.298914
-1.42768 0.296875

-2.875 0.334437
-2.85938 0.330721

-2.84375 0.327242
-2.84739 0.328125

0.75 -0.24591
0.765625 -0.241393

2.61771 -0.359375
2.625 -0.355222

-1.42188 0.2957
-1.40625 0.291923

0.765625 -0.241447
0.78125 -0.236893

-2.85938 0.330598
-2.84918 0.328125

-1.40625 0.291917
-1.39062 0.2876

-2.84375 0.326952
-2.82812 0.323047

-1.39062 0.287595
-1.375 0.282758

-2.82812 0.323027
-2.8125 0.319012

2.625 -0.355689
2.64062 -0.345036

-2.78125 0.311307
-2.78584 0.3125

2.64062 -0.345271
2.6427 -0.34375

-2.78125 0.310945
-2.76562 0.306758

0.78125 -0.236896
0.78996 -0.234375

-1.35938 0.2774
-1.37054 0.28125

-1.35938 0.277388
-1.34375 0.271405

-1.375 0.282751
-1.37065 0.28125

2.6422 -0.34375
2.65625 -0.332767

-1.32812 0.26488
-1.32991 0.265625

0.789287 -0.234375
0.796875 -0.232179

-2.76562 0.306712
-2.75 0.302426

0.796875 -0.232276
0.8125 -0.227976

-1.34375 0.27138
-1.32998 0.265625

-2.8125 0.318988
-2.79688 0.314951

0.8125 -0.228036
0.828125 -0.223854

-2.79688 0.314742
-2.78825 0.3125

0.828125 -0.223874
0.84375 -0.219649

-1.32812 0.26488
-1.3125 0.257801

2.65625 -0.333184
2.66224 -0.328125

0.84375 -0.219585
0.846937 -0.21875

-1.3125 0.257953
-1.29694 0.25

2.66125 -0.328125
2.67188 -0.318808

0.846732 -0.21875
0.859375 -0.215437

2.67188 -0.319375
2.67916 -0.3125

2.67831 -0.3125
2.6875 -0.303468

2.6875 -0.304135
2.69457 -0.296875

2.69406 -0.296875
2.70312 -0.287139

0.859375 -0.215492
0.875 -0.211652

-1.1875 0.179781
-1.19775 0.1875

-1.23438 0.213406
-1.24263 0.21875

-1.21875 0.202676
-1.21941 0.203125

-1.23438 0.213292
-1.21947 0.203125

-1.25 0.223342
-1.2429 0.21875

-1.21875 0.20266
-1.20312 0.191468

-1.20312 0.191237
-1.19801 0.1875

-1.15625 0.154757
-1.15807 0.15625

-1.17188 0.167518
-1.17746 0.171875

-1.1875 0.179601
-1.17762 0.171875

-1.17188 0.167388
-1.15818 0.15625

-1.15625 0.154689
-1.14062 0.14157

0.875 -0.211687
0.890625 -0.207943

0.890625 -0.207953
0.90625 -0.204213

-2.53125 0.248081
-2.54201 0.25

-2.53125 0.247991
-2.51562 0.245376

-2.51562 0.245345
-2.5 0.242895

-1.125 0.128051
-1.1395 0.140625

-1.14062 0.141255
-1.13989 0.140625

0.90625 -0.204169
0.910804 -0.203125

0.910543 -0.203125
0.921875 -0.200527

0.921875 -0.200574
0.9375 -0.197263

0.9375 -0.197296
0.953125 -0.194129

-2.75 0.302384
-2.73438 0.298172

-2.71875 0.294343
-2.72828 0.296875

-2.73438 0.297464
-2.73216 0.296875

-1.10938 0.114116
-1.12156 0.125

-1.09375 0.0998797
-1.10423 0.109375

-1.10938 0.113815
-1.10447 0.109375

0.953125 -0.19414
0.96875 -0.191027

0.96875 -0.191027
0.984375 -0.187946

-2.71875 0.294085
-2.70312 0.289864

-2.70312 0.289814
-2.6875 0.285589

-2.65625 0.277498
-2.67063 0.28125

-2.6875 0.285568
-2.67188 0.281479

-2.65625 0.277463
-2.64062 0.273278

-2.64062 0.273213
-2.625 0.269093

-1.07812 0.0852725
-1.08726 0.09375

-1.0625 0.0704956
-1.0706 0.078125

0.984375 -0.187876
0.986395 -0.1875

0.986392 -0.1875
1 -0.184967

2.70312 -0.287738
2.70898 -0.28125

2.70855 -0.28125
2.71875 -0.269577

2.71875 -0.270176
2.72265 -0.265625

2.72226 -0.265625
2.73438 -0.251325

2.73438 -0.251544
2.73566 -0.25

1 -0.185005
1.01562 -0.182333

1.01562 -0.182358
1.03125 -0.179795

-1.07812 0.0849984
-1.07079 0.078125

-1.09375 0.0995546
-1.08747 0.09375

-1.04688 0.0556139
-1.05414 0.0625

-1.03125 0.0407312
-1.03773 0.046875

-1.04688 0.0554093
-1.03786 0.046875

-1.01562 0.025911
-1.02128 0.03125

-1 0.0112278
-1.00471 0.015625

-1.01562 0.0257086
-1.00479 0.015625

-1.03125 0.0405317
-1.02139 0.03125

-1.0625 0.0702603
-1.05429 0.0625

1.03125 -0.179802
1.04688 -0.177283

1.04688 -0.177285
1.0625 -0.174793

2.73413 -0.25
2.73438 -0.249697

2.73545 -0.25
2.74853 -0.234375

2.74702 -0.234375
2.75 -0.230781

1.0625 -0.174791
1.07812 -0.172326

1.07812 -0.172286
1.08089 -0.171875

2.75 -0.23289
2.76191 -0.21875

2.7606 -0.21875
2.76562 -0.212828

-1.125 0.127743
-1.1219 0.125

1.08075 -0.171875
1.09375 -0.169944

1.09375 -0.169975
1.10938 -0.167857

1.10938 -0.167879
1.125 -0.165866

-0.984375 -0.00328401
-0.98794 0

2.76562 -0.214668
2.77548 -0.203125

-0.96875 -0.0175515
-0.970881 -0.015625

-0.984375 -0.00340906
-0.970972 -0.015625

1.125 -0.165876
1.14062 -0.163904

1.14062 -0.163903
1.15625 -0.161952

-2.60938 0.265352
-2.61047 0.265625

-0.953125 -0.0316098
-0.953534 -0.03125

-2.625 0.269055
-2.61119 0.265625

-0.953125 -0.0315677
-0.9375 -0.0451512

1.15625 -0.161948
1.17188 -0.160027

-0.96875 -0.0176625
-0.9535 -0.03125

-2.60938 0.265298
-2.59375 0.261486

2.7744 -0.203125
2.78125 -0.195469

-2.59375 0.261431
-2.57812 0.257584

2.78125 -0.196785
2.78967 -0.1875

-2.57812 0.257508
-2.5625 0.253884

2.78904 -0.1875
2.79688 -0.179182

1.17188 -0.160019
1.1875 -0.158151

2.79688 -0.179819
2.80451 -0.171875

1.1875 -0.158138
1.20312 -0.156365

-0.90625 -0.0710981
-0.916742 -0.0625

1.20312 -0.156315
1.20377 -0.15625

-0.875 -0.0953087
-0.877122 -0.09375

-2.5625 0.253846
-2.54688 0.250673

1.20385 -0.15625
1.21875 -0.154758

-2.54688 0.250236
-2.54555 0.25

1.21875 -0.15478
1.23438 -0.153465

-0.890625 -0.0833618
-0.8974 -0.078125

2.80389 -0.171875
2.8125 -0.163259

-0.90625 -0.071472
-0.897796 -0.078125

2.8125 -0.163943
2.82044 -0.15625

2.81977 -0.15625
2.82812 -0.148339

-0.890625 -0.0836805
-0.877242 -0.09375

-0.921875 -0.0583554
-0.93542 -0.046875

1.23438 -0.153481
1.25 -0.152341

2.82812 -0.148848
2.83705 -0.140625

2.83627 -0.140625
2.84375 -0.133906

-0.9375 -0.0456035
-0.936017 -0.046875

-0.921875 -0.0587734
-0.917337 -0.0625

2.84375 -0.134311
2.85454 -0.125

-0.828125 -0.127687
-0.832243 -0.125

-0.828125 -0.127815
-0.8125 -0.137506

2.85405 -0.125
2.85938 -0.120514

2.85938 -0.120768
2.87314 -0.109375

-0.796875 -0.14654
-0.806805 -0.140625

-0.8125 -0.138055
-0.808186 -0.140625

1.25 -0.152349
1.26562 -0.151334

1.26562 -0.151337
1.28125 -0.150422

1.28125 -0.150425
1.29688 -0.149599

-0.796875 -0.146927
-0.78125 -0.155625

-0.765625 -0.163624
-0.7796 -0.15625

1.29688 -0.149598
1.3125 -0.148857

1.3125 -0.148858
1.32812 -0.148202

1.32812 -0.148199
1.34375 -0.147631

1.34375 -0.147628
1.35938 -0.147157

1.35938 -0.147156
1.375 -0.14679

1.375 -0.146788
1.39062 -0.146533

2.8728 -0.109375
2.875 -0.107594

1.39062 -0.146532
1.40625 -0.146392

-0.765625 -0.163883
-0.75 -0.171646

-0.875 -0.0953444
-0.859375 -0.106603

-0.84375 -0.117321
-0.855143 -0.109375

-0.859375 -0.107246
-0.856272 -0.109375

-0.84375 -0.117703
-0.83268 -0.125

1.40625 -0.14639
1.42188 -0.146371

1.42188 -0.14637
1.4375 -0.146477

1.4375 -0.146477
1.45312 -0.146712

1.45312 -0.146712
1.46875 -0.147076

1.46875 -0.147077
1.48438 -0.147569

2.875 -0.107685
2.89062 -0.0955036

2.89062 -0.0956422
2.89323 -0.09375

1.48438 -0.14757
1.5 -0.14819

2.89318 -0.09375
2.90625 -0.0841831

2.90625 -0.0843846
2.91516 -0.078125

-0.703125 -0.19174
-0.713575 -0.1875

-0.703125 -0.19199
-0.6875 -0.198018

-0.734375 -0.178699
-0.749021 -0.171875

2.91456 -0.078125
2.92188 -0.0730229

2.92188 -0.073157
2.9375 -0.0627692

-0.734375 -0.178893
-0.71875 -0.185755

-0.71875 -0.186259
-0.715691 -0.1875

1.5 -0.14819
1.51562 -0.148935

2.9375 -0.0628951
2.93814 -0.0625

-0.671875 -0.203502
-0.672949 -0.203125

-0.6875 -0.198117
-0.673245 -0.203125

2.93815 -0.0625
2.95312 -0.0529667

2.95312 -0.0529959
2.96294 -0.046875

-0.671875 -0.203421
-0.65625 -0.208544

-0.65625 -0.20863
-0.640625 -0.213572

-0.640625 -0.213633
-0.625 -0.218099

-0.609375 -0.222016
-0.621662 -0.21875

2.9627 -0.046875
2.96875 -0.0431019

-0.609375 -0.222116
-0.59375 -0.226232

1.51562 -0.148935
1.53125 -0.149803

-0.59375 -0.226304
-0.578125 -0.230228

2.96875 -0.0431652
2.98438 -0.033741

1.53125 -0.149804
1.54688 -0.15079

-0.578125 -0.23025
-0.5625 -0.233794

2.98438 -0.0336958
2.98861 -0.03125

1.54688 -0.150792
1.5625 -0.151893

2.98869 -0.03125
3 -0.0247189

-0.546875 -0.236939
-0.558807 -0.234375

-0.546875 -0.237026
-0.53125 -0.240446

-0.53125 -0.240507
-0.515625 -0.243879

-0.515625 -0.24392
-0.5 -0.247042

1.5625 -0.151894
1.57812 -0.153106

1.57812 -0.153105
1.59375 -0.154428

1.625 -0.157448
1.61342 -0.15625

1.59375 -0.154426
1.60938 -0.155863

1.60938 -0.155837
1.61337 -0.15625

-1 0.0110561
-0.988021 0

1.625 -0.157468
1.64062 -0.159287

1.64062 -0.159303
1.65625 -0.161259

1.65625 -0.161266
1.67188 -0.163315

1.67188 -0.163317
1.6875 -0.165439

1.6875 -0.16544
1.70312 -0.167631

1.70312 -0.16763
1.71875 -0.169889

-0.46875 -0.25239
-0.482667 -0.25

1.73438 -0.172165
1.73247 -0.171875

3 -0.0247356
3.01562 -0.0160693

-0.46875 -0.252419
-0.453125 -0.255185

3.01562 -0.0160787
3.01647 -0.015625

1.71875 -0.169873
1.73186 -0.171875

1.73438 -0.172225
1.75 -0.174838

-0.453125 -0.255232
-0.4375 -0.257962

-0.4375 -0.257997
-0.421875 -0.260525

-0.421875 -0.260532
-0.40625 -0.262773

1.75 -0.174876
1.76562 -0.177679

3.01644 -0.015625
3.03125 -0.00771118

-0.40625 -0.262757
-0.390625 -0.264729

1.76562 -0.177695
1.78125 -0.180583

-0.375 -0.266404
-0.381529 -0.265625

3.03125 -0.00767951
3.04635 0

1.78125 -0.180585
1.79688 -0.183521

-0.390625 -0.26478
-0.383539 -0.265625

1.79688 -0.183516
1.8125 -0.186507

1.82812 -0.189614
1.81776 -0.1875

-0.375 -0.266487
-0.359375 -0.268455

-0.359375 -0.268478
-0.34375 -0.270586

-0.34375 -0.270614
-0.328125 -0.272759

3.04651 0
3.0625 0.00783688

1.82812 -0.189668
1.84375 -0.193106

1.84375 -0.193141
1.85938 -0.196678

3.0625 0.00763228
3.07812 0.014564

3.07812 0.0145787
3.08058 0.015625

3.08067 0.015625
3.09375 0.0211908

1.85938 -0.196684
1.875 -0.20024

1.8125 -0.18647
1.81755 -0.1875

-0.328125 -0.272777
-0.3125 -0.274868

-0.3125 -0.274874
-0.296875 -0.276862

3.09375 0.0212251
3.10938 0.0275737

3.10938 0.0276249
3.11876 0.03125

3.11926 0.03125
3.125 0.0334669

-0.296875 -0.276857
-0.28125 -0.27874

3.125 0.0335324
3.14062 0.0394196

3.14062 0.0394414
3.15625 0.0452452

3.15625 0.0452957
3.16056 0.046875

3.16084 0.046875
3.17188 0.0509145

3.17188 0.0509713
3.1875 0.0565919

-0.25 -0.282343
-0.258916 -0.28125

-0.28125 -0.278725
-0.265625 -0.280545

-0.265625 -0.280561
-0.260004 -0.28125

3.1875 0.0566528
3.20312 0.0619964

3.20312 0.0621337
3.20427 0.0625

-0.5 -0.24704
-0.484375 -0.249832

3.20486 0.0625
3.21875 0.06696

-0.25 -0.282381
-0.234375 -0.28455

-0.234375 -0.284587
-0.21875 -0.286965

-0.21875 -0.287001
-0.203125 -0.289444

3.21875 0.0669598
3.23438 0.0717594

3.23438 0.0717817
3.25 0.076354

-0.203125 -0.289464
-0.1875 -0.291861

-0.1875 -0.291865
-0.171875 -0.294167

-0.171875 -0.294154
-0.15625 -0.296379

-0.140625 -0.298614
-0.152164 -0.296875

-0.15625 -0.296378
-0.152955 -0.296875

-0.140625 -0.298649
-0.125 -0.301304

3.25 0.0763893
3.25624 0.078125

3.25659 0.078125
3.26562 0.0806364

3.26562 0.0806715
3.28125 0.0848393

3.28125 0.0848671
3.29688 0.0888125

3.29688 0.0888313
3.3125 0.0924609

3.3125 0.0925134
3.31842 0.09375

3.31889 0.09375
3.32812 0.0957222

3.32812 0.0957617
3.34375 0.0988718

3.34375 0.0988246
3.35938 0.101814

3.35938 0.101847
3.375 0.104744

3.375 0.104745
3.39062 0.10748

3.39062 0.107482
3.40209 0.109375

3.40224 0.109375
3.40625 0.110037

3.40625 0.110052
3.42188 0.112486

3.42188 0.112505
3.4375 0.114762

3.4375 0.114787
3.45312 0.116777

3.45312 0.116782
3.46875 0.118445

3.46875 0.118431
3.48438 0.119786

3.48438 0.119782
3.5 0.120863

3.99289 -0.5
4 -0.492889

3.9375 -0.250713
3.93699 -0.25

3.96875 -0.281808
3.96793 -0.28125

3.95312 -0.26964
3.9492 -0.265625

3.9375 -0.251657
3.94894 -0.265625

3.95312 -0.270288
3.96651 -0.28125

3.96875 -0.282724
3.98438 -0.290491

3.98438 -0.29073
4 -0.293478

3.875 -0.118426
3.8713 -0.109375

3.87125 -0.109375
3.86477 -0.09375

3.85938 -0.080784
3.85827 -0.078125

3.85832 -0.078125
3.85166 -0.0625

3.85938 -0.0807583
3.86479 -0.09375

3.84375 -0.0448289
3.83692 -0.03125

3.82812 -0.0159098
3.82796 -0.015625

3.82809 -0.015625
3.81782 0

3.82812 -0.0157999
3.83697 -0.03125

3.85174 -0.0625
3.84467 -0.046875

3.84375 -0.0450081
3.84469 -0.046875

3.90625 -0.19258
3.90395 -0.1875

3.92188 -0.224802
3.91856 -0.21875

3.93672 -0.25
3.9267 -0.234375

3.92188 -0.225677
3.92664 -0.234375

3.91841 -0.21875
3.91078 -0.203125

3.90625 -0.193242
3.91073 -0.203125

3.89062 -0.156758
3.89041 -0.15625

3.90385 -0.1875
3.897 -0.171875

3.89062 -0.15708
3.89691 -0.171875

3.89036 -0.15625
3.88395 -0.140625

3.88395 -0.140625
3.87761 -0.125

3.875 -0.118528
3.87766 -0.125

3.5 0.120897
3.51562 0.121643

3.51562 0.121651
3.53125 0.121978

3.53125 0.121978
3.54688 0.121872

3.54688 0.121872
3.5625 0.121335

3.5625 0.121337
3.57812 0.120363

3.57812 0.120369
3.59375 0.118941

3.59375 0.11895
3.60938 0.117036

3.60938 0.117048
3.625 0.114607

3.625 0.11463
3.64062 0.111592

3.65625 0.107891
3.65001 0.109375

3.64062 0.111613
3.65003 0.109375

3.65625 0.107908
3.67188 0.10345

3.67188 0.103465
3.6875 0.0982108

3.70312 0.0921426
3.69901 0.09375

3.70312 0.0921844
3.71875 0.0850807

3.6875 0.0982132
3.69893 0.09375

3.73438 0.0768302
3.73195 0.078125

3.71875 0.0851342
3.73185 0.078125

3.73438 0.0768255
3.75 0.0670006

3.76562 0.0555961
3.75621 0.0625

3.78125 0.042133
3.77599 0.046875

3.76562 0.0556563
3.77606 0.046875

3.79688 0.0259334
3.79208 0.03125

3.8125 0.00692724
3.80578 0.015625

3.79688 0.0256147
3.80549 0.015625

3.78125 0.0421356
3.79204 0.03125

3.75 0.0669462
3.75629 0.0625

3.8125 0.00745512
3.81807 0

