-4 -0.00762321
-3.5931 0

-3.54796 0
-3.5 0.000898539

1.5 -0.127353
1.51562 -0.128548

1.51562 -0.128548
1.53125 -0.129739

1.53125 -0.129739
1.54688 -0.130926

1.54688 -0.130926
1.5625 -0.132108

-3.5 -0.00468305
-3.42289 0

1.5625 -0.132109
1.57812 -0.133285

1.57812 -0.133285
1.59375 -0.134455

1.59375 -0.134455
1.60938 -0.13562

1.60938 -0.13562
1.625 -0.13678

-3.39473 0
-3.25 0.00878985

-3.23891 0
-3.125 0.0203987

-3.125 0.0235192
-3.0625 0.0480025

-3.0625 0.0490047
-3.03373 0.0625

-3.03381 0.0625
-3.03125 0.0636995

-3.03125 0.0638741
-3 0.0785273

1.625 -0.13678
1.64062 -0.137936

1.64062 -0.137936
1.65625 -0.139088

1.65625 -0.139088
1.67188 -0.140236

1.6875 -0.141385
1.67711 -0.140625

1.67188 -0.140226
1.67733 -0.140625

1.6875 -0.14138
1.70312 -0.142518

1.70312 -0.142518
1.71875 -0.14365

1.71875 -0.14365
1.73438 -0.144776

1.73438 -0.144776
1.75 -0.145897

1.75 -0.145898
1.76562 -0.147011

1.76562 -0.147011
1.78125 -0.148114

1.78125 -0.148115
1.79688 -0.149206

1.79688 -0.149206
1.8125 -0.150285

1.8125 -0.150285
1.82812 -0.151352

1.82812 -0.151353
1.84375 -0.152406

1.84375 -0.152406
1.85938 -0.153448

1.85938 -0.153447
1.875 -0.15448

1.90625 -0.156474
1.90279 -0.15625

1.875 -0.154481
1.89062 -0.155502

1.89062 -0.155513
1.90204 -0.15625

1.90625 -0.156511
1.92188 -0.157509

1.92188 -0.15751
1.9375 -0.158494

1.9375 -0.158495
1.95312 -0.159461

1.95312 -0.159461
1.96875 -0.160407

1.96875 -0.160407
1.98438 -0.161335

1.98438 -0.161336
2 -0.162243

-3 0.0785538
-2.98438 0.0857015

-2.98438 0.0856581
-2.96875 0.0924761

-2.9713 0.09375
-2.96875 0.0948798

-2.96875 0.0882836
-2.95538 0.09375

0 -0.00363202
0.015625 -0.00495977

-0.84375 -0.238785
-0.848175 -0.234375

-2.96875 0.0949064
-2.95312 0.101297

-0.845399 -0.234375
-0.84375 -0.232727

-0.84375 -0.236011
-0.842114 -0.234375

-0.84375 -0.229951
-0.839341 -0.234375

-2.95312 0.0989559
-2.9375 0.104925

-2.9375 0.10479
-2.92465 0.109375

-2.92618 0.109375
-2.92188 0.110911

-2.92188 0.110486
-2.90625 0.115691

0.015625 -0.00495996
0.03125 -0.00628701

0.03125 -0.00628718
0.046875 -0.00761277

-1 0.0800517
-0.984375 0.0787449

-0.96875 0.0773925
-0.97751 0.078125

-0.984375 0.078795
-0.976362 0.078125

-0.96875 0.0774378
-0.953125 0.0761327

-0.953125 0.0761325
-0.9375 0.0748302

-0.9375 0.0748301
-0.921875 0.073531

-0.921875 0.0735309
-0.90625 0.0722353

-0.90625 0.0722353
-0.890625 0.070943

-0.890625 0.070943
-0.875 0.0696543

-0.875 0.0696543
-0.859375 0.0683691

-0.859375 0.0683691
-0.84375 0.0670874

-0.84375 0.0670876
-0.828125 0.065809

-0.828125 0.0658092
-0.8125 0.064533

-0.78125 0.0619259
-0.788287 0.0625

0.046875 -0.00761302
0.0625 -0.00893632

-0.78125 0.0619835
-0.765625 0.0607092

-2.90625 0.115684
-2.89062 0.12054

-2.89062 0.120524
-2.87519 0.125

-2.87613 0.125
-2.875 0.125327

-0.765625 0.0607091
-0.75 0.0594359

-2.875 0.124089
-2.87163 0.125

-0.8125 0.0645333
-0.796875 0.0632583

-0.796875 0.0632989
-0.787082 0.0625

-2.875 0.125158
-2.85938 0.129386

-2.85938 0.129284
-2.84375 0.133228

-2.84375 0.133224
-2.82812 0.136899

-0.75 0.0594358
-0.734375 0.058164

-0.734375 0.058164
-0.71875 0.0568936

-2.82812 0.136732
-2.8125 0.140152

-2.81735 0.140625
-2.8125 0.141686

-0.71875 0.0568937
-0.703125 0.0556247

-2.8125 0.13836
-2.80137 0.140625

-2.8125 0.14112
-2.79688 0.144299

-2.79688 0.139018
-2.78838 0.140625

-2.79688 0.143924
-2.78125 0.14688

-2.78125 0.146441
-2.76562 0.149187

-0.703125 0.0556248
-0.6875 0.0543567

-0.6875 0.0543569
-0.671875 0.0530889

-2.76562 0.149183
-2.75 0.151728

-0.671875 0.0530891
-0.65625 0.0518206

-0.65625 0.0518208
-0.640625 0.0505511

-0.640625 0.0505512
-0.625 0.0492795

-0.625 0.0492797
-0.609375 0.0480053

-0.59375 0.0466086
-0.597007 0.046875

-0.609375 0.0480271
-0.595289 0.046875

-0.59375 0.0467272
-0.578125 0.0454458

-0.578125 0.0454458
-0.5625 0.0441616

-0.5625 0.0441616
-0.546875 0.0428747

-0.546875 0.0428747
-0.53125 0.0415852

-0.53125 0.0415852
-0.515625 0.0402927

-2.75 0.151727
-2.73438 0.154083

-2.73438 0.15396
-2.71875 0.15613

-0.515625 0.0402927
-0.5 0.0389973

-2.72402 0.15625
-2.71875 0.156982

-2.71875 0.154798
-2.70736 0.15625

-2.70312 0.155427
-2.69609 0.15625

-2.71875 0.156779
-2.70312 0.15877

-2.70312 0.158423
-2.6875 0.16025

-2.6875 0.160062
-2.67188 0.161735

-2.67188 0.161732
-2.65625 0.163259

-2.65625 0.163258
-2.64062 0.164648

-2.64062 0.164647
-2.625 0.165906

-2.625 0.165904
-2.60938 0.167039

-2.60938 0.167037
-2.59375 0.168055

-2.59375 0.168053
-2.57812 0.168962

-2.57812 0.168961
-2.5625 0.169767

-2.5625 0.169766
-2.54688 0.170473

-2.54688 0.170472
-2.53125 0.171082

-2.53125 0.171081
-2.51562 0.1716

-2.51562 0.171595
-2.50542 0.171875

-2.50586 0.171875
-2.5 0.172035

-0.03125 -0.0011387
-0.044647 0

-0.03125 -0.000975995
-0.015625 -0.00230393

-0.015625 -0.00230401
0 -0.00363197

-0.5 0.0389974
-0.484375 0.037699

-0.484375 0.037699
-0.46875 0.0363975

-0.46875 0.0363975
-0.453125 0.0350928

-0.453125 0.0350929
-0.4375 0.0337846

-0.40625 0.0310328
-0.408828 0.03125

-0.4375 0.0337847
-0.421875 0.0324723

-0.421875 0.032488
-0.407185 0.03125

-0.40625 0.0311553
-0.390625 0.0298346

-0.390625 0.0298344
-0.375 0.0285108

-0.375 0.0285106
-0.359375 0.027185

-0.359375 0.0271849
-0.34375 0.0258579

-0.34375 0.0258579
-0.328125 0.0245299

-0.328125 0.0245299
-0.3125 0.0232007

-0.3125 0.0232009
-0.296875 0.02187

-0.296875 0.0218702
-0.28125 0.0205366

-2.5 0.172025
-2.48438 0.172368

-2.48438 0.172367
-2.46875 0.172631

-2.46875 0.17263
-2.45312 0.17282

-0.28125 0.0205368
-0.265625 0.0191995

-0.265625 0.0191997
-0.25 0.0178577

2 -0.162244
2.01562 -0.163125

-0.25 0.0178579
-0.234375 0.0165107

-2.45312 0.172818
-2.4375 0.172939

2.01562 -0.163126
2.03125 -0.16398

-2.4375 0.172938
-2.42188 0.172993

-2.42188 0.172993
-2.40625 0.172986

2.03125 -0.163981
2.04688 -0.164807

2.04688 -0.164807
2.0625 -0.165605

2.0625 -0.165606
2.07812 -0.166375

2.07812 -0.166375
2.09375 -0.167113

2.09375 -0.167113
2.10938 -0.16782

2.10938 -0.16782
2.125 -0.168496

-0.21875 0.0150125
-0.225827 0.015625

2.125 -0.168497
2.14062 -0.169142

-2.40625 0.172985
-2.39062 0.172919

2.14062 -0.169142
2.15625 -0.169755

-0.234375 0.0165952
-0.223165 0.015625

2.15625 -0.169755
2.17188 -0.170335

-2.39062 0.172918
-2.375 0.172795

2.17188 -0.170335
2.1875 -0.170882

-0.21875 0.0151578
-0.203125 0.0138017

-2.375 0.172794
-2.35938 0.172617

-2.35938 0.172616
-2.34375 0.172387

-0.203125 0.0138012
-0.1875 0.0124429

-2.34375 0.172386
-2.32812 0.172107

2.1875 -0.170883
2.20312 -0.171396

-2.3125 0.171786
-2.31679 0.171875

-2.32812 0.172103
-2.31716 0.171875

-0.1875 0.0124424
-0.171875 0.0110838

-2.3125 0.17178
-2.29688 0.171411

-2.29688 0.171411
-2.28125 0.170997

-2.28125 0.170997
-2.26562 0.170538

-2.26562 0.170538
-2.25 0.170035

0.0625 -0.00893643
0.078125 -0.0102567

0.078125 -0.0102569
0.09375 -0.0115736

0.09375 -0.0115736
0.109375 -0.0128863

0.109375 -0.0128864
0.125 -0.014195

2.20312 -0.171397
2.21875 -0.171873

0.125 -0.0141946
0.140625 -0.0154996

-2.25 0.170035
-2.23438 0.169488

0.15625 -0.0168823
0.141153 -0.015625

-0.171875 0.0110833
-0.15625 0.00972629

2.23438 -0.172313
2.21889 -0.171875

0.140625 -0.0151642
0.146159 -0.015625

-2.23438 0.169487
-2.21875 0.168901

0.15625 -0.0168012
0.171875 -0.0180981

-0.15625 0.00972588
-0.140625 0.00837221

2.23438 -0.172315
2.25 -0.172722

0.171875 -0.0180982
0.1875 -0.0193907

-2.21875 0.1689
-2.20312 0.168276

0.1875 -0.0193906
0.203125 -0.020679

-0.140625 0.00837193
-0.125 0.00702303

0.203125 -0.0206789
0.21875 -0.0219632

-0.125 0.00702296
-0.109375 0.00567954

-0.109375 0.00567956
-0.09375 0.00434172

-0.09375 0.00434209
-0.078125 0.00300906

-0.078125 0.00300944
-0.0625 0.00167974

-2.20312 0.168275
-2.1875 0.167616

-2.1875 0.167616
-2.17188 0.166925

-2.17188 0.166924
-2.15625 0.166202

-2.15625 0.166202
-2.14062 0.165451

-2.14062 0.16545
-2.125 0.164672

-2.125 0.164671
-2.10938 0.163867

-2.10938 0.163867
-2.09375 0.163037

-2.09375 0.163037
-2.07812 0.162184

-2.07812 0.162184
-2.0625 0.161308

-2.0625 0.161308
-2.04688 0.160408

-2.04688 0.160408
-2.03125 0.159486

-2.03125 0.159486
-2.01562 0.158543

-2.01562 0.158543
-2 0.157578

0.21875 -0.0219631
0.234375 -0.0232436

0.234375 -0.0232434
0.25 -0.0245206

2.25 -0.172723
2.26562 -0.17309

0.25 -0.0245205
0.265625 -0.0257951

2.26562 -0.173091
2.28125 -0.173413

2.28125 -0.173414
2.29688 -0.173687

2.29688 -0.173687
2.3125 -0.173909

0.265625 -0.0257949
0.28125 -0.0270677

-1.96875 0.155593
-1.979 0.15625

-0.0625 0.00168036
-0.046875 0.000352008

-2 0.157578
-1.98438 0.156594

-0.046875 0.000683821
-0.0388297 0

-1.98438 0.156592
-1.97904 0.15625

2.3125 -0.17391
2.32812 -0.174078

-1.96875 0.155592
-1.95312 0.154573

0.3125 -0.0314056
0.310589 -0.03125

-1.95312 0.154573
-1.9375 0.153538

-1.9375 0.153538
-1.92188 0.152487

0.28125 -0.0270675
0.296875 -0.0283395

0.296875 -0.0283297
0.3125 -0.0296017

2.32812 -0.17408
2.34375 -0.174191

2.34375 -0.174192
2.35938 -0.174242

2.35938 -0.174243
2.375 -0.174227

0.3125 -0.0313833
0.328125 -0.0327465

2.375 -0.174227
2.39062 -0.174143

2.39062 -0.174144
2.40625 -0.17399

-1.92188 0.152487
-1.90625 0.151421

2.40625 -0.173991
2.42188 -0.173762

0.328125 -0.0328048
0.34375 -0.0341549

0.3125 -0.0287963
0.328125 -0.0300688

0.328125 -0.0286537
0.34375 -0.029927

0.34375 -0.0336562
0.359375 -0.0349309

0.359375 -0.0339371
0.375 -0.0352134

-1.90625 0.151421
-1.89062 0.15034

2.42188 -0.173764
2.4375 -0.173456

-1.89062 0.15034
-1.875 0.149246

0.34375 -0.0291131
0.359375 -0.0303878

0.359375 -0.0301035
0.373157 -0.03125

-1.875 0.149246
-1.85938 0.148139

-1.85938 0.148139
-1.84375 0.147019

-1.84375 0.147019
-1.82812 0.145889

0.375 -0.0347077
0.390625 -0.0359851

0.390625 -0.0359852
0.40625 -0.0372637

2.4375 -0.173457
2.45312 -0.173064

2.45312 -0.173065
2.46875 -0.172583

2.46875 -0.172585
2.48438 -0.172004

0.40625 -0.0372637
0.421875 -0.0385433

0.421875 -0.0385432
0.4375 -0.039824

-1.82812 0.145888
-1.8125 0.144747

2.48438 -0.172023
2.48774 -0.171875

2.48724 -0.171875
2.5 -0.171315

0.4375 -0.0398239
0.453125 -0.0411063

0.453125 -0.0411063
0.46875 -0.0423909

0.46875 -0.0423908
0.484375 -0.043678

0.484375 -0.043678
0.5 -0.0449679

-1.8125 0.144747
-1.79688 0.143595

-1.79688 0.143595
-1.78125 0.142434

-1.78125 0.142434
-1.76562 0.141264

-1.75 0.140076
-1.75728 0.140625

-1.76562 0.141272
-1.75705 0.140625

-1.75 0.140085
-1.73438 0.138899

-1.73438 0.138899
-1.71875 0.137707

-1.71875 0.137707
-1.70312 0.13651

0.5 -0.0449677
0.515625 -0.0462609

0.53125 -0.0478589
0.51939 -0.046875

0.515625 -0.0459375
0.526926 -0.046875

-1.70312 0.13651
-1.6875 0.135309

-1.6875 0.135308
-1.67188 0.134103

-1.67188 0.134103
-1.65625 0.132895

-1.65625 0.132894
-1.64062 0.131683

-1.64062 0.131683
-1.625 0.13047

0.53125 -0.0478723
0.546875 -0.0492214

-1.54688 0.124344
-1.55522 0.125

-1.54688 0.12436
-1.53125 0.123131

2.5 -0.171318
2.51562 -0.170527

-1.53125 0.123131
-1.51562 0.121902

-1.51562 0.121902
-1.5 0.120673

-1.625 0.13047
-1.60938 0.129255

2.51562 -0.170529
2.53125 -0.169632

2.53125 -0.169633
2.54688 -0.168626

0.53125 -0.0459351
0.542556 -0.046875

0.546875 -0.049272
0.5625 -0.0505741

0.546875 -0.0458345
0.55936 -0.046875

0.5625 -0.050241
0.578125 -0.0515457

2.54688 -0.168627
2.5625 -0.167505

2.5625 -0.167507
2.57812 -0.166264

2.57812 -0.166264
2.59375 -0.164897

2.59375 -0.1649
2.60938 -0.1634

2.60938 -0.163401
2.625 -0.161761

2.625 -0.161762
2.64062 -0.159976

2.64062 -0.159978
2.65625 -0.158041

2.65625 -0.158104
2.67 -0.15625

2.66781 -0.15625
2.67188 -0.155702

2.67188 -0.15594
2.6875 -0.153652

2.6875 -0.153655
2.70312 -0.151181

0.5625 -0.0464116
0.56805 -0.046875

2.70312 -0.151183
2.71875 -0.148513

2.71875 -0.148516
2.73438 -0.145642

0.578125 -0.0514635
0.59375 -0.05277

0.59375 -0.05277
0.609375 -0.0540781

0.609375 -0.0540784
0.625 -0.0553877

2.73438 -0.145647
2.75 -0.142552

-1.60938 0.129255
-1.59375 0.128036

-1.59375 0.128036
-1.57812 0.126814

-1.57812 0.126814
-1.5625 0.125589

2.75 -0.142784
2.76011 -0.140625

2.75765 -0.140625
2.76562 -0.138922

2.76562 -0.139222
2.78125 -0.135633

2.78125 -0.135634
2.79688 -0.131789

2.79688 -0.131796
2.8125 -0.127676

0.625 -0.0553876
0.640625 -0.0566978

0.640625 -0.0566977
0.65625 -0.0580094

-1.5625 0.125607
-1.55477 0.125

0.65625 -0.0580092
0.671875 -0.0593229

0.671875 -0.0593229
0.6875 -0.0606391

0.71875 -0.0633938
0.708182 -0.0625

0.71875 -0.0632912
0.734375 -0.0646145

2.8125 -0.127962
2.82296 -0.125

2.82055 -0.125
2.82812 -0.122857

2.82812 -0.123262
2.84375 -0.118517

2.84375 -0.118523
2.85938 -0.113445

2.85938 -0.113645
2.87162 -0.109375

2.86967 -0.109375
2.875 -0.107519

2.875 -0.10801
2.89062 -0.102169

2.89062 -0.102181
2.90625 -0.0959197

2.90625 -0.0963291
2.91225 -0.09375

2.91083 -0.09375
2.92188 -0.0890019

2.92188 -0.089217
2.9375 -0.0820033

2.9375 -0.0823052
2.94592 -0.078125

2.94476 -0.078125
2.95312 -0.0739731

2.95312 -0.0742677
2.96875 -0.0659142

2.96875 -0.0651748
2.97339 -0.0625

2.97547 -0.0625
2.98438 -0.0573631

-1.5 0.120673
-1.48438 0.119446

-1.48438 0.119446
-1.46875 0.118219

-1.46875 0.118219
-1.45312 0.116992

2.98438 -0.0569123
3 -0.0472095

0.734375 -0.0646034
0.75 -0.0659284

0.6875 -0.0606389
0.703125 -0.061958

0.703125 -0.0618045
0.711347 -0.0625

0.71875 -0.0623272
0.720791 -0.0625

-1.45312 0.116992
-1.4375 0.115765

3 -0.0467071
3.02581 -0.03125

3.03125 -0.0280191
3.0625 -0.010606

3.0625 -0.00904604
3.08409 0

3.5 -0.000663101
3.47634 0

0.75 -0.0659284
0.765625 -0.0672547

3.08686 0
3.125 0.0159816

3.125 0.019582
3.25 0.0368777

3.25 0.0238393
3.5 0.0165313

3.5 -0.00380087
4 -0.0154834

3.5 0.00249603
3.60683 0

0.765625 -0.0672547
0.78125 -0.0685823

0.78125 -0.0685823
0.796875 -0.0699113

-1.4375 0.115765
-1.42188 0.114537

-1.42188 0.114537
-1.40625 0.113307

0.796875 -0.0699113
0.8125 -0.0712418

0.8125 -0.0712419
0.828125 -0.0725736

0.828125 -0.0725738
0.84375 -0.0739061

0.84375 -0.0739062
0.859375 -0.0752384

0.859375 -0.0752387
0.875 -0.0765701

0.875 -0.0765698
0.890625 -0.0779004

0.90625 -0.0792899
0.892556 -0.078125

0.890625 -0.0776943
0.895688 -0.078125

0.90625 -0.0792299
0.921875 -0.0805571

0.921875 -0.0805572
0.9375 -0.0818831

-1.40625 0.113308
-1.39062 0.112076

-1.39062 0.112076
-1.375 0.110842

0.9375 -0.081883
0.953125 -0.0832072

0.953125 -0.0832073
0.96875 -0.0845298

0.96875 -0.0845298
0.984375 -0.0858505

0.984375 -0.0858506
1 -0.0871693

-1.35938 0.109354
-1.35963 0.109375

-1.375 0.110843
-1.35938 0.109606

-1.34375 0.108359
-1.35654 0.109375

-1.35938 0.109632
-1.35614 0.109375

-1.34375 0.108366
-1.32812 0.10712

-1.32812 0.10712
-1.3125 0.10587

-1.3125 0.105871
-1.29688 0.104616

-1.29688 0.104616
-1.28125 0.103357

-1.28125 0.103357
-1.26562 0.102093

-1.26562 0.102093
-1.25 0.100824

-1.25 0.100824
-1.23438 0.0995511

-1.23438 0.0995511
-1.21875 0.0982743

-1.21875 0.0982745
-1.20312 0.0969936

-1.20312 0.0969939
-1.1875 0.0957083

-1.17188 0.0936958
-1.17253 0.09375

-1.15625 0.0930144
-1.16511 0.09375

-1.1875 0.0957097
-1.17188 0.0944183

-1.17188 0.0945173
-1.16264 0.09375

-1.15625 0.0931189
-1.14062 0.0918164

-1.14062 0.0918161
-1.125 0.0905107

-1.125 0.0905104
-1.10938 0.0892033

-1.10938 0.0892031
-1.09375 0.0878952

-1.09375 0.0878951
-1.07812 0.0865871

-1.07812 0.086587
-1.0625 0.0852793

-1.0625 0.0852794
-1.04688 0.0839721

1 -0.0871694
1.01562 -0.0884861

1.01562 -0.0884862
1.03125 -0.0898005

1.03125 -0.0898006
1.04688 -0.0911121

-1.04688 0.0839722
-1.03125 0.0826653

-1.03125 0.0826653
-1.01562 0.0813585

-1.01562 0.0813585
-1 0.0800517

1.04688 -0.0911124
1.0625 -0.0924205

1.09375 -0.0950476
1.07815 -0.09375

1.0625 -0.0924203
1.07812 -0.0937248

1.07812 -0.0935097
1.08101 -0.09375

1.09375 -0.0950251
1.10938 -0.0963189

1.10938 -0.096319
1.125 -0.0976074

1.125 -0.0976073
1.14062 -0.0988903

1.14062 -0.0988903
1.15625 -0.100168

1.15625 -0.100168
1.17188 -0.101442

1.17188 -0.101442
1.1875 -0.10271

1.1875 -0.10271
1.20312 -0.103974

1.20312 -0.103974
1.21875 -0.105233

1.21875 -0.105233
1.23438 -0.106488

1.23438 -0.106488
1.25 -0.10774

1.25 -0.10774
1.26562 -0.108991

1.28125 -0.11028
1.26992 -0.109375

1.26562 -0.108907
1.27148 -0.109375

1.28125 -0.110239
1.29688 -0.111485

1.29688 -0.111485
1.3125 -0.112728

1.3125 -0.112729
1.32812 -0.113968

1.32812 -0.113968
1.34375 -0.115205

1.34375 -0.115205
1.35938 -0.116437

1.35938 -0.116437
1.375 -0.117665

1.48438 -0.126165
1.46923 -0.125

1.48438 -0.126155
1.5 -0.127353

1.375 -0.117665
1.39062 -0.11889

1.39062 -0.11889
1.40625 -0.12011

1.40625 -0.12011
1.42188 -0.121327

1.42188 -0.121327
1.4375 -0.122539

1.4375 -0.122539
1.45312 -0.123748

1.45312 -0.123748
1.46875 -0.124953

1.46875 -0.124843
1.47079 -0.125

