-3 0.453705
-2.98438 0.454571

-2.98438 0.454572
-2.96875 0.455435

-2.96875 0.455434
-2.95312 0.456294

-2.95312 0.456291
-2.9375 0.457157

-2.9375 0.457162
-2.92188 0.458033

-2.92188 0.458026
-2.90625 0.458907

-2.90625 0.458909
-2.89062 0.459809

-2.89062 0.45981
-2.875 0.460725

-4 0.414686
-3.98438 0.414718

-2.875 0.460727
-2.85938 0.461651

-2.85938 0.461651
-2.84375 0.462582

-2.84375 0.462581
-2.82812 0.463521

-3.98438 0.414719
-3.96875 0.414811

-2.82812 0.463523
-2.82031 0.463997

-3.96875 0.414812
-3.95312 0.414958

-3.95312 0.414961
-3.9375 0.415154

-3.9375 0.415154
-3.92188 0.415387

-3.92188 0.415388
-3.90625 0.415662

-0.5 0.321926
-0.46875 0.321392

-0.46875 0.32138
-0.453125 0.321049

-0.453125 0.321052
-0.4375 0.320676

-0.4375 0.320689
-0.40625 0.319784

-0.40625 0.319778
-0.390625 0.319246

-0.390625 0.319242
-0.375 0.31865

-2.82031 0.463997
-2.8125 0.464472

-2.8125 0.464473
-2.80469 0.464949

-2.80469 0.464949
-2.79688 0.465425

-2.79688 0.465425
-2.78906 0.4659

-2.78906 0.4659
-2.78125 0.466373

-2.78125 0.466373
-2.77344 0.466842

-2.77344 0.466842
-2.76562 0.467306

-2.76562 0.467306
-2.75781 0.467764

-1.73438 0.358523
-1.74078 0.359375

-3.90625 0.415664
-3.89062 0.415971

-3.89062 0.415974
-3.88281 0.416138

-1.75 0.360602
-1.74219 0.359548

-2.75781 0.467765
-2.75 0.468217

-0.375 0.318652
-0.359375 0.318004

-3.88281 0.416138
-3.875 0.416309

-0.359375 0.318002
-0.34375 0.317297

-1.74219 0.35946
-1.74154 0.359375

-3.875 0.41631
-3.86719 0.416486

-0.34375 0.3173
-0.328125 0.316534

-1.73438 0.35851
-1.72656 0.357485

-0.328125 0.31653
-0.3125 0.315705

-3.86719 0.416485
-3.85938 0.416663

-3.85938 0.416662
-3.85156 0.416843

-3.85156 0.416842
-3.84375 0.417028

-0.25 0.311677
-0.261273 0.3125

-2.75 0.468217
-2.74219 0.468662

-0.3125 0.315711
-0.296875 0.314822

-2.74219 0.468673
-2.74081 0.46875

-3.84375 0.417031
-3.82812 0.417405

-2.74058 0.46875
-2.73438 0.469098

-3.82812 0.417396
-3.8125 0.417787

-2.73438 0.469101
-2.72656 0.469531

-1.72656 0.357485
-1.71875 0.356475

-1.71875 0.356475
-1.71094 0.35548

-1.71094 0.35548
-1.70312 0.354501

-1.70312 0.354501
-1.69531 0.353536

-1.69531 0.353536
-1.6875 0.352587

-1.6875 0.352587
-1.67969 0.351653

-1.67188 0.35074
-1.67887 0.351562

-1.67969 0.351571
-1.67961 0.351562

-1.67188 0.350735
-1.66406 0.34983

-1.66406 0.34983
-1.65625 0.34894

-1.65625 0.34894
-1.64844 0.348066

-1.64844 0.348066
-1.64062 0.347207

-1.64062 0.347208
-1.63281 0.346366

-1.63281 0.346365
-1.625 0.34554

-1.60156 0.343176
-1.60735 0.34375

-1.60156 0.343164
-1.59375 0.342404

-1.625 0.34554
-1.61719 0.344731

-1.61719 0.344731
-1.60938 0.343939

-1.60938 0.3439
-1.60787 0.34375

-1.59375 0.342404
-1.58594 0.341659

-1.58594 0.341659
-1.57812 0.340927

-1.57812 0.340927
-1.57031 0.34021

-1.57031 0.34021
-1.5625 0.339508

-1.5625 0.339507
-1.55469 0.338819

-1.55469 0.338819
-1.54688 0.338146

-1.54688 0.338146
-1.53906 0.337488

-1.53906 0.337488
-1.53125 0.336846

-1.53125 0.336846
-1.52344 0.336219

-1.51562 0.335619
-1.51969 0.335938

-1.52344 0.336205
-1.52003 0.335938

-1.51562 0.335607
-1.50781 0.335009

-1.50781 0.335009
-1.5 0.334425

-2.72656 0.469531
-2.71875 0.469953

-3.8125 0.41779
-3.80469 0.417999

-3.80469 0.417999
-3.79688 0.418214

-3.79688 0.418214
-3.78906 0.418436

-3.78906 0.418435
-3.78125 0.418663

-3.78125 0.418665
-3.76562 0.419127

-3.76562 0.419121
-3.75 0.419599

-0.296875 0.314821
-0.28125 0.313859

-0.28125 0.313865
-0.265625 0.312818

-0.265625 0.312813
-0.261333 0.3125

-3.75 0.419601
-3.73438 0.420101

-3.73438 0.420102
-3.72656 0.42036

-0.25 0.311673
-0.234375 0.310447

-3.72656 0.42036
-3.71875 0.420624

-1.5 0.334425
-1.49219 0.333854

-0.234375 0.310449
-0.21875 0.309141

-0.21875 0.309144
-0.203125 0.307744

-0.203125 0.307744
-0.1875 0.306247

-3.71875 0.420623
-3.70312 0.421166

-0.1875 0.306249
-0.171875 0.304655

-0.171875 0.304654
-0.15625 0.302961

-3.70312 0.421165
-3.6875 0.421729

-1.49219 0.333854
-1.48438 0.333297

-1.48438 0.333297
-1.47656 0.332754

-0.15625 0.302962
-0.140625 0.301168

-0.140625 0.301175
-0.125 0.299263

-0.125 0.299262
-0.109375 0.297219

-0.09375 0.295045
-0.106901 0.296875

-0.109375 0.297226
-0.106852 0.296875

-0.09375 0.295039
-0.0859375 0.293902

-0.0859375 0.293903
-0.078125 0.292729

-0.078125 0.292735
-0.0625 0.290284

-0.0625 0.290284
-0.046875 0.287697

-0.046875 0.287699
-0.03125 0.28497

0 0.27905
-0.0113051 0.28125

-0.03125 0.284972
-0.015625 0.282089

-0.015625 0.282084
-0.0113383 0.28125

-2.71875 0.469954
-2.71094 0.470366

-2.71094 0.470367
-2.70312 0.470769

-2.70312 0.47077
-2.69531 0.471161

-3.6875 0.421727
-3.68353 0.421875

-3.68379 0.421875
-3.67969 0.422028

-3.67969 0.422023
-3.67188 0.422317

-3.67188 0.422318
-3.66406 0.422614

-3.66406 0.422614
-3.65625 0.422911

-2.69531 0.471161
-2.6875 0.471541

-3.65625 0.42291
-3.64844 0.423209

-3.64844 0.423209
-3.64062 0.42351

-2.6875 0.471541
-2.67969 0.471909

-1.47656 0.332754
-1.46875 0.332225

-3.64062 0.42351
-3.63281 0.423811

-3.63281 0.423811
-3.625 0.424115

0.125 0.248687
0.120376 0.25

-2.67969 0.471909
-2.67188 0.472262

-2.67188 0.472263
-2.66406 0.472602

-3.625 0.424115
-3.61719 0.42442

-1.46875 0.332225
-1.46094 0.331708

0.125 0.248712
0.140625 0.244087

-3.61719 0.42442
-3.60938 0.424726

0.140625 0.244101
0.15625 0.239264

0.171875 0.234208
0.171359 0.234375

-1.46094 0.331709
-1.45312 0.331205

-3.60938 0.424725
-3.60156 0.425033

-1.45312 0.331205
-1.44531 0.330715

-3.60156 0.425033
-3.59375 0.425344

-2.66406 0.472602
-2.65625 0.472926

-3.59375 0.425344
-3.58594 0.425657

-3.58594 0.425657
-3.57812 0.425974

-2.65625 0.472926
-2.64844 0.473234

0.15625 0.239261
0.171309 0.234375

-2.64844 0.473235
-2.64062 0.473525

-3.57812 0.425974
-3.57031 0.426294

-1.44531 0.330715
-1.4375 0.330237

0.171875 0.234193
0.1875 0.228892

-3.57031 0.426294
-3.5625 0.426617

-2.64062 0.473525
-2.63281 0.473796

-1.4375 0.330237
-1.42969 0.329772

-1.42969 0.329772
-1.42188 0.329319

-3.5625 0.426617
-3.55469 0.426943

-3.55469 0.426943
-3.54688 0.427272

-1.42188 0.32932
-1.41406 0.328879

-1.41406 0.328879
-1.40625 0.32845

0.21875 0.217686
0.215872 0.21875

-3.54688 0.427272
-3.53906 0.427604

0.1875 0.228893
0.203125 0.223357

-2.63281 0.473797
-2.625 0.474047

-1.39062 0.327627
-1.40009 0.328125

0.203125 0.223334
0.215532 0.21875

-3.53906 0.427604
-3.53125 0.427936

-2.625 0.474047
-2.61719 0.474275

-3.53125 0.427936
-3.52344 0.428271

-3.52344 0.428271
-3.51562 0.428607

-2.61719 0.474276
-2.60938 0.47448

-1.40625 0.328448
-1.40018 0.328125

-3.51562 0.428607
-3.50781 0.428946

-3.50781 0.428946
-3.5 0.429286

-2.60938 0.47448
-2.60156 0.47466

-2.60156 0.47466
-2.59375 0.474813

-1.39062 0.327626
-1.375 0.326851

0.21875 0.217588
0.234375 0.21157

0.234375 0.211571
0.25 0.205301

0 0.279047
0.015625 0.275849

-1.375 0.326846
-1.35938 0.326126

0.015625 0.275848
0.03125 0.272497

-2.59375 0.474813
-2.58594 0.474939

0.03125 0.272502
0.046875 0.268993

-1.35938 0.32613
-1.34375 0.32547

-2.58594 0.474939
-2.57812 0.475036

-2.57812 0.475036
-2.57031 0.475102

0.0625 0.265303
0.0611347 0.265625

-2.57031 0.475102
-2.5625 0.475137

-1.34375 0.325467
-1.32812 0.324863

-1.32812 0.324861
-1.3125 0.324319

0.046875 0.268997
0.0611774 0.265625

0.0625 0.265314
0.078125 0.261448

0.078125 0.261449
0.09375 0.257397

-1.3125 0.324322
-1.29688 0.323844

-1.29688 0.323844
-1.28125 0.323425

-2.5625 0.475137
-2.55469 0.475139

-2.55469 0.475139
-2.54688 0.475107

-2.54688 0.475107
-2.53906 0.475042

-2.53906 0.475042
-2.53125 0.474943

-1.28125 0.323424
-1.26562 0.323063

-1.26562 0.323068
-1.25781 0.322909

-1.25781 0.322909
-1.25 0.322762

-2.53125 0.474943
-2.52344 0.474808

-2.52344 0.474808
-2.51562 0.474637

-3.5 0.429286
-3.49219 0.429628

-3.49219 0.429618
-3.49062 0.429688

-3.4909 0.429688
-3.48438 0.429975

-3.48438 0.429973
-3.47656 0.430319

-1.25 0.322762
-1.24219 0.322627

-1.24219 0.322626
-1.23438 0.322503

-1.23438 0.322501
-1.21875 0.322289

-1.21875 0.32229
-1.20312 0.32212

-1.20312 0.32212
-1.1875 0.321988

-1.1875 0.321987
-1.17188 0.321893

-2.51562 0.474637
-2.50781 0.474429

-1.17188 0.321892
-1.15625 0.321838

-1.15625 0.32184
-1.14062 0.321824

0.09375 0.257399
0.109375 0.253153

0.109375 0.253162
0.120508 0.25

-2.50781 0.474429
-2.5 0.474185

0.296875 0.184895
0.291118 0.1875

0.296875 0.184937
0.3125 0.177573

0.265625 0.198782
0.255218 0.203125

-1.14062 0.321827
-1.13281 0.321832

-1.13281 0.321832
-1.125 0.321844

-3.47656 0.43032
-3.46875 0.430668

-1.125 0.321842
-1.10938 0.321886

-1.10938 0.321884
-1.09375 0.321956

-3.46875 0.430668
-3.46094 0.431018

-3.46094 0.431018
-3.45312 0.431371

-3.45312 0.431371
-3.44531 0.431725

0.25 0.205286
0.25523 0.203125

-3.44531 0.431725
-3.4375 0.432081

-1.09375 0.321958
-1.08594 0.322006

-1.08594 0.322005
-1.07812 0.322062

0.265625 0.198787
0.28125 0.192001

0.28125 0.192024
0.29125 0.1875

-3.4375 0.432081
-3.42969 0.432439

-3.42969 0.432439
-3.42188 0.432798

-1.07812 0.322063
-1.0625 0.322192

0.328125 0.169905
0.324144 0.171875

-3.42188 0.432798
-3.41406 0.433159

0.3125 0.177553
0.320312 0.173758

-1.0625 0.322193
-1.04688 0.322336

-1.04688 0.322336
-1.03125 0.322492

0.320312 0.173745
0.324091 0.171875

-1.03125 0.322494
-1.01562 0.322661

-3.41406 0.433159
-3.40625 0.433522

-1.01562 0.322662
-1.00781 0.322748

0.328125 0.169919
0.34375 0.161936

-1.00781 0.322748
-1 0.322836

-3.40625 0.433524
-3.39062 0.434249

-3.39062 0.434243
-3.375 0.434977

0.359375 0.15364
0.354465 0.15625

0.359375 0.15364
0.375 0.144995

-2.5 0.474185
-2.49219 0.473902

-2.49219 0.473902
-2.48438 0.47358

-2.48438 0.47358
-2.47656 0.473218

-2.47656 0.473218
-2.46875 0.472816

-3.375 0.43498
-3.36719 0.435354

-3.36719 0.435354
-3.35938 0.435727

-3.35938 0.435726
-3.34375 0.436477

-3.34375 0.436477
-3.33594 0.436855

-2.46875 0.472816
-2.46094 0.472374

-2.46094 0.472374
-2.45312 0.471893

-2.45312 0.471893
-2.44531 0.471371

-2.44531 0.471372
-2.4375 0.470809

-3.33594 0.436855
-3.32812 0.437235

-3.32812 0.437235
-3.32269 0.4375

0.34375 0.16192
0.354417 0.15625

0.421875 0.116774
0.408772 0.125

0.4375 0.106472
0.433109 0.109375

0.421875 0.11674
0.429688 0.111672

0.429688 0.111718
0.433236 0.109375

-2.40625 0.468166
-2.41277 0.46875

0.5 0.0606796
0.497708 0.0625

0.46875 0.0847045
0.456123 0.09375

-3.3227 0.4375
-3.3125 0.437997

0.4375 0.106547
0.453125 0.0958613

-2.4375 0.470809
-2.42969 0.470207

-3.3125 0.437994
-3.29688 0.43876

0.453125 0.0957326
0.455985 0.09375

-2.42969 0.470207
-2.42188 0.469565

-3.29688 0.438767
-3.28125 0.439532

-2.42188 0.469565
-2.41406 0.468882

0.484375 0.0729276
0.477525 0.078125

-1 0.322836
-0.984375 0.323019

-3.28125 0.439527
-3.26562 0.440288

-2.41406 0.46889
-2.41254 0.46875

-3.26562 0.440288
-3.25 0.441058

0.46875 0.0846489
0.476562 0.0788427

-0.984375 0.32302
-0.96875 0.323207

0.476562 0.0788422
0.477524 0.078125

-2.40625 0.468172
-2.39062 0.466622

-0.96875 0.323208
-0.960938 0.323302

0.492188 0.066874
0.487749 0.0703125

-0.960938 0.323302
-0.953125 0.323393

-2.39062 0.466623
-2.375 0.46492

-0.953125 0.323394
-0.945312 0.323482

-0.945312 0.323481
-0.9375 0.323564

-2.375 0.464918
-2.35938 0.463065

-2.35938 0.463054
-2.35156 0.462074

-3.25 0.441066
-3.23438 0.441829

-3.23438 0.441826
-3.21875 0.442574

-3.21875 0.442574
-3.20312 0.443314

-3.20312 0.443312
-3.1875 0.444046

0.484375 0.0728817
0.487754 0.0703125

0.492188 0.0668334
0.497631 0.0625

-2.35156 0.462073
-2.34375 0.461062

-2.33594 0.460021
-2.34282 0.460938

-2.34375 0.461067
-2.34278 0.460938

-2.33594 0.460021
-2.32812 0.458951

-2.32812 0.458951
-2.32031 0.457853

-2.32031 0.457853
-2.3125 0.456729

-2.3125 0.456729
-2.30469 0.455579

-2.30469 0.455579
-2.29688 0.454405

-2.28125 0.451988
-2.2886 0.453125

-2.29688 0.454405
-2.28906 0.453207

-2.28906 0.453239
-2.28834 0.453125

-2.28125 0.451988
-2.26562 0.449491

-0.9375 0.323563
-0.921875 0.323722

-0.921875 0.323724
-0.90625 0.323871

-3.1875 0.444046
-3.17188 0.444776

-3.17188 0.444775
-3.15625 0.445502

-3.15625 0.445499
-3.14062 0.446232

-3.14062 0.446228
-3.125 0.446983

-2.26562 0.449484
-2.25 0.446927

-3.125 0.446984
-3.10938 0.447765

-0.90625 0.323873
-0.898438 0.32394

-0.898438 0.323939
-0.890625 0.323997

-0.890625 0.323997
-0.875 0.324094

-3.10938 0.447767
-3.10156 0.448167

-0.875 0.324093
-0.859375 0.324169

-3.10156 0.448167
-3.09375 0.448572

0.382812 0.140524
0.382633 0.140625

-0.859375 0.32417
-0.84375 0.324224

-3.09375 0.448572
-3.08594 0.448982

-0.84375 0.324225
-0.828125 0.324253

-3.08594 0.448982
-3.07812 0.449396

0.382812 0.140511
0.390625 0.135949

-2.1875 0.436179
-2.19493 0.4375

-0.828125 0.324251
-0.8125 0.324254

-2.25 0.446927
-2.23438 0.444322

-3.07812 0.449396
-3.07031 0.449815

-0.8125 0.324256
-0.796875 0.324233

-3.07031 0.449815
-3.0625 0.450239

-2.23438 0.444322
-2.21875 0.441667

-3.0625 0.450239
-3.05469 0.450667

-0.796875 0.324229
-0.78125 0.324182

0.375 0.144974
0.382613 0.140625

0.390625 0.135971
0.40625 0.126563

-2.21875 0.441665
-2.21094 0.440318

-2.21094 0.440319
-2.20312 0.438955

-2.20312 0.438954
-2.19531 0.437573

-2.19531 0.437571
-2.19492 0.4375

-0.78125 0.324183
-0.765625 0.324119

-0.765625 0.324117
-0.75 0.324038

0.40625 0.126522
0.408726 0.125

-3.05469 0.450668
-3.04688 0.451099

-3.04688 0.451099
-3.03906 0.451532

-3.03906 0.451531
-3.03125 0.451966

-3.03125 0.451966
-3.02344 0.452402

-0.75 0.324039
-0.734375 0.323944

-0.734375 0.323944
-0.71875 0.323833

-0.71875 0.323833
-0.703125 0.323707

0.75 -0.300969
0.748666 -0.296875

-0.703125 0.323705
-0.6875 0.32357

-2.1875 0.436177
-2.17188 0.433344

-0.6875 0.323568
-0.671875 0.323431

-3.02344 0.452402
-3.01562 0.452837

0.748596 -0.296875
0.745946 -0.289062

-3.01562 0.452836
-3.01043 0.453125

0.745942 -0.289062
0.743194 -0.28125

-0.671875 0.32343
-0.65625 0.323297

0.734375 -0.257803
0.731252 -0.25

-3.01045 0.453125
-3 0.453706

-2.17188 0.433338
-2.15625 0.430467

-0.65625 0.323293
-0.625 0.323054

-0.625 0.323068
-0.59375 0.322838

-0.59375 0.32284
-0.5625 0.322586

0.74322 -0.28125
0.737438 -0.265625

0.737412 -0.265625
0.734378 -0.257812

-2.14844 0.429024
-2.15202 0.429688

-2.15625 0.430459
-2.15208 0.429688

-2.14844 0.429019
-2.14062 0.42757

-2.14062 0.42757
-2.13281 0.426118

-2.13281 0.426118
-2.125 0.424662

0.625 -0.0666971
0.62176 -0.0625

-2.10938 0.421744
-2.11008 0.421875

0.570312 -0.00337169
0.567042 0

0.578125 -0.0115901
0.574556 -0.0078125

-2.125 0.424662
-2.11719 0.423203

-2.11719 0.423202
-2.11009 0.421875

-2.10938 0.421741
-2.10156 0.420277

-2.10156 0.420277
-2.09375 0.418811

0.570312 -0.00337561
0.574552 -0.0078125

0.585938 -0.0199679
0.582005 -0.015625

-0.5625 0.322589
-0.546875 0.322449

-0.546875 0.322449
-0.53125 0.322292

-0.53125 0.322303
-0.5 0.32191

0.59375 -0.028752
0.58906 -0.0234375

0.585938 -0.020107
0.588926 -0.0234375

0.578125 -0.0115503
0.581908 -0.015625

0.609375 -0.0469041
0.609351 -0.046875

-2.09375 0.418811
-2.08594 0.417344

-2.08594 0.417344
-2.07812 0.415878

-2.07812 0.415878
-2.07031 0.414413

-2.0625 0.412963
-2.06837 0.414062

-2.07031 0.414373
-2.06866 0.414062

0.601562 -0.0376871
0.596002 -0.03125

0.609296 -0.046875
0.602734 -0.0390625

0.601562 -0.0377803
0.602653 -0.0390625

0.617188 -0.0567402
0.615567 -0.0546875

0.609375 -0.0469737
0.615675 -0.0546875

0.617188 -0.0565609
0.621928 -0.0625

-2.0625 0.412951
-2.05469 0.41149

-2.05469 0.41149
-2.04688 0.410032

-2.04688 0.410032
-2.03906 0.408577

-2.03906 0.408576
-2.03125 0.407124

-2.02344 0.405712
-2.02634 0.40625

-2.02344 0.405676
-2.01562 0.404231

-2.01562 0.404231
-2.00781 0.40279

-2.00781 0.402789
-2 0.401353

-2.03125 0.407102
-2.02666 0.40625

0.59375 -0.0287062
0.595989 -0.03125

0.6875 -0.15978
0.685515 -0.15625

0.671875 -0.133651
0.671365 -0.132812

0.671324 -0.132812
0.666387 -0.125

0.685445 -0.15625
0.676172 -0.140625

0.671875 -0.133728
0.676128 -0.140625

0.71875 -0.220182
0.718111 -0.21875

0.703125 -0.188692
0.702527 -0.1875

0.71776 -0.21875
0.710364 -0.203125

0.710332 -0.203125
0.706469 -0.195312

0.703125 -0.18873
0.70647 -0.195312

0.731281 -0.25
0.724722 -0.234375

0.724695 -0.234375
0.721261 -0.226562

0.71875 -0.221293
0.721134 -0.226562

0.695312 -0.173282
0.694554 -0.171875

0.702505 -0.1875
0.698415 -0.179688

0.695312 -0.174133
0.698307 -0.179688

0.694204 -0.171875
0.689868 -0.164062

0.6875 -0.160058
0.689783 -0.164062

0.65625 -0.109802
0.65597 -0.109375

0.656168 -0.109375
0.645363 -0.09375

0.640625 -0.0872122
0.639716 -0.0859375

0.639716 -0.0859375
0.633941 -0.078125

0.632812 -0.076646
0.628 -0.0703125

0.625 -0.066207
0.628149 -0.0703125

0.632812 -0.0765785
0.633953 -0.078125

0.640625 -0.0872018
0.645334 -0.09375

0.664062 -0.121444
0.661302 -0.117188

0.65625 -0.109553
0.661323 -0.117188

0.664062 -0.121391
0.666401 -0.125

0.78125 -0.475192
0.781017 -0.46875

0.780995 -0.46875
0.780567 -0.460938

0.780566 -0.460938
0.780041 -0.453125

0.780069 -0.453125
0.778719 -0.4375

0.781741 -0.5
0.781695 -0.492188

0.781696 -0.492188
0.781557 -0.484375

0.781557 -0.484375
0.781323 -0.476562

0.78125 -0.475198
0.781307 -0.476562

0.778698 -0.4375
0.777871 -0.429688

0.777868 -0.429688
0.776937 -0.421875

0.776936 -0.421875
0.77591 -0.414062

0.775906 -0.414062
0.774793 -0.40625

0.774827 -0.40625
0.772313 -0.390625

0.77232 -0.390625
0.769398 -0.375

0.765625 -0.357613
0.764217 -0.351562

0.764217 -0.351562
0.762295 -0.34375

0.769393 -0.375
0.766059 -0.359375

0.765625 -0.357639
0.766041 -0.359375

0.762294 -0.34375
0.760269 -0.335938

0.760269 -0.335938
0.758142 -0.328125

0.757812 -0.326964
0.755914 -0.320312

-2 0.401353
-1.99219 0.399923

-1.99219 0.399922
-1.98438 0.398499

-1.97656 0.397083
-1.98403 0.398438

-1.97656 0.397081
-1.96875 0.395671

0.755913 -0.320312
0.75358 -0.3125

0.757812 -0.32701
0.758131 -0.328125

-1.96875 0.395671
-1.96094 0.394268

-1.96094 0.394268
-1.95312 0.392874

0.75358 -0.3125
0.751141 -0.304688

0.75 -0.301455
0.751053 -0.304688

-1.9375 0.390154
-1.94017 0.390625

-1.95312 0.392873
-1.94531 0.391488

-1.94531 0.391464
-1.94055 0.390625

-1.9375 0.390112
-1.92969 0.388745

-1.92969 0.388745
-1.92188 0.387386

0.507812 0.0542696
0.507305 0.0546875

0.5 0.0606298
0.507272 0.0546875

-1.92188 0.387386
-1.91406 0.386037

-1.91406 0.386037
-1.90625 0.3847

0.507812 0.0542497
0.515625 0.0477011

0.523438 0.0409783
0.516583 0.046875

-1.90625 0.384699
-1.89844 0.383374

-1.89062 0.382098
-1.89488 0.382812

-1.89844 0.383324
-1.8954 0.382812

-1.89062 0.382061
-1.88281 0.380757

0.53125 0.0340945
0.525602 0.0390625

0.523438 0.0409737
0.525626 0.0390625

-1.88281 0.380757
-1.875 0.379465

0.515625 0.0477258
0.516624 0.046875

0.539062 0.0270474
0.534386 0.03125

-1.84375 0.374475
-1.84705 0.375

-1.84375 0.374421
-1.83594 0.373192

0.546875 0.0197076
0.542878 0.0234375

0.539062 0.0269981
0.542943 0.0234375

-1.83594 0.373192
-1.82812 0.371976

-1.82812 0.371976
-1.82031 0.370774

0.554688 0.012169
0.551099 0.015625

0.5625 0.00460577
0.559247 0.0078125

0.554688 0.0122038
0.559198 0.0078125

0.546875 0.0197777
0.551241 0.015625

-1.82031 0.370773
-1.8125 0.369586

0.53125 0.0340355
0.534351 0.03125

0.5625 0.00457593
0.567035 0

-1.8125 0.369586
-1.80469 0.368413

-1.80469 0.368413
-1.79688 0.367254

-1.78906 0.366113
-1.7964 0.367188

-1.78906 0.366111
-1.78125 0.364981

-1.78125 0.364981
-1.77344 0.363864

-1.77344 0.363864
-1.76562 0.362762

-1.76562 0.362761
-1.75781 0.361674

-1.75781 0.361673
-1.75 0.360602

-1.875 0.379465
-1.86719 0.378185

-1.86719 0.378185
-1.85938 0.376917

-1.85938 0.376917
-1.85156 0.375662

-1.85156 0.375616
-1.84768 0.375

3.99805 -0.5
3.99949 -0.492188

3.99582 -0.492188
4 -0.488656

