-3.13281 0.471023
-3.125 0.470992

-3.125 0.470992
-3.11719 0.470962

-3.11719 0.470962
-3.10938 0.470932

-3.10938 0.470933
-3.10156 0.470904

-3.10156 0.470904
-3.09375 0.470875

-3.09375 0.470875
-3.08594 0.470846

-3.08594 0.470846
-3.07812 0.470816

-3.07812 0.470816
-3.07031 0.470786

-3.07031 0.470786
-3.0625 0.470754

-3.0625 0.470754
-3.05469 0.47072

-3.05469 0.47072
-3.04688 0.470684

-3.04688 0.470684
-3.03906 0.470646

-3.03906 0.470646
-3.03125 0.470606

-3.03125 0.470606
-3.02344 0.470567

-3.02344 0.470567
-3.01562 0.470528

-3.01562 0.470529
-3.00781 0.470491

-3.00781 0.470491
-3 0.470453

-1 0.461469
-0.992188 0.461821

-0.992188 0.46182
-0.984375 0.462175

-0.984375 0.462178
-0.96875 0.462882

-0.96875 0.462875
-0.953125 0.463586

-0.953125 0.463591
-0.945312 0.463953

-4 0.474493
-3.98438 0.474505

-3.98438 0.474507
-3.97656 0.474521

-3.97656 0.474521
-3.96875 0.474538

-3.96875 0.474538
-3.96094 0.474557

-3.96094 0.474557
-3.95312 0.474578

-3.95312 0.474579
-3.94531 0.474602

-3.94531 0.474602
-3.9375 0.474628

-0.945312 0.463954
-0.9375 0.464311

-3.9375 0.474628
-3.92969 0.474654

-3.92969 0.474654
-3.92188 0.474683

-3.92188 0.474683
-3.91406 0.474712

-3.91406 0.474713
-3.90625 0.474744

-3.90625 0.474744
-3.89844 0.474776

-0.9375 0.464314
-0.921875 0.465002

-0.921875 0.464994
-0.90625 0.465662

-0.90625 0.465663
-0.898438 0.465996

-0.898438 0.465996
-0.890625 0.466323

-0.890625 0.466329
-0.875 0.466944

-3.89844 0.474777
-3.89062 0.47481

-3.89062 0.47481
-3.88281 0.474843

-3.88281 0.474843
-3.875 0.474876

-0.875 0.466939
-0.859375 0.46751

-0.859375 0.467509
-0.851562 0.467781

-0.851562 0.46778
-0.84375 0.468043

-3.875 0.474876
-3.86719 0.47491

-0.84375 0.46805
-0.828125 0.468531

-0.828125 0.468539
-0.820052 0.46875

-0.82016 0.46875
-0.8125 0.468938

-0.8125 0.468938
-0.804688 0.469111

-2 0.45048
-1.98438 0.450116

-0.804688 0.469111
-0.796875 0.469264

-3.86719 0.47491
-3.85938 0.474943

-3.85938 0.474943
-3.85156 0.474977

-0.796875 0.469264
-0.789062 0.469396

-0.789062 0.469396
-0.78125 0.469505

-1.98438 0.450117
-1.96875 0.449773

-1.96875 0.449774
-1.95312 0.449448

-1.95312 0.449448
-1.94531 0.449292

-3 0.470453
-2.99219 0.470414

-1.94531 0.449292
-1.9375 0.44914

-1.9375 0.449137
-1.92188 0.448852

-1.92188 0.448852
-1.90625 0.448594

-1.90625 0.448598
-1.89062 0.448358

-2.99219 0.470414
-2.98438 0.470373

-2.98438 0.470373
-2.97656 0.470332

-0.78125 0.469506
-0.773438 0.46959

-1.89062 0.448358
-1.875 0.448128

-0.773438 0.46959
-0.765625 0.469649

-2.97656 0.470332
-2.96875 0.470289

-2.96875 0.470289
-2.96094 0.470246

-0.765625 0.469649
-0.757812 0.469683

-0.757812 0.469683
-0.75 0.46969

-1.875 0.448128
-1.85938 0.447911

-1.85938 0.447912
-1.84375 0.447709

-3.85156 0.474977
-3.84375 0.47501

-3.84375 0.47501
-3.83594 0.475043

-3.83594 0.475043
-3.82812 0.475076

-1.84375 0.447707
-1.82812 0.447523

-1.82812 0.447522
-1.8125 0.447361

-0.75 0.469691
-0.742188 0.469671

-0.742188 0.469671
-0.734375 0.469624

-2.96094 0.470246
-2.95312 0.470202

-3.82812 0.475076
-3.82031 0.475108

-3.82031 0.475108
-3.8125 0.475139

-3.8125 0.475139
-3.80469 0.475168

-3.80469 0.475168
-3.79688 0.475195

-3.79688 0.475195
-3.78906 0.475218

-3.78906 0.475218
-3.78125 0.47524

-1.8125 0.447361
-1.79688 0.447224

-1.79688 0.447223
-1.78125 0.447112

-3.78125 0.47524
-3.77344 0.475258

-0.734375 0.469624
-0.726562 0.469549

-0.726562 0.469549
-0.71875 0.469445

-1.78125 0.447112
-1.76562 0.447029

-0.6875 0.468717
-0.688706 0.46875

-0.71875 0.469446
-0.710938 0.469313

-0.710938 0.469313
-0.703125 0.469147

-2.95312 0.470201
-2.94531 0.470157

-2.94531 0.470157
-2.9375 0.470112

-3.77344 0.475258
-3.76562 0.475274

-0.703125 0.469148
-0.695312 0.468949

-0.695312 0.468947
-0.688659 0.46875

-1.76562 0.447029
-1.75 0.446974

-3.76562 0.475274
-3.75781 0.475287

-3.75781 0.475287
-3.75 0.475298

-0.6875 0.468728
-0.671875 0.468156

-0.671875 0.468154
-0.65625 0.467437

-0.65625 0.467437
-0.640625 0.46658

-0.640625 0.466581
-0.625 0.465583

-1.75 0.446974
-1.73438 0.446949

-2.9375 0.470113
-2.92969 0.470067

-2.92969 0.470067
-2.92188 0.470021

-1.73438 0.446949
-1.71875 0.446952

-1.71875 0.446954
-1.70312 0.446983

-1.70312 0.446983
-1.6875 0.447033

-1.6875 0.447035
-1.67188 0.447105

-1.67188 0.447108
-1.65625 0.447186

-1.65625 0.447187
-1.64062 0.447265

-1.64062 0.447264
-1.625 0.447343

-1.625 0.447344
-1.60938 0.447423

-1.60938 0.447421
-1.59375 0.447504

-1.59375 0.447502
-1.57812 0.447597

-1.57812 0.447596
-1.5625 0.447707

-1.5625 0.447709
-1.55469 0.447771

-1.55469 0.447771
-1.54688 0.447837

-1.54688 0.447838
-1.53906 0.447908

-1.53906 0.447908
-1.53125 0.447982

-1.53125 0.447982
-1.52344 0.448059

-1.52344 0.448059
-1.51562 0.44814

-1.51562 0.44814
-1.50781 0.448223

-1.50781 0.448223
-1.5 0.448311

-0.625 0.465583
-0.609375 0.464443

-0.609375 0.464441
-0.59375 0.463163

-0.59375 0.463164
-0.578125 0.461752

-0.578125 0.461755
-0.5625 0.460203

-0.5625 0.460215
-0.546875 0.458494

-0.546875 0.458491
-0.53125 0.456584

-0.53125 0.456591
-0.515625 0.454494

-0.5 0.452186
-0.506275 0.453125

-0.515625 0.45449
-0.506318 0.453125

-1.5 0.448311
-1.49219 0.448403

-1.49219 0.448403
-1.48438 0.448499

-1.48438 0.448499
-1.47656 0.4486

-1.47656 0.4486
-1.46875 0.448705

-1.46875 0.448705
-1.46094 0.448816

-1.46094 0.448816
-1.45312 0.448932

-1.45312 0.448932
-1.44531 0.449055

-1.44531 0.449055
-1.4375 0.449183

-1.4375 0.449183
-1.42969 0.449318

-1.42969 0.449318
-1.42188 0.449459

-1.42188 0.449459
-1.41406 0.449606

-2.92188 0.470021
-2.91406 0.469972

-1.41406 0.449607
-1.40625 0.449755

-1.40625 0.449752
-1.39062 0.45006

-1.39062 0.450063
-1.375 0.450381

-2.91406 0.469972
-2.90625 0.469921

-2.90625 0.469921
-2.89844 0.469867

-2.89844 0.469867
-2.89062 0.469812

-2.89062 0.469812
-2.88281 0.469754

-1.375 0.45038
-1.35938 0.450705

-1.35938 0.450706
-1.34375 0.45104

-1.34375 0.451041
-1.32812 0.451379

-1.32812 0.45138
-1.3125 0.45172

-2.88281 0.469754
-2.875 0.469691

-1.3125 0.45172
-1.29688 0.452063

-1.29688 0.452063
-1.28125 0.452406

-1.28125 0.452405
-1.26562 0.45275

-1.26562 0.452749
-1.25 0.453099

-2.875 0.469691
-2.86719 0.469626

-2.86719 0.469626
-2.85938 0.469556

-2.85938 0.469556
-2.85156 0.469484

-2.85156 0.469484
-2.84375 0.46941

-0.5 0.452201
-0.484375 0.449718

-0.484375 0.449717
-0.46875 0.447035

-1.25 0.45309
-1.24847 0.453125

-0.46875 0.447032
-0.453125 0.444157

-0.453125 0.444159
-0.4375 0.441092

-2.84375 0.469411
-2.83594 0.469335

-2.83594 0.469335
-2.82812 0.469254

-0.40625 0.434338
-0.42055 0.4375

-0.40625 0.434371
-0.390625 0.430731

-1.2488 0.453125
-1.23438 0.453458

-2.82812 0.469254
-2.82031 0.469168

-1.23438 0.453458
-1.22656 0.453644

-1.22656 0.453645
-1.21875 0.453837

-0.390625 0.43073
-0.375 0.426865

-2.82031 0.469168
-2.8125 0.469079

-0.4375 0.441081
-0.429688 0.439474

-1.21875 0.453837
-1.21094 0.454035

-1.21094 0.454035
-1.20312 0.454239

-2.78125 0.468693
-2.78577 0.46875

-2.8125 0.469079
-2.80469 0.468987

-2.80469 0.468987
-2.79688 0.468892

-2.79688 0.468892
-2.78906 0.468795

-2.78906 0.468797
-2.78541 0.46875

-2.78125 0.468696
-2.76562 0.468491

-2.76562 0.46849
-2.75 0.468277

-0.429688 0.439475
-0.421875 0.437813

-1.20312 0.454239
-1.19531 0.454448

-1.19531 0.454448
-1.1875 0.454661

-0.421875 0.437905
-0.420035 0.4375

-1.1875 0.454661
-1.17969 0.45488

-1.17969 0.45488
-1.17188 0.455104

-1.17188 0.455104
-1.16406 0.455332

-1.16406 0.455332
-1.15625 0.455564

-2.75 0.468278
-2.74219 0.468168

-0.375 0.426867
-0.359375 0.422775

-2.74219 0.468168
-2.73438 0.468051

-1.15625 0.455564
-1.14844 0.455802

-2.73438 0.468049
-2.71875 0.467809

-0.351562 0.420603
-0.356224 0.421875

-1.14844 0.455802
-1.14062 0.456045

-2.71875 0.46781
-2.70312 0.467565

-1.14062 0.456045
-1.13281 0.456294

-0.351562 0.420629
-0.34375 0.418439

-1.13281 0.456294
-1.125 0.456551

-2.70312 0.467565
-2.69531 0.467441

-2.69531 0.467441
-2.6875 0.467316

-2.6875 0.467315
-2.67969 0.46719

-0.359375 0.422798
-0.355994 0.421875

-0.34375 0.418439
-0.335938 0.416192

-2.67969 0.46719
-2.67188 0.467067

-2.67188 0.467068
-2.66406 0.466945

-2.66406 0.466945
-2.65625 0.466818

-2.65625 0.466816
-2.64062 0.466559

-2.64062 0.46656
-2.625 0.466303

-1.125 0.456551
-1.11719 0.456814

-1.11719 0.456814
-1.10938 0.457082

-0.328125 0.4139
-0.328677 0.414062

-0.335938 0.416191
-0.328726 0.414062

-1.10938 0.457082
-1.10156 0.457356

-1.10156 0.457356
-1.09375 0.457634

-2.625 0.466299
-2.60938 0.466046

-2.60938 0.466045
-2.59375 0.465806

-1.09375 0.457632
-1.07812 0.458203

-1.07812 0.458198
-1.0625 0.458801

-2.59375 0.465808
-2.57812 0.465582

-2.57812 0.465583
-2.5625 0.465364

-2.5625 0.465364
-2.54688 0.465146

-2.54688 0.465145
-2.53125 0.464929

-2.53125 0.464929
-2.51562 0.464721

-2.51562 0.464724
-2.5 0.464517

-0.328125 0.413902
-0.3125 0.409109

-3.75 0.475299
-3.73438 0.475313

-3.73438 0.475313
-3.71875 0.475313

-3.71875 0.475312
-3.70312 0.475301

-3.70312 0.4753
-3.6875 0.475282

-0.296875 0.404081
-0.303601 0.40625

-0.296875 0.404062
-0.289062 0.401445

-1.0625 0.458805
-1.05469 0.459121

-1.05469 0.459121
-1.04688 0.459444

-0.289062 0.401443
-0.28125 0.398768

-0.3125 0.409102
-0.303655 0.40625

-1.04688 0.459445
-1.03906 0.459771

-1.03906 0.459771
-1.03125 0.460097

-1.03125 0.46009
-1.01562 0.460764

-3.6875 0.475281
-3.67188 0.47526

-3.67188 0.47526
-3.65625 0.475239

-0.28125 0.398787
-0.265625 0.393253

-0.25 0.387471
-0.258519 0.390625

-1.01562 0.46077
-1 0.461467

-2.5 0.464517
-2.48438 0.464306

-3.65625 0.47524
-3.64844 0.47523

-3.64844 0.47523
-3.64062 0.475218

-3.64062 0.475218
-3.63281 0.475204

-3.63281 0.475204
-3.625 0.475188

-2.48438 0.464305
-2.47656 0.464199

-2.47656 0.464199
-2.46875 0.464093

-2.46875 0.464097
-2.45312 0.463872

-2.45312 0.463875
-2.4375 0.463623

-0.265625 0.393237
-0.258489 0.390625

-3.625 0.475188
-3.61719 0.475169

-3.61719 0.475169
-3.60938 0.475148

-2.4375 0.463624
-2.42188 0.463336

-2.42188 0.463337
-2.40625 0.463011

-2.40625 0.46301
-2.39062 0.462648

-2.39062 0.462647
-2.375 0.462254

-3.60938 0.475148
-3.60156 0.475124

-2.375 0.46225
-2.35938 0.461833

-0.203125 0.368475
-0.218523 0.375

-3.60156 0.475124
-3.59375 0.475097

-0.195312 0.365345
-0.199521 0.367188

-2.35938 0.461835
-2.34375 0.4614

-2.34375 0.461399
-2.33594 0.461173

-2.33594 0.461173
-2.32812 0.460942

-0.203125 0.367801
-0.201724 0.367188

-0.195312 0.365038
-0.1875 0.361541

-3.59375 0.475097
-3.58594 0.475068

-3.58594 0.475068
-3.57812 0.475036

-0.179688 0.358333
-0.181963 0.359375

-0.179688 0.357959
-0.171875 0.354305

-0.1875 0.361321
-0.183252 0.359375

-3.57812 0.475036
-3.57031 0.475003

-3.57031 0.475003
-3.5625 0.474968

-2.32031 0.460705
-2.32797 0.460938

-2.32031 0.460705
-2.3125 0.460463

-0.171875 0.354331
-0.15625 0.346784

-0.148438 0.34354
-0.148859 0.34375

-3.5625 0.474968
-3.55469 0.474932

-3.55469 0.474933
-3.54688 0.474894

-3.54688 0.474894
-3.53906 0.474851

-3.53906 0.474852
-3.53125 0.474803

-0.148438 0.342871
-0.140625 0.338888

-0.132812 0.335322
-0.133993 0.335938

-0.140625 0.338734
-0.13526 0.335938

-0.132812 0.334816
-0.125 0.330654

-3.53125 0.474803
-3.52344 0.474749

-3.52344 0.474748
-3.51562 0.474688

-2.3125 0.460462
-2.30469 0.460214

-2.30469 0.460214
-2.29688 0.459961

-2.29688 0.45996
-2.28906 0.459703

-2.28906 0.459702
-2.28125 0.459442

-2.28125 0.459441
-2.27344 0.459179

-2.27344 0.459179
-2.26562 0.458918

-2.26562 0.458918
-2.25781 0.458657

-2.25781 0.458657
-2.25 0.458396

-3.51562 0.474688
-3.50781 0.474622

-3.50781 0.474622
-3.5 0.474551

-0.15625 0.346657
-0.150488 0.34375

-0.25 0.387456
-0.242188 0.384466

-0.234375 0.381478
-0.237783 0.382812

-0.242188 0.384407
-0.238115 0.382812

-2.25 0.458396
-2.24219 0.458134

-2.24219 0.458134
-2.23438 0.457872

-2.23438 0.457872
-2.22656 0.457609

-0.234375 0.381408
-0.226562 0.378278

-0.226562 0.378278
-0.21875 0.375077

-0.21875 0.375043
-0.21865 0.375

-2.22656 0.457609
-2.21875 0.457344

-2.21875 0.457344
-2.20312 0.456813

-2.20312 0.456815
-2.1875 0.45628

-2.1875 0.456279
-2.17969 0.456009

-2.17969 0.456009
-2.17188 0.455737

-2.17188 0.455737
-2.16406 0.455466

-0.0859375 0.308507
-0.0926799 0.3125

-0.078125 0.304131
-0.0790444 0.304688

-2.16406 0.455466
-2.15625 0.455196

-2.15625 0.455197
-2.14062 0.454658

-2.14062 0.454652
-2.125 0.454122

-0.0859375 0.308384
-0.0798309 0.304688

-0.0625 0.294228
-0.0666849 0.296875

-0.078125 0.303736
-0.0703125 0.298903

-0.0703125 0.298498
-0.0677455 0.296875

-3.5 0.47455
-3.49219 0.474475

-3.49219 0.474475
-3.48438 0.474396

-2.125 0.454125
-2.10938 0.453613

-2.09375 0.453111
-2.09418 0.453125

-2.10938 0.453612
-2.09416 0.453125

-3.48438 0.474396
-3.47656 0.474314

-3.47656 0.474314
-3.46875 0.474228

-0.117188 0.326821
-0.119584 0.328125

-3.46875 0.474229
-3.46094 0.47414

-2.09375 0.453111
-2.07812 0.452626

-3.46094 0.474139
-3.45312 0.474047

-0.117188 0.326403
-0.109375 0.322057

-3.45312 0.474047
-3.44531 0.473951

-2.09375 0.453133
-2.09349 0.453125

-3.44531 0.473951
-3.4375 0.473853

-0.125 0.330391
-0.120836 0.328125

-0.109375 0.32208
-0.09375 0.31311

-2.07812 0.452626
-2.0625 0.452158

-0.03125 0.273117
-0.0431685 0.28125

-2.0625 0.452159
-2.04688 0.451709

-0.0546875 0.288919
-0.0549098 0.289062

-3.4375 0.473853
-3.42969 0.473753

-0.0625 0.293963
-0.0549184 0.289062

-2.04688 0.451708
-2.03125 0.451277

-0.0546875 0.288914
-0.046875 0.283753

-3.42969 0.473753
-3.42188 0.47365

-0.046875 0.283771
-0.0431378 0.28125

-0.015625 0.262218
-0.0203573 0.265625

-0.03125 0.273092
-0.0234375 0.267591

-0.0234375 0.26707
-0.0214222 0.265625

-0.0078125 0.257076
-0.00882659 0.257812

-0.015625 0.261721
-0.0103131 0.257812

-3.42188 0.47365
-3.41406 0.473546

-3.41406 0.473546
-3.40625 0.47344

-3.40625 0.47344
-3.39844 0.473334

-3.39844 0.473334
-3.39062 0.473229

-3.39062 0.473229
-3.38281 0.473126

-3.38281 0.473126
-3.375 0.473025

-2.03125 0.451276
-2.01562 0.450866

-2.01562 0.450866
-2 0.450479

-3.375 0.473025
-3.36719 0.472924

-3.36719 0.472924
-3.35938 0.472824

-3.35938 0.472824
-3.35156 0.472725

-3.35156 0.472725
-3.34375 0.472627

-3.34375 0.472627
-3.33594 0.472529

-3.33594 0.472529
-3.32812 0.472431

-3.32812 0.472431
-3.32031 0.472335

-3.32031 0.472335
-3.3125 0.472243

-3.3125 0.472243
-3.30469 0.472153

-3.30469 0.472153
-3.29688 0.472067

-3.29688 0.472067
-3.28906 0.471984

-3.28906 0.471983
-3.28125 0.471904

-3.28125 0.471904
-3.27344 0.471829

-3.27344 0.471829
-3.26562 0.471759

-3.26562 0.471759
-3.25781 0.471694

-3.25781 0.471694
-3.25 0.471633

-0.0078125 0.25622
0 0.250344

0.25 -0.0419951
0.248405 -0.0390625

0.248765 -0.0390625
0.244419 -0.03125

-3.25 0.471633
-3.24219 0.471575

-3.24219 0.471575
-3.23438 0.47152

-3.23438 0.47152
-3.22656 0.471467

-3.22656 0.471467
-3.21875 0.471416

0.226562 -0.00132594
0.225769 0

0.234375 -0.013918
0.230742 -0.0078125

-3.21875 0.471416
-3.21094 0.471368

-3.21094 0.471368
-3.20312 0.471322

-3.20312 0.471322
-3.19531 0.471279

-3.19531 0.471279
-3.1875 0.47124

-3.1875 0.47124
-3.17969 0.471204

-3.17969 0.471205
-3.17188 0.471173

0.226562 -0.000804664
0.230827 -0.0078125

0.242188 -0.0278006
0.239706 -0.0234375

-3.17188 0.471173
-3.16406 0.471143

-3.16406 0.471143
-3.15625 0.471113

0.239977 -0.0234375
0.235432 -0.015625

0.242188 -0.0268547
0.244688 -0.03125

0.234375 -0.0136178
0.235561 -0.015625

-3.15625 0.471114
-3.14844 0.471083

-3.14844 0.471083
-3.14062 0.471053

-3.14062 0.471053
-3.13281 0.471023

0.367916 -0.5
0.367797 -0.484375

0.367798 -0.484375
0.367438 -0.46875

0.367442 -0.46875
0.36683 -0.453125

0.366827 -0.453125
0.365964 -0.4375

0.365977 -0.4375
0.364844 -0.421875

0.364834 -0.421875
0.363427 -0.40625

0.363428 -0.40625
0.361763 -0.390625

0.361763 -0.390625
0.35984 -0.375

0.359375 -0.37179
0.357644 -0.359375

0.357662 -0.359375
0.355229 -0.34375

0.359375 -0.371308
0.35989 -0.375

0.355235 -0.34375
0.352528 -0.328125

0.352535 -0.328125
0.349529 -0.3125

0.34375 -0.28616
0.342617 -0.28125

0.342674 -0.28125
0.33462 -0.25

0.34375 -0.286044
0.349596 -0.3125

0.3125 -0.180336
0.309455 -0.171875

0.309459 -0.171875
0.303514 -0.15625

0.296875 -0.139696
0.290701 -0.125

0.303515 -0.15625
0.297262 -0.140625

0.296875 -0.139743
0.297246 -0.140625

0.328125 -0.227668
0.327796 -0.226562

0.32775 -0.226562
0.325358 -0.21875

0.334545 -0.25
0.330095 -0.234375

0.328125 -0.22791
0.330079 -0.234375

0.325358 -0.21875
0.322893 -0.210938

0.322891 -0.210938
0.320357 -0.203125

0.320382 -0.203125
0.315084 -0.1875

0.3125 -0.180359
0.315141 -0.1875

0.28125 -0.103814
0.276615 -0.09375

0.265625 -0.0716182
0.264976 -0.0703125

0.265206 -0.0703125
0.261231 -0.0625

0.273438 -0.0874505
0.272719 -0.0859375

0.272889 -0.0859375
0.269091 -0.078125

0.273438 -0.0870212
0.276635 -0.09375

0.265625 -0.0710845
0.269127 -0.078125

0.289062 -0.121255
0.287292 -0.117188

0.28728 -0.117188
0.283799 -0.109375

0.289062 -0.121311
0.290669 -0.125

0.28125 -0.103768
0.283807 -0.109375

0.257812 -0.0565474
0.256845 -0.0546875

0.257168 -0.0546875
0.253013 -0.046875

0.257812 -0.0557812
0.261307 -0.0625

0.25 -0.0410314
0.253178 -0.046875

0.0078125 0.244345
0.000458078 0.25

0.015625 0.238567
0.0110212 0.242188

0.0078125 0.2435
0.00954637 0.242188

0.0234375 0.231945
0.0204555 0.234375

0.03125 0.226307
0.0309387 0.226562

0.0234375 0.231804
0.0298016 0.226562

0.015625 0.238161
0.0203316 0.234375

0.046875 0.212141
0.0392227 0.21875

0.0625 0.198093
0.0569553 0.203125

0.0546875 0.205342
0.0483337 0.210938

0.046875 0.211542
0.0475795 0.210938

0.0546875 0.205556
0.0573497 0.203125

0.03125 0.225432
0.0392839 0.21875

0.078125 0.183357
0.0738464 0.1875

0.09375 0.168044
0.0899332 0.171875

0.0859375 0.17582
0.081973 0.179688

0.078125 0.183545
0.0821179 0.179688

0.0859375 0.175913
0.0900115 0.171875

0.109375 0.151901
0.105347 0.15625

0.125 0.13483
0.119828 0.140625

0.117188 0.143228
0.112357 0.148438

0.109375 0.151896
0.11259 0.148438

0.117188 0.143998
0.120322 0.140625

0.101562 0.160052
0.0976551 0.164062

0.09375 0.168118
0.0977385 0.164062

0.101562 0.160164
0.105318 0.15625

0.0703125 0.191215
0.0657989 0.195312

0.0625 0.197743
0.0651876 0.195312

0.0703125 0.191016
0.0740403 0.1875

0.1875 0.0572416
0.183785 0.0625

0.140625 0.116917
0.133832 0.125

0.148438 0.108063
0.147401 0.109375

0.15625 0.0973179
0.152712 0.101562

0.148438 0.107703
0.153528 0.101562

0.140625 0.117038
0.147117 0.109375

0.171875 0.0785796
0.159961 0.09375

0.179688 0.0678177
0.177868 0.0703125

0.178133 0.0703125
0.172192 0.078125

0.179688 0.0683711
0.184051 0.0625

0.171875 0.0782718
0.171986 0.078125

0.15625 0.0990796
0.160569 0.09375

0.21875 0.0113195
0.21601 0.015625

0.210938 0.0237013
0.205915 0.03125

0.216199 0.015625
0.211114 0.0234375

0.210938 0.023768
0.211147 0.0234375

0.195312 0.0466162
0.195138 0.046875

0.203125 0.034828
0.200246 0.0390625

0.195312 0.0466727
0.200606 0.0390625

0.195171 0.046875
0.189615 0.0546875

0.1875 0.0580933
0.189912 0.0546875

0.203125 0.035838
0.206245 0.03125

0.226031 0
0.221169 0.0078125

0.21875 0.0119246
0.221367 0.0078125

0.132812 0.125997
0.126817 0.132812

0.125 0.135076
0.126983 0.132812

0.132812 0.126488
0.13411 0.125

0 0.250177
0.000232912 0.25

3.99805 -0.5
3.99949 -0.492188

3.99582 -0.492188
4 -0.488656

