-1 0.402009
-0.992188 0.401564

-0.992188 0.401564
-0.984375 0.401113

-0.984375 0.401113
-0.976562 0.400655

-0.976562 0.400655
-0.96875 0.40019

-0.96875 0.400189
-0.953125 0.399247

-0.953125 0.399248
-0.9375 0.39829

-0.9375 0.398292
-0.921875 0.39731

-0.921875 0.397308
-0.90625 0.396303

-0.90625 0.396305
-0.890625 0.395275

-3 0.462935
-2.98438 0.464268

-2.98438 0.464265
-2.96875 0.465474

-2.96875 0.465472
-2.95312 0.466567

-0.890625 0.395275
-0.875 0.394215

-1.98438 0.452407
-1.9999 0.453125

-2 0.453195
-1.99848 0.453125

-0.875 0.394211
-0.867188 0.393671

-0.867188 0.393671
-0.859375 0.393129

-0.859375 0.393131
-0.851562 0.392583

-2.95312 0.466566
-2.9375 0.467553

-0.851562 0.392583
-0.84375 0.392025

-2.9375 0.467545
-2.92969 0.467999

-0.84375 0.392026
-0.828125 0.39089

-1.98438 0.452411
-1.96875 0.451653

-2.92969 0.468
-2.92188 0.46843

-1.96875 0.451654
-1.95312 0.450859

-0.820312 0.390314
-0.824524 0.390625

-2.92188 0.468431
-2.91568 0.46875

-1.95312 0.450859
-1.9375 0.450025

-2.91558 0.46875
-2.90625 0.469212

-1.9375 0.450024
-1.92188 0.449154

-0.820312 0.390314
-0.8125 0.389728

-0.828125 0.390885
-0.824646 0.390625

-0.8125 0.389726
-0.804688 0.389128

-0.804688 0.389129
-0.796875 0.388524

-0.796875 0.388524
-0.789062 0.387912

-0.789062 0.387911
-0.78125 0.387293

-0.78125 0.387293
-0.773438 0.386671

-0.773438 0.386671
-0.765625 0.386045

-0.765625 0.386045
-0.757812 0.385414

-0.757812 0.385415
-0.75 0.384777

-4 0.291972
-3.98438 0.292076

-3.98438 0.292078
-3.96875 0.292385

-3.96875 0.292389
-3.95312 0.292888

-3.95312 0.292901
-3.94531 0.29322

-3.94531 0.293219
-3.9375 0.293583

-3.9375 0.293571
-3.92188 0.294435

-3.92188 0.294437
-3.90625 0.295482

-3.90625 0.295482
-3.89062 0.296702

-3.89062 0.296676
-3.8884 0.296875

-3.88875 0.296875
-3.875 0.2981

-3.875 0.298097
-3.85938 0.299658

-3.85938 0.299658
-3.84375 0.301386

-3.84375 0.301389
-3.82812 0.30328

-3.82812 0.303279
-3.8125 0.305329

-3.8125 0.305332
-3.79688 0.307535

-3.79688 0.307538
-3.78125 0.309882

-3.78125 0.309886
-3.76562 0.312355

-3.76562 0.312472
-3.76545 0.3125

-0.632812 0.374431
-0.6388 0.375

-1.92188 0.449153
-1.90625 0.448249

-2.90625 0.469203
-2.89844 0.469547

-1.90625 0.448247
-1.89062 0.447316

-1.89062 0.447314
-1.875 0.446363

-2.89844 0.469546
-2.89062 0.469865

-2.89062 0.469865
-2.88281 0.47016

-2.88281 0.47016
-2.875 0.470431

-1.875 0.446364
-1.85938 0.445397

-1.85938 0.445396
-1.84375 0.444414

-1.84375 0.444411
-1.82812 0.443423

-1.82812 0.443422
-1.8125 0.442436

-2.875 0.470431
-2.86719 0.47068

-1.8125 0.442434
-1.79688 0.441453

-1.79688 0.441454
-1.78125 0.440478

-1.78125 0.44048
-1.76562 0.439503

-1.76562 0.439501
-1.75 0.438525

-2.86719 0.47068
-2.85938 0.470908

-2.85938 0.470908
-2.85156 0.471116

-2.85156 0.471116
-2.84375 0.471306

-2.84375 0.471306
-2.83594 0.471477

-0.632812 0.374422
-0.625 0.373671

-0.75 0.384776
-0.742188 0.384131

-3.76473 0.3125
-3.75781 0.313632

-3.75781 0.31364
-3.75 0.314952

-0.742188 0.38413
-0.734375 0.38348

-0.734375 0.38348
-0.726562 0.382825

-0.71875 0.382167
-0.726408 0.382812

-2.83594 0.471477
-2.82812 0.47163

-2.82812 0.47163
-2.82031 0.471765

-2.82031 0.471765
-2.8125 0.471882

-1.71875 0.436578
-1.73359 0.4375

-2.8125 0.471882
-2.80469 0.471982

-2.80469 0.471982
-2.79688 0.472065

-1.71875 0.436583
-1.70312 0.435619

-0.726562 0.382822
-0.726444 0.382812

-2.79688 0.472064
-2.78906 0.472133

-0.71875 0.382167
-0.710938 0.381502

-3.75 0.314953
-3.74219 0.316294

-0.710938 0.381502
-0.703125 0.38083

-3.74219 0.316294
-3.73438 0.317662

-0.703125 0.380831
-0.695312 0.380151

-2.78906 0.472132
-2.78125 0.472188

-0.695312 0.380151
-0.6875 0.379462

-2.78125 0.472187
-2.77344 0.472232

-2.77344 0.472231
-2.76562 0.472267

-0.6875 0.379462
-0.679688 0.378765

-3.73438 0.317662
-3.72656 0.319057

-0.679688 0.378765
-0.671875 0.37806

-3.72656 0.319049
-3.71961 0.320312

-1.70312 0.435617
-1.6875 0.434653

-3.72001 0.320312
-3.71875 0.320543

-1.75 0.438525
-1.7335 0.4375

-2.76562 0.472266
-2.75781 0.472293

-0.671875 0.37806
-0.664062 0.377348

-0.664062 0.377348
-0.65625 0.376627

-2.75781 0.472293
-2.75 0.472313

-2.75 0.472314
-2.73438 0.472334

-2.73438 0.472338
-2.71875 0.472323

-2.71875 0.472319
-2.71094 0.472295

-2.71094 0.472295
-2.70312 0.472262

-2.70312 0.472262
-2.69531 0.472218

-2.69531 0.472217
-2.6875 0.472163

-2.6875 0.472163
-2.67969 0.472098

-2.67969 0.472098
-2.67188 0.472024

-2.67188 0.472024
-2.66406 0.471941

-2.66406 0.471941
-2.65625 0.47185

-2.65625 0.47185
-2.64844 0.471753

-2.64844 0.471753
-2.64062 0.471649

-2.64062 0.47165
-2.63281 0.471538

-2.63281 0.471538
-2.625 0.471417

-2.625 0.471417
-2.61719 0.471289

-2.61719 0.471289
-2.60938 0.471154

-2.60938 0.471154
-2.60156 0.471011

-2.60156 0.471011
-2.59375 0.470862

-2.59375 0.470861
-2.58594 0.470706

-2.58594 0.470706
-2.57812 0.470546

-2.57812 0.470546
-2.57031 0.470381

-2.57031 0.470381
-2.5625 0.47021

-2.5625 0.47021
-2.55469 0.470033

-2.55469 0.470033
-2.54688 0.469852

-2.54688 0.469852
-2.53906 0.469665

-2.53906 0.469665
-2.53125 0.469473

-2.5 0.46867
-2.50307 0.46875

-2.53125 0.469473
-2.52344 0.469276

-2.52344 0.469275
-2.51562 0.469075

-2.51562 0.469075
-2.50781 0.468872

-2.50781 0.468868
-2.50333 0.46875

-1.6875 0.434645
-1.65625 0.432752

-1.65625 0.432754
-1.64062 0.431827

-1.64062 0.431829
-1.625 0.430913

-1.625 0.430913
-1.60938 0.430004

-1.60938 0.430003
-1.59375 0.429103

-1.59375 0.429101
-1.57812 0.428215

-1.57812 0.428214
-1.5625 0.427349

-1.5625 0.427351
-1.54688 0.426505

-1.54688 0.426501
-1.53125 0.425678

-1.53125 0.425681
-1.51562 0.424883

-1.51562 0.424882
-1.5 0.424104

-3.71875 0.320472
-3.70312 0.323389

-3.70312 0.323387
-3.6875 0.32641

-0.65625 0.376627
-0.648438 0.3759

-0.648438 0.3759
-0.640625 0.375165

-0.640625 0.375131
-0.639246 0.375

-3.6875 0.326422
-3.67896 0.328125

-3.6789 0.328125
-3.67188 0.329531

-3.67188 0.329534
-3.66406 0.331122

-0.625 0.373671
-0.617188 0.372911

-0.617188 0.372911
-0.609375 0.372143

-0.609375 0.372143
-0.601562 0.371366

-0.601562 0.371366
-0.59375 0.37058

-3.66406 0.331122
-3.65625 0.332732

-3.65625 0.332732
-3.64844 0.334363

-0.59375 0.37058
-0.585938 0.369787

-0.585938 0.369787
-0.578125 0.368984

-0.578125 0.368984
-0.570312 0.368173

-0.570312 0.368173
-0.5625 0.367353

-2.5 0.468664
-2.48438 0.468253

-2.48438 0.468254
-2.46875 0.467842

-0.554688 0.366535
-0.560832 0.367188

-0.5625 0.367299
-0.561452 0.367188

-0.554688 0.366524
-0.546875 0.365683

-3.64844 0.334363
-3.641 0.335938

-3.64108 0.335938
-3.64062 0.336033

-1.5 0.424106
-1.48438 0.423344

-1.48438 0.423342
-1.46875 0.422596

-3.64062 0.336017
-3.63281 0.337692

-0.546875 0.365683
-0.539062 0.364831

-2.46875 0.467836
-2.45312 0.467434

-0.539062 0.364831
-0.53125 0.36397

-3.63281 0.337692
-3.625 0.339387

-0.53125 0.36397
-0.523438 0.3631

-2.45312 0.467435
-2.4375 0.467055

-3.625 0.339387
-3.61719 0.341101

-0.523438 0.3631
-0.515625 0.362219

-3.61719 0.341101
-3.60938 0.342833

-0.515625 0.362219
-0.507812 0.361329

-1.45312 0.421864
-1.45335 0.421875

-0.507812 0.361329
-0.5 0.36043

-1.46875 0.422598
-1.45325 0.421875

-1.45312 0.421865
-1.4375 0.421158

-2.4375 0.467064
-2.42188 0.466685

-1.4375 0.421161
-1.42969 0.420818

-3.60938 0.342896
-3.60556 0.34375

-2.42188 0.466685
-2.40625 0.466289

-2.40625 0.466287
-2.39062 0.465879

-3.60497 0.34375
-3.60156 0.344513

-1.42969 0.420818
-1.42188 0.42048

-3.60156 0.344582
-3.59375 0.346345

-3.59375 0.346345
-3.58594 0.348122

-1.42188 0.42048
-1.41406 0.420147

-3.58594 0.348122
-3.57812 0.349913

-1.41406 0.420147
-1.40625 0.419815

-2.39062 0.465878
-2.38281 0.46567

-1.40625 0.419814
-1.39062 0.41916

-1.39062 0.419161
-1.38281 0.418839

-3.57812 0.34992
-3.57102 0.351562

-3.5705 0.351562
-3.57031 0.351606

-2.38281 0.46567
-2.375 0.465459

-3.57031 0.351718
-3.5625 0.353537

-1.38281 0.418839
-1.375 0.418519

-2.375 0.465459
-2.36719 0.465245

-2.36719 0.465245
-2.35938 0.465028

-2.35938 0.465028
-2.35156 0.46481

-2.35156 0.46481
-2.34375 0.46459

-3.5625 0.353537
-3.55469 0.355369

-1.375 0.418519
-1.36719 0.4182

-2.34375 0.46459
-2.33594 0.464368

-2.33594 0.464368
-2.32812 0.464143

-1.36719 0.4182
-1.35938 0.417881

-1.35938 0.417879
-1.35156 0.417563

-1.35156 0.417563
-1.34375 0.417252

-1.34375 0.417253
-1.33594 0.416946

-2.32812 0.464145
-2.3125 0.463684

-1.33594 0.416946
-1.32812 0.416641

-2.3125 0.463684
-2.29688 0.463208

-3.55469 0.355369
-3.54688 0.357212

-1.32812 0.41664
-1.3125 0.416034

-3.54688 0.357226
-3.53767 0.359375

-1.3125 0.416036
-1.29688 0.415431

-1.29688 0.415431
-1.28125 0.414824

-3.53758 0.359375
-3.53125 0.36084

-3.53125 0.360846
-3.52344 0.362668

-3.52344 0.362668
-3.51562 0.364498

-2.29688 0.463206
-2.28125 0.462721

-2.28125 0.46272
-2.27344 0.462475

-2.27344 0.462475
-2.26562 0.462229

-2.26562 0.462229
-2.25781 0.461981

-3.51562 0.364499
-3.50781 0.366334

-3.50781 0.366618
-3.50539 0.367188

-3.50319 0.367188
-3.5 0.367939

-2.25781 0.461981
-2.25 0.461733

-1.28125 0.414826
-1.26562 0.414212

-1.26562 0.414209
-1.25 0.41359

-0.484375 0.358615
-0.490829 0.359375

-0.5 0.36043
-0.492188 0.359522

-0.492188 0.359428
-0.491739 0.359375

-0.484375 0.358603
-0.476562 0.357672

-0.476562 0.357672
-0.46875 0.356729

-0.46875 0.356729
-0.460938 0.355775

-0.460938 0.355775
-0.453125 0.354809

-0.453125 0.354809
-0.445312 0.353831

-0.445312 0.353832
-0.4375 0.352843

-2.25 0.461733
-2.24219 0.461485

-2.24219 0.461485
-2.23438 0.461237

-1.25 0.413591
-1.24219 0.413281

-0.4375 0.352843
-0.429688 0.351843

-2.23438 0.461238
-2.21875 0.460744

-1.24219 0.413282
-1.23438 0.412972

-2.21875 0.460742
-2.20312 0.460254

-0.421875 0.350864
-0.427263 0.351562

-2.20312 0.46025
-2.1875 0.459777

-0.429688 0.351737
-0.428339 0.351562

-0.421875 0.35083
-0.414062 0.349804

-1.23438 0.412972
-1.22656 0.41266

-2.1875 0.45979
-2.17188 0.459314

-1.22656 0.41266
-1.21875 0.412346

-0.414062 0.349804
-0.40625 0.348764

-1.21875 0.412346
-1.20312 0.411709

-0.40625 0.348764
-0.398438 0.34771

-2.17188 0.459305
-2.15625 0.458819

-1.20312 0.411708
-1.1875 0.411063

-2.15625 0.458821
-2.14062 0.458339

-0.398438 0.34771
-0.390625 0.346641

-2.14062 0.45834
-2.13281 0.458098

-1.1875 0.411064
-1.17188 0.41041

-1.17188 0.410409
-1.16406 0.410077

-1.16406 0.410078
-1.15625 0.409744

-1.15625 0.409745
-1.14062 0.409068

-1.14062 0.40907
-1.125 0.408376

-0.390625 0.346641
-0.382812 0.345558

-1.125 0.408377
-1.10938 0.407658

-1.10938 0.407655
-1.09375 0.406915

-0.382812 0.345559
-0.375 0.344462

-1.07812 0.406155
-1.08007 0.40625

-1.07812 0.406155
-1.07031 0.405767

-1.07031 0.405768
-1.0625 0.405374

-0.367188 0.343572
-0.36844 0.34375

-2.13281 0.458099
-2.125 0.457851

-1.09375 0.406916
-1.08004 0.40625

-0.367188 0.343351
-0.359375 0.342224

-0.359375 0.342224
-0.351562 0.341079

-1.0625 0.405375
-1.04688 0.404572

-1.04688 0.404573
-1.03906 0.404163

-2.125 0.457851
-2.10938 0.457345

-0.351562 0.341079
-0.34375 0.339916

-1.03906 0.404163
-1.03125 0.403743

-1.03125 0.403743
-1.01562 0.402886

-0.375 0.344366
-0.370666 0.34375

-2.10938 0.457345
-2.09375 0.456822

-2.09375 0.456824
-2.07812 0.45628

-2.07812 0.456281
-2.0625 0.45571

-1.01562 0.402885
-1 0.402009

-2.0625 0.455709
-2.04688 0.455108

-0.34375 0.339917
-0.335938 0.338735

-0.335938 0.338735
-0.328125 0.337533

-2.04688 0.455107
-2.03125 0.454478

-2.03125 0.454479
-2.01562 0.453822

-2.01562 0.453823
-2 0.453133

-0.328125 0.337533
-0.320312 0.336312

-0.3125 0.335075
-0.317932 0.335938

-0.320312 0.336304
-0.318006 0.335938

-0.3125 0.335072
-0.304688 0.333813

-0.304688 0.333813
-0.296875 0.332535

-0.296875 0.332535
-0.289062 0.331238

-0.289062 0.331235
-0.28125 0.329925

-0.265625 0.327219
-0.270886 0.328125

-0.28125 0.329939
-0.270713 0.328125

-0.265625 0.327239
-0.25 0.324467

-3.5 0.368173
-3.49219 0.370016

-3.49219 0.370016
-3.48438 0.371863

-3.48438 0.371863
-3.47656 0.373712

-3.47656 0.373817
-3.47156 0.375

-0.1875 0.312435
-0.187825 0.3125

-0.25 0.324469
-0.234375 0.321609

-0.234375 0.321609
-0.21875 0.31866

-0.21875 0.318654
-0.210938 0.317146

-0.210938 0.317147
-0.203125 0.315617

-0.203125 0.315618
-0.195312 0.314062

-0.195312 0.314064
-0.187612 0.3125

-0.1875 0.312481
-0.171875 0.309224

-0.171875 0.309223
-0.15625 0.305859

-0.15625 0.305868
-0.140625 0.302383

-0.140625 0.302371
-0.132812 0.300578

-0.132812 0.300577
-0.125 0.298758

-3.46974 0.375
-3.46875 0.375234

-3.46875 0.37556
-3.46094 0.377409

-3.46094 0.37741
-3.45312 0.37926

-0.109375 0.295037
-0.117061 0.296875

-0.125 0.298761
-0.117188 0.296913

-0.117188 0.296911
-0.11704 0.296875

-0.109375 0.295027
-0.101562 0.293105

-0.101562 0.293105
-0.09375 0.291149

-0.09375 0.29116
-0.078125 0.28714

-0.078125 0.287143
-0.0625 0.282969

-3.45312 0.37926
-3.44531 0.381109

-3.44531 0.381115
-3.43814 0.382812

-0.0546875 0.280756
-0.0564844 0.28125

-0.0546875 0.280811
-0.046875 0.278622

-0.046875 0.278622
-0.0390625 0.276395

-0.0390625 0.276395
-0.03125 0.274128

-0.0625 0.282984
-0.0562522 0.28125

-0.03125 0.274138
-0.015625 0.269485

-3.43769 0.382812
-3.4375 0.382858

-3.4375 0.382957
-3.42969 0.384804

-3.42969 0.384804
-3.42188 0.38665

0 0.264655
-0.00314454 0.265625

-0.015625 0.269493
-0.0030884 0.265625

-3.42188 0.38665
-3.41406 0.388495

-3.41406 0.388496
-3.40625 0.390338

-3.40625 0.390539
-3.40589 0.390625

-3.40492 0.390625
-3.39844 0.392151

-3.39844 0.392176
-3.39062 0.394013

-3.39062 0.394014
-3.38281 0.395847

-3.38281 0.395848
-3.375 0.397674

-3.375 0.397961
-3.37295 0.398438

-3.37092 0.398438
-3.36719 0.399307

-3.36719 0.399492
-3.35938 0.401302

-3.35938 0.401303
-3.35156 0.403104

-3.35156 0.403105
-3.34375 0.404895

-3.34375 0.404959
-3.33805 0.40625

-3.3365 0.40625
-3.33594 0.406378

-3.33594 0.406669
-3.32812 0.408433

-3.32812 0.408434
-3.32031 0.410188

-3.32031 0.410189
-3.3125 0.41193

-3.3125 0.411931
-3.30469 0.413658

-3.30469 0.413822
-3.30359 0.414062

-3.30265 0.414062
-3.29688 0.415329

-3.29688 0.41537
-3.28906 0.417068

-3.28906 0.417068
-3.28125 0.41875

-3.28125 0.41875
-3.27344 0.420415

-3.27344 0.420426
-3.26656 0.421875

-3.26584 0.421875
-3.26562 0.421921

-3.26562 0.422059
-3.25781 0.423687

-3.25781 0.423688
-3.25 0.4253

0.5 -0.0314525
0.49981 -0.03125

0.484375 -0.0151469
0.469027 0

0.492188 -0.0231986
0.484806 -0.015625

0.499836 -0.03125
0.492416 -0.0234375

0.492188 -0.0232454
0.492372 -0.0234375

0.484375 -0.0152144
0.484781 -0.015625

0.046875 0.24913
0.0443413 0.25

0.046875 0.249113
0.0546875 0.246358

-3.25 0.4253
-3.24219 0.426893

-3.24219 0.426893
-3.23438 0.428466

0.0546875 0.246359
0.0625 0.243553

-3.23438 0.428507
-3.22843 0.429688

-3.2271 0.429688
-3.22656 0.429795

0.0625 0.243567
0.078125 0.237796

0.09375 0.231803
0.0870992 0.234375

0.078125 0.237783
0.0859375 0.234817

0.0859375 0.234778
0.0869796 0.234375

-3.22656 0.430018
-3.21875 0.431549

-3.21875 0.431549
-3.21094 0.433058

-3.21094 0.433058
-3.20312 0.434543

0.09375 0.231797
0.101562 0.22872

0.109375 0.22563
0.10705 0.226562

0.101562 0.228701
0.106896 0.226562

0.109375 0.225588
0.117188 0.222398

0.117188 0.222399
0.125 0.219151

-3.20312 0.434544
-3.19531 0.436003

-3.19531 0.436004
-3.1875 0.437435

-3.1875 0.437463
-3.18729 0.4375

-3.18713 0.4375
-3.17969 0.438836

-3.17969 0.438838
-3.17188 0.440214

-3.17188 0.440214
-3.16406 0.441563

-3.16406 0.441563
-3.15625 0.442884

0.132812 0.215846
0.125951 0.21875

0.132812 0.215846
0.140625 0.212478

0.148438 0.208973
0.143961 0.210938

0.140625 0.212571
0.144347 0.210938

0.148438 0.20905
0.15625 0.205557

-3.15625 0.442885
-3.14844 0.444177

-3.14844 0.444179
-3.14142 0.445312

-3.14123 0.445312
-3.14062 0.44541

0.125 0.219143
0.125928 0.21875

-3.14062 0.445441
-3.125 0.447892

0.164062 0.201768
0.161082 0.203125

0.164062 0.201999
0.171875 0.198378

0.15625 0.205673
0.161844 0.203125

0.171875 0.19839
0.1875 0.190974

-3.125 0.44791
-3.10938 0.450235

-3.10938 0.450224
-3.09375 0.452411

0.195312 0.187013
0.19431 0.1875

0.195312 0.187167
0.203125 0.183302

0.203125 0.183317
0.21875 0.1754

-3.09375 0.452462
-3.08874 0.453125

-3.08741 0.453125
-3.08594 0.453322

-3.08594 0.453454
-3.07812 0.454471

-3.07812 0.454471
-3.07031 0.455458

-3.07031 0.455458
-3.0625 0.456414

0.226562 0.171253
0.225363 0.171875

0.226562 0.171334
0.234375 0.16721

0.21875 0.17542
0.225522 0.171875

0.234375 0.167231
0.25 0.158771

0.1875 0.191
0.194638 0.1875

-3.0625 0.456414
-3.05469 0.457338

-3.05469 0.457338
-3.04688 0.45823

-3.04688 0.45823
-3.03906 0.459089

-3.03906 0.459089
-3.03125 0.459916

0 0.264669
0.015625 0.259668

0.0234375 0.257082
0.0212161 0.257812

-3.03125 0.459916
-3.02344 0.46071

-3.02344 0.460744
-3.02146 0.460938

0.015625 0.25966
0.0212444 0.257812

0.0234375 0.257087
0.03125 0.254474

0.03125 0.254487
0.0443177 0.25

-3.02097 0.460938
-3.01562 0.46146

-3.01562 0.461478
-3 0.462927

0.3125 0.12186
0.307449 0.125

0.3125 0.121896
0.328125 0.111818

0.335938 0.106585
0.331733 0.109375

0.34375 0.101351
0.343433 0.101562

0.335938 0.106605
0.343402 0.101562

0.328125 0.111808
0.331793 0.109375

0.359375 0.0904981
0.354735 0.09375

0.367188 0.0849321
0.365765 0.0859375

0.359375 0.0904748
0.365717 0.0859375

0.367188 0.0848937
0.375 0.0791879

0.34375 0.101354
0.354692 0.09375

0.257812 0.154368
0.254424 0.15625

0.257812 0.154414
0.265625 0.150003

0.265625 0.150027
0.28125 0.140974

0.25 0.1588
0.254554 0.15625

0.296875 0.1316
0.281844 0.140625

0.28125 0.140926
0.281765 0.140625

0.296875 0.131575
0.304688 0.126757

0.304688 0.126779
0.30753 0.125

0.398438 0.0615563
0.397225 0.0625

0.398438 0.0613541
0.40625 0.0551517

0.4375 0.0286054
0.434529 0.03125

0.421875 0.04247
0.41656 0.046875

0.414062 0.0488182
0.40683 0.0546875

0.40625 0.0550835
0.406739 0.0546875

0.414062 0.048467
0.415992 0.046875

0.429688 0.0360816
0.426121 0.0390625

0.421875 0.0419141
0.425369 0.0390625

0.429688 0.0358123
0.435066 0.03125

0.382812 0.0733584
0.376418 0.078125

0.390625 0.0675944
0.387022 0.0703125

0.382812 0.0732033
0.386636 0.0703125

0.375 0.079207
0.376466 0.078125

0.390625 0.0673448
0.39695 0.0625

0.453125 0.014219
0.451581 0.015625

0.445312 0.0213738
0.443009 0.0234375

0.4375 0.0290933
0.443935 0.0234375

0.445312 0.0221073
0.452448 0.015625

0.460938 0.00758489
0.460692 0.0078125

0.453125 0.0149001
0.460745 0.0078125

0.460938 0.00762572
0.46875 0.00020071

0.46875 0.000177647
0.468935 0

0.6875 -0.396091
0.686565 -0.390625

0.686558 -0.390625
0.685122 -0.382812

0.68512 -0.382812
0.68359 -0.375

0.696277 -0.5
0.695511 -0.46875

0.695428 -0.46875
0.694467 -0.453125

0.694464 -0.453125
0.693096 -0.4375

0.693096 -0.4375
0.691327 -0.421875

0.691327 -0.421875
0.689156 -0.40625

0.6875 -0.396189
0.689156 -0.40625

0.683621 -0.375
0.680262 -0.359375

0.68027 -0.359375
0.676489 -0.34375

0.671875 -0.326763
0.667628 -0.3125

0.676488 -0.34375
0.672275 -0.328125

0.671875 -0.326846
0.672256 -0.328125

0.65625 -0.279434
0.653993 -0.273438

0.653989 -0.273438
0.650943 -0.265625

0.648438 -0.25925
0.647856 -0.257812

0.647784 -0.257812
0.644507 -0.25

0.648438 -0.259474
0.650926 -0.265625

0.66763 -0.3125
0.662523 -0.296875

0.662516 -0.296875
0.656959 -0.28125

0.65625 -0.279534
0.656908 -0.28125

0.625 -0.208293
0.622355 -0.203125

0.617188 -0.193378
0.613995 -0.1875

0.622303 -0.203125
0.618182 -0.195312

0.617188 -0.193844
0.617985 -0.195312

0.578125 -0.128466
0.575779 -0.125

0.59375 -0.152257
0.591361 -0.148438

0.585938 -0.140848
0.590813 -0.148438

0.585798 -0.140625
0.580646 -0.132812

0.578125 -0.129778
0.580178 -0.132812

0.609375 -0.179341
0.60508 -0.171875

0.601562 -0.164257
0.601447 -0.164062

0.600456 -0.164062
0.595702 -0.15625

0.601562 -0.166233
0.604902 -0.171875

0.61394 -0.1875
0.609572 -0.179688

0.609375 -0.179404
0.609538 -0.179688

0.59375 -0.154725
0.594704 -0.15625

0.53125 -0.0669086
0.527604 -0.0625

0.554688 -0.0960309
0.553004 -0.09375

0.5625 -0.106808
0.558658 -0.101562

0.554688 -0.0964465
0.558533 -0.101562

0.546875 -0.0861239
0.546729 -0.0859375

0.546741 -0.0859375
0.540555 -0.078125

0.539062 -0.0762743
0.534216 -0.0703125

0.53125 -0.0666107
0.534308 -0.0703125

0.539062 -0.0763117
0.540503 -0.078125

0.546875 -0.0861122
0.552767 -0.09375

0.515625 -0.0484695
0.51421 -0.046875

0.507812 -0.0396678
0.507261 -0.0390625

0.5 -0.0314278
0.50707 -0.0390625

0.507812 -0.0399077
0.514101 -0.046875

0.523438 -0.0574168
0.521124 -0.0546875

0.515625 -0.0486084
0.520964 -0.0546875

0.523438 -0.0575932
0.527596 -0.0625

0.570312 -0.1176
0.570021 -0.117188

0.569933 -0.117188
0.564359 -0.109375

0.570312 -0.117745
0.575354 -0.125

0.5625 -0.106872
0.564303 -0.109375

0.640625 -0.241102
0.637594 -0.234375

0.632812 -0.224118
0.630227 -0.21875

0.637589 -0.234375
0.633946 -0.226562

0.632812 -0.224436
0.633837 -0.226562

0.644507 -0.25
0.64111 -0.242188

0.640625 -0.241164
0.641086 -0.242188

0.630181 -0.21875
0.626301 -0.210938

0.625 -0.208614
0.62619 -0.210938

3.99805 -0.5
3.99949 -0.492188

3.99582 -0.492188
4 -0.488656

