-1 0.486652
-0.992188 0.486215

-0.992188 0.486215
-0.984375 0.485735

-0.984375 0.485734
-0.976562 0.485212

-0.976562 0.485211
-0.96875 0.484648

-0.960938 0.484041
-0.96527 0.484375

-0.960938 0.484045
-0.953125 0.483405

-0.96875 0.484653
-0.96514 0.484375

-0.953125 0.483405
-0.945312 0.48273

-0.945312 0.48273
-0.9375 0.482022

-2 0.45598
-1.99219 0.455992

-0.9375 0.482022
-0.929688 0.481279

-1.99219 0.455991
-1.98438 0.456007

-1.98438 0.456008
-1.96875 0.456048

-1.96875 0.456045
-1.96094 0.45607

-1.96094 0.45607
-1.95312 0.456103

-1.95312 0.456103
-1.94531 0.456143

-1.94531 0.456143
-1.9375 0.456191

-4 0.491847
-3.99219 0.491838

-3.99219 0.491838
-3.98438 0.49181

-3.98438 0.49181
-3.97656 0.491764

-0.929688 0.481279
-0.921875 0.480501

-0.921875 0.480501
-0.914062 0.47969

-0.914062 0.47969
-0.90625 0.478848

-0.90625 0.478847
-0.898438 0.477977

-0.898438 0.477977
-0.890625 0.477081

-0.882812 0.476144
-0.88636 0.476562

-0.890625 0.477092
-0.886144 0.476562

-3 0.438582
-2.99219 0.438883

-2.99219 0.438883
-2.98438 0.439189

-1.9375 0.45619
-1.92969 0.456247

-2.98438 0.43919
-2.97656 0.439501

-2.97656 0.439501
-2.96875 0.439814

-2.96875 0.439814
-2.96094 0.440129

-1.92969 0.456247
-1.92188 0.456314

-3.97656 0.491763
-3.96875 0.491698

-3.96875 0.491698
-3.96094 0.491615

-3.96094 0.491615
-3.95312 0.491514

-0.882812 0.476158
-0.875 0.47521

-2.96094 0.440129
-2.95312 0.440447

-2.95312 0.440447
-2.94531 0.440768

-2.94531 0.440768
-2.9375 0.441091

-0.875 0.47521
-0.867188 0.474236

-1.92188 0.456312
-1.91406 0.45639

-2.9375 0.441091
-2.92969 0.441415

-1.91406 0.45639
-1.90625 0.456482

-0.867188 0.474236
-0.859375 0.473236

-1.90625 0.456482
-1.89844 0.456589

-2.92969 0.441415
-2.92188 0.441739

-3.95312 0.491515
-3.94531 0.491396

-0.859375 0.473236
-0.851562 0.472211

-0.851562 0.472211
-0.84375 0.471162

-0.820312 0.467835
-0.826694 0.46875

-0.820312 0.467871
-0.8125 0.46673

-0.84375 0.471161
-0.835938 0.470089

-0.835938 0.47009
-0.828125 0.468993

-0.828125 0.469102
-0.825668 0.46875

-2.92188 0.441739
-2.91406 0.442061

-3.94531 0.491396
-3.9375 0.491259

-2.91406 0.442062
-2.90625 0.442382

-3.9375 0.491259
-3.92969 0.491103

-0.8125 0.46673
-0.804688 0.46557

-3.92969 0.491103
-3.92188 0.490928

-1.89844 0.456589
-1.89062 0.456709

-2.90625 0.442382
-2.89844 0.442699

-2.89844 0.442699
-2.89062 0.443015

-2.89062 0.443015
-2.88281 0.443328

-2.88281 0.443328
-2.875 0.443638

-3.92188 0.490928
-3.91406 0.490735

-3.91406 0.490735
-3.90625 0.490522

-0.804688 0.46557
-0.796875 0.464391

-3.90625 0.490522
-3.89844 0.49029

-1.89062 0.456705
-1.875 0.456992

-0.796875 0.464392
-0.789062 0.463192

-3.89844 0.49029
-3.89062 0.490038

-0.789062 0.463192
-0.78125 0.46197

-3.89062 0.490039
-3.88281 0.489767

-0.773438 0.460716
-0.774829 0.460938

-3.88281 0.489767
-3.875 0.489472

-2.875 0.443638
-2.86719 0.443943

-2.86719 0.443943
-2.85938 0.44424

-0.78125 0.461971
-0.774744 0.460938

-1.875 0.456996
-1.86719 0.457162

-3.875 0.489473
-3.86719 0.489155

-1.86719 0.457163
-1.85938 0.457341

-0.773438 0.460727
-0.765625 0.459469

-1.85938 0.457337
-1.84375 0.457736

-1.84375 0.457738
-1.82812 0.458189

-2.85938 0.444241
-2.85156 0.44453

-3.86719 0.489155
-3.85938 0.488814

-2.85156 0.44453
-2.84375 0.444811

-3.85938 0.488814
-3.85156 0.48845

-1.82812 0.458183
-1.8125 0.458692

-3.85156 0.48845
-3.84375 0.488064

-2.84375 0.444814
-2.82812 0.44535

-0.765625 0.459472
-0.75 0.456914

-1.8125 0.458699
-1.79688 0.459266

-1.79688 0.459263
-1.78125 0.459878

-3.84375 0.488064
-3.83594 0.487657

-1.78125 0.45988
-1.76562 0.460545

-2.82812 0.445352
-2.8125 0.445849

-1.76562 0.460546
-1.75 0.461253

-2.8125 0.445846
-2.79688 0.446305

-2.79688 0.446305
-2.78125 0.446733

-3.83594 0.487657
-3.82812 0.487229

-2.78125 0.446732
-2.76562 0.447133

-2.76562 0.447135
-2.75 0.447506

-3.82812 0.487229
-3.82031 0.486778

-3.82031 0.486778
-3.8125 0.486303

-3.8125 0.486303
-3.80469 0.485805

-3.80469 0.485805
-3.79688 0.485283

-3.78125 0.484194
-3.78374 0.484375

-3.79688 0.485282
-3.78906 0.484738

-3.78906 0.484725
-3.78425 0.484375

-0.75 0.45692
-0.734375 0.454296

-0.71875 0.451588
-0.727658 0.453125

-1.75 0.461255
-1.73438 0.461998

-0.734375 0.454306
-0.727532 0.453125

-3.78125 0.48417
-3.77344 0.483581

-2.75 0.447505
-2.73438 0.447844

-3.77344 0.483581
-3.76562 0.482968

-2.73438 0.447843
-2.71875 0.44815

-0.71875 0.451592
-0.710938 0.450224

-3.76562 0.482968
-3.75781 0.482334

-0.710938 0.450221
-0.703125 0.448829

-1.73438 0.462001
-1.71875 0.462771

-2.71875 0.448151
-2.70312 0.448426

-1.71875 0.462774
-1.70312 0.463559

-2.70312 0.448423
-2.6875 0.448672

-3.75781 0.482334
-3.75 0.481679

-1.70312 0.463558
-1.6875 0.464353

-2.6875 0.448673
-2.67188 0.448902

-1.6875 0.464354
-1.67188 0.465158

-2.67188 0.448902
-2.65625 0.449106

-0.703125 0.448832
-0.6875 0.445994

-2.65625 0.449102
-2.64062 0.449288

-1.67188 0.465158
-1.65625 0.465968

-1.65625 0.465973
-1.64062 0.46678

-1.64062 0.466778
-1.63281 0.467177

-0.640625 0.437004
-0.643116 0.4375

-1.63281 0.467177
-1.625 0.467577

-0.640625 0.437004
-0.625 0.433823

-0.6875 0.445997
-0.671875 0.443085

-2.64062 0.449287
-2.625 0.449466

-0.671875 0.443081
-0.664062 0.441595

-0.664062 0.441595
-0.65625 0.440087

-0.65625 0.440088
-0.648438 0.438556

-1.625 0.467579
-1.60938 0.468373

-1.60938 0.468374
-1.60191 0.46875

-1.60177 0.46875
-1.60156 0.468761

-0.648438 0.438554
-0.643148 0.4375

-2.625 0.449462
-2.60938 0.449641

-2.60938 0.449641
-2.59375 0.449827

-3.75 0.481678
-3.74219 0.481005

-3.74219 0.481005
-3.73438 0.480315

-2.59375 0.449823
-2.57812 0.450026

-3.73438 0.480315
-3.72656 0.47961

-3.72656 0.479609
-3.71875 0.47889

-0.625 0.433819
-0.609375 0.430555

-3.71875 0.478889
-3.71094 0.478156

-0.609375 0.430554
-0.59375 0.427217

-1.60156 0.468766
-1.59375 0.469159

-0.59375 0.427213
-0.585938 0.425516

-1.59375 0.469159
-1.58594 0.46955

-3.71094 0.478156
-3.70312 0.47741

-1.58594 0.46955
-1.57812 0.469939

-0.585938 0.425518
-0.578125 0.4238

-2.57812 0.450025
-2.5625 0.450253

-0.5625 0.420328
-0.569426 0.421875

-1.57812 0.469939
-1.57031 0.470324

-3.70312 0.477409
-3.69531 0.476651

-2.5625 0.450255
-2.54688 0.450508

-0.578125 0.423794
-0.570312 0.422064

-1.57031 0.470324
-1.5625 0.470705

-0.570312 0.422057
-0.5695 0.421875

-2.54688 0.450507
-2.53125 0.450783

-3.6875 0.475888
-3.69435 0.476562

-2.53125 0.450784
-2.51562 0.451084

-2.51562 0.451087
-2.5 0.451401

-3.6875 0.475882
-3.67969 0.475101

-3.67969 0.475101
-3.67188 0.474309

-3.67188 0.474309
-3.66406 0.473507

-3.66406 0.473507
-3.65625 0.472696

-3.65625 0.472696
-3.64844 0.471877

-3.64844 0.471876
-3.64062 0.471049

-3.64062 0.471049
-3.63281 0.470215

-3.63281 0.470215
-3.625 0.469375

-1.5625 0.470705
-1.55469 0.471081

-1.55469 0.471081
-1.54688 0.471452

-1.54688 0.471452
-1.53906 0.47182

-0.5625 0.420314
-0.554688 0.418536

-3.61719 0.468567
-3.61888 0.46875

-0.554688 0.418538
-0.546875 0.416745

-1.53906 0.47182
-1.53125 0.472185

-0.546875 0.416745
-0.539062 0.414932

-3.61719 0.468529
-3.60938 0.467677

-3.60938 0.467677
-3.60156 0.466819

-1.53125 0.472186
-1.52344 0.472547

-1.52344 0.472547
-1.51562 0.472904

-0.53125 0.413128
-0.535232 0.414062

-0.539062 0.4149
-0.535493 0.414062

-3.60156 0.466819
-3.59375 0.465956

-0.5 0.405622
-0.50257 0.40625

-0.53125 0.413099
-0.523438 0.411247

-1.51562 0.472904
-1.50781 0.473257

-3.625 0.469362
-3.61935 0.46875

-1.50781 0.473257
-1.5 0.473607

-3.59375 0.465956
-3.58594 0.46509

-3.58594 0.465089
-3.57812 0.46422

-0.523438 0.411247
-0.515625 0.409375

-0.515625 0.409375
-0.507812 0.407484

-3.57812 0.46422
-3.57031 0.463348

-3.57031 0.463348
-3.5625 0.462475

-0.507812 0.40746
-0.502864 0.40625

-3.5625 0.462475
-3.55469 0.461601

-3.54688 0.460767
-3.5484 0.460938

-3.55469 0.46159
-3.54885 0.460938

-3.54688 0.460728
-3.53906 0.459855

-3.53906 0.459854
-3.53125 0.458982

-3.53125 0.458982
-3.52344 0.458113

-3.52344 0.458112
-3.51562 0.457247

-3.51562 0.457247
-3.50781 0.456386

-3.50781 0.456386
-3.5 0.455531

-2.5 0.451399
-2.48438 0.451724

-2.48438 0.451721
-2.46875 0.452065

-2.46875 0.452068
-2.45312 0.452428

-2.45312 0.45243
-2.4375 0.452798

-2.4375 0.452799
-2.42368 0.453125

-2.42355 0.453125
-2.42188 0.453165

-2.42188 0.45317
-2.40625 0.453529

-2.40625 0.453528
-2.39062 0.453875

-2.39062 0.453882
-2.375 0.454204

-2.375 0.454201
-2.35938 0.454488

-2.35938 0.454487
-2.35156 0.45462

-2.35156 0.45462
-2.34375 0.454744

-2.34375 0.454744
-2.33594 0.454861

-2.33594 0.45486
-2.32812 0.454971

-2.32812 0.454976
-2.3125 0.455171

-2.3125 0.455169
-2.29688 0.455329

-2.29688 0.455326
-2.28906 0.455395

-2.28906 0.455395
-2.28125 0.45546

-2.28125 0.455461
-2.26562 0.455575

-2.26562 0.455574
-2.25 0.455669

-1.5 0.473607
-1.49219 0.473953

-1.49219 0.473953
-1.48438 0.474297

-1.48438 0.474297
-1.47656 0.474636

-1.47656 0.474636
-1.46875 0.474971

-1.46875 0.474971
-1.46094 0.475302

-1.46094 0.475302
-1.45312 0.47563

-1.45312 0.475629
-1.44531 0.475955

-1.44531 0.475955
-1.4375 0.476278

-1.4375 0.476278
-1.43059 0.476562

-1.43066 0.476562
-1.42969 0.476603

-1.42969 0.4766
-1.42188 0.476921

-1.42188 0.476921
-1.41406 0.477241

-1.41406 0.477241
-1.40625 0.477561

-1.40625 0.477561
-1.39844 0.477881

-1.39844 0.477881
-1.39062 0.478201

-1.39062 0.478201
-1.38281 0.478521

-1.38281 0.47852
-1.375 0.478841

-0.382812 0.374632
-0.384111 0.375

-0.382812 0.374547
-0.375 0.372311

-2.25 0.455669
-2.23438 0.455747

-3.5 0.45553
-3.49219 0.454682

-3.49219 0.454682
-3.48438 0.453841

-2.23438 0.455746
-2.22656 0.455778

-0.5 0.405575
-0.492188 0.403646

-1.375 0.478841
-1.36719 0.479164

-0.492188 0.403646
-0.484375 0.401697

-1.36719 0.479164
-1.35938 0.479488

-2.22656 0.455778
-2.21875 0.455807

-1.35938 0.479488
-1.35156 0.479814

-0.484375 0.401698
-0.476562 0.399729

-1.35156 0.479814
-1.34375 0.480141

-3.47656 0.45304
-3.47736 0.453125

-2.21875 0.455806
-2.21094 0.45583

-3.47656 0.453009
-3.46875 0.452184

-3.48438 0.453837
-3.4777 0.453125

-2.21094 0.45583
-2.20312 0.45585

-1.34375 0.48014
-1.33594 0.480468

-0.46875 0.397804
-0.471238 0.398438

-1.33594 0.480467
-1.32812 0.480797

-3.46875 0.452184
-3.46094 0.451369

-2.20312 0.455851
-2.19531 0.455867

-3.46094 0.451368
-3.45312 0.450564

-2.19531 0.455867
-2.1875 0.45588

-1.32812 0.480796
-1.32031 0.481129

-0.476562 0.399696
-0.47162 0.398438

-0.46875 0.39774
-0.460938 0.395729

-1.32031 0.481129
-1.3125 0.481466

-0.460938 0.395728
-0.453125 0.393697

-3.45312 0.450564
-3.44531 0.449771

-2.1875 0.45588
-2.17969 0.45589

-1.3125 0.481466
-1.30469 0.481809

-0.4375 0.38967
-0.441106 0.390625

-1.30469 0.481809
-1.29688 0.482157

-3.44531 0.449771
-3.4375 0.448992

-1.29688 0.482158
-1.28906 0.482509

-1.28906 0.482509
-1.28125 0.482861

-2.17969 0.45589
-2.17188 0.455898

-1.28125 0.482863
-1.27344 0.483213

-2.17188 0.455897
-2.15625 0.455914

-1.27344 0.483213
-1.26562 0.483557

-0.453125 0.393697
-0.445312 0.391648

-0.445312 0.391555
-0.441799 0.390625

-1.26562 0.483557
-1.25781 0.483896

-0.4375 0.38958
-0.429688 0.387492

-0.429688 0.387492
-0.421875 0.385385

-2.15625 0.455914
-2.14844 0.455923

-0.421875 0.385385
-0.414062 0.38326

-2.14844 0.455923
-2.14062 0.455931

-1.25781 0.483896
-1.25 0.484229

-2.14062 0.455931
-2.125 0.455943

-0.40625 0.38117
-0.412234 0.382812

-3.4375 0.448991
-3.42969 0.448226

-3.42969 0.448226
-3.42188 0.447476

-0.414062 0.382971
-0.413485 0.382812

-2.125 0.455943
-2.11719 0.455947

-2.11719 0.455947
-2.10938 0.455952

-2.10938 0.455954
-2.09375 0.455957

-2.09375 0.455955
-2.07812 0.455952

-3.42188 0.447475
-3.41406 0.446741

-3.41406 0.44674
-3.40625 0.446022

-0.40625 0.381117
-0.398438 0.378949

-3.40625 0.446022
-3.39844 0.445321

-2.07812 0.455951
-2.0625 0.455949

-3.39062 0.444638
-3.39834 0.445312

-0.398438 0.378949
-0.390625 0.376759

-2.0625 0.455949
-2.05469 0.455948

-0.390625 0.37674
-0.384483 0.375

-1.25 0.484231
-1.24656 0.484375

-2.05469 0.455948
-2.04688 0.455949

-3.39062 0.444638
-3.38281 0.443973

-0.375 0.372311
-0.367188 0.37005

-3.38281 0.443973
-3.375 0.443326

-2.04688 0.455949
-2.03906 0.45595

-1.24648 0.484375
-1.24219 0.484555

-0.367188 0.370049
-0.359375 0.367764

-0.351562 0.365514
-0.357223 0.367188

-0.359375 0.367553
-0.35814 0.367188

-2.03906 0.45595
-2.03125 0.455953

-2.03125 0.455953
-2.02344 0.455957

-2.02344 0.455957
-2.01562 0.455963

-1.24219 0.484556
-1.23438 0.484877

-1.23438 0.484876
-1.22656 0.485191

-1.22656 0.485192
-1.21875 0.485503

-3.375 0.443326
-3.36719 0.442698

-3.36719 0.442698
-3.35938 0.44209

-3.35938 0.44209
-3.35156 0.441503

-3.35156 0.441503
-3.34375 0.440938

-0.351562 0.365455
-0.34375 0.363117

-0.328125 0.358395
-0.331327 0.359375

-0.34375 0.363117
-0.335938 0.360752

-0.335938 0.360728
-0.331517 0.359375

-0.328125 0.358372
-0.3125 0.353497

-3.34375 0.440938
-3.33594 0.440395

-0.28125 0.343403
-0.282307 0.34375

-1.21875 0.485503
-1.21094 0.485808

-0.3125 0.353488
-0.296875 0.348503

-2.01562 0.455963
-2.00781 0.45597

-3.33594 0.440395
-3.32812 0.439875

-2.00781 0.45597
-2 0.45598

-0.296875 0.348511
-0.282267 0.34375

-1.21094 0.485809
-1.20312 0.486108

-1.20312 0.486108
-1.19531 0.486399

-3.32812 0.439875
-3.32031 0.439379

-1.19531 0.4864
-1.1875 0.486682

-0.28125 0.343412
-0.265625 0.338208

-0.265625 0.338208
-0.25 0.332901

-1.1875 0.486683
-1.17969 0.486954

-1.17969 0.486954
-1.17188 0.487213

-1.17188 0.487213
-1.16406 0.487459

-3.32031 0.439379
-3.3125 0.438906

-1.16406 0.487459
-1.15625 0.48769

-1.15625 0.487691
-1.14844 0.487906

-1.14844 0.487907
-1.14062 0.488104

-1.14062 0.488103
-1.13281 0.488281

-1.13281 0.488281
-1.125 0.488439

-3.28125 0.437257
-3.28615 0.4375

-3.28125 0.437255
-3.27344 0.436903

-3.27344 0.436903
-3.26562 0.436575

-3.26562 0.436575
-3.25781 0.436274

-3.25781 0.436274
-3.25 0.435999

-3.3125 0.438906
-3.30469 0.438457

-3.30469 0.438457
-3.29688 0.438032

-3.29688 0.438032
-3.28906 0.437632

-3.28906 0.437622
-3.28653 0.4375

-1.125 0.48844
-1.11719 0.488575

-1.11719 0.488575
-1.10938 0.488685

-0.046875 0.249552
-0.047774 0.25

-0.046875 0.249455
-0.03125 0.241435

-1.10938 0.488685
-1.10156 0.488767

-0.015625 0.233724
-0.0168338 0.234375

-0.03125 0.241418
-0.0234375 0.237292

-0.0234375 0.23707
-0.0184338 0.234375

-0.015625 0.233084
-0.0078125 0.228792

0 0.224771
-0.00319766 0.226562

-0.0078125 0.228453
-0.00443848 0.226562

-1.10156 0.488768
-1.09375 0.48882

-0.1875 0.310422
-0.193091 0.3125

-0.234375 0.327486
-0.236222 0.328125

-0.25 0.332902
-0.236198 0.328125

-0.234375 0.327487
-0.226562 0.324746

-1.09375 0.488821
-1.08594 0.488842

-1.08594 0.488842
-1.07812 0.48883

-3.25 0.435998
-3.24219 0.435749

-3.24219 0.435748
-3.23438 0.435526

-0.226562 0.324747
-0.21875 0.321974

-0.210938 0.319097
-0.21432 0.320312

-1.07812 0.48883
-1.07031 0.488783

-0.21875 0.322023
-0.21399 0.320312

-3.23438 0.435526
-3.22656 0.435333

-3.22656 0.435333
-3.21875 0.435167

-1.07031 0.488783
-1.0625 0.4887

-0.210938 0.319167
-0.203125 0.316324

-0.203125 0.316327
-0.195312 0.313442

-0.195312 0.313633
-0.192286 0.3125

-3.21875 0.435168
-3.21094 0.435028

-3.21094 0.435028
-3.20312 0.43491

-1.0625 0.4887
-1.05469 0.488579

-1.05469 0.488579
-1.04688 0.488422

-0.1875 0.310529
-0.171875 0.304561

-0.171875 0.304562
-0.15625 0.298427

-1.04688 0.488423
-1.03906 0.488227

-3.20312 0.434903
-3.1875 0.434743

-1.03906 0.488227
-1.03125 0.487992

-0.148438 0.29526
-0.152464 0.296875

-1.03125 0.487992
-1.02344 0.487717

-3.1875 0.434747
-3.17188 0.434679

-1.02344 0.487717
-1.01562 0.487402

-0.148438 0.295288
-0.140625 0.292099

-1.01562 0.487402
-1.00781 0.487047

-3.17188 0.434678
-3.15625 0.434696

-0.15625 0.298465
-0.152322 0.296875

-1.00781 0.487047
-1 0.486651

-0.132812 0.28885
-0.133324 0.289062

-0.140625 0.292101
-0.133298 0.289062

-0.132812 0.28886
-0.125 0.285567

-3.15625 0.434699
-3.14062 0.434802

-0.109375 0.278816
-0.114957 0.28125

-0.109375 0.278829
-0.09375 0.271846

-0.125 0.285584
-0.114974 0.28125

-0.078125 0.264686
-0.080144 0.265625

-0.09375 0.271833
-0.0859375 0.268254

-3.14062 0.4348
-3.125 0.434985

-0.0859375 0.268227
-0.0803448 0.265625

-0.078125 0.264641
-0.0625 0.257176

-0.0625 0.257159
-0.0546875 0.253327

-0.0546875 0.253308
-0.0480542 0.25

-3.125 0.434988
-3.10938 0.435251

-3.10938 0.435252
-3.09375 0.435581

-3.09375 0.435583
-3.07812 0.435974

-3.07812 0.435976
-3.0625 0.436419

-3.0625 0.43642
-3.04688 0.436909

-3.04688 0.436912
-3.03125 0.437438

-3.03125 0.437485
-3.03083 0.4375

-3.02929 0.4375
-3.02344 0.437706

-3.02344 0.437715
-3.01562 0.437998

-3.01562 0.437998
-3.00781 0.438287

-3.00781 0.438287
-3 0.438582

0.4375 -0.404182
0.435793 -0.390625

0.435772 -0.390625
0.434667 -0.382812

0.434667 -0.382812
0.433484 -0.375

0.443257 -0.5
0.442661 -0.46875

0.442673 -0.46875
0.440863 -0.4375

0.440853 -0.4375
0.437825 -0.40625

0.4375 -0.404309
0.437744 -0.40625

0.433483 -0.375
0.432225 -0.367188

0.432226 -0.367188
0.430892 -0.359375

0.430914 -0.359375
0.428005 -0.34375

0.421875 -0.315398
0.421201 -0.3125

0.428006 -0.34375
0.424774 -0.328125

0.424751 -0.328125
0.423015 -0.320312

0.421875 -0.315402
0.423018 -0.320312

0.40625 -0.258571
0.406014 -0.257812

0.406023 -0.257812
0.403499 -0.25

0.421201 -0.3125
0.419294 -0.304688

0.419293 -0.304688
0.417296 -0.296875

0.417315 -0.296875
0.413066 -0.28125

0.413047 -0.28125
0.410795 -0.273438

0.410796 -0.273438
0.408455 -0.265625

0.40625 -0.25854
0.408456 -0.265625

0.375 -0.17586
0.373236 -0.171875

0.367188 -0.158402
0.366179 -0.15625

0.373223 -0.171875
0.369662 -0.164062

0.367188 -0.158955
0.369582 -0.164062

0.359375 -0.142741
0.358326 -0.140625

0.351562 -0.127834
0.350079 -0.125

0.358359 -0.140625
0.354378 -0.132812

0.351562 -0.127242
0.354478 -0.132812

0.366001 -0.15625
0.362233 -0.148438

0.359375 -0.142649
0.362245 -0.148438

0.28125 -0.0175499
0.279808 -0.015625

0.273438 -0.00724891
0.267706 0

0.27991 -0.015625
0.273877 -0.0078125

0.273438 -0.00725306
0.273874 -0.0078125

0.296875 -0.0386787
0.291548 -0.03125

0.304688 -0.0501312
0.302476 -0.046875

0.3125 -0.0615532
0.307934 -0.0546875

0.304688 -0.0497849
0.308031 -0.0546875

0.302613 -0.046875
0.29715 -0.0390625

0.296875 -0.0386705
0.297149 -0.0390625

0.289062 -0.0279465
0.285749 -0.0234375

0.28125 -0.0173526
0.285839 -0.0234375

0.289062 -0.0277414
0.291603 -0.03125

0.34375 -0.113048
0.341701 -0.109375

0.335938 -0.0993811
0.332635 -0.09375

0.341709 -0.109375
0.337242 -0.101562

0.335938 -0.0992268
0.337306 -0.101562

0.328125 -0.0864066
0.327849 -0.0859375

0.327964 -0.0859375
0.323144 -0.078125

0.320312 -0.0738136
0.318097 -0.0703125

0.318202 -0.0703125
0.313134 -0.0625

0.320312 -0.0735254
0.323223 -0.078125

0.328125 -0.0861967
0.332668 -0.09375

0.34375 -0.112995
0.350333 -0.125

0.3125 -0.0614752
0.313156 -0.0625

0.40352 -0.25
0.398204 -0.234375

0.398206 -0.234375
0.392532 -0.21875

0.390625 -0.213647
0.389594 -0.210938

0.389539 -0.210938
0.386468 -0.203125

0.386491 -0.203125
0.380062 -0.1875

0.390625 -0.213872
0.392481 -0.21875

0.375 -0.175897
0.380064 -0.1875

0.0625 0.187341
0.0622513 0.1875

0.015625 0.215482
0.0100152 0.21875

0.015625 0.215398
0.0231321 0.210938

0.0234375 0.21076
0.03125 0.206026

0 0.224416
0.0078125 0.219953

0.0078125 0.219711
0.0094613 0.21875

0.0390625 0.201945
0.0371531 0.203125

0.0390625 0.201198
0.046875 0.196269

0.03125 0.205595
0.0352452 0.203125

0.0546875 0.191332
0.0485063 0.195312

0.046875 0.195714
0.0474993 0.195312

0.0546875 0.19097
0.0599694 0.1875

0.0625 0.186106
0.0703125 0.180869

0.078125 0.175623
0.0721883 0.179688

0.0703125 0.180434
0.0714073 0.179688

0.0859375 0.171235
0.0850175 0.171875

0.0859375 0.170062
0.09375 0.164483

0.078125 0.175103
0.0827418 0.171875

0.109375 0.153051
0.105084 0.15625

0.117188 0.147382
0.115791 0.148438

0.109375 0.152845
0.115154 0.148438

0.117188 0.146995
0.125 0.140903

0.101562 0.158786
0.0943336 0.164062

0.09375 0.164409
0.0942302 0.164062

0.101562 0.158642
0.104795 0.15625

0.148438 0.121832
0.144595 0.125

0.15625 0.114785
0.153457 0.117188

0.148438 0.121893
0.154129 0.117188

0.179688 0.0935515
0.179472 0.09375

0.1875 0.0868306
0.180141 0.09375

0.164062 0.106992
0.161406 0.109375

0.171875 0.10049
0.17065 0.101562

0.164062 0.108407
0.171723 0.101562

0.15625 0.115495
0.163305 0.109375

0.171875 0.101332
0.180195 0.09375

0.21875 0.0557781
0.212253 0.0625

0.25 0.0220542
0.248819 0.0234375

0.242188 0.0302731
0.248164 0.0234375

0.234375 0.0390673
0.22719 0.046875

0.226562 0.0475488
0.219826 0.0546875

0.21875 0.055868
0.219882 0.0546875

0.226562 0.047475
0.227121 0.046875

0.234375 0.0390979
0.241366 0.03125

0.203125 0.071703
0.196553 0.078125

0.1875 0.0868187
0.196578 0.078125

0.210938 0.0638406
0.204521 0.0703125

0.203125 0.0716379
0.204458 0.0703125

0.210938 0.0638058
0.21222 0.0625

0.132812 0.134677
0.12535 0.140625

0.140625 0.128355
0.135153 0.132812

0.132812 0.134556
0.134991 0.132812

0.125 0.140906
0.125356 0.140625

0.140625 0.128268
0.144617 0.125

0.257812 0.0123804
0.255159 0.015625

0.265625 0.00259108
0.261396 0.0078125

0.257812 0.011855
0.261147 0.0078125

0.25 0.021126
0.25469 0.015625

0.265625 0.00251751
0.267651 0

3.99805 -0.5
3.99949 -0.492188

3.99582 -0.492188
4 -0.488656

