-0.8125 0.420803
-0.804688 0.42139

-0.804688 0.421399
-0.798397 0.421875

-0.797615 0.421875
-0.796875 0.421931

-0.796875 0.421981
-0.789062 0.422576

-0.789062 0.422576
-0.78125 0.423175

-0.78125 0.423175
-0.773438 0.423777

-0.773438 0.423777
-0.765625 0.424382

-0.765625 0.424383
-0.757812 0.42499

-0.757812 0.42499
-0.75 0.425599

-2 0.424007
-1.99219 0.423495

-1.99219 0.423495
-1.98438 0.422984

-1.96875 0.421838
-1.96932 0.421875

-1.98438 0.422984
-1.97656 0.422472

-1.97656 0.422474
-1.96875 0.421963

-1.96875 0.421856
-1.96094 0.421346

-1.96094 0.421451
-1.95312 0.420943

-1.96875 0.422203
-1.96373 0.421875

-1.95312 0.420943
-1.94531 0.420436

-1.94531 0.420436
-1.9375 0.419932

-1.9375 0.419932
-1.92969 0.419429

-1.92969 0.419429
-1.92188 0.418928

-1.92188 0.418928
-1.91406 0.41843

-0.75 0.4256
-0.742188 0.42621

-1.91406 0.41843
-1.90625 0.417934

-0.742188 0.42621
-0.734375 0.426822

-0.734375 0.426822
-0.726562 0.427434

-0.726562 0.427434
-0.71875 0.428046

-0.71875 0.428046
-0.710938 0.428656

-0.710938 0.428656
-0.703125 0.429265

-0.703125 0.429289
-0.697981 0.429688

-0.696865 0.429688
-0.695312 0.429808

-3 0.453335
-2.99219 0.453451

-2.99219 0.453451
-2.98438 0.453568

-2.98438 0.453568
-2.97656 0.453686

-2.97656 0.453686
-2.96875 0.453804

-0.695312 0.429871
-0.6875 0.430474

-2.96875 0.453805
-2.96094 0.453923

-2.96094 0.453923
-2.95312 0.454039

-2.95312 0.45404
-2.94531 0.454155

-2.94531 0.454155
-2.9375 0.454268

-2.9375 0.454269
-2.92969 0.45438

-2.92969 0.45438
-2.92188 0.454487

-2.92188 0.454488
-2.91406 0.454592

-2.91406 0.454592
-2.90625 0.454691

-0.6875 0.430475
-0.679688 0.431075

-0.679688 0.431075
-0.671875 0.431672

-0.671875 0.431673
-0.664062 0.432265

-0.664062 0.432266
-0.65625 0.432853

-2.90625 0.454692
-2.89844 0.454786

-2.89844 0.454786
-2.89062 0.454875

-2.89062 0.454875
-2.88281 0.454957

-2.88281 0.454957
-2.875 0.455032

-0.65625 0.432854
-0.648438 0.433436

-0.648438 0.433436
-0.640625 0.434012

-0.640625 0.434012
-0.632812 0.43458

-0.632812 0.434581
-0.625 0.435141

-2.875 0.455032
-2.86719 0.455099

-2.86719 0.455099
-2.85938 0.455158

-0.625 0.435141
-0.617188 0.435691

-4 0.489669
-3.99219 0.489662

-2.85938 0.455159
-2.85156 0.455209

-3.99219 0.489662
-3.98438 0.489644

-0.617188 0.435692
-0.609375 0.436232

-3.98438 0.489644
-3.97656 0.489614

-2.85156 0.455209
-2.84375 0.45525

-3.97656 0.489614
-3.96875 0.489572

-2.84375 0.45525
-2.83594 0.455281

-3.96875 0.489572
-3.96094 0.489518

-1.90625 0.417934
-1.89844 0.417442

-2.83594 0.455281
-2.82812 0.455301

-1.89844 0.417442
-1.89062 0.416954

-3.96094 0.489518
-3.95312 0.489453

-1.89062 0.416954
-1.88281 0.416469

-3.95312 0.489453
-3.94531 0.489375

-0.609375 0.436232
-0.601562 0.436761

-0.601562 0.436761
-0.59375 0.437278

-1.88281 0.416469
-1.875 0.415988

-0.59375 0.437332
-0.591148 0.4375

-3.94531 0.489376
-3.9375 0.489285

-0.589705 0.4375
-0.585938 0.437743

-1.875 0.415988
-1.86719 0.415511

-3.9375 0.489285
-3.92969 0.489182

-2.82812 0.455301
-2.82031 0.455311

-1.86719 0.415511
-1.85938 0.415038

-0.585938 0.437783
-0.578125 0.438274

-1.85938 0.415038
-1.85156 0.41457

-3.92969 0.489182
-3.92188 0.489064

-0.578125 0.438274
-0.570312 0.438751

-3.92188 0.489064
-3.91406 0.488932

-1.84375 0.413814
-1.84794 0.414062

-1.85156 0.414637
-1.84375 0.414174

-2.82031 0.455311
-2.8125 0.455309

-3.91406 0.488933
-3.90625 0.488787

-0.570312 0.438751
-0.5625 0.439213

-1.84375 0.413994
-1.83594 0.413536

-1.84375 0.414384
-1.83827 0.414062

-3.90625 0.488787
-3.89844 0.488627

-1.83594 0.413646
-1.82812 0.413193

-0.5625 0.439214
-0.554688 0.43966

-3.89844 0.488627
-3.89062 0.488452

-1.83594 0.414112
-1.83509 0.414062

-2.8125 0.455309
-2.80469 0.455296

-2.80469 0.455296
-2.79688 0.45527

-3.89062 0.488453
-3.88281 0.488263

-3.88281 0.488263
-3.875 0.488058

-0.554688 0.43966
-0.546875 0.440088

-2.79688 0.45527
-2.78906 0.45523

-2.78906 0.45523
-2.78125 0.455176

-0.546875 0.440089
-0.539062 0.440499

-3.875 0.488059
-3.86719 0.487838

-2.78125 0.455176
-2.77344 0.455108

-3.86719 0.487838
-3.85938 0.487602

-3.85938 0.487602
-3.85156 0.487349

-3.85156 0.487349
-3.84375 0.48708

-3.84375 0.48708
-3.83594 0.486794

-3.83594 0.486794
-3.82812 0.48649

-0.539062 0.440499
-0.53125 0.440889

-0.53125 0.440889
-0.523438 0.441257

-0.523438 0.441258
-0.515625 0.441604

-1.82812 0.413196
-1.82031 0.41275

-1.82031 0.41275
-1.8125 0.41231

-1.8125 0.41231
-1.80469 0.411876

-1.80469 0.411876
-1.79688 0.411448

-1.79688 0.411448
-1.78906 0.411028

-2.77344 0.455108
-2.76562 0.455027

-2.76562 0.45503
-2.75 0.454829

-0.515625 0.441604
-0.507812 0.441926

-0.507812 0.441926
-0.5 0.442223

-3.82812 0.486491
-3.82031 0.48617

-3.82031 0.48617
-3.8125 0.485833

-1.78906 0.411028
-1.78125 0.410614

-1.78125 0.410614
-1.77344 0.410207

-1.77344 0.410207
-1.76562 0.409808

-3.8125 0.485833
-3.80469 0.485479

-3.80469 0.485479
-3.79688 0.485107

-1.76562 0.409808
-1.75781 0.409416

-1.75781 0.409416
-1.75 0.409032

-3.78125 0.484275
-3.78318 0.484375

-3.79688 0.485107
-3.78906 0.484719

-3.78906 0.484728
-3.78227 0.484375

-2.75 0.454827
-2.73438 0.454576

-2.73438 0.454576
-2.71875 0.454278

-2.71875 0.454279
-2.70312 0.453933

-2.70312 0.453927
-2.6875 0.453544

-3.78125 0.48429
-3.77344 0.483868

-2.6875 0.453544
-2.67188 0.453136

-2.65625 0.452707
-2.67158 0.453125

-1.75 0.409032
-1.74219 0.408656

-1.74219 0.408656
-1.73438 0.408287

-1.73438 0.408287
-1.72656 0.407926

-0.5 0.442223
-0.492188 0.442493

-1.72656 0.407926
-1.71875 0.407573

-2.67188 0.453133
-2.67158 0.453125

-0.492188 0.442493
-0.484375 0.442735

-2.65625 0.452711
-2.64062 0.452264

-1.6875 0.40614
-1.69012 0.40625

-2.64062 0.452261
-2.63281 0.452028

-0.484375 0.442735
-0.476562 0.442948

-2.63281 0.452028
-2.625 0.451791

-1.71875 0.407573
-1.71094 0.407226

-3.77344 0.483891
-3.76562 0.483452

-0.476562 0.442948
-0.46875 0.443129

-3.78125 0.484514
-3.77869 0.484375

-2.625 0.451791
-2.61719 0.451552

-3.76562 0.483452
-3.75781 0.482996

-2.61719 0.451552
-2.60938 0.45131

-1.71094 0.407226
-1.70312 0.406887

-2.60938 0.45131
-2.59375 0.450821

-3.75781 0.482996
-3.75 0.482524

-2.59375 0.450821
-2.57812 0.450327

-1.70312 0.406887
-1.69531 0.406554

-0.46875 0.44313
-0.460938 0.443279

-1.69531 0.406572
-1.68761 0.40625

-2.57812 0.450328
-2.5625 0.449829

-0.460938 0.443279
-0.453125 0.443394

-0.453125 0.443394
-0.445312 0.443474

-2.5625 0.449828
-2.55469 0.449575

-2.55469 0.449576
-2.54688 0.449324

-2.54688 0.449322
-2.53125 0.448824

-3.75 0.482524
-3.74219 0.482036

-2.53125 0.448826
-2.51562 0.448336

-2.51562 0.448337
-2.50781 0.448093

-0.445312 0.443474
-0.4375 0.443516

-2.50781 0.448093
-2.5 0.44785

-1.6875 0.406227
-1.67969 0.405907

-1.67969 0.405907
-1.67188 0.405593

-3.74219 0.482036
-3.73438 0.481536

-3.73438 0.481536
-3.72656 0.481023

-0.4375 0.443517
-0.429688 0.44352

-0.429688 0.44352
-0.421875 0.443483

-1.67188 0.405593
-1.66406 0.405287

-1.66406 0.405287
-1.65625 0.404987

-1.65625 0.404987
-1.64844 0.404695

-1.64844 0.404695
-1.64062 0.404411

-0.421875 0.443484
-0.414062 0.443405

-0.414062 0.443405
-0.40625 0.443282

-0.40625 0.443283
-0.398438 0.443114

-0.398438 0.443115
-0.390625 0.442899

-1.64062 0.404411
-1.63281 0.404135

-1.63281 0.404135
-1.625 0.403867

-3.72656 0.481023
-3.71875 0.480499

-1.625 0.403867
-1.61719 0.403607

-0.390625 0.4429
-0.382812 0.442636

-0.382812 0.442636
-0.375 0.442322

-1.61719 0.403607
-1.60938 0.403354

-1.60938 0.403354
-1.60156 0.403109

-1.60156 0.403109
-1.59375 0.402873

-3.71875 0.480498
-3.71094 0.479964

-0.375 0.442322
-0.367188 0.441956

-3.71094 0.479964
-3.70312 0.479419

-1.59375 0.402873
-1.58594 0.402644

-3.70312 0.479419
-3.69531 0.478865

-0.367188 0.441956
-0.359375 0.441536

-3.69531 0.478864
-3.6875 0.478303

-1.58594 0.402645
-1.57812 0.402424

-1.57812 0.402424
-1.57031 0.402212

-1.57031 0.402212
-1.5625 0.402007

-0.359375 0.441536
-0.351562 0.44106

-0.351562 0.441061
-0.34375 0.440528

-3.6875 0.478303
-3.67969 0.477734

-0.34375 0.440529
-0.335938 0.439937

-1.5625 0.402007
-1.55469 0.40181

-1.55469 0.40181
-1.54688 0.401621

-2.5 0.44785
-2.49219 0.447609

-2.49219 0.447609
-2.48438 0.44737

-2.48438 0.44737
-2.47656 0.447133

-2.47656 0.447133
-2.46875 0.446897

-2.46875 0.446898
-2.46094 0.446663

-2.46094 0.446663
-2.45312 0.446429

-1.54688 0.401621
-1.53906 0.40144

-1.53906 0.40144
-1.53125 0.401268

-1.53125 0.401268
-1.52344 0.401106

-1.52344 0.401106
-1.51562 0.400953

-1.51562 0.400953
-1.50781 0.400809

-1.50781 0.400809
-1.5 0.400674

-2.45312 0.446429
-2.44531 0.446194

-2.44531 0.446195
-2.4375 0.445959

-0.335938 0.439937
-0.328125 0.439285

-0.328125 0.439285
-0.320312 0.438571

-3.67969 0.477734
-3.67188 0.477159

-3.67188 0.477159
-3.66406 0.47658

-3.65625 0.475994
-3.66385 0.476562

-0.320312 0.438571
-0.3125 0.437793

-0.304688 0.436878
-0.310444 0.4375

-0.304688 0.436949
-0.296875 0.436039

-3.66406 0.476603
-3.66352 0.476562

-3.65625 0.475995
-3.64844 0.475407

-3.64844 0.475407
-3.64062 0.474816

-0.296875 0.436039
-0.289062 0.435062

-0.289062 0.435062
-0.28125 0.434015

-2.4375 0.445959
-2.42969 0.445721

-2.42969 0.445721
-2.42188 0.445482

-2.41406 0.445215
-2.4172 0.445312

-0.28125 0.434015
-0.273438 0.432896

-1.5 0.400674
-1.49219 0.400547

-3.64062 0.474816
-3.63281 0.474222

-2.42188 0.445495
-2.41598 0.445312

-3.63281 0.474222
-3.625 0.473626

-2.41406 0.445241
-2.40625 0.444995

-1.49219 0.400547
-1.48438 0.40043

-1.48438 0.40043
-1.47656 0.400322

-1.47656 0.400322
-1.46875 0.400221

-3.625 0.473626
-3.61719 0.473028

-1.46875 0.400222
-1.46094 0.400129

-0.273438 0.432897
-0.265625 0.431706

-1.46094 0.400129
-1.45312 0.400044

-0.265625 0.431706
-0.257812 0.430441

-3.61719 0.473028
-3.60938 0.472431

-1.45312 0.400044
-1.44531 0.399966

-2.40625 0.444995
-2.39844 0.444745

-1.44531 0.399966
-1.4375 0.399895

-0.25 0.42886
-0.254818 0.429688

-3.60938 0.47243
-3.60156 0.471833

-0.257812 0.430639
-0.25227 0.429688

-0.3125 0.437911
-0.308697 0.4375

-2.39844 0.444745
-2.39062 0.444491

-1.4375 0.399895
-1.42969 0.399832

-1.42969 0.399832
-1.42188 0.399775

-1.42188 0.399775
-1.41406 0.399726

-2.39062 0.444491
-2.38281 0.444233

-2.38281 0.444234
-2.375 0.443971

-0.25 0.429099
-0.242188 0.427681

-0.242188 0.427682
-0.234375 0.426187

-0.234375 0.426187
-0.226562 0.424612

-1.41406 0.399726
-1.40625 0.399685

-2.375 0.443971
-2.36719 0.443703

-3.60156 0.471833
-3.59375 0.471238

-2.36719 0.443703
-2.35938 0.443429

-0.226562 0.424612
-0.21875 0.422955

-1.40625 0.399685
-1.39844 0.39965

-0.210938 0.42087
-0.215449 0.421875

-0.210938 0.421215
-0.203125 0.419391

-1.39844 0.39965
-1.39062 0.399624

-3.59375 0.471238
-3.58594 0.470646

-1.39062 0.399624
-1.38281 0.399604

-1.38281 0.399604
-1.375 0.399592

-3.58594 0.470646
-3.57812 0.470058

-0.21875 0.423195
-0.212825 0.421875

-1.375 0.399592
-1.36719 0.399588

-0.203125 0.419392
-0.195312 0.417484

-0.195312 0.417484
-0.1875 0.415489

-3.57812 0.470058
-3.57031 0.469475

-0.179688 0.412984
-0.183731 0.414062

-2.35938 0.443429
-2.35156 0.443151

-1.36719 0.399588
-1.35938 0.399592

-2.35156 0.443151
-2.34375 0.442867

-1.35938 0.399592
-1.35156 0.399604

-0.1875 0.415727
-0.181259 0.414062

-3.57031 0.469477
-3.5625 0.468896

-1.35156 0.399604
-1.34375 0.399624

-2.34375 0.442867
-2.33594 0.442577

-1.34375 0.399624
-1.33594 0.399652

-2.33594 0.442578
-2.32812 0.442282

-1.33594 0.399652
-1.32812 0.399689

-0.179688 0.413406
-0.171875 0.411235

-1.32812 0.399689
-1.32031 0.399733

-1.32031 0.399733
-1.3125 0.399786

-0.171875 0.411236
-0.164062 0.408975

-1.3125 0.399786
-1.30469 0.399847

-0.164062 0.408976
-0.15625 0.406624

-3.54688 0.467766
-3.56044 0.46875

-2.32812 0.442283
-2.32031 0.441981

-3.54688 0.467761
-3.53125 0.466657

-2.32031 0.441981
-2.3125 0.441672

-0.148438 0.404097
-0.15532 0.40625

-2.3125 0.441672
-2.30469 0.441356

-1.30469 0.399847
-1.29688 0.399916

-2.30469 0.441356
-2.29688 0.441031

-3.5625 0.468843
-3.56122 0.46875

-2.29688 0.441031
-2.28906 0.440699

-1.29688 0.399916
-1.28906 0.399992

-0.148438 0.40418
-0.140625 0.401642

-2.28906 0.440699
-2.28125 0.440358

-3.53125 0.466657
-3.51562 0.465581

-2.28125 0.440358
-2.27344 0.440008

-2.27344 0.440008
-2.26562 0.43965

-1.28906 0.399992
-1.28125 0.400077

-1.28125 0.400077
-1.27344 0.40017

-1.27344 0.40017
-1.26562 0.400271

-3.51562 0.46558
-3.5 0.464533

-1.26562 0.400271
-1.25781 0.40038

-1.25781 0.40038
-1.25 0.400497

-0.140625 0.401643
-0.132812 0.39901

-0.125 0.396058
-0.131812 0.398438

-0.132812 0.399593
-0.129505 0.398438

-0.15625 0.406948
-0.15402 0.40625

-1.25 0.400497
-1.24219 0.400621

-0.0703125 0.373501
-0.0737034 0.375

-1.24219 0.400621
-1.23438 0.400754

-2.26562 0.43965
-2.25781 0.439282

-0.0703125 0.374326
-0.0625 0.370762

-1.23438 0.400754
-1.22656 0.400895

-0.0546875 0.365659
-0.0579377 0.367188

-2.25781 0.439282
-2.25 0.438906

-0.0625 0.371081
-0.0546875 0.367407

-0.0546875 0.366735
-0.046875 0.362947

-0.0546875 0.368792
-0.0512425 0.367188

-0.0390625 0.357876
-0.0421521 0.359375

-0.0390625 0.358812
-0.03125 0.354794

-0.046875 0.363599
-0.0390625 0.359697

-0.0390625 0.361512
-0.0347621 0.359375

-1.22656 0.400895
-1.21875 0.401043

-1.21875 0.401043
-1.21094 0.401199

0 0.338013
-0.0100915 0.34375

-0.0234375 0.349952
-0.0266463 0.351562

-1.21094 0.401199
-1.20312 0.401363

-1.20312 0.401363
-1.19531 0.401535

-1.19531 0.401535
-1.1875 0.401715

-1.1875 0.401715
-1.17969 0.401904

-0.03125 0.355713
-0.0234375 0.351577

-0.0234375 0.350691
-0.015625 0.346435

-0.0234375 0.353779
-0.0195295 0.351562

-0.015625 0.347047
-0.00974511 0.34375

-1.17969 0.401904
-1.17188 0.402101

-1.17188 0.402101
-1.16406 0.402306

-1.16406 0.402306
-1.15625 0.40252

-1.15625 0.40252
-1.14844 0.402742

-1.14844 0.402742
-1.14062 0.402973

-1.14062 0.402973
-1.13281 0.403213

-1.13281 0.403213
-1.125 0.403461

-0.0078125 0.344767
-0.00591903 0.34375

-1.125 0.403461
-1.11719 0.403718

-1.11719 0.403718
-1.10938 0.403984

-3.5 0.464529
-3.48438 0.463521

-0.109375 0.390289
-0.110286 0.390625

-0.125 0.39628
-0.117188 0.393454

-3.48438 0.46352
-3.46875 0.462561

-0.117188 0.393474
-0.109583 0.390625

-0.109375 0.390554
-0.09375 0.384389

-3.46875 0.462566
-3.45312 0.461647

-2.21875 0.437238
-2.22377 0.4375

-3.45312 0.461647
-3.4375 0.460756

-2.21875 0.43732
-2.21094 0.436908

-1.10938 0.403984
-1.10156 0.404259

-2.21094 0.436908
-2.20312 0.43649

-0.0859375 0.380546
-0.0914062 0.382812

-1.10156 0.404259
-1.09375 0.404542

-0.09375 0.384981
-0.0885176 0.382812

-0.0859375 0.381126
-0.078125 0.37778

-1.09375 0.404542
-1.08594 0.404835

-0.078125 0.378086
-0.0711453 0.375

-1.08594 0.404835
-1.07812 0.405137

-1.07812 0.405137
-1.07031 0.405448

-2.20312 0.436492
-2.1875 0.435639

-3.4375 0.460755
-3.42188 0.459892

-2.25 0.438906
-2.24219 0.438522

-2.24219 0.438522
-2.23438 0.438129

-2.23438 0.438128
-2.22656 0.437728

-3.42188 0.459892
-3.41406 0.459471

-3.41406 0.459471
-3.40625 0.459061

-1.07031 0.405448
-1.0625 0.405768

-1.0625 0.405768
-1.05469 0.406097

-2.22656 0.437797
-2.22087 0.4375

-1.05469 0.40614
-1.05216 0.40625

-1.05038 0.40625
-1.04688 0.406402

0.42773 -0.5
0.427364 -0.46875

-3.40625 0.459061
-3.39844 0.458661

-2.1875 0.435641
-2.17188 0.43476

-3.39844 0.45866
-3.39062 0.458271

-1.04688 0.406436
-1.03906 0.406785

0.427317 -0.46875
0.42686 -0.453125

-1.03906 0.406785
-1.03125 0.407144

-1.03125 0.407144
-1.02344 0.407514

-2.17188 0.434757
-2.16406 0.434305

0.426867 -0.453125
0.426218 -0.4375

-2.16406 0.434305
-2.15625 0.433849

0.426255 -0.4375
0.424396 -0.40625

-3.39062 0.458271
-3.38281 0.457894

-3.38281 0.457894
-3.375 0.45753

0.424434 -0.40625
0.421761 -0.375

-3.375 0.457531
-3.36719 0.457178

0.421725 -0.375
0.418232 -0.34375

-1.02344 0.407514
-1.01562 0.407893

0.418184 -0.34375
0.416157 -0.328125

-1.01562 0.407893
-1.00781 0.408282

-3.36719 0.457178
-3.35938 0.456836

0.416165 -0.328125
0.41394 -0.3125

-3.35938 0.456836
-3.35156 0.456503

0.40625 -0.26722
0.405955 -0.265625

-3.35156 0.456502
-3.34375 0.45618

-1.00781 0.408282
-1 0.40868

-3.34375 0.456179
-3.33594 0.455868

-3.33594 0.455868
-3.32812 0.45557

-3.32812 0.45557
-3.32031 0.455285

-3.32031 0.455286
-3.3125 0.455014

0.40596 -0.265625
0.402844 -0.25

0.413941 -0.3125
0.411501 -0.296875

0.411503 -0.296875
0.408844 -0.28125

0.40625 -0.267198
0.408845 -0.28125

-3.3125 0.455014
-3.30469 0.454754

0.375 -0.143661
0.368923 -0.125

-3.30469 0.454754
-3.29688 0.454507

-3.29688 0.454507
-3.28906 0.454272

-3.28906 0.454272
-3.28125 0.454049

-3.28125 0.454049
-3.27344 0.453839

0.359375 -0.0995408
0.357182 -0.09375

-3.27344 0.453839
-3.26562 0.453641

0.368838 -0.125
0.36328 -0.109375

-1 0.40868
-0.992188 0.409088

0.363259 -0.109375
0.360368 -0.101562

-0.992188 0.409088
-0.984375 0.409506

-2.15625 0.433849
-2.14844 0.433389

0.359375 -0.0978935
0.360764 -0.101562

-3.26562 0.453641
-3.25781 0.453454

0.357438 -0.09375
0.351272 -0.078125

-0.984375 0.409506
-0.976562 0.409933

-2.14844 0.433389
-2.14062 0.432925

-0.976562 0.409933
-0.96875 0.410369

0.351269 -0.078125
0.34477 -0.0625

-3.25781 0.453454
-3.25 0.45328

0.34375 -0.0607791
0.341121 -0.0546875

0.341378 -0.0546875
0.337925 -0.046875

-2.14062 0.432925
-2.13281 0.432457

-2.13281 0.432457
-2.125 0.431984

-0.96875 0.410369
-0.960938 0.410815

-0.960938 0.410815
-0.953125 0.41127

-0.953125 0.41127
-0.945312 0.411734

-0.945312 0.411734
-0.9375 0.412206

0.335938 -0.0429779
0.334163 -0.0390625

-0.9375 0.412206
-0.929688 0.412687

-0.929688 0.412687
-0.921875 0.413176

-0.921875 0.413177
-0.914062 0.413674

0.334385 -0.0390625
0.330757 -0.03125

-3.24219 0.453105
-3.24317 0.453125

-2.125 0.431984
-2.11719 0.431508

-3.24219 0.453118
-3.23438 0.452968

0.335938 -0.0420978
0.338102 -0.046875

-0.914062 0.413687
-0.908254 0.414062

0.328125 -0.0260334
0.32689 -0.0234375

0.327038 -0.0234375
0.323239 -0.015625

0.32327 -0.015625
0.31539 0

-2.11719 0.431508
-2.10938 0.431027

-0.907197 0.414062
-0.90625 0.414124

-2.10938 0.431027
-2.10156 0.430543

-0.90625 0.414179
-0.898438 0.414692

-2.10156 0.430543
-2.09375 0.430055

-2.08594 0.429426
-2.0901 0.429688

0.328125 -0.0256111
0.330838 -0.03125

0.34375 -0.0590322
0.345265 -0.0625

0.402843 -0.25
0.399495 -0.234375

0.399501 -0.234375
0.395913 -0.21875

-0.898438 0.414692
-0.890625 0.415214

-0.890625 0.415214
-0.882812 0.415743

-0.882812 0.415743
-0.875 0.41628

-3.25 0.453281
-3.24247 0.453125

-0.875 0.41628
-0.867188 0.416824

-0.867188 0.416824
-0.859375 0.417375

-3.23438 0.452968
-3.22656 0.452831

0.390625 -0.197801
0.389983 -0.195312

-3.22656 0.452831
-3.21875 0.452706

0.39004 -0.195312
0.387967 -0.1875

-3.21875 0.452706
-3.21094 0.452594

-3.21094 0.452594
-3.20312 0.452494

-0.859375 0.417375
-0.851562 0.417933

-0.851562 0.417933
-0.84375 0.418496

0.395913 -0.21875
0.392072 -0.203125

0.390625 -0.197487
0.392079 -0.203125

0.387992 -0.1875
0.383633 -0.171875

0.383628 -0.171875
0.378986 -0.15625

0.375 -0.143557
0.378997 -0.15625

-0.84375 0.418496
-0.835938 0.419066

-0.835938 0.419066
-0.828125 0.41964

-2.09375 0.430121
-2.08686 0.429688

-2.08594 0.429563
-2.07812 0.429068

-2.07812 0.429067
-2.07031 0.42857

-0.828125 0.41964
-0.820312 0.420219

-2.07031 0.42857
-2.0625 0.42807

0.125 0.247151
0.121768 0.25

-2.0625 0.42807
-2.05469 0.427568

-2.05469 0.427568
-2.04688 0.427064

0.25 0.1077
0.248833 0.109375

-2.04688 0.427064
-2.03906 0.426557

-2.03906 0.426557
-2.03125 0.426049

-2.03125 0.426049
-2.02344 0.42554

0.242188 0.118144
0.237092 0.125

0.24855 0.109375
0.242881 0.117188

0.242188 0.117952
0.24275 0.117188

0.1875 0.185356
0.185561 0.1875

-3.20312 0.452494
-3.19531 0.452406

-3.19531 0.452406
-3.1875 0.452331

-0.820312 0.420219
-0.8125 0.420803

0.15625 0.2178
0.155288 0.21875

0.140625 0.232706
0.138843 0.234375

0.132812 0.239941
0.13035 0.242188

0.125 0.247048
0.13045 0.242188

0.132812 0.23999
0.138906 0.234375

0.148438 0.225346
0.147171 0.226562

0.140625 0.232732
0.147129 0.226562

0.148438 0.22528
0.155141 0.21875

-3.1875 0.452331
-3.17969 0.452267

-3.17969 0.452267
-3.17188 0.452215

-3.17188 0.452215
-3.16406 0.452174

0.171875 0.201924
0.170723 0.203125

0.164062 0.209946
0.163085 0.210938

0.15625 0.217646
0.162944 0.210938

0.164062 0.209813
0.170555 0.203125

0.179688 0.193665
0.178141 0.195312

0.171875 0.201748
0.177959 0.195312

0.179688 0.193457
0.185166 0.1875

-3.16406 0.452174
-3.15625 0.452144

-3.15625 0.452144
-3.14844 0.452124

-3.14844 0.452124
-3.14062 0.452115

-3.14062 0.452115
-3.13281 0.452116

-3.13281 0.452116
-3.125 0.452126

0.21875 0.148421
0.212484 0.15625

-3.125 0.452126
-3.11719 0.452146

-2.02344 0.42554
-2.01562 0.425029

0.203125 0.167233
0.199178 0.171875

0.195312 0.17624
0.192286 0.179688

-2.01562 0.425029
-2.00781 0.424518

-2.00781 0.424518
-2 0.424007

0.1875 0.184843
0.192098 0.179688

0.195312 0.176247
0.199128 0.171875

0.210938 0.158052
0.205896 0.164062

-3.11719 0.452146
-3.10938 0.452176

-3.10938 0.452176
-3.10156 0.452215

0.203125 0.167259
0.205829 0.164062

0.210938 0.157861
0.212268 0.15625

0.226562 0.138712
0.225066 0.140625

-3.10156 0.452215
-3.09375 0.452263

-3.09375 0.452263
-3.08594 0.452319

-3.08594 0.452319
-3.07812 0.452382

0.234375 0.128755
0.231293 0.132812

0.226562 0.138654
0.231117 0.132812

0.225037 0.140625
0.218801 0.148438

-3.07812 0.452382
-3.07031 0.452453

-3.07031 0.452453
-3.0625 0.452531

0.234375 0.128316
0.236861 0.125

-3.0625 0.452531
-3.05469 0.452615

0.046875 0.307942
0.04011 0.3125

0.0546875 0.302589
0.0515289 0.304688

0.046875 0.308575
0.0524624 0.304688

-3.05469 0.452616
-3.04688 0.452706

-3.04688 0.452706
-3.03906 0.452801

0.0546875 0.302933
0.0625 0.29736

0.0078125 0.332836
0.00250458 0.335938

0 0.33884
0.00490072 0.335938

0.0078125 0.333482
0.015625 0.328726

0.0234375 0.323494
0.0160347 0.328125

0.03125 0.318112
0.0277009 0.320312

0.0234375 0.324215
0.0295103 0.320312

-3.03906 0.452801
-3.03125 0.452901

-3.03125 0.452901
-3.02344 0.453005

0.015625 0.329933
0.0186595 0.328125

0.03125 0.318758
0.0390625 0.313602

-3.02344 0.453005
-3.01562 0.453112

-3.01465 0.453125
-3.00781 0.453221

0.03125 0.321106
0.0324716 0.320312

-3.00781 0.453222
-3 0.453335

0.0390625 0.314758
0.0424581 0.3125

0.09375 0.2736
0.083973 0.28125

0.078125 0.285808
0.0632156 0.296875

0.0625 0.297404
0.0632327 0.296875

0.078125 0.285769
0.0839842 0.28125

0.109375 0.260655
0.103422 0.265625

0.101562 0.267156
0.0938585 0.273438

0.09375 0.274035
0.0944906 0.273438

0.101562 0.267163
0.103444 0.265625

0.117188 0.253828
0.112517 0.257812

0.109375 0.260811
0.112887 0.257812

0.117188 0.253828
0.121635 0.25

0.28125 0.0604185
0.279993 0.0625

0.3125 0.00557201
0.311329 0.0078125

0.311283 0.0078125
0.307106 0.015625

0.304688 0.0200888
0.302855 0.0234375

0.302831 0.0234375
0.298455 0.03125

0.304688 0.0200112
0.307088 0.015625

0.296875 0.0340254
0.289416 0.046875

0.28125 0.0602815
0.289407 0.046875

0.296875 0.0340291
0.298469 0.03125

0.265625 0.0847605
0.264864 0.0859375

0.264775 0.0859375
0.259493 0.09375

0.273438 0.0727172
0.269953 0.078125

0.279885 0.0625
0.274958 0.0703125

0.273438 0.0726139
0.274912 0.0703125

0.265625 0.0846267
0.269917 0.078125

0.257812 0.0963241
0.254186 0.101562

0.25 0.107202
0.253997 0.101562

0.257812 0.0958458
0.259247 0.09375

0.3125 0.00540906
0.31536 0

3.99805 -0.5
3.99949 -0.492188

3.99582 -0.492188
4 -0.488657

