-4 0.469652
-3.98438 0.469645

-2 0.42466
-1.96875 0.421893

-1.96875 0.421904
-1.9375 0.418873

1.23438 -0.252766
1.21962 -0.25

1.23438 -0.252768
1.24219 -0.254231

1.24219 -0.254231
1.25 -0.255689

1 -0.208674
1.00781 -0.210144

1.01562 -0.211583
1.01219 -0.210938

1.00781 -0.210167
1.01191 -0.210938

1.01562 -0.211611
1.02344 -0.213079

-1.9375 0.418857
-1.90625 0.415573

-1.90625 0.415588
-1.875 0.412052

-3.98438 0.469645
-3.96875 0.469621

-3.96875 0.46962
-3.96094 0.469603

-3.96094 0.469603
-3.95312 0.469582

-0.0234375 -0.000748683
-0.0267563 0

-0.0234375 -0.000787751
-0.015625 -0.00255011

-0.015625 -0.00255075
0 -0.00607149

-0.5 0.11429
-0.46875 0.106416

-0.46875 0.106422
-0.4375 0.0985658

-1.875 0.412044
-1.84375 0.408244

-1.8125 0.404192
-1.82844 0.40625

-1.84375 0.408252
-1.82824 0.40625

-1.8125 0.404205
-1.78125 0.399944

-0.40625 0.0907927
-0.418036 0.09375

-3.95312 0.469582
-3.94531 0.469556

-1.78125 0.399941
-1.75 0.395458

-0.4375 0.0985154
-0.418508 0.09375

-0.40625 0.0907131
-0.375 0.0829101

-3.94531 0.469556
-3.9375 0.469526

-0.375 0.0829194
-0.34375 0.0751495

-0.34375 0.0751341
-0.3125 0.0674095

-3.9375 0.469526
-3.92969 0.469491

-0.289062 0.0617269
-0.292227 0.0625

-0.289062 0.0616727
-0.28125 0.0597698

-3.92969 0.469491
-3.92188 0.469451

-0.28125 0.0597733
-0.265625 0.055959

-3.92188 0.469451
-3.91406 0.469406

-1.75 0.39546
-1.71875 0.390759

-3.91406 0.469406
-3.90625 0.469355

-1.71875 0.390755
-1.6875 0.38584

-3.90625 0.469355
-3.89844 0.469299

-1.6875 0.385835
-1.65625 0.380727

-1.65625 0.380729
-1.625 0.375434

-3.89844 0.469299
-3.89062 0.469237

-1.60938 0.372709
-1.62253 0.375

-0.265625 0.0559399
-0.25 0.0521499

1.02344 -0.213079
1.03125 -0.214547

1.05469 -0.218893
1.05393 -0.21875

1.05469 -0.218952
1.0625 -0.220421

1.03125 -0.214547
1.03906 -0.216016

1.03906 -0.216016
1.04688 -0.217485

1.04688 -0.217493
1.05356 -0.21875

-3.89062 0.469237
-3.88281 0.46917

1.0625 -0.220421
1.07031 -0.22189

1.07031 -0.22189
1.07812 -0.22336

1.07812 -0.22336
1.08594 -0.224831

1.08594 -0.224831
1.09375 -0.226301

1.10156 -0.227769
1.09516 -0.226562

1.09375 -0.226316
1.09506 -0.226562

1.10156 -0.227772
1.10938 -0.229245

1.10938 -0.229245
1.11719 -0.230719

-1.60938 0.372706
-1.59375 0.369931

-1.59375 0.369929
-1.57812 0.3671

-1.57812 0.367099
-1.5625 0.364219

-1.5625 0.364225
-1.53125 0.35834

-1.53125 0.358325
-1.51562 0.355323

-1.51562 0.355324
-1.5 0.352292

-1.625 0.375398
-1.62271 0.375

-1.5 0.352292
-1.48438 0.349227

-1.48438 0.349226
-1.46875 0.34613

-1.4375 0.339852
-1.45677 0.34375

-1.46875 0.346125
-1.45687 0.34375

-1.4375 0.339813
-1.40625 0.333336

-1.40625 0.333344
-1.375 0.326749

-1.375 0.326751
-1.34375 0.320021

-1.34375 0.320012
-1.3125 0.313164

-1.28125 0.306238
-1.30937 0.3125

-1.28125 0.306204
-1.25 0.299142

-1.3125 0.312839
-1.31098 0.3125

-1.03906 0.249398
-1.04154 0.25

-1.03906 0.249336
-1.03125 0.24742

-1.03125 0.247412
-1.02344 0.2455

-1.02344 0.245503
-1.01562 0.243605

-1.01562 0.243616
-1 0.23979

-1.25 0.299141
-1.21875 0.291991

-1.21875 0.29199
-1.1875 0.284758

-0.3125 0.0674138
-0.296875 0.0635802

-0.296875 0.0635374
-0.292627 0.0625

-0.25 0.0521674
-0.234375 0.0484047

-0.21875 0.0446366
-0.22804 0.046875

-0.234375 0.0484024
-0.228036 0.046875

-0.21875 0.0446232
-0.1875 0.0371549

-0.15625 0.0298158
-0.162367 0.03125

-0.1875 0.0371424
-0.162506 0.03125

-0.15625 0.0297975
-0.140625 0.0261497

-0.140625 0.0261501
-0.125 0.0225218

-0.125 0.0225303
-0.09375 0.0152774

-0.09375 0.0152472
-0.0625 0.00805083

-0.0625 0.00806011
-0.046875 0.004505

-0.046875 0.00450723
-0.03125 0.000972171

-0.03125 0.000944065
-0.0270658 0

-3.88281 0.46917
-3.875 0.469096

-1.15625 0.277477
-1.17235 0.28125

-1.1875 0.284725
-1.17267 0.28125

-1.15625 0.277433
-1.125 0.270024

-3.84375 0.468744
-3.84428 0.46875

-3.875 0.469096
-3.86719 0.469017

-3.86719 0.469017
-3.85938 0.468931

-3.85938 0.468931
-3.85156 0.468839

-3.85156 0.468839
-3.84445 0.46875

-1.125 0.270021
-1.09375 0.262549

-3.84375 0.468743
-3.82812 0.468528

-3.82812 0.468529
-3.8125 0.468287

-3.8125 0.468287
-3.79688 0.468018

-3.79688 0.468017
-3.78125 0.467723

-3.78125 0.467723
-3.76562 0.467405

-3.76562 0.467405
-3.75 0.467066

-3.75 0.467066
-3.73438 0.466708

-3.73438 0.466708
-3.71875 0.46633

-3.71875 0.46633
-3.70312 0.465932

-3.70312 0.465932
-3.6875 0.465515

-3.6875 0.465514
-3.67188 0.465081

-3.67188 0.465081
-3.65625 0.464634

-3.65625 0.464633
-3.64062 0.464175

-3.64062 0.464176
-3.625 0.463707

-3.625 0.463705
-3.60938 0.463228

-3.60938 0.463228
-3.59375 0.462749

-3.59375 0.462751
-3.57812 0.462269

-3.57812 0.462269
-3.5625 0.461779

-3.5625 0.461779
-3.54688 0.461281

-3.54688 0.461284
-3.53125 0.460773

-3.53125 0.46077
-3.51562 0.460248

-3.51562 0.460246
-3.5 0.45972

-3.5 0.459718
-3.48438 0.459198

-3.48438 0.459199
-3.46875 0.458687

-3.46875 0.458688
-3.45312 0.458179

-3.45312 0.458179
-3.4375 0.45767

-3.4375 0.45767
-3.42188 0.45716

-3.42188 0.457159
-3.40625 0.45665

-3.40625 0.456649
-3.39062 0.456145

-3.39062 0.456146
-3.375 0.455647

0 -0.00606968
0.03125 -0.0131072

0.03125 -0.0131324
0.0625 -0.0201165

0.0625 -0.0201034
0.078125 -0.0235592

0.078125 -0.0235595
0.09375 -0.0270045

0.117188 -0.0320945
0.113329 -0.03125

0.117188 -0.0321452
0.125 -0.0338518

-1.09375 0.262549
-1.0625 0.25502

0.09375 -0.0270057
0.109375 -0.0304368

0.109375 -0.030491
0.112847 -0.03125

-1.0625 0.255016
-1.04688 0.251231

-1.04688 0.251211
-1.04191 0.25

0.125 -0.0338538
0.140625 -0.0372516

0.140625 -0.0372527
0.15625 -0.0406271

0.15625 -0.0406193
0.1875 -0.0473477

0.1875 -0.0473563
0.21875 -0.0540497

0.21875 -0.0540473
0.234375 -0.0573739

0.234375 -0.0573751
0.25 -0.0606843

0.28125 -0.0672513
0.258653 -0.0625

0.28125 -0.0672396
0.3125 -0.0737838

0.25 -0.0606901
0.258597 -0.0625

0.3125 -0.0738035
0.34375 -0.0803113

0.34375 -0.0803008
0.359375 -0.0835286

0.359375 -0.083529
0.375 -0.0867506

0.375 -0.0867526
0.390625 -0.0899633

1.11719 -0.230719
1.125 -0.232192

0.390625 -0.0899642
0.40625 -0.0931581

-1 0.239783
-0.96875 0.232062

-0.96875 0.232047
-0.9375 0.224277

-0.90625 0.216526
-0.915184 0.21875

0.414062 -0.0947156
0.409319 -0.09375

1.14062 -0.235096
1.13679 -0.234375

0.414062 -0.0947466
0.421875 -0.0963336

-0.9375 0.224259
-0.915367 0.21875

-0.90625 0.216493
-0.875 0.20872

-3.375 0.455647
-3.35938 0.455153

-3.35938 0.455153
-3.34375 0.454661

-3.34375 0.454659
-3.32812 0.454174

-3.32812 0.454176
-3.3125 0.453697

-3.3125 0.453695
-3.29688 0.453225

-3.28125 0.452779
-3.29308 0.453125

-3.29688 0.45317
-3.29533 0.453125

-3.28125 0.452768
-3.26562 0.452326

-3.26562 0.452326
-3.25 0.451897

-3.25 0.451897
-3.23438 0.451481

-3.23438 0.451481
-3.21875 0.45108

-3.21875 0.451081
-3.20312 0.450693

-3.20312 0.450693
-3.1875 0.450319

-3.1875 0.450318
-3.17188 0.449962

-3.17188 0.449963
-3.15625 0.449624

-3.15625 0.449624
-3.14062 0.4493

-3.14062 0.4493
-3.125 0.44899

-3.125 0.448991
-3.10938 0.448693

-3.10938 0.448693
-3.09375 0.448406

-3.09375 0.448405
-3.07812 0.44813

-3.07812 0.44813
-3.0625 0.447869

-3.0625 0.447869
-3.04688 0.447623

-3.04688 0.447623
-3.03125 0.447392

-3.03125 0.447393
-3.01562 0.447177

-3.01562 0.447177
-3 0.446974

-3 0.446974
-2.98438 0.446781

-2.98438 0.446781
-2.96875 0.446598

-2.96875 0.446598
-2.95312 0.446424

-2.95312 0.446423
-2.9375 0.446259

-2.9375 0.446259
-2.92188 0.446107

-2.92188 0.446107
-2.90625 0.44597

-2.90625 0.445971
-2.89062 0.445848

-2.89062 0.445847
-2.875 0.445737

1.125 -0.232193
1.13281 -0.233664

1.13281 -0.2337
1.1364 -0.234375

1.14062 -0.235131
1.15625 -0.238073

1.15625 -0.238074
1.16406 -0.239546

1.16406 -0.239547
1.17188 -0.241018

1.17969 -0.242442
1.17833 -0.242188

1.17188 -0.241029
1.17803 -0.242188

1.17969 -0.242488
1.1875 -0.243958

1.1875 -0.243959
1.19531 -0.245429

1.19531 -0.24543
1.20312 -0.2469

1.20312 -0.2469
1.21094 -0.24837

1.21094 -0.248371
1.21875 -0.249838

1.21875 -0.249846
1.21957 -0.25

1.25 -0.255689
1.25781 -0.257143

1.26562 -0.258577
1.26151 -0.257812

1.25781 -0.257162
1.26131 -0.257812

1.26562 -0.258593
1.27344 -0.260045

1.27344 -0.260045
1.28125 -0.261498

1.28125 -0.261498
1.28906 -0.262954

1.28906 -0.262954
1.29688 -0.264412

1.30469 -0.265818
1.30365 -0.265625

1.30469 -0.26587
1.3125 -0.267329

1.29688 -0.264421
1.30332 -0.265625

-0.875 0.208733
-0.84375 0.200939

-0.84375 0.200932
-0.8125 0.193106

-0.78125 0.185367
-0.78976 0.1875

-0.78125 0.185279
-0.75 0.177428

-0.8125 0.193063
-0.790306 0.1875

-0.75 0.17742
-0.71875 0.169546

-0.71875 0.169562
-0.703125 0.165617

-0.703125 0.165622
-0.6875 0.16163

-0.664062 0.155739
-0.666106 0.15625

-0.664062 0.155685
-0.65625 0.15372

-0.6875 0.161604
-0.679688 0.159595

-0.679688 0.159598
-0.671875 0.157623

-0.671875 0.157602
-0.666468 0.15625

-0.65625 0.153708
-0.640625 0.149757

-0.640625 0.149757
-0.625 0.145791

-0.5 0.114312
-0.542487 0.125

-0.625 0.145782
-0.59375 0.137861

-0.59375 0.137854
-0.5625 0.129971

-0.5625 0.129949
-0.542762 0.125

0.421875 -0.0963336
0.429688 -0.0979171

0.429688 -0.0979171
0.4375 -0.0994971

0.40625 -0.0932099
0.408904 -0.09375

0.4375 -0.0994973
0.445312 -0.101073

0.453125 -0.10262
0.447873 -0.101562

0.445312 -0.101132
0.447453 -0.101562

0.453125 -0.102645
0.460938 -0.104215

0.460938 -0.104215
0.46875 -0.105782

0.46875 -0.105782
0.476562 -0.107347

0.476562 -0.107348
0.484375 -0.108908

0.492188 -0.110443
0.486828 -0.109375

0.492188 -0.110465
0.5 -0.11202

0.484375 -0.10896
0.486458 -0.109375

1.3125 -0.267329
1.32812 -0.27025

1.32812 -0.270251
1.33594 -0.271713

1.33594 -0.271713
1.34375 -0.273177

-2.875 0.445738
-2.86719 0.445688

-2.86719 0.445688
-2.85938 0.44564

-2.85938 0.44564
-2.85156 0.445595

-2.85156 0.445595
-2.84375 0.445553

1.35156 -0.27464
1.34515 -0.273438

1.34375 -0.273188
1.34508 -0.273438

0.570312 -0.125894
0.565763 -0.125

0.570312 -0.125926
0.578125 -0.12746

1.35156 -0.274642
1.35938 -0.276112

1.35938 -0.276113
1.36719 -0.277586

1.36719 -0.277587
1.375 -0.279063

-2.84375 0.445553
-2.82812 0.445473

-2.82812 0.445475
-2.8125 0.445397

1.39062 -0.282001
1.38666 -0.28125

-2.8125 0.445395
-2.79688 0.445319

1.39062 -0.28202
1.39844 -0.283501

0.578125 -0.127461
0.59375 -0.130518

-2.79688 0.44532
-2.78125 0.445248

-2.78125 0.445248
-2.76562 0.445181

0.59375 -0.130517
0.601562 -0.132041

-2.76562 0.445181
-2.75 0.445119

1.39844 -0.283502
1.40625 -0.284984

1.375 -0.279063
1.38281 -0.280541

1.38281 -0.280561
1.38645 -0.28125

1.40625 -0.284984
1.41406 -0.286467

0.609375 -0.133528
0.605701 -0.132812

0.601562 -0.132073
0.60536 -0.132812

1.41406 -0.286467
1.42188 -0.287951

1.42969 -0.289383
1.428 -0.289062

-2.75 0.445119
-2.73438 0.445062

-2.73438 0.445062
-2.71875 0.445008

0.609375 -0.133561
0.617188 -0.135082

0.617188 -0.135081
0.625 -0.136601

1.42188 -0.287966
1.42764 -0.289062

1.42969 -0.289434
1.4375 -0.29092

-2.71875 0.445008
-2.70312 0.44496

0.5 -0.112021
0.515625 -0.115125

1.4375 -0.29092
1.44531 -0.292408

1.44531 -0.292408
1.45312 -0.293897

1.45312 -0.293897
1.46094 -0.295387

1.46094 -0.295389
1.46874 -0.296875

-2.70312 0.444959
-2.6875 0.444919

-2.6875 0.44492
-2.67188 0.444887

-2.67188 0.444888
-2.65625 0.444858

1.48438 -0.299872
1.4688 -0.296875

1.46875 -0.296865
1.4688 -0.296875

0.515625 -0.115124
0.523438 -0.116672

0.53125 -0.118198
0.526146 -0.117188

-2.65625 0.444858
-2.64062 0.444828

-2.64062 0.444828
-2.625 0.4448

1.48438 -0.29989
1.5 -0.302912

0.523438 -0.116715
0.525826 -0.117188

0.53125 -0.118219
0.539062 -0.119765

0.539062 -0.119765
0.546875 -0.121309

0.546875 -0.121309
0.554688 -0.122852

-2.625 0.444801
-2.60938 0.444771

1.5625 -0.314977
1.54967 -0.3125

-2.60938 0.444771
-2.59375 0.444736

0.554688 -0.122853
0.5625 -0.124392

-2.59375 0.444736
-2.57812 0.444694

-2.57812 0.444694
-2.5625 0.444643

-2.5625 0.444643
-2.54688 0.444581

-2.54688 0.444582
-2.53125 0.44451

0.5625 -0.124441
0.565344 -0.125

1.5 -0.302908
1.50781 -0.304413

0.625 -0.136601
0.632812 -0.138119

0.632812 -0.13812
0.640625 -0.139634

0.648438 -0.141107
0.645946 -0.140625

0.648438 -0.141144
0.65625 -0.142652

-2.53125 0.444511
-2.51562 0.444426

0.640625 -0.139653
0.645654 -0.140625

1.51562 -0.305916
1.50925 -0.304688

1.50781 -0.304427
1.50917 -0.304688

0.65625 -0.142653
0.671875 -0.145663

0.671875 -0.145662
0.679688 -0.147164

0.6875 -0.148629
0.686506 -0.148438

0.679688 -0.14717
0.686282 -0.148438

-2.51562 0.444425
-2.5 0.444323

0.6875 -0.148665
0.695312 -0.150167

0.695312 -0.150167
0.703125 -0.15167

0.703125 -0.15167
0.710938 -0.153175

1.51562 -0.305919
1.52344 -0.30743

1.52344 -0.30743
1.53125 -0.308944

1.53125 -0.308945
1.53906 -0.310461

1.53906 -0.310463
1.54688 -0.311974

0.710938 -0.153175
0.71875 -0.154683

1.54688 -0.311992
1.54952 -0.3125

1.5625 -0.314982
1.57031 -0.316494

1.57031 -0.316494
1.57812 -0.317999

0.734375 -0.1577
0.726868 -0.15625

0.734375 -0.157701
0.742188 -0.159213

0.742188 -0.159213
0.75 -0.160727

-2.5 0.444323
-2.48438 0.444206

-2.48438 0.444207
-2.46875 0.444074

1.57812 -0.317999
1.58594 -0.319498

0.71875 -0.154685
0.726562 -0.156193

-2.46875 0.444075
-2.45312 0.443922

0.726562 -0.156197
0.726839 -0.15625

1.59375 -0.320958
1.59037 -0.320312

1.58594 -0.319525
1.59006 -0.320312

-2.45312 0.443923
-2.4375 0.44375

-2.4375 0.44375
-2.42188 0.443556

1.59375 -0.32099
1.60156 -0.322477

1.60156 -0.322477
1.60938 -0.32396

1.60938 -0.32396
1.61719 -0.325438

-2.42188 0.443556
-2.40625 0.443338

-2.40625 0.443337
-2.39062 0.443098

1.61719 -0.325439
1.625 -0.326912

0.75 -0.160726
0.757812 -0.162243

0.757812 -0.162243
0.765625 -0.163762

0.773438 -0.16528
0.767191 -0.164062

-2.39062 0.443097
-2.375 0.442839

1.64062 -0.329842
1.63156 -0.328125

1.625 -0.326917
1.63145 -0.328125

1.64062 -0.329856
1.64844 -0.331358

0.765625 -0.163783
0.767056 -0.164062

-2.375 0.442842
-2.35938 0.442559

1.64844 -0.331358
1.65625 -0.332857

-2.35938 0.442559
-2.34375 0.442249

0.773438 -0.165286
0.78125 -0.166811

1.65625 -0.332857
1.66406 -0.334355

-2.34375 0.44225
-2.32812 0.441912

1.66406 -0.334354
1.67188 -0.335852

1.67969 -0.33735
1.67233 -0.335938

-2.32812 0.441913
-2.3125 0.441542

0.78125 -0.166812
0.789062 -0.168337

1.67188 -0.335856
1.6723 -0.335938

1.67969 -0.33735
1.6875 -0.338852

-2.3125 0.441543
-2.29688 0.441137

1.71875 -0.344855
1.713 -0.34375

1.6875 -0.338852
1.69531 -0.340356

1.69531 -0.340356
1.70312 -0.341859

1.70312 -0.341859
1.71094 -0.343361

0.789062 -0.168338
0.796875 -0.169862

0.8125 -0.172876
0.807354 -0.171875

-2.29688 0.441137
-2.28125 0.440692

-2.28125 0.440693
-2.26562 0.440208

1.71094 -0.34338
1.71286 -0.34375

-2.26562 0.440209
-2.25 0.439681

0.796875 -0.169864
0.804688 -0.171383

0.804688 -0.171427
0.806994 -0.171875

0.8125 -0.172899
0.828125 -0.175928

0.828125 -0.175928
0.835938 -0.17744

1.71875 -0.344861
1.72656 -0.346363

1.72656 -0.346363
1.73438 -0.347865

-2.1875 0.437108
-2.19637 0.4375

-2.25 0.439681
-2.23438 0.439107

-2.23438 0.439107
-2.21875 0.438485

-2.21875 0.438485
-2.20312 0.437815

1.73438 -0.347865
1.74219 -0.349368

1.74219 -0.349368
1.75 -0.35087

0.835938 -0.17744
0.84375 -0.178949

0.851562 -0.180428
0.847719 -0.179688

0.84375 -0.178976
0.847442 -0.179688

1.75781 -0.352352
1.75371 -0.351562

1.75 -0.350894
1.75347 -0.351562

1.75781 -0.352373
1.76562 -0.353881

1.76562 -0.353881
1.77344 -0.355394

-2.20312 0.43781
-2.19632 0.4375

-2.1875 0.43712
-2.15625 0.435543

-2.15625 0.435546
-2.125 0.433754

1.77344 -0.355395
1.78125 -0.356909

-2.125 0.433748
-2.09375 0.431747

-2.09375 0.431744
-2.0625 0.429553

0.851562 -0.180454
0.859375 -0.181958

-2.0625 0.429547
-2.03125 0.427183

-2.03125 0.427194
-2 0.424649

1.79688 -0.359859
1.79437 -0.359375

1.78125 -0.356911
1.78906 -0.358421

1.78906 -0.358458
1.79382 -0.359375

1.79688 -0.359925
1.8125 -0.362929

1.8125 -0.362929
1.82031 -0.364427

0.859375 -0.181959
0.867188 -0.183461

0.867188 -0.183461
0.875 -0.184959

1.82031 -0.364427
1.82812 -0.365921

1.83594 -0.367336
1.83516 -0.367188

1.82812 -0.365931
1.83472 -0.367188

1.83594 -0.367408
1.84375 -0.368893

1.84375 -0.368893
1.85156 -0.370374

1.85156 -0.370374
1.85938 -0.371852

1.85938 -0.371852
1.86719 -0.373325

0.890625 -0.187893
0.888567 -0.1875

0.890625 -0.187944
0.898438 -0.189433

0.898438 -0.189433
0.90625 -0.19092

0.90625 -0.190921
0.914062 -0.192407

0.914062 -0.192407
0.921875 -0.193891

1.86719 -0.373326
1.875 -0.374792

0.929688 -0.195348
0.929502 -0.195312

0.921875 -0.193892
0.92936 -0.195312

0.929688 -0.195373
0.9375 -0.196855

1.88281 -0.37625
1.87613 -0.375

1.88281 -0.376252
1.89062 -0.37771

1.89062 -0.377709
1.89844 -0.379166

1.89844 -0.379165
1.90625 -0.380621

0.875 -0.184959
0.882812 -0.186453

0.882812 -0.186474
0.88819 -0.1875

1.90625 -0.380621
1.91406 -0.382076

0.9375 -0.196855
0.945312 -0.198336

1.92188 -0.383503
1.91816 -0.382812

1.91406 -0.382102
1.91788 -0.382812

1.92188 -0.38353
1.92969 -0.384984

1.92969 -0.384985
1.9375 -0.386439

0.945312 -0.198336
0.953125 -0.199815

0.953125 -0.199814
0.960938 -0.201292

1.9375 -0.38644
1.94531 -0.387892

1.94531 -0.387892
1.95312 -0.389341

0.960938 -0.201293
0.96875 -0.202766

0.984375 -0.205703
0.970737 -0.203125

0.96875 -0.202798
0.970492 -0.203125

1.96094 -0.390709
1.96048 -0.390625

1.96094 -0.390785
1.96875 -0.392225

1.95312 -0.389348
1.96003 -0.390625

0.984375 -0.205722
1 -0.208677

1.96875 -0.392225
1.97656 -0.393663

1.97656 -0.393663
1.98438 -0.395098

1.98438 -0.395098
1.99219 -0.396528

1.99219 -0.396528
2 -0.397953

1.875 -0.374804
1.87605 -0.375

2.00781 -0.399359
2.00274 -0.398438

2 -0.397977
2.00253 -0.398438

2.00781 -0.399371
2.01562 -0.400784

2.01562 -0.400784
2.02344 -0.402191

2.02344 -0.402191
2.03125 -0.403593

2.04688 -0.406284
2.04669 -0.40625

2.04688 -0.406379
2.05469 -0.407761

2.05469 -0.407761
2.0625 -0.409137

2.03125 -0.403594
2.03906 -0.40499

2.03906 -0.404997
2.04611 -0.40625

2.0625 -0.409137
2.07031 -0.410508

2.07031 -0.410508
2.07812 -0.411874

2.07812 -0.411875
2.08594 -0.413237

2.09375 -0.414556
2.09091 -0.414062

2.08594 -0.413262
2.09054 -0.414062

2.09375 -0.414595
2.10156 -0.41595

2.10156 -0.41595
2.10938 -0.417301

2.10938 -0.417302
2.11719 -0.418649

2.11719 -0.418649
2.125 -0.419992

2.14062 -0.422635
2.13617 -0.421875

2.125 -0.419993
2.13281 -0.421328

2.13281 -0.421357
2.13586 -0.421875

2.14062 -0.422655
2.14844 -0.423977

2.14844 -0.423977
2.15625 -0.425293

2.15625 -0.425293
2.16406 -0.426602

2.16406 -0.426602
2.17188 -0.427903

2.17188 -0.427903
2.17969 -0.429195

2.1875 -0.430462
2.18279 -0.429688

2.17969 -0.429224
2.18251 -0.429688

2.23438 -0.43801
2.23117 -0.4375

2.23438 -0.438052
2.24219 -0.439283

2.24219 -0.439283
2.25 -0.440501

2.1875 -0.430479
2.19531 -0.431758

2.19531 -0.431758
2.20312 -0.43303

2.20312 -0.43303
2.21094 -0.434297

2.21094 -0.434297
2.21875 -0.435558

2.21875 -0.435558
2.22656 -0.43681

2.22656 -0.436845
2.23069 -0.4375

2.25 -0.440501
2.25781 -0.441705

2.25781 -0.441705
2.26562 -0.442895

2.26562 -0.442895
2.27344 -0.444072

2.27344 -0.444072
2.28125 -0.445236

2.28906 -0.446386
2.28178 -0.445312

2.28125 -0.445244
2.28171 -0.445312

2.28906 -0.446387
2.29688 -0.447527

2.29688 -0.447527
2.30469 -0.448656

2.30469 -0.448656
2.3125 -0.449774

2.3125 -0.449774
2.32031 -0.450882

2.32031 -0.450882
2.32812 -0.451978

2.34375 -0.454139
2.33639 -0.453125

2.32812 -0.451979
2.33594 -0.453064

2.33594 -0.453072
2.33632 -0.453125

2.34375 -0.45414
2.35156 -0.455206

2.35156 -0.455206
2.35938 -0.456263

2.35938 -0.456263
2.36719 -0.45731

2.36719 -0.45731
2.375 -0.458346

2.375 -0.458346
2.38281 -0.45937

2.38281 -0.459371
2.39062 -0.460382

2.39844 -0.461339
2.39529 -0.460938

2.39062 -0.460415
2.39472 -0.460938

2.39844 -0.46138
2.40625 -0.462366

2.40625 -0.462367
2.41406 -0.463341

2.41406 -0.463341
2.42188 -0.464302

2.42188 -0.464302
2.42969 -0.465249

2.42969 -0.465249
2.4375 -0.466182

2.46094 -0.468798
2.46051 -0.46875

2.46094 -0.468885
2.46875 -0.469753

2.4375 -0.466182
2.44531 -0.4671

2.44531 -0.4671
2.45312 -0.468001

2.45312 -0.468012
2.45964 -0.46875

2.46875 -0.469753
2.47656 -0.470604

2.47656 -0.470604
2.48438 -0.471438

2.48438 -0.471438
2.49219 -0.472255

2.49219 -0.472255
2.5 -0.473053

2.5 -0.473053
2.50781 -0.473832

2.50781 -0.473832
2.51562 -0.474591

2.51562 -0.474591
2.52344 -0.475329

2.52344 -0.475329
2.53125 -0.476046

2.53906 -0.476698
2.53754 -0.476562

2.53125 -0.476059
2.53691 -0.476562

2.53906 -0.47674
2.54688 -0.477414

2.54688 -0.477414
2.55469 -0.478066

2.55469 -0.478066
2.5625 -0.478696

2.5625 -0.478696
2.57031 -0.479303

2.57031 -0.479303
2.57812 -0.479887

2.57812 -0.479887
2.58594 -0.480448

2.58594 -0.480448
2.59375 -0.480984

2.59375 -0.480984
2.60156 -0.481496

2.60156 -0.481496
2.60938 -0.481983

2.60938 -0.481983
2.61719 -0.482445

2.61719 -0.482445
2.625 -0.48288

2.625 -0.48288
2.63281 -0.483288

2.63281 -0.483288
2.64062 -0.483669

2.64062 -0.483669
2.64844 -0.484023

2.64844 -0.484023
2.65625 -0.48435

2.66406 -0.48465
2.65691 -0.484375

2.66406 -0.48465
2.67188 -0.484925

2.65625 -0.48435
2.6569 -0.484375

2.67188 -0.484925
2.67969 -0.485175

2.67969 -0.485175
2.6875 -0.4854

2.6875 -0.485399
2.69531 -0.485599

2.69531 -0.485599
2.70312 -0.485774

2.70312 -0.485774
2.71094 -0.485924

2.71094 -0.485924
2.71875 -0.486049

2.71875 -0.486048
2.72656 -0.48615

2.72656 -0.48615
2.73438 -0.486232

2.73438 -0.486232
2.74219 -0.486293

2.74219 -0.486293
2.75 -0.486335

2.75 -0.486335
2.75781 -0.486358

2.75781 -0.486358
2.76562 -0.486364

2.76562 -0.486363
2.77344 -0.486353

2.77344 -0.486353
2.78125 -0.486327

2.78125 -0.486327
2.78906 -0.486288

2.78906 -0.486288
2.79688 -0.486238

2.79688 -0.486238
2.80469 -0.486177

2.80469 -0.486177
2.8125 -0.486107

2.8125 -0.486107
2.82031 -0.486029

2.82031 -0.486029
2.82812 -0.485943

2.82812 -0.485943
2.83594 -0.48585

2.83594 -0.48585
2.84375 -0.485751

2.84375 -0.48575
2.85156 -0.485645

2.85156 -0.485645
2.85938 -0.485538

2.85938 -0.485538
2.86719 -0.485428

2.86719 -0.485428
2.875 -0.485315

2.875 -0.485315
2.88281 -0.485201

2.88281 -0.485201
2.89062 -0.485085

2.89062 -0.485084
2.89844 -0.484967

2.89844 -0.484967
2.90625 -0.484852

2.90625 -0.484852
2.91406 -0.484738

2.91406 -0.484737
2.92188 -0.484625

2.92188 -0.484625
2.92969 -0.484514

2.92969 -0.484514
2.9375 -0.484406

2.9375 -0.484406
2.93983 -0.484375

2.9398 -0.484375
2.94531 -0.484301

2.94531 -0.484301
2.95312 -0.484199

2.95312 -0.484198
2.96094 -0.4841

2.96094 -0.4841
2.96875 -0.484006

2.96875 -0.484006
2.97656 -0.483916

2.97656 -0.483916
2.98438 -0.48383

2.98438 -0.48383
2.99219 -0.483749

2.99219 -0.483749
3 -0.483674

3 -0.483674
3.00781 -0.483603

3.00781 -0.483603
3.01562 -0.483537

3.01562 -0.483537
3.02344 -0.483476

3.02344 -0.483476
3.03125 -0.483421

3.03125 -0.483421
3.03906 -0.483371

3.03906 -0.483371
3.04688 -0.483327

3.04688 -0.483327
3.05469 -0.483288

3.05469 -0.483288
3.0625 -0.483256

3.0625 -0.483256
3.07031 -0.48323

3.07031 -0.48323
3.07812 -0.483209

3.07812 -0.483208
3.08594 -0.483193

3.08594 -0.483193
3.09375 -0.483184

3.09375 -0.483185
3.10156 -0.483182

3.10156 -0.483182
3.10938 -0.483186

3.10938 -0.483186
3.11719 -0.483195

3.11719 -0.483195
3.125 -0.48321

3.125 -0.48321
3.13281 -0.48323

3.13281 -0.48323
3.14062 -0.483256

3.14062 -0.483256
3.14844 -0.483287

3.14844 -0.483287
3.15625 -0.483323

3.15625 -0.483323
3.16406 -0.483364

3.16406 -0.483364
3.17188 -0.48341

3.17188 -0.48341
3.17969 -0.483461

3.17969 -0.483461
3.1875 -0.483516

3.1875 -0.483516
3.19531 -0.483575

3.19531 -0.483575
3.20312 -0.483639

3.20312 -0.483639
3.21094 -0.483706

3.21094 -0.483706
3.21875 -0.483776

3.21875 -0.483776
3.22656 -0.483851

3.22656 -0.483851
3.23438 -0.483929

3.23438 -0.483929
3.24219 -0.48401

3.24219 -0.48401
3.25 -0.484094

3.25 -0.484094
3.25781 -0.484182

3.25781 -0.484182
3.26562 -0.484272

3.28125 -0.484461
3.27421 -0.484375

3.26562 -0.484273
3.27344 -0.484366

3.27344 -0.48437
3.27384 -0.484375

3.28125 -0.484462
3.28906 -0.484561

3.28906 -0.484561
3.29688 -0.484662

3.29688 -0.484662
3.30469 -0.484765

3.30469 -0.484765
3.3125 -0.484871

3.3125 -0.484871
3.32031 -0.48498

3.32031 -0.48498
3.32812 -0.48509

3.32812 -0.48509
3.33594 -0.485202

3.33594 -0.485202
3.34375 -0.485315

3.34375 -0.485316
3.35156 -0.485431

3.35156 -0.485431
3.35938 -0.485547

3.35938 -0.485547
3.36719 -0.485664

3.36719 -0.485664
3.375 -0.485782

3.375 -0.485782
3.38281 -0.4859

3.38281 -0.4859
3.39062 -0.486019

3.39062 -0.486019
3.39844 -0.486137

3.39844 -0.486137
3.40625 -0.486256

3.40625 -0.486256
3.41406 -0.486373

3.41406 -0.486373
3.42188 -0.486491

3.42188 -0.486491
3.42969 -0.486607

3.42969 -0.486607
3.4375 -0.486722

3.4375 -0.486722
3.44531 -0.486836

3.44531 -0.486836
3.45312 -0.486949

3.45312 -0.486949
3.46094 -0.487061

3.46094 -0.487061
3.46875 -0.487171

3.46875 -0.487171
3.47656 -0.487279

3.47656 -0.487279
3.48438 -0.487386

3.48438 -0.487386
3.49219 -0.487491

3.49219 -0.487492
3.5 -0.487595

3.5 -0.487595
3.50781 -0.487696

3.50781 -0.487696
3.51562 -0.487795

3.51562 -0.487795
3.52344 -0.487892

3.52344 -0.487892
3.53125 -0.487986

3.53125 -0.487986
3.53906 -0.488078

3.53906 -0.488078
3.54688 -0.488169

3.54688 -0.488169
3.55469 -0.488256

3.55469 -0.488256
3.5625 -0.488342

3.5625 -0.488342
3.57031 -0.488426

3.57031 -0.488426
3.57812 -0.488508

3.57812 -0.488508
3.58594 -0.488588

3.58594 -0.488587
3.59375 -0.488666

3.59375 -0.488666
3.60156 -0.488743

3.60156 -0.488743
3.60938 -0.488817

3.60938 -0.488817
3.61719 -0.488888

3.61719 -0.488888
3.625 -0.488956

3.625 -0.488956
3.63281 -0.48902

3.63281 -0.489021
3.64062 -0.489081

3.64062 -0.489081
3.64844 -0.489137

3.64844 -0.489138
3.65625 -0.489188

3.65625 -0.489189
3.66406 -0.489233

3.66406 -0.489234
3.67188 -0.489269

3.67188 -0.48927
3.67969 -0.489295

3.67969 -0.489295
3.6875 -0.489306

3.6875 -0.489304
3.69531 -0.489303

3.69531 -0.489299
3.70312 -0.489296

3.70312 -0.489291
3.71094 -0.489303

3.71094 -0.489303
3.71875 -0.489343

3.71875 -0.489348
3.72656 -0.489407

3.72656 -0.489411
3.73438 -0.489471

3.73438 -0.489474
3.74219 -0.489522

3.74219 -0.489521
3.75 -0.489554

3.75 -0.489553
3.75781 -0.489577

3.75781 -0.489577
3.76562 -0.489594

3.76562 -0.489594
3.77344 -0.489605

3.77344 -0.489605
3.78125 -0.48961

3.78125 -0.48961
3.78906 -0.489611

3.78906 -0.489611
3.79688 -0.489607

3.79688 -0.48961
3.80469 -0.489598

3.80469 -0.489601
3.8125 -0.489569

3.8125 -0.489565
3.82031 -0.489514

3.82031 -0.489509
3.82812 -0.489454

3.82812 -0.489453
3.83594 -0.489405

3.83594 -0.489406
3.84375 -0.489366

3.84375 -0.489368
3.85156 -0.489331

3.85156 -0.489332
3.85938 -0.489294

3.85938 -0.489294
3.86719 -0.489256

3.86719 -0.489256
3.875 -0.489216

3.875 -0.489216
3.88281 -0.489175

3.88281 -0.489175
3.89062 -0.489134

3.89062 -0.489134
3.89844 -0.489091

3.89844 -0.489091
3.90625 -0.489047

3.90625 -0.489047
3.91406 -0.489003

3.91406 -0.489003
3.92188 -0.488959

3.92188 -0.488959
3.92969 -0.488916

3.92969 -0.488916
3.9375 -0.488875

3.9375 -0.488875
3.94531 -0.488835

3.94531 -0.488835
3.95312 -0.488798

3.95312 -0.488797
3.96094 -0.488763

3.96094 -0.488763
3.96875 -0.488733

3.96875 -0.488732
3.97656 -0.488707

3.97656 -0.488707
3.98438 -0.488688

3.98438 -0.488687
3.99219 -0.488675

3.99219 -0.488675
4 -0.488671

