-4 -0.466296
-3.96875 -0.466287

-3.96875 -0.466286
-3.9375 -0.46626

-0.5 -0.13613
-0.453995 -0.125

-0.45338 -0.125
-0.4375 -0.121174

-0.4375 -0.121094
-0.40625 -0.113492

-3.9375 -0.466259
-3.92188 -0.46624

-0.40625 -0.113493
-0.375 -0.10584

-3.92188 -0.466241
-3.90625 -0.46622

-3.90625 -0.46622
-3.89062 -0.466196

-0.375 -0.105833
-0.34375 -0.0981401

-3.89062 -0.466196
-3.875 -0.466168

-0.34375 -0.098135
-0.328125 -0.09428

-3.875 -0.466168
-3.85938 -0.466136

-0.328125 -0.0942166
-0.326233 -0.09375

-3.85938 -0.466136
-3.84375 -0.4661

-0.325883 -0.09375
-0.320312 -0.0923761

-3.84375 -0.4661
-3.82812 -0.466059

-0.320312 -0.0923535
-0.3125 -0.0904268

-3.82812 -0.466059
-3.8125 -0.466013

-3.8125 -0.466012
-3.79688 -0.46596

-3.79688 -0.46596
-3.78125 -0.465904

-0.3125 -0.0904272
-0.296875 -0.0865723

-3.78125 -0.465904
-3.76562 -0.465843

-0.296875 -0.0865721
-0.28125 -0.0827154

-3.76562 -0.465843
-3.75 -0.465776

-0.28125 -0.082722
-0.25 -0.0749799

-3.75 -0.465776
-3.73438 -0.465703

-0.25 -0.0749882
-0.21875 -0.0671868

-0.21875 -0.0671801
-0.203125 -0.0632518

-3.73438 -0.465703
-3.71875 -0.465627

-0.203125 -0.0631794
-0.200433 -0.0625

-3.71875 -0.465627
-3.70312 -0.465546

-0.199978 -0.0625
-0.195312 -0.0613239

2.375 0.462575
2.39062 0.46159

-0.195312 -0.0612815
-0.1875 -0.0593085

-3.70312 -0.465546
-3.6875 -0.465458

2.39062 0.46159
2.40625 0.460612

-3.6875 -0.465456
-3.67188 -0.465366

1.25 0.32915
1.26562 0.333354

1.26562 0.333353
1.28125 0.337546

1.28125 0.337546
1.29688 0.341728

1.29688 0.341754
1.30436 0.34375

2.40625 0.460613
2.42188 0.459642

1.30454 0.34375
1.3125 0.345874

1.3125 0.345898
1.32812 0.350051

1.32812 0.35005
1.34375 0.354192

2.42188 0.459642
2.4375 0.458677

2.4375 0.458676
2.45312 0.457719

2.45312 0.457719
2.46875 0.45677

-3.67188 -0.465368
-3.65625 -0.465276

1.34375 0.354197
1.35938 0.358318

-0.1875 -0.059309
-0.171875 -0.0553526

-3.65625 -0.465274
-3.64062 -0.46518

-0.171875 -0.0553513
-0.15625 -0.0513839

-3.64062 -0.465181
-3.625 -0.465085

-0.15625 -0.0513954
-0.125 -0.043398

2.46875 0.456771
2.48438 0.455832

-0.125 -0.0433776
-0.09375 -0.0353313

2.48438 0.455831
2.5 0.454901

-3.625 -0.465082
-3.60938 -0.464984

-3.60938 -0.464984
-3.59375 -0.464889

-3.59375 -0.464889
-3.57812 -0.464798

2.5 0.454901
2.51562 0.453981

2.53125 0.453075
2.53039 0.453125

2.51562 0.453981
2.53035 0.453125

2.53125 0.453073
2.54688 0.452176

-0.09375 -0.0353401
-0.0779096 -0.03125

-0.0779219 -0.03125
-0.0625 -0.027268

-0.0625 -0.0272568
-0.03125 -0.0191762

-0.03125 -0.0191879
0 -0.0110977

0 -0.0110989
0.015625 -0.00704023

0.015625 -0.00703864
0.03125 -0.00296715

0.03125 -0.00296603
0.0390625 -0.000926884

0.0390625 -0.000862422
0.0423649 0

0.042814 0
0.046875 0.00106016

0.046875 0.00111289
0.0625 0.00519746

0.0625 0.00519443
0.09375 0.0133869

0.09375 0.0133867
0.125 0.0216119

0.125 0.021588
0.1875 0.0382001

0.1875 0.0382294
0.25 0.0550093

0.25 0.0551017
0.277455 0.0625

0.279142 0.0625
0.28125 0.0630673

0.28125 0.0634361
0.3125 0.0718406

0.3125 0.071856
0.34375 0.0803003

0.34375 0.0803127
0.375 0.0887415

0.375 0.0887265
0.390625 0.0929308

0.390625 0.0929808
0.393479 0.09375

0.393733 0.09375
0.40625 0.0971532

0.40625 0.0971944
0.421875 0.101455

0.421875 0.101452
0.4375 0.105677

0.4375 0.10566
0.46875 0.11412

0.46875 0.114122
0.5 0.122608

0.5 0.122749
0.508251 0.125

0.508995 0.125
0.53125 0.131062

0.53125 0.13112
0.5625 0.139659

0.5625 0.139658
0.59375 0.14822

0.59375 0.14822
0.609375 0.15251

0.609375 0.15251
0.617188 0.154658

0.617188 0.154688
0.622864 0.15625

0.623306 0.15625
0.625 0.156716

0.625 0.156806
0.640625 0.161115

0.640625 0.161116
0.65625 0.165436

0.65625 0.165431
0.6875 0.174111

0.6875 0.174147
0.735665 0.1875

0.736103 0.1875
0.75 0.191342

0.75 0.191417
0.78125 0.200095

0.78125 0.200099
0.8125 0.208783

0.8125 0.208785
0.84375 0.217462

0.84375 0.217553
0.848063 0.21875

0.84846 0.21875
0.875 0.226114

0.875 0.226126
0.890625 0.23047

0.890625 0.230472
0.9047 0.234375

0.904862 0.234375
0.90625 0.23476

0.90625 0.2348
0.921875 0.239129

0.921875 0.23913
0.9375 0.243456

0.9375 0.243455
0.953125 0.247779

0.953125 0.247794
0.961094 0.25

0.961208 0.25
0.96875 0.252088

0.96875 0.252104
0.984375 0.25643

0.984375 0.25643
1 0.260755

1 0.260755
1.01562 0.265078

1.01562 0.265095
1.01754 0.265625

1.01761 0.265625
1.03125 0.269395

1.03125 0.269398
1.04688 0.273715

1.04688 0.273714
1.0625 0.278029

1.0625 0.278059
1.07409 0.28125

1.07445 0.28125
1.07812 0.282263

1.07812 0.282334
1.09375 0.28663

1.09375 0.286632
1.10938 0.290926

1.10938 0.290925
1.125 0.295214

1.125 0.295236
1.13098 0.296875

1.13131 0.296875
1.13281 0.297287

1.13281 0.297357
1.14062 0.299499

1.14062 0.299502
1.15625 0.303777

1.15625 0.303779
1.17188 0.308038

1.17188 0.308038
1.1875 0.312277

1.1875 0.312284
1.1883 0.3125

1.18834 0.3125
1.20312 0.316498

1.20312 0.316496
1.21875 0.320717

1.21875 0.320718
1.23438 0.324936

1.23438 0.324936
1.24219 0.327044

1.24219 0.327079
1.24607 0.328125

1.24634 0.328125
1.25 0.329112

2.54688 0.452176
2.5625 0.451291

-3.57812 -0.464798
-3.5625 -0.46471

-3.5625 -0.46471
-3.54688 -0.464626

-3.54688 -0.464626
-3.53125 -0.464546

-3.53125 -0.464547
-3.51562 -0.464471

-3.51562 -0.464471
-3.5 -0.464399

-3.5 -0.464398
-3.48438 -0.46433

-3.48438 -0.46433
-3.46875 -0.464266

-3.46875 -0.464266
-3.45312 -0.464206

-3.45312 -0.464206
-3.4375 -0.464149

-3.4375 -0.464149
-3.42188 -0.464096

-3.42188 -0.464097
-3.40625 -0.464048

-3.40625 -0.464048
-3.39062 -0.464003

-3.39062 -0.464003
-3.375 -0.46396

-3.375 -0.46396
-3.35938 -0.463919

-3.35938 -0.463919
-3.34375 -0.463881

-3.34375 -0.463881
-3.32812 -0.463845

-3.32812 -0.463845
-3.3125 -0.463812

-3.3125 -0.463811
-3.29688 -0.463781

-3.29688 -0.463781
-3.28125 -0.463757

-3.28125 -0.463757
-3.26562 -0.463737

-3.26562 -0.463737
-3.25 -0.463721

-3.25 -0.463719
-3.21875 -0.4637

-3.21875 -0.463702
-3.1875 -0.463696

-3.1875 -0.463694
-3.15625 -0.463698

-3.15625 -0.463704
-3.125 -0.463711

-3.125 -0.463708
-3.09375 -0.463712

-3.09375 -0.463713
-3.0625 -0.463717

-3.0625 -0.463722
-3.03125 -0.463716

-3.03125 -0.463714
-3.01562 -0.463703

-3.01562 -0.463703
-3 -0.463689

-3 -0.463689
-2.98438 -0.463671

-2.98438 -0.463672
-2.96875 -0.463649

-2.96875 -0.463649
-2.95312 -0.463621

-2.95312 -0.463622
-2.9375 -0.463588

-2.9375 -0.463588
-2.92188 -0.463547

1.35938 0.358362
1.36324 0.359375

1.36361 0.359375
1.36719 0.360313

1.36719 0.360363
1.375 0.362406

1.375 0.362407
1.38281 0.364446

1.38281 0.364446
1.39062 0.366479

1.39062 0.366501
1.39327 0.367188

1.3934 0.367188
1.39844 0.368494

1.39844 0.368506
1.40625 0.370527

1.40625 0.370527
1.41406 0.372541

1.41406 0.372541
1.42188 0.374547

1.42188 0.374563
1.42358 0.375

1.42367 0.375
1.42969 0.376538

1.42969 0.376543
1.4375 0.378531

1.4375 0.378531
1.44531 0.38051

1.44531 0.380511
1.45312 0.38248

1.45312 0.382495
1.45439 0.382812

1.45446 0.382812
1.46094 0.384436

1.46094 0.384439
1.46875 0.386387

1.46875 0.386387
1.47656 0.388324

1.47656 0.388324
1.48438 0.39025

1.48438 0.390267
1.48584 0.390625

2.5625 0.451291
2.57812 0.450418

2.57812 0.450418
2.59375 0.449558

2.59375 0.449558
2.60938 0.448711

2.60938 0.448711
2.625 0.447876

2.625 0.447876
2.64062 0.447056

1.48592 0.390625
1.49219 0.392163

1.49219 0.392167
1.5 0.394074

2.64062 0.447056
2.65625 0.44625

2.65625 0.44625
2.67188 0.445459

-2.92188 -0.463547
-2.90625 -0.463499

-2.90625 -0.463499
-2.89062 -0.463442

-2.89062 -0.463443
-2.875 -0.463375

2.67188 0.445459
2.6875 0.444682

2.6875 0.444682
2.70312 0.44392

2.70312 0.44392
2.71875 0.443174

2.71875 0.443174
2.73438 0.442445

1.5 0.394074
1.50781 0.395972

2.73438 0.442445
2.75 0.441731

-2.875 -0.463375
-2.85938 -0.463297

-2.85938 -0.463297
-2.84375 -0.463207

1.50781 0.395972
1.51562 0.39786

2.75 0.44173
2.76562 0.441033

1.51562 0.397887
1.51792 0.398438

2.76562 0.441033
2.78125 0.440353

-2.84375 -0.463207
-2.82812 -0.463105

1.51808 0.398438
1.52344 0.399725

1.52344 0.399737
1.53125 0.401603

2.78125 0.440353
2.79688 0.43969

1.53125 0.401603
1.53906 0.403457

2.79688 0.43969
2.8125 0.439045

2.85938 0.437235
2.85235 0.4375

2.85938 0.437221
2.875 0.436652

-2.82812 -0.463105
-2.8125 -0.462989

1.53906 0.403457
1.54688 0.405299

1.54688 0.405322
1.55084 0.40625

1.55104 0.40625
1.55469 0.407102

-2.8125 -0.462989
-2.79688 -0.462859

-2.79688 -0.46286
-2.78125 -0.462715

2.8125 0.439045
2.82812 0.438418

-2.78125 -0.462715
-2.76562 -0.462554

2.82812 0.438418
2.84375 0.43781

1.55469 0.407127
1.5625 0.408941

2.84375 0.437797
2.85164 0.4375

-2.76562 -0.462554
-2.75 -0.462376

1.5625 0.408942
1.57031 0.410742

2.875 0.436652
2.89062 0.436102

-2.75 -0.462376
-2.73438 -0.462179

2.89062 0.436102
2.90625 0.435571

-2.73438 -0.462179
-2.71875 -0.461963

1.57031 0.410742
1.57812 0.412528

-2.71875 -0.461963
-2.70312 -0.461725

-2.70312 -0.461726
-2.6875 -0.461466

2.90625 0.435571
2.92188 0.43506

2.92188 0.43506
2.9375 0.434569

1.57812 0.41254
1.58484 0.414062

2.9375 0.434569
2.95312 0.434098

-2.6875 -0.461467
-2.67188 -0.461183

2.95312 0.434098
2.96875 0.433647

1.58531 0.414062
1.58594 0.414204

2.96875 0.433647
2.98438 0.433216

-2.67188 -0.461184
-2.65625 -0.460876

2.98438 0.433216
3 0.432805

-2.65625 -0.460876
-2.64062 -0.460541

1.58594 0.414299
1.59375 0.416055

1.59375 0.416056
1.60156 0.417797

-2.64062 -0.460542
-2.625 -0.46018

1.60156 0.417797
1.60938 0.419522

1.60938 0.419522
1.61719 0.42123

-2.625 -0.460181
-2.60938 -0.459791

1.61719 0.42125
1.62008 0.421875

-2.60938 -0.459792
-2.59375 -0.459373

1.62023 0.421875
1.625 0.422908

-2.59375 -0.459373
-2.57812 -0.458924

-2.57812 -0.458925
-2.5625 -0.458444

1.625 0.42292
1.63281 0.424593

3 0.432805
3.01562 0.432413

1.63281 0.424593
1.64062 0.426248

3.01562 0.432413
3.03125 0.432041

1.64062 0.426248
1.64844 0.427885

-2.5625 -0.458444
-2.54688 -0.457931

1.64844 0.427885
1.65625 0.429502

3.03125 0.432041
3.04688 0.431689

3.04688 0.431689
3.0625 0.431356

-2.54688 -0.457932
-2.53125 -0.457385

3.0625 0.431357
3.07812 0.431043

3.07812 0.431043
3.09375 0.430747

-2.53125 -0.457386
-2.51562 -0.456805

-2.51562 -0.456805
-2.5 -0.456188

1.65625 0.429513
1.6571 0.429688

-2.5 -0.456188
-2.48438 -0.455534

1.65716 0.429688
1.66406 0.431098

3.09375 0.430747
3.10938 0.43047

1.66406 0.4311
1.67188 0.432676

-2.48438 -0.455534
-2.46875 -0.454843

1.67188 0.432676
1.67969 0.434232

1.67969 0.434232
1.6875 0.435766

3.10938 0.430471
3.125 0.43021

-2.46875 -0.454844
-2.45312 -0.454117

3.125 0.430205
3.15625 0.429732

-2.45312 -0.454117
-2.4375 -0.453354

3.15625 0.429734
3.1875 0.429323

1.6875 0.435767
1.69531 0.437278

-2.4375 -0.453364
-2.43283 -0.453125

3.1875 0.429324
3.21875 0.42897

-2.43308 -0.453125
-2.42188 -0.452552

3.21875 0.428966
3.25 0.428677

-2.42188 -0.452556
-2.40625 -0.451722

1.69531 0.437288
1.69643 0.4375

3.25 0.428689
3.28125 0.42845

3.28125 0.428441
3.3125 0.428244

-2.40625 -0.451722
-2.39062 -0.450852

3.3125 0.428245
3.34375 0.428103

3.34375 0.428102
3.375 0.428014

1.69648 0.4375
1.70312 0.438766

3.375 0.428018
3.40625 0.42798

-2.39062 -0.450852
-2.375 -0.449947

3.40625 0.427971
3.4375 0.427992

1.70312 0.438768
1.71094 0.440235

3.4375 0.428012
3.46875 0.428069

1.71094 0.440235
1.71875 0.441679

3.46875 0.428059
3.5 0.428135

-2.375 -0.449946
-2.35938 -0.449006

-2.35938 -0.449006
-2.34375 -0.448033

1.71875 0.441679
1.72656 0.4431

-2.34375 -0.448033
-2.32812 -0.447026

1.72656 0.4431
1.73438 0.444498

-2.32812 -0.447026
-2.3125 -0.445984

3.5 0.428147
3.53125 0.428236

1.73438 0.444522
1.73887 0.445312

1.73921 0.445312
1.74219 0.445835

-2.3125 -0.445984
-2.29688 -0.444908

-2.29688 -0.444908
-2.28125 -0.443797

3.53125 0.428241
3.5625 0.428309

3.5625 0.428305
3.59375 0.428352

1.74219 0.445872
1.75 0.447221

-2.28125 -0.443797
-2.26562 -0.442651

-2.26562 -0.442652
-2.25 -0.44147

1.75 0.447221
1.75781 0.448545

1.75781 0.448545
1.76562 0.449843

-2.25 -0.44147
-2.23438 -0.440252

-2.23438 -0.440252
-2.21875 -0.438997

3.59375 0.428351
3.625 0.428386

-2.21875 -0.438997
-2.20312 -0.437704

-2.20312 -0.437684
-2.20097 -0.4375

3.625 0.428386
3.65625 0.428409

-2.20078 -0.4375
-2.1875 -0.436386

-2.1875 -0.436381
-2.15625 -0.433618

-2.15625 -0.433623
-2.125 -0.430715

3.65625 0.428409
3.6875 0.428423

-2.125 -0.430708
-2.09375 -0.427656

3.6875 0.428421
3.71875 0.428429

3.71875 0.428429
3.75 0.428433

-2.09375 -0.427655
-2.0625 -0.424474

3.75 0.428433
3.78125 0.428434

3.78125 0.428435
3.8125 0.428432

3.8125 0.42843
3.84375 0.428426

1.76562 0.449844
1.77344 0.451115

3.84375 0.428427
3.875 0.428424

-2.0625 -0.424473
-2.03125 -0.421165

3.875 0.428423
3.9375 0.428424

3.9375 0.428426
4 0.428428

1.77344 0.451115
1.78125 0.452358

1.78125 0.452365
1.78614 0.453125

1.78627 0.453125
1.78906 0.453559

1.78906 0.453572
1.79688 0.454756

-2.03125 -0.421166
-2 -0.417731

1.79688 0.454756
1.80469 0.455911

1.80469 0.455911
1.8125 0.457036

1.8125 0.457036
1.82031 0.458129

-2 -0.41773
-1.96875 -0.41417

1.82031 0.458129
1.82812 0.45919

-1.96875 -0.414169
-1.9375 -0.410489

1.82812 0.45919
1.83594 0.460219

1.83594 0.460223
1.84154 0.460938

-1.9375 -0.410482
-1.92188 -0.408597

-1.92188 -0.408595
-1.90625 -0.406682

-1.90625 -0.406642
-1.90309 -0.40625

-1.9026 -0.40625
-1.875 -0.402782

1.84166 0.460938
1.84375 0.461205

-1.875 -0.402748
-1.84375 -0.398725

1.84375 0.461216
1.85156 0.462179

1.85156 0.46218
1.85938 0.463111

-1.84375 -0.398749
-1.8125 -0.394635

1.85938 0.463111
1.86719 0.464009

-1.8125 -0.394624
-1.78125 -0.39039

1.86719 0.464008
1.875 0.464874

-1.78125 -0.390397
-1.75 -0.386053

1.875 0.464885
1.89062 0.466518

1.89062 0.466518
1.90625 0.468017

1.90625 0.46802
1.91464 0.46875

-1.75 -0.386049
-1.71875 -0.381586

1.91455 0.46875
1.92188 0.46937

-1.71875 -0.381584
-1.6875 -0.377017

-1.6875 -0.376968
-1.67431 -0.375

-1.67357 -0.375
-1.625 -0.367585

1.92188 0.46937
1.92969 0.469997

1.92969 0.469997
1.9375 0.470588

1.9375 0.470588
1.94531 0.471145

-1.625 -0.367468
-1.5625 -0.357481

1.94531 0.471145
1.95312 0.471667

-1.5625 -0.357478
-1.53125 -0.352378

1.95312 0.471667
1.96094 0.472155

1.96094 0.472155
1.96875 0.472608

-1.53125 -0.352378
-1.5 -0.347175

1.96875 0.472608
1.97656 0.473027

1.97656 0.473026
1.98438 0.473412

-1.5 -0.347172
-1.48438 -0.344531

1.98438 0.473412
1.99219 0.473764

-1.48438 -0.344496
-1.48001 -0.34375

1.99219 0.473764
2 0.474083

-1.47957 -0.34375
-1.47656 -0.343237

-1.47656 -0.343194
-1.46875 -0.341859

-1.46875 -0.341864
-1.45312 -0.339168

-1.45312 -0.339166
-1.4375 -0.336437

-1.4375 -0.33644
-1.40625 -0.330913

-1.40625 -0.330906
-1.375 -0.325304

-1.375 -0.325313
-1.34375 -0.319633

-1.34375 -0.319628
-1.3125 -0.313862

2 0.474083
2.00781 0.474369

2.00781 0.474369
2.01562 0.474624

-1.3125 -0.313814
-1.30548 -0.3125

2.01562 0.474624
2.02344 0.474847

-1.30498 -0.3125
-1.25 -0.30208

2.02344 0.474847
2.03125 0.475038

-1.25 -0.302049
-1.1875 -0.289788

-1.1875 -0.289766
-1.125 -0.277174

2.03125 0.475038
2.03906 0.4752

-1.125 -0.277182
-1.0625 -0.264284

-1.0625 -0.264252
-1 -0.251093

2.03906 0.475199
2.04688 0.475331

-1 -0.250785
-0.996349 -0.25

2.04688 0.475331
2.05469 0.475432

2.05469 0.475432
2.0625 0.475505

-0.994583 -0.25
-0.9375 -0.237723

-0.9375 -0.237719
-0.875 -0.22386

-0.875 -0.22377
-0.8125 -0.209631

-0.8125 -0.20964
-0.78125 -0.202527

2.0625 0.475505
2.07031 0.47555

2.07031 0.475549
2.07812 0.475566

-0.78125 -0.20253
-0.75 -0.195349

2.07812 0.475566
2.08594 0.475556

2.08594 0.475556
2.09375 0.475519

2.09375 0.475519
2.10156 0.475456

2.10156 0.475456
2.10938 0.475368

2.10938 0.475368
2.11719 0.475255

-0.75 -0.195345
-0.734375 -0.191726

2.11719 0.475255
2.125 0.475119

-0.734375 -0.191726
-0.71875 -0.188088

-0.71875 -0.187983
-0.716685 -0.1875

2.125 0.475118
2.13281 0.474959

-0.716048 -0.1875
-0.710938 -0.186305

-0.710938 -0.18626
-0.703125 -0.184428

-0.703125 -0.184428
-0.6875 -0.180754

2.13281 0.474959
2.14062 0.474777

2.14062 0.474776
2.14844 0.474572

2.14844 0.474572
2.15625 0.474347

-0.6875 -0.180749
-0.65625 -0.173393

2.15625 0.474347
2.16406 0.474102

2.16406 0.474101
2.17188 0.473836

-0.65625 -0.173392
-0.625 -0.166034

2.17188 0.473836
2.17969 0.473552

2.17969 0.473551
2.1875 0.473249

2.1875 0.473248
2.19531 0.472928

2.19531 0.472928
2.20312 0.472591

2.20312 0.472591
2.21094 0.472237

-0.625 -0.166039
-0.609375 -0.162358

2.21094 0.472237
2.21875 0.471868

2.21875 0.471868
2.22656 0.471484

2.22656 0.471484
2.23438 0.471087

2.23438 0.471086
2.24219 0.470675

-0.609375 -0.162359
-0.59375 -0.158662

2.24219 0.470675
2.25 0.470252

-0.59375 -0.158661
-0.585938 -0.156806

-0.585938 -0.156733
-0.583907 -0.15625

2.28125 0.468449
2.27618 0.46875

2.25 0.470252
2.25781 0.469817

2.25781 0.469817
2.26562 0.469371

2.26562 0.469371
2.27344 0.468915

2.27344 0.468918
2.27626 0.46875

2.28125 0.46845
2.28906 0.467978

2.28906 0.467978
2.29688 0.4675

-0.583481 -0.15625
-0.578125 -0.154977

-0.578125 -0.154946
-0.5625 -0.151218

2.29688 0.4675
2.30469 0.467016

2.30469 0.467016
2.3125 0.466529

2.3125 0.466529
2.32031 0.466039

2.32031 0.466039
2.32812 0.465547

-0.5625 -0.151221
-0.53125 -0.143733

2.32812 0.465547
2.33594 0.465053

-0.53125 -0.143748
-0.5 -0.136184

2.33594 0.465053
2.34375 0.464558

2.34375 0.464558
2.35156 0.464063

2.35156 0.464063
2.35938 0.463567

2.35938 0.463566
2.375 0.462576

