-4 -0.393267
-3.99219 -0.393275

-3.99219 -0.393278
-3.98438 -0.393295

-3.98438 -0.393295
-3.97656 -0.393312

-3.97656 -0.393313
-3.96875 -0.393329

-1.25 -0.0488842
-1.24219 -0.0490477

-1.24219 -0.0490478
-1.23438 -0.0492484

-1.23438 -0.0492485
-1.22656 -0.0494862

-3.96875 -0.393329
-3.96094 -0.393343

0.75 -0.0545933
0.765625 -0.0497091

-1.22656 -0.0494863
-1.21875 -0.0497609

-1.21875 -0.049761
-1.21094 -0.0500723

-1.21094 -0.0500724
-1.20312 -0.0504199

0.765625 -0.0497019
0.774618 -0.046875

-1.20312 -0.05042
-1.19531 -0.0508032

-3.96094 -0.393343
-3.95312 -0.393352

-3.95312 -0.393352
-3.94531 -0.393356

-3.94531 -0.393356
-3.9375 -0.393355

-1.19531 -0.0508032
-1.1875 -0.0512218

0.774665 -0.046875
0.78125 -0.0448051

2 0.363025
2.00781 0.365226

-3.9375 -0.393355
-3.92969 -0.393348

-3.92969 -0.393348
-3.92188 -0.393335

2.00781 0.36523
2.01479 0.367188

2.01489 0.367188
2.01562 0.367395

2.01562 0.367419
2.02344 0.369603

-3.92188 -0.393337
-3.90625 -0.393296

-1.1875 -0.0512218
-1.17969 -0.0516758

-3.90625 -0.393295
-3.89844 -0.393267

-3.89844 -0.393267
-3.89062 -0.393236

-1.17969 -0.0516759
-1.17188 -0.0521651

0.78125 -0.0448059
0.8125 -0.0348935

2.02344 0.369603
2.03125 0.37178

-1.17188 -0.0521652
-1.16406 -0.0526892

2.03125 0.371781
2.03906 0.373947

-1.16406 -0.0526894
-1.15625 -0.0532476

0.8125 -0.0348839
0.823854 -0.03125

-1.15625 -0.0532477
-1.14844 -0.0538399

0.823855 -0.03125
0.828125 -0.0298834

2.03906 0.374044
2.04253 0.375

0.828125 -0.0298852
0.84375 -0.0248552

-1.14844 -0.0538406
-1.14062 -0.0544655

0.84375 -0.0248602
0.875 -0.0147142

-3.89062 -0.393235
-3.88281 -0.393199

2.04321 0.375
2.04688 0.376011

0.875 -0.0147165
0.890625 -0.00959745

-3.88281 -0.393199
-3.875 -0.39316

2.04688 0.376103
2.05469 0.37825

2.05469 0.37825
2.0625 0.380389

2.0625 0.38039
2.07031 0.382517

2.07031 0.382705
2.07071 0.382812

-1.13281 -0.0551086
-1.1378 -0.0546875

2.07149 0.382812
2.07812 0.384609

0.890625 -0.00959527
0.90625 -0.00442992

0.90625 -0.00442954
0.919547 0

2.07812 0.38463
2.08594 0.386736

2.08594 0.386736
2.09375 0.38883

2.09375 0.388839
2.10046 0.390625

2.1007 0.390625
2.10156 0.390854

0.919538 0
0.9375 0.00601304

0.9375 0.00602147
0.953125 0.0113244

0.953125 0.0113239
0.965662 0.015625

0.96567 0.015625
0.96875 0.0166815

2.10156 0.39091
2.10938 0.392977

-1.14062 -0.054494
-1.13833 -0.0546875

2.10938 0.392977
2.11719 0.395032

2.11719 0.395033
2.125 0.397074

-1.13281 -0.0551235
-1.125 -0.0558186

0.96875 0.0166882
0.976562 0.0193908

2.125 0.39713
2.13005 0.398438

0.976562 0.0193908
0.984375 0.022106

2.13073 0.398438
2.13281 0.398977

2.13281 0.399098
2.14062 0.401108

-1.0625 -0.0625768
-1.06313 -0.0625

2.14062 0.401109
2.14844 0.403105

-3.875 -0.39316
-3.86719 -0.393118

0.984375 0.0221124
0.98817 0.0234375

-3.86719 -0.393117
-3.85938 -0.393073

2.14844 0.403106
2.15625 0.405085

0.988206 0.0234375
0.992188 0.0248276

0.992188 0.0248335
1 0.0275746

-3.85938 -0.393073
-3.85156 -0.393028

-3.85156 -0.393028
-3.84375 -0.392981

2.15625 0.405178
2.16052 0.40625

-1.125 -0.0558186
-1.11719 -0.0565487

-1.11719 -0.0565488
-1.10938 -0.0573136

-3.84375 -0.392981
-3.83594 -0.392933

-3.83594 -0.392933
-3.82812 -0.392883

-1.10938 -0.0573138
-1.10156 -0.0581125

2.16148 0.40625
2.16406 0.406899

2.16406 0.407043
2.17188 0.408986

-1.10156 -0.0581129
-1.09375 -0.0589443

2.17188 0.408986
2.17969 0.410911

-3.82812 -0.392883
-3.82031 -0.392833

-3.82031 -0.392833
-3.8125 -0.392783

2.17969 0.410912
2.1875 0.412818

-3.8125 -0.392783
-3.80469 -0.392732

-3.80469 -0.392732
-3.79688 -0.39268

-3.79688 -0.39268
-3.78906 -0.392629

-3.78906 -0.392629
-3.78125 -0.392577

-3.78125 -0.392577
-3.77344 -0.392525

-3.77344 -0.392525
-3.76562 -0.392473

-1.09375 -0.0589446
-1.08594 -0.0598075

-1.08594 -0.0598073
-1.07812 -0.0607017

-3.76562 -0.392473
-3.75781 -0.392422

-3.75781 -0.392422
-3.75 -0.39237

2.1875 0.412885
2.19239 0.414062

-3.75 -0.39237
-3.74219 -0.392319

1 0.0275758
1.00781 0.0303281

1.00781 0.0303541
1.01035 0.03125

-3.74219 -0.392318
-3.73438 -0.392268

1.01046 0.03125
1.01562 0.0330765

1.01562 0.0330897
1.02344 0.0358648

1.02344 0.0358664
1.03125 0.0386512

1.03125 0.0386871
1.0323 0.0390625

1.03242 0.0390625
1.03906 0.0414377

1.03906 0.041444
1.04688 0.04425

1.04688 0.044249
1.05415 0.046875

1.05416 0.046875
1.05469 0.0470643

1.05469 0.0470679
1.0625 0.0498936

1.0625 0.0498938
1.07031 0.0527264

2.19327 0.414062
2.19531 0.414556

2.19531 0.414699
2.20312 0.416561

2.20312 0.416561
2.21094 0.418403

2.21094 0.418404
2.21875 0.420223

2.21875 0.420227
2.22593 0.421875

-3.73438 -0.392267
-3.71875 -0.392174

1.07031 0.0527338
1.07569 0.0546875

-3.71875 -0.392179
-3.70312 -0.392089

2.22615 0.421875
2.22656 0.42197

2.22656 0.422015
2.23438 0.423782

1.07576 0.0546875
1.07812 0.0555485

2.23438 0.423782
2.24219 0.425525

-3.70312 -0.392087
-3.6875 -0.391996

2.24219 0.425525
2.25 0.427242

1.07812 0.0555656
1.08594 0.0584132

1.08594 0.0584152
1.09375 0.0612672

1.09375 0.0613044
1.09702 0.0625

-3.6875 -0.391996
-3.67188 -0.391908

-1.07812 -0.0607014
-1.07031 -0.0616283

-3.67188 -0.391909
-3.66406 -0.391866

1.09721 0.0625
1.10156 0.0640911

-3.66406 -0.391866
-3.65625 -0.391822

-1.07031 -0.0616296
-1.06322 -0.0625

-3.65625 -0.39182
-3.64062 -0.391735

1.10156 0.064121
1.10938 0.0669838

-3.64062 -0.391737
-3.625 -0.391654

2.25 0.427245
2.25781 0.428931

1.10938 0.0669863
1.11719 0.0698513

-1.0625 -0.0625871
-1.05469 -0.0635786

-3.625 -0.391654
-3.61719 -0.391612

2.25781 0.429099
2.26059 0.429688

-3.61719 -0.391612
-3.60938 -0.39157

2.26205 0.429688
2.26562 0.430445

-1.05469 -0.0635792
-1.04688 -0.064603

2.26562 0.430584
2.27344 0.432209

-1.04688 -0.0646028
-1.03906 -0.0656579

-3.60938 -0.39157
-3.60156 -0.39153

-1.03906 -0.065658
-1.03125 -0.0667448

1.11719 0.0699343
1.11822 0.0703125

-3.60156 -0.39153
-3.59375 -0.391491

2.27344 0.43221
2.28125 0.433806

-1.03125 -0.0667453
-1.02344 -0.0678625

2.28125 0.433806
2.28906 0.435371

-1.02344 -0.0678625
-1.01562 -0.0690091

2.28906 0.435373
2.29688 0.436901

1.11849 0.0703125
1.125 0.0727014

2.29688 0.437074
2.2991 0.4375

-3.59375 -0.391491
-3.58594 -0.391452

-1.01562 -0.0690108
-1.00781 -0.0701831

-3.58594 -0.391452
-3.57812 -0.391415

2.30059 0.4375
2.30469 0.438283

2.30469 0.438391
2.3125 0.439848

1.125 0.0727172
1.13281 0.0755935

-1 -0.0713728
-1.0069 -0.0703125

1.13281 0.0755968
1.13967 0.078125

1.1397 0.078125
1.14062 0.0784647

-3.57812 -0.391415
-3.57031 -0.391379

-3.57031 -0.391379
-3.5625 -0.391343

-3.5625 -0.391343
-3.55469 -0.391308

-3.55469 -0.391308
-3.54688 -0.391272

2.3125 0.439848
2.32031 0.441272

2.32031 0.441272
2.32812 0.442659

2.32812 0.44266
2.33594 0.444009

2.33594 0.44401
2.34371 0.445312

-3.54688 -0.391272
-3.53906 -0.391237

-3.53906 -0.391237
-3.53125 -0.391201

1.14062 0.0784744
1.14844 0.0813534

-1 -0.0713822
-0.992188 -0.0726173

-0.992188 -0.0726177
-0.984375 -0.0738837

1.14844 0.0813541
1.15625 0.0842317

-0.984375 -0.0738841
-0.976562 -0.0751796

1.15625 0.0842533
1.16082 0.0859375

-3.53125 -0.391201
-3.52344 -0.391164

-3.52344 -0.391164
-3.51562 -0.391126

2.34375 0.445318
2.35156 0.446588

-3.51562 -0.391126
-3.50781 -0.391088

-0.976562 -0.0751792
-0.96875 -0.0765039

2.35156 0.446588
2.35938 0.447821

2.35938 0.447821
2.36719 0.449017

-0.953125 -0.079194
-0.959191 -0.078125

2.36719 0.449017
2.375 0.450174

1.16098 0.0859375
1.16406 0.0870741

1.16406 0.0871076
1.17188 0.0899856

-0.96875 -0.076507
-0.960938 -0.0778553

2.375 0.450175
2.38281 0.451291

-0.960938 -0.0780534
-0.960531 -0.078125

-0.953125 -0.079229
-0.945312 -0.0806405

-3.50781 -0.391088
-3.5 -0.391049

-0.945312 -0.0806408
-0.9375 -0.0820814

2.38281 0.451292
2.39062 0.452367

-0.9375 -0.0820817
-0.929688 -0.0835499

1.17188 0.089987
1.17969 0.0928631

1.17969 0.0929133
1.18196 0.09375

2.39062 0.452392
2.39617 0.453125

-3.5 -0.391049
-3.49219 -0.391008

2.397 0.453125
2.39844 0.453315

-3.49219 -0.391008
-3.48438 -0.390966

-0.929688 -0.0835512
-0.921875 -0.0850438

-0.914062 -0.0864826
-0.916867 -0.0859375

1.18216 0.09375
1.1875 0.0957132

-0.921875 -0.085094
-0.917536 -0.0859375

-0.914062 -0.0865605
-0.90625 -0.088109

-3.48438 -0.390967
-3.47656 -0.390923

-3.47656 -0.390923
-3.46875 -0.390877

2.39844 0.453398
2.40625 0.45439

-3.46875 -0.390877
-3.46094 -0.390828

1.1875 0.0957361
1.19531 0.0986061

-3.46094 -0.390829
-3.45312 -0.390777

1.19531 0.0986065
1.20312 0.101472

-0.875 -0.0944639
-0.878387 -0.09375

-3.45312 -0.390777
-3.44531 -0.390723

-0.90625 -0.0881098
-0.898438 -0.0896863

-0.898438 -0.0896867
-0.890625 -0.0912889

-3.44531 -0.390723
-3.4375 -0.390666

1.20312 0.101503
1.20329 0.101562

2.40625 0.45439
2.41406 0.455344

1.20338 0.101562
1.21094 0.10433

-0.890625 -0.0912908
-0.882812 -0.0929142

-3.4375 -0.390665
-3.43233 -0.390625

2.41406 0.455344
2.42188 0.456259

1.21094 0.104331
1.21875 0.107187

2.42188 0.456259
2.42969 0.457135

-0.882812 -0.0930013
-0.87926 -0.09375

1.21875 0.107187
1.22474 0.109375

1.22475 0.109375
1.22656 0.110038

1.22656 0.110039
1.23438 0.112887

-3.43236 -0.390625
-3.42969 -0.390604

1.23438 0.112887
1.24219 0.115732

2.42969 0.457135
2.4375 0.457971

1.24219 0.11572
1.24622 0.117188

-3.42969 -0.390604
-3.42188 -0.39054

2.4375 0.457971
2.44531 0.458766

2.44531 0.458766
2.45312 0.45952

1.24615 0.117188
1.25 0.118587

-3.42188 -0.39054
-3.41406 -0.390472

2.45312 0.45952
2.46094 0.460232

-3.41406 -0.390472
-3.40625 -0.3904

-3.40625 -0.3904
-3.39844 -0.390324

2.46094 0.460233
2.46875 0.460903

-0.875 -0.0945587
-0.867188 -0.0962328

2.46875 0.460921
2.46896 0.460938

2.4692 0.460938
2.47656 0.461532

-3.39844 -0.390324
-3.39062 -0.390243

1.25 0.118575
1.25781 0.121413

-3.39062 -0.390243
-3.38281 -0.390157

-0.867188 -0.0962342
-0.859375 -0.0979311

2.47656 0.461532
2.48438 0.462125

-0.859375 -0.0979308
-0.851562 -0.0996483

2.48438 0.462125
2.49219 0.462681

-3.38281 -0.390157
-3.375 -0.390066

2.49219 0.462681
2.5 0.463201

1.25781 0.121412
1.26562 0.124247

-0.851562 -0.0996494
-0.84375 -0.101386

-3.375 -0.390066
-3.36719 -0.38997

-3.36719 -0.38997
-3.35938 -0.389868

-0.835938 -0.103131
-0.842911 -0.101562

-3.35938 -0.389868
-3.35156 -0.38976

1.26562 0.124181
1.26788 0.125

-0.835938 -0.103142
-0.828125 -0.104922

-3.35156 -0.38976
-3.34375 -0.389646

1.26763 0.125
1.27344 0.127106

-3.34375 -0.389646
-3.33594 -0.389526

-0.828125 -0.104922
-0.820312 -0.106724

-0.820312 -0.106727
-0.8125 -0.108546

1.27344 0.12708
1.28125 0.129907

-0.804688 -0.110261
-0.808457 -0.109375

-0.804688 -0.11038
-0.796875 -0.11224

-0.8125 -0.108687
-0.809573 -0.109375

-0.796875 -0.11224
-0.789062 -0.114119

-0.789062 -0.114121
-0.78125 -0.116014

-0.773438 -0.117795
-0.775923 -0.117188

-0.78125 -0.116086
-0.776739 -0.117188

-3.33594 -0.389526
-3.32812 -0.3894

-3.32812 -0.3894
-3.32031 -0.389268

2.5 0.463201
2.50781 0.463684

2.50781 0.463684
2.51562 0.464132

2.51562 0.464132
2.52344 0.464543

2.52344 0.464543
2.53125 0.464917

-0.773438 -0.11792
-0.765625 -0.119849

-0.765625 -0.11985
-0.757812 -0.121796

-3.32031 -0.389268
-3.3125 -0.389129

1.28125 0.129906
1.28906 0.132732

1.28906 0.132554
1.28978 0.132812

1.28925 0.132812
1.29688 0.135569

1.29688 0.135556
1.30469 0.138375

1.30469 0.138367
1.31095 0.140625

1.31084 0.140625
1.3125 0.141224

-3.3125 -0.389129
-3.30469 -0.388985

-3.30469 -0.388985
-3.29688 -0.388834

-3.29688 -0.388834
-3.28906 -0.388676

-3.28906 -0.388676
-3.28125 -0.388513

-0.757812 -0.121797
-0.75 -0.123754

1.3125 0.141195
1.32031 0.144011

1.32031 0.14401
1.32812 0.146824

1.32812 0.146783
1.33272 0.148438

1.33245 0.148438
1.33594 0.149693

-3.28125 -0.388513
-3.27344 -0.388343

-3.27344 -0.388343
-3.26562 -0.388166

2.53125 0.464917
2.53906 0.465253

2.53906 0.465253
2.54688 0.465554

2.54688 0.465554
2.55469 0.465818

2.55469 0.465818
2.5625 0.466047

-3.26562 -0.388166
-3.25781 -0.387984

2.5625 0.466047
2.57031 0.466242

2.57031 0.466242
2.57812 0.466405

-3.25781 -0.387984
-3.25 -0.387795

1.33594 0.149639
1.34375 0.15245

-0.742188 -0.125583
-0.7445 -0.125

2.57812 0.466405
2.58594 0.466537

-0.742188 -0.12572
-0.734375 -0.127704

1.34375 0.152449
1.35156 0.155259

-0.734375 -0.127705
-0.726562 -0.129702

-0.726562 -0.129705
-0.71875 -0.131707

1.35156 0.155152
1.35462 0.15625

1.35415 0.15625
1.35938 0.158129

2.58594 0.466537
2.59375 0.466636

2.59375 0.466637
2.60156 0.466703

2.60156 0.466703
2.60938 0.466734

2.60938 0.466739
2.625 0.466711

-0.710938 -0.133549
-0.713798 -0.132812

-0.71875 -0.131834
-0.714947 -0.132812

1.35938 0.158068
1.36719 0.160871

-0.710938 -0.133715
-0.703125 -0.135738

1.36719 0.16087
1.375 0.163671

2.625 0.466708
2.64062 0.466568

-3.25 -0.387795
-3.24219 -0.3876

-0.703125 -0.135739
-0.695312 -0.13777

-3.24219 -0.3876
-3.23438 -0.387398

2.64062 0.46658
2.65625 0.466308

-3.23438 -0.387398
-3.22656 -0.38719

1.375 0.163506
1.37655 0.164062

2.65625 0.466292
2.66406 0.4661

1.376 0.164062
1.38281 0.166505

-3.22656 -0.38719
-3.21875 -0.386975

1.38281 0.166471
1.39062 0.169265

2.66406 0.466102
2.67188 0.465884

1.39062 0.169264
1.39794 0.171875

-3.21875 -0.386975
-3.21094 -0.386754

2.67188 0.465894
2.6875 0.465367

-3.21094 -0.386754
-3.20312 -0.386526

1.39844 0.171853
1.3985 0.171875

-0.695312 -0.137774
-0.6875 -0.139805

-3.20312 -0.386526
-3.19531 -0.386291

2.6875 0.465366
2.70312 0.464716

-3.19531 -0.386291
-3.1875 -0.38605

-0.679688 -0.141663
-0.68367 -0.140625

2.70312 0.464703
2.71094 0.464334

-0.679688 -0.141838
-0.671875 -0.143885

2.71094 0.464336
2.71875 0.463944

-3.1875 -0.38605
-3.17969 -0.385801

2.71875 0.463945
2.72656 0.463524

2.72656 0.463524
2.73438 0.463072

-3.17969 -0.385801
-3.17188 -0.385546

-0.6875 -0.140083
-0.68542 -0.140625

-3.17188 -0.385546
-3.16406 -0.385284

-3.16406 -0.385284
-3.15625 -0.385014

-0.671875 -0.143886
-0.664062 -0.145938

2.73438 0.463072
2.74219 0.46259

-0.664062 -0.145941
-0.65625 -0.14799

2.74219 0.46259
2.75 0.462077

1.3979 0.171875
1.39844 0.172066

-3.15625 -0.385014
-3.14844 -0.384736

-3.14844 -0.384736
-3.14062 -0.38445

-0.648438 -0.149971
-0.654277 -0.148438

-0.648438 -0.150039
-0.640625 -0.152099

-3.14062 -0.38445
-3.13281 -0.384156

-3.13281 -0.384156
-3.125 -0.383852

1.39844 0.172054
1.40625 0.174838

2.75 0.462077
2.75781 0.461534

2.75781 0.461534
2.76562 0.460963

1.40625 0.174839
1.41406 0.177618

2.77344 0.460365
2.76595 0.460938

2.76562 0.46096
2.76592 0.460938

1.41406 0.17761
1.41991 0.179688

-0.640625 -0.1521
-0.632812 -0.154159

-3.125 -0.383852
-3.11719 -0.38354

-0.632812 -0.154161
-0.625 -0.156216

-3.11719 -0.38354
-3.10938 -0.383218

-0.75 -0.123825
-0.745337 -0.125

2.77344 0.460364
2.78125 0.459741

2.78125 0.459741
2.78906 0.459093

2.78906 0.459093
2.79688 0.458421

2.79688 0.458421
2.80469 0.457726

1.41983 0.179688
1.42188 0.180414

2.80469 0.457725
2.8125 0.457006

-3.10938 -0.383218
-3.10156 -0.382885

-0.617188 -0.158266
-0.624858 -0.15625

-3.10156 -0.382887
-3.09987 -0.382812

1.42188 0.180391
1.42969 0.183159

2.8125 0.457006
2.82031 0.456265

1.42969 0.183158
1.4375 0.185923

-0.617188 -0.158269
-0.609375 -0.160322

1.4375 0.185917
1.44197 0.1875

-0.609375 -0.160324
-0.601562 -0.162369

2.82031 0.456264
2.82812 0.455503

-0.59375 -0.164257
-0.594498 -0.164062

-0.601562 -0.162391
-0.595147 -0.164062

1.44193 0.1875
1.45312 0.191447

-0.59375 -0.164401
-0.585938 -0.16643

2.82812 0.455503
2.83594 0.454723

-3.09994 -0.382812
-3.09375 -0.382541

2.83594 0.454723
2.84375 0.453926

-0.585938 -0.166433
-0.578125 -0.168457

1.45312 0.19144
1.46094 0.194179

1.46094 0.194172
1.4642 0.195312

-3.09375 -0.382541
-3.08594 -0.382189

1.46416 0.195312
1.46875 0.196919

1.46875 0.196919
1.48438 0.202362

2.85156 0.453113
2.85938 0.452284

1.48438 0.202305
1.48674 0.203125

2.84375 0.453926
2.85144 0.453125

1.48652 0.203125
1.49219 0.20509

-0.5625 -0.17221
-0.563813 -0.171875

-3.08594 -0.382189
-3.07812 -0.381829

1.49219 0.205068
1.5 0.207767

2.85938 0.452284
2.86719 0.451439

2.86719 0.451438
2.875 0.450579

-3.07812 -0.381829
-3.07031 -0.381462

-3.07031 -0.381462
-3.0625 -0.381086

-0.578125 -0.168458
-0.570312 -0.170468

2.875 0.450578
2.88281 0.449705

2.88281 0.449705
2.89062 0.448821

2.89062 0.44882
2.89844 0.447927

2.89844 0.447927
2.90625 0.447026

-3.0625 -0.381086
-3.05469 -0.380701

-3.05469 -0.380701
-3.04688 -0.380307

-3.04688 -0.380307
-3.03906 -0.379904

-3.03906 -0.379904
-3.03125 -0.37949

-3.03125 -0.37949
-3.02344 -0.379065

2.90625 0.447026
2.91406 0.446119

2.91406 0.446112
2.92092 0.445312

-0.570312 -0.170551
-0.56513 -0.171875

-3.02344 -0.379066
-3.01562 -0.37863

1.5 0.207766
1.51562 0.213141

2.92188 0.445209
2.92969 0.444294

1.51562 0.213144
1.53125 0.218487

-3.01562 -0.37863
-3.00781 -0.378182

1.53125 0.218523
1.53192 0.21875

2.92969 0.444293
2.9375 0.443373

1.53199 0.21875
1.5625 0.229057

-3.00781 -0.378182
-3 -0.377722

2.99219 0.437047
2.98827 0.4375

-0.5 -0.187649
-0.500625 -0.1875

1.5625 0.229059
1.59375 0.239437

-3 -0.377722
-2.99219 -0.377248

2.99219 0.436954
3 0.436056

-2.99219 -0.377248
-2.98438 -0.376761

2.9375 0.443372
2.94531 0.442449

1.59375 0.239421
1.60938 0.244543

2.94531 0.442449
2.95312 0.441525

2.95312 0.441525
2.96094 0.440602

-0.5625 -0.172461
-0.554688 -0.174448

-2.98438 -0.376762
-2.97656 -0.37626

-0.554688 -0.17445
-0.546875 -0.176426

1.60938 0.24454
1.625 0.249633

2.96094 0.440602
2.96875 0.439682

-2.97656 -0.37626
-2.96875 -0.375741

1.625 0.249537
1.62643 0.25

-2.96875 -0.375741
-2.96094 -0.375206

-2.96094 -0.375213
-2.95792 -0.375

2.96875 0.439681
2.97656 0.438766

-0.546875 -0.176428
-0.539062 -0.178385

-2.95807 -0.375
-2.95312 -0.374651

2.97656 0.438766
2.98438 0.437856

1.62609 0.25
1.63281 0.252185

-0.53125 -0.180021
-0.532595 -0.179688

1.63281 0.252167
1.64062 0.254701

-2.95312 -0.374654
-2.94531 -0.374086

2.98438 0.437682
2.98595 0.4375

-2.94531 -0.374086
-2.9375 -0.373505

-0.539062 -0.178499
-0.534272 -0.179688

1.64062 0.254704
1.65625 0.259752

1.65625 0.259753
1.66406 0.262266

-2.9375 -0.373505
-2.92969 -0.372909

-0.53125 -0.18032
-0.523438 -0.182245

1.66406 0.262265
1.67188 0.264766

-0.523438 -0.182247
-0.515625 -0.184155

-0.515625 -0.184156
-0.507812 -0.186042

-0.507812 -0.186089
-0.501891 -0.1875

-2.92969 -0.372909
-2.92188 -0.372297

-2.92188 -0.372297
-2.91406 -0.37167

1.67188 0.26478
1.67454 0.265625

1.67458 0.265625
1.6875 0.269727

-2.91406 -0.37167
-2.90625 -0.371028

3 0.436055
3.00781 0.435163

-2.90625 -0.371028
-2.89844 -0.370369

-2.89844 -0.370369
-2.89062 -0.369692

-2.89062 -0.369692
-2.88281 -0.368998

-2.88281 -0.368998
-2.875 -0.368284

3.00781 0.435162
3.01562 0.434278

3.01562 0.434278
3.02344 0.433403

1.6875 0.269721
1.70312 0.274645

-0.5 -0.1879
-0.492188 -0.189742

-0.492188 -0.189744
-0.484375 -0.191566

1.70312 0.274646
1.71875 0.279549

3.02344 0.433403
3.03125 0.432539

1.71875 0.279537
1.72424 0.28125

-2.875 -0.368284
-2.86719 -0.367552

-0.484375 -0.191566
-0.476562 -0.193362

1.72411 0.28125
1.72656 0.282016

-0.476562 -0.193363
-0.46875 -0.195128

1.72656 0.28199
1.73438 0.284428

-0.460938 -0.196851
-0.467851 -0.195312

3.03125 0.432539
3.03906 0.431688

-0.460938 -0.196865
-0.453125 -0.19858

1.73438 0.284433
1.75 0.289274

-2.86719 -0.367563
-2.86329 -0.367188

-0.453125 -0.198581
-0.445312 -0.200267

-2.86351 -0.367188
-2.85938 -0.366789

3.03906 0.431688
3.04688 0.43085

3.04688 0.43085
3.05469 0.430027

-0.445312 -0.200269
-0.4375 -0.201922

-2.85938 -0.366799
-2.85156 -0.366027

-2.85156 -0.366027
-2.84375 -0.365239

1.75 0.289273
1.76562 0.294071

-0.429688 -0.203172
-0.429913 -0.203125

-0.429688 -0.20354
-0.421875 -0.205131

-2.84375 -0.36524
-2.83594 -0.364435

-0.4375 -0.201994
-0.432048 -0.203125

1.76562 0.294065
1.77344 0.296451

3.0625 0.429307
3.05882 0.429688

1.77344 0.296335
1.77521 0.296875

-0.421875 -0.205133
-0.414062 -0.206696

-2.83594 -0.364435
-2.82812 -0.363612

-0.414062 -0.206696
-0.40625 -0.208225

3.05469 0.429888
3.05663 0.429688

1.77473 0.296875
1.78125 0.298863

3.0625 0.429219
3.07031 0.428423

-0.40625 -0.208226
-0.398438 -0.209718

3.07031 0.428422
3.07812 0.427639

3.07812 0.427639
3.08594 0.42687

-0.398438 -0.209741
-0.392009 -0.210938

1.78125 0.298834
1.78906 0.301209

-2.82812 -0.363612
-2.82031 -0.362771

3.08594 0.42687
3.09375 0.426117

-2.82031 -0.362771
-2.8125 -0.361909

-0.390625 -0.21117
-0.382812 -0.21259

-0.382812 -0.212591
-0.375 -0.213978

-2.8125 -0.36191
-2.80469 -0.361027

-2.80469 -0.361028
-2.79688 -0.360124

-2.79688 -0.360135
-2.79048 -0.359375

-2.7909 -0.359375
-2.78906 -0.359157

-2.78906 -0.359195
-2.78125 -0.358245

-2.78125 -0.358245
-2.77344 -0.357276

3.09375 0.426116
3.10156 0.425379

3.10156 0.425379
3.10938 0.424659

1.78906 0.301209
1.79688 0.303577

1.79688 0.30358
1.8125 0.308295

-0.375 -0.213979
-0.367188 -0.215329

-0.367188 -0.215329
-0.359375 -0.21664

-0.359375 -0.216641
-0.351562 -0.217909

-0.351562 -0.218002
-0.3468 -0.21875

-0.34375 -0.219134
-0.335938 -0.220322

-0.335938 -0.220324
-0.328125 -0.221476

1.8125 0.308293
1.82031 0.310638

1.82031 0.310635
1.82654 0.3125

-2.77344 -0.357276
-2.76562 -0.356286

-2.76562 -0.356286
-2.75781 -0.355275

3.10938 0.424659
3.11719 0.423957

3.11719 0.423957
3.125 0.423273

-0.328125 -0.221476
-0.320312 -0.222589

-0.320312 -0.222589
-0.3125 -0.22366

1.8265 0.3125
1.82812 0.312989

-0.3125 -0.22366
-0.304688 -0.224688

1.82812 0.312977
1.83594 0.315311

-0.304688 -0.224688
-0.296875 -0.225671

1.83594 0.315311
1.84375 0.317641

3.125 0.423273
3.13281 0.422609

-0.296875 -0.225673
-0.289453 -0.226562

-2.75781 -0.355275
-2.75 -0.354242

1.84375 0.317641
1.85156 0.319969

3.13281 0.422609
3.14062 0.421964

-0.289062 -0.226606
-0.28125 -0.2275

-2.75 -0.354242
-2.74219 -0.353186

3.14844 0.421345
3.14182 0.421875

-0.28125 -0.2275
-0.273438 -0.228354

1.85156 0.319854
1.8531 0.320312

-0.273438 -0.228354
-0.265625 -0.229168

-2.74219 -0.353187
-2.73438 -0.352107

3.14844 0.421338
3.15625 0.42073

-2.73438 -0.352126
-2.73039 -0.351562

3.14062 0.421906
3.14101 0.421875

-0.265625 -0.229168
-0.257812 -0.22994

1.85264 0.320312
1.85938 0.322318

-0.257812 -0.22994
-0.25 -0.230669

-2.73066 -0.351562
-2.72656 -0.350984

3.15625 0.42073
3.16406 0.42014

-2.72656 -0.351001
-2.71875 -0.349873

3.16406 0.42014
3.17188 0.419569

-2.71875 -0.349874
-2.71094 -0.348724

-2.71094 -0.348724
-2.70312 -0.347553

3.17188 0.419569
3.17969 0.419017

1.85938 0.322295
1.86719 0.324615

1.86719 0.324616
1.875 0.326931

3.17969 0.419017
3.1875 0.418485

3.1875 0.418485
3.19531 0.417974

1.875 0.326929
1.87905 0.328125

-0.25 -0.230669
-0.242188 -0.231354

-2.70312 -0.347554
-2.69531 -0.34636

-0.242188 -0.231355
-0.234375 -0.231996

3.19531 0.417974
3.20312 0.417484

1.87902 0.328125
1.89062 0.331541

3.20312 0.417484
3.21094 0.417015

-2.69531 -0.346361
-2.6875 -0.345144

-0.234375 -0.231996
-0.226562 -0.232591

-2.6875 -0.345145
-2.67969 -0.343902

-2.67969 -0.343911
-2.6787 -0.34375

3.21094 0.417015
3.21875 0.416569

3.21875 0.416569
3.22656 0.416145

1.89062 0.331535
1.89844 0.333817

1.89844 0.333817
1.90571 0.335938

-2.67876 -0.34375
-2.67188 -0.342632

-2.67188 -0.342633
-2.66406 -0.341342

-2.66406 -0.341342
-2.65625 -0.34003

-2.65625 -0.34003
-2.64844 -0.338695

-2.64844 -0.338695
-2.64062 -0.337336

-2.64062 -0.337339
-2.63281 -0.335953

-2.63323 -0.335938
-2.63281 -0.335864

-2.63281 -0.33595
-2.63274 -0.335938

-2.63275 -0.335938
-2.625 -0.334538

3.22656 0.416145
3.23438 0.415744

3.23438 0.415744
3.24219 0.415365

3.24219 0.415365
3.25 0.415008

-0.226562 -0.232591
-0.21875 -0.233142

-0.21875 -0.233142
-0.210938 -0.233646

1.90572 0.335938
1.90625 0.336092

1.90625 0.336093
1.91406 0.338366

-2.625 -0.334539
-2.61719 -0.333106

1.91406 0.338366
1.92188 0.340635

1.92188 0.340635
1.92969 0.3429

3.25 0.415009
3.25781 0.414674

1.92969 0.342914
1.93258 0.34375

1.93266 0.34375
1.9375 0.345152

-2.61719 -0.333106
-2.60938 -0.331652

1.9375 0.34516
1.94531 0.347415

-2.60938 -0.331652
-2.60156 -0.330175

3.25781 0.414675
3.26562 0.414363

-0.210938 -0.233646
-0.203125 -0.234104

-2.60156 -0.330176
-2.59375 -0.328674

-0.195312 -0.2345
-0.19769 -0.234375

-2.59375 -0.3287
-2.59081 -0.328125

-0.195312 -0.234513
-0.1875 -0.234877

-2.59102 -0.328125
-2.58594 -0.327132

3.26562 0.414363
3.27344 0.414073

-0.203125 -0.234111
-0.19809 -0.234375

1.94531 0.347415
1.95312 0.349665

-2.58594 -0.327146
-2.57812 -0.325596

3.28125 0.413806
3.27377 0.414062

-2.57812 -0.325596
-2.57031 -0.324024

-2.57031 -0.324024
-2.5625 -0.322431

-0.1875 -0.234877
-0.179688 -0.235199

-0.179688 -0.235199
-0.171875 -0.235476

1.95312 0.349668
1.95972 0.351562

1.95977 0.351562
1.96094 0.351897

1.96094 0.351909
1.96875 0.354146

1.96875 0.354147
1.97656 0.356378

-2.5625 -0.322432
-2.55469 -0.320816

1.97656 0.356378
1.98438 0.358602

-0.171875 -0.235476
-0.164062 -0.235711

3.27344 0.414066
3.27353 0.414062

-0.164062 -0.235711
-0.15625 -0.235902

-2.55469 -0.320841
-2.55217 -0.320312

1.98438 0.358717
1.9867 0.359375

-2.55235 -0.320312
-2.54688 -0.319163

1.98731 0.359375
1.99219 0.360758

-0.15625 -0.235902
-0.148438 -0.23605

1.99219 0.360816
2 0.363025

3.28125 0.413806
3.28906 0.413559

-2.54688 -0.319174
-2.53906 -0.317511

-2.53906 -0.317511
-2.53125 -0.315827

-0.148438 -0.23605
-0.140625 -0.236153

-2.53125 -0.315827
-2.52344 -0.314122

3.28906 0.413559
3.29688 0.413333

-0.140625 -0.236153
-0.132812 -0.236212

3.29688 0.413333
3.30469 0.413128

-0.132812 -0.236212
-0.125 -0.236227

-2.52344 -0.31413
-2.51608 -0.3125

-0.125 -0.236227
-0.117188 -0.236198

-0.117188 -0.236198
-0.109375 -0.236124

3.30469 0.413128
3.3125 0.412942

-0.109375 -0.236124
-0.101562 -0.236006

-2.51648 -0.3125
-2.51562 -0.31231

3.3125 0.412942
3.32031 0.412776

-0.101562 -0.236006
-0.09375 -0.235844

-2.51562 -0.312391
-2.50781 -0.310638

3.32031 0.412776
3.32812 0.412629

-2.50781 -0.310638
-2.5 -0.308865

-0.09375 -0.235844
-0.0859375 -0.235637

-0.0859375 -0.235637
-0.078125 -0.235387

-0.078125 -0.235387
-0.0703125 -0.235092

-0.0703125 -0.235092
-0.0625 -0.234754

3.32812 0.412629
3.33594 0.412501

-2.5 -0.308865
-2.49219 -0.307072

-2.49219 -0.307072
-2.48438 -0.305257

-0.0625 -0.234754
-0.0547 -0.234375

-2.48438 -0.305282
-2.48185 -0.304688

3.33594 0.412501
3.34375 0.412391

-2.48201 -0.304688
-2.47656 -0.303407

3.34375 0.412391
3.35156 0.412298

3.35156 0.412298
3.35938 0.412223

3.35938 0.412223
3.36719 0.412165

3.36719 0.412165
3.375 0.412124

-2.47656 -0.303418
-2.46875 -0.301559

-2.46875 -0.301559
-2.46094 -0.299681

3.375 0.412124
3.38281 0.412099

3.38281 0.412099
3.39062 0.41209

3.39062 0.41209
3.39844 0.412097

-0.0546875 -0.234389
-0.0544299 -0.234375

3.39844 0.412097
3.40625 0.412118

-2.46094 -0.299682
-2.45312 -0.297784

-2.45312 -0.297813
-2.44931 -0.296875

-0.0546875 -0.234373
-0.046875 -0.233954

-2.44953 -0.296875
-2.44531 -0.295839

3.40625 0.412118
3.41406 0.412153

-2.44531 -0.295864
-2.4375 -0.293926

-0.046875 -0.233955
-0.0390625 -0.233498

-2.4375 -0.293927
-2.42969 -0.291972

-2.42969 -0.291972
-2.42188 -0.289999

3.41406 0.412153
3.42188 0.412203

-2.42188 -0.290028
-2.41809 -0.289062

-2.4183 -0.289062
-2.41406 -0.287981

-2.41406 -0.288006
-2.40625 -0.285996

3.42188 0.412203
3.42969 0.412266

-2.40625 -0.285996
-2.39844 -0.283972

3.42969 0.412266
3.4375 0.412341

-2.39844 -0.283973
-2.39062 -0.281933

3.4375 0.412341
3.44531 0.41243

-0.0390625 -0.233498
-0.03125 -0.233003

-2.39062 -0.281959
-2.38793 -0.28125

3.44531 0.41243
3.45312 0.412534

-2.38809 -0.28125
-2.38281 -0.279861

-0.03125 -0.233003
-0.0234375 -0.232469

-0.0234375 -0.232468
-0.015625 -0.231895

3.45312 0.412534
3.46094 0.412653

3.46094 0.412654
3.46875 0.412786

-0.015625 -0.231895
-0.0078125 -0.231282

-0.0078125 -0.231282
0 -0.230629

3.46875 0.412786
3.47656 0.41293

3.47656 0.41293
3.48438 0.413086

-2.38281 -0.279874
-2.375 -0.277801

3.48438 0.413086
3.49219 0.413254

3.49219 0.413254
3.5 0.413435

-2.375 -0.277801
-2.36719 -0.275713

-2.36719 -0.275714
-2.35938 -0.273611

-2.35938 -0.273618
-2.35871 -0.273438

-2.35874 -0.273438
-2.35156 -0.27149

-2.35156 -0.271491
-2.34375 -0.26936

-2.34375 -0.269361
-2.33594 -0.267218

-2.33594 -0.267238
-2.33009 -0.265625

-2.33036 -0.265625
-2.32812 -0.265008

0 -0.230629
0.0078125 -0.229935

0.0078125 -0.229935
0.015625 -0.229202

0.015625 -0.229201
0.0234375 -0.228428

-2.32812 -0.26506
-2.32031 -0.262891

-2.32031 -0.262891
-2.3125 -0.260713

0.0234375 -0.228428
0.03125 -0.227614

-2.3125 -0.260713
-2.30469 -0.258523

0.03125 -0.227614
0.0390625 -0.226761

3.5 0.413434
3.51562 0.413828

-2.30469 -0.258549
-2.30207 -0.257812

0.0390625 -0.226783
0.0409942 -0.226562

0.0407263 -0.226562
0.046875 -0.225861

3.51562 0.413829
3.53125 0.414264

0.046875 -0.225869
0.0546875 -0.224943

-2.30221 -0.257812
-2.29688 -0.256309

3.53125 0.414265
3.54688 0.414738

3.54688 0.41474
3.5625 0.415246

-2.29688 -0.256321
-2.28906 -0.25411

-2.28906 -0.25411
-2.28125 -0.25189

3.5625 0.415245
3.57812 0.415783

3.57812 0.415785
3.59375 0.416354

0.0546875 -0.224943
0.0625 -0.223982

0.0625 -0.223982
0.0703125 -0.222985

-2.28125 -0.251902
-2.27459 -0.25

0.0703125 -0.222985
0.078125 -0.221952

3.59375 0.416353
3.60938 0.416954

3.60938 0.416953
3.625 0.417586

-2.27482 -0.25
-2.27344 -0.249605

3.625 0.417591
3.64062 0.418247

0.078125 -0.221952
0.0859375 -0.220883

3.64062 0.418245
3.65625 0.418916

-2.27344 -0.249659
-2.26562 -0.24742

3.65625 0.41892
3.67188 0.419601

-2.26562 -0.24742
-2.25781 -0.245173

0.0859375 -0.220883
0.09375 -0.219779

3.67188 0.419601
3.6875 0.420283

3.6875 0.420281
3.70312 0.42097

0.09375 -0.219778
0.100809 -0.21875

0.100779 -0.21875
0.101562 -0.218636

0.101562 -0.21864
0.109375 -0.217469

3.70312 0.420975
3.71875 0.421665

3.71875 0.421716
3.72239 0.421875

-2.25781 -0.245174
-2.25 -0.242919

0.109375 -0.217469
0.117188 -0.216267

0.117188 -0.216267
0.125 -0.215034

3.72398 0.421875
3.73438 0.422329

3.73438 0.422348
3.75 0.42302

0.125 -0.215034
0.132812 -0.21377

0.132812 -0.21377
0.140625 -0.212475

0.140625 -0.212475
0.148438 -0.211149

0.148438 -0.21118
0.149833 -0.210938

0.149614 -0.210938
0.15625 -0.209786

-2.25 -0.242942
-2.2474 -0.242188

3.75 0.423022
3.76562 0.423684

-2.24752 -0.242188
-2.24219 -0.240643

0.15625 -0.209793
0.164062 -0.208411

-2.24219 -0.240653
-2.23438 -0.238382

3.76562 0.423689
3.78125 0.424327

-2.23438 -0.238383
-2.22656 -0.236106

0.164062 -0.208411
0.171875 -0.207

-2.22656 -0.236121
-2.22059 -0.234375

3.78125 0.424324
3.79688 0.424933

-2.2208 -0.234375
-2.21875 -0.233777

0.171875 -0.207
0.179688 -0.205562

-2.21875 -0.23382
-2.21094 -0.23153

3.79688 0.424933
3.8125 0.425519

-2.21094 -0.231529
-2.20312 -0.229236

0.179688 -0.205562
0.1875 -0.204096

-2.20312 -0.229236
-2.19531 -0.226939

3.8125 0.425532
3.84375 0.426606

3.84375 0.426605
3.875 0.427546

-2.19531 -0.226952
-2.19399 -0.226562

-2.19405 -0.226562
-2.1875 -0.224633

0.1875 -0.2041
0.1926 -0.203125

0.192534 -0.203125
0.195312 -0.202594

0.195312 -0.202602
0.203125 -0.201081

-2.1875 -0.224636
-2.17969 -0.222333

-2.17969 -0.222334
-2.17188 -0.22003

-2.17188 -0.220056
-2.16745 -0.21875

-2.16764 -0.21875
-2.16406 -0.217694

0.203125 -0.201081
0.210938 -0.199534

0.210938 -0.199534
0.21875 -0.19796

3.875 0.427554
3.90625 0.428348

3.90625 0.428344
3.92188 0.428677

-2.16406 -0.217724
-2.15625 -0.215418

-2.15625 -0.215418
-2.14844 -0.213114

0.21875 -0.19796
0.226562 -0.196362

0.226562 -0.196365
0.231632 -0.195312

3.92188 0.428676
3.9375 0.428957

3.9375 0.42896
3.95312 0.429183

3.95312 0.429181
3.96875 0.429346

3.96875 0.429349
3.98438 0.429452

3.98438 0.429452
4 0.429486

-2.14844 -0.213118
-2.14105 -0.210938

-2.14119 -0.210938
-2.14062 -0.21077

-2.14062 -0.210808
-2.13281 -0.208502

-2.13281 -0.208503
-2.125 -0.2062

0.23158 -0.195312
0.234375 -0.194732

-2.125 -0.206201
-2.11719 -0.2039

-2.11719 -0.203924
-2.11447 -0.203125

-2.1146 -0.203125
-2.10938 -0.201586

-2.10938 -0.201598
-2.10156 -0.199301

-2.10156 -0.199302
-2.09375 -0.197008

0.234375 -0.194739
0.242188 -0.193093

0.242188 -0.193094
0.25 -0.191425

-2.09375 -0.197023
-2.08792 -0.195312

-2.08811 -0.195312
-2.08594 -0.194676

-2.08594 -0.194716
-2.07812 -0.192429

-2.07812 -0.192429
-2.07031 -0.190147

-2.07031 -0.190148
-2.0625 -0.187871

-2.0625 -0.187884
-2.06118 -0.1875

-2.06124 -0.1875
-2.05469 -0.185594

-2.05469 -0.185597
-2.04688 -0.18333

-2.04688 -0.183331
-2.03906 -0.181071

-2.03906 -0.18109
-2.0342 -0.179688

-2.03437 -0.179688
-2.03125 -0.178786

-2.03125 -0.178816
-2.02344 -0.176568

-2.02344 -0.176568
-2.01562 -0.17433

-2.01562 -0.174331
-2.00781 -0.1721

-2.00781 -0.172107
-2.007 -0.171875

-2.00703 -0.171875
-2 -0.169876

0.25 -0.191425
0.257812 -0.189733

0.257812 -0.189733
0.265625 -0.188018

0.265625 -0.188032
0.268019 -0.1875

0.267922 -0.1875
0.273438 -0.186274

0.273438 -0.18628
0.28125 -0.184523

0.28125 -0.184523
0.289062 -0.182746

0.289062 -0.182746
0.296875 -0.180948

0.296875 -0.18095
0.302302 -0.179688

0.302273 -0.179688
0.304688 -0.179126

0.304688 -0.17913
0.3125 -0.177292

0.3125 -0.177292
0.320312 -0.175435

-2 -0.169876
-1.99219 -0.167664

-1.99219 -0.167665
-1.98438 -0.165463

-1.98438 -0.165479
-1.97932 -0.164062

-1.97949 -0.164062
-1.97656 -0.163242

-1.97656 -0.16327
-1.96875 -0.161089

-1.96875 -0.161089
-1.96094 -0.158922

-1.96094 -0.158922
-1.95312 -0.156767

0.320312 -0.175435
0.328125 -0.173559

0.328125 -0.173558
0.335074 -0.171875

0.335061 -0.171875
0.335938 -0.171663

0.335938 -0.171666
0.34375 -0.169757

-1.95312 -0.156782
-1.95118 -0.15625

-1.95126 -0.15625
-1.94531 -0.154617

0.34375 -0.169756
0.351562 -0.16783

0.351562 -0.16783
0.359375 -0.165887

-1.94531 -0.154622
-1.9375 -0.152492

0.359375 -0.165887
0.366652 -0.164062

0.366644 -0.164062
0.367188 -0.163926

-1.9375 -0.152492
-1.92969 -0.150377

-1.92969 -0.15038
-1.92247 -0.148438

-1.92256 -0.148438
-1.92188 -0.148253

-1.92188 -0.148275
-1.91406 -0.146187

-1.91406 -0.146187
-1.90625 -0.144116

-1.90625 -0.144117
-1.89844 -0.142062

0.367188 -0.163928
0.375 -0.161955

-1.89844 -0.142075
-1.89288 -0.140625

-1.89306 -0.140625
-1.89062 -0.13999

-1.89062 -0.140021
-1.88281 -0.137997

-1.88281 -0.137996
-1.875 -0.13599

0.375 -0.161954
0.382812 -0.159965

0.382812 -0.159965
0.390625 -0.157963

0.390625 -0.157963
0.397263 -0.15625

0.397249 -0.15625
0.398438 -0.155943

0.398438 -0.155947
0.40625 -0.153918

-1.875 -0.135991
-1.86719 -0.134001

-1.86719 -0.134019
-1.86241 -0.132812

-1.86259 -0.132812
-1.85938 -0.132001

0.40625 -0.153917
0.414062 -0.151875

0.414062 -0.151875
0.421875 -0.149821

0.421875 -0.149823
0.427115 -0.148438

0.427086 -0.148438
0.429688 -0.147749

0.429688 -0.147754
0.4375 -0.145676

-1.85938 -0.132027
-1.85156 -0.130071

-1.85156 -0.130071
-1.84375 -0.128134

-1.84375 -0.128135
-1.83594 -0.126216

-1.83594 -0.126231
-1.83088 -0.125

0.4375 -0.145676
0.445312 -0.143586

-1.83106 -0.125
-1.82812 -0.124286

-1.82812 -0.124313
-1.82031 -0.122429

-1.82031 -0.122429
-1.8125 -0.120564

-1.8125 -0.120564
-1.80469 -0.118717

0.445312 -0.143586
0.453125 -0.141484

0.453125 -0.141492
0.456329 -0.140625

-1.80469 -0.118723
-1.79813 -0.117188

-1.79826 -0.117188
-1.79688 -0.116863

-1.79688 -0.116887
-1.78906 -0.115075

-1.78906 -0.115075
-1.78125 -0.113283

0.456276 -0.140625
0.460938 -0.139364

0.460938 -0.13937
0.46875 -0.137247

-1.78125 -0.113283
-1.77344 -0.111509

-1.77344 -0.11151
-1.76562 -0.109754

-1.76562 -0.109765
-1.76387 -0.109375

-1.76394 -0.109375
-1.75781 -0.108013

-1.75781 -0.108016
-1.75 -0.106299

0.46875 -0.137247
0.476562 -0.135114

0.476562 -0.135115
0.484375 -0.132969

0.484375 -0.132971
0.5 -0.128647

-1.75 -0.106299
-1.74219 -0.104602

-1.74219 -0.104602
-1.73438 -0.102924

-1.73438 -0.102929
-1.72794 -0.101562

-1.72805 -0.101562
-1.72656 -0.101247

-1.72656 -0.101266
-1.71875 -0.0996273

-1.71875 -0.0996274
-1.71094 -0.0980103

-1.71094 -0.0980103
-1.70312 -0.0964147

-1.70312 -0.0964149
-1.69531 -0.0948403

-1.69531 -0.0948487
-1.68979 -0.09375

-1.68993 -0.09375
-1.6875 -0.0932671

-1.6875 -0.0932859
-1.67969 -0.0917536

-1.67969 -0.0917537
-1.67188 -0.0902439

-1.67188 -0.0902441
-1.66406 -0.0887563

-1.66406 -0.0887563
-1.65625 -0.08729

0.5 -0.128644
0.507812 -0.126465

0.507812 -0.126467
0.513049 -0.125

-1.65625 -0.0872911
-1.64894 -0.0859375

-1.649 -0.0859375
-1.64844 -0.0858339

-1.64844 -0.0858438
-1.64062 -0.0844195

0.513026 -0.125
0.515625 -0.124274

0.515625 -0.124277
0.523438 -0.122079

-1.64062 -0.0844195
-1.63281 -0.0830182

-1.63281 -0.0830182
-1.625 -0.0816398

0.523438 -0.12208
0.53125 -0.11987

0.53125 -0.119873
0.546875 -0.115419

0.546875 -0.115415
0.554688 -0.113171

0.554688 -0.113171
0.5625 -0.110919

0.5625 -0.110919
0.567838 -0.109375

-1.625 -0.0816398
-1.61719 -0.0802845

-1.61719 -0.0802848
-1.60938 -0.0789519

-1.60938 -0.0789598
-1.6044 -0.078125

0.567836 -0.109375
0.578125 -0.106395

0.578125 -0.106396
0.59375 -0.101843

-1.60453 -0.078125
-1.60156 -0.0776274

-1.60156 -0.0776406
-1.59375 -0.0763532

-1.59375 -0.0763531
-1.58594 -0.0750898

-1.58594 -0.0750898
-1.57812 -0.0738505

0.59375 -0.101841
0.609375 -0.0972625

0.609375 -0.0972659
0.621295 -0.09375

0.621316 -0.09375
0.625 -0.0926634

0.625 -0.0926647
0.65625 -0.0833432

0.65625 -0.0833422
0.6875 -0.0738863

0.6875 -0.0738771
0.703125 -0.0690998

0.703125 -0.0691009
0.71875 -0.0642905

0.71875 -0.0642881
0.724526 -0.0625

0.724527 -0.0625
0.75 -0.0545971

-1.57812 -0.0738505
-1.57031 -0.0726354

-1.57031 -0.0726354
-1.5625 -0.0714444

-1.5625 -0.0714448
-1.55492 -0.0703125

-1.55496 -0.0703125
-1.55469 -0.070272

-1.55469 -0.0702766
-1.54688 -0.0691335

-1.54688 -0.0691334
-1.53906 -0.0680161

-1.53906 -0.068016
-1.53125 -0.0669249

-1.53125 -0.0669248
-1.52344 -0.0658602

-1.52344 -0.0658601
-1.51562 -0.0648224

-1.51562 -0.0648223
-1.50781 -0.063812

-1.50781 -0.0638122
-1.5 -0.0628293

-1.5 -0.0628344
-1.49726 -0.0625

-1.49733 -0.0625
-1.49219 -0.0618712

-1.49219 -0.0618738
-1.48438 -0.0609483

-1.48438 -0.0609482
-1.47656 -0.0600528

-1.47656 -0.0600527
-1.46875 -0.059188

-1.46875 -0.059188
-1.46094 -0.0583541

-1.46094 -0.0583539
-1.45312 -0.057551

-1.45312 -0.0575508
-1.44531 -0.0567794

-1.44531 -0.0567793
-1.4375 -0.05604

-1.4375 -0.0560399
-1.42969 -0.0553331

-1.42969 -0.0553336
-1.4222 -0.0546875

-1.42229 -0.0546875
-1.42188 -0.0546515

-1.42188 -0.054658
-1.41406 -0.0540169

-1.41406 -0.0540168
-1.40625 -0.0534106

-1.40625 -0.0534105
-1.39844 -0.0528396

-1.39844 -0.0528396
-1.39062 -0.0523041

-1.39062 -0.0523041
-1.38281 -0.051804

-1.38281 -0.051804
-1.375 -0.0513395

-1.375 -0.0513395
-1.36719 -0.0509107

-1.36719 -0.0509107
-1.35938 -0.0505175

-1.35938 -0.0505174
-1.35156 -0.0501602

-1.35156 -0.0501601
-1.34375 -0.049839

-1.34375 -0.0498389
-1.33594 -0.0495544

-1.33594 -0.0495543
-1.32812 -0.0493066

-1.32812 -0.0493066
-1.32031 -0.049096

-1.32031 -0.049096
-1.3125 -0.0489226

-1.3125 -0.0489226
-1.30469 -0.0487867

-1.30469 -0.0487867
-1.29688 -0.0486882

-1.29688 -0.0486882
-1.28906 -0.0486272

-1.28906 -0.0486272
-1.28125 -0.0486037

-1.28125 -0.0486037
-1.27344 -0.0486177

-1.27344 -0.0486177
-1.26562 -0.0486692

-1.26562 -0.0486692
-1.25781 -0.048758

-1.25781 -0.048758
-1.25 -0.0488842

