-4 -0.000292883
-3.84919 0

-3.95646 0
-3.5 0.00125647

-3.5 -0.00372145
-3.25 -0.00065647

-3.25 -0.00626946
-3.15974 0

-3.30764 0
-3.25 0.000776233

-3.15361 0
-3.125 0.00198689

-3.125 0.00351566
-3.0625 0.0149956

-3.0625 0.0153996
-3.03125 0.0227785

-3.03125 0.0229286
-3 0.0308383

-2.99857 0.03125
-2.98438 0.0349045

-2.98438 0.0349288
-2.96875 0.038886

-2.96875 0.0388857
-2.95312 0.0427625

-2.95312 0.0427629
-2.9375 0.0465592

-2.9375 0.0465977
-2.93633 0.046875

0.015625 -0.000150066
0.0143799 0

0.015625 -0.000159118
0.03125 -0.00204262

0.03125 -0.00204272
0.046875 -0.00392646

0.046875 -0.00392651
0.0625 -0.0058102

1.5 -0.146352
1.51562 -0.147125

1.51562 -0.147125
1.53125 -0.147872

1.53125 -0.147872
1.54688 -0.148592

1.54688 -0.148592
1.5625 -0.149286

1.5625 -0.149286
1.57812 -0.149952

-2.93616 0.046875
-2.92188 0.0502706

-2.92188 0.0502739
-2.90625 0.0539079

0.0625 -0.00581027
0.078125 -0.00769368

-2.90625 0.0539077
-2.89062 0.0574612

1.57812 -0.149952
1.59375 -0.150591

0.078125 -0.00769375
0.09375 -0.00957663

-2.89062 0.057461
-2.875 0.0609347

1.59375 -0.150591
1.60938 -0.151202

0.09375 -0.0095767
0.109375 -0.0114588

-2.875 0.0609317
-2.86778 0.0625

0.109375 -0.0114589
0.125 -0.0133399

1.60938 -0.151202
1.625 -0.151785

-2.86781 0.0625
-2.85938 0.0643316

-2.85938 0.0643289
-2.84375 0.0676454

1.625 -0.151785
1.64062 -0.152339

1.64062 -0.152339
1.65625 -0.152864

1.65625 -0.152864
1.67188 -0.153359

0.125 -0.01334
0.140625 -0.0152197

0.15625 -0.017092
0.144046 -0.015625

0.140625 -0.0152418
0.143813 -0.015625

0.15625 -0.017098
0.171875 -0.0189747

0.171875 -0.0189748
0.1875 -0.0208498

-1 0.111418
-0.984375 0.110027

-0.96875 0.108628
-0.977057 0.109375

-0.984375 0.11002
-0.977202 0.109375

-0.96875 0.108622
-0.953125 0.107201

-0.953125 0.107201
-0.9375 0.105765

-0.9375 0.105765
-0.921875 0.104314

-0.921875 0.104314
-0.90625 0.102849

-0.90625 0.102849
-0.890625 0.101369

-0.890625 0.101369
-0.875 0.0998758

-0.875 0.0998758
-0.859375 0.0983688

-0.859375 0.0983687
-0.84375 0.0968485

-0.84375 0.0968485
-0.828125 0.0953153

-0.828125 0.0953152
-0.8125 0.0937691

-0.796875 0.0922103
-0.81231 0.09375

-0.796875 0.0922103
-0.78125 0.0906394

-0.8125 0.0937686
-0.812314 0.09375

-0.78125 0.0906394
-0.765625 0.0890563

-0.765625 0.0890562
-0.75 0.0874612

-0.75 0.0874611
-0.734375 0.0858544

-0.734375 0.0858543
-0.71875 0.0842362

-0.71875 0.0842362
-0.703125 0.082607

-0.703125 0.0826069
-0.6875 0.080967

-0.6875 0.080967
-0.671875 0.0793165

-0.65625 0.07769
-0.660343 0.078125

-0.671875 0.0793034
-0.660786 0.078125

-0.65625 0.077656
-0.640625 0.0759853

-0.640625 0.0759852
-0.625 0.0743046

-0.625 0.0743045
-0.609375 0.0726142

-0.609375 0.0726142
-0.59375 0.0709145

-0.59375 0.0709144
-0.578125 0.0692055

-0.578125 0.0692054
-0.5625 0.0674877

-0.515625 0.0623332
-0.517121 0.0625

-0.515625 0.0622842
-0.5 0.0605338

-0.5625 0.0674876
-0.546875 0.0657613

-0.546875 0.0657613
-0.53125 0.0640267

-0.53125 0.0640204
-0.517616 0.0625

-0.5 0.0605337
-0.484375 0.0587755

-0.484375 0.0587754
-0.46875 0.0570097

-0.46875 0.0570097
-0.453125 0.0552367

-0.453125 0.0552366
-0.4375 0.0534567

-0.4375 0.0534566
-0.421875 0.05167

-0.421875 0.0516699
-0.40625 0.0498768

-0.40625 0.0498768
-0.390625 0.0480776

-0.375 0.0463055
-0.379929 0.046875

-0.390625 0.0480613
-0.380356 0.046875

-0.375 0.0462725
-0.359375 0.0444617

-0.359375 0.0444615
-0.34375 0.042645

-0.34375 0.0426449
-0.328125 0.040823

-0.328125 0.0408229
-0.3125 0.0389958

-0.3125 0.0389957
-0.296875 0.0371637

-0.296875 0.0371636
-0.28125 0.035327

-0.28125 0.0353269
-0.265625 0.0334859

-0.265625 0.0334858
-0.25 0.0316408

1.67188 -0.153359
1.6875 -0.153825

-0.234375 0.0297962
-0.246661 0.03125

-0.234375 0.0297918
-0.21875 0.027939

-0.25 0.0316243
-0.246837 0.03125

-0.21875 0.0279389
-0.203125 0.0260825

-0.203125 0.0260824
-0.1875 0.0242226

-0.1875 0.0242225
-0.171875 0.0223595

1.6875 -0.153825
1.70312 -0.15426

1.70312 -0.15426
1.71875 -0.154664

0.1875 -0.0208498
0.203125 -0.0227228

0.203125 -0.0227228
0.21875 -0.0245935

0.21875 -0.0245936
0.234375 -0.0264617

0.234375 -0.0264618
0.25 -0.0283271

0.28125 -0.0320332
0.274667 -0.03125

0.25 -0.0283272
0.265625 -0.0301894

0.265625 -0.0302009
0.274443 -0.03125

0.28125 -0.0320484
0.296875 -0.033904

0.296875 -0.033904
0.3125 -0.0357561

0.3125 -0.0357561
0.328125 -0.0376044

0.328125 -0.0376044
0.34375 -0.0394485

0.34375 -0.0394486
0.359375 -0.0412884

0.359375 -0.0412884
0.375 -0.0431236

0.375 -0.0431236
0.390625 -0.0449538

0.390625 -0.0449539
0.40625 -0.0467789

0.421875 -0.048598
0.40708 -0.046875

0.40625 -0.0467902
0.406978 -0.046875

0.421875 -0.0485987
0.4375 -0.050413

0.4375 -0.050413
0.453125 -0.0522216

0.453125 -0.0522217
0.46875 -0.0540242

0.46875 -0.0540243
0.484375 -0.0558206

0.484375 -0.0558207
0.5 -0.0576105

0 0.00172318
0.0142975 0

0.546875 -0.0629295
0.543081 -0.0625

0.546875 -0.0629379
0.5625 -0.0646989

0.5 -0.0576106
0.515625 -0.0593935

0.515625 -0.0593936
0.53125 -0.0611694

0.53125 -0.0611722
0.542982 -0.0625

0.5625 -0.064699
0.578125 -0.0664523

0.578125 -0.0664523
0.59375 -0.0681977

0.59375 -0.0681978
0.609375 -0.0699349

0.609375 -0.069935
0.625 -0.0716635

0.625 -0.0716636
0.640625 -0.0733834

0.640625 -0.0733834
0.65625 -0.0750941

0.65625 -0.0750942
0.671875 -0.0767954

0.6875 -0.0784809
0.684213 -0.078125

0.671875 -0.0767971
0.684141 -0.078125

0.6875 -0.078487
0.703125 -0.0801688

0.703125 -0.0801689
0.71875 -0.0818407

0.71875 -0.0818407
0.734375 -0.0835023

0.734375 -0.0835023
0.75 -0.0851533

0.75 -0.0851533
0.765625 -0.0867934

0.765625 -0.0867935
0.78125 -0.0884224

0.78125 -0.0884224
0.796875 -0.0900399

0.796875 -0.0900399
0.8125 -0.0916456

0.84375 -0.0948155
0.833222 -0.09375

0.8125 -0.0916457
0.828125 -0.0932393

0.828125 -0.0932501
0.833065 -0.09375

0.84375 -0.0948207
0.859375 -0.0963896

0.859375 -0.0963897
0.875 -0.097946

1.71875 -0.154665
1.73438 -0.155038

1.73438 -0.155038
1.75 -0.15538

1.75 -0.15538
1.76562 -0.15569

1.76562 -0.15569
1.78125 -0.155968

1.8125 -0.156425
1.79959 -0.15625

-2.84375 0.0676452
-2.82812 0.0708842

-2.82812 0.070884
-2.8125 0.0740462

-2.8125 0.074046
-2.79688 0.0771321

-2.79688 0.0771294
-2.79171 0.078125

-2.79173 0.078125
-2.78125 0.0801438

1.78125 -0.155968
1.79688 -0.156213

1.79688 -0.156213
1.79957 -0.15625

1.8125 -0.156425
1.82812 -0.156604

1.82812 -0.156604
1.84375 -0.156748

1.84375 -0.156748
1.85938 -0.156858

1.85938 -0.156859
1.875 -0.156934

-2.78125 0.0801423
-2.76562 0.0830787

-2.76562 0.0830784
-2.75 0.0859417

1.875 -0.156934
1.89062 -0.156974

-2.75 0.0859414
-2.73438 0.0887329

0.875 -0.097946
0.890625 -0.0994893

-2.73438 0.0887326
-2.71875 0.0914534

-2.71875 0.0914531
-2.70521 0.09375

-2.70522 0.09375
-2.70312 0.0941049

1.89062 -0.156974
1.90625 -0.156978

1.90625 -0.156978
1.92188 -0.156946

1.92188 -0.156946
1.9375 -0.156877

0.890625 -0.0994894
0.90625 -0.101019

-2.70312 0.0941041
-2.6875 0.0966865

0.90625 -0.101019
0.921875 -0.102536

0.921875 -0.102536
0.9375 -0.104038

-0.171875 0.0223594
-0.15625 0.0204936

-0.15625 0.0204935
-0.140625 0.018625

-0.140625 0.018625
-0.125 0.0167542

-0.109375 0.0149074
-0.115362 0.015625

-0.125 0.016737
-0.115723 0.015625

-0.109375 0.0148812
-0.09375 0.0130062

-0.09375 0.0130061
-0.078125 0.0111292

-0.078125 0.0111291
-0.0625 0.00925051

-2.6875 0.0966863
-2.67188 0.0992007

-2.67188 0.0992004
-2.65625 0.101648

-2.65625 0.101648
-2.64062 0.104029

1.9375 -0.156877
1.95312 -0.156771

-2.64062 0.104029
-2.625 0.106345

1.95312 -0.156771
1.96875 -0.156627

1.96875 -0.156627
1.98438 -0.156444

0.9375 -0.104039
0.953125 -0.105527

0.953125 -0.105527
0.96875 -0.107001

1.98438 -0.156445
1.99813 -0.15625

1.99811 -0.15625
2 -0.156223

-2.625 0.106345
-2.60938 0.108597

-2.60938 0.108594
-2.6038 0.109375

-2.60383 0.109375
-2.59375 0.110786

-2.59375 0.110785
-2.57812 0.112911

-2.57812 0.112911
-2.5625 0.114975

0.96875 -0.107001
0.984375 -0.10846

1 -0.109899
0.994331 -0.109375

0.984375 -0.108462
0.99425 -0.109375

-2.5625 0.114975
-2.54688 0.116978

-2.54688 0.116978
-2.53125 0.118921

-2.53125 0.118921
-2.51562 0.120805

-2.51562 0.120805
-2.5 0.12263

-2.5 0.12263
-2.48438 0.124398

-0.0625 0.00925045
-0.046875 0.00737041

-0.046875 0.00737035
-0.03125 0.00548913

-0.03125 0.00548906
-0.015625 0.00360693

-0.015625 0.00360687
0 0.00172408

-2.48438 0.124396
-2.47886 0.125

-2.47889 0.125
-2.46875 0.12611

-2.46875 0.126109
-2.45312 0.127763

-2.45312 0.127763
-2.4375 0.129362

-2.4375 0.129362
-2.42188 0.130907

-2.42188 0.130906
-2.40625 0.132397

-2.40625 0.132396
-2.39062 0.133833

-2.39062 0.133833
-2.375 0.135217

2 -0.156224
2.01562 -0.155963

2.01562 -0.155963
2.03125 -0.155663

1 -0.109904
1.01562 -0.111332

1.01562 -0.111332
1.03125 -0.112746

2.03125 -0.155663
2.04688 -0.155323

2.04688 -0.155323
2.0625 -0.154942

-2.375 0.135217
-2.35938 0.136549

-2.35938 0.136549
-2.34375 0.137829

-2.34375 0.137829
-2.32812 0.139059

2.0625 -0.154942
2.07812 -0.15452

2.07812 -0.15452
2.09375 -0.154055

2.09375 -0.154055
2.10938 -0.153549

2.10938 -0.153549
2.125 -0.152999

-2.32812 0.139059
-2.3125 0.140239

2.125 -0.152999
2.14062 -0.152406

2.14062 -0.152406
2.15625 -0.151769

2.15625 -0.151769
2.17188 -0.151087

2.17188 -0.151087
2.1875 -0.150359

-2.3125 0.140238
-2.30715 0.140625

-2.30718 0.140625
-2.29688 0.141371

-2.29688 0.14137
-2.28125 0.142452

2.1875 -0.15036
2.20312 -0.149586

-2.28125 0.142452
-2.26562 0.143485

-2.26562 0.143485
-2.25 0.144471

2.20312 -0.149587
2.21875 -0.148767

2.21875 -0.148767
2.23438 -0.1479

1.03125 -0.112746
1.04688 -0.114143

1.04688 -0.114143
1.0625 -0.115524

2.23438 -0.1479
2.25 -0.146986

1.0625 -0.115524
1.07812 -0.116889

1.07812 -0.116889
1.09375 -0.118237

1.09375 -0.118237
1.10938 -0.119568

2.25 -0.146986
2.26562 -0.146023

2.26562 -0.146024
2.28125 -0.145012

2.28125 -0.145012
2.29688 -0.143951

-2.25 0.144471
-2.23438 0.14541

2.29688 -0.143951
2.3125 -0.142839

1.10938 -0.119568
1.125 -0.120881

-2.23438 0.14541
-2.21875 0.146303

2.3125 -0.142839
2.32812 -0.141677

2.32812 -0.141678
2.34167 -0.140625

2.34162 -0.140625
2.34375 -0.140459

-2.21875 0.146302
-2.20312 0.147149

2.34375 -0.140463
2.35938 -0.139197

1.1875 -0.125952
1.17551 -0.125

-2.20312 0.147149
-2.1875 0.147951

1.1875 -0.125954
1.20312 -0.127175

1.20312 -0.127175
1.21875 -0.128378

1.21875 -0.128378
1.23438 -0.129561

1.23438 -0.129561
1.25 -0.130724

1.125 -0.120881
1.14062 -0.122177

2.35938 -0.139197
2.375 -0.137878

1.14062 -0.122177
1.15625 -0.123454

2.375 -0.137878
2.39062 -0.136505

1.15625 -0.123454
1.17188 -0.124713

1.17188 -0.12472
1.1754 -0.125

-2.1875 0.147951
-2.17188 0.148707

-2.17188 0.148707
-2.15625 0.14942

2.39062 -0.136505
2.40625 -0.135077

2.40625 -0.135078
2.42188 -0.133595

1.25 -0.130724
1.26562 -0.131867

1.26562 -0.131867
1.28125 -0.132989

2.42188 -0.133595
2.4375 -0.132056

2.4375 -0.132056
2.45312 -0.13046

2.45312 -0.13046
2.46875 -0.128807

1.28125 -0.132989
1.29688 -0.13409

1.29688 -0.13409
1.3125 -0.13517

1.3125 -0.13517
1.32812 -0.136229

1.32812 -0.136229
1.34375 -0.137265

1.34375 -0.137266
1.35938 -0.13828

1.35938 -0.13828
1.375 -0.139271

2.46875 -0.128807
2.48438 -0.127095

2.48438 -0.127095
2.5 -0.125324

-2.15625 0.14942
-2.14062 0.150089

-2.14062 0.150089
-2.125 0.150715

1.375 -0.139272
1.39062 -0.14024

1.40625 -0.141184
1.39701 -0.140625

1.39062 -0.140243
1.39694 -0.140625

1.40625 -0.141186
1.42188 -0.142108

1.42188 -0.142108
1.4375 -0.143006

1.4375 -0.143006
1.45312 -0.143879

1.45312 -0.143879
1.46875 -0.144729

2.5 -0.125325
2.50277 -0.125

1.46875 -0.144729
1.48438 -0.145553

-2.125 0.150715
-2.10938 0.151299

-2.10938 0.151299
-2.09375 0.151841

1.48438 -0.145553
1.5 -0.146352

-2.09375 0.151841
-2.07812 0.152342

2.50276 -0.125
2.51562 -0.123493

2.51562 -0.123493
2.53125 -0.121601

2.53125 -0.121601
2.54688 -0.119648

-2.07812 0.152342
-2.0625 0.152802

-2.0625 0.152801
-2.04688 0.153221

-2.04688 0.153221
-2.03125 0.153601

2.54688 -0.119648
2.5625 -0.117633

2.5625 -0.117633
2.57812 -0.115555

-2.03125 0.153601
-2.01562 0.153941

-2.01562 0.153941
-2 0.154243

2.57812 -0.115555
2.59375 -0.113413

2.59375 -0.113413
2.60938 -0.111206

2.60938 -0.111207
2.62197 -0.109375

2.62194 -0.109375
2.625 -0.10893

2.625 -0.108934
2.64062 -0.106595

2.64062 -0.106595
2.65625 -0.104188

2.65625 -0.104189
2.67188 -0.101714

2.67188 -0.101714
2.6875 -0.0991698

2.6875 -0.0991701
2.70312 -0.0965552

2.70312 -0.0965555
2.71875 -0.0938687

2.71875 -0.0938687
2.71942 -0.09375

2.71942 -0.09375
2.73438 -0.0911094

2.73438 -0.0911096
2.75 -0.0882762

2.75 -0.0882764
2.76562 -0.0853682

2.76562 -0.0853685
2.78125 -0.0823845

2.78125 -0.0823848
2.79688 -0.0793238

2.79688 -0.0793186
2.80282 -0.078125

2.80286 -0.078125
2.8125 -0.0761884

2.8125 -0.0761853
2.82812 -0.072967

2.82812 -0.0729673
2.84375 -0.0696685

2.84375 -0.0696689
2.85938 -0.0662883

2.85938 -0.0662886
2.875 -0.0628251

2.875 -0.0628192
2.87641 -0.0625

2.87644 -0.0625
2.89062 -0.0592783

2.89062 -0.059278
2.90625 -0.0556444

2.90625 -0.0556448
2.92188 -0.0519241

2.92188 -0.0519242
2.9375 -0.048115

2.9375 -0.0480741
2.94231 -0.046875

2.94255 -0.046875
2.95312 -0.0442357

2.95312 -0.0442166
2.96875 -0.0402264

2.96875 -0.0402263
2.98438 -0.0361452

2.98438 -0.0361386
3 -0.0319802

3 -0.0317632
3.00197 -0.03125

3.00261 -0.03125
3.03125 -0.0237799

3.03125 -0.0236218
3.0625 -0.0160155

3.0625 -0.0155923
3.125 -0.00374644

3.125 -0.00216674
3.15518 0

3.25 -0.000824134
3.30944 0

3.16165 0
3.25 0.00634288

3.25 0.00060158
3.5 0.0037684

3.5 -0.00139977
4 -6.4093e-06

3.88994 0
4 0.000216792

-2 0.154243
-1.98438 0.154506

-1.98438 0.154506
-1.96875 0.154731

-1.96875 0.154731
-1.95312 0.154919

-1.95312 0.154919
-1.9375 0.15507

-1.9375 0.15507
-1.92188 0.155185

-1.92188 0.155185
-1.90625 0.155263

-1.90625 0.155263
-1.89062 0.155306

-1.89062 0.155306
-1.875 0.155314

-1.875 0.155314
-1.85938 0.155287

-1.85938 0.155287
-1.84375 0.155226

-1.84375 0.155226
-1.82812 0.155131

-1.82812 0.155131
-1.8125 0.155003

-1.8125 0.155003
-1.79688 0.154841

-1.79688 0.154841
-1.78125 0.154647

-1.78125 0.154647
-1.76562 0.154421

-1.76562 0.154421
-1.75 0.154163

-1.75 0.154162
-1.73438 0.153873

-1.73438 0.153873
-1.71875 0.153552

-1.71875 0.153552
-1.70312 0.153201

-1.70312 0.153201
-1.6875 0.15282

-1.6875 0.15282
-1.67188 0.152408

-1.67188 0.152408
-1.65625 0.151968

-1.65625 0.151968
-1.64062 0.151498

-1.64062 0.151498
-1.625 0.150999

-1.625 0.150999
-1.60938 0.150472

-1.60938 0.150472
-1.59375 0.149917

-1.59375 0.149917
-1.57812 0.149335

-1.57812 0.149335
-1.5625 0.148725

-1.5625 0.148725
-1.54688 0.148088

-1.54688 0.148088
-1.53125 0.147425

-1.53125 0.147425
-1.51562 0.146735

-1.51562 0.146735
-1.5 0.14602

-1.5 0.14602
-1.48438 0.145279

-1.48438 0.145279
-1.46875 0.144513

-1.46875 0.144513
-1.45312 0.143722

-1.45312 0.143722
-1.4375 0.142907

-1.4375 0.142907
-1.42188 0.142067

-1.42188 0.142067
-1.40625 0.141204

-1.39062 0.140321
-1.39598 0.140625

-1.40625 0.141202
-1.39608 0.140625

-1.39062 0.140318
-1.375 0.139408

-1.375 0.139408
-1.35938 0.138475

-1.35938 0.138475
-1.34375 0.13752

-1.34375 0.13752
-1.32812 0.136542

-1.32812 0.136542
-1.3125 0.135543

-1.3125 0.135543
-1.29688 0.134522

-1.29688 0.134522
-1.28125 0.133479

-1.28125 0.133479
-1.26562 0.132416

-1.26562 0.132416
-1.25 0.131331

-1.15625 0.124414
-1.16387 0.125

-1.15625 0.12441
-1.14062 0.12319

-1.14062 0.12319
-1.125 0.121951

-1.25 0.131331
-1.23438 0.130227

-1.23438 0.130227
-1.21875 0.129102

-1.21875 0.129102
-1.20312 0.127958

-1.20312 0.127958
-1.1875 0.126794

-1.1875 0.126794
-1.17188 0.125611

-1.17188 0.125607
-1.16398 0.125

-1.125 0.121951
-1.10938 0.120695

-1.10938 0.120695
-1.09375 0.11942

-1.09375 0.11942
-1.07812 0.118129

-1.07812 0.118129
-1.0625 0.11682

-1.0625 0.11682
-1.04688 0.115494

-1.04688 0.115494
-1.03125 0.114151

-1.03125 0.114151
-1.01562 0.112792

-1.01562 0.112792
-1 0.111418

