-4 0.00120815
-3.5 0.00232091

-3.5 0.000909549
-3.25 0.00203048

-3.25 0.000675139
-3.125 0.00313265

-3.125 0.00130139
-3.0625 0.00510573

-3.0625 0.00334461
-3.03125 0.00844648

-3.03125 0.0102304
-3 0.0184863

-3 0.018454
-2.98438 0.0224293

-2.98438 0.0224316
-2.96875 0.0263144

-2.96875 0.0263137
-2.95312 0.0301005

-2.95312 0.0296686
-2.94643 0.03125

-2.9492 0.03125
-2.9375 0.0340151

-2.9375 0.0337926
-2.92188 0.0373938

-2.92188 0.0373933
-2.90625 0.0409045

-2.90625 0.040904
-2.89062 0.0443273

-2.89062 0.0440493
-2.8774 0.046875

-2.88181 0.046875
-2.875 0.0483291

-2.875 0.047664
-2.85938 0.0509176

-2.85938 0.0509171
-2.84375 0.0540884

-2.84375 0.0540879
-2.82812 0.057179

-1.5 0.184476
-1.48438 0.185336

1.5 -0.222026
1.51562 -0.222353

1.51562 -0.222353
1.53125 -0.222593

-1.48438 0.185337
-1.46875 0.186175

1.53125 -0.222593
1.54688 -0.222746

-2.82812 0.0571785
-2.8125 0.0601914

1.54688 -0.222747
1.5625 -0.222812

-2.8125 0.0599515
-2.79894 0.0625

-1.46875 0.186176
-1.45312 0.18699

-2.80351 0.0625
-2.79688 0.0637477

-2.79688 0.0631274
-2.78125 0.0659899

-1.45312 0.186988
-1.44298 0.1875

1.5625 -0.222812
1.57812 -0.22279

1.57812 -0.22279
1.59375 -0.222679

-2.78125 0.0659895
-2.76562 0.0687792

-2.76562 0.0687787
-2.75 0.0714974

1.59375 -0.222679
1.60938 -0.22248

-2.75 0.0714969
-2.73438 0.0741466

-2.73438 0.0741461
-2.71875 0.0767291

1.60938 -0.22248
1.625 -0.222193

-1.44314 0.1875
-1.4375 0.187784

1.625 -0.222193
1.64062 -0.221817

-2.71875 0.0763431
-2.70769 0.078125

-2.7129 0.078125
-2.70312 0.0797011

-2.70312 0.0792465
-2.6875 0.0817014

-2.6875 0.0817009
-2.67188 0.0840941

1.64062 -0.221817
1.65625 -0.221353

1.65625 -0.221353
1.67188 -0.220801

1.67188 -0.2208
1.6875 -0.220162

1.6875 -0.220161
1.70312 -0.219443

0.15625 -0.00186209
0.148118 0

-2.67188 0.0840936
-2.65625 0.0864269

-2.65625 0.0864264
-2.64062 0.0887015

-2.64062 0.088701
-2.625 0.09092

0.15625 -0.00224528
0.171875 -0.00582494

0.171875 -0.00582546
0.1875 -0.00940364

-2.625 0.0909195
-2.60938 0.0930843

-2.60938 0.0926491
-2.60123 0.09375

-2.60626 0.09375
-2.59375 0.0954411

-2.59375 0.0951959
-2.57812 0.0972571

0.1875 -0.0094042
0.203125 -0.0129787

0.21875 -0.016137
0.216509 -0.015625

-2.57812 0.0972566
-2.5625 0.0992684

-2.5625 0.099268
-2.54688 0.101232

-2.54688 0.101232
-2.53125 0.10315

-2.53125 0.103149
-2.51562 0.105023

-2.51562 0.105022
-2.5 0.106853

0.203125 -0.0130927
0.214208 -0.015625

0.21875 -0.0165483
0.234375 -0.0201148

0.234375 -0.0201156
0.25 -0.0236779

-2.5 0.106853
-2.48438 0.108643

0.25 -0.0236781
0.265625 -0.0272343

0.265625 -0.0272349
0.28125 -0.0307832

0.296875 -0.0342964
0.283432 -0.03125

0.296875 -0.0343238
0.3125 -0.0378579

0.28125 -0.0310154
0.282285 -0.03125

0.3125 -0.0378581
0.328125 -0.0413836

0.328125 -0.0413842
0.34375 -0.0448994

-2.48438 0.108412
-2.47578 0.109375

-2.47941 0.109375
-2.46875 0.11057

-2.46875 0.110393
-2.45312 0.112105

0.359375 -0.0480596
0.354093 -0.046875

0.34375 -0.0451512
0.351436 -0.046875

-2.45312 0.112105
-2.4375 0.113781

-2.4375 0.113781
-2.42188 0.115421

-2.42188 0.115421
-2.40625 0.117028

-2.40625 0.117027
-2.39062 0.118602

-2.39062 0.118601
-2.375 0.120145

0.359375 -0.0484036
0.375 -0.0518982

-2.375 0.120145
-2.35938 0.121659

-2.35938 0.121659
-2.34375 0.123145

-2.34375 0.123145
-2.32812 0.124605

0.4375 -0.0657526
0.422743 -0.0625

0.375 -0.0518986
0.390625 -0.0553823

-2.32812 0.124472
-2.32237 0.125

-2.32445 0.125
-2.3125 0.126098

-2.3125 0.12604
-2.29688 0.127451

0.390625 -0.0553825
0.40625 -0.0588539

0.40625 -0.0588544
0.421875 -0.0623119

0.421875 -0.0623596
0.422512 -0.0625

0.4375 -0.0657557
0.453125 -0.0691864

-1.4375 0.18778
-1.42188 0.18854

-2.29688 0.127451
-2.28125 0.128839

-1.42188 0.188541
-1.40625 0.18927

0.453125 -0.0691867
0.46875 -0.0726026

-1.40625 0.18927
-1.39062 0.189967

-1.39062 0.189967
-1.375 0.190629

0.46875 -0.0726031
0.484375 -0.0760026

1.70312 -0.219438
1.71669 -0.21875

1.71746 -0.21875
1.71875 -0.218684

1.71875 -0.218649
1.73438 -0.217785

1.73438 -0.217784
1.75 -0.216851

1.75 -0.216851
1.76562 -0.215852

1.76562 -0.215851
1.78125 -0.21479

1.78125 -0.214789
1.79688 -0.213668

1.79688 -0.213667
1.8125 -0.212488

1.8125 -0.212488
1.82812 -0.211254

1.82812 -0.211254
1.84375 -0.209967

1.84375 -0.209966
1.85938 -0.208627

1.85938 -0.208627
1.875 -0.207237

1.875 -0.207235
1.89062 -0.205798

1.89062 -0.205797
1.90625 -0.204319

1.90625 -0.204285
1.91824 -0.203125

1.92021 -0.203125
1.92188 -0.202963

1.92188 -0.202805
1.9375 -0.201262

1.9375 -0.201261
1.95312 -0.19969

1.95312 -0.199689
1.96875 -0.19809

1.96875 -0.19809
1.98438 -0.196465

1.98438 -0.196465
2 -0.194816

2 -0.194816
2.01562 -0.193143

2.01562 -0.193143
2.03125 -0.191447

2.03125 -0.191447
2.04688 -0.189727

2.04688 -0.189727
2.0625 -0.187983

2.0625 -0.187927
2.06627 -0.1875

2.06695 -0.1875
2.07812 -0.186236

2.07812 -0.186216
2.09375 -0.184428

2.09375 -0.184427
2.10938 -0.18262

2.10938 -0.18262
2.125 -0.180795

2.125 -0.180795
2.14062 -0.178951

2.14062 -0.178952
2.15625 -0.17709

2.15625 -0.177091
2.17188 -0.175211

2.17188 -0.175211
2.1875 -0.173312

2.1875 -0.173292
2.19904 -0.171875

2.19972 -0.171875
2.20312 -0.171457

2.20312 -0.171394
2.21875 -0.169454

2.21875 -0.169454
2.23438 -0.167494

2.23438 -0.167494
2.25 -0.165513

2.25 -0.165513
2.26562 -0.16351

2.26562 -0.16351
2.28125 -0.161486

2.28125 -0.161486
2.29688 -0.159438

2.29688 -0.159438
2.3125 -0.157365

2.3125 -0.157393
2.32101 -0.15625

2.32057 -0.15625
2.32812 -0.155236

2.32812 -0.155267
2.34375 -0.153143

2.34375 -0.153143
2.35938 -0.150992

2.35938 -0.150992
2.375 -0.148812

2.375 -0.148813
2.39062 -0.146603

2.39062 -0.146603
2.40625 -0.144361

2.40625 -0.144362
2.42188 -0.142087

2.42188 -0.142209
2.4326 -0.140625

2.43044 -0.140625
2.4375 -0.139581

2.4375 -0.139778
2.45312 -0.137434

2.45312 -0.137434
2.46875 -0.135054

-1.375 0.190629
-1.35938 0.191255

-1.35938 0.191256
-1.34375 0.191844

-1.34375 0.191845
-1.32812 0.192394

-1.32812 0.192395
-1.3125 0.192903

-1.3125 0.192904
-1.29688 0.19337

-1.29688 0.193371
-1.28125 0.193793

-1.28125 0.193794
-1.26562 0.19417

-1.26562 0.194171
-1.25 0.194499

-1.25 0.1945
-1.23438 0.194779

-1.23438 0.19478
-1.21875 0.195007

-1.21875 0.195008
-1.20312 0.195182

-1.20312 0.195183
-1.1875 0.195302

-1.1875 0.195302
-1.17188 0.195364

-1.17188 0.195364
-1.15625 0.195367

-1.15625 0.195368
-1.14062 0.19531

-1.14062 0.195311
-1.125 0.195191

-1.125 0.195191
-1.10938 0.195007

-1.10938 0.195008
-1.09375 0.194759

-1.09375 0.194759
-1.07812 0.194443

-1.07812 0.194444
-1.0625 0.194061

-1.0625 0.194061
-1.04688 0.19361

-1.04688 0.19361
-1.03125 0.19309

-1.03125 0.19309
-1.01562 0.192501

-1.01562 0.192501
-1 0.191842

-1 0.191842
-0.984375 0.191114

-0.984375 0.191114
-0.96875 0.190316

-0.96875 0.190316
-0.953125 0.189448

-0.953125 0.189448
-0.9375 0.188511

-0.90625 0.186426
-0.921815 0.1875

-0.90625 0.186426
-0.890625 0.185278

-0.890625 0.185278
-0.875 0.184058

-0.9375 0.188511
-0.921875 0.187504

-0.875 0.184058
-0.859375 0.182769

-0.859375 0.182769
-0.84375 0.18141

-0.84375 0.181409
-0.828125 0.179982

-0.828125 0.179981
-0.8125 0.178486

-0.8125 0.178485
-0.796875 0.176922

-0.796875 0.176922
-0.78125 0.175293

-0.78125 0.175293
-0.765625 0.173598

-0.75 0.171842
-0.750292 0.171875

-0.765625 0.173598
-0.750325 0.171875

-0.75 0.171839
-0.734375 0.170014

-0.734375 0.170014
-0.71875 0.168124

-0.71875 0.168124
-0.703125 0.166171

0.5 -0.0790226
0.495853 -0.078125

0.484375 -0.0761951
0.493291 -0.078125

0.015625 0.03018
0.0108939 0.03125

0.015625 0.029865
0.03125 0.0263201

0 0.0332107
0.00866895 0.03125

0.03125 0.0263192
0.046875 0.0227651

0.046875 0.0227647
0.0625 0.0192038

0.0625 0.019203
0.078125 0.0156377

0.09375 0.0120681
0.0781861 0.015625

0.09375 0.0120668
0.109375 0.00849036

0.109375 0.00849008
0.125 0.00491119

0.125 0.00490977
0.140625 0.00133182

0.140625 0.000457858
0.142624 0

0.5 -0.0793843
0.515625 -0.0827499

0.515625 -0.0827504
0.53125 -0.0860987

0.53125 -0.086099
0.546875 -0.0894283

0.546875 -0.0894289
0.5625 -0.0927374

0.578125 -0.0959583
0.56763 -0.09375

0.578125 -0.0960247
0.59375 -0.0992921

0.5625 -0.0928957
0.56656 -0.09375

0.59375 -0.0992925
0.609375 -0.102538

-2.28125 0.128838
-2.26562 0.130204

0.609375 -0.102539
0.625 -0.105761

-2.26562 0.130204
-2.25 0.13155

0.734375 -0.127593
0.721036 -0.125

0.734375 -0.127603
0.75 -0.130612

0.625 -0.105762
0.640625 -0.108959

0.65625 -0.112122
0.642722 -0.109375

0.640625 -0.109025
0.642347 -0.109375

0.65625 -0.112132
0.671875 -0.11528

0.671875 -0.115281
0.6875 -0.118403

-2.25 0.131549
-2.23438 0.132875

-2.23438 0.132875
-2.21875 0.134182

-2.21875 0.134182
-2.20312 0.135472

-2.20312 0.135472
-2.1875 0.136746

-2.1875 0.136745
-2.17188 0.138004

-2.17188 0.138004
-2.15625 0.139249

-2.15625 0.139249
-2.14062 0.140481

-2.14062 0.140418
-2.13797 0.140625

0.6875 -0.118403
0.703125 -0.121499

0.703125 -0.121499
0.71875 -0.124565

-2.13891 0.140625
-2.125 0.141711

0.71875 -0.124624
0.720683 -0.125

-2.125 0.1417
-2.10938 0.142908

-2.10938 0.142908
-2.09375 0.144104

-2.09375 0.144104
-2.07812 0.14529

-2.07812 0.14529
-2.0625 0.146467

-2.0625 0.146466
-2.04688 0.147634

-2.04688 0.147634
-2.03125 0.148793

-2.03125 0.148793
-2.01562 0.149944

-2.01562 0.149944
-2 0.151089

0.75 -0.130612
0.765625 -0.133591

0.765625 -0.133591
0.78125 -0.136539

0.78125 -0.13654
0.796875 -0.139455

0.8125 -0.142269
0.803586 -0.140625

0.796875 -0.139555
0.802679 -0.140625

0.8125 -0.142336
0.828125 -0.145184

0.828125 -0.145185
0.84375 -0.148

0.84375 -0.148
0.859375 -0.15078

0.859375 -0.15078
0.875 -0.153524

-2 0.151088
-1.98438 0.152227

-1.98438 0.152227
-1.96875 0.153359

-1.96875 0.153359
-1.95312 0.154487

-1.95312 0.154487
-1.9375 0.15561

0.90625 -0.158896
0.890749 -0.15625

0.875 -0.153524
0.890625 -0.15623

0.890625 -0.156234
0.89072 -0.15625

0.90625 -0.158897
0.921875 -0.161527

-1.9375 0.155602
-1.92844 0.15625

-1.92871 0.15625
-1.92188 0.156739

-1.92188 0.156728
-1.90625 0.157842

-1.90625 0.157842
-1.89062 0.15895

-1.89062 0.15895
-1.875 0.160054

0.921875 -0.161527
0.9375 -0.164118

-1.875 0.160054
-1.85938 0.161154

-1.85938 0.161154
-1.84375 0.162248

0.9375 -0.164119
0.953125 -0.16667

0.953125 -0.16667
0.96875 -0.169179

-1.84375 0.162248
-1.82812 0.163338

-1.82812 0.163338
-1.8125 0.164424

-1.8125 0.164424
-1.79688 0.165505

-1.79688 0.165506
-1.78125 0.166582

-1.78125 0.166582
-1.76562 0.167654

-1.76562 0.167654
-1.75 0.168721

-1.75 0.168722
-1.73438 0.169783

-1.73438 0.169783
-1.71875 0.170838

-1.71875 0.170838
-1.70329 0.171875

-1.7033 0.171875
-1.70312 0.171886

-1.70312 0.171886
-1.6875 0.172926

0.96875 -0.16918
0.984375 -0.171646

1 -0.174067
0.985869 -0.171875

0.984375 -0.171669
0.985701 -0.171875

1 -0.174069
1.01562 -0.17645

2.46875 -0.135055
2.48438 -0.132636

2.48438 -0.132637
2.5 -0.130179

-1.6875 0.172926
-1.67188 0.173956

-1.67188 0.173956
-1.65625 0.174976

-1.65625 0.174976
-1.64062 0.175985

-1.64062 0.175985
-1.625 0.176982

2.5 -0.130179
2.51562 -0.127679

2.51562 -0.127687
2.53125 -0.125143

-1.625 0.176982
-1.60938 0.177968

2.53125 -0.125261
2.53283 -0.125

-1.60938 0.177968
-1.59375 0.178942

-0.703125 0.166171
-0.6875 0.164156

-0.6875 0.164156
-0.671875 0.162081

-0.671875 0.162081
-0.65625 0.159947

-0.625 0.155561
-0.629787 0.15625

-0.65625 0.159947
-0.640625 0.157756

-0.640625 0.157731
-0.630325 0.15625

-0.625 0.155509
-0.609375 0.153205

-0.609375 0.153204
-0.59375 0.150845

-0.59375 0.150844
-0.578125 0.148431

-0.578125 0.148431
-0.5625 0.145967

-0.5625 0.145966
-0.546875 0.143453

-0.546875 0.143452
-0.53125 0.140891

-0.515625 0.138298
-0.529561 0.140625

-0.53125 0.14064
-0.531158 0.140625

-0.515625 0.138282
-0.5 0.135624

1.01562 -0.17645
1.03125 -0.178787

1.03125 -0.178787
1.04688 -0.181078

1.04688 -0.181079
1.0625 -0.183323

1.09375 -0.187665
1.10938 -0.18976

1.10938 -0.18976
1.125 -0.191805

1.0625 -0.183324
1.07812 -0.185519

1.07812 -0.185527
1.09249 -0.1875

1.125 -0.191806
1.14062 -0.193798

1.14062 -0.193799
1.15625 -0.195738

1.15625 -0.195738
1.17188 -0.197621

1.17188 -0.197622
1.1875 -0.199448

1.1875 -0.199448
1.20312 -0.201216

1.20312 -0.201216
1.21875 -0.202923

1.23438 -0.204566
1.22069 -0.203125

1.21875 -0.202939
1.22052 -0.203125

-1.59375 0.178942
-1.57812 0.179902

-1.57812 0.179902
-1.5625 0.180849

-1.5625 0.180849
-1.54688 0.18178

-1.54688 0.181781
-1.53125 0.182696

-1.53125 0.182697
-1.51562 0.183595

-1.51562 0.183596
-1.5 0.184476

-0.4375 0.124611
-0.439651 0.125

-0.4375 0.124562
-0.421875 0.121695

-0.421875 0.121694
-0.40625 0.118788

-0.40625 0.118787
-0.390625 0.115844

-0.390625 0.115844
-0.375 0.112865

-0.5 0.135624
-0.484375 0.132921

-0.484375 0.132921
-0.46875 0.130175

-0.46875 0.130175
-0.453125 0.127388

-0.453125 0.12738
-0.439972 0.125

-0.375 0.112864
-0.359375 0.109852

-0.34375 0.106843
-0.356738 0.109375

-0.359375 0.109593
-0.358255 0.109375

-0.34375 0.106807
-0.328125 0.103727

-0.328125 0.103727
-0.3125 0.100616

-0.3125 0.100615
-0.296875 0.0974744

-0.296875 0.0974736
-0.28125 0.094305

-0.265625 0.0911521
-0.278322 0.09375

-0.265625 0.0911081
-0.25 0.0878822

-0.28125 0.0940393
-0.279836 0.09375

-0.25 0.0878818
-0.234375 0.0846297

-0.234375 0.0846294
-0.21875 0.0813527

-0.203125 0.0780625
-0.203421 0.078125

-0.21875 0.0813521
-0.20347 0.078125

-0.203125 0.0780528
-0.1875 0.0747293

-0.125 0.0613594
-0.130234 0.0625

-0.1875 0.0747286
-0.171875 0.0713821

-0.171875 0.0713818
-0.15625 0.0680145

1.23438 -0.204569
1.25 -0.206153

2.53005 -0.125
2.53125 -0.124805

-0.15625 0.068014
-0.140625 0.0646275

1.25 -0.206153
1.26562 -0.207675

1.26562 -0.207676
1.28125 -0.209133

1.28125 -0.209134
1.29688 -0.210526

-0.140625 0.0645486
-0.131225 0.0625

1.29688 -0.210526
1.3125 -0.211852

2.53201 -0.125
2.54688 -0.122537

2.54688 -0.122548
2.5625 -0.119914

2.5625 -0.119915
2.57812 -0.117235

2.57812 -0.117236
2.59375 -0.114506

2.59375 -0.114507
2.60938 -0.111725

2.60938 -0.111829
2.6229 -0.109375

2.62029 -0.109375
2.625 -0.108521

2.625 -0.10889
2.64062 -0.106001

2.64062 -0.106002
2.65625 -0.103057

2.65625 -0.103057
2.67188 -0.100054

2.67188 -0.100055
2.6875 -0.0969918

2.6875 -0.0969924
2.70312 -0.0938669

2.70312 -0.094282
2.70573 -0.09375

1.3125 -0.211852
1.32812 -0.213109

1.32812 -0.213109
1.34375 -0.214296

-0.125 0.0612227
-0.109375 0.0577985

-0.109375 0.0577979
-0.09375 0.0543559

-0.09375 0.0543557
-0.078125 0.0508976

-0.078125 0.0508966
-0.0625 0.0474249

-0.046875 0.0439924
-0.0597949 0.046875

-0.046875 0.0439391
-0.03125 0.0404377

-0.03125 0.0404373
-0.015625 0.0369234

-0.015625 0.0369226
0 0.0333984

2.70348 -0.09375
2.71875 -0.0906344

2.71875 -0.0906784
2.73438 -0.0874249

1.34375 -0.214296
1.35938 -0.215412

1.35938 -0.215412
1.375 -0.216455

2.73438 -0.0874256
2.75 -0.0841054

1.375 -0.216455
1.39062 -0.217425

2.75 -0.0841062
2.76562 -0.0807163

2.76562 -0.0808325
2.77785 -0.078125

2.77596 -0.078125
2.78125 -0.0769542

1.39062 -0.217425
1.40625 -0.218319

1.42188 -0.219126
1.41468 -0.21875

2.78125 -0.0772554
2.79688 -0.0737214

2.79688 -0.0737221
2.8125 -0.0701137

1.42188 -0.219137
1.4375 -0.219877

1.40625 -0.218329
1.41429 -0.21875

2.8125 -0.0701144
2.82812 -0.0664289

2.82812 -0.0664294
2.84375 -0.0626646

2.84375 -0.0631827
2.84652 -0.0625

2.84418 -0.0625
2.85938 -0.0587601

2.85938 -0.0588201
2.875 -0.0548921

1.4375 -0.219877
1.45312 -0.220538

1.45312 -0.220538
1.46875 -0.221117

1.46875 -0.221117
1.48438 -0.221613

1.48438 -0.221614
1.5 -0.222026

2.875 -0.0548926
2.89062 -0.0508794

2.89062 -0.0508809
2.90589 -0.046875

2.90577 -0.046875
2.90625 -0.0467489

2.90625 -0.0471594
2.90731 -0.046875

2.90625 -0.0467701
2.92188 -0.0425802

2.92188 -0.0425904
2.9375 -0.0383091

2.9375 -0.0383099
2.95312 -0.0339345

2.95312 -0.0340168
2.96279 -0.03125

2.96209 -0.03125
2.96875 -0.0293423

2.96875 -0.0294632
2.98438 -0.0248912

2.98438 -0.0248895
3 -0.0202206

3 -0.0202557
3.03125 -0.0105904

3.03125 -0.00829293
3.0625 -0.00277849

3.0625 -0.00537344
3.125 -0.00145629

3.125 -0.00328964
3.25 -0.000711359

3.25 -0.00209726
3.5 -0.000870441

3.5 -0.00233973
4 -0.00106153

