-3.5 -0.000629945
-3.69336 0

-4 0.000483475
-3.73234 0

-3.25 -0.00104149
-3.43978 0

-3.125 -0.00208084
-3.24708 0

-3.125 -0.000647116
-3.0625 -0.00373676

-3.0625 -0.00255662
-3.03125 -0.00653021

-3.03125 -0.00772684
-3 -0.0140962

-3.5 0.000236085
-3.45697 0

-3.25 0.00012895
-3.24243 0

-2.98438 -0.0174836
-2.99349 -0.015625

-3 -0.0138803
-2.99144 -0.015625

-2.98438 -0.0172825
-2.96875 -0.0204675

-2.96875 -0.0204677
-2.95312 -0.0236511

-2.95312 -0.0236514
-2.9375 -0.026832

-2.90625 -0.0333054
-2.91637 -0.03125

-2.9375 -0.0268323
-2.92188 -0.0300092

-2.92188 -0.0298246
-2.91485 -0.03125

-2.90625 -0.033182
-2.89062 -0.0363491

-2.89062 -0.0363493
-2.875 -0.03951

-2.875 -0.0395102
-2.85938 -0.0426634

-2.85938 -0.0426637
-2.84375 -0.0458084

-2.82812 -0.0490363
-2.8389 -0.046875

-2.84375 -0.0456387
-2.83759 -0.046875

-2.82812 -0.048944
-2.8125 -0.0520688

-2.75 -0.0645598
-2.76048 -0.0625

-2.8125 -0.0520691
-2.79688 -0.0551824

-2.79688 -0.0551827
-2.78125 -0.0582831

-2.78125 -0.0582835
-2.76562 -0.0613699

-2.76562 -0.0611769
-2.75889 -0.0625

-2.75 -0.0644417
-2.73438 -0.0674971

-2.73438 -0.0674975
-2.71875 -0.0705355

-2.71875 -0.0705358
-2.70312 -0.073555

-2.70312 -0.0735553
-2.6875 -0.0765542

-2.67188 -0.0794163
-2.67865 -0.078125

-2.6875 -0.0766571
-2.6798 -0.078125

-2.67188 -0.0795321
-2.65625 -0.0824871

-2.65625 -0.0824876
-2.64062 -0.0854189

-2.64062 -0.0854194
-2.625 -0.0883253

-2.59375 -0.09399
-2.59507 -0.09375

-2.625 -0.0883256
-2.60938 -0.0912045

-2.60938 -0.0912119
-2.59546 -0.09375

-2.59375 -0.0940552
-2.57812 -0.0968761

-2.57812 -0.0968767
-2.5625 -0.0996668

-2.5625 -0.0996673
-2.54688 -0.102424

-2.54688 -0.102425
-2.53125 -0.105147

-2.53125 -0.105148
-2.51562 -0.107834

-2.5 -0.110322
-2.50559 -0.109375

-2.51562 -0.107946
-2.50719 -0.109375

-2.40625 -0.125324
-2.40837 -0.125

-2.40625 -0.125507
-2.39062 -0.127849

-2.39062 -0.12785
-2.375 -0.130143

-2.5 -0.110483
-2.48438 -0.113093

-2.48438 -0.113094
-2.46875 -0.115664

-2.46875 -0.115664
-2.45312 -0.118192

-2.45312 -0.118193
-2.4375 -0.120677

-2.4375 -0.120677
-2.42188 -0.123115

-2.42188 -0.123157
-2.40983 -0.125

-2.375 -0.130143
-2.35938 -0.132385

-2.35938 -0.132386
-2.34375 -0.134574

-2.34375 -0.134575
-2.32812 -0.136708

-2.32812 -0.136708
-2.3125 -0.138785

-2.3125 -0.138794
-2.29832 -0.140625

-2.29688 -0.140803
-2.28125 -0.142763

-2.28125 -0.142763
-2.26562 -0.144663

-2.26562 -0.144663
-2.25 -0.146502

-2.25 -0.146503
-2.23438 -0.148279

-2.23438 -0.14828
-2.21875 -0.149993

-2.21875 -0.149993
-2.20312 -0.151643

-2.20312 -0.151644
-2.1875 -0.153229

-1 -0.127492
-0.984375 -0.12602

-0.984375 -0.126004
-0.973823 -0.125

-0.973249 -0.125
-0.96875 -0.124572

-0.96875 -0.124535
-0.953125 -0.123031

-0.953125 -0.123031
-0.9375 -0.12151

-0.9375 -0.12151
-0.921875 -0.119974

-0.921875 -0.119974
-0.90625 -0.118423

-0.90625 -0.118423
-0.890625 -0.116857

-0.890625 -0.116857
-0.875 -0.115277

-0.875 -0.115277
-0.859375 -0.113684

-0.859375 -0.113684
-0.84375 -0.112078

-0.84375 -0.112078
-0.828125 -0.11046

-0.828125 -0.110436
-0.81796 -0.109375

-0.817235 -0.109375
-0.8125 -0.108881

-0.8125 -0.108831
-0.796875 -0.107185

-0.796875 -0.107184
-0.78125 -0.105522

-0.78125 -0.105522
-0.765625 -0.103845

-0.765625 -0.103845
-0.75 -0.102154

-0.75 -0.102154
-0.734375 -0.100449

-0.734375 -0.100449
-0.71875 -0.0987321

-0.71875 -0.098732
-0.703125 -0.0970028

-0.703125 -0.0970028
-0.6875 -0.095262

-0.6875 -0.0952566
-0.674065 -0.09375

-0.673695 -0.09375
-0.671875 -0.0935459

-0.671875 -0.0935111
-0.65625 -0.091745

-0.65625 -0.0917443
-0.640625 -0.089963

-0.640625 -0.0899629
-0.625 -0.0881676

1 0.136469
1.01562 0.138481

0 -0.00793591
0.015625 -0.00571201

0.015625 -0.00571161
0.03125 -0.00347705

0.03125 -0.00347652
0.046875 -0.00123315

0.046875 -0.00105869
0.0542287 0

-0.625 -0.0881674
-0.609375 -0.0863589

-0.609375 -0.0863587
-0.59375 -0.0845376

-2.1875 -0.153229
-2.17188 -0.154749

-2.17188 -0.154749
-2.15625 -0.156203

-2.14062 -0.157591
-2.15572 -0.15625

-2.14062 -0.157591
-2.125 -0.158912

1.01562 0.138481
1.03125 0.140469

1.03125 0.140478
1.03242 0.140625

1.0325 0.140625
1.04688 0.142429

1.04688 0.14243
1.0625 0.144365

1.0625 0.144365
1.07812 0.146273

1.07812 0.146274
1.09375 0.148155

1.09375 0.148155
1.10938 0.150007

1.10938 0.150008
1.125 0.151828

1.125 0.151828
1.14062 0.153614

1.14062 0.153615
1.15625 0.155363

1.15625 0.155394
1.16409 0.15625

1.16467 0.15625
1.17188 0.157037

1.17188 0.15707
1.1875 0.158735

1.1875 0.158736
1.20312 0.160359

1.20312 0.16036
1.21875 0.161939

1.21875 0.161939
1.23438 0.163472

1.23438 0.163472
1.25 0.164957

1.25 0.164957
1.26562 0.166391

1.26562 0.166391
1.28125 0.167772

1.28125 0.167772
1.29688 0.169097

1.29688 0.169098
1.3125 0.170366

1.3125 0.170366
1.32812 0.171574

1.32812 0.171586
1.33207 0.171875

1.33227 0.171875
1.34375 0.172717

1.34375 0.172721
1.35938 0.173806

1.35938 0.173806
1.375 0.174828

1.375 0.174828
1.39062 0.175787

1.39062 0.175787
1.40625 0.176681

1.40625 0.176681
1.42188 0.17751

1.42188 0.17751
1.4375 0.178272

1.4375 0.178272
1.45312 0.178966

1.45312 0.178966
1.46875 0.17959

1.46875 0.179591
1.48438 0.180144

1.48438 0.180144
1.5 0.180626

-2.15625 -0.156201
-2.1557 -0.15625

-2.125 -0.158912
-2.10938 -0.160166

-2.10938 -0.160166
-2.09375 -0.161352

-2.09375 -0.161352
-2.07812 -0.162472

-2.07812 -0.162471
-2.0625 -0.163524

-2.0625 -0.163524
-2.04688 -0.164511

-2.04688 -0.164511
-2.03125 -0.165434

-2.03125 -0.165434
-2.01562 -0.166293

-2.01562 -0.166293
-2 -0.167088

1.5 0.180626
1.51562 0.181036

1.51562 0.181036
1.53125 0.181372

1.53125 0.181372
1.54688 0.181636

1.54688 0.181636
1.5625 0.181826

-2 -0.167088
-1.98438 -0.16782

1.5625 0.181826
1.57812 0.181942

-1.98438 -0.167819
-1.96875 -0.168488

-1.96875 -0.168488
-1.95312 -0.169095

0.0569571 0
0.0625 0.000797993

1.57812 0.181942
1.59375 0.181986

1.59375 0.181986
1.60938 0.181958

1.60938 0.181958
1.625 0.181858

-1.95312 -0.169094
-1.9375 -0.169639

-1.9375 -0.169639
-1.92188 -0.170124

1.625 0.181857
1.64062 0.181686

1.64062 0.181686
1.65625 0.181445

0.0625 0.00101478
0.078125 0.00327354

1.65625 0.181445
1.67188 0.181135

1.67188 0.181135
1.6875 0.180757

1.6875 0.180757
1.70312 0.180313

1.70312 0.180312
1.71875 0.179803

0.078125 0.00327503
0.09375 0.00554483

-1.92188 -0.170123
-1.90625 -0.170548

-1.90625 -0.170548
-1.89062 -0.170916

-1.89062 -0.170915
-1.875 -0.171227

-1.875 -0.171227
-1.85938 -0.171485

-1.85938 -0.171485
-1.84375 -0.171691

-1.84375 -0.17169
-1.82812 -0.171845

-1.8125 -0.171949
-1.82364 -0.171875

-1.82812 -0.171845
-1.82359 -0.171875

-0.59375 -0.0845374
-0.578125 -0.0827047

1.71875 0.179802
1.73438 0.179229

1.73438 0.179229
1.75 0.178594

0.09375 0.00554494
0.109375 0.00782255

1.75 0.178593
1.76562 0.177898

1.76562 0.177897
1.78125 0.177143

1.78125 0.177142
1.79688 0.176331

1.79688 0.176331
1.8125 0.175464

0.109375 0.00782314
0.125 0.0101072

-1.8125 -0.171949
-1.79688 -0.172001

-1.79688 -0.172001
-1.78125 -0.172003

-1.78125 -0.172003
-1.76562 -0.171955

0.125 0.0101078
0.140625 0.0123959

0.140625 0.0123969
0.15625 0.0146861

0.15625 0.0149349
0.160963 0.015625

1.8125 0.175464
1.82812 0.174544

0.163749 0.015625
0.171875 0.016815

1.82812 0.174544
1.84375 0.173573

1.84375 0.173572
1.85938 0.172552

1.875 0.171482
1.86926 0.171875

-1.76562 -0.171955
-1.75276 -0.171875

-1.75272 -0.171875
-1.75 -0.171858

1.85938 0.172552
1.86927 0.171875

-1.75 -0.171858
-1.73438 -0.171711

-1.73438 -0.17171
-1.71875 -0.171513

-1.71875 -0.171513
-1.70312 -0.171268

1.875 0.171483
1.89062 0.170369

-0.578125 -0.0827045
-0.5625 -0.0808611

-1.70312 -0.171268
-1.6875 -0.170977

-1.6875 -0.170976
-1.67188 -0.170641

-1.67188 -0.17064
-1.65625 -0.170263

0.171875 0.0169724
0.1875 0.0192638

-0.5625 -0.0808609
-0.546875 -0.0790077

0.1875 0.019265
0.203125 0.0215609

0.203125 0.0215611
0.21875 0.023859

0.21875 0.0238593
0.234375 0.0261581

0.234375 0.0261583
0.25 0.0284567

0.25 0.0284572
0.265625 0.0307537

0.265625 0.0308573
0.268298 0.03125

0.269187 0.03125
0.28125 0.0330221

0.28125 0.0330476
0.296875 0.0353445

0.296875 0.0353449
0.3125 0.0376436

0.3125 0.0376438
0.328125 0.0399432

0.328125 0.0399432
0.34375 0.042243

0.34375 0.042243
0.359375 0.044543

0.359375 0.044543
0.375 0.046843

0.375 0.0468515
0.37516 0.046875

0.375217 0.046875
0.390625 0.0491426

0.390625 0.0491425
0.40625 0.0514413

0.40625 0.0514411
0.421875 0.0537399

0.421875 0.0537398
0.4375 0.0560392

0.4375 0.0560394
0.453125 0.0583394

0.453125 0.0583396
0.46875 0.0606394

0.46875 0.0606706
0.481194 0.0625

0.482446 0.0625
0.484375 0.0627836

0.484375 0.0629352
0.5 0.0652317

-0.546875 -0.0788933
-0.540434 -0.078125

-0.538613 -0.078125
-0.53125 -0.0772467

-0.53125 -0.0771452
-0.515625 -0.0752681

-0.515625 -0.0752675
-0.5 -0.0733767

1.89062 0.170368
1.90625 0.169211

1.90625 0.16921
1.92188 0.168011

1.92188 0.16801
1.9375 0.166771

1.9375 0.166771
1.95312 0.165494

1.95312 0.165493
1.96875 0.16418

-0.5 -0.0733766
-0.484375 -0.0714735

-0.484375 -0.0714732
-0.46875 -0.0695585

-0.46875 -0.0695583
-0.453125 -0.0676332

-0.453125 -0.0676329
-0.4375 -0.0656984

-0.4375 -0.0656982
-0.421875 -0.0637555

-1.65625 -0.170262
-1.64062 -0.169845

-1.64062 -0.169845
-1.625 -0.169388

-1.625 -0.169388
-1.60938 -0.168893

-1.60938 -0.168893
-1.59375 -0.16836

1.96875 0.16418
1.98438 0.162832

0.5 0.065233
0.515625 0.067531

-0.421875 -0.0636816
-0.412408 -0.0625

0.515625 0.0675308
0.53125 0.0698281

1.98438 0.162831
2 0.16145

0.53125 0.0698283
0.546875 0.0721251

-0.410657 -0.0625
-0.40625 -0.06195

0.546875 0.0721252
0.5625 0.074421

0.5625 0.0744211
0.578125 0.0767157

0.578125 0.0767375
0.587581 0.078125

0.587965 0.078125
0.59375 0.0789738

2 0.16145
2.01562 0.160036

0.59375 0.0790079
0.609375 0.0812997

2.01562 0.160036
2.03125 0.158592

0.609375 0.0813001
0.625 0.0835916

-0.40625 -0.0618067
-0.390625 -0.059846

-0.390625 -0.0598451
-0.375 -0.0578726

-1.59375 -0.16836
-1.57812 -0.16779

-1.57812 -0.16779
-1.5625 -0.167185

2.0625 0.155634
2.05609 0.15625

-0.375 -0.0578725
-0.359375 -0.0558901

-0.359375 -0.0558898
-0.34375 -0.0538986

-1.5625 -0.167184
-1.54688 -0.166544

-0.34375 -0.0538983
-0.328125 -0.0518995

-1.54688 -0.166543
-1.53125 -0.165868

2.03125 0.158592
2.04688 0.157119

2.04688 0.157107
2.0558 0.15625

2.0625 0.155618
2.07812 0.15409

2.07812 0.15409
2.09375 0.152536

2.09375 0.152536
2.10938 0.150957

2.10938 0.150957
2.125 0.149354

0.625 0.0835915
0.640625 0.0858819

0.640625 0.085882
0.65625 0.0881712

0.65625 0.0881714
0.671875 0.0904587

0.671875 0.0904591
0.6875 0.0927433

2.125 0.149354
2.14062 0.147727

2.14062 0.147727
2.15625 0.146077

2.15625 0.146077
2.17188 0.144404

2.17188 0.144404
2.1875 0.14271

2.1875 0.14271
2.20312 0.140994

2.21875 0.13926
2.20647 0.140625

-0.328125 -0.0518992
-0.3125 -0.0498943

2.20312 0.140983
2.20635 0.140625

2.21875 0.139257
2.23438 0.137499

2.23438 0.137499
2.25 0.135721

0.6875 0.0927601
0.694284 0.09375

0.694487 0.09375
0.703125 0.0950104

0.703125 0.0950231
0.71875 0.0972989

0.71875 0.0972992
0.734375 0.0995711

0.734375 0.0995714
0.75 0.101838

-1.53125 -0.165868
-1.51562 -0.165159

-1.51562 -0.165159
-1.5 -0.164416

2.34375 0.124575
2.34027 0.125

2.34375 0.124599
2.35938 0.12267

2.35938 0.12267
2.375 0.120719

2.25 0.135721
2.26562 0.13392

2.26562 0.13392
2.28125 0.132099

2.28125 0.132099
2.29688 0.130256

-0.3125 -0.049894
-0.296875 -0.047884

2.29688 0.130256
2.3125 0.128391

0.75 0.101839
0.765625 0.104099

2.3125 0.128391
2.32812 0.126506

0.765625 0.104099
0.78125 0.106352

2.32812 0.126512
2.34051 0.125

0.78125 0.106353
0.796875 0.108596

-0.296875 -0.0476669
-0.290733 -0.046875

-0.287356 -0.046875
-0.28125 -0.0460876

-1.5 -0.164416
-1.48438 -0.163642

-0.28125 -0.0458709
-0.265625 -0.043848

-1.48438 -0.163642
-1.46875 -0.162837

2.375 0.120719
2.39062 0.118745

-0.265625 -0.0438471
-0.25 -0.0418149

2.39062 0.118745
2.40625 0.116747

0.796875 0.108621
0.802152 0.109375

-1.46875 -0.162836
-1.45312 -0.162001

-1.45312 -0.162001
-1.4375 -0.161137

-0.25 -0.041815
-0.234375 -0.039775

-1.4375 -0.161137
-1.42188 -0.160246

2.40625 0.116747
2.42188 0.114725

0.802421 0.109375
0.8125 0.110815

2.42188 0.114725
2.4375 0.112678

2.4375 0.112678
2.45312 0.110606

2.46875 0.10847
2.46201 0.109375

2.45312 0.110633
2.4625 0.109375

2.46875 0.108509
2.48438 0.106384

2.48438 0.106385
2.5 0.104233

0.8125 0.110828
0.828125 0.113048

0.828125 0.113049
0.84375 0.115258

0.84375 0.115259
0.859375 0.117456

2.5 0.104233
2.51562 0.102053

0.859375 0.117456
0.875 0.119639

2.51562 0.102054
2.53125 0.0998448

-1.42188 -0.160246
-1.40625 -0.159329

-1.40625 -0.159329
-1.39062 -0.158387

-0.234375 -0.0397749
-0.21875 -0.0377271

-0.21875 -0.0377271
-0.203125 -0.0356717

-0.203125 -0.0356719
-0.1875 -0.0336088

0.875 0.119639
0.890625 0.121807

-1.39062 -0.158387
-1.375 -0.15742

0.890625 0.121808
0.90625 0.123958

0.90625 0.123987
0.913672 0.125

-1.375 -0.15742
-1.35938 -0.15643

-1.35938 -0.156376
-1.35743 -0.15625

0.914083 0.125
0.921875 0.126063

0.921875 0.12609
0.9375 0.128204

0.9375 0.128204
0.953125 0.1303

0.953125 0.1303
0.96875 0.132377

0.96875 0.132377
0.984375 0.134434

-1.35642 -0.15625
-1.34375 -0.155426

0.984375 0.134434
1 0.136469

-1.34375 -0.155415
-1.32812 -0.154372

-1.32812 -0.154371
-1.3125 -0.153302

-0.1875 -0.0336087
-0.171875 -0.0315377

-0.171875 -0.0314661
-0.170252 -0.03125

-0.16963 -0.03125
-0.15625 -0.0294679

-0.15625 -0.0294577
-0.140625 -0.0273639

-0.140625 -0.0273639
-0.125 -0.0252573

-1.3125 -0.153302
-1.29688 -0.152207

-0.125 -0.0252573
-0.109375 -0.0231376

-1.29688 -0.152207
-1.28125 -0.151088

2.53125 0.0998449
2.54688 0.0976068

2.54688 0.0976069
2.5625 0.095339

2.57812 0.0930205
2.57317 0.09375

2.57812 0.0930412
2.59375 0.0907119

2.5625 0.0953484
2.57337 0.09375

2.59375 0.0907122
2.60938 0.0883508

2.60938 0.088351
2.625 0.0859564

-1.28125 -0.151087
-1.26562 -0.149945

2.625 0.0859565
2.64062 0.0835279

-0.109375 -0.0231376
-0.09375 -0.0210048

-0.09375 -0.0210048
-0.078125 -0.018859

-1.26562 -0.149945
-1.25 -0.14878

2.64062 0.0835281
2.65625 0.081065

2.65625 0.0810651
2.67188 0.0785669

2.6875 0.0760244
2.67455 0.078125

2.67188 0.0786072
2.67485 0.078125

2.6875 0.0760335
2.70312 0.0734632

2.70312 0.0734634
2.71875 0.0708558

2.71875 0.070856
2.73438 0.0682105

2.73438 0.0682107
2.75 0.0655269

-1.25 -0.14878
-1.23438 -0.147594

-1.23438 -0.147594
-1.21875 -0.146387

-1.21875 -0.146386
-1.20312 -0.145159

-1.20312 -0.145159
-1.1875 -0.143913

-1.1875 -0.143913
-1.17188 -0.142648

-1.17188 -0.142647
-1.15625 -0.141364

2.78125 0.0600343
2.7673 0.0625

-0.078125 -0.0188589
-0.0625 -0.0167007

2.78125 0.0600423
2.79688 0.05724

-1.15625 -0.141339
-1.14768 -0.140625

-1.14695 -0.140625
-1.14062 -0.140098

2.79688 0.0572401
2.8125 0.0543971

2.75 0.065527
2.76562 0.0628043

2.76562 0.0628625
2.76768 0.0625

2.8125 0.0543971
2.82812 0.0515129

2.82812 0.051513
2.84375 0.0485873

2.85938 0.0455715
2.85251 0.046875

2.84375 0.0486232
2.85296 0.046875

2.85938 0.0456201
2.875 0.0426106

-0.0625 -0.0165959
-0.055509 -0.015625

-0.0540156 -0.015625
-0.046875 -0.0146333

-1.14062 -0.140063
-1.125 -0.138739

-1.125 -0.138739
-1.10938 -0.137394

2.875 0.0426108
2.89062 0.0395587

2.89062 0.0395588
2.90625 0.0364636

2.9375 0.0300803
2.93176 0.03125

2.90625 0.0364636
2.92188 0.0333253

2.92188 0.03336
2.93224 0.03125

2.9375 0.0301441
2.95312 0.0269197

2.95312 0.02692
2.96875 0.0236518

2.96875 0.0236517
2.98438 0.0203392

2.98438 0.0203397
3 0.0169821

-0.046875 -0.0145317
-0.03125 -0.0123477

3.25 -6.79517e-05
3.24687 0

-1.10938 -0.137393
-1.09375 -0.136029

-1.09375 -0.136028
-1.07812 -0.134645

-1.07812 -0.134645
-1.0625 -0.133245

-0.03125 -0.0123469
-0.015625 -0.0101481

-0.015625 -0.010148
0 -0.00793625

3.5 -0.000172802
3.47362 0

3 0.017002
3.03125 0.010115

3.03125 0.00900017
3.0625 0.00410807

3.0625 0.0047812
3.125 0.000753661

3.125 0.00268009
3.24838 0

3.25 0.00139064
3.46224 0

4 -0.000358139
3.825 0

3.5 0.0010809
3.77579 0

-1.0625 -0.133245
-1.04688 -0.131829

-1.04688 -0.131828
-1.03125 -0.130397

-1.03125 -0.130397
-1.01562 -0.128952

-1.01562 -0.128952
-1 -0.127493

