-4 0.00119901
-3.5 0.0021549

-3.5 0.00087736
-3.25 0.00186632

-3.25 0.000654758
-3.125 0.0028603

0.015625 -0.00192604
0.000854875 0

0.015625 -0.00192943
0.03125 -0.00396076

-3.125 0.00126465
-3.0625 0.00465935

-3.0625 0.00321785
-3.03125 0.00768509

-3.03125 0.00916115
-3 0.0163291

0.03125 -0.00396082
0.046875 -0.00598517

0.046875 -0.00598555
0.0625 -0.00800204

0.0625 -0.00800209
0.078125 -0.0100099

0.078125 -0.0100099
0.09375 -0.0120087

0.09375 -0.0120089
0.109375 -0.0139984

0.125 -0.0158874
0.122929 -0.015625

0.109375 -0.0140155
0.122077 -0.015625

-3 0.0163078
-2.98438 0.0197998

-2.98438 0.0197993
-2.96875 0.0232429

-2.96875 0.0232431
-2.95312 0.026639

-2.95312 0.0266387
-2.9375 0.0299871

0.125 -0.0159771
0.140625 -0.0179499

0.140625 -0.0179503
0.15625 -0.0199173

-1.5 0.177601
-1.48438 0.177151

-2.9375 0.0299302
-2.93125 0.03125

-2.93169 0.03125
-2.92188 0.0333245

-2.92188 0.0332887
-2.90625 0.0365435

-1.48438 0.177151
-1.46875 0.176637

-1.46875 0.176637
-1.45312 0.17606

-1.45312 0.176059
-1.4375 0.175419

-1.4375 0.175419
-1.42188 0.174718

-1.42188 0.174717
-1.40625 0.173955

-1.40625 0.173955
-1.39062 0.173133

-1.39062 0.173133
-1.375 0.172253

-1.35938 0.17132
-1.3686 0.171875

-1.375 0.172242
-1.3689 0.171875

-1.35938 0.171313
-1.34375 0.170315

-1.34375 0.170315
-1.32812 0.169261

-1.32812 0.16926
-1.3125 0.168151

-1.3125 0.16815
-1.29688 0.166987

0.15625 -0.0199174
0.171875 -0.0218777

-1.29688 0.166986
-1.28125 0.16577

-1.28125 0.16577
-1.26562 0.164504

-1.26562 0.164503
-1.25 0.163188

-1.25 0.163188
-1.23438 0.161826

-1.23438 0.161825
-1.21875 0.160418

0.171875 -0.021878
0.1875 -0.0238308

0.1875 -0.023831
0.203125 -0.0257754

1.5 -0.15695
1.51562 -0.158093

1.51562 -0.158093
1.53125 -0.159219

1.53125 -0.159219
1.54688 -0.160329

0.203125 -0.0257755
0.21875 -0.027711

0.25 -0.0314447
0.248412 -0.03125

0.21875 -0.0277111
0.234375 -0.029637

0.234375 -0.0296538
0.247392 -0.03125

1.54688 -0.160329
1.5625 -0.161422

0.25 -0.0315517
0.265625 -0.0334602

0.265625 -0.0334607
0.28125 -0.0353637

0.28125 -0.0353638
0.296875 -0.0372604

0.296875 -0.0372606
0.3125 -0.0391501

0.3125 -0.0391502
0.328125 -0.0410317

0.328125 -0.041032
0.34375 -0.0429048

0.34375 -0.0429048
0.359375 -0.0447687

0.359375 -0.0447695
0.375 -0.0466229

-2.90625 0.0365437
-2.89062 0.0397514

0.390625 -0.0484539
0.377253 -0.046875

-2.89062 0.0397513
-2.875 0.0429117

0.375 -0.0467131
0.376371 -0.046875

-2.875 0.0429116
-2.85938 0.0460252

-2.85938 0.0459912
-2.85487 0.046875

-2.85511 0.046875
-2.84375 0.0491053

0.390625 -0.0484664
0.40625 -0.0503059

1.5625 -0.161422
1.57812 -0.162499

-2.84375 0.049092
-2.82812 0.0521129

-2.82812 0.0521129
-2.8125 0.0550877

-2.8125 0.0550876
-2.79688 0.0580165

-2.79688 0.0580163
-2.78125 0.0608997

1.57812 -0.162499
1.59375 -0.163558

0.40625 -0.050306
0.421875 -0.0521392

-2.78125 0.060875
-2.7723 0.0625

-2.77261 0.0625
-2.76562 0.0637694

-2.76562 0.0637378
-2.75 0.0665316

0.421875 -0.0521395
0.4375 -0.0539655

0.4375 -0.0539657
0.453125 -0.0557835

0.453125 -0.0557837
0.46875 -0.0575925

0.46875 -0.0575927
0.484375 -0.0593917

0.484375 -0.059392
0.5 -0.0611805

-1.21875 0.160417
-1.20312 0.158966

-1.20312 0.158965
-1.1875 0.15747

-1.17188 0.155946
-1.17497 0.15625

-1.17188 0.155933
-1.15625 0.154356

-1.1875 0.157467
-1.17513 0.15625

-2.75 0.0665315
-2.73438 0.0692812

-1.15625 0.154355
-1.14062 0.152739

-1.14062 0.152738
-1.125 0.151086

-2.73438 0.0692811
-2.71875 0.0719874

-2.71875 0.0719872
-2.70312 0.0746505

-2.70312 0.0746503
-2.6875 0.0772712

-1.125 0.151086
-1.10938 0.149401

-1.10938 0.1494
-1.09375 0.147684

-1.09375 0.147683
-1.07812 0.145937

0.515625 -0.0627454
0.513467 -0.0625

0.515625 -0.0629565
0.53125 -0.0647252

0.53125 -0.0647255
0.546875 -0.0664873

0.546875 -0.0664874
0.5625 -0.0682412

0.5 -0.0612383
0.511092 -0.0625

0.5625 -0.0682414
0.578125 -0.0699867

0.578125 -0.0699869
0.59375 -0.0717227

-1.07812 0.145937
-1.0625 0.144162

-1.0625 0.144162
-1.04688 0.142361

-1.03125 0.140539
-1.03199 0.140625

-1.04688 0.142361
-1.03204 0.140625

0.59375 -0.0717229
0.609375 -0.0734487

-1.03125 0.140533
-1.01562 0.138678

0.609375 -0.0734488
0.625 -0.0751639

-1.01562 0.138678
-1 0.136798

0.625 -0.0751642
0.640625 -0.0768679

-2.6875 0.0772559
-2.68224 0.078125

1.59375 -0.163558
1.60938 -0.164598

1.60938 -0.164599
1.625 -0.16562

0.65625 -0.0783844
0.653854 -0.078125

1.625 -0.16562
1.64062 -0.166622

0.640625 -0.0769174
0.651779 -0.078125

-2.68237 0.078125
-2.67188 0.0798579

-0.890625 0.123036
-0.905789 0.125

0.65625 -0.0785583
0.671875 -0.0802405

0.671875 -0.0802407
0.6875 -0.0819157

1.64062 -0.166622
1.65625 -0.167601

0.6875 -0.0819157
0.703125 -0.0835827

1.65625 -0.167601
1.67188 -0.168559

-2.67188 0.0798502
-2.65625 0.0823888

1.67188 -0.16856
1.6875 -0.169492

-2.65625 0.0823887
-2.64062 0.084887

1.6875 -0.169493
1.70312 -0.170399

-0.890625 0.123034
-0.875 0.120991

1.70312 -0.170399
1.71875 -0.171273

-1 0.136798
-0.984375 0.134894

-2.64062 0.0848868
-2.625 0.0873453

-0.984375 0.134893
-0.96875 0.132966

0.703125 -0.0835829
0.71875 -0.0852416

1.73438 -0.172075
1.73065 -0.171875

-2.625 0.0873451
-2.60938 0.0897644

1.71875 -0.171289
1.72967 -0.171875

-2.60938 0.0897641
-2.59375 0.092145

0.71875 -0.0852417
0.734375 -0.0868915

-2.59375 0.0921396
-2.58301 0.09375

-0.96875 0.132966
-0.953125 0.131018

0.734375 -0.0868916
0.75 -0.0885321

-0.953125 0.131018
-0.9375 0.12905

1.73438 -0.172111
1.75 -0.172916

-0.9375 0.12905
-0.921875 0.127063

0.75 -0.0885322
0.765625 -0.0901629

0.765625 -0.0901629
0.78125 -0.0917834

-0.921875 0.127062
-0.90625 0.125058

1.75 -0.172917
1.76562 -0.17369

1.76562 -0.17369
1.78125 -0.17443

-0.875 0.12099
-0.859375 0.118929

1.78125 -0.17443
1.79688 -0.175136

0.8125 -0.094979
0.800491 -0.09375

0.78125 -0.0917839
0.796875 -0.093393

0.796875 -0.0934362
0.799941 -0.09375

-0.859375 0.118929
-0.84375 0.116852

0.8125 -0.0949907
0.828125 -0.0965824

0.828125 -0.0965824
0.84375 -0.0981674

-2.58312 0.09375
-2.57812 0.0944992

0.84375 -0.0981675
0.859375 -0.0997456

-2.57812 0.0944881
-2.5625 0.0967958

-0.84375 0.116852
-0.828125 0.114762

1.79688 -0.175136
1.8125 -0.175807

-2.5625 0.0967956
-2.54688 0.099068

-2.54688 0.0990679
-2.53125 0.101306

-2.53125 0.101305
-2.51562 0.103509

-2.51562 0.103509
-2.5 0.105678

-0.828125 0.114761
-0.8125 0.112658

0.859375 -0.0997457
0.875 -0.101316

-2.5 0.105678
-2.48438 0.107814

-2.48438 0.107815
-2.47279 0.109375

0.875 -0.101317
0.890625 -0.10288

0.890625 -0.10288
0.90625 -0.104434

0.90625 -0.104435
0.921875 -0.10598

0.921875 -0.105981
0.9375 -0.107517

0.9375 -0.107518
0.953125 -0.109044

0.96875 -0.110551
0.956639 -0.109375

0.953125 -0.109078
0.956186 -0.109375

-0.8125 0.112657
-0.796875 0.110542

-0.78125 0.108456
-0.787998 0.109375

-0.796875 0.11051
-0.788537 0.109375

0.96875 -0.11056
0.984375 -0.11207

-0.78125 0.108415
-0.765625 0.106275

-2.47278 0.109375
-2.46875 0.109918

-2.46875 0.109919
-2.45312 0.111993

0.984375 -0.11207
1 -0.113575

-0.765625 0.106274
-0.75 0.104122

-2.45312 0.111992
-2.4375 0.114036

-2.4375 0.114036
-2.42188 0.11605

-0.75 0.104122
-0.734375 0.10196

-0.734375 0.10196
-0.71875 0.0997893

-0.71875 0.0997888
-0.703125 0.0976106

-2.42188 0.11605
-2.40625 0.118034

-2.40625 0.118034
-2.39062 0.11999

-2.39062 0.11999
-2.375 0.121917

1.125 -0.12526
1.12219 -0.125

1 -0.113575
1.01562 -0.115074

-2.375 0.121917
-2.35938 0.123818

-2.35938 0.123829
-2.34962 0.125

1.01562 -0.115074
1.03125 -0.116568

-2.34935 0.125
-2.34375 0.125672

-2.34375 0.125692
-2.32812 0.127541

1.03125 -0.116568
1.04688 -0.118055

1.04688 -0.118055
1.0625 -0.119535

-2.32812 0.127541
-2.3125 0.129366

-2.3125 0.129366
-2.29688 0.131165

-2.29688 0.131165
-2.28125 0.132939

1.0625 -0.119536
1.07812 -0.121008

-0.703125 0.0976103
-0.6875 0.0954262

-2.28125 0.132939
-2.26562 0.134688

-2.26562 0.134688
-2.25 0.136412

-0.671875 0.0932727
-0.67528 0.09375

-2.25 0.136412
-2.23438 0.138112

-0.671875 0.0932367
-0.65625 0.0910389

-0.6875 0.0954159
-0.675615 0.09375

-2.23438 0.138112
-2.21875 0.139788

-0.65625 0.0910384
-0.640625 0.0888336

1.07812 -0.121008
1.09375 -0.122472

1.09375 -0.122472
1.10938 -0.123925

1.10938 -0.123958
1.12067 -0.125

1.125 -0.125366
1.14062 -0.126798

1.14062 -0.126799
1.15625 -0.128225

1.15625 -0.128225
1.17188 -0.129645

1.17188 -0.129645
1.1875 -0.131057

1.8125 -0.175807
1.82812 -0.176442

1.82812 -0.176443
1.84375 -0.17704

1.84375 -0.17704
1.85938 -0.177598

1.85938 -0.177599
1.875 -0.178117

1.875 -0.178118
1.89062 -0.178594

1.89062 -0.178595
1.90625 -0.179026

1.90625 -0.179027
1.92188 -0.179405

1.92188 -0.179407
1.9375 -0.179727

1.9375 -0.179727
1.95312 -0.179987

1.95312 -0.179988
1.96875 -0.180185

1.96875 -0.180185
1.98438 -0.180319

1.98438 -0.180319
2 -0.180386

2 -0.180386
2.01562 -0.180385

2.01562 -0.180385
2.03125 -0.180315

2.03125 -0.180315
2.04688 -0.180174

2.04688 -0.180175
2.0625 -0.179963

2.0625 -0.179966
2.07812 -0.179678

2.07812 -0.179681
2.09375 -0.179308

2.09375 -0.17931
2.10938 -0.178842

2.10938 -0.178843
2.125 -0.178276

2.125 -0.178277
2.14062 -0.177608

2.14062 -0.177609
2.15625 -0.176837

2.15625 -0.176837
2.17188 -0.175961

2.17188 -0.175961
2.1875 -0.174981

2.1875 -0.174981
2.20312 -0.173896

2.20312 -0.173896
2.21875 -0.172708

2.21875 -0.172719
2.22894 -0.171875

2.22859 -0.171875
2.23438 -0.171396

2.23438 -0.171414
2.25 -0.170013

2.25 -0.170013
2.26562 -0.168504

2.26562 -0.168504
2.28125 -0.166888

-0.640625 0.088833
-0.625 0.0866233

-2.21875 0.139811
-2.21105 0.140625

-0.625 0.086623
-0.609375 0.08441

-2.2106 0.140625
-2.20312 0.141415

1.1875 -0.131058
1.20312 -0.132462

-0.609375 0.0844099
-0.59375 0.0821943

1.20312 -0.132462
1.21875 -0.133857

-2.20312 0.141439
-2.1875 0.143067

-2.1875 0.143067
-2.17188 0.14467

-2.17188 0.144671
-2.15625 0.14625

1.21875 -0.133857
1.23438 -0.135242

1.23438 -0.135243
1.25 -0.136617

-0.59375 0.0821939
-0.578125 0.0799767

2.28125 -0.166887
2.29688 -0.165166

-2.15625 0.14625
-2.14062 0.147804

-2.14062 0.147804
-2.125 0.149332

-0.5625 0.077793
-0.564838 0.078125

2.29688 -0.165166
2.3125 -0.163341

-0.578125 0.0799704
-0.565128 0.078125

1.25 -0.136617
1.26562 -0.13798

-2.125 0.149332
-2.10938 0.150835

-2.10938 0.150835
-2.09375 0.152311

-2.09375 0.152311
-2.07812 0.15376

-2.07812 0.153761
-2.0625 0.155182

-2.0625 0.155186
-2.05057 0.15625

-2.05037 0.15625
-2.04688 0.156562

-0.5625 0.0777588
-0.546875 0.0755378

-2.04688 0.156576
-2.03125 0.15794

-2.03125 0.15794
-2.01562 0.159274

-0.546875 0.0755371
-0.53125 0.073314

-2.01562 0.159274
-2 0.160577

-0.53125 0.0733133
-0.515625 0.0710908

2.3125 -0.16334
2.32812 -0.161414

1.26562 -0.13798
1.28125 -0.139329

1.28125 -0.139331
1.2964 -0.140625

-0.515625 0.071091
-0.5 0.0688702

2.32812 -0.161414
2.34375 -0.159389

2.34375 -0.159388
2.35938 -0.157266

1.29688 -0.140663
1.3125 -0.141985

-2 0.160577
-1.98438 0.161847

1.3125 -0.141985
1.32812 -0.143298

2.35938 -0.157006
2.36471 -0.15625

1.32812 -0.143298
1.34375 -0.144602

2.36802 -0.15625
2.375 -0.15526

1.34375 -0.144602
1.35938 -0.145896

1.35938 -0.145897
1.375 -0.14718

-1.98438 0.161848
-1.96875 0.163084

-0.453125 0.062251
-0.454882 0.0625

-1.96875 0.163084
-1.95312 0.164286

-1.95312 0.164286
-1.9375 0.165451

-0.453125 0.0622181
-0.4375 0.0600042

1.375 -0.147181
1.39062 -0.148454

-0.5 0.0688704
-0.484375 0.0666508

2.375 -0.15505
2.39062 -0.152745

-0.484375 0.0666502
-0.46875 0.0644324

2.39062 -0.152744
2.40625 -0.150355

-1.9375 0.165451
-1.92188 0.166578

2.40625 -0.150354
2.42188 -0.147882

2.42188 -0.147882
2.4375 -0.145331

-0.46875 0.0644278
-0.455152 0.0625

2.4375 -0.145331
2.45312 -0.142703

-0.4375 0.0600035
-0.421875 0.0577904

1.39062 -0.148454
1.40625 -0.149715

-0.421875 0.0577895
-0.40625 0.0555805

1.40625 -0.149715
1.42188 -0.150963

-0.40625 0.0555805
-0.390625 0.0533772

1.42188 -0.150963
1.4375 -0.152195

2.45312 -0.142637
2.46476 -0.140625

-1.92188 0.166579
-1.90625 0.167667

-0.390625 0.0533776
-0.375 0.0511792

-1.90625 0.167667
-1.89062 0.168714

1.4375 -0.152195
1.45312 -0.153412

2.46673 -0.140625
2.46875 -0.140276

-1.89062 0.168714
-1.875 0.169719

2.46875 -0.14
2.48438 -0.137228

2.48438 -0.137227
2.5 -0.134386

1.45312 -0.153412
1.46875 -0.154611

1.5 -0.156934
1.49079 -0.15625

-0.375 0.0511793
-0.359375 0.0489848

1.46875 -0.154611
1.48438 -0.155791

1.48438 -0.155819
1.49018 -0.15625

2.5 -0.134385
2.51562 -0.13148

2.51562 -0.131479
2.53125 -0.128512

2.53125 -0.128512
2.54688 -0.125485

-0.34375 0.0468071
-0.344234 0.046875

2.54688 -0.125414
2.54897 -0.125

-1.875 0.16972
-1.85938 0.170681

-1.85938 0.170681
-1.84375 0.171597

-0.359375 0.0489842
-0.344328 0.046875

2.5494 -0.125
2.5625 -0.122413

-0.34375 0.0467948
-0.328125 0.0446083

-0.328125 0.0446077
-0.3125 0.0424252

2.5625 -0.1224
2.57812 -0.119258

-0.3125 0.0424252
-0.296875 0.0402478

2.57812 -0.119257
2.59375 -0.11606

-1.84375 0.171586
-1.83855 0.171875

2.59375 -0.11606
2.60938 -0.112812

2.60938 -0.112847
2.625 -0.10955

-1.83885 0.171875
-1.82812 0.172471

2.6227 -0.109375
2.625 -0.108891

-0.296875 0.0402477
-0.28125 0.0380756

2.625 -0.109497
2.62557 -0.109375

-0.28125 0.0380753
-0.265625 0.0359091

2.62565 -0.109375
2.64062 -0.106169

-1.82812 0.172466
-1.8125 0.173287

2.64062 -0.106168
2.65625 -0.102774

-1.8125 0.173287
-1.79688 0.174058

-0.265625 0.0359095
-0.25 0.033749

2.65625 -0.102774
2.67188 -0.0993349

2.67188 -0.0993345
2.6875 -0.0958514

-1.79688 0.174058
-1.78125 0.174777

-0.21875 0.0294899
-0.231574 0.03125

2.6875 -0.0962034
2.69837 -0.09375

-0.25 0.0337467
-0.234375 0.0315961

-0.234375 0.031286
-0.234113 0.03125

2.69468 -0.09375
2.70312 -0.0918435

2.70312 -0.0923247
2.71875 -0.0887569

-1.78125 0.174777
-1.76562 0.175443

2.71875 -0.0887567
2.73438 -0.0851483

-0.21875 0.0294538
-0.203125 0.0273109

-1.76562 0.175443
-1.75 0.176055

-0.203125 0.0273108
-0.1875 0.0251735

-1.75 0.176055
-1.73438 0.176611

-1.73438 0.176611
-1.71875 0.17711

2.73438 -0.0851481
2.75 -0.0815

-0.1875 0.0251731
-0.171875 0.0230423

-1.71875 0.177111
-1.70312 0.177551

-1.70312 0.177552
-1.6875 0.177933

2.75 -0.081534
2.76445 -0.078125

2.76319 -0.078125
2.76562 -0.0775513

-1.6875 0.177933
-1.67188 0.178255

-1.67188 0.178255
-1.65625 0.178515

-1.65625 0.178516
-1.64062 0.178714

-0.171875 0.0230421
-0.15625 0.020919

-0.15625 0.0209191
-0.140625 0.0188038

-0.140625 0.0188029
-0.125 0.0166974

-1.64062 0.178714
-1.625 0.178849

2.76562 -0.0778124
2.78125 -0.0740876

2.78125 -0.0740875
2.79688 -0.070326

-1.625 0.178849
-1.60938 0.178921

-1.60938 0.178921
-1.59375 0.178928

-0.109375 0.0147171
-0.116138 0.015625

-0.125 0.0165899
-0.117812 0.015625

-0.109375 0.0146015
-0.09375 0.0125091

-0.09375 0.0125088
-0.078125 0.0104225

-0.078125 0.0104223
-0.0625 0.00834291

-0.0625 0.00834281
-0.046875 0.00627109

-0.046875 0.00627079
-0.03125 0.00420752

2.79688 -0.0703259
2.8125 -0.0665282

-0.03125 0.00420771
-0.015625 0.0021531

-0.015625 0.00215262
0 0.000107252

-1.59375 0.178929
-1.57812 0.178871

-1.57812 0.178871
-1.5625 0.178748

2.8125 -0.0665281
2.82812 -0.0626945

2.82812 -0.0630972
2.83054 -0.0625

-1.5625 0.178748
-1.54688 0.17856

-1.54688 0.17856
-1.53125 0.178306

-1.53125 0.178306
-1.51562 0.177986

-1.51562 0.177986
-1.5 0.177601

2.82873 -0.0625
2.84375 -0.0587824

2.84375 -0.0588255
2.85938 -0.0549231

2.85938 -0.0549232
2.875 -0.0509869

2.875 -0.0509867
2.89062 -0.0470169

2.89062 -0.0474624
2.89292 -0.046875

2.89101 -0.046875
2.90625 -0.0429721

2.90625 -0.0430141
2.92188 -0.038979

2.92188 -0.038979
2.9375 -0.0349114

2.9375 -0.0349253
2.95151 -0.03125

2.95312 -0.0313911
2.95366 -0.03125

2.95106 -0.03125
2.95312 -0.030707

2.95312 -0.0308092
2.96875 -0.0266767

2.96875 -0.0266795
2.98438 -0.0225132

2.98438 -0.0225136
3 -0.018312

3 -0.0183257
3.03125 -0.00979543

3.03125 -0.00792404
3.0625 -0.00296382

3.0625 -0.00504804
3.125 -0.00141648

3.125 -0.00309095
3.25 -0.000683706

3.25 -0.00196588
3.5 -0.000813445

3.5 -0.00218653
4 -0.000980122

