-4 0.00115652
-3.5 0.00230281

-3.5 0.00088342
-3.25 0.00202432

-3.25 0.000659057
-3.125 0.00313822

-3.125 0.00128841
-3.0625 0.00512361

-3.0625 0.00334182
-3.03125 0.00849023

-3.03125 0.0102949
-3 0.0186283

0.171875 -0.00177769
0.164752 0

0.171875 -0.00215086
0.1875 -0.00605256

0.1875 -0.00605323
0.203125 -0.00995478

0.203125 -0.00995547
0.21875 -0.0138542

-3 0.0185955
-2.98438 0.0226056

0.234375 -0.0173366
0.22751 -0.015625

0.21875 -0.0143782
0.223751 -0.015625

0.234375 -0.0177498
0.25 -0.0216431

-2.98438 0.0226086
-2.96875 0.0265218

-2.96875 0.026521
-2.95312 0.0303328

-2.95312 0.0300012
-2.94787 0.03125

-2.94979 0.03125
-2.9375 0.0341707

0.25 -0.0216435
0.265625 -0.0255326

-2.9375 0.0340446
-2.92188 0.0376604

-2.92188 0.0376598
-2.90625 0.0411808

-2.90625 0.0411802
-2.89062 0.0446091

-2.89062 0.0444157
-2.87912 0.046875

-2.88172 0.046875
-2.875 0.0483111

-2.875 0.0479474
-2.85938 0.0511988

-2.85938 0.0511982
-2.84375 0.0543638

0.265625 -0.0255332
0.28125 -0.029416

0.296875 -0.032905
0.290204 -0.03125

-2.84375 0.0543632
-2.82812 0.0574453

-2.82812 0.0574447
-2.8125 0.0604456

-2.8125 0.06029
-2.80068 0.0625

0.296875 -0.0332921
0.3125 -0.0371618

0.28125 -0.0298589
0.286858 -0.03125

-1.5 0.181289
-1.48438 0.182214

-1.48438 0.182214
-1.46875 0.183126

-1.46875 0.183127
-1.45312 0.184025

-1.45312 0.184025
-1.4375 0.184907

-1.4375 0.184908
-1.42188 0.185772

-1.42188 0.185773
-1.40625 0.186617

-1.40625 0.186617
-1.39062 0.18744

-1.39062 0.187429
-1.38924 0.1875

0.3125 -0.0371621
0.328125 -0.0410238

0.328125 -0.0410244
0.34375 -0.0448762

0.359375 -0.0483291
0.35346 -0.046875

0.34375 -0.0452269
0.350454 -0.046875

0.359375 -0.0487176
0.375 -0.0525484

0.421875 -0.0633695
0.418291 -0.0625

0.421875 -0.0639647
0.4375 -0.067741

0.375 -0.0525488
0.390625 -0.0563678

0.390625 -0.0563684
0.40625 -0.0601738

0.40625 -0.0604944
0.414516 -0.0625

0.4375 -0.0677415
0.453125 -0.071502

0.453125 -0.0715025
0.46875 -0.0752454

0.484375 -0.0781389
0.484317 -0.078125

0.46875 -0.0753723
0.4803 -0.078125

0.484375 -0.0789693
0.5 -0.0826742

0 0.040424
0.015625 0.0366065

0.015625 0.0366056
0.03125 0.0327743

0.046875 0.0292266
0.0386519 0.03125

0.046875 0.0289299
0.0625 0.0250709

0.03125 0.0322696
0.0353936 0.03125

0.0625 0.0250698
0.078125 0.0211997

0.078125 0.0211988
0.09375 0.0173215

0.109375 0.0137919
0.102001 0.015625

0.09375 0.0168323
0.0986066 0.015625

0.109375 0.0134376
0.125 0.00954563

0.125 0.00954461
0.140625 0.00564766

0.140625 0.0056469
0.15625 0.00174853

0.15625 0.00126314
0.161311 0

-2.80323 0.0625
-2.79688 0.063689

-2.79688 0.0633669
-2.78125 0.0662121

-2.78125 0.0662116
-2.76562 0.0689815

0.5 -0.0826748
0.515625 -0.0863597

0.515625 -0.0863601
0.53125 -0.0900232

1.5 -0.226789
1.51562 -0.226746

1.51562 -0.226745
1.53125 -0.226615

1.53125 -0.226615
1.54688 -0.226397

1.54688 -0.226397
1.5625 -0.226093

1.5625 -0.226093
1.57812 -0.225704

1.57812 -0.225704
1.59375 -0.225232

1.59375 -0.225231
1.60938 -0.224676

1.60938 -0.224676
1.625 -0.224039

1.625 -0.224039
1.64062 -0.223321

1.64062 -0.223321
1.65625 -0.222522

1.65625 -0.222521
1.67188 -0.221642

1.67188 -0.22164
1.6875 -0.220686

0.5625 -0.0972775
0.547255 -0.09375

1.6875 -0.220683
1.70312 -0.219664

1.70312 -0.219651
1.7162 -0.21875

1.71756 -0.21875
1.71875 -0.218668

-2.76562 0.068981
-2.75 0.0716779

1.71875 -0.218585
1.73438 -0.217455

0.53125 -0.0900238
0.546875 -0.0936631

1.73438 -0.217454
1.75 -0.216273

-2.75 0.0716773
-2.73438 0.0743033

1.75 -0.216272
1.76562 -0.215045

0.546875 -0.0936833
0.547163 -0.09375

1.76562 -0.215044
1.78125 -0.213774

-2.73438 0.0743028
-2.71875 0.0768602

1.78125 -0.213773
1.79688 -0.212462

0.5625 -0.0972786
0.578125 -0.10087

1.79688 -0.212461
1.8125 -0.211112

-2.71875 0.0766293
-2.70937 0.078125

0.578125 -0.10087
0.59375 -0.104435

0.59375 -0.104436
0.609375 -0.107972

0.625 -0.111362
0.616149 -0.109375

1.8125 -0.211112
1.82812 -0.209727

0.609375 -0.108157
0.614802 -0.109375

-2.7123 0.078125
-2.70312 0.0795873

1.82812 -0.209727
1.84375 -0.208307

0.6875 -0.125208
0.703125 -0.128557

0.703125 -0.128558
0.71875 -0.131872

0.71875 -0.131872
0.734375 -0.13515

0.734375 -0.135151
0.75 -0.138391

0.625 -0.11148
0.640625 -0.114959

0.640625 -0.11496
0.65625 -0.118409

0.65625 -0.118409
0.671875 -0.121826

0.671875 -0.121833
0.686504 -0.125

0.765625 -0.141347
0.762102 -0.140625

0.75 -0.138486
0.760443 -0.140625

0.765625 -0.141592
0.78125 -0.144753

0.78125 -0.144753
0.796875 -0.147875

0.796875 -0.147875
0.8125 -0.150955

0.84375 -0.156753
0.841123 -0.15625

0.8125 -0.150955
0.828125 -0.153991

0.828125 -0.154055
0.839592 -0.15625

0.84375 -0.156982
0.859375 -0.159928

0.859375 -0.159928
0.875 -0.162829

0.875 -0.162829
0.890625 -0.165682

0.890625 -0.165683
0.90625 -0.168487

0.90625 -0.168487
0.921875 -0.171241

0.9375 -0.173928
0.92563 -0.171875

0.921875 -0.171291
0.92525 -0.171875

0.9375 -0.173943
0.953125 -0.176594

0.953125 -0.176594
0.96875 -0.179192

0.96875 -0.179193
0.984375 -0.181737

0.984375 -0.181737
1 -0.184225

1.03125 -0.189001
1.02137 -0.1875

1.03125 -0.189029
1.04688 -0.191343

1.04688 -0.191343
1.0625 -0.193597

1 -0.184225
1.01562 -0.186656

1.01562 -0.186707
1.02084 -0.1875

1.0625 -0.193598
1.07812 -0.195791

1.07812 -0.195791
1.09375 -0.197921

1.09375 -0.197922
1.10938 -0.199987

1.10938 -0.199987
1.125 -0.201986

1.14062 -0.203862
1.13466 -0.203125

1.125 -0.202024
1.13391 -0.203125

1.14062 -0.203917
1.15625 -0.20578

1.15625 -0.20578
1.17188 -0.207573

1.17188 -0.207574
1.1875 -0.209296

1.1875 -0.209296
1.20312 -0.210945

1.20312 -0.210946
1.21875 -0.212521

1.21875 -0.212521
1.23438 -0.214021

1.23438 -0.214021
1.25 -0.215443

1.25 -0.215444
1.26562 -0.216787

1.26562 -0.216788
1.28125 -0.218052

1.29688 -0.219225
1.2906 -0.21875

1.29688 -0.219235
1.3125 -0.220337

1.28125 -0.218059
1.29038 -0.21875

1.84375 -0.208307
1.85938 -0.206853

-1.38947 0.1875
-1.375 0.188239

-2.70312 0.0793502
-2.6875 0.0817759

-2.6875 0.0817754
-2.67188 0.0841378

-2.67188 0.0841373
-2.65625 0.0864382

-2.65625 0.0864377
-2.64062 0.0886793

1.85938 -0.206853
1.875 -0.205365

-1.375 0.188238
-1.35938 0.189011

-1.35938 0.189011
-1.34375 0.189756

1.875 -0.205364
1.89062 -0.203845

1.3125 -0.220337
1.32812 -0.221356

1.89062 -0.203753
1.89697 -0.203125

-1.34375 0.189756
-1.32812 0.190472

1.32812 -0.221356
1.34375 -0.222291

-1.32812 0.190472
-1.3125 0.191158

1.34375 -0.222291
1.35938 -0.22314

1.89868 -0.203125
1.90625 -0.202376

1.35938 -0.223141
1.375 -0.223903

-1.3125 0.191159
-1.29688 0.191813

1.90625 -0.202296
1.92188 -0.200726

1.92188 -0.200725
1.9375 -0.199134

1.9375 -0.199134
1.95312 -0.197526

1.95312 -0.197526
1.96875 -0.195901

1.96875 -0.195901
1.98438 -0.194261

1.98438 -0.194261
2 -0.192605

2 -0.192605
2.01562 -0.190934

2.01562 -0.190934
2.03125 -0.189247

2.03125 -0.189247
2.04688 -0.187543

2.04688 -0.187537
2.04721 -0.1875

2.04727 -0.1875
2.0625 -0.185821

2.0625 -0.185821
2.07812 -0.18408

2.07812 -0.18408
2.09375 -0.182324

2.09375 -0.182323
2.10938 -0.180554

2.10938 -0.180553
2.125 -0.17877

2.125 -0.17877
2.14062 -0.176973

2.14062 -0.176974
2.15625 -0.175162

2.15625 -0.175163
2.17188 -0.173336

2.17188 -0.173313
2.18407 -0.171875

2.18513 -0.171875
2.1875 -0.171595

2.1875 -0.171494
2.20312 -0.169634

2.20312 -0.169634
2.21875 -0.167754

2.21875 -0.167754
2.23438 -0.165856

2.23438 -0.165856
2.25 -0.163939

2.25 -0.163939
2.26562 -0.162002

2.26562 -0.162002
2.28125 -0.160045

2.28125 -0.160045
2.29688 -0.158066

2.29688 -0.158061
2.31101 -0.15625

2.31154 -0.15625
2.3125 -0.156127

2.3125 -0.156064
2.32812 -0.154037

2.32812 -0.154037
2.34375 -0.151984

2.34375 -0.151984
2.35938 -0.149904

2.35938 -0.149904
2.375 -0.147795

2.375 -0.147796
2.39062 -0.145658

2.39062 -0.145658
2.40625 -0.143489

2.40625 -0.143489
2.42188 -0.141287

2.42188 -0.141326
2.42677 -0.140625

2.42638 -0.140625
2.4375 -0.139034

2.4375 -0.139051
2.45312 -0.136779

2.45312 -0.13678
2.46875 -0.134471

-1.29688 0.191813
-1.28125 0.192433

-1.28125 0.192434
-1.26562 0.193019

-1.26562 0.193019
-1.25 0.193567

-1.25 0.193568
-1.23438 0.194076

-1.23438 0.194076
-1.21875 0.194543

-1.21875 0.194543
-1.20312 0.194966

-1.20312 0.194967
-1.1875 0.195343

-1.1875 0.195344
-1.17188 0.195672

-1.17188 0.195672
-1.15625 0.195949

-1.15625 0.19595
-1.14062 0.196173

-1.14062 0.196174
-1.125 0.196342

-1.125 0.196343
-1.10938 0.196453

-1.10938 0.196453
-1.09375 0.196503

-1.09375 0.196503
-1.07812 0.196491

-1.07812 0.196491
-1.0625 0.196414

-1.0625 0.196414
-1.04688 0.196272

-1.04688 0.196272
-1.03125 0.196063

-1.03125 0.196063
-1.01562 0.195785

-1.01562 0.195786
-1 0.195439

2.46875 -0.134471
2.48438 -0.132124

-1 0.195439
-0.984375 0.195024

-0.984375 0.195024
-0.96875 0.194538

-0.96875 0.194538
-0.953125 0.193981

-0.953125 0.193981
-0.9375 0.193353

-0.9375 0.193353
-0.921875 0.192653

-0.921875 0.192653
-0.90625 0.191881

2.48438 -0.132124
2.5 -0.129736

-2.64062 0.0886788
-2.625 0.090863

-2.625 0.0908624
-2.60938 0.0929912

-2.60938 0.0927755
-2.60204 0.09375

-2.60468 0.09375
-2.59375 0.095201

-2.59375 0.0950657
-2.57812 0.0970884

-2.57812 0.097088
-2.5625 0.09906

1.375 -0.223904
1.39062 -0.224579

-0.90625 0.191881
-0.890625 0.191036

1.39062 -0.224579
1.40625 -0.225165

1.40625 -0.225166
1.42188 -0.225662

1.42188 -0.225663
1.4375 -0.226069

2.5 -0.129737
2.51562 -0.127306

2.51562 -0.127325
2.5303 -0.125

2.52913 -0.125
2.53125 -0.124664

2.53125 -0.124832
2.54688 -0.122312

2.54688 -0.122312
2.5625 -0.119745

1.4375 -0.226068
1.45312 -0.226383

2.5625 -0.119746
2.57812 -0.11713

-0.890625 0.191036
-0.875 0.190118

1.45312 -0.226383
1.46875 -0.226608

-2.5625 0.0990596
-2.54688 0.100983

1.46875 -0.226608
1.48438 -0.226743

-2.54688 0.100982
-2.53125 0.102858

2.57812 -0.11713
2.59375 -0.114463

-2.53125 0.102858
-2.51562 0.104688

1.48438 -0.226743
1.5 -0.226789

-0.828125 0.186948
-0.835712 0.1875

2.59375 -0.114464
2.60938 -0.111743

-2.51562 0.104687
-2.5 0.106474

2.60938 -0.111796
2.623 -0.109375

2.62137 -0.109375
2.625 -0.108731

-0.828125 0.186928
-0.8125 0.185716

2.625 -0.108968
2.64062 -0.106136

2.64062 -0.106136
2.65625 -0.103246

-0.875 0.190118
-0.859375 0.189128

-2.5 0.106474
-2.48438 0.108219

-0.859375 0.189128
-0.84375 0.188065

2.65625 -0.103246
2.67188 -0.100295

2.67188 -0.100296
2.6875 -0.0972817

2.6875 -0.0972822
2.70312 -0.094203

-2.48438 0.108171
-2.47333 0.109375

-2.47463 0.109375
-2.46875 0.110017

-0.84375 0.188045
-0.836266 0.1875

2.70312 -0.0945685
2.70719 -0.09375

-2.46875 0.109922
-2.45312 0.111588

2.70495 -0.09375
2.71875 -0.0909723

2.71875 -0.0910577
2.73438 -0.0878433

-2.45312 0.111587
-2.4375 0.113215

2.73438 -0.0878439
2.75 -0.0845589

-0.8125 0.185716
-0.796875 0.18443

-0.796875 0.18443
-0.78125 0.183068

2.75 -0.0845596
2.76562 -0.0812011

-0.78125 0.183068
-0.765625 0.181632

-2.4375 0.113214
-2.42188 0.114805

-0.765625 0.181632
-0.75 0.180123

2.76562 -0.0812312
2.77976 -0.078125

2.77871 -0.078125
2.78125 -0.0775675

-2.42188 0.114805
-2.40625 0.116361

-0.75 0.180123
-0.734375 0.17854

-2.40625 0.116361
-2.39062 0.117884

2.78125 -0.0777677
2.79688 -0.0742561

-2.39062 0.117883
-2.375 0.119374

-0.734375 0.17854
-0.71875 0.176885

-2.375 0.119374
-2.35938 0.120834

-2.35938 0.120834
-2.34375 0.122266

-2.34375 0.122265
-2.32812 0.12367

-2.32812 0.123669
-2.31303 0.125

-0.71875 0.176884
-0.703125 0.175158

-0.703125 0.175158
-0.6875 0.173361

-0.671875 0.171523
-0.674823 0.171875

-0.6875 0.173354
-0.675126 0.171875

-0.671875 0.171494
-0.65625 0.169556

-0.65625 0.169555
-0.640625 0.167547

2.79688 -0.0742568
2.8125 -0.0706659

-2.31312 0.125
-2.3125 0.125055

-2.3125 0.125047
-2.29688 0.1264

-0.640625 0.167547
-0.625 0.165469

-0.625 0.165469
-0.609375 0.163325

-0.609375 0.163324
-0.59375 0.161114

-0.59375 0.161114
-0.578125 0.158839

-0.578125 0.158839
-0.5625 0.156502

-0.546875 0.154115
-0.560775 0.15625

-0.546875 0.154101
-0.53125 0.151638

-0.5625 0.156347
-0.561868 0.15625

-0.53125 0.151637
-0.515625 0.149113

-0.515625 0.149112
-0.5 0.146529

2.8125 -0.0706666
2.82812 -0.0669936

2.82812 -0.0669943
2.84375 -0.0632367

-2.29688 0.1264
-2.28125 0.127729

-0.375 0.123992
-0.380241 0.125

2.84375 -0.0636385
2.84838 -0.0625

2.84626 -0.0625
2.85938 -0.0592741

2.85938 -0.0593937
2.875 -0.0554609

2.875 -0.0554615
2.89062 -0.0514373

-2.28125 0.127728
-2.26562 0.129034

-2.26562 0.129034
-2.25 0.130318

-0.5 0.146529
-0.484375 0.143889

-0.484375 0.143889
-0.46875 0.141194

-0.453125 0.138487
-0.465273 0.140625

-2.25 0.130318
-2.23438 0.131581

-2.23438 0.131581
-2.21875 0.132825

-2.21875 0.132825
-2.20312 0.134051

-2.20312 0.134051
-2.1875 0.13526

-0.46875 0.141001
-0.466615 0.140625

-0.453125 0.138444
-0.4375 0.135639

-0.4375 0.135638
-0.421875 0.13278

-0.421875 0.13278
-0.40625 0.129872

-0.40625 0.129871
-0.390625 0.126914

-0.390625 0.126868
-0.380911 0.125

2.89062 -0.051438
2.90625 -0.0473197

2.90625 -0.0476342
2.90906 -0.046875

2.90772 -0.046875
2.92188 -0.0430555

-0.375 0.123909
-0.359375 0.120856

-0.359375 0.120855
-0.34375 0.117756

-2.1875 0.135259
-2.17188 0.136452

-2.17188 0.136452
-2.15625 0.137631

-2.15625 0.13763
-2.14062 0.138795

-2.14062 0.138795
-2.125 0.139947

-0.34375 0.117755
-0.328125 0.114611

-2.125 0.139932
-2.1155 0.140625

-2.11599 0.140625
-2.10938 0.141108

2.92188 -0.0431061
2.9375 -0.0387926

-0.328125 0.114611
-0.3125 0.111424

-0.296875 0.108283
-0.30216 0.109375

-2.10938 0.141086
-2.09375 0.142215

-2.09375 0.142215
-2.07812 0.143332

-2.07812 0.143332
-2.0625 0.144439

-2.0625 0.144439
-2.04688 0.145536

-0.3125 0.111375
-0.302822 0.109375

-0.296875 0.108195
-0.28125 0.104925

2.9375 -0.0387934
2.95312 -0.0343783

2.95312 -0.0343616
2.96388 -0.03125

-2.04688 0.145536
-2.03125 0.146625

2.96408 -0.03125
2.96875 -0.0298987

-0.28125 0.104924
-0.265625 0.101613

-0.265625 0.101613
-0.25 0.0982639

-2.03125 0.146625
-2.01562 0.147707

-2.01562 0.147706
-2 0.148781

2.96875 -0.0298595
2.98438 -0.0252319

-0.21875 0.0915417
-0.228834 0.09375

-0.25 0.0982633
-0.234375 0.0948779

-0.234375 0.0946937
-0.230066 0.09375

2.98438 -0.0252296
3 -0.0204984

-0.21875 0.0914562
-0.203125 0.0879985

-0.203125 0.087998
-0.1875 0.0845064

-0.1875 0.084506
-0.171875 0.0809824

3 -0.0205359
3.03125 -0.0107256

-2 0.148781
-1.98438 0.149849

3.03125 -0.00838417
3.0625 -0.00278442

3.0625 -0.00542463
3.125 -0.00145095

-1.98438 0.149849
-1.96875 0.150913

-1.96875 0.150913
-1.95312 0.151972

-1.95312 0.151971
-1.9375 0.153027

-1.9375 0.153027
-1.92188 0.154078

-1.92188 0.154078
-1.90625 0.155127

-1.90625 0.155127
-1.89062 0.156173

-1.89062 0.156152
-1.88915 0.15625

-1.88951 0.15625
-1.875 0.157218

3.125 -0.00331443
3.25 -0.000697324

-1.875 0.157216
-1.85938 0.158256

-1.85938 0.158256
-1.84375 0.159294

-1.84375 0.159293
-1.82812 0.160328

-0.15625 0.0775145
-0.158934 0.078125

-1.82812 0.160328
-1.8125 0.161361

3.25 -0.00210216
3.5 -0.000847286

-1.8125 0.16136
-1.79688 0.162391

3.5 -0.00233451
4 -0.00101453

-0.171875 0.0809623
-0.159402 0.078125

-0.15625 0.0774281
-0.140625 0.0738431

-0.140625 0.0738424
-0.125 0.0702278

-1.79688 0.162391
-1.78125 0.16342

-0.078125 0.0592523
-0.0918669 0.0625

-0.078125 0.0592245
-0.0625 0.0555066

-1.78125 0.16342
-1.76562 0.164447

-1.76562 0.164447
-1.75 0.165472

-0.125 0.0702276
-0.109375 0.0665856

-0.109375 0.0665848
-0.09375 0.0629174

-0.0625 0.0555062
-0.046875 0.0517659

-1.75 0.165472
-1.73438 0.166496

-1.73438 0.166496
-1.71875 0.167517

-1.71875 0.167517
-1.70312 0.168535

-1.70312 0.168535
-1.6875 0.169551

-0.046875 0.0517649
-0.03125 0.0480048

-0.015625 0.0444064
-0.0258292 0.046875

-1.6875 0.169551
-1.67188 0.170562

-1.67188 0.170562
-1.65625 0.171569

-1.65625 0.171555
-1.65126 0.171875

-1.65158 0.171875
-1.64062 0.172578

-1.64062 0.172571
-1.625 0.173567

-0.03125 0.0474701
-0.02879 0.046875

-1.625 0.173567
-1.60938 0.174557

-1.60938 0.174557
-1.59375 0.175541

-0.015625 0.0442249
0 0.0404247

-1.59375 0.175541
-1.57812 0.176519

-1.57812 0.176519
-1.5625 0.177489

-1.5625 0.177489
-1.54688 0.178452

-1.54688 0.178452
-1.53125 0.179407

-1.53125 0.179407
-1.51562 0.180353

-1.51562 0.180353
-1.5 0.181289

