-3.96806 0
-3.5 0.000674555

-1.5 0.0483102
-1.48438 0.0481252

-1.48438 0.0481252
-1.46875 0.0479321

-1.46875 0.0479321
-1.45312 0.0477311

-1.45312 0.0477311
-1.4375 0.0475222

-3.5 8.62449e-05
-3.25 0.000683039

-3.25 0.00013876
-3.125 0.00122012

-3.125 0.000539684
-3.0625 0.00210114

-1.4375 0.0475222
-1.42188 0.0473055

-1.42188 0.0473055
-1.40625 0.0470811

0.109375 -0.000165365
0.105329 0

-3.0625 0.00171905
-3.03125 0.00360527

1.5 -0.049753
1.51562 -0.0500816

-3.03125 0.00409288
-3 0.00687359

1.51562 -0.0500816
1.53125 -0.0504011

1.53125 -0.0504011
1.54688 -0.0507113

1.54688 -0.0507113
1.5625 -0.0510121

1.5625 -0.0510121
1.57812 -0.0513032

0.109375 -0.000148348
0.125 -0.000787849

-1.39062 0.0468481
-1.39243 0.046875

-1.40625 0.0470812
-1.39237 0.046875

-1.39062 0.046849
-1.375 0.0466094

0.125 -0.000787849
0.140625 -0.00142805

-1.375 0.0466094
-1.35938 0.0463624

0.140625 -0.00142807
0.15625 -0.00206893

-3 0.00686979
-2.98438 0.00822936

0.15625 -0.00206895
0.171875 -0.00271039

-1.35938 0.0463624
-1.34375 0.046108

-2.98438 0.00823076
-2.96875 0.00956435

1.57812 -0.0513033
1.59375 -0.0515846

1.59375 -0.0515847
1.60938 -0.0518561

-1.34375 0.0461079
-1.32812 0.0458462

-1.32812 0.0458462
-1.3125 0.0455773

-2.96875 0.0095642
-2.95312 0.0108693

-2.95312 0.0108693
-2.9375 0.0121462

-2.9375 0.0121461
-2.92188 0.0133951

-2.92188 0.0133951
-2.90625 0.0146165

-2.90625 0.0146167
-2.89306 0.015625

-2.89304 0.015625
-2.89062 0.0158092

-2.89062 0.0158106
-2.875 0.0169779

-2.875 0.0169778
-2.85938 0.0181186

-2.85938 0.0181185
-2.84375 0.019233

-2.84375 0.0192329
-2.82812 0.0203215

-2.82812 0.0203214
-2.8125 0.0213845

-2.8125 0.0213844
-2.79688 0.0224224

-2.79688 0.0224223
-2.78125 0.0234354

-2.78125 0.0234353
-2.76562 0.0244241

-2.76562 0.024424
-2.75 0.0253887

0.171875 -0.00271041
0.1875 -0.00335236

0.1875 -0.00335237
0.203125 -0.00399476

0.203125 -0.00399477
0.21875 -0.00463751

0.21875 -0.00463753
0.234375 -0.00528055

0.234375 -0.00528057
0.25 -0.00592379

0.25 -0.00592381
0.265625 -0.00656714

0.265625 -0.00656717
0.28125 -0.00721053

0.28125 -0.00721056
0.296875 -0.00785388

0.296875 -0.0078539
0.3125 -0.00849709

0.3125 -0.00849711
0.328125 -0.00914008

0.328125 -0.0091401
0.34375 -0.00978277

0.34375 -0.00978279
0.359375 -0.0104251

0.359375 -0.0104251
0.375 -0.0110669

0.375 -0.0110669
0.390625 -0.0117082

0.390625 -0.0117082
0.40625 -0.0123489

1.60938 -0.0518561
1.625 -0.0521173

1.625 -0.0521174
1.64062 -0.0523683

1.64062 -0.0523684
1.65625 -0.0526088

1.65625 -0.0526089
1.67188 -0.0528387

1.67188 -0.0528387
1.6875 -0.0530576

1.6875 -0.0530577
1.70312 -0.0532656

1.70312 -0.0532657
1.71875 -0.0534624

1.71875 -0.0534624
1.73438 -0.0536478

1.73438 -0.0536478
1.75 -0.0538216

-1.3125 0.0455773
-1.29688 0.0453013

1.75 -0.0538217
1.76562 -0.0539837

1.76562 -0.0539838
1.78125 -0.0541339

-2.75 0.0253886
-2.73438 0.0263296

1.78125 -0.0541339
1.79688 -0.0542719

1.79688 -0.0542719
1.8125 -0.0543976

1.8125 -0.0543976
1.82812 -0.0545107

-2.73438 0.0263295
-2.71875 0.0272472

-2.71875 0.0272471
-2.70312 0.0281418

0.40625 -0.0123489
0.421875 -0.0129888

0.421875 -0.0129888
0.4375 -0.013628

0.4375 -0.013628
0.453125 -0.0142663

0.453125 -0.0142663
0.46875 -0.0149036

-1.29688 0.0453013
-1.28125 0.0450182

-2.70312 0.0281417
-2.6875 0.0290138

0.46875 -0.0149036
0.484375 -0.0155399

-2.6875 0.0290137
-2.67188 0.0298636

-1.28125 0.0450182
-1.26562 0.0447281

-2.67188 0.0298635
-2.65625 0.0306915

0.5 -0.0161777
0.486403 -0.015625

1.82812 -0.0545108
1.84375 -0.0546112

-1.26562 0.0447281
-1.25 0.0444312

1.84375 -0.0546112
1.85938 -0.0546987

0.484375 -0.0155245
0.486847 -0.015625

-1.25 0.0444312
-1.23438 0.0441274

-1.23438 0.0441274
-1.21875 0.0438168

-2.65625 0.0306917
-2.64543 0.03125

0 0.00429935
0.015625 0.00366767

-2.64542 0.03125
-2.64062 0.0314974

0.015625 0.00366766
0.03125 0.00303463

-2.64062 0.0314978
-2.625 0.032283

-1.21875 0.0438168
-1.20312 0.0434996

-2.625 0.0322829
-2.60938 0.0330471

0.03125 0.00303461
0.046875 0.00240031

-2.60938 0.033047
-2.59375 0.0337905

-2.59375 0.0337905
-2.57812 0.0345136

0.046875 0.00240029
0.0625 0.00176478

-2.57812 0.0345135
-2.5625 0.0352166

-1.20312 0.0434995
-1.1875 0.0431756

-2.5625 0.0352165
-2.54688 0.0358997

-1.1875 0.0431756
-1.17188 0.0428451

-2.54688 0.0358997
-2.53125 0.0365634

1.85938 -0.0546988
1.875 -0.0547731

-2.53125 0.0365633
-2.51562 0.0372079

-1.17188 0.0428451
-1.15625 0.0425081

0.0625 0.00176476
0.078125 0.00112812

1.875 -0.0547731
1.89062 -0.0548341

-1.15625 0.0425081
-1.14062 0.0421645

1.89062 -0.0548342
1.90625 -0.0548816

-2.51562 0.0372078
-2.5 0.0378334

1.90625 -0.0548816
1.92188 -0.0549153

0.078125 0.0011281
0.09375 0.000490404

-1.14062 0.0421645
-1.125 0.0418146

1.92188 -0.0549153
1.9375 -0.054935

-1.125 0.0418145
-1.10938 0.0414582

1.9375 -0.0549351
1.95312 -0.0549405

1.95312 -0.0549406
1.96875 -0.0549316

0.09375 0.000495822
0.10588 0

1.96875 -0.0549316
1.98438 -0.0549079

-1.10938 0.0414582
-1.09375 0.0410955

-1.09375 0.0410955
-1.07812 0.0407265

-1.07812 0.0407265
-1.0625 0.0403513

-2.5 0.0378333
-2.48438 0.0384403

-2.48438 0.0384403
-2.46875 0.0390289

-2.46875 0.0390288
-2.45312 0.0395994

-1.0625 0.0403513
-1.04688 0.03997

-1.04688 0.03997
-1.03125 0.0395827

-1.03125 0.0395826
-1.01562 0.0391893

-1.01562 0.0391893
-1 0.03879

0.5 -0.0161751
0.515625 -0.0168089

0.515625 -0.0168089
0.53125 -0.0174413

0.53125 -0.0174413
0.546875 -0.0180722

0.546875 -0.0180722
0.5625 -0.0187016

0.5625 -0.0187016
0.578125 -0.0193294

0.578125 -0.0193294
0.59375 -0.0199555

0.59375 -0.0199555
0.609375 -0.0205798

0.609375 -0.0205799
0.625 -0.0212023

-2.45312 0.0395993
-2.4375 0.0401521

0.625 -0.0212023
0.640625 -0.0218229

0.640625 -0.0218229
0.65625 -0.0224414

1.98438 -0.054908
2 -0.0548694

0.65625 -0.0224414
0.671875 -0.0230579

0.671875 -0.0230579
0.6875 -0.0236721

-2.4375 0.040152
-2.42188 0.0406872

0.6875 -0.0236721
0.703125 -0.024284

-1 0.03879
-0.984375 0.038385

-0.984375 0.0383849
-0.96875 0.0379741

0.703125 -0.0242841
0.71875 -0.0248936

-0.96875 0.0379741
-0.953125 0.0375577

-2.42188 0.0406872
-2.40625 0.0412051

-2.40625 0.041205
-2.39062 0.0417059

-0.953125 0.0375577
-0.9375 0.0371357

-2.39062 0.0417058
-2.375 0.0421899

0.71875 -0.0248936
0.734375 -0.0255007

0.734375 -0.0255007
0.75 -0.0261052

-2.375 0.0421898
-2.35938 0.0426573

-0.9375 0.0371356
-0.921875 0.0367082

2 -0.0548695
2.01562 -0.0548157

-2.35938 0.0426572
-2.34375 0.0431083

0.75 -0.0261052
0.765625 -0.026707

-2.34375 0.0431083
-2.32812 0.0435432

0.765625 -0.026707
0.78125 -0.027306

0.78125 -0.027306
0.796875 -0.0279022

-0.921875 0.0367082
-0.90625 0.0362753

2.01562 -0.0548158
2.03125 -0.0547466

-2.32812 0.0435432
-2.3125 0.0439623

2.03125 -0.0547467
2.04688 -0.0546619

-0.90625 0.0362753
-0.890625 0.0358371

0.796875 -0.0279022
0.8125 -0.0284953

-0.890625 0.0358371
-0.875 0.0353938

0.8125 -0.0284953
0.828125 -0.0290853

-0.875 0.0353937
-0.859375 0.0349452

-2.3125 0.0439622
-2.29688 0.0443657

-2.29688 0.0443656
-2.28125 0.0447536

-2.28125 0.0447536
-2.26562 0.0451264

-2.26562 0.0451263
-2.25 0.0454842

0.828125 -0.0290854
0.84375 -0.0296722

-0.859375 0.0349452
-0.84375 0.0344917

-2.25 0.0454841
-2.23438 0.0458272

0.84375 -0.0296722
0.859375 -0.0302557

2.04688 -0.054662
2.0625 -0.0545613

-0.84375 0.0344917
-0.828125 0.0340331

2.0625 -0.0545614
2.07812 -0.0544447

0.859375 -0.0302557
0.875 -0.0308358

2.07812 -0.0544447
2.09375 -0.0543116

-0.828125 0.0340331
-0.8125 0.0335697

2.09375 -0.0543117
2.10938 -0.054162

-0.8125 0.0335697
-0.796875 0.0331014

2.10938 -0.0541621
2.125 -0.0539955

0.890625 -0.0314163
0.886119 -0.03125

-2.23438 0.0458271
-2.21875 0.0461556

0.890625 -0.0314124
0.90625 -0.0319851

-2.21875 0.0461556
-2.20312 0.0464697

2.125 -0.0539956
2.14062 -0.053812

-2.20312 0.0464697
-2.1875 0.0467697

2.14062 -0.053812
2.15625 -0.0536111

-2.1875 0.0467702
-2.18177 0.046875

0.875 -0.0308343
0.886267 -0.03125

-2.18172 0.046875
-2.17188 0.0470553

-0.796875 0.0331014
-0.78125 0.0326284

0.90625 -0.0319852
0.921875 -0.032554

-0.78125 0.0326284
-0.765625 0.0321507

-0.765625 0.0321507
-0.75 0.0316684

-0.734375 0.0311733
-0.736836 0.03125

-0.734375 0.0311815
-0.71875 0.0306902

-0.75 0.0316698
-0.736526 0.03125

-0.71875 0.0306902
-0.703125 0.0301946

-0.703125 0.0301946
-0.6875 0.0296947

-0.6875 0.0296947
-0.671875 0.0291905

-0.671875 0.0291905
-0.65625 0.0286821

-0.65625 0.0286821
-0.640625 0.0281697

-0.640625 0.0281696
-0.625 0.0276531

-0.625 0.0276531
-0.609375 0.0271325

-0.609375 0.0271325
-0.59375 0.0266079

-0.59375 0.0266079
-0.578125 0.0260794

-0.578125 0.0260794
-0.5625 0.025547

-0.5625 0.025547
-0.546875 0.0250108

-0.546875 0.0250108
-0.53125 0.0244708

-0.53125 0.0244708
-0.515625 0.0239271

-0.515625 0.0239271
-0.5 0.0233797

0.921875 -0.032554
0.9375 -0.0331188

0.9375 -0.0331188
0.953125 -0.0336794

0.953125 -0.0336795
0.96875 -0.0342358

0.96875 -0.0342359
0.984375 -0.0347878

0.984375 -0.0347878
1 -0.0353353

2.15625 -0.0536111
2.17188 -0.0533926

2.17188 -0.0533926
2.1875 -0.0531562

2.1875 -0.0531562
2.20312 -0.0529016

-0.5 0.0233797
-0.484375 0.0228287

-0.484375 0.0228286
-0.46875 0.022274

-0.46875 0.022274
-0.453125 0.0217159

-0.453125 0.0217159
-0.4375 0.0211542

2.20312 -0.0529017
2.21875 -0.0526286

2.21875 -0.0526287
2.23438 -0.0523369

2.23438 -0.052337
2.25 -0.0520263

-0.4375 0.0211542
-0.421875 0.0205892

2.25 -0.0520264
2.26562 -0.0516964

2.26562 -0.0516964
2.28125 -0.0513469

-2.17188 0.0470556
-2.15625 0.0473277

2.28125 -0.0513469
2.29688 -0.0509775

2.29688 -0.0509776
2.3125 -0.050588

-2.15625 0.0473277
-2.14062 0.0475863

-2.14062 0.0475862
-2.125 0.0478313

-0.421875 0.0205892
-0.40625 0.0200208

-2.125 0.0478313
-2.10938 0.048063

2.3125 -0.0505881
2.32812 -0.0501781

-0.40625 0.0200208
-0.390625 0.0194491

-0.390625 0.019449
-0.375 0.0188741

-2.10938 0.048063
-2.09375 0.0482816

-0.375 0.0188741
-0.359375 0.018296

-0.359375 0.018296
-0.34375 0.0177148

-0.34375 0.0177147
-0.328125 0.0171305

-2.09375 0.0482816
-2.07812 0.0484873

-2.07812 0.0484872
-2.0625 0.0486801

-2.0625 0.04868
-2.04688 0.0488602

-2.04688 0.0488602
-2.03125 0.0490279

-2.03125 0.0490279
-2.01562 0.0491833

-2.01562 0.0491832
-2 0.0493264

-0.328125 0.0171305
-0.3125 0.0165433

-0.3125 0.0165432
-0.296875 0.0159531

2.32812 -0.0501782
2.34375 -0.0497474

2.34375 -0.0497474
2.35938 -0.0492956

-0.28125 0.0153478
-0.288555 0.015625

-0.296875 0.0159632
-0.287962 0.015625

-0.28125 0.0153602
-0.265625 0.0147646

2.35938 -0.0492956
2.375 -0.0488224

-0.265625 0.0147646
-0.25 0.0141664

-2 0.0493264
-1.98438 0.0494577

-0.25 0.0141664
-0.234375 0.0135658

2.375 -0.0488225
2.39062 -0.0483275

-1.98438 0.0494576
-1.96875 0.0495771

-0.234375 0.0135657
-0.21875 0.0129626

-1.96875 0.049577
-1.95312 0.0496848

-1.95312 0.0496848
-1.9375 0.049781

-0.21875 0.0129626
-0.203125 0.0123571

-0.203125 0.0123571
-0.1875 0.0117492

-0.1875 0.0117492
-0.171875 0.0111392

-0.171875 0.0111391
-0.15625 0.0105269

-0.15625 0.0105269
-0.140625 0.00991249

-0.140625 0.00991247
-0.125 0.00929606

-0.125 0.00929604
-0.109375 0.00867766

-0.109375 0.00867764
-0.09375 0.00805735

-0.09375 0.00805733
-0.078125 0.0074352

-0.078125 0.00743518
-0.0625 0.00681129

-1.9375 0.049781
-1.92188 0.0498659

-1.92188 0.0498659
-1.90625 0.0499396

-1.90625 0.0499395
-1.89062 0.0500022

-0.0625 0.00681127
-0.046875 0.00618568

-1.89062 0.0500021
-1.875 0.0500538

-0.046875 0.00618566
-0.03125 0.00555845

-0.03125 0.00555843
-0.015625 0.00492965

-0.015625 0.00492963
0 0.00429937

1 -0.0353353
1.01562 -0.0358782

1.01562 -0.0358782
1.03125 -0.0364163

1.03125 -0.0364163
1.04688 -0.0369496

1.04688 -0.0369496
1.0625 -0.0374779

-1.875 0.0500538
-1.85938 0.0500946

-1.85938 0.0500946
-1.84375 0.0501248

-1.84375 0.0501247
-1.82812 0.0501443

-1.82812 0.0501443
-1.8125 0.0501535

-1.8125 0.0501534
-1.79688 0.0501523

-1.79688 0.0501522
-1.78125 0.0501409

-1.78125 0.0501408
-1.76562 0.0501193

2.39062 -0.0483276
2.40625 -0.0478107

2.40625 -0.0478108
2.42188 -0.0472715

2.42188 -0.0472693
2.43284 -0.046875

-1.76562 0.0501193
-1.75 0.0500878

2.43306 -0.046875
2.4375 -0.0467153

2.4375 -0.0467098
2.45312 -0.0461248

2.45312 -0.0461249
2.46875 -0.0455165

2.46875 -0.0455166
2.48438 -0.0448845

2.48438 -0.0448845
2.5 -0.0442283

2.5 -0.0442284
2.51562 -0.0435476

2.51562 -0.0435477
2.53125 -0.0428422

2.53125 -0.0428423
2.54688 -0.0421115

2.54688 -0.0421116
2.5625 -0.0413553

2.5625 -0.0413554
2.57812 -0.0405732

2.57812 -0.0405733
2.59375 -0.0397648

2.59375 -0.0397649
2.60938 -0.0389298

2.60938 -0.0389299
2.625 -0.0380677

2.625 -0.0380678
2.64062 -0.0371782

2.64062 -0.0371783
2.65625 -0.0362608

2.65625 -0.0362609
2.67188 -0.0353153

2.67188 -0.0353154
2.6875 -0.0343411

2.6875 -0.0343412
2.70312 -0.0333378

2.70312 -0.0333379
2.71875 -0.0323049

2.71875 -0.032305
2.73426 -0.03125

2.73438 -0.0312423
2.75 -0.0301489

2.75 -0.030149
2.76562 -0.0290249

2.76562 -0.029025
2.78125 -0.0278695

2.78125 -0.0278696
2.79688 -0.0266824

2.79688 -0.0266825
2.8125 -0.0254632

2.8125 -0.0254633
2.82812 -0.0242114

2.82812 -0.0242115
2.84375 -0.0229265

2.84375 -0.0229266
2.85938 -0.0216081

2.85938 -0.0216082
2.875 -0.0202558

2.875 -0.0202559
2.89062 -0.0188691

2.89062 -0.0188692
2.90625 -0.0174476

2.90625 -0.0174477
2.92188 -0.0159909

2.92188 -0.0159658
2.92544 -0.015625

2.92579 -0.015625
2.9375 -0.0145063

2.9375 -0.0144986
2.95312 -0.0129699

2.95312 -0.0129699
2.96875 -0.0114049

2.96875 -0.0114049
2.98438 -0.00980372

2.98438 -0.00980204
3 -0.00816792

3 -0.00817273
3.03125 -0.00482617

3.03125 -0.0042288
3.0625 -0.00197428

3.0625 -0.00245416
3.125 -0.000599137

3.125 -0.00141025
3.25 -0.000131031

3.25 -0.000781729
3.5 -7.53886e-05

3.5 -0.000767489
3.95027 0

1.0625 -0.0374779
1.07812 -0.038001

-1.75 0.0500878
-1.73438 0.0500464

-1.73438 0.0500464
-1.71875 0.0499952

-1.71875 0.0499952
-1.70312 0.0499343

-1.70312 0.0499343
-1.6875 0.0498638

-1.6875 0.0498638
-1.67188 0.0497838

-1.67188 0.0497838
-1.65625 0.0496944

-1.65625 0.0496944
-1.64062 0.0495958

-1.64062 0.0495958
-1.625 0.049488

-1.625 0.049488
-1.60938 0.0493712

-1.60938 0.0493712
-1.59375 0.0492454

-1.59375 0.0492454
-1.57812 0.0491109

-1.57812 0.0491109
-1.5625 0.0489677

-1.5625 0.0489676
-1.54688 0.0488159

-1.54688 0.0488158
-1.53125 0.0486556

-1.53125 0.0486556
-1.51562 0.048487

-1.51562 0.048487
-1.5 0.0483102

1.07812 -0.0380011
1.09375 -0.038519

1.09375 -0.0385191
1.10938 -0.0390317

1.10938 -0.0390317
1.125 -0.0395389

1.125 -0.0395389
1.14062 -0.0400406

1.14062 -0.0400406
1.15625 -0.0405366

1.15625 -0.0405366
1.17188 -0.0410268

1.17188 -0.0410268
1.1875 -0.041511

1.1875 -0.0415111
1.20312 -0.0419893

1.20312 -0.0419893
1.21875 -0.0424614

1.21875 -0.0424614
1.23438 -0.0429272

1.23438 -0.0429272
1.25 -0.0433866

1.25 -0.0433867
1.26562 -0.0438395

1.26562 -0.0438395
1.28125 -0.0442857

1.28125 -0.0442858
1.29688 -0.0447251

1.29688 -0.0447252
1.3125 -0.0451576

1.3125 -0.0451577
1.32812 -0.0455831

1.32812 -0.0455831
1.34375 -0.0460013

1.34375 -0.0460014
1.35938 -0.0464122

1.35938 -0.0464123
1.375 -0.0468157

1.39062 -0.0472124
1.3773 -0.046875

1.375 -0.0468108
1.37753 -0.046875

1.39062 -0.0472115
1.40625 -0.0475993

1.40625 -0.0475994
1.42188 -0.0479792

1.42188 -0.0479792
1.4375 -0.0483509

1.4375 -0.0483509
1.45312 -0.0487143

1.45312 -0.0487143
1.46875 -0.0490692

1.46875 -0.0490692
1.48438 -0.0494155

1.48438 -0.0494155
1.5 -0.049753

