-3.94078 0
-3.5 0.00012645

-3.5 9.36113e-06
-3.25 0.000128722

-1.5 0.00722384
-1.48438 0.00716241

-1.48438 0.0071624
-1.46875 0.00710025

-1.46875 0.00710024
-1.45312 0.00703738

-3.25 1.45614e-05
-3.125 0.000232633

-3.125 8.12622e-05
-3.0625 0.000405531

-3.0625 0.000311286
-3.03125 0.000718308

-3.03125 0.000828094
-3 0.00144892

-1.45312 0.00703737
-1.4375 0.00697383

-1.4375 0.00697383
-1.42188 0.00690964

-1.42188 0.00690963
-1.40625 0.00684481

-1.40625 0.0068448
-1.39062 0.00677937

-1.39062 0.00677937
-1.375 0.00671336

-1.375 0.00671335
-1.35938 0.00664678

-1.35938 0.00664678
-1.34375 0.00657967

-3 0.00145054
-2.98438 0.001758

0.015625 -1.36003e-05
0.0128887 0

0.015625 -9.72659e-06
0.03125 -8.73896e-05

0.03125 -8.73868e-05
0.046875 -0.000165039

0.046875 -0.000165039
0.0625 -0.000242684

0.0625 -0.000242684
0.078125 -0.000320321

0.078125 -0.000320321
0.09375 -0.000397952

0.09375 -0.000397951
0.109375 -0.000475576

0.109375 -0.000475576
0.125 -0.000553195

0.125 -0.000553195
0.140625 -0.000630808

0.140625 -0.000630809
0.15625 -0.000708417

0.15625 -0.000708417
0.171875 -0.00078602

0.171875 -0.000786021
0.1875 -0.000863617

0.1875 -0.000863618
0.203125 -0.000941206

0.203125 -0.000941207
0.21875 -0.00101879

0.21875 -0.00101879
0.234375 -0.00109635

0.234375 -0.00109635
0.25 -0.0011739

0.25 -0.0011739
0.265625 -0.00125144

0.265625 -0.00125144
0.28125 -0.00132895

0.28125 -0.00132895
0.296875 -0.00140644

0.296875 -0.00140644
0.3125 -0.00148389

0.3125 -0.00148389
0.328125 -0.00156131

0.328125 -0.00156131
0.34375 -0.0016387

0.34375 -0.0016387
0.359375 -0.00171604

0.359375 -0.00171604
0.375 -0.00179334

0.375 -0.00179335
0.390625 -0.0018706

0.390625 -0.0018706
0.40625 -0.00194782

0.40625 -0.00194781
0.421875 -0.00202498

0.421875 -0.00202498
0.4375 -0.00210211

0.4375 -0.00210211
0.453125 -0.00217921

0.453125 -0.0021792
0.46875 -0.00225627

0.46875 -0.00225626
0.484375 -0.0023333

0.484375 -0.0023333
0.5 -0.00241032

0 6.86068e-05
0.0138034 0

1.5 -0.00719655
1.51562 -0.00726062

1.51562 -0.00726063
1.53125 -0.00732395

1.53125 -0.00732396
1.54688 -0.00738651

1.54688 -0.00738652
1.5625 -0.00744825

-1.34375 0.00657966
-1.32812 0.00651204

-1.32812 0.00651203
-1.3125 0.00644391

-1.3125 0.00644391
-1.29688 0.00637531

-1.29688 0.00637531
-1.28125 0.00630626

-1.28125 0.00630626
-1.26562 0.00623677

-1.26562 0.00623676
-1.25 0.00616685

0.5 -0.00241032
0.515625 -0.00248734

-1.25 0.00616685
-1.23438 0.00609653

0.515625 -0.00248733
0.53125 -0.00256435

-1.23438 0.00609653
-1.21875 0.00602581

-1.21875 0.0060258
-1.20312 0.00595469

-1.20312 0.00595469
-1.1875 0.0058832

0.53125 -0.00256435
0.546875 -0.00264138

0.546875 -0.00264138
0.5625 -0.00271843

0.5625 -0.00271842
0.578125 -0.00279551

0.578125 -0.0027955
0.59375 -0.00287262

0.59375 -0.00287262
0.609375 -0.00294979

-2.98438 0.00175862
-2.96875 0.00205865

0.609375 -0.00294979
0.625 -0.00302701

-1.1875 0.0058832
-1.17188 0.00581134

-2.96875 0.00205857
-2.95312 0.00235008

1.5625 -0.00744826
1.57812 -0.00750912

1.57812 -0.00750914
1.59375 -0.0075691

-1.17188 0.00581133
-1.15625 0.0057391

-1.15625 0.0057391
-1.14062 0.0056665

-1.14062 0.0056665
-1.125 0.00559354

1.59375 -0.00756912
1.60938 -0.00762814

1.60938 -0.00762816
1.625 -0.0076862

-1.125 0.00559354
-1.10938 0.00552023

-1.10938 0.00552023
-1.09375 0.00544657

-1.09375 0.00544657
-1.07812 0.00537257

-2.95312 0.00235013
-2.9375 0.0026332

-1.07812 0.00537256
-1.0625 0.00529823

-2.9375 0.00263316
-2.92188 0.00290779

1.625 -0.00768621
1.64062 -0.00774323

1.64062 -0.00774324
1.65625 -0.00779919

1.65625 -0.0077992
1.67188 -0.00785404

1.67188 -0.00785406
1.6875 -0.00790775

1.6875 -0.00790776
1.70312 -0.00796026

1.70312 -0.00796027
1.71875 -0.00801154

1.71875 -0.00801155
1.73438 -0.00806156

1.73438 -0.00806157
1.75 -0.00811027

1.75 -0.00811028
1.76562 -0.00815763

1.76562 -0.00815764
1.78125 -0.00820361

1.78125 -0.00820362
1.79688 -0.00824816

1.79688 -0.00824817
1.8125 -0.00829123

1.8125 -0.00829124
1.82812 -0.00833278

1.82812 -0.00833279
1.84375 -0.00837277

1.84375 -0.00837278
1.85938 -0.00841115

1.85938 -0.00841116
1.875 -0.00844786

1.875 -0.00844787
1.89062 -0.00848285

1.89062 -0.00848286
1.90625 -0.00851607

1.90625 -0.00851609
1.92188 -0.00854747

1.92188 -0.00854748
1.9375 -0.00857698

1.9375 -0.00857699
1.95312 -0.00860454

1.95312 -0.00860456
1.96875 -0.0086301

1.96875 -0.00863011
1.98438 -0.00865357

1.98438 -0.00865359
2 -0.00867491

2 -0.00867492
2.01562 -0.00869403

2.01562 -0.00869405
2.03125 -0.00871087

2.03125 -0.00871088
2.04688 -0.00872535

2.04688 -0.00872537
2.0625 -0.00873741

2.0625 -0.00873743
2.07812 -0.00874698

2.07812 -0.008747
2.09375 -0.00875398

2.09375 -0.008754
2.10938 -0.00875835

2.10938 -0.00875837
2.125 -0.00876002

2.125 -0.00876003
2.14062 -0.0087589

2.14062 -0.00875892
2.15625 -0.00875494

2.15625 -0.00875496
2.17188 -0.00874805

2.17188 -0.00874807
2.1875 -0.00873816

2.1875 -0.00873818
2.20312 -0.00872518

2.20312 -0.0087252
2.21875 -0.00870903

2.21875 -0.00870905
2.23438 -0.00868964

0.625 -0.00302701
0.640625 -0.00310429

2.23438 -0.00868966
2.25 -0.0086669

2.25 -0.00866692
2.26562 -0.00864074

2.26562 -0.00864076
2.28125 -0.00861106

2.28125 -0.00861108
2.29688 -0.00857776

2.29688 -0.00857779
2.3125 -0.00854076

-1.0625 0.00529823
-1.04688 0.00522358

0.640625 -0.00310429
0.65625 -0.00318164

0.65625 -0.00318163
0.671875 -0.00325905

2.3125 -0.00854078
2.32812 -0.00849994

-1.04688 0.00522358
-1.03125 0.00514863

-2.92188 0.00290777
-2.90625 0.00317404

0.671875 -0.00325905
0.6875 -0.00333654

-2.90625 0.003174
-2.89062 0.00343201

0.6875 -0.00333654
0.703125 -0.0034141

-2.89062 0.00343199
-2.875 0.00368187

-2.875 0.00368183
-2.85938 0.00392368

2.32812 -0.00849997
2.34375 -0.00845522

0.703125 -0.0034141
0.71875 -0.00349173

-2.85938 0.00392365
-2.84375 0.00415761

-2.84375 0.00415757
-2.82812 0.00438377

-2.82812 0.00438374
-2.8125 0.00460232

0.71875 -0.00349173
0.734375 -0.00356943

2.34375 -0.00845524
2.35938 -0.00840649

0.734375 -0.00356943
0.75 -0.0036472

-2.8125 0.00460229
-2.79688 0.00481339

2.35938 -0.00840651
2.375 -0.00835365

-1.03125 0.00514862
-1.01562 0.00507338

0.75 -0.0036472
0.765625 -0.00372503

-2.79688 0.00481336
-2.78125 0.00501713

0.765625 -0.00372503
0.78125 -0.00380292

-2.78125 0.00501709
-2.76562 0.00521367

-1.01562 0.00507338
-1 0.00499786

0.78125 -0.00380292
0.796875 -0.00388086

0.796875 -0.00388086
0.8125 -0.00395883

2.375 -0.00835368
2.39062 -0.00829661

0.8125 -0.00395884
0.828125 -0.00403684

0.828125 -0.00403684
0.84375 -0.00411486

-2.76562 0.00521363
-2.75 0.00540315

2.39062 -0.00829664
2.40625 -0.00823526

-2.75 0.00540312
-2.73438 0.00558572

-2.73438 0.00558569
-2.71875 0.0057615

-2.71875 0.00576147
-2.70312 0.00593064

0.84375 -0.00411486
0.859375 -0.00419289

0.859375 -0.00419289
0.875 -0.0042709

-1 0.00499786
-0.984375 0.0049221

0.875 -0.0042709
0.890625 -0.00434888

0.890625 -0.00434888
0.90625 -0.00442681

2.40625 -0.00823529
2.42188 -0.0081695

-0.984375 0.00492209
-0.96875 0.0048461

2.42188 -0.00816953
2.4375 -0.00809923

-2.70312 0.00593061
-2.6875 0.00609327

0.90625 -0.00442682
0.921875 -0.00450468

-0.96875 0.0048461
-0.953125 0.0047699

0.921875 -0.00450468
0.9375 -0.00458245

2.4375 -0.00809926
2.45312 -0.00802433

0.9375 -0.00458246
0.953125 -0.00466012

2.45312 -0.00802435
2.46875 -0.00794468

0.953125 -0.00466013
0.96875 -0.00473766

-2.6875 0.00609324
-2.67188 0.00624954

0.96875 -0.00473766
0.984375 -0.00481504

-2.67188 0.0062495
-2.65625 0.00639957

-2.65625 0.00639954
-2.64062 0.00654351

-2.64062 0.00654348
-2.625 0.00668149

-2.625 0.00668146
-2.60938 0.00681363

-2.60938 0.0068136
-2.59375 0.00694007

-2.59375 0.00694003
-2.57812 0.00706091

0.984375 -0.00481505
1 -0.00489225

2.46875 -0.00794472
2.48438 -0.00786019

1 -0.00489226
1.01562 -0.00496927

1.01562 -0.00496928
1.03125 -0.00504608

-2.57812 0.00706088
-2.5625 0.00717629

-2.5625 0.00717625
-2.54688 0.00728631

2.48438 -0.00786022
2.5 -0.00777073

-0.953125 0.00476989
-0.9375 0.00469351

-0.9375 0.00469351
-0.921875 0.00461696

-0.921875 0.00461696
-0.90625 0.00454028

-2.54688 0.00728628
-2.53125 0.00739111

-2.53125 0.00739108
-2.51562 0.00749081

-2.51562 0.00749078
-2.5 0.00758551

2.5 -0.00777076
2.51562 -0.00767617

2.51562 -0.0076762
2.53125 -0.00757639

1.03125 -0.00504608
1.04688 -0.00512266

1.04688 -0.00512266
1.0625 -0.00519899

-0.90625 0.00454027
-0.890625 0.00446348

-0.890625 0.00446347
-0.875 0.00438658

2.53125 -0.00757643
2.54688 -0.00747128

-0.875 0.00438657
-0.859375 0.0043096

-0.859375 0.0043096
-0.84375 0.00423257

1.0625 -0.005199
1.07812 -0.00527507

-0.84375 0.00423257
-0.828125 0.0041555

-0.828125 0.0041555
-0.8125 0.0040784

2.54688 -0.00747131
2.5625 -0.00736069

-0.8125 0.0040784
-0.796875 0.0040013

-2.5 0.00758548
-2.48438 0.00767535

2.5625 -0.00736072
2.57812 -0.0072445

-2.48438 0.00767532
-2.46875 0.00776043

2.57812 -0.00724453
2.59375 -0.00712259

-0.796875 0.00400129
-0.78125 0.00392419

2.59375 -0.00712262
2.60938 -0.00699483

2.60938 -0.00699486
2.625 -0.00686108

-2.46875 0.0077604
-2.45312 0.00784087

-2.45312 0.00784084
-2.4375 0.00791677

1.07812 -0.00527507
1.09375 -0.00535088

-2.4375 0.00791674
-2.42188 0.00798824

-0.78125 0.00392419
-0.765625 0.00384709

2.625 -0.00686112
2.64062 -0.00672123

-0.765625 0.00384709
-0.75 0.00377001

-2.42188 0.00798821
-2.40625 0.00805538

1.09375 -0.00535088
1.10938 -0.00542642

2.64062 -0.00672126
2.65625 -0.00657511

-2.40625 0.00805535
-2.39062 0.00811829

2.65625 -0.00657515
2.67188 -0.00642261

-2.39062 0.00811826
-2.375 0.00817706

1.10938 -0.00542642
1.125 -0.00550167

-0.75 0.00377001
-0.734375 0.00369296

2.67188 -0.00642265
2.6875 -0.00626358

-0.734375 0.00369296
-0.71875 0.00361595

-0.71875 0.00361595
-0.703125 0.00353897

1.125 -0.00550167
1.14062 -0.00557663

-0.703125 0.00353897
-0.6875 0.00346203

-2.375 0.00817704
-2.35938 0.00823179

2.6875 -0.00626362
2.70312 -0.00609787

1.14062 -0.00557663
1.15625 -0.00565129

2.70312 -0.0060979
2.71875 -0.00592533

-0.6875 0.00346203
-0.671875 0.00338514

-2.35938 0.00823177
-2.34375 0.00828258

-0.671875 0.00338514
-0.65625 0.00330829

-0.65625 0.00330829
-0.640625 0.00323148

1.15625 -0.00565129
1.17188 -0.00572565

-0.640625 0.00323148
-0.625 0.00315471

2.71875 -0.00592537
2.73438 -0.00574582

-2.34375 0.00828256
-2.32812 0.00832951

2.73438 -0.00574586
2.75 -0.00555919

1.17188 -0.00572565
1.1875 -0.00579971

-0.625 0.00315471
-0.609375 0.00307798

-2.32812 0.00832949
-2.3125 0.00837268

-0.609375 0.00307798
-0.59375 0.00300128

-0.59375 0.00300128
-0.578125 0.0029246

-2.3125 0.00837266
-2.29688 0.00841218

-0.578125 0.0029246
-0.5625 0.00284794

2.75 -0.00555923
2.76562 -0.00536531

-0.5625 0.00284794
-0.546875 0.00277129

-2.29688 0.00841216
-2.28125 0.0084481

1.1875 -0.00579971
1.20312 -0.00587345

-2.28125 0.00844808
-2.26562 0.00848054

-2.26562 0.00848052
-2.25 0.00850958

2.76562 -0.00536534
2.78125 -0.00516401

-0.546875 0.00277129
-0.53125 0.00269464

2.78125 -0.00516405
2.79688 -0.00495516

-0.53125 0.00269465
-0.515625 0.00261799

-2.25 0.00850956
-2.23438 0.00853532

-0.515625 0.00261799
-0.5 0.00254132

2.79688 -0.00495519
2.8125 -0.00473859

1.20312 -0.00587345
1.21875 -0.00594687

2.8125 -0.00473863
2.82812 -0.00451416

2.82812 -0.00451419
2.84375 -0.00428171

-2.23438 0.0085353
-2.21875 0.00855782

-2.21875 0.0085578
-2.20312 0.00857719

1.21875 -0.00594687
1.23438 -0.00601996

1.23438 -0.00601996
1.25 -0.00609271

2.84375 -0.00428175
2.85938 -0.00404109

2.85938 -0.00404112
2.875 -0.00379215

-2.20312 0.00857717
-2.1875 0.00859348

2.875 -0.00379219
2.89062 -0.00353476

1.25 -0.00609272
1.26562 -0.00616512

2.89062 -0.00353478
2.90625 -0.00326875

-0.5 0.00254132
-0.484375 0.00246462

-2.1875 0.00859346
-2.17188 0.00860679

1.26562 -0.00616512
1.28125 -0.00623715

2.90625 -0.0032688
2.92188 -0.00299404

1.28125 -0.00623716
1.29688 -0.00630881

-0.484375 0.00246462
-0.46875 0.00238789

-2.17188 0.00860677
-2.15625 0.00861717

-0.46875 0.00238789
-0.453125 0.00231112

2.92188 -0.00299405
2.9375 -0.00271044

-2.15625 0.00861716
-2.14062 0.00862472

2.9375 -0.00271049
2.95312 -0.00241791

-2.14062 0.0086247
-2.125 0.00862948

-0.453125 0.00231112
-0.4375 0.00223431

-0.4375 0.00223431
-0.421875 0.00215744

1.29688 -0.00630882
1.3125 -0.00638007

-0.421875 0.00215744
-0.40625 0.00208052

-0.40625 0.00208052
-0.390625 0.00200354

2.95312 -0.00241786
2.96875 -0.00211631

-0.390625 0.00200354
-0.375 0.0019265

1.3125 -0.00638008
1.32812 -0.00645092

-2.125 0.00862946
-2.10938 0.00863154

1.32812 -0.00645092
1.34375 -0.00652133

1.34375 -0.00652133
1.35938 -0.00659128

-2.10938 0.00863152
-2.09375 0.00863095

-0.375 0.0019265
-0.359375 0.00184941

2.96875 -0.00211638
2.98438 -0.00180585

-0.359375 0.00184941
-0.34375 0.00177227

1.35938 -0.00659129
1.375 -0.00666076

-2.09375 0.00863093
-2.07812 0.00862778

-2.07812 0.00862777
-2.0625 0.0086221

2.98438 -0.00180522
3 -0.00148684

-2.0625 0.00862208
-2.04688 0.00861397

-0.34375 0.00177226
-0.328125 0.00169507

1.375 -0.00666076
1.39062 -0.00672973

-0.328125 0.00169507
-0.3125 0.00161782

-2.04688 0.00861395
-2.03125 0.00860345

-2.03125 0.00860344
-2.01562 0.00859062

1.39062 -0.00672974
1.40625 -0.00679819

-2.01562 0.0085906
-2 0.00857554

-0.3125 0.00161782
-0.296875 0.00154053

3 -0.0014851
3.03125 -0.000842131

-0.296875 0.00154053
-0.28125 0.00146321

1.40625 -0.00679819
1.42188 -0.00686609

1.42188 -0.0068661
1.4375 -0.00693343

3.03125 -0.00072865
3.0625 -0.000306615

-0.28125 0.00146321
-0.265625 0.00138585

1.4375 -0.00693343
1.45312 -0.00700017

3.0625 -0.000403018
3.125 -6.91308e-05

1.45312 -0.00700017
1.46875 -0.00706629

3.125 -0.000227884
3.25 -7.74631e-06

-2 0.00857552
-1.98438 0.00855828

3.25 -0.000127113
3.5 -1.0954e-05

1.46875 -0.00706629
1.48438 -0.00713175

3.5 -0.000129971
3.97494 0

-0.265625 0.00138584
-0.25 0.00130845

1.48438 -0.00713176
1.5 -0.00719654

-1.98438 0.00855826
-1.96875 0.0085389

-1.96875 0.00853888
-1.95312 0.00851747

-0.25 0.00130845
-0.234375 0.00123103

-0.234375 0.00123103
-0.21875 0.00115359

-0.21875 0.00115359
-0.203125 0.00107613

-1.95312 0.00851746
-1.9375 0.00849406

-1.9375 0.00849404
-1.92188 0.00846871

-0.203125 0.00107613
-0.1875 0.000998657

-0.1875 0.000998657
-0.171875 0.000921167

-0.171875 0.000921166
-0.15625 0.000843663

-0.15625 0.000843663
-0.140625 0.000766149

-0.140625 0.000766149
-0.125 0.000688624

-1.92188 0.0084687
-1.90625 0.0084415

-1.90625 0.00844148
-1.89062 0.00841246

-1.89062 0.00841245
-1.875 0.00838166

-0.125 0.000688624
-0.109375 0.000611087

-1.875 0.00838165
-1.85938 0.00834915

-1.85938 0.00834914
-1.84375 0.00831498

-0.109375 0.000611087
-0.09375 0.00053354

-0.09375 0.00053354
-0.078125 0.000455979

-0.078125 0.00045598
-0.0625 0.000378405

-1.84375 0.00831496
-1.82812 0.00827918

-1.82812 0.00827917
-1.8125 0.00824181

-0.0625 0.000378406
-0.046875 0.000300816

-0.046875 0.000300816
-0.03125 0.00022321

-1.8125 0.0082418
-1.79688 0.00820291

-1.79688 0.0082029
-1.78125 0.00816252

-0.03125 0.00022321
-0.015625 0.000145585

-0.015625 0.000145584
0 6.79423e-05

-1.78125 0.00816251
-1.76562 0.00812067

-1.76562 0.00812066
-1.75 0.00807742

-1.75 0.00807741
-1.73438 0.00803279

-1.73438 0.00803278
-1.71875 0.00798682

-1.71875 0.00798681
-1.70312 0.00793955

-1.70312 0.00793954
-1.6875 0.007891

-1.6875 0.00789099
-1.67188 0.00784123

-1.67188 0.00784122
-1.65625 0.00779026

-1.65625 0.00779025
-1.64062 0.00773813

-1.64062 0.00773812
-1.625 0.00768489

-1.625 0.00768488
-1.60938 0.00763057

-1.60938 0.00763056
-1.59375 0.00757523

-1.59375 0.00757522
-1.57812 0.0075189

-1.57812 0.00751889
-1.5625 0.00746162

-1.5625 0.00746161
-1.54688 0.00740344

-1.54688 0.00740343
-1.53125 0.00734439

-1.53125 0.00734438
-1.51562 0.00728451

-1.51562 0.00728451
-1.5 0.00722384

