-3.96092 0
-3.5 0.000565091

-1.5 0.0404212
-1.48438 0.0402527

-1.48438 0.0402527
-1.46875 0.0400777

-1.46875 0.0400776
-1.45312 0.0398961

-1.45312 0.039896
-1.4375 0.039708

-1.4375 0.039708
-1.42188 0.0395137

-3.5 6.50796e-05
-3.25 0.00057308

0.109375 -0.000393117
0.0977245 0

0.109375 -0.000387615
0.125 -0.000915426

0.125 -0.000915435
0.140625 -0.00144376

0.140625 -0.00144378
0.15625 -0.00197258

0.15625 -0.00197259
0.171875 -0.0025018

0.171875 -0.00250182
0.1875 -0.00303138

0.1875 -0.0030314
0.203125 -0.00356127

0.203125 -0.00356128
0.21875 -0.00409139

1.5 -0.041498
1.51562 -0.0417762

1.51562 -0.0417763
1.53125 -0.0420472

0.21875 -0.0040914
0.234375 -0.00462169

1.53125 -0.0420472
1.54688 -0.0423106

1.54688 -0.0423106
1.5625 -0.0425664

-3.25 0.000105504
-3.125 0.00102714

-1.42188 0.0395137
-1.40625 0.039313

0.234375 -0.0046217
0.25 -0.0051521

-1.40625 0.039313
-1.39062 0.0391062

1.5625 -0.0425664
1.57812 -0.0428144

1.57812 -0.0428144
1.59375 -0.0430544

-1.39062 0.0391061
-1.375 0.0388931

-3.125 0.000437078
-3.0625 0.00177504

0.25 -0.00515212
0.265625 -0.00568256

-3.0625 0.00144266
-3.03125 0.00306751

-3.03125 0.00348854
-3 0.00589194

1.59375 -0.0430544
1.60938 -0.0432863

1.60938 -0.0432864
1.625 -0.04351

-1.375 0.0388931
-1.35938 0.0386741

-1.35938 0.0386741
-1.34375 0.038449

1.625 -0.04351
1.64062 -0.0437253

-1.34375 0.038449
-1.32812 0.038218

1.64062 -0.0437253
1.65625 -0.043932

0.265625 -0.00568258
0.28125 -0.00621301

1.65625 -0.043932
1.67188 -0.0441299

0.28125 -0.00621303
0.296875 -0.00674338

0.296875 -0.0067434
0.3125 -0.0072736

0.3125 -0.00727362
0.328125 -0.0078036

-1.32812 0.038218
-1.3125 0.0379812

-1.3125 0.0379812
-1.29688 0.0377386

-1.29688 0.0377386
-1.28125 0.0374903

-1.28125 0.0374903
-1.26562 0.0372364

-1.26562 0.0372364
-1.25 0.0369769

-1.25 0.0369769
-1.23438 0.0367118

1.67188 -0.04413
1.6875 -0.0443191

1.6875 -0.0443191
1.70312 -0.0444991

1.70312 -0.0444992
1.71875 -0.0446701

1.71875 -0.0446701
1.73438 -0.0448317

-1.23438 0.0367118
-1.21875 0.0364413

-1.21875 0.0364413
-1.20312 0.0361654

-1.20312 0.0361654
-1.1875 0.0358841

0.328125 -0.00780362
0.34375 -0.00833332

-1.1875 0.0358841
-1.17188 0.0355975

1.73438 -0.0448317
1.75 -0.0449838

0.34375 -0.00833334
0.359375 -0.0088627

-3 0.00588979
-2.98438 0.00706694

-2.98438 0.0070683
-2.96875 0.00822244

-1.17188 0.0355975
-1.15625 0.0353056

-2.96875 0.00822229
-2.95312 0.00935099

-1.15625 0.0353056
-1.14062 0.0350085

-1.14062 0.0350085
-1.125 0.0347062

-2.95312 0.009351
-2.9375 0.0104545

-1.125 0.0347062
-1.10938 0.0343987

-1.10938 0.0343987
-1.09375 0.0340861

-1.09375 0.0340861
-1.07812 0.0337685

-1.07812 0.0337685
-1.0625 0.0334459

-1.0625 0.0334459
-1.04688 0.0331184

-1.04688 0.0331184
-1.03125 0.0327859

-1.03125 0.0327859
-1.01562 0.0324487

-1.01562 0.0324487
-1 0.0321067

1.75 -0.0449838
1.76562 -0.0451262

0.359375 -0.00886271
0.375 -0.00939166

1.76562 -0.0451263
1.78125 -0.0452588

-2.9375 0.0104544
-2.92188 0.011533

-2.92188 0.0115329
-2.90625 0.0125868

-2.90625 0.0125867
-2.89062 0.0136162

-2.89062 0.0136161
-2.875 0.0146217

-2.875 0.0146216
-2.85938 0.0156035

-2.85938 0.0156117
-2.85916 0.015625

-2.85902 0.015625
-2.84375 0.0165617

-2.84375 0.0165618
-2.82812 0.0174972

-2.82812 0.0174972
-2.8125 0.0184099

-1 0.0321067
-0.984375 0.0317601

-0.984375 0.0317601
-0.96875 0.0314089

-0.953125 0.0310522
-0.961816 0.03125

0.375 -0.00939167
0.390625 -0.00992014

0.390625 -0.00992016
0.40625 -0.0104481

-2.8125 0.0184098
-2.79688 0.0193001

0.40625 -0.0104481
0.421875 -0.0109754

0.421875 -0.0109754
0.4375 -0.0115021

1.78125 -0.0452589
1.79688 -0.0453815

-0.953125 0.0310531
-0.9375 0.0306931

1.79688 -0.0453815
1.8125 -0.045494

-0.96875 0.0314101
-0.961717 0.03125

0.4375 -0.0115021
0.453125 -0.0120281

-0.9375 0.0306931
-0.921875 0.0303287

-0.921875 0.0303287
-0.90625 0.0299602

-0.90625 0.0299601
-0.890625 0.0295875

-0.890625 0.0295875
-0.875 0.0292108

-2.79688 0.0193
-2.78125 0.0201682

-0.875 0.0292108
-0.859375 0.0288301

-0.859375 0.0288301
-0.84375 0.0284456

-0.84375 0.0284455
-0.828125 0.0280572

-0.828125 0.0280571
-0.8125 0.027665

-0.8125 0.027665
-0.796875 0.0272691

-0.796875 0.0272691
-0.78125 0.0268697

-0.78125 0.0268696
-0.765625 0.0264666

-0.765625 0.0264666
-0.75 0.02606

1.8125 -0.045494
1.82812 -0.0455962

1.82812 -0.0455962
1.84375 -0.0456879

-2.78125 0.0201681
-2.76562 0.0210145

-2.76562 0.0210145
-2.75 0.0218395

0.453125 -0.0120281
0.46875 -0.0125532

-2.75 0.0218394
-2.73438 0.0226433

-2.73438 0.0226432
-2.71875 0.0234263

0.46875 -0.0125533
0.484375 -0.0130776

0.484375 -0.0130776
0.5 -0.0136011

0 0.00328521
0.015625 0.0027634

0.015625 0.00276339
0.03125 0.00224053

-0.75 0.02606
-0.734375 0.02565

-0.734375 0.0256499
-0.71875 0.0252365

1.84375 -0.0456879
1.85938 -0.0457689

1.85938 -0.0457689
1.875 -0.045839

-2.71875 0.0234262
-2.70312 0.0241889

0.03125 0.00224052
0.046875 0.00171668

-0.71875 0.0252365
-0.703125 0.0248197

-0.703125 0.0248196
-0.6875 0.0243995

-2.70312 0.0241888
-2.6875 0.0249313

-0.6875 0.0243995
-0.671875 0.0239761

-0.671875 0.0239761
-0.65625 0.0235494

-2.6875 0.0249312
-2.67188 0.025654

1.875 -0.0458391
1.89062 -0.0458982

0.046875 0.00171666
0.0625 0.00119188

1.89062 -0.0458982
1.90625 -0.0459461

0.0625 0.00119186
0.078125 0.000666193

0.078125 0.000666183
0.09375 0.000139681

-2.67188 0.0256539
-2.65625 0.0263571

0.09375 0.000154315
0.0983233 0

-0.65625 0.0235494
-0.640625 0.0231196

1.90625 -0.0459461
1.92188 -0.0459825

-2.65625 0.0263571
-2.64062 0.0270412

-2.64062 0.0270411
-2.625 0.0277063

-0.640625 0.0231196
-0.625 0.0226866

1.92188 -0.0459826
1.9375 -0.0460074

-0.625 0.0226866
-0.609375 0.0222505

-0.609375 0.0222505
-0.59375 0.0218114

-0.59375 0.0218114
-0.578125 0.0213692

-0.578125 0.0213692
-0.5625 0.020924

1.9375 -0.0460075
1.95312 -0.0460205

1.95312 -0.0460205
1.96875 -0.0460216

-2.625 0.0277063
-2.60938 0.028353

-2.60938 0.0283529
-2.59375 0.0289813

1.96875 -0.0460216
1.98438 -0.0460104

1.98438 -0.0460105
2 -0.0459868

-0.5625 0.020924
-0.546875 0.0204759

-0.546875 0.0204759
-0.53125 0.0200248

-2.59375 0.0289813
-2.57812 0.0295918

-2.57812 0.0295917
-2.5625 0.0301845

-0.53125 0.0200248
-0.515625 0.0195708

0.5 -0.0136011
0.515625 -0.0141236

-0.515625 0.0195708
-0.5 0.0191139

-2.5625 0.0301844
-2.54688 0.0307598

-2.54688 0.0307598
-2.53315 0.03125

0.515625 -0.0141236
0.53125 -0.0146451

0.53125 -0.0146451
0.546875 -0.0151656

0.5625 -0.0156879
0.560608 -0.015625

0.546875 -0.0151652
0.560707 -0.015625

-2.53314 0.03125
-2.53125 0.0313175

0.5625 -0.015685
0.578125 -0.0162031

0.578125 -0.0162031
0.59375 -0.0167198

2 -0.0459869
2.01562 -0.0459506

2.01562 -0.0459507
2.03125 -0.0459015

2.03125 -0.0459016
2.04688 -0.0458394

2.04688 -0.0458395
2.0625 -0.045764

2.0625 -0.0457641
2.07812 -0.0456751

2.07812 -0.0456752
2.09375 -0.0455725

-2.53125 0.0313179
-2.51562 0.0318593

2.09375 -0.0455726
2.10938 -0.045456

-2.51562 0.0318593
-2.5 0.0323841

-0.5 0.0191139
-0.484375 0.0186543

0.59375 -0.0167198
0.609375 -0.0172351

2.10938 -0.0454561
2.125 -0.0453254

0.609375 -0.0172351
0.625 -0.0177489

-0.484375 0.0186542
-0.46875 0.0181918

-0.46875 0.0181918
-0.453125 0.0177265

-0.453125 0.0177265
-0.4375 0.0172585

2.125 -0.0453254
2.14062 -0.0451803

2.14062 -0.0451804
2.15625 -0.0450207

2.15625 -0.0450208
2.17188 -0.0448463

2.17188 -0.0448463
2.1875 -0.0446567

-2.5 0.032384
-2.48438 0.0328925

2.1875 -0.0446568
2.20312 -0.0444519

2.20312 -0.044452
2.21875 -0.0442315

0.625 -0.0177489
0.640625 -0.0182611

2.21875 -0.0442316
2.23438 -0.0439954

0.640625 -0.0182611
0.65625 -0.0187718

2.23438 -0.0439954
2.25 -0.0437431

0.65625 -0.0187718
0.671875 -0.0192807

-0.4375 0.0172585
-0.421875 0.0167878

-2.48438 0.0328924
-2.46875 0.0333848

-0.421875 0.0167878
-0.40625 0.0163145

-2.46875 0.0333847
-2.45312 0.0338612

-0.40625 0.0163145
-0.390625 0.0158385

-2.45312 0.0338611
-2.4375 0.034322

-0.375 0.0153555
-0.383801 0.015625

2.25 -0.0437432
2.26562 -0.0434746

-2.4375 0.034322
-2.42188 0.0347675

2.26562 -0.0434747
2.28125 -0.0431895

-2.42188 0.0347675
-2.40625 0.0351979

-0.390625 0.0158441
-0.383469 0.015625

-2.40625 0.0351978
-2.39062 0.0356133

-2.39062 0.0356132
-2.375 0.036014

2.28125 -0.0431896
2.29688 -0.0428877

0.671875 -0.0192807
0.6875 -0.0197879

-0.375 0.01536
-0.359375 0.0148791

0.6875 -0.0197879
0.703125 -0.0202933

2.29688 -0.0428877
2.3125 -0.0425687

0.703125 -0.0202934
0.71875 -0.0207969

0.71875 -0.0207969
0.734375 -0.0212985

0.734375 -0.0212985
0.75 -0.021798

2.3125 -0.0425687
2.32812 -0.0422323

2.32812 -0.0422324
2.34375 -0.0418783

0.75 -0.021798
0.765625 -0.0222955

0.765625 -0.0222955
0.78125 -0.0227907

-2.375 0.036014
-2.35938 0.0364003

-2.35938 0.0364002
-2.34375 0.0367722

2.34375 -0.0418784
2.35938 -0.0415064

2.35938 -0.0415065
2.375 -0.0411163

-0.359375 0.0148791
-0.34375 0.0143959

0.78125 -0.0227908
0.796875 -0.0232837

-2.34375 0.0367722
-2.32812 0.0371302

2.375 -0.0411164
2.39062 -0.0407078

0.796875 -0.0232838
0.8125 -0.0237744

-0.34375 0.0143959
-0.328125 0.0139104

-0.328125 0.0139104
-0.3125 0.0134227

2.39062 -0.0407078
2.40625 -0.0402805

-2.32812 0.0371301
-2.3125 0.0374742

2.40625 -0.0402806
2.42188 -0.0398342

-2.3125 0.0374742
-2.29688 0.0378047

2.42188 -0.0398343
2.4375 -0.0393686

-0.3125 0.0134227
-0.296875 0.0129328

-2.29688 0.0378046
-2.28125 0.0381217

-0.296875 0.0129328
-0.28125 0.0124407

0.8125 -0.0237744
0.828125 -0.0242625

2.4375 -0.0393686
2.45312 -0.0388834

0.828125 -0.0242626
0.84375 -0.0247482

2.45312 -0.0388834
2.46875 -0.0383782

-2.28125 0.0381216
-2.26562 0.0384255

2.46875 -0.0383783
2.48438 -0.0378529

-2.26562 0.0384254
-2.25 0.0387163

-0.28125 0.0124407
-0.265625 0.0119466

0.84375 -0.0247482
0.859375 -0.0252311

-0.265625 0.0119466
-0.25 0.0114505

2.48438 -0.0378529
2.5 -0.037307

-2.25 0.0387162
-2.23438 0.0389942

-2.23438 0.0389942
-2.21875 0.0392596

-2.21875 0.0392595
-2.20312 0.0395124

0.859375 -0.0252312
0.875 -0.0257114

-0.25 0.0114505
-0.234375 0.0109525

-0.234375 0.0109525
-0.21875 0.0104525

-0.21875 0.0104525
-0.203125 0.00995075

-2.20312 0.0395124
-2.1875 0.0397531

-2.1875 0.039753
-2.17188 0.0399816

-2.17188 0.0399816
-2.15625 0.0401982

-2.15625 0.0401982
-2.14062 0.0404031

-2.14062 0.040403
-2.125 0.0405963

-0.203125 0.00995074
-0.1875 0.00944719

-2.125 0.0405963
-2.10938 0.0407781

-2.10938 0.0407781
-2.09375 0.0409487

0.875 -0.0257114
0.890625 -0.0261888

-2.09375 0.0409486
-2.07812 0.041108

-2.07812 0.041108
-2.0625 0.0412564

0.890625 -0.0261888
0.90625 -0.0266633

-2.0625 0.0412564
-2.04688 0.0413939

-2.04688 0.0413939
-2.03125 0.0415208

0.90625 -0.0266633
0.921875 -0.0271348

2.5 -0.037307
2.51562 -0.0367402

0.921875 -0.0271348
0.9375 -0.0276031

2.51562 -0.0367403
2.53125 -0.0361523

2.53125 -0.0361524
2.54688 -0.0355428

2.54688 -0.0355429
2.5625 -0.0349116

0.9375 -0.0276031
0.953125 -0.0280682

0.953125 -0.0280682
0.96875 -0.0285299

-2.03125 0.0415208
-2.01562 0.0416371

0.96875 -0.02853
0.984375 -0.0289883

-0.1875 0.00944718
-0.171875 0.0089419

0.984375 -0.0289883
1 -0.0294431

-0.171875 0.00894189
-0.15625 0.00843494

-2.01562 0.0416371
-2 0.0417431

-0.15625 0.00843493
-0.140625 0.00792637

-0.140625 0.00792635
-0.125 0.00741623

2.5625 -0.0349116
2.57812 -0.0342581

2.57812 -0.0342582
2.59375 -0.0335821

2.59375 -0.0335822
2.60938 -0.0328833

-0.125 0.00741621
-0.109375 0.00690458

2.60938 -0.0328833
2.625 -0.0321612

-0.109375 0.00690456
-0.09375 0.00639147

-0.09375 0.00639146
-0.078125 0.00587697

2.625 -0.0321613
2.64062 -0.0314156

2.64062 -0.0314123
2.64392 -0.03125

-0.078125 0.00587695
-0.0625 0.00536111

2.64401 -0.03125
2.65625 -0.030647

-2 0.041743
-1.98438 0.0418388

-1.98438 0.0418387
-1.96875 0.0419245

-0.0625 0.0053611
-0.046875 0.00484395

-1.96875 0.0419244
-1.95312 0.0420002

2.65625 -0.0306462
2.67188 -0.0298522

-0.046875 0.00484394
-0.03125 0.00432555

-0.03125 0.00432554
-0.015625 0.00380596

-1.95312 0.0420002
-1.9375 0.0420662

2.67188 -0.0298523
2.6875 -0.0290335

1 -0.0294431
1.01562 -0.0298942

1.01562 -0.0298943
1.03125 -0.0303417

2.6875 -0.0290336
2.70312 -0.0281898

2.70312 -0.0281899
2.71875 -0.0273205

2.71875 -0.0273206
2.73438 -0.0264254

2.73438 -0.0264255
2.75 -0.0255041

-0.015625 0.00380595
0 0.00328522

-1.9375 0.0420662
-1.92188 0.0421226

-1.92188 0.0421226
-1.90625 0.0421695

-1.90625 0.0421695
-1.89062 0.0422071

-1.89062 0.042207
-1.875 0.0422354

2.75 -0.0255042
2.76562 -0.0245562

-1.875 0.0422353
-1.85938 0.0422546

2.76562 -0.0245563
2.78125 -0.0235814

2.78125 -0.0235815
2.79688 -0.0225791

2.79688 -0.0225792
2.8125 -0.0215491

-1.85938 0.0422545
-1.84375 0.0422648

-1.84375 0.0422647
-1.82812 0.0422661

2.8125 -0.0215492
2.82812 -0.020491

-1.82812 0.0422661
-1.8125 0.0422586

1.03125 -0.0303417
1.04688 -0.0307853

2.82812 -0.0204911
2.84375 -0.0194042

-1.8125 0.0422586
-1.79688 0.0422425

-1.79688 0.0422425
-1.78125 0.0422178

1.04688 -0.0307853
1.0625 -0.031225

1.07812 -0.0316613
1.06337 -0.03125

1.07812 -0.0316607
1.09375 -0.0320921

1.0625 -0.0312174
1.06367 -0.03125

-1.78125 0.0422178
-1.76562 0.0421847

1.09375 -0.0320921
1.10938 -0.0325191

1.10938 -0.0325191
1.125 -0.0329416

-1.76562 0.0421847
-1.75 0.0421432

1.125 -0.0329417
1.14062 -0.0333597

1.14062 -0.0333597
1.15625 -0.0337731

-1.75 0.0421432
-1.73438 0.0420935

-1.73438 0.0420934
-1.71875 0.0420355

2.84375 -0.0194044
2.85938 -0.0182885

-1.71875 0.0420355
-1.70312 0.0419695

1.15625 -0.0337731
1.17188 -0.0341818

2.85938 -0.0182886
2.875 -0.0171434

1.17188 -0.0341818
1.1875 -0.0345857

1.1875 -0.0345858
1.20312 -0.0349848

1.20312 -0.0349848
1.21875 -0.0353788

1.21875 -0.0353789
1.23438 -0.0357678

1.23438 -0.0357679
1.25 -0.0361517

-1.70312 0.0419695
-1.6875 0.0418955

-1.6875 0.0418955
-1.67188 0.0418136

2.875 -0.0171436
2.89062 -0.0159686

2.89062 -0.0159541
2.89489 -0.015625

2.89516 -0.015625
2.90625 -0.0147694

2.90625 -0.0147638
2.92188 -0.0135281

2.92188 -0.0135282
2.9375 -0.0122617

-1.67188 0.0418135
-1.65625 0.0417239

-1.65625 0.0417238
-1.64062 0.0416264

-1.64062 0.0416264
-1.625 0.0415214

2.9375 -0.0122618
2.95312 -0.010964

2.95312 -0.0109639
2.96875 -0.00963472

2.96875 -0.00963474
2.98438 -0.00827434

-1.625 0.0415214
-1.60938 0.041409

2.98438 -0.00827264
3 -0.00688435

-1.60938 0.0414089
-1.59375 0.0412891

-1.59375 0.0412891
-1.57812 0.041162

-1.57812 0.041162
-1.5625 0.0410277

-1.5625 0.0410277
-1.54688 0.0408864

1.25 -0.0361517
1.26562 -0.0365302

3 -0.00688632
3.03125 -0.00405288

-1.54688 0.0408864
-1.53125 0.0407382

-1.53125 0.0407381
-1.51562 0.0405831

-1.51562 0.0405831
-1.5 0.0404212

3.03125 -0.00355376
3.0625 -0.00164553

3.0625 -0.00204468
3.125 -0.000478492

3.125 -0.00117076
3.25 -9.67415e-05

3.25 -0.000647827
3.5 -5.67946e-05

1.26562 -0.0365302
1.28125 -0.0369033

1.28125 -0.0369034
1.29688 -0.037271

1.29688 -0.037271
1.3125 -0.0376331

1.3125 -0.0376331
1.32812 -0.0379894

1.32812 -0.0379894
1.34375 -0.0383399

1.34375 -0.03834
1.35938 -0.0386845

1.35938 -0.0386845
1.375 -0.039023

3.5 -0.000636799
3.94735 0

1.375 -0.039023
1.39062 -0.0393553

1.39062 -0.0393554
1.40625 -0.0396813

1.40625 -0.0396814
1.42188 -0.0400009

1.42188 -0.040001
1.4375 -0.040314

1.4375 -0.040314
1.45312 -0.0406203

1.45312 -0.0406203
1.46875 -0.0409198

1.46875 -0.0409199
1.48438 -0.0412124

1.48438 -0.0412125
1.5 -0.0414979

