-1.33333 4.95877e-05
-1.16667 9.64556e-05

0.34375 0.0021926
0.348958 0.0022217

0.348958 0.00222171
0.354167 0.00225049

0.354167 0.00225049
0.359375 0.00227896

-1.01042 -2.48054e-05
-1.0122 -3.72966e-17

-1.01042 -5.09469e-05
-1 -0.000240368

0.359375 0.00227896
0.364583 0.00230709

0.364583 0.00230709
0.369792 0.00233489

0.369792 0.00233489
0.375 0.00236235

0.375 0.00236235
0.380208 0.00238945

-1.16667 0.000102202
-1.08333 0.000123338

-1.08333 0.000188743
-1.04167 0.000160243

0.380208 0.00238945
0.385417 0.00241621

0.385417 0.00241621
0.390625 0.00244261

0.390625 0.00244261
0.395833 0.00246864

0.395833 0.00246865
0.401042 0.00249432

0.401042 0.00249432
0.40625 0.00251961

0.40625 0.00251962
0.411458 0.00254454

0.411458 0.00254454
0.416667 0.00256908

7.41594e-17 -9.06881e-05
0.00520833 -5.39671e-05

0.00520833 -5.39663e-05
0.0104167 -1.72264e-05

0.416667 0.00256908
0.421875 0.00259323

-1.04167 0.000226261
-1.02083 0.000117653

0.421875 0.00259324
0.427083 0.002617

0.0104167 -1.74423e-05
0.0128884 -1.86483e-17

-1.02083 0.000118172
-1.01236 -7.37257e-17

-1 -0.000240287
-0.994792 -0.000333273

0.427083 0.002617
0.432292 0.00264036

0.432292 0.00264037
0.4375 0.00266333

-0.994792 -0.000333371
-0.989583 -0.000424598

-0.989583 -0.000424591
-0.984375 -0.000513876

-0.984375 -0.000513882
-0.979167 -0.000601224

0.4375 0.00266333
0.442708 0.00268588

-0.979167 -0.000601216
-0.973958 -0.000686616

0.442708 0.00268588
0.447917 0.00270801

0.447917 0.00270802
0.453125 0.00272973

0.453125 0.00272973
0.458333 0.00275101

-0.973958 -0.000686613
-0.96875 -0.000770096

0.0128303 -3.68629e-17
0.015625 1.97212e-05

0.015625 1.95305e-05
0.0208333 5.62914e-05

0.0208333 5.62923e-05
0.0260417 9.30558e-05

0.458333 0.00275101
0.463542 0.00277185

0.0260417 9.30567e-05
0.03125 0.000129819

0.03125 0.00012982
0.0364583 0.000166579

0.0364583 0.000166579
0.0416667 0.00020333

0.463542 0.00277185
0.46875 0.00279224

0.0416667 0.000203331
0.046875 0.00024007

0.046875 0.00024007
0.0520833 0.000276794

-0.34375 -0.00229155
-0.338542 -0.00226446

-0.338542 -0.00226445
-0.333333 -0.00223704

0.0520833 0.000276795
0.0572917 0.000313501

0.0572917 0.000313502
0.0625 0.000350185

0.0625 0.000350186
0.0677083 0.000386842

-0.96875 -0.000770089
-0.963542 -0.000851676

0.0677083 0.000386843
0.0729167 0.00042347

0.0729167 0.000423471
0.078125 0.000460064

0.078125 0.000460065
0.0833333 0.00049662

-0.333333 -0.00223704
-0.328125 -0.0022093

-0.963542 -0.000851671
-0.958333 -0.000931386

0.0833333 0.000496621
0.0885417 0.000533133

0.46875 0.00279225
0.473958 0.00281219

0.473958 0.00281219
0.479167 0.00283167

0.0885417 0.000533134
0.09375 0.0005696

-0.958333 -0.000931379
-0.953125 -0.00100924

-0.953125 -0.00100924
-0.947917 -0.00108528

-0.947917 -0.00108527
-0.942708 -0.00115952

-0.328125 -0.0022093
-0.322917 -0.00218126

0.479167 0.00283167
0.484375 0.00285068

0.484375 0.00285068
0.489583 0.00286922

0.489583 0.00286922
0.494792 0.00288727

0.494792 0.00288727
0.5 0.00290482

-0.322917 -0.00218126
-0.317708 -0.00215292

0.09375 0.000569601
0.0989583 0.000606016

-0.942708 -0.00115951
-0.9375 -0.00123198

-0.317708 -0.00215292
-0.3125 -0.00212429

0.0989583 0.000606017
0.104167 0.000642377

0.5 0.00290482
0.505208 0.00292187

-0.3125 -0.00212429
-0.307292 -0.00209537

-0.307292 -0.00209537
-0.302083 -0.00206619

-0.302083 -0.00206618
-0.296875 -0.00203673

-0.296875 -0.00203673
-0.291667 -0.00200702

-0.291667 -0.00200702
-0.286458 -0.00197707

-0.286458 -0.00197707
-0.28125 -0.00194687

-0.28125 -0.00194687
-0.276042 -0.00191644

0.104167 0.000642378
0.109375 0.00067868

-0.9375 -0.00123198
-0.932292 -0.0013027

-0.932292 -0.0013027
-0.927083 -0.00137171

-0.927083 -0.0013717
-0.921875 -0.00143901

-0.921875 -0.00143901
-0.916667 -0.00150465

0.109375 0.000678681
0.114583 0.000714919

0.114583 0.00071492
0.119792 0.000751091

-0.916667 -0.00150465
-0.911458 -0.00156864

0.119792 0.000751092
0.125 0.000787192

0.505208 0.00292187
0.510417 0.0029384

0.125 0.000787193
0.130208 0.000823218

-0.911458 -0.00156863
-0.90625 -0.00163099

-0.90625 -0.00163099
-0.901042 -0.00169175

-0.901042 -0.00169174
-0.895833 -0.00175091

-0.895833 -0.00175091
-0.890625 -0.00180852

-0.890625 -0.00180851
-0.885417 -0.00186459

-0.885417 -0.00186458
-0.880208 -0.00191914

-0.880208 -0.00191913
-0.875 -0.00197219

-0.875 -0.00197219
-0.869792 -0.00202377

-0.869792 -0.00202376
-0.864583 -0.00207389

-0.864583 -0.00207388
-0.859375 -0.00212257

-0.859375 -0.00212257
-0.854167 -0.00216984

-0.854167 -0.00216983
-0.848958 -0.0022157

-0.848958 -0.0022157
-0.84375 -0.00226019

-0.84375 -0.00226019
-0.838542 -0.00230332

-0.838542 -0.00230331
-0.833333 -0.00234511

0.130208 0.000823219
0.135417 0.000859167

0.135417 0.000859167
0.140625 0.000895034

0.140625 0.000895034
0.145833 0.000930816

0.145833 0.000930817
0.151042 0.000966512

0.151042 0.000966512
0.15625 0.00100212

0.15625 0.00100212
0.161458 0.00103763

0.161458 0.00103763
0.166667 0.00107305

0.166667 0.00107305
0.171875 0.00110837

0.171875 0.00110837
0.177083 0.00114359

0.177083 0.0011436
0.182292 0.00117872

0.182292 0.00117872
0.1875 0.00121373

0.1875 0.00121373
0.192708 0.00124864

0.192708 0.00124864
0.197917 0.00128344

0.197917 0.00128344
0.203125 0.00131813

0.203125 0.00131813
0.208333 0.0013527

-0.833333 -0.0023451
-0.828125 -0.00238558

0.208333 0.0013527
0.213542 0.00138715

0.213542 0.00138715
0.21875 0.00142147

0.21875 0.00142147
0.223958 0.00145567

0.223958 0.00145567
0.229167 0.00148973

-0.276042 -0.00191644
-0.270833 -0.00188579

-0.270833 -0.00188578
-0.265625 -0.00185491

-0.265625 -0.00185491
-0.260417 -0.00182383

-0.260417 -0.00182383
-0.255208 -0.00179254

-0.255208 -0.00179254
-0.25 -0.00176106

0.229167 0.00148973
0.234375 0.00152366

0.234375 0.00152366
0.239583 0.00155744

0.239583 0.00155744
0.244792 0.00159107

0.244792 0.00159107
0.25 0.00162455

0.25 0.00162455
0.255208 0.00165787

0.255208 0.00165787
0.260417 0.00169102

0.510417 0.0029384
0.515625 0.00295441

0.260417 0.00169102
0.265625 0.001724

-0.828125 -0.00238557
-0.822917 -0.00242474

0.265625 0.001724
0.270833 0.0017568

-0.25 -0.00176106
-0.244792 -0.00172938

-0.822917 -0.00242474
-0.817708 -0.00246263

-0.244792 -0.00172938
-0.239583 -0.00169751

0.270833 0.0017568
0.276042 0.00178941

0.276042 0.00178942
0.28125 0.00182183

-0.817708 -0.00246262
-0.8125 -0.00249924

0.28125 0.00182183
0.286458 0.00185405

0.286458 0.00185405
0.291667 0.00188605

0.515625 0.00295441
0.520833 0.00296987

0.291667 0.00188606
0.296875 0.00191784

-0.239583 -0.00169751
-0.234375 -0.00166546

0.296875 0.00191784
0.302083 0.0019494

-0.8125 -0.00249924
-0.807292 -0.00253461

0.520833 0.00296988
0.526042 0.00298479

-0.807292 -0.00253461
-0.802083 -0.00256874

0.526042 0.0029848
0.53125 0.00299915

-0.234375 -0.00166546
-0.229167 -0.00163324

0.53125 0.00299916
0.536458 0.00301294

0.536458 0.00301294
0.541667 0.00302614

0.302083 0.0019494
0.307292 0.00198072

-0.229167 -0.00163324
-0.223958 -0.00160084

-0.223958 -0.00160084
-0.21875 -0.00156828

-0.21875 -0.00156828
-0.213542 -0.00153555

0.307292 0.00198073
0.3125 0.0020118

-0.802083 -0.00256874
-0.796875 -0.00260166

-0.796875 -0.00260166
-0.791667 -0.00263337

-0.791667 -0.00263337
-0.786458 -0.0026639

-0.786458 -0.00266389
-0.78125 -0.00269325

0.541667 0.00302615
0.546875 0.00303875

0.546875 0.00303875
0.552083 0.00305075

0.552083 0.00305075
0.557292 0.00306212

0.557292 0.00306213
0.5625 0.00307287

-0.213542 -0.00153555
-0.208333 -0.00150267

-0.78125 -0.00269324
-0.776042 -0.00272144

-0.776042 -0.00272144
-0.770833 -0.0027485

0.3125 0.0020118
0.317708 0.00204262

0.317708 0.00204263
0.322917 0.00207318

0.322917 0.00207319
0.328125 0.00210347

0.328125 0.00210347
0.333333 0.00213347

0.5625 0.00307287
0.567708 0.00308298

0.567708 0.00308298
0.572917 0.00309243

0.572917 0.00309244
0.578125 0.00310123

0.578125 0.00310123
0.583333 0.00310936

-0.770833 -0.00274849
-0.765625 -0.00277443

0.333333 0.00213348
0.338542 0.00216319

0.338542 0.00216319
0.34375 0.0021926

-0.208333 -0.00150267
-0.203125 -0.00146962

0.583333 0.00310936
0.588542 0.00311681

-0.765625 -0.00277443
-0.760417 -0.00279926

-0.760417 -0.00279925
-0.755208 -0.00282299

-0.755208 -0.00282299
-0.75 -0.00284565

-0.203125 -0.00146962
-0.197917 -0.00143643

-0.75 -0.00284565
-0.744792 -0.00286726

-0.744792 -0.00286725
-0.739583 -0.00288781

-0.739583 -0.00288781
-0.734375 -0.00290735

-0.197917 -0.00143643
-0.192708 -0.00140308

0.588542 0.00311681
0.59375 0.00312357

-0.734375 -0.00290734
-0.729167 -0.00292586

0.59375 0.00312357
0.598958 0.00312963

-0.192708 -0.00140308
-0.1875 -0.00136959

0.598958 0.00312963
0.604167 0.00313499

-0.729167 -0.00292586
-0.723958 -0.00294338

0.604167 0.00313499
0.609375 0.00313963

-0.1875 -0.00136959
-0.182292 -0.00133595

-0.182292 -0.00133595
-0.177083 -0.00130218

-0.177083 -0.00130218
-0.171875 -0.00126826

-0.171875 -0.00126826
-0.166667 -0.00123421

-0.723958 -0.00294338
-0.71875 -0.00295991

-0.71875 -0.00295991
-0.713542 -0.00297547

-0.713542 -0.00297546
-0.708333 -0.00299006

0.609375 0.00313964
0.614583 0.00314355

0.614583 0.00314356
0.619792 0.00314674

0.619792 0.00314674
0.625 0.00314918

-0.708333 -0.00299006
-0.703125 -0.00300371

-0.703125 -0.00300371
-0.697917 -0.00301642

-0.697917 -0.00301642
-0.692708 -0.00302821

-0.692708 -0.0030282
-0.6875 -0.00303908

0.625 0.00314918
0.630208 0.00315086

0.630208 0.00315086
0.635417 0.00315178

0.635417 0.00315178
0.640625 0.00315191

0.640625 0.00315192
0.645833 0.00315126

-0.6875 -0.00303908
-0.682292 -0.00304906

-0.682292 -0.00304906
-0.677083 -0.00305816

-0.166667 -0.00123421
-0.161458 -0.00120002

-0.161458 -0.00120002
-0.15625 -0.0011657

-0.15625 -0.0011657
-0.151042 -0.00113125

-0.151042 -0.00113124
-0.145833 -0.00109667

-0.677083 -0.00305816
-0.671875 -0.00306638

-0.671875 -0.00306638
-0.666667 -0.00307375

0.645833 0.00315126
0.651042 0.0031498

0.651042 0.0031498
0.65625 0.00314752

-0.145833 -0.00109666
-0.140625 -0.00106196

-0.140625 -0.00106196
-0.135417 -0.00102713

0.65625 0.00314752
0.661458 0.00314441

-0.666667 -0.00307375
-0.661458 -0.00308028

-0.661458 -0.00308027
-0.65625 -0.00308597

-0.65625 -0.00308597
-0.651042 -0.00309085

-0.135417 -0.00102713
-0.130208 -0.000992184

-0.651042 -0.00309085
-0.645833 -0.00309493

0.661458 0.00314441
0.666667 0.00314044

-0.645833 -0.00309493
-0.640625 -0.00309822

-0.640625 -0.00309822
-0.635417 -0.00310074

-0.130208 -0.000992183
-0.125 -0.00095712

-0.635417 -0.00310074
-0.630208 -0.00310249

-0.125 -0.000957119
-0.119792 -0.000921942

-0.119792 -0.000921941
-0.114583 -0.000886654

-0.114583 -0.000886653
-0.109375 -0.000851261

0.666667 0.00314045
0.671875 0.00313561

-0.630208 -0.00310249
-0.625 -0.00310349

0.671875 0.00313562
0.677083 0.0031299

0.677083 0.00312991
0.682292 0.00312329

-0.625 -0.00310348
-0.619792 -0.00310374

-0.619792 -0.00310374
-0.614583 -0.00310326

-0.109375 -0.00085126
-0.104167 -0.000815765

0.682292 0.0031233
0.6875 0.00311577

-0.614583 -0.00310326
-0.609375 -0.00310206

-0.609375 -0.00310206
-0.604167 -0.00310015

-0.104167 -0.000815764
-0.0989583 -0.000780172

0.6875 0.00311577
0.692708 0.00310732

-0.0989583 -0.000780171
-0.09375 -0.000744485

-0.09375 -0.000744484
-0.0885417 -0.000708709

0.692708 0.00310732
0.697917 0.00309793

0.697917 0.00309793
0.703125 0.00308758

-0.604167 -0.00310015
-0.598958 -0.00309753

-0.598958 -0.00309753
-0.59375 -0.00309422

-0.0885417 -0.000708708
-0.0833333 -0.000672848

0.703125 0.00308758
0.708333 0.00307626

-0.0833333 -0.000672846
-0.078125 -0.000636905

0.708333 0.00307626
0.713542 0.00306395

-0.078125 -0.000636904
-0.0729167 -0.000600885

-0.59375 -0.00309422
-0.588542 -0.00309022

-0.0729167 -0.000600884
-0.0677083 -0.000564793

0.713542 0.00306395
0.71875 0.00305064

-0.0677083 -0.000564792
-0.0625 -0.000528632

-0.588542 -0.00309022
-0.583333 -0.00308554

-0.0625 -0.000528631
-0.0572917 -0.000492405

-0.0572917 -0.000492404
-0.0520833 -0.000456118

0.71875 0.00305065
0.723958 0.00303632

0.723958 0.00303633
0.729167 0.00302098

0.729167 0.00302098
0.734375 0.00300459

-0.0520833 -0.000456117
-0.046875 -0.000419773

-0.046875 -0.000419772
-0.0416667 -0.000383375

-0.583333 -0.00308554
-0.578125 -0.0030802

-0.578125 -0.00308019
-0.572917 -0.00307419

-0.572917 -0.00307419
-0.567708 -0.00306753

-0.567708 -0.00306753
-0.5625 -0.00306023

-0.0416667 -0.000383374
-0.0364583 -0.000346927

-0.0364583 -0.000346926
-0.03125 -0.000310433

-0.03125 -0.000310432
-0.0260417 -0.000273896

-0.0260417 -0.000273895
-0.0208333 -0.00023732

-0.5625 -0.00306023
-0.557292 -0.00305229

-0.557292 -0.00305229
-0.552083 -0.00304373

0.734375 0.00300459
0.739583 0.00298715

0.739583 0.00298715
0.744792 0.00296863

-0.0208333 -0.000237319
-0.015625 -0.000200707

-0.015625 -0.000200707
-0.0104167 -0.000164063

0.744792 0.00296863
0.75 0.00294902

-0.0104167 -0.000164062
-0.00520833 -0.000127389

-0.00520833 -0.000127388
-7.41594e-17 -9.0689e-05

-0.552083 -0.00304373
-0.546875 -0.00303455

-0.546875 -0.00303455
-0.541667 -0.00302476

0.75 0.00294903
0.755208 0.00292831

0.755208 0.00292831
0.760417 0.00290647

-0.541667 -0.00302476
-0.536458 -0.00301438

-0.536458 -0.00301438
-0.53125 -0.00300341

-0.53125 -0.00300341
-0.526042 -0.00299187

-0.526042 -0.00299187
-0.520833 -0.00297977

-0.520833 -0.00297977
-0.515625 -0.00296711

0.760417 0.00290648
0.765625 0.00288349

0.765625 0.0028835
0.770833 0.00285935

-0.515625 -0.00296711
-0.510417 -0.00295391

-0.510417 -0.00295391
-0.505208 -0.00294018

0.770833 0.00285935
0.776042 0.00283402

0.776042 0.00283403
0.78125 0.0028075

-0.505208 -0.00294017
-0.5 -0.00292592

0.78125 0.0028075
0.786458 0.00277976

0.786458 0.00277976
0.791667 0.00275077

0.791667 0.00275078
0.796875 0.00272054

0.796875 0.00272054
0.802083 0.00268903

0.802083 0.00268903
0.807292 0.00265623

0.807292 0.00265623
0.8125 0.00262212

0.8125 0.00262212
0.817708 0.00258669

0.817708 0.00258669
0.822917 0.00254991

0.822917 0.00254992
0.828125 0.00251177

0.828125 0.00251178
0.833333 0.00247225

-0.5 -0.00292592
-0.494792 -0.00291115

-0.494792 -0.00291115
-0.489583 -0.00289588

-0.489583 -0.00289588
-0.484375 -0.00288012

-0.484375 -0.00288011
-0.479167 -0.00286386

-0.479167 -0.00286386
-0.473958 -0.00284713

-0.473958 -0.00284713
-0.46875 -0.00282992

-0.46875 -0.00282992
-0.463542 -0.00281225

-0.463542 -0.00281225
-0.458333 -0.00279413

0.833333 0.00247226
0.838542 0.00243133

0.838542 0.00243134
0.84375 0.00238899

0.84375 0.00238899
0.848958 0.00234519

0.848958 0.0023452
0.854167 0.00229993

0.854167 0.00229993
0.859375 0.00225317

0.859375 0.00225317
0.864583 0.00220489

0.864583 0.00220489
0.869792 0.00215507

0.869792 0.00215508
0.875 0.00210369

-0.458333 -0.00279413
-0.453125 -0.00277555

-0.453125 -0.00277555
-0.447917 -0.00275653

-0.447917 -0.00275653
-0.442708 -0.00273707

-0.442708 -0.00273707
-0.4375 -0.00271718

-0.4375 -0.00271718
-0.432292 -0.00269687

0.875 0.0021037
0.880208 0.00205073

0.880208 0.00205073
0.885417 0.00199616

-0.432292 -0.00269687
-0.427083 -0.00267613

-0.427083 -0.00267613
-0.421875 -0.00265499

0.885417 0.00199617
0.890625 0.00193996

0.890625 0.00193997
0.895833 0.00188211

-0.421875 -0.00265499
-0.416667 -0.00263344

0.895833 0.00188211
0.901042 0.00182257

-0.416667 -0.00263344
-0.411458 -0.00261148

-0.411458 -0.00261148
-0.40625 -0.00258913

-0.40625 -0.00258913
-0.401042 -0.00256638

-0.401042 -0.00256638
-0.395833 -0.00254325

0.901042 0.00182258
0.90625 0.00176133

0.90625 0.00176134
0.911458 0.00169836

0.911458 0.00169836
0.916667 0.00163362

0.916667 0.00163363
0.921875 0.0015671

0.921875 0.00156711
0.927083 0.00149877

-0.395833 -0.00254325
-0.390625 -0.00251974

0.927083 0.00149878
0.932292 0.00142861

0.932292 0.00142862
0.9375 0.0013566

-0.390625 -0.00251973
-0.385417 -0.00249584

-0.385417 -0.00249584
-0.380208 -0.00247157

0.9375 0.00135661
0.942708 0.00128271

0.942708 0.00128272
0.947917 0.0012069

-0.380208 -0.00247157
-0.375 -0.00244692

0.947917 0.00120691
0.953125 0.00112914

0.953125 0.00112914
0.958333 0.00104938

-0.375 -0.00244692
-0.369792 -0.00242191

0.958333 0.00104939
0.963542 0.000967613

0.963542 0.000967621
0.96875 0.000883799

-0.369792 -0.00242191
-0.364583 -0.00239654

-0.364583 -0.00239654
-0.359375 -0.00237082

0.96875 0.000883803
0.973958 0.000797913

0.973958 0.00079792
0.979167 0.000709936

0.979167 0.000709943
0.984375 0.000619837

0.984375 0.000619836
0.989583 0.000527597

0.989583 0.000527595
0.994792 0.000433227

0.994792 0.000433134
1 0.000336827

-0.359375 -0.00237081
-0.354167 -0.00234474

-0.354167 -0.00234474
-0.348958 -0.00231831

-0.348958 -0.00231831
-0.34375 -0.00229155

1.02083 -1.7683e-05
1.01945 -3.72966e-17

1.02083 -2.29562e-06
1.04167 -0.00010581

1.04167 -5.59747e-05
1.08333 -0.000105023

1.08333 -5.46647e-05
1.16667 -5.89202e-05

1 0.000337009
1.01042 0.00014016

1.01042 0.000103518
1.0185 -7.37257e-17

1.16667 -3.92905e-05
1.33333 -1.85447e-05

1.16667 7.00912e-06
1.33333 5.08578e-06

