-3.5 -0.000588117
-3.67183 0

-4 0.000566642
-3.70812 0

-3.25 -0.00105737
-3.43307 0

1 0.112734
1.01562 0.114794

-3.125 -0.00215241
-3.2466 0

-3.125 -0.000684873
-3.0625 -0.00386844

1.01562 0.114794
1.03125 0.116847

-3.0625 -0.00265621
-3.03125 -0.00673782

-3.03125 -0.00794821
-3 -0.0145233

-3.5 0.000257742
-3.45537 0

-3.25 9.80482e-05
-3.24446 0

1.03125 0.116848
1.04688 0.118892

-2.98438 -0.0178775
-2.995 -0.015625

-3 -0.0144693
-2.99455 -0.015625

1.04688 0.118892
1.0625 0.120926

1.0625 0.120926
1.07812 0.122948

1.07812 0.122947
1.09375 0.124955

1.09375 0.124961
1.09406 0.125

1.09409 0.125
1.10938 0.12695

1.10938 0.12695
1.125 0.128926

-2.98438 -0.0178474
-2.96875 -0.0211631

-2.96875 -0.021164
-2.95312 -0.0244772

1.125 0.128927
1.14062 0.130888

-2.95312 -0.0244783
-2.9375 -0.0277851

1.14062 0.130889
1.15625 0.132832

1.15625 0.132833
1.17188 0.134755

1.17188 0.134756
1.1875 0.136655

1.1875 0.136656
1.20312 0.13853

-2.90625 -0.0343634
-2.92106 -0.03125

1.20312 0.138531
1.21875 0.140377

1.21875 0.140391
1.22076 0.140625

-2.9375 -0.0277858
-2.92188 -0.0310825

-2.90625 -0.0343685
-2.89062 -0.0376408

1.2209 0.140625
1.23438 0.14219

1.23438 0.142193
1.25 0.143976

-2.89062 -0.0376415
-2.875 -0.0408985

-2.875 -0.0408989
-2.85938 -0.0441382

1.25 0.143976
1.26562 0.145727

1.26562 0.145727
1.28125 0.147445

1.28125 0.147445
1.29688 0.149127

1.29688 0.149128
1.3125 0.150772

-2.84375 -0.0472517
-2.84558 -0.046875

1.3125 0.150773
1.32812 0.152378

1.32812 0.152378
1.34375 0.15394

1.34375 0.153941
1.35938 0.155458

1.35938 0.155476
1.36761 0.15625

1.368 0.15625
1.375 0.156908

-2.85938 -0.0441557
-2.84618 -0.046875

-2.84375 -0.0473586
-2.82812 -0.050557

1.375 0.156928
1.39062 0.158349

1.39062 0.15835
1.40625 0.159722

1.40625 0.159722
1.42188 0.161044

1.42188 0.161045
1.4375 0.162314

1.4375 0.162315
1.45312 0.16353

1.45312 0.163531
1.46875 0.16469

1.46875 0.16469
1.48438 0.165791

1.48438 0.165792
1.5 0.166832

-2.82812 -0.0505576
-2.8125 -0.0537332

-2.76562 -0.0629559
-2.76793 -0.0625

-2.76562 -0.0631019
-2.75 -0.0661645

-2.8125 -0.0537338
-2.79688 -0.0568843

-2.79688 -0.0568849
-2.78125 -0.0600079

-2.78125 -0.0600395
-2.76882 -0.0625

-2.75 -0.0661652
-2.73438 -0.0691954

-2.73438 -0.069196
-2.71875 -0.072191

-2.71875 -0.0721915
-2.70312 -0.0751491

-2.70312 -0.0751496
-2.6875 -0.0780675

-2.67188 -0.080944
-2.68718 -0.078125

-2.67188 -0.0809452
-2.65625 -0.08378

-2.65625 -0.0837805
-2.64062 -0.0865707

-2.64062 -0.0865713
-2.625 -0.0893147

1.5 0.166832
1.51562 0.167809

-2.59375 -0.0941437
-2.59608 -0.09375

-2.625 -0.089315
-2.60938 -0.0920096

-2.60938 -0.0922123
-2.60029 -0.09375

-2.59375 -0.0946541
-2.57812 -0.0972466

-2.57812 -0.0972473
-2.5625 -0.0997867

-2.5625 -0.0997871
-2.54688 -0.102271

-2.54688 -0.102272
-2.53125 -0.104699

-2.53125 -0.104699
-2.51562 -0.107068

1.51562 0.167809
1.53125 0.16872

-1 -0.110547
-0.984559 -0.109375

0 -0.0148715
0.015625 -0.0130652

-2.51562 -0.107069
-2.50002 -0.109375

0.015625 -0.0130637
0.03125 -0.0112458

-2.375 -0.125632
-2.38049 -0.125

-2.5 -0.109378
-2.48438 -0.111627

-2.48438 -0.111627
-2.46875 -0.113814

-2.46875 -0.113814
-2.45312 -0.115938

-2.45312 -0.115938
-2.4375 -0.117998

-2.4375 -0.117999
-2.42188 -0.119993

-2.42188 -0.119994
-2.40625 -0.121923

-2.40625 -0.121923
-2.39062 -0.123786

-2.39062 -0.123763
-2.37987 -0.125

-2.375 -0.125584
-2.35938 -0.127314

-2.35938 -0.127314
-2.34375 -0.128978

-2.34375 -0.128978
-2.32812 -0.130576

-2.32812 -0.130576
-2.3125 -0.132108

-2.3125 -0.132108
-2.29688 -0.133576

0.03125 -0.0112459
0.046875 -0.00941952

0.046875 -0.00941916
0.0625 -0.00758478

-2.29688 -0.133576
-2.28125 -0.134978

0.0625 -0.00758456
0.078125 -0.00574331

0.078125 -0.00574297
0.09375 -0.00389593

0.09375 -0.00389571
0.109375 -0.00204399

0.109375 -0.00204351
0.125 -0.000188544

1.53125 0.168721
1.54688 0.169565

1.54688 0.169565
1.5625 0.17034

0.125 -0.000136868
0.12615 0

-0.984539 -0.109375
-0.984375 -0.109363

-0.984375 -0.109363
-0.96875 -0.108165

0.126639 0
0.140625 0.00166487

0.140625 0.00166994
0.15625 0.00353779

0.15625 0.00353793
0.171875 0.00541363

0.171875 0.00541384
0.1875 0.00729666

0.1875 0.00729684
0.203125 0.00918601

0.203125 0.00918618
0.21875 0.011081

0.21875 0.0110811
0.234375 0.0129809

0.234375 0.0129812
0.25 0.0148854

0.25 0.0149872
0.255222 0.015625

-0.96875 -0.108165
-0.953125 -0.106954

-0.953125 -0.106954
-0.9375 -0.105731

-0.9375 -0.105731
-0.921875 -0.104497

-0.921875 -0.104497
-0.90625 -0.103252

1.5625 0.17034
1.57812 0.171045

1.57812 0.171045
1.59375 0.171679

1.59375 0.171682
1.59913 0.171875

1.59926 0.171875
1.60938 0.172238

1.60938 0.17224
1.625 0.172729

0.256562 0.015625
0.265625 0.0167319

0.265625 0.0167922
0.28125 0.0187079

0.28125 0.0187086
0.296875 0.0206331

-2.28125 -0.134978
-2.26562 -0.136316

-2.26562 -0.136316
-2.25 -0.137591

-2.25 -0.13759
-2.23438 -0.138802

-2.23438 -0.138802
-2.21875 -0.139954

-2.20312 -0.141074
-2.20955 -0.140625

-2.21875 -0.139935
-2.20888 -0.140625

-2.20312 -0.141046
-2.1875 -0.142079

-2.1875 -0.142079
-2.17188 -0.143052

-2.17188 -0.143052
-2.15625 -0.143966

-2.15625 -0.143966
-2.14062 -0.144819

-2.14062 -0.144819
-2.125 -0.145614

-2.125 -0.145614
-2.10938 -0.14635

-2.10938 -0.146349
-2.09375 -0.147027

-2.09375 -0.147027
-2.07812 -0.147648

-2.07812 -0.147647
-2.0625 -0.148215

-2.0625 -0.148214
-2.04688 -0.14873

-2.04688 -0.14873
-2.03125 -0.149197

-2.03125 -0.149197
-2.01562 -0.149615

-2.01562 -0.149614
-2 -0.149984

-2 -0.149984
-1.98438 -0.150306

-1.98438 -0.150306
-1.96875 -0.15058

-1.96875 -0.15058
-1.95312 -0.150807

-0.90625 -0.103252
-0.890625 -0.101996

-0.890625 -0.101996
-0.875 -0.100731

-0.875 -0.100731
-0.859375 -0.0994561

1.625 0.172729
1.64062 0.173145

-0.859375 -0.099456
-0.84375 -0.0981725

-0.84375 -0.0981724
-0.828125 -0.0968802

-0.828125 -0.0968802
-0.8125 -0.0955797

1.64062 0.173145
1.65625 0.173488

1.65625 0.173488
1.67188 0.173758

1.67188 0.173758
1.6875 0.173955

-1.95312 -0.150807
-1.9375 -0.150989

-0.8125 -0.0955796
-0.796875 -0.0942708

-1.9375 -0.150988
-1.92188 -0.151124

1.6875 0.173955
1.70312 0.174079

1.70312 0.174079
1.71875 0.174128

1.71875 0.174128
1.73438 0.174103

1.73438 0.174103
1.75 0.174003

1.75 0.174003
1.76562 0.173829

1.76562 0.173829
1.78125 0.173581

1.78125 0.173581
1.79688 0.173259

-0.796875 -0.0941956
-0.791596 -0.09375

-0.790128 -0.09375
-0.78125 -0.0930006

-0.78125 -0.0929531
-0.765625 -0.0916212

-0.765625 -0.0916209
-0.75 -0.0902763

1.79688 0.173259
1.8125 0.172863

1.8125 0.172863
1.82812 0.172396

1.84375 0.171855
1.84318 0.171875

-0.75 -0.0902762
-0.734375 -0.0889198

-1.92188 -0.151124
-1.90625 -0.151216

1.82812 0.172396
1.84321 0.171875

1.84375 0.171856
1.85938 0.171247

1.84375 0.171882
1.84393 0.171875

1.85938 0.171246
1.875 0.170568

1.875 0.170568
1.89062 0.169821

1.89062 0.169821
1.90625 0.169009

-0.734375 -0.0889197
-0.71875 -0.087552

0.296875 0.0206331
0.3125 0.0225649

-0.71875 -0.0875518
-0.703125 -0.0861733

-0.703125 -0.0861731
-0.6875 -0.0847842

-0.6875 -0.0847841
-0.671875 -0.0833854

-0.671875 -0.0833852
-0.65625 -0.0819773

-0.65625 -0.0819772
-0.640625 -0.0805605

-0.640625 -0.0805605
-0.625 -0.0791355

0.3125 0.0225652
0.328125 0.0245037

0.328125 0.024504
0.34375 0.0264482

-0.625 -0.0791095
-0.614269 -0.078125

-0.613253 -0.078125
-0.609375 -0.0777692

1.90625 0.169008
1.92188 0.168131

-0.609375 -0.0777034
-0.59375 -0.0762583

1.92188 0.168131
1.9375 0.167191

-1.90625 -0.151215
-1.89062 -0.151265

1.9375 0.16719
1.95312 0.166189

1.95312 0.166188
1.96875 0.165127

1.96875 0.165127
1.98438 0.164008

1.98438 0.164008
2 0.162833

-0.59375 -0.0762576
-0.578125 -0.0747999

-0.578125 -0.0747998
-0.5625 -0.0733309

0.34375 0.0264485
0.359375 0.0283972

0.359375 0.0283976
0.375 0.0303497

0.375 0.0304264
0.381584 0.03125

0.382713 0.03125
0.390625 0.0322397

-1.89062 -0.151264
-1.875 -0.151274

0.390625 0.0323026
0.40625 0.0342627

0.40625 0.0342632
0.421875 0.036231

0.421875 0.0362309
0.4375 0.0382057

0.4375 0.0382059
0.453125 0.0401875

-1.875 -0.151274
-1.85938 -0.151244

-1.85938 -0.151244
-1.84375 -0.151177

-1.84375 -0.151177
-1.82812 -0.151072

-1.82812 -0.151072
-1.8125 -0.150931

-0.5625 -0.0733307
-0.546875 -0.0718512

-0.546875 -0.0718509
-0.53125 -0.0703618

-0.53125 -0.0703615
-0.515625 -0.0688637

-0.515625 -0.0688634
-0.5 -0.067358

-0.5 -0.0673577
-0.484375 -0.0658459

-0.484375 -0.0658457
-0.46875 -0.0643285

-0.46875 -0.064328
-0.453125 -0.0628065

-0.453125 -0.0626017
-0.452085 -0.0625

-0.449617 -0.0625
-0.4375 -0.0613152

-0.4375 -0.06128
-0.421875 -0.0597436

-0.421875 -0.0597433
-0.40625 -0.0581989

-0.40625 -0.0581988
-0.390625 -0.0566472

-0.390625 -0.0566471
-0.375 -0.0550888

-0.375 -0.0550887
-0.359375 -0.0535243

-0.359375 -0.0535242
-0.34375 -0.051954

-0.34375 -0.051954
-0.328125 -0.0503782

-0.328125 -0.0503783
-0.3125 -0.0487967

-0.3125 -0.0487967
-0.296875 -0.0472091

-0.296875 -0.0470942
-0.294729 -0.046875

-0.293341 -0.046875
-0.28125 -0.0456402

-0.28125 -0.0456147
-0.265625 -0.0440078

-0.265625 -0.0440077
-0.25 -0.0423893

-0.25 -0.0423895
-0.234375 -0.0407595

-0.234375 -0.0407596
-0.21875 -0.0391178

-0.21875 -0.0391178
-0.203125 -0.037464

-0.203125 -0.037464
-0.1875 -0.0357982

-0.1875 -0.0357981
-0.171875 -0.0341204

-0.171875 -0.0341205
-0.15625 -0.0324312

-0.15625 -0.032366
-0.145993 -0.03125

-0.143825 -0.03125
-0.140625 -0.0309019

-0.140625 -0.0307327
-0.125 -0.0290191

-0.125 -0.0290179
-0.109375 -0.0272889

-0.109375 -0.027289
-0.09375 -0.0255468

-0.09375 -0.0255465
-0.078125 -0.0237913

-0.078125 -0.023791
-0.0625 -0.0220242

-0.0625 -0.0220238
-0.046875 -0.0202466

-0.046875 -0.0202461
-0.03125 -0.0184602

-0.03125 -0.0184599
-0.015625 -0.016667

-0.015625 -0.0165144
-0.00789353 -0.015625

-0.00459425 -0.015625
0 -0.0150965

0.453125 0.0401876
0.46875 0.0421757

0.46875 0.0421758
0.484375 0.0441701

0.484375 0.0441703
0.5 0.0461704

2 0.162832
2.01562 0.161603

2.01562 0.161603
2.03125 0.160322

2.03125 0.160321
2.04688 0.158989

2.04688 0.158989
2.0625 0.157608

2.07812 0.156179
2.09375 0.154705

2.0625 0.157605
2.07733 0.15625

2.09375 0.154705
2.10938 0.153187

2.10938 0.153187
2.125 0.151627

-1.8125 -0.150931
-1.79688 -0.150755

-1.79688 -0.150755
-1.78125 -0.150543

-1.78125 -0.150543
-1.76562 -0.150297

2.125 0.151627
2.14062 0.150026

2.14062 0.150026
2.15625 0.148386

0.5 0.0462117
0.505167 0.046875

0.505661 0.046875
0.515625 0.0481541

0.515625 0.0481753
0.53125 0.0501884

0.53125 0.0501885
0.546875 0.0522101

0.546875 0.0522099
0.5625 0.0542399

0.5625 0.05424
0.578125 0.0562787

0.578125 0.0562792
0.59375 0.0583253

0.59375 0.0583255
0.609375 0.0603775

0.609375 0.0603762
0.625 0.0624365

0.625 0.0624416
0.625442 0.0625

0.625468 0.0625
0.640625 0.0645057

0.640625 0.0645048
0.65625 0.0665782

0.65625 0.0665781
0.671875 0.0686595

0.671875 0.0686599
0.6875 0.0707485

2.15625 0.148386
2.17188 0.146708

2.17188 0.146708
2.1875 0.144993

0.6875 0.0707488
0.703125 0.0728432

0.703125 0.0728435
0.71875 0.0749426

0.71875 0.074943
0.734375 0.0770452

0.734375 0.0770796
0.74214 0.078125

0.742657 0.078125
0.75 0.0791136

0.75 0.0791484
0.765625 0.0812546

0.765625 0.0812552
0.78125 0.0833648

0.78125 0.0833649
0.796875 0.0854764

0.796875 0.0854766
0.8125 0.0875893

2.1875 0.144993
2.20312 0.143243

2.20312 0.143243
2.21875 0.141459

0.8125 0.0875897
0.828125 0.0897025

0.828125 0.0897029
0.84375 0.0918143

0.84375 0.0918229
0.858046 0.09375

0.859014 0.09375
0.859375 0.0937986

-1.76562 -0.150297
-1.75 -0.150016

2.23438 0.139681
2.22625 0.140625

-1.75 -0.150016
-1.73438 -0.149703

-1.73438 -0.149703
-1.71875 -0.149358

2.21875 0.141414
2.22554 0.140625

2.23438 0.139643
2.25 0.137794

-1.71875 -0.149358
-1.70312 -0.148983

2.35938 0.124081
2.35238 0.125

-1.70312 -0.148982
-1.6875 -0.148578

0.859375 0.0939197
0.875 0.0960228

2.35938 0.124014
2.375 0.121934

2.25 0.137794
2.26562 0.135914

2.26562 0.135914
2.28125 0.134003

-1.6875 -0.148577
-1.67188 -0.148146

-1.67188 -0.148145
-1.65625 -0.147688

-1.65625 -0.147687
-1.64062 -0.147205

-1.64062 -0.147205
-1.625 -0.146699

-1.625 -0.146698
-1.60938 -0.146169

-1.60938 -0.146168
-1.59375 -0.145615

-1.59375 -0.145615
-1.57812 -0.145039

-1.57812 -0.145039
-1.5625 -0.14444

0.875 0.0960239
0.890625 0.0981264

0.890625 0.0981262
0.90625 0.100227

0.90625 0.100227
0.921875 0.102325

0.921875 0.102326
0.9375 0.10442

0.9375 0.104421
0.953125 0.10651

0.953125 0.10651
0.96875 0.108593

0.96875 0.108625
0.974403 0.109375

-1.5625 -0.14444
-1.54688 -0.143819

-1.54688 -0.143819
-1.53125 -0.143176

-1.53125 -0.143176
-1.51562 -0.142511

-1.51562 -0.142511
-1.5 -0.141825

0.974784 0.109375
0.984375 0.110648

0.984375 0.110666
1 0.112733

-1.5 -0.141825
-1.48438 -0.141118

-1.48438 -0.141113
-1.47393 -0.140625

-1.47357 -0.140625
-1.46875 -0.1404

-1.46875 -0.140388
-1.45312 -0.139633

-1.45312 -0.139633
-1.4375 -0.138854

-1.4375 -0.138854
-1.42188 -0.138054

2.28125 0.134003
2.29688 0.132062

2.29688 0.132062
2.3125 0.130092

-1.42188 -0.138053
-1.40625 -0.137231

-1.40625 -0.13723
-1.39062 -0.136388

-1.39062 -0.136388
-1.375 -0.135527

2.3125 0.130092
2.32812 0.128093

2.32812 0.128093
2.34375 0.126067

2.34375 0.126006
2.3514 0.125

2.375 0.121934
2.39062 0.119827

2.39062 0.119827
2.40625 0.117692

-1.375 -0.135527
-1.35938 -0.134649

-1.35938 -0.134648
-1.34375 -0.133754

-1.34375 -0.133754
-1.32812 -0.132843

-1.32812 -0.132843
-1.3125 -0.131917

2.40625 0.117692
2.42188 0.115531

2.42188 0.115531
2.4375 0.113343

-1.3125 -0.131917
-1.29688 -0.130977

-1.29688 -0.130977
-1.28125 -0.130023

-1.28125 -0.130023
-1.26562 -0.129056

-1.26562 -0.129056
-1.25 -0.128076

2.4375 0.113343
2.45312 0.111129

2.46875 0.108923
2.4656 0.109375

-1.25 -0.128075
-1.23438 -0.127082

-1.23438 -0.127082
-1.21875 -0.126076

-1.21875 -0.126075
-1.20312 -0.125056

-1.20221 -0.125
-1.1875 -0.124026

2.45312 0.111119
2.46529 0.109375

2.46875 0.108888
2.48438 0.106621

2.48438 0.106621
2.5 0.104327

-1.1875 -0.124023
-1.17188 -0.12297

-1.17188 -0.12297
-1.15625 -0.121901

-1.15625 -0.121901
-1.14062 -0.120817

-1.14062 -0.120817
-1.125 -0.119719

-1.125 -0.119719
-1.10938 -0.118609

-1.10938 -0.118608
-1.09375 -0.117486

2.5 0.104327
2.51562 0.102007

2.51562 0.102007
2.53125 0.0996587

-1.09375 -0.117486
-1.07812 -0.116353

-1.07812 -0.116353
-1.0625 -0.11521

-1.0625 -0.115209
-1.04688 -0.114057

-1.04688 -0.114057
-1.03125 -0.112895

-1.03125 -0.112895
-1.01562 -0.111725

-1.01562 -0.111725
-1 -0.110547

2.53125 0.0996586
2.54688 0.0972838

2.54688 0.0972838
2.5625 0.0948823

2.57812 0.092471
2.56989 0.09375

2.57812 0.0924545
2.59375 0.0899993

2.5625 0.0948632
2.56966 0.09375

2.59375 0.0899994
2.60938 0.0875165

2.60938 0.0875166
2.625 0.0850057

2.625 0.0850057
2.64062 0.0824667

2.64062 0.0824667
2.65625 0.0798997

2.67188 0.0773054
2.66694 0.078125

2.65625 0.0798994
2.66693 0.078125

2.67188 0.0773048
2.6875 0.0746814

2.6875 0.0746814
2.70312 0.0720293

2.70312 0.0720293
2.71875 0.0693482

2.71875 0.0693482
2.73438 0.0666384

2.73438 0.0666384
2.75 0.0638999

2.76562 0.0611227
2.75785 0.0625

2.76562 0.0611328
2.78125 0.0583366

2.78125 0.0583366
2.79688 0.0555113

2.79688 0.0555113
2.8125 0.0526568

2.75 0.0639098
2.75796 0.0625

2.8125 0.0526567
2.82812 0.0497734

2.84375 0.0468607
2.84367 0.046875

2.82812 0.0497733
2.84368 0.046875

2.84375 0.0468612
2.85938 0.0439207

2.85938 0.0439208
2.875 0.0409517

2.875 0.0409517
2.89062 0.0379542

2.89062 0.0379541
2.90625 0.0349284

2.9375 0.0287727
2.92494 0.03125

2.90625 0.0349282
2.92188 0.0318747

2.92188 0.0319538
2.92544 0.03125

2.9375 0.028794
2.95312 0.0256865

2.95312 0.0256867
2.96875 0.0225521

2.96875 0.0225518
2.98438 0.0193904

2.98438 0.0193914
3 0.0162016

3.25 -9.68374e-05
3.24539 0

3.5 -0.000234529
3.46325 0

3 0.0162166
3.03125 0.00971592

3.03125 0.00871306
3.0625 0.00405169

3.0625 0.00461289
3.125 0.000735386

3.125 0.00257568
3.24763 0

3.25 0.00132223
3.45715 0

4 -0.000432063
3.78764 0

3.5 0.00100458
3.7629 0

