-4 0.00100019
-3.5 0.00220215

-3.5 0.000795884
-3.25 0.00195937

-3.25 0.000604193
-3.125 0.00307803

-1.5 0.173004
-1.48438 0.173934

-1.48438 0.173934
-1.46875 0.174863

-1.46875 0.174864
-1.45312 0.175792

-1.45312 0.175792
-1.4375 0.176718

-1.4375 0.176718
-1.42188 0.17764

-1.42188 0.17764
-1.40625 0.178557

-1.40625 0.178557
-1.39062 0.179469

-3.125 0.00123828
-3.0625 0.00505207

-3.0625 0.00329583
-3.03125 0.00840778

-1.39062 0.179469
-1.375 0.180373

-3.03125 0.0101913
-3 0.0184537

-1.375 0.180373
-1.35938 0.18127

-1.35938 0.18127
-1.34375 0.182157

-1.34375 0.182158
-1.32812 0.183035

-1.32812 0.183036
-1.3125 0.183903

-1.3125 0.183903
-1.29688 0.184758

-1.29688 0.184758
-1.28125 0.185599

-1.28125 0.185599
-1.26562 0.186425

-1.26562 0.186425
-1.25 0.187233

-3 0.018422
-2.98438 0.0223992

-2.98438 0.0224032
-2.96875 0.0262819

-2.96875 0.026281
-2.95312 0.0300549

-2.95312 0.0298962
-2.94736 0.03125

-1.25 0.18723
-1.24464 0.1875

-1.24474 0.1875
-1.23438 0.188022

-1.23438 0.188021
-1.21875 0.188785

-2.94838 0.03125
-2.9375 0.0338065

-2.9375 0.0337256
-2.92188 0.0372973

-2.92188 0.0372966
-2.90625 0.0407709

-2.90625 0.0407701
-2.89062 0.04415

-2.89062 0.0441273
-2.87757 0.046875

-2.87814 0.046875
-2.875 0.0475365

-1.21875 0.188785
-1.20312 0.189524

-1.20312 0.189524
-1.1875 0.190235

-2.875 0.0474375
-2.85938 0.0506366

-2.85938 0.050636
-2.84375 0.0537479

-2.84375 0.0537472
-2.82812 0.0567745

-1.1875 0.190235
-1.17188 0.190915

0.203125 -0.00337898
0.191116 0

0.203125 -0.00345458
0.21875 -0.00785351

0.21875 -0.00785405
0.234375 -0.0122526

0.25 -0.016544
0.246734 -0.015625

0.234375 -0.0122833
0.24625 -0.015625

0.25 -0.0166495
0.265625 -0.0210442

1.5 -0.229402
1.51562 -0.228829

-1.17188 0.190916
-1.15625 0.191563

1.51562 -0.228828
1.53125 -0.228181

1.53125 -0.22818
1.54688 -0.227464

1.54688 -0.227463
1.5625 -0.226679

1.5625 -0.226678
1.57812 -0.22583

1.57812 -0.225829
1.59375 -0.224918

1.59375 -0.224918
1.60938 -0.223946

1.60938 -0.223946
1.625 -0.222916

1.625 -0.222916
1.64062 -0.221827

1.64062 -0.221828
1.65625 -0.220681

1.65625 -0.22068
1.67188 -0.219476

1.67188 -0.219394
1.67987 -0.21875

1.68231 -0.21875
1.6875 -0.218332

1.6875 -0.218214
1.70312 -0.216911

1.70312 -0.216909
1.71875 -0.215567

1.71875 -0.215565
1.73438 -0.214192

1.73438 -0.214191
1.75 -0.21279

1.75 -0.21279
1.76562 -0.211367

1.76562 -0.211366
1.78125 -0.209923

1.78125 -0.209923
1.79688 -0.208462

1.79688 -0.208462
1.8125 -0.206985

1.8125 -0.206985
1.82812 -0.205491

1.82812 -0.205491
1.84375 -0.203982

1.84375 -0.20391
1.85178 -0.203125

1.85351 -0.203125
1.85938 -0.202552

1.85938 -0.202456
1.875 -0.20091

1.875 -0.200909
1.89062 -0.199344

1.89062 -0.199343
1.90625 -0.197762

1.90625 -0.19776
1.92188 -0.19617

0.265625 -0.0210449
0.28125 -0.0254363

0.3125 -0.0341402
0.302189 -0.03125

0.28125 -0.0254366
0.296875 -0.0298227

0.296875 -0.029957
0.301488 -0.03125

0.3125 -0.0342031
0.328125 -0.0385757

0.328125 -0.0385762
0.34375 -0.04294

0.359375 -0.0472352
0.358082 -0.046875

0.34375 -0.0429461
0.357851 -0.046875

0.359375 -0.0472939
0.375 -0.0516357

0.421875 -0.0642923
0.415359 -0.0625

0.421875 -0.0645788
0.4375 -0.0688596

0.375 -0.0516362
0.390625 -0.0559653

0.390625 -0.0559658
0.40625 -0.0602801

0.40625 -0.0605458
0.413354 -0.0625

0.4375 -0.0688602
0.453125 -0.073122

0.453125 -0.0731226
0.46875 -0.0773631

0.484375 -0.0814978
0.471881 -0.078125

0.46875 -0.078025
0.46912 -0.078125

0.484375 -0.0815818
0.5 -0.0857762

0 0.0529743
0.015625 0.0487403

0.03125 0.0447289
0.0233785 0.046875

0.015625 0.0484091
0.0212517 0.046875

0.03125 0.0444805
0.046875 0.040194

0.046875 0.040192
0.0625 0.0358835

0.09375 0.0272281
0.0792754 0.03125

0.0625 0.0358824
0.078125 0.031558

0.078125 0.0313797
0.0785919 0.03125

0.09375 0.0272161
0.109375 0.0228583

0.109375 0.0228574
0.125 0.0184896

0.140625 0.0143652
0.136126 0.015625

0.125 0.0183652
0.134785 0.015625

0.140625 0.0141143
0.15625 0.00972959

0.15625 0.00972786
0.171875 0.0053364

0.171875 0.00533593
0.1875 0.000942131

0.1875 0.000614886
0.189685 0

-1.15625 0.191563
-1.14062 0.192174

-1.14062 0.192175
-1.125 0.192747

0.5 -0.0857768
0.515625 -0.0899452

0.515625 -0.0899608
0.529925 -0.09375

0.53125 -0.094086
0.546875 -0.098197

0.546875 -0.0981979
0.5625 -0.102278

0.5625 -0.102279
0.578125 -0.106326

0.578125 -0.106484
0.589385 -0.109375

0.59375 -0.110339
0.609375 -0.114315

0.609375 -0.114316
0.625 -0.118255

0.65625 -0.125211
0.655394 -0.125

0.65625 -0.126012
0.671875 -0.129826

0.671875 -0.129827
0.6875 -0.133596

0.6875 -0.133597
0.703125 -0.13732

0.703125 -0.137342
0.717086 -0.140625

0.71875 -0.140995
0.734375 -0.14462

0.734375 -0.144621
0.75 -0.148195

0.625 -0.118255
0.640625 -0.122154

0.640625 -0.122333
0.651431 -0.125

0.75 -0.148196
0.765625 -0.151717

0.765625 -0.151717
0.78125 -0.155183

0.796875 -0.15856
0.786291 -0.15625

0.796875 -0.158593
0.8125 -0.161945

0.78125 -0.155259
0.785794 -0.15625

0.8125 -0.161946
0.828125 -0.165238

0.828125 -0.165238
0.84375 -0.168469

0.84375 -0.16847
0.859375 -0.171638

0.875 -0.17474
0.860575 -0.171875

0.859375 -0.171651
0.860504 -0.171875

1.92188 -0.196169
1.9375 -0.194572

-2.82812 0.0567738
-2.8125 0.0597191

1.9375 -0.194572
1.95312 -0.192971

1.95312 -0.192971
1.96875 -0.191365

1.96875 -0.191365
1.98438 -0.189754

-1.125 0.192747
-1.10938 0.193277

1.98438 -0.189754
2 -0.188136

0.875 -0.174741
0.890625 -0.177779

0.890625 -0.177779
0.90625 -0.180749

0.90625 -0.18075
0.921875 -0.18365

-1.10938 0.193278
-1.09375 0.193764

0.921875 -0.18365
0.9375 -0.18648

-2.8125 0.0597178
-2.79733 0.0625

0.953125 -0.189226
0.943341 -0.1875

-2.79743 0.0625
-2.79688 0.062602

-1.09375 0.193764
-1.07812 0.194202

-2.79688 0.062584
-2.78125 0.0653725

2 -0.188065
2.00543 -0.1875

0.953125 -0.189237
0.96875 -0.191919

-1.07812 0.194203
-1.0625 0.19459

-1.0625 0.194591
-1.04688 0.194926

-2.78125 0.0653718
-2.76562 0.0680846

-1.04688 0.194926
-1.03125 0.195207

-1.03125 0.195207
-1.01562 0.195432

-2.76562 0.0680841
-2.75 0.0707238

-1.01562 0.195432
-1 0.195599

-2.75 0.0707232
-2.73438 0.0732919

-2.73438 0.0732914
-2.71875 0.0757914

-2.71875 0.07579
-2.70376 0.078125

0.96875 -0.19192
0.984375 -0.194527

0.984375 -0.194527
1 -0.197057

-2.70388 0.078125
-2.70312 0.078242

0.9375 -0.186498
0.943181 -0.1875

2.00655 -0.1875
2.01562 -0.186556

-2.70312 0.078224
-2.6875 0.0805925

-1 0.1956
-0.984375 0.195707

-0.984375 0.195708
-0.96875 0.195755

2.01562 -0.186512
2.03125 -0.184876

-2.6875 0.0805919
-2.67188 0.0828969

2.03125 -0.184877
2.04688 -0.18323

2.04688 -0.18323
2.0625 -0.18157

-0.96875 0.195755
-0.953125 0.195739

1 -0.197057
1.01562 -0.199508

-0.953125 0.19574
-0.9375 0.19566

1.01562 -0.199509
1.03125 -0.201879

1.04688 -0.204182
1.03965 -0.203125

1.03125 -0.201866
1.03985 -0.203125

-2.67188 0.0828964
-2.65625 0.0851399

1.04688 -0.204168
1.0625 -0.206372

-0.9375 0.195661
-0.921875 0.195516

1.0625 -0.206372
1.07812 -0.208492

-0.921875 0.195516
-0.90625 0.195304

2.0625 -0.18157
2.07812 -0.179898

1.07812 -0.208492
1.09375 -0.210525

2.07812 -0.179898
2.09375 -0.178217

1.09375 -0.210525
1.10938 -0.21247

-0.90625 0.195305
-0.890625 0.195024

1.10938 -0.21247
1.125 -0.214325

-0.890625 0.195024
-0.875 0.194672

1.125 -0.214326
1.14062 -0.21609

1.14062 -0.21609
1.15625 -0.217763

1.17188 -0.219391
1.16554 -0.21875

1.17188 -0.219343
1.1875 -0.220827

2.09375 -0.178217
2.10938 -0.176529

-2.65625 0.0851394
-2.64062 0.0873234

2.10938 -0.176529
2.125 -0.174832

-0.875 0.194673
-0.859375 0.194249

2.125 -0.174833
2.14062 -0.173127

-2.64062 0.0873229
-2.625 0.0894495

-0.859375 0.19425
-0.84375 0.193753

-0.84375 0.193753
-0.828125 0.193181

-2.625 0.089449
-2.60938 0.0915201

-2.60938 0.0915197
-2.59375 0.0935371

-0.828125 0.193182
-0.8125 0.192534

-0.8125 0.192534
-0.796875 0.191809

-0.796875 0.191809
-0.78125 0.191006

-0.78125 0.191006
-0.765625 0.190123

-0.765625 0.190123
-0.75 0.189161

-0.71875 0.187017
-0.725467 0.1875

-0.71875 0.186995
-0.703125 0.185787

-0.703125 0.185787
-0.6875 0.184493

-0.75 0.189161
-0.734375 0.188119

-0.734375 0.188101
-0.726026 0.1875

-0.6875 0.184493
-0.671875 0.183115

-0.671875 0.183115
-0.65625 0.18165

-0.65625 0.18165
-0.640625 0.1801

-0.640625 0.180099
-0.625 0.178464

-0.625 0.178464
-0.609375 0.176743

-0.609375 0.176743
-0.59375 0.174939

-0.59375 0.174938
-0.578125 0.173051

-0.5625 0.171125
-0.568442 0.171875

-0.578125 0.17302
-0.569049 0.171875

-0.5625 0.17108
-0.546875 0.169023

-0.546875 0.169023
-0.53125 0.166882

-0.53125 0.166881
-0.515625 0.164657

-0.515625 0.164656
-0.5 0.16235

-0.5 0.16235
-0.484375 0.159964

-0.484375 0.159963
-0.46875 0.157499

-0.453125 0.155018
-0.460695 0.15625

-0.453125 0.154955
-0.4375 0.152332

-0.46875 0.157434
-0.461477 0.15625

-0.4375 0.152331
-0.421875 0.149631

-0.421875 0.14963
-0.40625 0.146854

-0.40625 0.146853
-0.390625 0.144004

-0.390625 0.144004
-0.375 0.141083

-0.28125 0.122118
-0.29478 0.125

-0.28125 0.1221
-0.265625 0.118707

-0.265625 0.118706
-0.25 0.115253

-0.359375 0.138111
-0.372503 0.140625

-0.375 0.140958
-0.373259 0.140625

-0.359375 0.13809
-0.34375 0.135026

-0.34375 0.135025
-0.328125 0.131892

-0.328125 0.131892
-0.3125 0.128693

-0.3125 0.128692
-0.296875 0.125428

-0.296875 0.125291
-0.295509 0.125

-0.25 0.115252
-0.234375 0.111739

-0.21875 0.108258
-0.223637 0.109375

-0.234375 0.111695
-0.224224 0.109375

-0.21875 0.108169
-0.203125 0.104541

-0.203125 0.10454
-0.1875 0.100855

1.15625 -0.217733
1.16631 -0.21875

-2.59375 0.0934381
-2.59127 0.09375

-2.59217 0.09375
-2.57812 0.0955165

2.14062 -0.173081
2.15161 -0.171875

-2.57812 0.0955014
-2.5625 0.0974148

2.15334 -0.171875
2.15625 -0.171556

1.1875 -0.220828
1.20312 -0.222216

2.15625 -0.171412
2.17188 -0.169683

1.20312 -0.222216
1.21875 -0.223507

-0.15625 0.0933812
-0.157771 0.09375

1.21875 -0.223508
1.23438 -0.2247

-0.1875 0.100855
-0.171875 0.0971177

2.17188 -0.169684
2.1875 -0.167941

-0.171875 0.0971111
-0.158011 0.09375

-0.15625 0.0933297
-0.140625 0.0894905

-2.5625 0.0974144
-2.54688 0.099278

2.1875 -0.167942
2.20312 -0.166183

-0.140625 0.0894893
-0.125 0.0856005

2.20312 -0.166183
2.21875 -0.164408

1.23438 -0.2247
1.25 -0.225793

-2.54688 0.0992776
-2.53125 0.101093

2.21875 -0.164408
2.23438 -0.162616

1.25 -0.225794
1.26562 -0.226786

2.23438 -0.162616
2.25 -0.160807

-2.53125 0.101093
-2.51562 0.102862

1.26562 -0.226786
1.28125 -0.227678

-2.51562 0.102862
-2.5 0.104586

2.25 -0.160807
2.26562 -0.158981

2.26562 -0.158981
2.28125 -0.157136

1.28125 -0.227678
1.29688 -0.228467

1.29688 -0.228468
1.3125 -0.229155

-0.125 0.0855999
-0.109375 0.081665

-2.5 0.104586
-2.48438 0.106268

-0.09375 0.0777578
-0.095192 0.078125

2.28125 -0.157063
2.28806 -0.15625

-0.109375 0.0816561
-0.0955073 0.078125

1.3125 -0.229155
1.32812 -0.229739

-2.48438 0.106267
-2.46875 0.107908

1.32812 -0.229739
1.34375 -0.23022

1.34375 -0.23022
1.35938 -0.230597

-2.46875 0.107906
-2.45441 0.109375

2.28923 -0.15625
2.29688 -0.155337

-0.09375 0.0776866
-0.078125 0.0736642

2.29688 -0.155271
2.3125 -0.153383

-2.45458 0.109375
-2.45312 0.109524

1.35938 -0.230597
1.375 -0.230868

-2.45312 0.109508
-2.4375 0.11107

-0.078125 0.0736627
-0.0625 0.069598

2.3125 -0.153383
2.32812 -0.151471

-0.03125 0.0615539
-0.0348228 0.0625

-2.4375 0.111069
-2.42188 0.112593

1.375 -0.230869
1.39062 -0.231035

-2.42188 0.112592
-2.40625 0.114079

1.39062 -0.231034
1.40625 -0.231092

-0.03125 0.0613575
-0.015625 0.0571841

1.40625 -0.231092
1.42188 -0.231046

2.32812 -0.151471
2.34375 -0.149532

-2.40625 0.114079
-2.39062 0.11553

2.34375 -0.149532
2.35938 -0.147565

-2.39062 0.11553
-2.375 0.116948

2.35938 -0.147565
2.375 -0.14557

1.42188 -0.231045
1.4375 -0.230897

1.4375 -0.230895
1.45312 -0.230651

-2.375 0.116948
-2.35938 0.118333

-0.015625 0.057182
0 0.0529753

-2.35938 0.118332
-2.34375 0.119686

2.375 -0.14557
2.39062 -0.143545

1.45312 -0.23065
1.46875 -0.230317

2.39062 -0.143546
2.40625 -0.141491

-0.0625 0.0695972
-0.046875 0.0654948

-2.34375 0.119686
-2.32812 0.12101

-0.046875 0.0654246
-0.0358307 0.0625

-2.32812 0.121009
-2.3125 0.122305

2.40625 -0.14142
2.4122 -0.140625

2.41311 -0.140625
2.42188 -0.139453

-2.3125 0.122304
-2.29688 0.123572

-2.29688 0.123572
-2.28125 0.124814

1.46875 -0.230317
1.48438 -0.2299

1.48438 -0.229899
1.5 -0.229403

2.42188 -0.139404
2.4375 -0.137281

2.4375 -0.137282
2.45312 -0.135122

2.45312 -0.135122
2.46875 -0.132924

-2.28125 0.124768
-2.27827 0.125

-2.27898 0.125
-2.26562 0.12604

2.46875 -0.132924
2.48438 -0.130686

2.48438 -0.130687
2.5 -0.128408

-2.26562 0.126031
-2.25 0.127223

-2.25 0.127223
-2.23438 0.128392

-2.23438 0.128392
-2.21875 0.129539

-2.21875 0.129539
-2.20312 0.130665

-2.20312 0.130664
-2.1875 0.13177

-2.1875 0.13177
-2.17188 0.132857

-2.17188 0.132857
-2.15625 0.133926

-2.15625 0.133926
-2.14062 0.134979

2.5 -0.128408
2.51562 -0.126086

2.51562 -0.126021
2.52236 -0.125

-2.14062 0.134979
-2.125 0.136017

-2.125 0.136016
-2.10938 0.137039

-2.10938 0.137039
-2.09375 0.138048

-2.09375 0.138048
-2.07812 0.139045

-2.07812 0.139045
-2.0625 0.140029

2.52315 -0.125
2.53125 -0.123773

2.53125 -0.123719
2.54688 -0.121303

-2.0625 0.140019
-2.05276 0.140625

-2.05317 0.140625
-2.04688 0.141017

-2.04688 0.141001
-2.03125 0.141963

-2.03125 0.141963
-2.01562 0.142914

-2.01562 0.142914
-2 0.143856

2.54688 -0.121304
2.5625 -0.118838

2.5625 -0.118839
2.57812 -0.116322

2.57812 -0.116322
2.59375 -0.113752

2.59375 -0.113753
2.60938 -0.111127

2.60938 -0.111069
2.61924 -0.109375

2.62025 -0.109375
2.625 -0.10856

2.625 -0.108445
2.64062 -0.105703

2.64062 -0.105703
2.65625 -0.102898

2.65625 -0.102899
2.67188 -0.10003

2.67188 -0.100031
2.6875 -0.0970965

2.6875 -0.0970971
2.70312 -0.0940939

2.70312 -0.0941026
2.70492 -0.09375

2.70487 -0.09375
2.71875 -0.0910195

-2 0.143856
-1.98438 0.14479

-1.98438 0.14479
-1.96875 0.145718

-1.96875 0.145717
-1.95312 0.146639

-1.95312 0.146639
-1.9375 0.147555

2.71875 -0.0910211
2.73438 -0.0878739

2.73438 -0.0878744
2.75 -0.0846518

-1.9375 0.147555
-1.92188 0.148468

2.75 -0.0846524
2.76562 -0.0813519

2.76562 -0.0813515
2.78054 -0.078125

-1.92188 0.148468
-1.90625 0.149376

-1.90625 0.149376
-1.89062 0.150282

-1.89062 0.150282
-1.875 0.151185

-1.875 0.151185
-1.85938 0.152087

-1.85938 0.152087
-1.84375 0.152987

-1.84375 0.152987
-1.82812 0.153886

-1.82812 0.153886
-1.8125 0.154786

2.78066 -0.078125
2.78125 -0.0779975

2.78125 -0.0779722
2.79688 -0.0745084

-1.8125 0.154786
-1.79688 0.155686

-1.79688 0.155682
-1.78701 0.15625

-1.78719 0.15625
-1.78125 0.156593

-1.78125 0.156586
-1.76562 0.157487

2.79688 -0.0745091
2.8125 -0.0709602

2.8125 -0.0709609
2.82812 -0.0673244

-1.76562 0.157487
-1.75 0.158388

2.82812 -0.0673251
2.84375 -0.0635982

2.84375 -0.0636277
2.84836 -0.0625

2.8482 -0.0625
2.85938 -0.0597667

-1.75 0.158388
-1.73438 0.15929

-1.73438 0.15929
-1.71875 0.160193

-1.71875 0.160193
-1.70312 0.161097

-1.70312 0.161097
-1.6875 0.162001

-1.6875 0.162001
-1.67188 0.162907

-1.67188 0.162907
-1.65625 0.163814

2.85938 -0.0597791
2.875 -0.0558633

-1.65625 0.163813
-1.64062 0.164721

-1.64062 0.164721
-1.625 0.165631

2.875 -0.055864
2.89062 -0.0518498

2.89062 -0.0518506
2.90625 -0.047735

2.90625 -0.0477525
2.9095 -0.046875

-1.625 0.165631
-1.60938 0.166543

-1.60938 0.166543
-1.59375 0.167458

-1.59375 0.167457
-1.57812 0.168375

-1.57812 0.168375
-1.5625 0.169295

-1.5625 0.169295
-1.54688 0.170219

2.90942 -0.046875
2.92188 -0.0435114

2.92188 -0.0435165
2.9375 -0.0391901

2.9375 -0.039191
2.95312 -0.0347548

-1.54688 0.170219
-1.53125 0.171145

-1.53125 0.171145
-1.51896 0.171875

2.95312 -0.0346676
2.96486 -0.03125

2.96637 -0.03125
2.96875 -0.0305567

-1.51901 0.171875
-1.51562 0.172076

-1.51562 0.172074
-1.5 0.173004

2.96875 -0.030207
2.98438 -0.0255426

2.98438 -0.0255392
3 -0.0207652

3 -0.0208044
3.03125 -0.0108946

3.03125 -0.00854061
3.0625 -0.00284747

3.0625 -0.00547782
3.125 -0.00141947

3.125 -0.00332558
3.25 -0.000643546

3.25 -0.00207499
3.5 -0.000759643

3.5 -0.00227192
4 -0.000851047

