-2.25 0.42277
-2.23438 0.422649

-2.23438 0.422649
-2.21875 0.422551

-4 0.431616
-3.98438 0.431628

-3.98438 0.43163
-3.96875 0.431663

-3.96875 0.431665
-3.95312 0.431709

-3.95312 0.43171
-3.9375 0.43176

-3.9375 0.431759
-3.92188 0.431813

-2.21875 0.422551
-2.20312 0.422474

-2.20312 0.422475
-2.1875 0.422416

-2.1875 0.422416
-2.17188 0.422377

-2.17188 0.422377
-2.15625 0.422358

-2.15625 0.422359
-2.14062 0.42236

-2.14062 0.422359
-2.125 0.422379

-0.484375 0.31203
-0.486175 0.3125

-0.484375 0.311934
-0.46875 0.307853

-0.46875 0.30785
-0.453125 0.303769

-0.453125 0.303767
-0.4375 0.299697

-0.5 0.315994
-0.486606 0.3125

-0.421875 0.295796
-0.426029 0.296875

-0.4375 0.299635
-0.426876 0.296875

-0.421875 0.295641
-0.40625 0.291588

-0.40625 0.291586
-0.390625 0.287544

1.7362 0.125
1.75 0.126561

1.75 0.126526
1.76562 0.128307

1.76562 0.128307
1.78125 0.130103

1.78125 0.130103
1.79688 0.131912

1.79688 0.131912
1.8125 0.133734

1.8125 0.133734
1.82812 0.135568

1.82812 0.135568
1.84375 0.137413

1.84375 0.137413
1.85938 0.139269

1.85938 0.139254
1.87086 0.140625

1.87039 0.140625
1.875 0.141176

1.875 0.141136
1.89062 0.143008

1.89062 0.143008
1.90625 0.144886

1.90625 0.144886
1.92188 0.14677

1.92188 0.14677
1.9375 0.14866

1.9375 0.14866
1.95312 0.150554

1.95312 0.150554
1.96875 0.152456

1.96875 0.152456
1.98438 0.154365

1.98438 0.154364
1.99975 0.15625

1.99965 0.15625
2 0.156293

2 0.156073
2.00144 0.15625

2 0.156292
2.01562 0.15821

-3.92188 0.431814
-3.90625 0.431871

-3.90625 0.431871
-3.89062 0.431928

-3.89062 0.431928
-3.875 0.431984

-3.875 0.431983
-3.85938 0.432041

-3.85938 0.432042
-3.84375 0.432104

-3.84375 0.432104
-3.82812 0.432169

-3.82812 0.43217
-3.8125 0.432236

-3.8125 0.432236
-3.79688 0.432301

-3.79688 0.432301
-3.78125 0.432367

-3.78125 0.432367
-3.76562 0.432434

-3.76562 0.432434
-3.75 0.432501

-3.75 0.4325
-3.73438 0.432567

-3.73438 0.432568
-3.71875 0.432638

-3.71875 0.432638
-3.70312 0.432707

-3.70312 0.432707
-3.6875 0.432777

-3.6875 0.432776
-3.67188 0.432851

-3.67188 0.432851
-3.65625 0.432933

-3.65625 0.432933
-3.64062 0.433022

-3.64062 0.433022
-3.625 0.433119

-0.390625 0.287542
-0.375 0.283518

-0.359375 0.279673
-0.365522 0.28125

-0.359375 0.279512
-0.34375 0.275515

-0.375 0.283402
-0.36661 0.28125

-0.34375 0.275513
-0.328125 0.271534

-0.328125 0.271532
-0.3125 0.26758

-0.296875 0.263787
-0.304185 0.265625

-0.3125 0.267451
-0.30524 0.265625

-0.296875 0.263653
-0.28125 0.259742

-0.28125 0.259741
-0.265625 0.255854

-0.265625 0.255852
-0.25 0.251996

-0.234375 0.248287
-0.241369 0.25

-0.234375 0.24817
-0.21875 0.244366

-0.21875 0.244366
-0.203125 0.240588

-0.203125 0.240586
-0.1875 0.236837

-0.171875 0.23321
-0.176769 0.234375

-0.1875 0.236792
-0.177345 0.234375

-0.171875 0.233119
-0.15625 0.229429

-0.15625 0.229427
-0.140625 0.225768

-0.140625 0.225767
-0.125 0.222147

-0.109375 0.218582
-0.110109 0.21875

-0.109375 0.218567
-0.09375 0.215016

-0.125 0.222148
-0.110181 0.21875

-0.09375 0.215015
-0.078125 0.211498

-0.078125 0.211499
-0.0625 0.208014

-0.0625 0.208011
-0.046875 0.204561

-0.03125 0.2013
-0.0395912 0.203125

-0.046875 0.204346
-0.0412957 0.203125

-0.03125 0.201144
-0.015625 0.19775

-0.015625 0.197748
0 0.194388

-0.25 0.251894
-0.24227 0.25

0.046875 0.184575
0.0327432 0.1875

0.046875 0.184558
0.0625 0.181365

0 0.194387
0.015625 0.191068

0.015625 0.191067
0.03125 0.187792

0.0625 0.181363
0.078125 0.17822

0.078125 0.178219
0.09375 0.175132

0.09375 0.175132
0.109375 0.172104

0.125 0.169143
0.110645 0.171875

0.125 0.169132
0.140625 0.166209

0.140625 0.166208
0.15625 0.16334

0.15625 0.16334
0.171875 0.160529

0.171875 0.160528
0.1875 0.157775

0.203125 0.155172
0.196883 0.15625

0.203125 0.155079
0.21875 0.152432

0.1875 0.157707
0.195939 0.15625

0.21875 0.152431
0.234375 0.149834

0.234375 0.149834
0.25 0.147288

0.25 0.147288
0.265625 0.144796

0.265625 0.144796
0.28125 0.142358

0.296875 0.140045
0.293075 0.140625

0.28125 0.142334
0.292437 0.140625

0.296875 0.139974
0.3125 0.137635

0.3125 0.137635
0.328125 0.135344

0.328125 0.135343
0.34375 0.133101

0.34375 0.133101
0.359375 0.130909

0.359375 0.130908
0.375 0.128767

0.40625 0.124685
0.40384 0.125

0.40625 0.124639
0.421875 0.122646

0.421875 0.122645
0.4375 0.120698

0.4375 0.120697
0.453125 0.118798

0.453125 0.118798
0.46875 0.11695

0.46875 0.11695
0.484375 0.115152

0.484375 0.115152
0.5 0.113404

0.375 0.128766
0.390625 0.126676

0.390625 0.126668
0.403402 0.125

-3.625 0.433119
-3.60938 0.433223

-3.60938 0.433224
-3.59375 0.433334

-3.59375 0.433334
-3.57812 0.43345

-3.57812 0.43345
-3.5625 0.433569

-2.125 0.422379
-2.10938 0.422416

-3.5625 0.433569
-3.54688 0.433693

-2.10938 0.422416
-2.09375 0.42247

-3.54688 0.433693
-3.53125 0.433822

-3.53125 0.433823
-3.51562 0.433956

-2.09375 0.42247
-2.07812 0.42254

-2.07812 0.42254
-2.0625 0.422626

-2.0625 0.422627
-2.04688 0.422729

-2.04688 0.422729
-2.03125 0.422844

-3.51562 0.433956
-3.5 0.434092

-2.03125 0.422844
-2.01562 0.42297

-2.01562 0.422969
-2 0.423107

0.5 0.113404
0.515625 0.111706

0.515625 0.111705
0.53125 0.110059

0.546875 0.108536
0.53867 0.109375

0.53125 0.109964
0.537011 0.109375

0.546875 0.108464
0.5625 0.106909

0.5625 0.106909
0.578125 0.1054

0.578125 0.1054
0.59375 0.103936

0.59375 0.103935
0.609375 0.102518

0.609375 0.102517
0.625 0.101147

0.625 0.101146
0.640625 0.0998237

0.640625 0.0998234
0.65625 0.0985497

0.65625 0.0985495
0.671875 0.0973257

0.671875 0.0973257
0.6875 0.0961524

0.6875 0.0961529
0.703125 0.0950291

0.703125 0.0950279
0.71875 0.0939551

0.734375 0.0929568
0.722293 0.09375

0.734375 0.0929311
0.75 0.0919489

0.71875 0.0938136
0.719718 0.09375

-3.5 0.434091
-3.48438 0.43423

-3.48438 0.43423
-3.46875 0.434372

-2 0.423106
-1.98438 0.423256

-1.98438 0.423255
-1.96875 0.42342

-1.96875 0.42342
-1.95312 0.423602

-3.46875 0.434372
-3.45312 0.434518

-3.45312 0.434518
-3.4375 0.434666

-3.4375 0.434668
-3.42188 0.434814

-3.42188 0.434814
-3.40625 0.434953

-3.40625 0.434953
-3.39062 0.435086

-3.39062 0.435087
-3.375 0.435214

-3.375 0.435216
-3.35938 0.435332

-3.35938 0.435331
-3.34375 0.435433

0.75 0.0919487
0.765625 0.0910132

0.765625 0.091013
0.78125 0.0901248

0.78125 0.0901247
0.796875 0.0892844

0.796875 0.0892843
0.8125 0.0884923

0.8125 0.0884919
0.828125 0.0877488

-3.34375 0.435432
-3.32812 0.435522

-3.32812 0.435523
-3.3125 0.435604

-3.3125 0.435604
-3.29688 0.435674

-3.29688 0.435674
-3.28125 0.435729

0.828125 0.0877486
0.84375 0.0870558

2.01562 0.158199
2.03125 0.160119

2.03125 0.160118
2.04688 0.162049

2.04688 0.162049
2.0625 0.163991

2.0625 0.163992
2.07812 0.165944

2.07812 0.165945
2.09375 0.167904

2.09375 0.167904
2.10938 0.169868

2.10938 0.169867
2.125 0.171838

2.125 0.171721
2.12622 0.171875

2.12523 0.171875
2.14062 0.173821

2.14062 0.173815
2.15625 0.175789

2.15625 0.175788
2.17188 0.177765

2.17188 0.177765
2.1875 0.179747

2.1875 0.179747
2.20312 0.181734

2.20312 0.181735
2.21875 0.183726

2.21875 0.183727
2.23438 0.18572

-1.95312 0.423602
-1.9375 0.423801

-1.9375 0.423801
-1.92188 0.424016

-1.92188 0.424017
-1.90625 0.424245

2.23438 0.185719
2.24836 0.1875

2.24825 0.1875
2.25 0.187722

-1.90625 0.424245
-1.89062 0.424487

-1.89062 0.424487
-1.875 0.424743

-1.875 0.424743
-1.85938 0.425014

-1.85938 0.425015
-1.84375 0.4253

-1.84375 0.4253
-1.82812 0.425599

-1.82812 0.425598
-1.8125 0.42591

-1.8125 0.425909
-1.79688 0.426234

-1.79688 0.426235
-1.78125 0.426574

-1.78125 0.426575
-1.76562 0.426926

-1.76562 0.426926
-1.75 0.427288

2.25 0.187708
2.26562 0.189698

2.26562 0.189699
2.28125 0.19169

2.28125 0.191691
2.29688 0.19368

2.29688 0.193679
2.3125 0.195664

-1.75 0.427288
-1.73438 0.427661

-1.73438 0.427661
-1.71875 0.428048

-1.71875 0.428047
-1.70312 0.428448

-1.70312 0.428448
-1.6875 0.428864

2.3125 0.195663
2.32812 0.197649

2.32812 0.197649
2.34375 0.199639

-3.28125 0.435729
-3.26562 0.43577

-3.26562 0.435771
-3.25 0.435799

0.84375 0.0870557
0.859375 0.0864137

0.859375 0.0864138
0.875 0.0858229

-1.6875 0.428864
-1.67188 0.429292

0.875 0.0858231
0.890625 0.0852827

-3.25 0.435797
-3.23438 0.435814

-3.23438 0.435814
-3.21875 0.43582

-3.21875 0.435819
-3.20312 0.435814

-3.20312 0.435815
-3.1875 0.435801

-3.1875 0.435801
-3.17188 0.435777

-3.17188 0.435777
-3.15625 0.435742

-3.15625 0.435742
-3.14062 0.435696

-3.14062 0.435696
-3.125 0.435639

-3.125 0.435639
-3.10938 0.43557

-3.10938 0.43557
-3.09375 0.435491

-3.09375 0.435491
-3.07812 0.435402

-3.07812 0.435402
-3.0625 0.435303

-3.0625 0.435303
-3.04688 0.435195

-3.04688 0.435195
-3.03125 0.435079

-3.03125 0.435079
-3.01562 0.434954

-3.01562 0.434954
-3 0.434821

2.34375 0.199638
2.35938 0.201632

2.35938 0.201625
2.3711 0.203125

-3 0.434821
-2.98438 0.434679

2.37086 0.203125
2.375 0.203654

-1.67188 0.429292
-1.65625 0.429732

2.375 0.203633
2.39062 0.205637

-2.98438 0.434679
-2.96875 0.434531

-2.96875 0.434531
-2.95312 0.434376

-1.65625 0.429732
-1.64062 0.430185

0.890625 0.0852829
0.90625 0.0847922

-2.95312 0.434376
-2.9375 0.434214

-2.9375 0.434214
-2.92188 0.434044

0.90625 0.0847924
0.921875 0.0843506

0.921875 0.0843507
0.9375 0.0839572

0.9375 0.0839572
0.953125 0.0836115

-2.92188 0.434044
-2.90625 0.433867

2.39062 0.205637
2.40625 0.207645

2.40625 0.207645
2.42188 0.209658

0.953125 0.0836116
0.96875 0.0833133

0.96875 0.0833135
0.984375 0.0830621

0.984375 0.0830623
1 0.0828573

1 0.0828576
1.01562 0.0826979

1.01562 0.0826978
1.03125 0.0825829

1.03125 0.0825819
1.04688 0.0825143

1.04688 0.0825141
1.0625 0.0824964

1.0625 0.0824965
1.07812 0.0825288

1.07812 0.0825285
1.09375 0.0826113

1.09375 0.0826107
1.10938 0.0827458

1.10938 0.0827459
1.125 0.0829342

1.125 0.0829342
1.14062 0.0831753

1.14062 0.0831755
1.15625 0.083469

1.15625 0.0834693
1.17188 0.0838141

1.17188 0.0838144
1.1875 0.0842094

1.1875 0.0842096
1.20312 0.0846536

1.20312 0.0846538
1.21875 0.0851458

1.21875 0.085146
1.23438 0.0856853

1.23438 0.0856854
1.25 0.0862714

1.25 0.0862717
1.26562 0.0869033

1.26562 0.0869031
1.28125 0.0875801

1.28125 0.0875796
1.29688 0.088303

1.29688 0.0883033
1.3125 0.0890736

1.3125 0.089074
1.32812 0.08989

1.32812 0.0898904
1.34375 0.0907505

1.34375 0.0907508
1.35938 0.0916535

1.35938 0.0916539
1.375 0.0925977

1.375 0.0925969
1.39062 0.0935825

1.39062 0.0934541
1.39514 0.09375

1.39262 0.09375
1.40625 0.0946437

1.40625 0.0946084
1.42188 0.0956693

1.42188 0.0956693
1.4375 0.0967685

1.4375 0.0967683
1.45312 0.0979064

1.45312 0.0979062
1.46875 0.0990842

1.46875 0.099084
1.48438 0.100303

1.48438 0.100302
1.5 0.101562

-2.90625 0.433867
-2.89062 0.433683

-2.89062 0.433683
-2.875 0.43349

-2.875 0.43349
-2.85938 0.433289

1.5 0.101562
1.51562 0.102863

-2.85938 0.433289
-2.84375 0.433079

-1.64062 0.430185
-1.625 0.43065

-2.84375 0.433079
-2.82812 0.432861

-2.82812 0.432861
-2.8125 0.432635

-2.8125 0.432635
-2.79688 0.432401

1.51562 0.102864
1.53125 0.104205

-2.79688 0.432401
-2.78125 0.432159

-1.625 0.43065
-1.60938 0.431127

-1.60938 0.431127
-1.59375 0.431614

-1.59375 0.431614
-1.57812 0.432111

-1.57812 0.432111
-1.5625 0.432617

-1.5625 0.432618
-1.54688 0.433131

-1.54688 0.433131
-1.53125 0.43365

-1.53125 0.433649
-1.51562 0.434175

1.53125 0.104205
1.54688 0.105587

1.54688 0.105587
1.5625 0.107009

-2.78125 0.43216
-2.76562 0.43191

1.5625 0.107009
1.57812 0.108469

1.57812 0.108449
1.5878 0.109375

1.58724 0.109375
1.59375 0.109998

-2.76562 0.43191
-2.75 0.431652

2.42188 0.209658
2.4375 0.211676

-2.75 0.431652
-2.73438 0.431387

-2.73438 0.431386
-2.71875 0.431114

2.4375 0.211676
2.45312 0.213699

-2.71875 0.431114
-2.70312 0.430835

-2.70312 0.430835
-2.6875 0.430551

2.45312 0.213699
2.46875 0.215727

-2.6875 0.430551
-2.67188 0.430261

-1.51562 0.434175
-1.5 0.434708

-2.67188 0.430261
-2.65625 0.429967

-2.65625 0.429967
-2.64062 0.42967

-2.64062 0.429669
-2.625 0.429369

2.46875 0.215727
2.48438 0.217758

-2.625 0.429369
-2.60938 0.429066

2.48438 0.217735
2.49218 0.21875

2.49182 0.21875
2.5 0.219813

1.59375 0.109967
1.60938 0.111496

1.60938 0.111496
1.625 0.113056

-2.60938 0.429066
-2.59375 0.42876

-2.59375 0.42876
-2.57812 0.428453

-2.57812 0.428453
-2.5625 0.428144

-2.5625 0.428144
-2.54688 0.427833

-2.54688 0.427832
-2.53125 0.42752

-2.53125 0.42752
-2.51562 0.427208

-2.51562 0.427208
-2.5 0.426898

-1.5 0.434711
-1.48438 0.435242

-1.48438 0.435243
-1.46875 0.435765

-1.46875 0.43577
-1.45312 0.436271

-1.45312 0.436271
-1.4375 0.436745

-1.4375 0.436748
-1.42188 0.43719

-1.42188 0.437189
-1.40986 0.4375

1.625 0.113057
1.64062 0.114647

1.64062 0.114647
1.65625 0.116266

1.65625 0.116267
1.67188 0.117914

1.67188 0.117914
1.6875 0.119588

1.6875 0.119588
1.70312 0.121287

2.5 0.219788
2.51562 0.221825

-2.5 0.426898
-2.48438 0.426591

-1.41009 0.4375
-1.40625 0.437599

2.51562 0.221825
2.53125 0.223874

-1.40625 0.437593
-1.39062 0.437961

2.53125 0.223873
2.54688 0.225936

1.70312 0.121288
1.71875 0.123011

2.54688 0.225936
2.5625 0.228015

1.71875 0.12301
1.73438 0.124757

2.5625 0.228016
2.57812 0.230107

1.73438 0.124599
1.73792 0.125

2.57812 0.230108
2.59375 0.232206

-1.39062 0.437962
-1.375 0.438296

-2.48438 0.426591
-2.46875 0.426286

-2.46875 0.426286
-2.45312 0.425984

-2.45312 0.425984
-2.4375 0.425682

-2.4375 0.425682
-2.42188 0.425381

-2.42188 0.425381
-2.40625 0.425082

-2.40625 0.425081
-2.39062 0.424785

-2.39062 0.424785
-2.375 0.424494

-1.375 0.438301
-1.35938 0.438586

-2.375 0.424491
-2.35938 0.42421

-2.35938 0.424209
-2.34375 0.423943

-2.34375 0.423942
-2.32812 0.423695

-2.32812 0.423694
-2.3125 0.423466

-2.3125 0.423466
-2.29688 0.423259

2.59375 0.232206
2.60938 0.234309

2.60938 0.234253
2.61028 0.234375

2.60983 0.234375
2.625 0.236419

-1.35938 0.438585
-1.34375 0.43881

2.625 0.236416
2.64062 0.23852

2.64062 0.238521
2.65625 0.240625

-2.29688 0.423259
-2.28125 0.423075

2.65625 0.240625
2.67188 0.24273

-1.34375 0.43881
-1.32812 0.438976

-1.32812 0.438977
-1.3125 0.439085

-2.28125 0.423075
-2.26562 0.422912

-1.3125 0.439087
-1.29688 0.439131

-1.29688 0.439132
-1.28125 0.439105

2.67188 0.24273
2.6875 0.244835

-2.26562 0.422912
-2.25 0.42277

2.6875 0.244835
2.70312 0.246942

2.70312 0.246942
2.71875 0.249052

2.71875 0.249025
2.72597 0.25

-1.28125 0.439106
-1.26562 0.439006

-1.26562 0.439007
-1.25 0.438829

2.72558 0.25
2.73438 0.251187

2.73438 0.251165
2.75 0.253273

-1.1875 0.437293
-1.19431 0.4375

-1.25 0.438829
-1.23438 0.438569

-1.23438 0.438571
-1.21875 0.438227

-1.21875 0.438227
-1.20312 0.437797

-1.20312 0.437795
-1.19422 0.4375

2.75 0.253273
2.76562 0.255378

2.76562 0.255378
2.78125 0.257479

2.78125 0.257479
2.79688 0.259578

2.79688 0.259578
2.8125 0.261674

-1.1875 0.437281
-1.17188 0.436674

-1.17188 0.436673
-1.15625 0.435975

2.8125 0.261674
2.82812 0.263769

2.82812 0.263767
2.84202 0.265625

2.84187 0.265625
2.84375 0.265877

2.84375 0.265858
2.85938 0.267942

-1.15625 0.435981
-1.14062 0.435183

-1.14062 0.435184
-1.125 0.434273

2.85938 0.267943
2.875 0.270022

-1.125 0.434275
-1.10938 0.433245

2.875 0.270022
2.89062 0.272096

2.89062 0.272095
2.90625 0.274165

2.90625 0.274164
2.92188 0.276232

2.92188 0.276231
2.9375 0.2783

-1.10938 0.433245
-1.09375 0.432091

-1.09375 0.43209
-1.07812 0.430812

-1.07812 0.430813
-1.0625 0.429413

-1.0625 0.429413
-1.04688 0.427889

2.9375 0.278299
2.95312 0.280371

2.95312 0.280314
2.96017 0.28125

-1.04688 0.427889
-1.03125 0.426242

-1.03125 0.426242
-1.01562 0.42447

2.95941 0.28125
2.96875 0.282491

2.96875 0.282447
2.98438 0.284529

-1.01562 0.42447
-1 0.422573

2.98438 0.284529
3 0.286618

3 0.286618
3.01562 0.288715

3.01562 0.288714
3.03125 0.290821

-0.984375 0.420582
-0.994371 0.421875

-1 0.422512
-0.995071 0.421875

-0.984375 0.420551
-0.96875 0.418411

3.03125 0.290819
3.04688 0.292941

3.04688 0.292941
3.0625 0.295083

3.0625 0.295083
3.07544 0.296875

-0.96875 0.418409
-0.953125 0.416155

-0.953125 0.416154
-0.9375 0.413791

3.07544 0.296875
3.07812 0.297247

-0.9375 0.41379
-0.921875 0.411321

-0.921875 0.411321
-0.90625 0.408749

-0.890625 0.406083
-0.8916 0.40625

-0.890625 0.406075
-0.875 0.403301

3.07812 0.297247
3.09375 0.299433

3.09375 0.299435
3.10938 0.301637

3.10938 0.301638
3.125 0.30385

-0.90625 0.408748
-0.891648 0.40625

3.125 0.303852
3.14062 0.306068

3.14062 0.306068
3.15625 0.308283

3.15625 0.308285
3.17188 0.310498

3.17188 0.3105
3.18604 0.3125

3.18614 0.3125
3.1875 0.312693

3.1875 0.312705
3.20312 0.314904

3.20312 0.314906
3.21875 0.317094

-0.875 0.4033
-0.859375 0.400428

-0.859375 0.400427
-0.84375 0.397462

3.21875 0.317095
3.23438 0.319265

3.23438 0.319266
3.25 0.321415

-0.84375 0.397461
-0.828125 0.394407

-0.828125 0.394406
-0.8125 0.391268

-0.796875 0.388085
-0.8092 0.390625

-0.8125 0.391112
-0.810137 0.390625

-0.796875 0.388048
-0.78125 0.384746

3.25 0.321417
3.26562 0.323539

3.26562 0.32354
3.28125 0.325629

-0.78125 0.384744
-0.765625 0.381367

-0.765625 0.381365
-0.75 0.377918

3.28125 0.325631
3.29688 0.327679

3.29688 0.327775
3.29961 0.328125

3.30055 0.328125
3.3125 0.329658

3.3125 0.329684
3.32812 0.331641

3.32812 0.331643
3.34375 0.333546

-0.734375 0.374459
-0.73678 0.375

-0.734375 0.374405
-0.71875 0.370825

3.34375 0.333546
3.35938 0.335392

3.35938 0.335391
3.375 0.337179

-0.71875 0.370823
-0.703125 0.36718

3.375 0.337178
3.39062 0.338911

3.39062 0.338911
3.40625 0.340593

-0.703125 0.367179
-0.6875 0.363479

-0.6875 0.363476
-0.671875 0.359726

3.40625 0.340592
3.42188 0.342227

3.42188 0.342226
3.43686 0.34375

-0.65625 0.355946
-0.670339 0.359375

-0.65625 0.355923
-0.640625 0.352066

3.43681 0.34375
3.4375 0.343821

3.4375 0.343695
3.43806 0.34375

3.4375 0.343817
3.45312 0.34536

3.45312 0.345358
3.46875 0.346856

3.46875 0.346855
3.48438 0.348311

-0.640625 0.352065
-0.625 0.348166

-0.75 0.377908
-0.737068 0.375

3.48438 0.34831
3.5 0.349725

-0.59375 0.340308
-0.607316 0.34375

-0.625 0.348161
-0.609375 0.344232

-0.59375 0.340267
-0.578125 0.336267

-0.578125 0.336267
-0.5625 0.332247

-0.5625 0.332246
-0.546875 0.328208

-0.53125 0.324155
-0.546547 0.328125

-0.53125 0.324151
-0.515625 0.320083

-0.515625 0.320082
-0.5 0.316008

3.5 0.349725
3.51562 0.351099

3.51562 0.351098
3.53125 0.352433

3.53125 0.352433
3.54688 0.353731

3.54688 0.35373
3.5625 0.354995

3.5625 0.354995
3.57812 0.356229

3.57812 0.356229
3.59375 0.357432

3.59375 0.35743
3.60938 0.358604

3.60938 0.358602
3.6199 0.359375

3.6198 0.359375
3.625 0.359757

3.625 0.359753
3.64062 0.360872

3.64062 0.360872
3.65625 0.361963

3.65625 0.361963
3.67188 0.363025

3.67188 0.363025
3.6875 0.364057

3.6875 0.364057
3.70312 0.365058

3.70312 0.365058
3.71875 0.366028

3.71875 0.366028
3.73438 0.366964

3.73438 0.366965
3.75 0.367866

3.75 0.367866
3.76562 0.36873

3.76562 0.368731
3.78125 0.369554

3.78125 0.369553
3.79688 0.370336

3.79688 0.370336
3.8125 0.37108

3.8125 0.371081
3.82812 0.371786

3.82812 0.371786
3.84375 0.37245

3.84375 0.372451
3.85938 0.373069

3.85938 0.37307
3.875 0.37364

3.875 0.37364
3.89062 0.374156

3.89062 0.374156
3.90625 0.374617

3.90625 0.374621
3.92112 0.375

3.92168 0.375
3.9375 0.375364

3.9375 0.375347
3.95312 0.3756

3.95312 0.3756
3.96875 0.375777

3.96875 0.375777
3.98438 0.375881

3.98438 0.375879
4 0.375913

