-4 0.35966
-3.98438 0.359635

-3.98438 0.359638
-3.96875 0.359557

-3.96875 0.359558
-3.95312 0.359414

-3.9375 0.359207
-3.9502 0.359375

-3.95312 0.359414
-3.9502 0.359375

2 0.413306
2.01562 0.413464

2.01562 0.413464
2.03125 0.413614

-3.9375 0.359205
-3.92188 0.358937

-3.92188 0.358936
-3.90625 0.358612

-3.90625 0.358611
-3.89062 0.358235

0 0.195575
0.015625 0.197485

0.015625 0.197486
0.03125 0.199411

-3.89062 0.358235
-3.875 0.35781

-2 0.194782
-1.98438 0.19334

-1.98438 0.19334
-1.96875 0.191906

-1.96875 0.191907
-1.95312 0.190478

-1.95312 0.190478
-1.9375 0.189054

-1.92188 0.187431
-1.92264 0.1875

-1.90625 0.186223
-1.92039 0.1875

-1.90625 0.186224
-1.89062 0.184822

-3.875 0.35781
-3.85938 0.357337

-3.85938 0.357337
-3.84375 0.356817

-3.84375 0.356816
-3.82812 0.356252

-3.82812 0.35625
-3.8125 0.355645

-3.8125 0.355645
-3.79688 0.355001

-3.79688 0.355001
-3.78125 0.354321

-3.78125 0.35432
-3.76562 0.353605

-3.76562 0.353604
-3.75 0.352857

-3.75 0.352857
-3.73438 0.352078

-3.73438 0.352077
-3.71875 0.35127

-3.71875 0.351271
-3.70312 0.350437

-3.70312 0.350436
-3.6875 0.349574

-3.6875 0.349574
-3.67188 0.348685

-3.67188 0.348685
-3.65625 0.34777

-3.65625 0.34777
-3.64062 0.34683

-3.64062 0.34683
-3.625 0.345866

-3.625 0.345866
-3.60938 0.344879

-3.60938 0.344878
-3.59375 0.343869

-3.57812 0.342839
-3.59195 0.34375

-3.57812 0.342839
-3.5625 0.341791

-3.59375 0.343872
-3.5919 0.34375

-3.5625 0.341791
-3.54688 0.340725

-3.54688 0.340725
-3.53125 0.339641

-3.53125 0.339642
-3.51562 0.338539

-3.51562 0.338539
-3.5 0.337416

-3.5 0.337416
-3.48438 0.336274

-3.48438 0.336274
-3.46875 0.335112

-3.46875 0.335112
-3.45312 0.33393

-3.45312 0.33393
-3.4375 0.332729

-3.4375 0.332729
-3.42188 0.331508

0.03125 0.199411
0.046875 0.201349

0.046875 0.201359
0.0610416 0.203125

0.0625 0.203295
0.078125 0.205258

0.078125 0.205259
0.09375 0.207242

0.09375 0.207242
0.109375 0.209245

0.109375 0.209245
0.125 0.211267

-3.42188 0.331508
-3.40625 0.330269

0.125 0.211267
0.140625 0.213308

2.03125 0.413613
2.04688 0.413755

0.140625 0.213309
0.15625 0.215368

2.04688 0.413755
2.0625 0.413894

2.0625 0.413893
2.07812 0.414032

-3.40625 0.330269
-3.39062 0.329013

-3.375 0.327732
-3.37983 0.328125

-3.39062 0.329016
-3.37969 0.328125

0.15625 0.215368
0.171875 0.217445

0.171875 0.217502
0.181201 0.21875

-1.89062 0.184822
-1.875 0.18343

2.07812 0.414032
2.09375 0.414174

2.09375 0.414173
2.10938 0.41432

-3.375 0.32774
-3.35938 0.326453

2.10938 0.41432
2.125 0.414473

0.18233 0.21875
0.1875 0.219442

-1.9375 0.189056
-1.92188 0.187638

0.1875 0.219536
0.203125 0.221643

-1.92188 0.187654
-1.92017 0.1875

0.203125 0.221645
0.21875 0.223771

2.125 0.414473
2.14062 0.414633

-1.875 0.183431
-1.85938 0.182048

-3.35938 0.326452
-3.34375 0.325151

-1.85938 0.182048
-1.84375 0.180673

-1.84375 0.180673
-1.82812 0.179305

-1.82812 0.179305
-1.8125 0.177944

2.14062 0.414633
2.15625 0.414802

-1.8125 0.177945
-1.79688 0.176591

-1.79688 0.176591
-1.78125 0.175244

2.15625 0.414802
2.17188 0.414981

0.21875 0.223771
0.234375 0.225914

2.17188 0.414981
2.1875 0.415172

-3.34375 0.32515
-3.32812 0.323834

0.234375 0.225914
0.25 0.228074

-1.78125 0.175244
-1.76562 0.173902

2.1875 0.415171
2.20312 0.415377

-1.76562 0.173903
-1.75 0.172566

-3.32812 0.323835
-3.3125 0.322505

0.25 0.228074
0.265625 0.230251

2.20312 0.415376
2.21875 0.415597

-1.73438 0.171198
-1.74232 0.171875

-3.3125 0.322505
-3.29688 0.321161

-1.75 0.172599
-1.74151 0.171875

-1.73438 0.171232
-1.71875 0.169909

-1.71875 0.169909
-1.70312 0.168597

-1.70312 0.168596
-1.6875 0.167296

-1.6875 0.167295
-1.67188 0.166007

-3.29688 0.321161
-3.28125 0.319803

2.21875 0.415596
2.23438 0.415835

0.265625 0.230251
0.28125 0.232442

2.23438 0.415835
2.25 0.416094

-3.28125 0.319802
-3.26562 0.318431

-3.26562 0.31843
-3.25 0.317047

0.28125 0.23246
0.294828 0.234375

0.296113 0.234375
0.296875 0.234482

0.296875 0.234644
0.3125 0.236864

2.25 0.416096
2.26562 0.416372

0.3125 0.236865
0.328125 0.239105

-1.67188 0.166007
-1.65625 0.164731

2.26562 0.416371
2.28125 0.416662

2.28125 0.416662
2.29688 0.41697

2.29688 0.41697
2.3125 0.417296

2.3125 0.417296
2.32812 0.417641

2.32812 0.417641
2.34375 0.418005

2.34375 0.418005
2.35938 0.418389

2.35938 0.418389
2.375 0.418792

2.375 0.418792
2.39062 0.419214

2.39062 0.419214
2.40625 0.419654

2.40625 0.419654
2.42188 0.420112

2.42188 0.420112
2.4375 0.420586

2.4375 0.420586
2.45312 0.421075

2.45312 0.421075
2.46875 0.421578

2.46875 0.421668
2.47503 0.421875

2.48271 0.421875
2.48438 0.42193

2.48438 0.422094
2.5 0.422622

-1.65625 0.164731
-1.64062 0.163469

2.5 0.422622
2.51562 0.423162

-1.64062 0.163469
-1.625 0.162223

2.51562 0.423162
2.53125 0.423714

2.53125 0.423715
2.54688 0.424276

-3.1875 0.311413
-3.19943 0.3125

0.328125 0.239105
0.34375 0.241363

2.54688 0.424277
2.5625 0.424844

0.34375 0.241363
0.359375 0.24364

0.359375 0.24364
0.375 0.245934

-3.25 0.317046
-3.23438 0.315653

2.5625 0.424844
2.57812 0.425418

-1.625 0.162223
-1.60938 0.160994

-1.60938 0.160993
-1.59375 0.159781

0.375 0.245935
0.390625 0.248244

-1.59375 0.159781
-1.57812 0.158587

2.57812 0.425418
2.59375 0.425997

-3.23438 0.315653
-3.21875 0.31425

2.59375 0.425998
2.60938 0.42658

-3.21875 0.31425
-3.20312 0.312837

0.390625 0.248284
0.402171 0.25

-3.20312 0.312838
-3.19941 0.3125

2.60938 0.42658
2.625 0.42716

-3.1875 0.311414
-3.17188 0.30998

-3.17188 0.30998
-3.15625 0.308534

2.625 0.427161
2.64062 0.42774

2.64062 0.42774
2.65625 0.428314

-1.57812 0.158587
-1.5625 0.157413

2.65625 0.428314
2.67188 0.428884

0.403325 0.25
0.40625 0.250435

-1.54688 0.156176
-1.54788 0.15625

0.40625 0.250564
0.421875 0.252902

2.67188 0.428885
2.6875 0.429449

-3.15625 0.308534
-3.14062 0.307079

2.6875 0.42945
2.70312 0.430006

-1.53125 0.155124
-1.54678 0.15625

0.421875 0.252903
0.4375 0.25526

-1.5625 0.157416
-1.54688 0.156261

-3.14062 0.307079
-3.125 0.305618

2.70312 0.430006
2.71875 0.43055

-3.125 0.305617
-3.10938 0.304152

-1.54688 0.156262
-1.54671 0.15625

0.4375 0.25526
0.453125 0.257635

-1.53125 0.155124
-1.51562 0.154016

2.71875 0.430551
2.73438 0.431082

-3.10938 0.304153
-3.09375 0.302684

2.73438 0.431082
2.75 0.431599

0.453125 0.257635
0.46875 0.260026

-1.51562 0.154015
-1.5 0.152931

0.46875 0.260027
0.484375 0.26243

0.484375 0.262431
0.5 0.264844

-3.09375 0.302684
-3.07812 0.30121

-3.07812 0.30121
-3.0625 0.299731

2.75 0.4316
2.76562 0.4321

-3.0625 0.299732
-3.04688 0.298248

-3.03125 0.296774
-3.03231 0.296875

-3.04688 0.298246
-3.03249 0.296875

-3.03125 0.296758
-3.01562 0.295267

2.76562 0.4321
2.78125 0.432582

2.78125 0.432583
2.79688 0.433043

2.79688 0.433043
2.8125 0.433479

2.8125 0.433478
2.82812 0.433891

2.82812 0.433891
2.84375 0.43428

-3.01562 0.295266
-3 0.293774

2.84375 0.434281
2.85938 0.434648

2.85938 0.434648
2.875 0.434989

-1.5 0.152931
-1.48438 0.151871

-1.48438 0.151871
-1.46875 0.150838

-1.46875 0.150838
-1.45312 0.149831

-1.45312 0.149831
-1.4375 0.148851

0.5 0.264908
0.504625 0.265625

0.505227 0.265625
0.515625 0.267236

0.515625 0.267265
0.53125 0.269696

0.53125 0.269697
0.546875 0.272141

0.546875 0.272141
0.5625 0.274596

0.5625 0.274597
0.578125 0.277059

2.875 0.43499
2.89062 0.435303

0.578125 0.277059
0.59375 0.279525

-1.4375 0.148852
-1.42188 0.147899

-1.42188 0.147899
-1.40625 0.146974

2.89062 0.435303
2.90625 0.435586

-1.40625 0.146975
-1.39062 0.146076

-3 0.293774
-2.98438 0.292283

-1.39062 0.146076
-1.375 0.145203

-2.98438 0.292283
-2.96875 0.290793

0.59375 0.279573
0.604376 0.28125

-2.96875 0.290793
-2.95312 0.289305

2.90625 0.435587
2.92188 0.435842

-1.375 0.145204
-1.35938 0.144356

-1.35938 0.144356
-1.34375 0.143533

0.6054 0.28125
0.609375 0.281877

-2.95312 0.289305
-2.9375 0.287819

0.609375 0.28199
0.625 0.284461

2.92188 0.435842
2.9375 0.436067

0.625 0.284461
0.640625 0.286941

-1.34375 0.143533
-1.32812 0.142736

0.640625 0.286941
0.65625 0.28943

-2.9375 0.287819
-2.92188 0.286331

2.9375 0.436066
2.95312 0.436263

-2.92188 0.286331
-2.90625 0.284839

2.95312 0.436263
2.96875 0.436434

0.65625 0.289433
0.671875 0.291925

0.671875 0.291925
0.6875 0.294414

-2.90625 0.284839
-2.89062 0.283342

0.6875 0.294413
0.702971 0.296875

2.96875 0.436435
2.98438 0.436578

-2.89062 0.283342
-2.875 0.281838

2.98438 0.436578
3 0.436691

0.703125 0.2969
0.71875 0.299386

0.71875 0.299386
0.734375 0.301871

-2.85938 0.280324
-2.86895 0.28125

-1.32812 0.142736
-1.3125 0.141967

0.734375 0.301871
0.75 0.304353

-1.3125 0.141967
-1.29688 0.141225

-1.28125 0.140461
-1.28484 0.140625

-1.29688 0.141237
-1.28349 0.140625

0.75 0.304354
0.765625 0.306829

-1.28125 0.14051
-1.26562 0.139824

-2.85938 0.280327
-2.84375 0.278812

-1.26562 0.139824
-1.25 0.139167

0.765625 0.306829
0.78125 0.309297

0.78125 0.309297
0.796875 0.311757

-2.875 0.281843
-2.86887 0.28125

-1.25 0.139167
-1.23438 0.138539

-1.23438 0.138539
-1.21875 0.137938

-2.84375 0.278812
-2.82812 0.277294

3 0.436692
3.01562 0.436771

-2.82812 0.277294
-2.8125 0.275773

-1.21875 0.137938
-1.20312 0.137365

0.796875 0.31179
0.801398 0.3125

-2.8125 0.275773
-2.79688 0.274249

0.801701 0.3125
0.8125 0.314195

-2.79688 0.274249
-2.78125 0.272723

-1.20312 0.137365
-1.1875 0.13682

-2.78125 0.272723
-2.76562 0.271195

-2.76562 0.271195
-2.75 0.269664

0.8125 0.314209
0.828125 0.316654

3.01562 0.436771
3.03125 0.436814

0.828125 0.316654
0.84375 0.319094

-2.54688 0.249289
-2.55383 0.25

0.84375 0.319095
0.859375 0.321526

-2.54688 0.249308
-2.53125 0.247708

-1.1875 0.13682
-1.17188 0.136304

-2.53125 0.247707
-2.51562 0.246107

-2.51562 0.246107
-2.5 0.244507

0.859375 0.321527
0.875 0.323946

-1.17188 0.136304
-1.15625 0.135819

-1.15625 0.135819
-1.14062 0.135365

-1.14062 0.135365
-1.125 0.134942

-1.125 0.134942
-1.10938 0.134551

-1.10938 0.134551
-1.09375 0.134192

-1.09375 0.134192
-1.07812 0.133865

-1.07812 0.133865
-1.0625 0.133571

-1.0625 0.133571
-1.04688 0.133311

-1.04688 0.133311
-1.03125 0.133086

-1.03125 0.133085
-1.01562 0.132896

-1.01562 0.132895
-1 0.132743

3.03125 0.436813
3.04688 0.436823

3.04688 0.436823
3.0625 0.436802

-2.75 0.269665
-2.73438 0.26813

-2.73438 0.26813
-2.71875 0.266588

-2.70312 0.265027
-2.70917 0.265625

-2.71875 0.266596
-2.70895 0.265625

-2.70312 0.26504
-2.6875 0.263489

-2.6875 0.263489
-2.67188 0.261934

0.875 0.323946
0.890625 0.32635

-1 0.132742
-0.984375 0.132628

-0.984375 0.132627
-0.96875 0.132552

3.0625 0.436802
3.07812 0.436752

-0.96875 0.132551
-0.953125 0.132516

3.07812 0.436751
3.09375 0.436673

0.890625 0.326374
0.902086 0.328125

3.09375 0.436673
3.10938 0.43657

-2.67188 0.261934
-2.65625 0.260375

0.902715 0.328125
0.90625 0.328665

-2.65625 0.260375
-2.64062 0.258811

3.10938 0.436569
3.125 0.436442

-0.953125 0.132516
-0.9375 0.132522

0.90625 0.328736
0.921875 0.331106

-2.64062 0.258811
-2.625 0.257243

0.921875 0.331107
0.9375 0.333462

3.125 0.436442
3.14062 0.436296

-2.625 0.257243
-2.60938 0.255669

3.14062 0.436295
3.15625 0.436131

-2.60938 0.255669
-2.59375 0.254088

-0.9375 0.132522
-0.921875 0.132569

-2.59375 0.254088
-2.57812 0.2525

-0.921875 0.132569
-0.90625 0.132659

0.9375 0.333461
0.953125 0.335799

-2.57812 0.2525
-2.5625 0.250907

0.953125 0.335799
0.96875 0.338122

3.15625 0.43613
3.17188 0.435949

-0.90625 0.132659
-0.890625 0.132792

3.17188 0.435949
3.1875 0.435754

-0.890625 0.132791
-0.875 0.132969

-2.5625 0.250922
-2.55349 0.25

-0.875 0.132968
-0.859375 0.133191

3.1875 0.435754
3.20312 0.435548

-0.859375 0.133191
-0.84375 0.133459

0.96875 0.338122
0.984375 0.340429

-0.84375 0.133459
-0.828125 0.133774

0.984375 0.340429
1 0.342719

3.20312 0.435547
3.21875 0.435332

3.21875 0.435331
3.23438 0.435111

-0.828125 0.133774
-0.8125 0.134135

-2.5 0.244507
-2.48438 0.242907

3.23438 0.435111
3.25 0.434887

-2.48438 0.242907
-2.46875 0.241308

-0.8125 0.134136
-0.796875 0.134541

-0.796875 0.134542
-0.78125 0.134989

-0.78125 0.134989
-0.765625 0.135477

-0.765625 0.135478
-0.75 0.136005

3.25 0.434887
3.26562 0.434661

1 0.342736
1.00698 0.34375

3.26562 0.434661
3.28125 0.434435

-2.46875 0.241308
-2.45312 0.23971

-0.75 0.136005
-0.734375 0.136571

1.00718 0.34375
1.01562 0.344978

-0.734375 0.136571
-0.71875 0.137174

-0.71875 0.137174
-0.703125 0.137813

-0.703125 0.137813
-0.6875 0.138487

3.28125 0.434435
3.29688 0.434209

-0.6875 0.138488
-0.671875 0.139196

1.01562 0.344991
1.03125 0.347241

-2.45312 0.23971
-2.4375 0.238112

1.03125 0.347241
1.04688 0.349469

-2.4375 0.238112
-2.42188 0.236514

3.29688 0.434208
3.3125 0.433983

1.04688 0.349469
1.0625 0.351676

-0.671875 0.139196
-0.65625 0.139937

1.0625 0.351678
1.07812 0.35386

-0.65625 0.139942
-0.64243 0.140625

1.07812 0.353861
1.09375 0.356013

-0.640625 0.140708
-0.625 0.141513

3.3125 0.433983
3.32812 0.433762

-0.625 0.141513
-0.609375 0.142351

3.32812 0.433762
3.34375 0.433546

1.09375 0.356015
1.10938 0.358129

-2.42188 0.236514
-2.40625 0.234914

3.34375 0.433547
3.35938 0.433334

-2.39062 0.233302
-2.4011 0.234375

-0.609375 0.142351
-0.59375 0.143221

1.10938 0.35815
1.11861 0.359375

3.35938 0.433334
3.375 0.433122

1.119 0.359375
1.125 0.360172

-2.40625 0.234936
-2.40078 0.234375

-0.59375 0.143221
-0.578125 0.144121

-0.578125 0.144121
-0.5625 0.145049

3.375 0.433122
3.39062 0.432907

3.39062 0.432908
3.40625 0.432689

1.125 0.360201
1.14062 0.362237

1.14062 0.362237
1.15625 0.364238

1.15625 0.364239
1.17188 0.366204

1.17188 0.366204
1.1875 0.368133

-0.5625 0.14505
-0.546875 0.146005

-0.546875 0.146005
-0.53125 0.146986

3.40625 0.432691
3.42188 0.432465

3.42188 0.432464
3.4375 0.43223

-2.39062 0.233313
-2.375 0.231714

-2.375 0.231714
-2.35938 0.230119

-2.35938 0.230119
-2.34375 0.228526

-2.34375 0.228526
-2.32812 0.226936

-2.32812 0.226936
-2.3125 0.225347

-2.3125 0.225347
-2.29688 0.223761

-2.29688 0.223761
-2.28125 0.222177

-2.28125 0.222177
-2.26562 0.220595

-2.26562 0.220595
-2.25 0.219019

-0.53125 0.146986
-0.515625 0.147992

-2.23438 0.217443
-2.24737 0.21875

3.4375 0.43223
3.45312 0.431989

-2.23438 0.217447
-2.21875 0.215881

-2.25 0.219039
-2.24713 0.21875

-0.515625 0.147992
-0.5 0.149023

1.1875 0.368133
1.20312 0.370029

3.45312 0.431988
3.46875 0.431743

-2.21875 0.21588
-2.20312 0.214323

3.46875 0.431744
3.48438 0.431492

1.20312 0.37003
1.21875 0.371893

1.21875 0.371894
1.23438 0.373721

-2.20312 0.214322
-2.1875 0.212773

3.48438 0.431492
3.5 0.431234

-2.1875 0.212774
-2.17188 0.211233

1.23438 0.373724
1.24552 0.375

1.24563 0.375
1.25 0.375505

-0.5 0.149023
-0.484375 0.150077

-0.484375 0.150078
-0.46875 0.151154

-0.46875 0.151154
-0.453125 0.152254

-0.453125 0.152254
-0.4375 0.153375

-0.4375 0.153375
-0.421875 0.15452

-2.17188 0.211233
-2.15625 0.2097

-2.15625 0.2097
-2.14062 0.208174

1.25 0.375511
1.26562 0.37726

3.5 0.431233
3.51562 0.43097

1.26562 0.37726
1.28125 0.378969

-0.421875 0.15452
-0.40625 0.155687

1.28125 0.378969
1.29688 0.380638

-2.14062 0.208174
-2.125 0.206655

3.51562 0.43097
3.53125 0.430706

1.29688 0.380639
1.3125 0.382269

-0.40625 0.155739
-0.399532 0.15625

1.3125 0.38227
1.32812 0.38386

-0.398245 0.15625
-0.390625 0.15683

1.32812 0.38386
1.34375 0.385408

-0.390625 0.156875
-0.375 0.15809

3.53125 0.430706
3.54688 0.430443

-2.125 0.206655
-2.10938 0.205143

1.34375 0.385409
1.35938 0.386911

-2.10938 0.205143
-2.09375 0.203636

-2.07812 0.202118
-2.08861 0.203125

3.54688 0.430442
3.5625 0.430181

-0.375 0.15809
-0.359375 0.159333

3.5625 0.430182
3.57812 0.429921

1.35938 0.386911
1.375 0.388366

-2.09375 0.203667
-2.08811 0.203125

1.375 0.388366
1.39062 0.389774

-2.07812 0.202134
-2.0625 0.200642

-0.359375 0.159333
-0.34375 0.160602

3.57812 0.429921
3.59375 0.429659

3.59375 0.429659
3.60938 0.429398

1.39062 0.389786
1.40025 0.390625

3.60938 0.429398
3.625 0.429141

-0.34375 0.160602
-0.328125 0.161898

3.625 0.42914
3.64062 0.428891

-0.328125 0.161898
-0.3125 0.16322

3.64062 0.42889
3.65625 0.42865

-2.0625 0.200643
-2.04688 0.199162

3.65625 0.428651
3.67188 0.428419

3.67188 0.428419
3.6875 0.428193

1.40061 0.390625
1.40625 0.391116

3.6875 0.428195
3.70312 0.427972

-0.3125 0.16322
-0.296875 0.164567

-2.04688 0.199162
-2.03125 0.197691

-0.296875 0.164567
-0.28125 0.165938

-0.28125 0.165938
-0.265625 0.167335

1.40625 0.391137
1.42188 0.392452

1.42188 0.392453
1.4375 0.39372

1.4375 0.393719
1.45312 0.39494

1.45312 0.39494
1.46875 0.396115

-0.265625 0.167335
-0.25 0.168758

-2.03125 0.197691
-2.01562 0.196231

-0.25 0.168758
-0.234375 0.170209

-2.01562 0.196231
-2 0.194781

3.70312 0.427972
3.71875 0.42775

1.46875 0.396116
1.48438 0.397242

3.71875 0.427749
3.73438 0.42753

3.73438 0.42753
3.75 0.427316

1.48438 0.397242
1.5 0.398316

-0.234375 0.17021
-0.21875 0.171689

-0.21875 0.171705
-0.216992 0.171875

-0.216782 0.171875
-0.203125 0.173193

-0.203125 0.173195
-0.1875 0.174733

3.75 0.427316
3.76562 0.427108

3.76562 0.427108
3.78125 0.426907

3.78125 0.426908
3.79688 0.42671

3.79688 0.42671
3.8125 0.426516

-0.1875 0.174733
-0.171875 0.176303

-0.171875 0.176302
-0.15625 0.177904

1.5 0.398315
1.51562 0.399341

1.51562 0.399341
1.53125 0.400319

1.53125 0.40032
1.54688 0.401249

1.54688 0.401249
1.5625 0.402129

3.8125 0.426516
3.82812 0.426326

3.82812 0.426326
3.84375 0.426142

-0.15625 0.177904
-0.140625 0.179537

-0.140625 0.179537
-0.125 0.181204

1.5625 0.402129
1.57812 0.402961

-0.125 0.181205
-0.109375 0.182903

1.57812 0.40296
1.59375 0.403744

3.84375 0.426141
3.85938 0.425965

3.85938 0.425965
3.875 0.4258

-0.109375 0.182903
-0.09375 0.184631

-0.09375 0.184631
-0.078125 0.186387

-0.078125 0.186455
-0.0689577 0.1875

1.59375 0.403744
1.60938 0.404482

1.60938 0.404482
1.625 0.405177

3.875 0.4258
3.89062 0.425648

1.625 0.405176
1.64062 0.40583

1.64062 0.405828
1.65133 0.40625

-0.0673378 0.1875
-0.0625 0.188051

3.89062 0.425647
3.90625 0.425512

3.90625 0.425512
3.92188 0.425395

1.65123 0.40625
1.65625 0.406448

3.92188 0.425395
3.9375 0.425297

-0.0625 0.188166
-0.046875 0.189974

-0.046875 0.189976
-0.03125 0.191816

-0.03125 0.191816
-0.015625 0.193683

-0.015625 0.193684
0 0.195574

3.9375 0.425298
3.95312 0.425219

3.95312 0.425218
3.96875 0.425157

3.96875 0.425156
3.98438 0.425115

3.98438 0.425114
4 0.4251

1.65625 0.406446
1.67188 0.407023

1.67188 0.407021
1.6875 0.40756

1.6875 0.407559
1.70312 0.408064

1.70312 0.408064
1.71875 0.408535

1.71875 0.408535
1.73438 0.408974

1.73438 0.408974
1.75 0.40938

1.75 0.409379
1.76562 0.409755

1.76562 0.409754
1.78125 0.410105

1.78125 0.410104
1.79688 0.410433

1.79688 0.410433
1.8125 0.41074

1.8125 0.41074
1.82812 0.411024

1.82812 0.411022
1.84375 0.411287

1.84375 0.411286
1.85938 0.411535

1.85938 0.411534
1.875 0.411768

1.875 0.411767
1.89062 0.411991

1.89062 0.411991
1.90625 0.412206

1.90625 0.412207
1.92188 0.412412

1.92188 0.412412
1.9375 0.412606

1.9375 0.412606
1.95312 0.41279

1.95312 0.412789
1.96875 0.412967

1.96875 0.412968
1.98438 0.41314

1.98438 0.41314
2 0.413306

