-2 0.433362
-1.98438 0.433079

-1.98438 0.433079
-1.96875 0.432788

-1.96875 0.432788
-1.95312 0.432489

-1.95312 0.432489
-1.9375 0.432184

-4 0.438163
-3.98438 0.438157

-1.9375 0.432183
-1.92188 0.431872

-3.98438 0.438156
-3.96875 0.438139

-1.92188 0.431871
-1.90625 0.431554

-1.90625 0.431554
-1.89062 0.431233

-3.96875 0.438139
-3.95312 0.438112

-3.95312 0.438113
-3.9375 0.438075

-1.89062 0.431233
-1.875 0.430908

-3.9375 0.438075
-3.92188 0.438027

-3.92188 0.438027
-3.90625 0.437968

-1.875 0.430908
-1.85938 0.430581

-1.85938 0.430581
-1.84375 0.430251

0 0.41221
0.015625 0.412185

1.65625 0.247949
1.64694 0.25

0.015625 0.412185
0.03125 0.412158

0.03125 0.412159
0.046875 0.412129

-3.90625 0.437967
-3.89062 0.437899

-1.84375 0.430251
-1.82812 0.42992

-3.89062 0.437899
-3.875 0.437824

1.65625 0.247879
1.67188 0.244422

-1.82812 0.429919
-1.8125 0.429586

1.67188 0.244422
1.6875 0.240952

-3.8125 0.437463
-3.81846 0.4375

1.6875 0.240951
1.70312 0.23747

-3.875 0.437823
-3.85938 0.437741

-1.8125 0.429586
-1.79688 0.42925

-3.85938 0.437741
-3.84375 0.437654

1.71875 0.234012
1.71712 0.234375

-1.79688 0.42925
-1.78125 0.428913

0.046875 0.412129
0.0625 0.412095

-1.78125 0.428913
-1.76562 0.428575

1.70312 0.237466
1.71695 0.234375

0.0625 0.412096
0.078125 0.412057

1.71875 0.233978
1.73438 0.230474

0.078125 0.412057
0.09375 0.412011

-1.76562 0.428575
-1.75 0.428237

1.73438 0.230473
1.75 0.226958

-3.84375 0.437655
-3.82812 0.437562

1.51562 0.278287
1.50148 0.28125

-1.75 0.428237
-1.73438 0.4279

1.51562 0.278271
1.53125 0.274971

-3.82812 0.437563
-3.81839 0.4375

0.09375 0.412012
0.109375 0.411959

-3.8125 0.437461
-3.79688 0.437353

0.109375 0.411959
0.125 0.411898

-1.73438 0.4279
-1.71875 0.427565

1.53125 0.27497
1.54688 0.271647

-1.71875 0.427565
-1.70312 0.427231

0.125 0.411898
0.140625 0.41183

-1.70312 0.427231
-1.6875 0.426899

0.140625 0.41183
0.15625 0.411754

0.15625 0.411754
0.171875 0.41167

-3.79688 0.437354
-3.78125 0.437239

0.171875 0.41167
0.1875 0.411577

-1.6875 0.426899
-1.67188 0.42657

-3.78125 0.437239
-3.76562 0.437117

-1.67188 0.42657
-1.65625 0.426243

-3.76562 0.437117
-3.75 0.43699

1.54688 0.271647
1.5625 0.268304

-1.65625 0.426243
-1.64062 0.425918

1.57812 0.264994
1.57519 0.265625

-1.64062 0.425918
-1.625 0.425597

1.5625 0.268292
1.5749 0.265625

1.57812 0.264944
1.59375 0.261563

-1.625 0.425598
-1.60938 0.425279

1.59375 0.261562
1.60938 0.258163

0.1875 0.411578
0.203125 0.411475

-3.75 0.436989
-3.73438 0.436857

0.203125 0.411475
0.21875 0.411362

1.60938 0.258163
1.625 0.254748

0.21875 0.411363
0.234375 0.411237

-1.60938 0.425279
-1.59375 0.424962

-1.59375 0.424962
-1.57812 0.424648

-1.57812 0.424648
-1.5625 0.424337

-1.5625 0.424337
-1.54688 0.424027

0.234375 0.411237
0.25 0.411098

-1.54688 0.424028
-1.53125 0.423721

-1.53125 0.42372
-1.51562 0.423417

0.25 0.411098
0.265625 0.410943

1.625 0.254747
1.64062 0.251319

0.265625 0.410943
0.28125 0.410773

1.64062 0.251205
1.6461 0.25

-1.51562 0.423417
-1.5 0.423116

0.28125 0.410773
0.296875 0.410586

1.75 0.226957
1.76562 0.223434

0.296875 0.410586
0.3125 0.410382

0.3125 0.410382
0.328125 0.410161

1.76562 0.223431
1.78125 0.219907

-3.73438 0.436858
-3.71875 0.43672

1.79688 0.216445
1.78666 0.21875

0.328125 0.410161
0.34375 0.409921

1.79688 0.216384
1.8125 0.212854

1.78125 0.219783
1.78583 0.21875

-3.71875 0.43672
-3.70312 0.436575

1.8125 0.212853
1.82812 0.209319

-3.70312 0.436575
-3.6875 0.436423

1.82812 0.209318
1.84375 0.205782

0.34375 0.409921
0.359375 0.40966

1.85938 0.202288
1.85568 0.203125

0.359375 0.409661
0.375 0.409376

-3.6875 0.436423
-3.67188 0.436267

1.84375 0.205769
1.85543 0.203125

-3.67188 0.436267
-3.65625 0.436107

1.85938 0.202246
1.875 0.198709

-1.5 0.423116
-1.48438 0.422818

1.9375 0.184608
1.92469 0.1875

-3.65625 0.436106
-3.64062 0.435944

0.375 0.409376
0.390625 0.409066

-3.64062 0.435944
-3.625 0.435778

-1.48438 0.422818
-1.46875 0.422521

0.390625 0.409066
0.40625 0.40873

-1.46875 0.42252
-1.45312 0.422224

0.40625 0.408731
0.421875 0.408367

0.421875 0.408368
0.4375 0.407975

0.4375 0.407976
0.453125 0.407553

-3.625 0.435777
-3.60938 0.435609

-3.60938 0.435609
-3.59375 0.435438

-3.59375 0.435439
-3.57812 0.435267

1.875 0.198708
1.89062 0.19517

-3.57812 0.435266
-3.5625 0.435093

-1.45312 0.422224
-1.4375 0.421928

0.453125 0.407554
0.46875 0.407098

-1.42188 0.42164
-1.43437 0.421875

0.5 0.406129
0.496402 0.40625

-3.5625 0.435091
-3.54688 0.43492

1.89062 0.195169
1.90625 0.191633

-3.54688 0.43492
-3.53125 0.434753

-1.4375 0.421886
-1.43692 0.421875

-3.53125 0.434754
-3.51562 0.434587

-1.42188 0.421634
-1.40625 0.421344

1.90625 0.191633
1.92188 0.188103

0.46875 0.407098
0.484375 0.406608

1.92188 0.187929
1.92378 0.1875

1.9375 0.184576
1.95312 0.18105

-3.51562 0.434587
-3.5 0.434419

1.95312 0.18105
1.96875 0.177526

-1.40625 0.421344
-1.39062 0.421057

0.484375 0.40659
0.494443 0.40625

-1.39062 0.421057
-1.375 0.420774

-1.375 0.420773
-1.35938 0.420495

-1.35938 0.420495
-1.34375 0.420223

1.96875 0.177525
1.98438 0.174005

2 0.170558
1.99415 0.171875

0.5 0.406083
0.515625 0.405516

-1.34375 0.420224
-1.32812 0.419957

-1.32812 0.419957
-1.3125 0.419696

-3.5 0.434418
-3.48438 0.43425

-1.3125 0.419696
-1.29688 0.419442

-3.48438 0.43425
-3.46875 0.434085

-1.29688 0.419442
-1.28125 0.419198

1.98438 0.173961
1.99364 0.171875

-1.28125 0.419198
-1.26562 0.418963

-3.46875 0.434084
-3.45312 0.433921

0.515625 0.405516
0.53125 0.40491

-3.45312 0.433921
-3.4375 0.433762

-1.26562 0.418963
-1.25 0.418735

-3.4375 0.433761
-3.42188 0.433607

-1.25 0.418735
-1.23438 0.418516

-3.42188 0.433607
-3.40625 0.433462

-3.40625 0.433462
-3.39062 0.433323

-1.23438 0.418516
-1.21875 0.418305

-3.39062 0.433323
-3.375 0.433188

-1.21875 0.418305
-1.20312 0.418102

2 0.170489
2.01562 0.166975

2.01562 0.166974
2.03125 0.163464

-1.20312 0.418102
-1.1875 0.417907

-1.1875 0.417907
-1.17188 0.41772

-1.17188 0.41772
-1.15625 0.417539

-1.15625 0.417539
-1.14062 0.417365

-1.14062 0.417365
-1.125 0.417198

0.53125 0.404909
0.546875 0.404266

-1.125 0.417198
-1.10938 0.417037

-1.10938 0.417037
-1.09375 0.416881

-3.375 0.433187
-3.35938 0.433058

-1.09375 0.416881
-1.07812 0.41673

-3.35938 0.433058
-3.34375 0.432937

-1.07812 0.41673
-1.0625 0.416583

-1.0625 0.416583
-1.04688 0.41644

-1.04688 0.41644
-1.03125 0.416301

-1.03125 0.416302
-1.01562 0.416167

2.03125 0.163464
2.04688 0.159959

-1.01562 0.416167
-1 0.416035

2.04688 0.159955
2.0625 0.156463

-3.34375 0.432937
-3.32812 0.432825

0.546875 0.404267
0.5625 0.403588

-3.32812 0.432824
-3.3125 0.432721

-3.3125 0.43272
-3.29688 0.432628

-3.29688 0.432629
-3.28125 0.432548

2.07812 0.152995
2.06351 0.15625

-3.28125 0.432549
-3.26562 0.432478

-1 0.416035
-0.984375 0.415908

-3.26562 0.432478
-3.25 0.432415

-0.984375 0.415908
-0.96875 0.415785

0.5625 0.403588
0.578125 0.402872

-0.96875 0.415785
-0.953125 0.415666

-0.953125 0.415666
-0.9375 0.41555

-0.9375 0.41555
-0.921875 0.415437

-0.921875 0.415437
-0.90625 0.415329

-0.90625 0.415329
-0.890625 0.415224

0.578125 0.402873
0.59375 0.402119

-0.890625 0.415224
-0.875 0.415124

0.59375 0.402119
0.609375 0.401326

-3.25 0.432415
-3.23438 0.432361

2.07812 0.152987
2.09375 0.149512

-3.23438 0.432361
-3.21875 0.432316

2.09375 0.149512
2.10938 0.146046

-3.21875 0.432316
-3.20312 0.432282

-3.20312 0.432282
-3.1875 0.43226

-3.1875 0.43226
-3.17188 0.43225

-3.17188 0.43225
-3.15625 0.432251

0.609375 0.401326
0.625 0.400494

2.10938 0.146045
2.125 0.14259

-0.875 0.415124
-0.859375 0.415027

-0.859375 0.415027
-0.84375 0.414934

-0.84375 0.414934
-0.828125 0.414844

0.625 0.400495
0.640625 0.399622

-0.828125 0.414844
-0.8125 0.414755

0.640625 0.399622
0.65625 0.398708

-3.15625 0.432251
-3.14062 0.432262

2.21875 0.122158
2.20559 0.125

-3.14062 0.432262
-3.125 0.432284

2.21875 0.122125
2.23438 0.118766

2.23438 0.118766
2.25 0.115424

-3.125 0.432285
-3.10938 0.432316

-0.8125 0.414756
-0.796875 0.414668

-3.10938 0.432316
-3.09375 0.432355

-0.796875 0.414668
-0.78125 0.414582

-3.09375 0.432356
-3.07812 0.432401

-0.78125 0.414582
-0.765625 0.414498

-0.765625 0.414497
-0.75 0.414415

2.14062 0.139219
2.13424 0.140625

-0.75 0.414415
-0.734375 0.414333

0.65625 0.398709
0.671875 0.397752

-0.734375 0.414333
-0.71875 0.414253

0.671875 0.397752
0.6875 0.396753

-0.71875 0.414253
-0.703125 0.414174

-3.07812 0.432401
-3.0625 0.432451

-0.703125 0.414174
-0.6875 0.414097

-3.0625 0.432451
-3.04688 0.432505

-0.6875 0.414097
-0.671875 0.414021

-3.04688 0.432505
-3.03125 0.432564

-0.671875 0.414021
-0.65625 0.413949

-3.03125 0.432564
-3.01562 0.432628

-0.65625 0.413949
-0.640625 0.413878

-3.01562 0.432628
-3 0.432696

-0.640625 0.413878
-0.625 0.413808

2.125 0.142538
2.13368 0.140625

-0.625 0.413808
-0.609375 0.413737

-0.609375 0.413737
-0.59375 0.413665

2.14062 0.139148
2.15625 0.135716

2.15625 0.135715
2.17188 0.132294

0.6875 0.396753
0.703125 0.39571

-3 0.432697
-2.98438 0.432769

-0.59375 0.413665
-0.578125 0.41359

2.17188 0.132294
2.1875 0.128887

-0.578125 0.41359
-0.5625 0.413515

-2.98438 0.432769
-2.96875 0.432845

-0.5625 0.413515
-0.546875 0.413437

-2.96875 0.432845
-2.95312 0.432926

-0.546875 0.413437
-0.53125 0.413358

-2.95312 0.432926
-2.9375 0.433011

2.1875 0.128886
2.20312 0.125497

-2.9375 0.433011
-2.92188 0.4331

2.20312 0.125255
2.2043 0.125

-2.92188 0.4331
-2.90625 0.433193

2.25 0.115424
2.26562 0.112099

-2.90625 0.433193
-2.89062 0.433288

-0.53125 0.413358
-0.515625 0.413278

0.703125 0.39571
0.71875 0.394624

-0.515625 0.413278
-0.5 0.413198

-2.89062 0.433288
-2.875 0.433386

2.28125 0.108846
2.27875 0.109375

2.26562 0.112088
2.27844 0.109375

2.28125 0.108792
2.29688 0.105502

-2.875 0.433386
-2.85938 0.433486

-2.85938 0.433486
-2.84375 0.433588

-2.84375 0.433587
-2.82812 0.433691

-0.5 0.413198
-0.484375 0.41312

-0.484375 0.41312
-0.46875 0.413043

2.29688 0.105502
2.3125 0.102228

-0.46875 0.413043
-0.453125 0.412967

2.3125 0.102228
2.32812 0.098973

-0.453125 0.412967
-0.4375 0.412893

2.32812 0.0989712
2.34375 0.0957384

-0.4375 0.412893
-0.421875 0.412821

-0.421875 0.412821
-0.40625 0.412755

-0.40625 0.412755
-0.390625 0.412695

2.35938 0.0926399
2.35397 0.09375

-0.390625 0.412694
-0.375 0.41264

2.35938 0.0925302
2.375 0.08934

0.71875 0.394625
0.734375 0.393495

-2.82812 0.43369
-2.8125 0.433795

0.734375 0.393495
0.75 0.39232

2.34375 0.0956746
2.35312 0.09375

-0.375 0.412641
-0.359375 0.412593

2.375 0.0893394
2.39062 0.0861695

-0.359375 0.412593
-0.34375 0.41255

-0.34375 0.41255
-0.328125 0.412509

2.39062 0.0861694
2.40625 0.0830212

2.40625 0.0830202
2.42188 0.079896

-2.8125 0.433796
-2.79688 0.433903

-2.79688 0.433903
-2.78125 0.434011

0.75 0.392321
0.765625 0.391101

0.78125 0.389855
0.771762 0.390625

0.765625 0.391065
0.77105 0.390625

0.78125 0.389833
0.796875 0.388519

2.4375 0.0769643
2.43165 0.078125

2.42188 0.0797751
2.43019 0.078125

-2.78125 0.434011
-2.76562 0.434121

-2.76562 0.434121
-2.75 0.434234

0.796875 0.388519
0.8125 0.387162

-2.75 0.434234
-2.73438 0.434349

-2.73438 0.434349
-2.71875 0.434466

0.8125 0.387162
0.828125 0.38576

-2.71875 0.434466
-2.70312 0.434584

-2.70312 0.434584
-2.6875 0.434702

-0.328125 0.412509
-0.3125 0.41247

-2.6875 0.434703
-2.67188 0.434821

-0.3125 0.412469
-0.296875 0.412435

-2.67188 0.434821
-2.65625 0.434939

-0.296875 0.412434
-0.28125 0.412406

2.4375 0.0767968
2.45312 0.0737187

0.828125 0.38576
0.84375 0.384311

2.45312 0.073718
2.46875 0.0706635

0.84375 0.384311
0.859375 0.382816

-0.28125 0.412407
-0.265625 0.412385

-2.65625 0.434939
-2.64062 0.435057

-0.265625 0.412385
-0.25 0.412369

-2.64062 0.435057
-2.625 0.435174

2.46875 0.0706633
2.48438 0.0676342

2.48438 0.0676339
2.5 0.0646312

0.859375 0.382816
0.875 0.381275

-0.25 0.412369
-0.234375 0.412356

-0.234375 0.412356
-0.21875 0.412345

-0.21875 0.412345
-0.203125 0.412336

0.9375 0.374666
0.934478 0.375

-0.203125 0.412335
-0.1875 0.412328

0.9375 0.374651
0.953125 0.372872

0.953125 0.372872
0.96875 0.371043

-0.1875 0.412328
-0.171875 0.412323

2.89062 -0.00110984
2.88285 0

-2.625 0.435174
-2.60938 0.43529

2.89062 -0.0011765
2.90625 -0.0033682

0.96875 0.371043
0.984375 0.369164

0.984375 0.369163
1 0.367233

2.90625 -0.00336844
2.92188 -0.00552286

0.875 0.381275
0.890625 0.379688

0.890625 0.379688
0.90625 0.378057

-0.171875 0.412323
-0.15625 0.412317

2.92188 -0.00552309
2.9375 -0.00763926

-0.15625 0.412317
-0.140625 0.412311

-0.140625 0.412311
-0.125 0.412305

2.9375 -0.00763949
2.95312 -0.00971651

2.95312 -0.00971668
2.96875 -0.0117537

0.90625 0.378058
0.921875 0.376379

0.921875 0.376376
0.934313 0.375

-2.60938 0.43529
-2.59375 0.435407

-2.59375 0.435407
-2.57812 0.435523

-2.57812 0.435523
-2.5625 0.435639

2.96875 -0.0117538
2.98438 -0.0137505

1 0.367233
1.01562 0.365253

1.01562 0.365253
1.03125 0.363222

-0.125 0.412305
-0.109375 0.412297

1.03125 0.363222
1.04688 0.361143

-2.5625 0.435639
-2.54688 0.435753

3 -0.0156744
2.99961 -0.015625

-2.54688 0.435753
-2.53125 0.435866

-0.109375 0.412297
-0.09375 0.412288

-2.53125 0.435866
-2.51562 0.435975

-0.09375 0.412288
-0.078125 0.41228

-2.51562 0.435975
-2.5 0.436081

-0.078125 0.41228
-0.0625 0.412272

2.98438 -0.0137518
2.99934 -0.015625

2.51562 0.0618179
2.51204 0.0625

2.51562 0.061656
2.53125 0.0587049

2.53125 0.0587044
2.54688 0.0557779

2.54688 0.0557777
2.5625 0.0528773

2.5 0.0645724
2.51088 0.0625

-2.5 0.436081
-2.48438 0.436183

-2.48438 0.436183
-2.46875 0.436278

-0.0625 0.412272
-0.046875 0.412263

-2.46875 0.436279
-2.45312 0.436368

-0.046875 0.412263
-0.03125 0.41225

-2.45312 0.436368
-2.4375 0.436448

1.0625 0.359043
1.06006 0.359375

-2.4375 0.436448
-2.42188 0.43652

-0.03125 0.41225
-0.015625 0.412232

-0.015625 0.412232
0 0.41221

1.04688 0.361137
1.0598 0.359375

1.0625 0.359014
1.07812 0.356833

1.07812 0.356833
1.09375 0.3546

2.5625 0.0528773
2.57812 0.0500037

2.57812 0.0500029
2.59375 0.0471575

2.60938 0.0443561
2.59541 0.046875

2.59375 0.0468989
2.59388 0.046875

2.60938 0.0443395
2.625 0.041545

2.625 0.0415447
2.64062 0.0387768

-2.42188 0.436521
-2.40625 0.436583

-2.40625 0.436585
-2.39062 0.436635

1.09375 0.3546
1.10938 0.352317

1.10938 0.352316
1.125 0.349985

2.64062 0.0387763
2.65625 0.0360364

2.6875 0.0308284
2.68504 0.03125

-2.39062 0.436635
-2.375 0.43667

1.125 0.349984
1.14062 0.347605

2.65625 0.0360359
2.67188 0.0333257

2.67188 0.0332801
2.68371 0.03125

1.14062 0.347605
1.15625 0.34518

1.17188 0.342774
1.16571 0.34375

-2.375 0.436669
-2.35938 0.436689

-2.35938 0.436689
-2.34375 0.436695

2.6875 0.0306468
2.70312 0.0279971

2.70312 0.0279964
2.71875 0.0253766

-2.34375 0.436694
-2.32812 0.436689

-2.32812 0.436689
-2.3125 0.436672

1.17188 0.342709
1.1875 0.34019

-2.3125 0.436675
-2.29688 0.436644

1.15625 0.345133
1.16499 0.34375

2.71875 0.025376
2.73438 0.0227884

1.1875 0.340189
1.20312 0.337623

-2.29688 0.436644
-2.28125 0.436593

1.20312 0.337623
1.21875 0.335011

2.73438 0.0227881
2.75 0.0202348

1.21875 0.33501
1.23438 0.332355

1.23438 0.332354
1.25 0.329657

2.75 0.0202349
2.76562 0.0177165

2.78125 0.0153329
2.77941 0.015625

2.76562 0.0177
2.77868 0.015625

-2.28125 0.436591
-2.26562 0.436521

1.26562 0.326991
1.25915 0.328125

1.25 0.329602
1.25843 0.328125

2.78125 0.015234
2.79688 0.0127844

1.26562 0.326919
1.28125 0.32414

2.79688 0.0127841
2.8125 0.0103672

-2.26562 0.436521
-2.25 0.436436

2.8125 0.0103667
2.82812 0.0079838

1.28125 0.324139
1.29688 0.32132

-2.25 0.436435
-2.23438 0.436336

2.82812 0.00798385
2.84375 0.00563577

-2.23438 0.436336
-2.21875 0.436226

1.29688 0.321319
1.3125 0.318462

-2.21875 0.436228
-2.20312 0.436105

-2.20312 0.436105
-2.1875 0.435965

1.35938 0.309686
1.34453 0.3125

1.35938 0.309682
1.375 0.306685

1.3125 0.318462
1.32812 0.315569

1.32812 0.315569
1.34375 0.312643

-2.1875 0.435964
-2.17188 0.43581

-2.17188 0.43581
-2.15625 0.435644

2.84375 0.00563499
2.85938 0.00332322

2.85938 0.00332161
2.875 0.00105093

1.375 0.306684
1.39062 0.303653

2.875 0.000976838
2.88185 0

-2.15625 0.435644
-2.14062 0.435466

-2.14062 0.435466
-2.125 0.435278

3 -0.0157058
3.01562 -0.0176223

-2.125 0.435278
-2.10938 0.435078

1.39062 0.303653
1.40625 0.300589

1.40625 0.300588
1.42188 0.297493

3.01562 -0.0176225
3.03125 -0.019501

3.03125 -0.0195007
3.04688 -0.0213414

3.04688 -0.0213416
3.0625 -0.0231448

-2.10938 0.435078
-2.09375 0.434866

-2.09375 0.434866
-2.07812 0.434642

-2.07812 0.434642
-2.0625 0.434406

3.0625 -0.023145
3.07812 -0.0249099

-2.0625 0.434406
-2.04688 0.43416

-2.04688 0.434159
-2.03125 0.433903

1.4375 0.294409
1.42518 0.296875

1.42188 0.297287
1.42393 0.296875

3.07812 -0.0249099
3.09375 -0.0266362

1.4375 0.294365
1.45312 0.291203

-2.03125 0.433903
-2.01562 0.433637

-2.01562 0.433637
-2 0.433362

3.09375 -0.026636
3.10938 -0.0283242

3.10938 -0.0283246
3.125 -0.0299744

1.45312 0.291202
1.46875 0.288011

1.46875 0.28801
1.48438 0.28479

1.48438 0.284789
1.5 0.281543

3.14062 -0.0315517
3.1377 -0.03125

3.14062 -0.0315843
3.15625 -0.0331565

3.125 -0.0299827
3.1373 -0.03125

3.15625 -0.0331563
3.17188 -0.0346917

3.17188 -0.0346915
3.1875 -0.0361908

3.1875 -0.0361909
3.20312 -0.0376545

3.20312 -0.0376546
3.21875 -0.0390821

3.21875 -0.0390822
3.23438 -0.0404734

3.23438 -0.0404734
3.25 -0.0418282

3.25 -0.0418283
3.26562 -0.0431465

3.26562 -0.0431465
3.28125 -0.0444282

3.28125 -0.0444281
3.29688 -0.0456735

3.29688 -0.0456738
3.3124 -0.046875

3.3125 -0.0468818
3.32812 -0.0480544

3.32812 -0.0480545
3.34375 -0.0491919

3.34375 -0.0491916
3.35938 -0.0502942

3.35938 -0.0502938
3.375 -0.051363

3.375 -0.0513638
3.39062 -0.052399

3.39062 -0.0523989
3.40625 -0.053399

3.40625 -0.0533986
3.42188 -0.0543647

3.42188 -0.0543647
3.4375 -0.0552976

3.4375 -0.0552977
3.45312 -0.056197

3.45312 -0.0561971
3.46875 -0.0570622

3.46875 -0.0570622
3.48438 -0.0578929

3.48438 -0.0578929
3.5 -0.0586894

3.5 -0.0586894
3.51562 -0.0594519

3.51562 -0.059452
3.53125 -0.0601802

3.53125 -0.06018
3.54688 -0.0608741

3.54688 -0.0608729
3.5625 -0.0615357

3.59375 -0.0627568
3.58696 -0.0625

3.59375 -0.0627541
3.60938 -0.0633146

3.60938 -0.063315
3.625 -0.0638468

3.5625 -0.0615474
3.58688 -0.0625

3.625 -0.0638469
3.64062 -0.0643489

3.64062 -0.0643486
3.65625 -0.0648209

3.65625 -0.0648191
3.67188 -0.065266

3.67188 -0.0652658
3.6875 -0.0656914

3.6875 -0.0656923
3.70312 -0.0660953

3.70312 -0.066095
3.71875 -0.0664743

3.71875 -0.0664739
3.73438 -0.066831

3.73438 -0.0668307
3.75 -0.0671672

3.75 -0.0671678
3.76562 -0.067483

3.76562 -0.0674828
3.78125 -0.0677759

3.78125 -0.0677748
3.79688 -0.0680485

3.79688 -0.0680481
3.8125 -0.0683054

3.8125 -0.0683049
3.82812 -0.0685476

3.82812 -0.0685477
3.84375 -0.0687766

3.84375 -0.0687772
3.85938 -0.0689909

3.85938 -0.0689906
3.875 -0.0691884

3.875 -0.0691875
3.89062 -0.0693715

3.89062 -0.0693721
3.90625 -0.069543

3.90625 -0.0695441
3.92188 -0.0696986

3.92188 -0.0696991
3.9375 -0.0698339

3.9375 -0.069834
3.95312 -0.0699478

3.95312 -0.0699484
3.96875 -0.0700397

3.96875 -0.0700407
3.98438 -0.0701063

3.98438 -0.0701122
4 -0.070138

