-2.125 0.336808
-2.10938 0.336067

-2.10938 0.336067
-2.09375 0.335325

-2.09375 0.335325
-2.07812 0.334583

-2.07812 0.334583
-2.0625 0.333841

-0.25 0.212994
-0.234375 0.211391

-0.234375 0.211391
-0.21875 0.209781

-0.21875 0.209782
-0.203125 0.208165

-0.203125 0.208165
-0.1875 0.20654

-0.1875 0.20654
-0.171875 0.204907

-0.15625 0.203105
-0.156437 0.203125

-0.171875 0.204906
-0.15625 0.203266

-0.140625 0.201621
-0.154911 0.203125

-0.15625 0.20328
-0.15478 0.203125

-0.140625 0.201622
-0.125 0.199972

-4 0.426724
-3.98438 0.426704

-3.98438 0.426703
-3.96875 0.426646

-3.96875 0.426645
-3.95312 0.426554

-3.95312 0.426553
-3.9375 0.426433

-2.0625 0.333841
-2.04688 0.333098

-2.04688 0.333098
-2.03125 0.332355

-2.03125 0.332355
-2.01562 0.33161

-2.01562 0.33161
-2 0.330864

-0.125 0.199972
-0.109375 0.198319

-0.109375 0.198319
-0.09375 0.196665

-0.09375 0.196665
-0.078125 0.195009

-0.078125 0.195009
-0.0625 0.193353

0 0.18668
-0.0077207 0.1875

-0.0625 0.193353
-0.046875 0.191696

-0.046875 0.191696
-0.03125 0.190038

-0.03125 0.190038
-0.015625 0.18838

-0.015625 0.188415
-0.00700906 0.1875

-2 0.330865
-1.98438 0.330116

-1.98438 0.330117
-1.96875 0.329366

-1.96875 0.329366
-1.95312 0.328612

-1.9375 0.327836
-1.94348 0.328125

-1.95312 0.328624
-1.94282 0.328125

-1.9375 0.327856
-1.92188 0.327099

-1.92188 0.327099
-1.90625 0.326343

-1.90625 0.326343
-1.89062 0.32559

-1.89062 0.325589
-1.875 0.324838

-1.875 0.324838
-1.85938 0.32409

-1.85938 0.32409
-1.84375 0.323347

-1.84375 0.323347
-1.82812 0.32261

-1.82812 0.32261
-1.8125 0.321878

-1.8125 0.321878
-1.79688 0.321151

-1.79688 0.321151
-1.78125 0.32043

-1.78125 0.32043
-1.76562 0.319713

-1.76562 0.319714
-1.75 0.319

0 0.186718
0.015625 0.185059

0.015625 0.18506
0.03125 0.183403

0.03125 0.183403
0.046875 0.181748

0.046875 0.181748
0.0625 0.180094

-1.75 0.319001
-1.73438 0.318289

0.0625 0.180095
0.078125 0.178442

0.078125 0.178442
0.09375 0.17679

0.09375 0.17679
0.109375 0.175139

-1.73438 0.318289
-1.71875 0.317578

-1.71875 0.317579
-1.70312 0.316867

-1.70312 0.316867
-1.6875 0.316154

-1.6875 0.316155
-1.67188 0.315436

-3.9375 0.426432
-3.92188 0.426285

-3.92188 0.426284
-3.90625 0.426113

2 0.242645
2.01562 0.245614

2.01562 0.245614
2.03125 0.248611

2.03125 0.248676
2.03809 0.25

-1.67188 0.315437
-1.65625 0.314711

2.03871 0.25
2.04688 0.251581

-1.65625 0.314712
-1.64062 0.313977

2.04688 0.251634
2.0625 0.25469

2.0625 0.254692
2.07812 0.25778

2.07812 0.25778
2.09375 0.260899

2.09375 0.260899
2.10938 0.264048

2.10938 0.264088
2.11692 0.265625

2.11732 0.265625
2.125 0.267189

-1.64062 0.313977
-1.625 0.313231

2.125 0.267227
2.14062 0.270442

2.14062 0.270443
2.15625 0.273695

-1.60938 0.312406
-1.61132 0.3125

-1.60938 0.312473
-1.59375 0.311703

-1.59375 0.311703
-1.57812 0.310922

2.15625 0.273695
2.17188 0.276981

2.17188 0.276982
2.1875 0.280302

-1.57812 0.310922
-1.5625 0.310127

-1.625 0.313237
-1.6098 0.3125

2.1875 0.280344
2.19172 0.28125

2.19199 0.28125
2.20312 0.283639

-1.5625 0.310128
-1.54688 0.30932

-1.54688 0.30932
-1.53125 0.3085

2.20312 0.283655
2.21875 0.287041

-1.53125 0.3085
-1.51562 0.307667

-1.51562 0.307667
-1.5 0.306821

2.21875 0.287042
2.23438 0.290461

2.23438 0.29046
2.25 0.293909

2.25 0.293944
2.26318 0.296875

2.26443 0.296875
2.26562 0.297141

2.26562 0.297381
2.28125 0.300888

2.28125 0.300891
2.29688 0.304435

2.29688 0.304435
2.3125 0.30801

2.3125 0.308013
2.32812 0.311613

2.32812 0.311712
2.33152 0.3125

2.33208 0.3125
2.34375 0.315204

2.34375 0.315234
2.35938 0.318877

2.35938 0.318879
2.375 0.322541

2.375 0.322546
2.39062 0.326214

-1.5 0.306821
-1.48438 0.305964

-1.48438 0.305964
-1.46875 0.305099

-1.46875 0.305098
-1.45312 0.304227

2.39062 0.326385
2.39805 0.328125

2.39956 0.328125
2.40625 0.329693

2.40625 0.329873
2.42188 0.333531

2.42188 0.333534
2.4375 0.337191

2.4375 0.337193
2.45312 0.340838

2.45312 0.340908
2.46539 0.34375

2.46717 0.34375
2.46875 0.344117

2.46875 0.344457
2.48438 0.348057

2.48438 0.348061
2.5 0.351645

-1.45312 0.304227
-1.4375 0.303351

2.5 0.351646
2.51562 0.355204

-1.4375 0.303351
-1.42188 0.302471

-1.42188 0.302472
-1.40625 0.301589

-1.40625 0.30159
-1.39062 0.300703

-1.39062 0.300703
-1.375 0.299811

2.51562 0.355206
2.53125 0.358731

2.53125 0.35878
2.53391 0.359375

2.53418 0.359375
2.54688 0.362208

-3.90625 0.426112
-3.89062 0.42592

-3.89062 0.42592
-3.875 0.425709

-3.875 0.425709
-3.85938 0.425481

-3.85938 0.42548
-3.84375 0.425238

0.109375 0.175138
0.125 0.17349

2.54688 0.362218
2.5625 0.365669

0.140625 0.171671
0.13869 0.171875

-3.84375 0.425237
-3.82812 0.424982

-1.375 0.299811
-1.35938 0.298915

-3.82812 0.424981
-3.8125 0.424716

2.5625 0.36567
2.57812 0.369083

-3.8125 0.424715
-3.79688 0.424442

-1.35938 0.298915
-1.34375 0.298018

-3.79688 0.424442
-3.78125 0.424162

-3.78125 0.424162
-3.76562 0.423874

-3.76562 0.423874
-3.75 0.423578

0.125 0.173503
0.140442 0.171875

2.57812 0.369084
2.59375 0.372453

2.59375 0.372486
2.60558 0.375

-1.34375 0.298018
-1.32812 0.297119

2.60624 0.375
2.60938 0.375666

-1.3125 0.296216
-1.32393 0.296875

-3.75 0.423577
-3.73438 0.423275

-1.32812 0.297125
-1.32378 0.296875

-1.3125 0.296219
-1.29688 0.295316

-1.29688 0.295316
-1.28125 0.29441

0.140625 0.17184
0.15625 0.170198

0.15625 0.170199
0.171875 0.168567

-3.73438 0.423275
-3.71875 0.422966

-3.71875 0.422967
-3.70312 0.422652

-1.28125 0.29441
-1.26562 0.293504

-1.26562 0.293504
-1.25 0.292597

2.60938 0.375774
2.625 0.379046

2.625 0.379048
2.64062 0.38227

2.64062 0.382271
2.65625 0.385438

2.65625 0.385439
2.67188 0.388547

2.67188 0.388571
2.68243 0.390625

2.6828 0.390625
2.6875 0.39154

2.6875 0.39159
2.70312 0.394562

-1.25 0.292596
-1.23438 0.29169

-1.23438 0.29169
-1.21875 0.290786

-1.21875 0.290786
-1.20312 0.289883

-1.20312 0.289883
-1.1875 0.288982

-1.1875 0.288983
-1.17188 0.288082

-1.17188 0.288082
-1.15625 0.287176

-1.15625 0.287176
-1.14062 0.286265

-1.14062 0.286265
-1.125 0.285349

-3.70312 0.422653
-3.6875 0.422332

-3.6875 0.422332
-3.67188 0.422005

0.171875 0.168566
0.1875 0.166942

0.1875 0.166942
0.203125 0.165328

2.70312 0.394563
2.71875 0.397462

0.203125 0.165327
0.21875 0.163725

2.71875 0.397462
2.73438 0.400286

-3.65625 0.421672
-3.66581 0.421875

2.73438 0.400287
2.75 0.403034

-3.67188 0.422006
-3.6657 0.421875

0.21875 0.163724
0.234375 0.162134

0.234375 0.162134
0.25 0.160556

2.75 0.403035
2.76562 0.405699

-1.125 0.28535
-1.10938 0.284428

-3.65625 0.421673
-3.64062 0.421336

0.25 0.160556
0.265625 0.158992

-3.64062 0.421336
-3.625 0.420994

0.265625 0.158992
0.28125 0.157442

2.76562 0.405701
2.76895 0.40625

0.296875 0.155806
0.292357 0.15625

0.296875 0.155905
0.3125 0.154388

-3.625 0.420994
-3.60938 0.420645

0.28125 0.157476
0.293726 0.15625

-1.10938 0.284428
-1.09375 0.283499

0.3125 0.154389
0.328125 0.152892

-1.09375 0.2835
-1.07812 0.282561

0.328125 0.152892
0.34375 0.151415

-3.60938 0.420645
-3.59375 0.420287

0.34375 0.151415
0.359375 0.14996

0.359375 0.14996
0.375 0.148527

2.76896 0.40625
2.78125 0.408278

-1.07812 0.282561
-1.0625 0.28161

-3.59375 0.420287
-3.57812 0.419923

-1.04688 0.280637
-1.05681 0.28125

-1.04688 0.280645
-1.03125 0.279669

-3.57812 0.419922
-3.5625 0.41955

2.78125 0.408279
2.79688 0.41077

-3.5625 0.419552
-3.54688 0.419169

-1.0625 0.281625
-1.05643 0.28125

-3.54688 0.419169
-3.53125 0.418772

2.79688 0.410771
2.8125 0.413172

-3.53125 0.418772
-3.51562 0.418361

-3.51562 0.418361
-3.5 0.417938

2.8125 0.413174
2.82812 0.415481

2.82812 0.415483
2.84375 0.417691

0.375 0.148527
0.390625 0.147117

0.390625 0.147117
0.40625 0.145733

0.40625 0.145732
0.421875 0.144374

0.421875 0.144374
0.4375 0.143045

-1.03125 0.279669
-1.01562 0.27868

-1.01562 0.27868
-1 0.277681

2.84375 0.417693
2.85938 0.419796

2.85938 0.419797
2.875 0.421789

0.4375 0.143044
0.453125 0.141745

2.875 0.421794
2.87567 0.421875

-3.5 0.417937
-3.48438 0.417501

0.46875 0.140424
0.466279 0.140625

0.453125 0.141753
0.467025 0.140625

0.46875 0.140475
0.484375 0.139243

2.87571 0.421875
2.89062 0.423669

2.89062 0.42367
2.90625 0.425437

-3.48438 0.417502
-3.46875 0.41705

-3.46875 0.41705
-3.45312 0.416581

2.90625 0.425439
2.92188 0.427089

2.92188 0.427091
2.9375 0.428615

2.9375 0.428616
2.95312 0.430008

2.95312 0.43001
2.96875 0.431263

2.96875 0.431263
2.98438 0.432374

2.98438 0.432373
3 0.433346

-3.45312 0.41658
-3.4375 0.416092

-3.4375 0.416093
-3.42188 0.415586

-3.42188 0.415585
-3.40625 0.415062

-3.40625 0.415062
-3.39062 0.414522

-1 0.277681
-0.984375 0.276671

-0.984375 0.276671
-0.96875 0.275648

-0.96875 0.275649
-0.953125 0.274613

-0.953125 0.274613
-0.9375 0.273563

-0.9375 0.273563
-0.921875 0.272496

3 0.433345
3.01562 0.434184

0.484375 0.139243
0.5 0.138049

-3.39062 0.414522
-3.375 0.413966

-0.921875 0.272496
-0.90625 0.271413

-3.375 0.413967
-3.35938 0.413394

-3.35938 0.413395
-3.34375 0.412801

-3.34375 0.412802
-3.32812 0.412184

-3.32812 0.412184
-3.3125 0.411538

3.01562 0.434183
3.03125 0.434892

3.03125 0.434892
3.04688 0.435473

3.04688 0.435472
3.0625 0.435925

0.5 0.138048
0.515625 0.136895

-3.3125 0.411538
-3.29688 0.410863

0.515625 0.136894
0.53125 0.135785

-0.90625 0.271413
-0.890625 0.270313

3.0625 0.435922
3.07812 0.436254

-0.890625 0.270313
-0.875 0.269195

0.53125 0.135784
0.546875 0.13472

-3.29688 0.410864
-3.28125 0.410157

0.546875 0.134719
0.5625 0.133703

3.07812 0.436254
3.09375 0.436474

-0.875 0.269196
-0.859375 0.268061

3.09375 0.436471
3.10938 0.436585

-0.859375 0.268061
-0.84375 0.266908

-3.28125 0.410158
-3.26562 0.409417

-0.828125 0.265615
-0.828263 0.265625

0.5625 0.133703
0.578125 0.132737

3.10938 0.436585
3.125 0.436602

0.578125 0.132736
0.59375 0.131822

0.59375 0.131822
0.609375 0.130962

-3.26562 0.409417
-3.25 0.408639

0.609375 0.130962
0.625 0.130155

-0.84375 0.266908
-0.828125 0.265738

0.625 0.130155
0.640625 0.129404

0.640625 0.129403
0.65625 0.128707

0.65625 0.128708
0.671875 0.128066

-3.25 0.408638
-3.23438 0.407822

0.671875 0.128066
0.6875 0.127478

3.125 0.436598
3.14062 0.436527

0.6875 0.127478
0.703125 0.126943

3.14062 0.436527
3.15625 0.436375

0.703125 0.126943
0.71875 0.12646

-0.8125 0.26455
-0.826651 0.265625

-3.23438 0.407822
-3.21875 0.406968

-0.828125 0.265748
-0.82651 0.265625

-0.8125 0.26455
-0.796875 0.263347

0.71875 0.126461
0.734375 0.126028

-0.796875 0.263347
-0.78125 0.262129

3.15625 0.43637
3.17188 0.436147

0.734375 0.126028
0.75 0.125644

3.17188 0.436145
3.1875 0.435861

-0.78125 0.262129
-0.765625 0.260896

0.78125 0.124984
0.780408 0.125

-0.765625 0.260896
-0.75 0.259648

3.1875 0.435858
3.20312 0.435521

-3.20312 0.406068
-3.2063 0.40625

0.796875 0.124767
0.782159 0.125

-3.20312 0.406074
-3.1875 0.405138

-3.21875 0.40697
-3.20618 0.40625

-0.625 0.24906
-0.635649 0.25

0.796875 0.124768
0.8125 0.124566

3.20312 0.435519
3.21875 0.435137

0.8125 0.124566
0.828125 0.12441

3.21875 0.435135
3.23438 0.434716

-0.625 0.24907
-0.609375 0.247678

-3.1875 0.405138
-3.17188 0.404163

0.828125 0.12441
0.84375 0.1243

-3.17188 0.404162
-3.15625 0.40315

-0.609375 0.247678
-0.59375 0.246274

0.84375 0.1243
0.859375 0.124235

-0.59375 0.246274
-0.578125 0.244858

0.859375 0.124235
0.875 0.124216

-0.578125 0.244858
-0.5625 0.24343

3.23438 0.434716
3.25 0.434267

0.75 0.125645
0.765625 0.125307

-3.15625 0.403151
-3.14062 0.402101

-0.5625 0.24343
-0.546875 0.241991

-3.14062 0.402101
-3.125 0.401013

0.765625 0.125308
0.78125 0.125015

3.25 0.434266
3.26562 0.433788

-3.125 0.401011
-3.10938 0.39989

-3.10938 0.39989
-3.09375 0.398739

-0.546875 0.241991
-0.53125 0.240542

-3.09375 0.398737
-3.07812 0.397561

3.26562 0.433787
3.28125 0.433281

0.78125 0.12502
0.782497 0.125

3.28125 0.433281
3.29688 0.43275

-3.07812 0.39756
-3.0625 0.396361

-0.53125 0.240542
-0.515625 0.239083

-3.0625 0.39636
-3.04688 0.395145

-3.04688 0.395145
-3.03125 0.393918

3.29688 0.432749
3.3125 0.432197

-0.515625 0.239083
-0.5 0.237612

3.3125 0.432195
3.32812 0.431625

-0.75 0.259648
-0.734375 0.258385

-3.03125 0.393918
-3.01562 0.392679

-0.734375 0.258385
-0.71875 0.257105

3.32812 0.431625
3.34375 0.431042

0.875 0.124216
0.890625 0.124243

3.34375 0.431041
3.35938 0.430446

-3.01562 0.392678
-3 0.391429

3.35938 0.430446
3.375 0.42984

3.375 0.42984
3.39062 0.429225

3.39062 0.429225
3.40625 0.428601

-0.71875 0.257105
-0.703125 0.255808

-0.703125 0.255808
-0.6875 0.254493

-0.6875 0.254493
-0.671875 0.253162

-0.671875 0.253162
-0.65625 0.251814

-0.65625 0.251814
-0.640625 0.25045

-0.640625 0.250471
-0.635287 0.25

0.890625 0.124243
0.90625 0.124315

3.40625 0.4286
3.42188 0.427971

0.90625 0.124315
0.921875 0.124433

0.921875 0.124433
0.9375 0.124597

-2.98438 0.390259
-2.98895 0.390625

-3 0.391384
-2.99052 0.390625

-2.98438 0.390176
-2.96875 0.388925

-2.96875 0.388923
-2.95312 0.387674

-2.95312 0.387673
-2.9375 0.386432

-2.9375 0.386434
-2.92188 0.385199

3.42188 0.427969
3.4375 0.427338

3.4375 0.427339
3.45312 0.426708

0.9375 0.124597
0.953125 0.124807

0.953125 0.124811
0.964713 0.125

-2.92188 0.385199
-2.90625 0.383967

0.965799 0.125
0.96875 0.125048

3.45312 0.426707
3.46875 0.426076

0.96875 0.125061
0.984375 0.125363

-2.90625 0.383964
-2.89062 0.382743

-0.5 0.237611
-0.484375 0.23613

-2.89062 0.382743
-2.875 0.381537

0.984375 0.125363
1 0.125712

3.46875 0.426076
3.48438 0.425447

-0.484375 0.23613
-0.46875 0.23464

-2.78125 0.37452
-2.78774 0.375

-2.78125 0.374516
-2.76562 0.373369

3.48438 0.425448
3.5 0.424822

-2.76562 0.37337
-2.75 0.372242

-0.453125 0.233136
-0.466034 0.234375

-0.46875 0.23466
-0.465779 0.234375

-0.453125 0.23314
-0.4375 0.231633

-0.4375 0.231632
-0.421875 0.230119

-2.875 0.381538
-2.85938 0.380344

-2.85938 0.380344
-2.84375 0.379163

-0.421875 0.230119
-0.40625 0.2286

1 0.125712
1.01562 0.126109

-2.84375 0.379164
-2.82812 0.377993

-2.82812 0.377993
-2.8125 0.376831

-0.40625 0.2286
-0.390625 0.227075

3.5 0.424823
3.51562 0.424199

-0.390625 0.227075
-0.375 0.225543

3.51562 0.424198
3.53125 0.423575

3.53125 0.423574
3.54688 0.422953

3.54688 0.422953
3.5625 0.422339

1.01562 0.126109
1.03125 0.126554

3.57812 0.421727
3.5743 0.421875

-2.8125 0.376832
-2.78772 0.375

1.03125 0.126554
1.04688 0.127048

-0.375 0.225542
-0.359375 0.224003

3.5625 0.422341
3.57456 0.421875

-0.359375 0.224003
-0.34375 0.222457

-2.75 0.372243
-2.73438 0.371133

-0.34375 0.222457
-0.328125 0.220902

3.57812 0.421735
3.59375 0.421143

-0.328125 0.220902
-0.3125 0.219337

1.04688 0.127048
1.0625 0.127592

-2.73438 0.371134
-2.71875 0.370039

1.0625 0.127591
1.07812 0.128185

3.59375 0.421143
3.60938 0.420562

-0.296875 0.217738
-0.306917 0.21875

3.60938 0.420561
3.625 0.41999

-2.71875 0.370039
-2.70312 0.368958

3.625 0.41999
3.64062 0.419431

-2.70312 0.368958
-2.6875 0.367887

-0.296875 0.21776
-0.28125 0.216178

-2.6875 0.367887
-2.67188 0.366829

3.64062 0.41943
3.65625 0.418885

1.07812 0.128185
1.09375 0.128828

3.65625 0.418885
3.67188 0.418355

-0.3125 0.219376
-0.306295 0.21875

1.09375 0.128828
1.10938 0.129522

-2.67188 0.366828
-2.65625 0.365783

-0.28125 0.216178
-0.265625 0.21459

3.67188 0.418355
3.6875 0.417841

1.10938 0.129522
1.125 0.130268

3.6875 0.417841
3.70312 0.417342

-2.65625 0.365783
-2.64062 0.364752

-0.265625 0.21459
-0.25 0.212995

-2.64062 0.364751
-2.625 0.363734

3.70312 0.417342
3.71875 0.416857

-2.625 0.363734
-2.60938 0.362732

3.71875 0.416858
3.73438 0.416386

-2.60938 0.362732
-2.59375 0.361744

1.125 0.130268
1.14062 0.131067

-2.59375 0.361744
-2.57812 0.360771

-2.57812 0.360771
-2.5625 0.359811

1.14062 0.131067
1.15625 0.131919

-2.54688 0.358849
-2.55554 0.359375

3.73438 0.416385
3.75 0.415927

-2.5625 0.359828
-2.55503 0.359375

-2.54688 0.358864
-2.53125 0.357927

-2.53125 0.357929
-2.51562 0.357

-2.51562 0.357
-2.5 0.356076

1.15625 0.131919
1.17188 0.132825

1.17188 0.132825
1.1875 0.133786

3.75 0.415926
3.76562 0.415485

3.76562 0.415484
3.78125 0.415064

3.78125 0.415064
3.79688 0.414668

3.79688 0.414668
3.8125 0.414296

3.8125 0.414298
3.82812 0.413948

3.82812 0.413947
3.84375 0.413615

3.84375 0.413613
3.85938 0.413302

3.85938 0.413302
3.875 0.413016

-2.5 0.356076
-2.48438 0.355158

1.1875 0.133786
1.20312 0.134802

1.20312 0.134802
1.21875 0.135871

-2.48438 0.355158
-2.46875 0.354248

-2.46875 0.354247
-2.45312 0.353346

-2.45312 0.353346
-2.4375 0.352455

-2.4375 0.352455
-2.42188 0.351574

-2.42188 0.351573
-2.40625 0.350706

3.875 0.413015
3.89062 0.412755

3.89062 0.412754
3.90625 0.412523

3.90625 0.412523
3.92188 0.412323

3.92188 0.412322
3.9375 0.412154

3.9375 0.412154
3.95312 0.412023

3.95312 0.412022
3.96875 0.411928

3.96875 0.411928
3.98438 0.411875

3.98438 0.411876
4 0.411859

-2.40625 0.350706
-2.39062 0.349855

-2.39062 0.349855
-2.375 0.349021

1.21875 0.135872
1.23438 0.136994

1.23438 0.136995
1.25 0.138168

-2.375 0.349021
-2.35938 0.348204

-2.35938 0.348203
-2.34375 0.347402

-2.34375 0.347402
-2.32812 0.346615

-2.32812 0.346616
-2.3125 0.345841

-2.3125 0.345843
-2.29688 0.345077

-2.29688 0.345077
-2.28125 0.344315

-2.26562 0.343524
-2.27027 0.34375

-2.26562 0.343555
-2.25 0.342797

-2.28125 0.344327
-2.26938 0.34375

1.25 0.138168
1.26562 0.13939

1.26562 0.13939
1.2808 0.140625

1.28125 0.140661
1.29688 0.141984

1.29688 0.141983
1.3125 0.143359

-2.25 0.342798
-2.23438 0.342043

1.3125 0.143359
1.32812 0.14479

1.32812 0.144791
1.34375 0.146277

1.34375 0.146278
1.35938 0.147816

1.35938 0.147817
1.375 0.149404

1.375 0.149406
1.39062 0.151038

-2.23438 0.342043
-2.21875 0.34129

-2.21875 0.34129
-2.20312 0.340539

1.39062 0.151039
1.40625 0.152713

1.40625 0.152713
1.42188 0.15443

1.42188 0.154431
1.4375 0.156187

1.4375 0.156202
1.43792 0.15625

1.43806 0.15625
1.45312 0.157983

1.45312 0.157983
1.46875 0.159823

1.46875 0.159823
1.48438 0.161704

1.48438 0.161704
1.5 0.163627

-2.20312 0.340539
-2.1875 0.339789

-2.1875 0.339789
-2.17188 0.339041

-2.17188 0.339041
-2.15625 0.338295

-2.15625 0.338295
-2.14062 0.337551

-2.14062 0.337551
-2.125 0.336808

1.5 0.163628
1.51562 0.16559

1.51562 0.16559
1.53125 0.167589

1.53125 0.167589
1.54688 0.169625

1.54688 0.169626
1.5625 0.171694

1.5625 0.171729
1.56359 0.171875

1.56388 0.171875
1.57812 0.173791

1.57812 0.173794
1.59375 0.175931

1.59375 0.175932
1.60938 0.178104

1.60938 0.178103
1.625 0.180312

1.625 0.180312
1.64062 0.182557

1.64062 0.182558
1.65625 0.184838

1.65625 0.18484
1.67188 0.18715

1.67188 0.187205
1.67385 0.1875

1.67429 0.1875
1.6875 0.189479

1.6875 0.189488
1.70312 0.191863

1.70312 0.191864
1.71875 0.194272

1.71875 0.194272
1.73438 0.196712

1.73438 0.196713
1.75 0.199183

1.75 0.199184
1.76562 0.201684

1.76562 0.201782
1.77394 0.203125

1.77536 0.203125
1.78125 0.204077

1.78125 0.204206
1.79688 0.206759

1.79688 0.206761
1.8125 0.209346

1.8125 0.209345
1.82812 0.211959

1.82812 0.211959
1.84375 0.214602

1.84375 0.214602
1.85938 0.217272

1.85938 0.217338
1.86755 0.21875

1.8684 0.21875
1.875 0.219889

1.875 0.219967
1.89062 0.222693

1.89062 0.222694
1.90625 0.225453

1.90625 0.225453
1.92188 0.228242

1.92188 0.228242
1.9375 0.231062

1.9375 0.231062
1.95312 0.233912

1.95312 0.233944
1.95547 0.234375

1.95568 0.234375
1.96875 0.236785

1.96875 0.236791
1.98438 0.239703

1.98438 0.239704
2 0.242646

