-4 0.41483
-3.98438 0.414867

-3.98438 0.414868
-3.96875 0.41498

-3.96875 0.414979
-3.95312 0.415166

-3.95312 0.415166
-3.9375 0.415427

-2.375 0.248759
-2.35938 0.244851

-2.35938 0.244849
-2.34375 0.240979

-3.9375 0.415429
-3.92188 0.415761

-2.34375 0.240977
-2.32812 0.237152

-2.3125 0.233466
-2.31626 0.234375

-3.92188 0.415762
-3.90625 0.41616

-3.90625 0.416161
-3.89062 0.416622

-3.89062 0.416623
-3.875 0.417141

-2.32812 0.237121
-2.31677 0.234375

-3.875 0.417141
-3.85938 0.417714

-3.85938 0.417714
-3.84375 0.418343

-3.84375 0.418343
-3.82812 0.419026

-2.3125 0.233374
-2.29688 0.229636

0 0.200858
0.015625 0.202823

2 0.38515
2.01562 0.386101

2.01562 0.386101
2.03125 0.38704

-2.29688 0.229635
-2.28125 0.225942

2.03125 0.387041
2.04688 0.387965

-2.25 0.218689
-2.25026 0.21875

-3.82812 0.419027
-3.8125 0.419763

-2.28125 0.225943
-2.26562 0.222294

-2.26562 0.222295
-2.25028 0.21875

0.015625 0.202778
0.0183911 0.203125

-3.8125 0.419762
-3.79688 0.420549

-3.79688 0.420549
-3.78125 0.421388

0.0179484 0.203125
0.03125 0.204792

-2.48438 0.277219
-2.49933 0.28125

2.04688 0.387964
2.0625 0.388873

-2.48438 0.277215
-2.46875 0.273034

0.03125 0.204783
0.046875 0.206731

-3.78125 0.421386
-3.77266 0.421875

0.046875 0.206731
0.0625 0.208671

-2.46875 0.273032
-2.45312 0.268888

2.0625 0.388872
2.07812 0.389769

-2.4375 0.264881
-2.44033 0.265625

-2.45312 0.268866
-2.44079 0.265625

-3.77274 0.421875
-3.76562 0.42228

2.07812 0.389768
2.09322 0.390625

-2.4375 0.264784
-2.42188 0.260714

0.0625 0.20867
0.078125 0.210602

-3.76562 0.422278
-3.75 0.423216

0.078125 0.210603
0.09375 0.212527

0.09375 0.212528
0.109375 0.21444

-2.42188 0.260712
-2.40625 0.256681

2.09324 0.390625
2.09375 0.390654

2.09375 0.390655
2.10938 0.391533

0.109375 0.21444
0.125 0.21634

-2.40625 0.25668
-2.39062 0.252697

-3.75 0.423216
-3.73438 0.4242

0.125 0.21634
0.140625 0.218228

-3.73438 0.424201
-3.71875 0.425229

0.140625 0.218205
0.145164 0.21875

-2.39062 0.252649
-2.38012 0.25

2.10938 0.391533
2.125 0.392401

-3.71875 0.42523
-3.70312 0.426301

0.1449 0.21875
0.15625 0.220112

0.15625 0.220099
0.171875 0.221968

-3.70312 0.426302
-3.6875 0.427412

0.171875 0.221968
0.1875 0.22384

-3.6875 0.427413
-3.67188 0.428557

0.1875 0.22384
0.203125 0.225712

-3.67188 0.428559
-3.65625 0.429729

-2.25 0.218681
-2.23438 0.215115

-3.65625 0.429732
-3.64062 0.430919

0.203125 0.225712
0.21875 0.227584

2.125 0.392402
2.14062 0.393258

-3.64062 0.43092
-3.625 0.432113

2.14062 0.393258
2.15625 0.394101

2.15625 0.394101
2.17188 0.394927

2.17188 0.394927
2.1875 0.395737

-2.23438 0.215117
-2.21875 0.211598

2.1875 0.395738
2.20312 0.396528

-2.21875 0.211598
-2.20312 0.208125

-2.20312 0.208121
-2.1875 0.2047

-3.625 0.432116
-3.60938 0.433308

0.21875 0.227584
0.234375 0.229455

-2.17188 0.201429
-2.17974 0.203125

0.234375 0.229455
0.25 0.231326

2.20312 0.396528
2.21875 0.397295

-2.1875 0.204595
-2.18069 0.203125

2.21875 0.397296
2.23438 0.398037

0.25 0.231327
0.265625 0.233197

2.23438 0.398039
2.25 0.39875

-3.60938 0.433308
-3.59375 0.434493

-3.59375 0.434496
-3.57812 0.435668

-2.17188 0.201333
-2.15625 0.198007

0.265625 0.233194
0.2755 0.234375

-2.15625 0.198005
-2.14062 0.194728

-2.14062 0.194725
-2.125 0.191509

-3.57812 0.435669
-3.5625 0.436821

2.25 0.398751
2.26562 0.399428

-2.09375 0.18531
-2.10482 0.1875

-2.09375 0.185267
-2.07812 0.182232

-2.07812 0.182232
-2.0625 0.17926

-2.125 0.191509
-2.10938 0.188358

-2.10938 0.188251
-2.10558 0.1875

-2.0625 0.17926
-2.04688 0.176352

2.26562 0.399427
2.28125 0.40007

2.28125 0.40007
2.29688 0.400681

2.29688 0.400682
2.3125 0.401259

0.275407 0.234375
0.28125 0.235074

2.3125 0.401259
2.32812 0.401802

2.32812 0.401802
2.34375 0.402314

-2.04688 0.176352
-2.03125 0.173508

-3.5625 0.436837
-3.5533 0.4375

-2.01562 0.17077
-2.02183 0.171875

2.34375 0.402313
2.35938 0.402793

0.28125 0.235067
0.296875 0.236933

2.35938 0.402793
2.375 0.403242

-3.55278 0.4375
-3.54688 0.437925

2.375 0.403243
2.39062 0.403659

2.39062 0.403658
2.40625 0.40404

-3.54688 0.437949
-3.53125 0.439042

-3.53125 0.439043
-3.51562 0.440099

-2.03125 0.173481
-2.02224 0.171875

-2.01562 0.170727
-2 0.167998

2.40625 0.404038
2.42188 0.40439

2.42188 0.404391
2.4375 0.404714

-3.51562 0.440101
-3.5 0.441114

2.4375 0.404714
2.45312 0.405008

2.45312 0.405008
2.46875 0.405271

0.296875 0.236933
0.3125 0.238795

0.3125 0.238795
0.328125 0.240654

2.46875 0.405271
2.48438 0.405504

2.48438 0.405504
2.5 0.405707

0.328125 0.240654
0.34375 0.24251

0.34375 0.24251
0.359375 0.244362

0.359375 0.244362
0.375 0.246207

0.375 0.246207
0.390625 0.248044

0.390625 0.248044
0.40625 0.249875

0.40625 0.249886
0.407223 0.25

0.407328 0.25
0.421875 0.251698

0.421875 0.251699
0.4375 0.253515

0.4375 0.253516
0.453125 0.255319

0.453125 0.255319
0.46875 0.257108

0.46875 0.257108
0.484375 0.258882

0.484375 0.258882
0.5 0.260643

-3.5 0.441114
-3.48438 0.442078

-3.48438 0.442079
-3.46875 0.44299

-3.46875 0.442992
-3.45312 0.443842

-3.45312 0.443843
-3.4375 0.444625

-3.4375 0.444627
-3.42188 0.445334

-3.42188 0.445335
-3.40625 0.445961

-3.40625 0.445963
-3.39062 0.446501

-3.39062 0.446503
-3.375 0.446946

-2 0.167998
-1.98438 0.165324

-3.375 0.446947
-3.35938 0.447288

-3.35938 0.44729
-3.34375 0.447524

-3.34375 0.447527
-3.32812 0.447641

-3.32812 0.447641
-3.3125 0.447628

-3.3125 0.447629
-3.29688 0.447487

-3.29688 0.44749
-3.28125 0.447212

-3.28125 0.447215
-3.26562 0.446793

-3.26562 0.446794
-3.25 0.446222

-1.98438 0.165323
-1.96875 0.162705

0.5 0.260643
0.515625 0.262389

-1.96875 0.162705
-1.95312 0.160142

-1.95312 0.160141
-1.9375 0.157634

-3.25 0.446222
-3.23438 0.445496

-3.23438 0.445499
-3.21875 0.444614

-3.21875 0.444613
-3.20312 0.443567

-1.92188 0.155241
-1.9283 0.15625

-3.20312 0.443568
-3.1875 0.442363

0.515625 0.26239
0.53125 0.264119

-3.125 0.435892
-3.13841 0.4375

0.53125 0.264119
0.545022 0.265625

-3.1875 0.442363
-3.17188 0.440994

-1.92188 0.155183
-1.90625 0.152778

0.545017 0.265625
0.546875 0.265828

2.5 0.405707
2.51562 0.405879

-3.17188 0.440995
-3.15625 0.439461

2.51562 0.405879
2.53125 0.40602

-3.15625 0.439461
-3.14062 0.437758

0.546875 0.265828
0.5625 0.267517

-1.9375 0.157592
-1.92895 0.15625

0.5625 0.267517
0.578125 0.269185

2.53125 0.40602
2.54688 0.406133

2.54688 0.406133
2.5625 0.406219

0.578125 0.269186
0.59375 0.27083

0.59375 0.270831
0.609375 0.272448

0.609375 0.272448
0.625 0.274036

-1.90625 0.152778
-1.89062 0.150419

0.625 0.274036
0.640625 0.275593

0.640625 0.275593
0.65625 0.277118

-3.14062 0.437712
-3.13885 0.4375

0.65625 0.277118
0.671875 0.278613

0.671875 0.278612
0.6875 0.280079

2.5625 0.406219
2.57064 0.40625

2.57048 0.40625
2.57812 0.406279

2.57812 0.406278
2.59375 0.40631

0.6875 0.280072
0.700299 0.28125

2.59375 0.40631
2.60938 0.406316

2.60938 0.406316
2.625 0.406298

-3.125 0.435885
-3.10938 0.433841

-1.89062 0.150419
-1.875 0.148105

-3.10938 0.433841
-3.09375 0.431629

0.703125 0.281236
0.703285 0.28125

0.699891 0.28125
0.703125 0.281548

0.703125 0.281517
0.71875 0.282927

0.71875 0.282926
0.734375 0.284309

0.734375 0.284309
0.75 0.285667

2.65625 0.406195
2.64226 0.40625

2.625 0.406298
2.64062 0.406257

2.64062 0.406256
2.64213 0.40625

2.65625 0.406194
2.67188 0.406114

2.67188 0.406113
2.6875 0.406018

-3.09375 0.431627
-3.07812 0.429249

2.6875 0.406018
2.70312 0.405908

-1.875 0.148105
-1.85938 0.145836

2.70312 0.405908
2.71875 0.405786

-3.07812 0.429248
-3.0625 0.42671

0.75 0.285666
0.765625 0.287

-3.0625 0.426709
-3.04688 0.424016

-3.03125 0.421226
-3.03481 0.421875

2.71875 0.405786
2.73438 0.405654

0.765625 0.287
0.78125 0.288314

2.73438 0.405654
2.75 0.405515

0.78125 0.288313
0.796875 0.289611

-1.85938 0.145837
-1.84375 0.143613

-3.04688 0.423998
-3.03522 0.421875

-3.03125 0.42117
-3.01562 0.418174

0.796875 0.28961
0.8125 0.290894

-1.84375 0.14361
-1.82812 0.141435

0.8125 0.290893
0.828125 0.292165

-3.01562 0.41817
-3 0.415032

0.828125 0.292165
0.84375 0.293428

-1.8125 0.139409
-1.8214 0.140625

2.75 0.405515
2.76562 0.40537

2.76562 0.40537
2.78125 0.40522

0.84375 0.293429
0.859375 0.294683

0.859375 0.294683
0.875 0.295927

0.875 0.295922
0.887087 0.296875

0.886807 0.296875
0.890625 0.297176

0.890625 0.297159
0.90625 0.298377

2.78125 0.405219
2.79688 0.405068

0.90625 0.298377
0.921875 0.299582

0.921875 0.299582
0.9375 0.300774

-1.82812 0.141262
-1.82346 0.140625

0.9375 0.300773
0.953125 0.301954

2.79688 0.405068
2.8125 0.404918

-3 0.41503
-2.98438 0.41176

-1.8125 0.139305
-1.79688 0.137206

-2.98438 0.411758
-2.96875 0.408368

-1.79688 0.137205
-1.78125 0.135145

2.8125 0.404917
2.82812 0.404771

-1.78125 0.135143
-1.76562 0.133127

2.82812 0.40477
2.84375 0.40463

-2.95312 0.404992
-2.95873 0.40625

2.84375 0.404629
2.85938 0.404497

-1.76562 0.133126
-1.75 0.131159

2.85938 0.404497
2.875 0.404375

-2.95312 0.404861
-2.9375 0.401233

-2.96875 0.408288
-2.95967 0.40625

0.953125 0.301952
0.96875 0.303125

2.875 0.404375
2.89062 0.404264

-1.6875 0.123893
-1.69737 0.125

0.96875 0.303122
0.984375 0.304295

-2.9375 0.401229
-2.92188 0.397495

-1.6875 0.123824
-1.67188 0.12212

-2.92188 0.397491
-2.90625 0.393664

0.984375 0.304294
1 0.305473

-2.89062 0.389875
-2.89362 0.390625

-2.90625 0.393631
-2.89425 0.390625

-2.89062 0.38975
-2.875 0.385751

-1.67188 0.12212
-1.65625 0.120467

-2.82812 0.37351
-2.83368 0.375

2.89062 0.404264
2.90625 0.404166

2.90625 0.404165
2.92188 0.40408

2.92188 0.40408
2.9375 0.40401

-2.82812 0.373349
-2.8125 0.369104

2.9375 0.404009
2.95312 0.403955

2.95312 0.403954
2.96875 0.403917

-2.8125 0.369101
-2.79688 0.364809

-1.65625 0.120466
-1.64062 0.118866

2.96875 0.403916
2.98438 0.403896

-1.64062 0.118866
-1.625 0.117321

1 0.305473
1.01562 0.306659

-2.79688 0.364804
-2.78125 0.36048

1.01562 0.306659
1.03125 0.307852

1.03125 0.307851
1.04688 0.309052

2.98438 0.403896
3 0.403895

-2.76562 0.356234
-2.77688 0.359375

-1.75 0.131158
-1.73438 0.129243

1.04688 0.309052
1.0625 0.310259

-2.78125 0.360128
-2.77855 0.359375

1.0625 0.31026
1.07812 0.311472

-1.73438 0.129243
-1.71875 0.127381

1.07812 0.311471
1.09138 0.3125

-2.76562 0.356121
-2.75 0.351723

1.09131 0.3125
1.09375 0.31269

-1.71875 0.127379
-1.70312 0.125574

-2.875 0.385746
-2.85938 0.381673

-1.70312 0.125427
-1.69932 0.125

1.09375 0.312683
1.10938 0.313903

1.10938 0.313903
1.125 0.315134

-2.85938 0.381669
-2.84375 0.377537

1.125 0.315133
1.14062 0.316375

-2.84375 0.377441
-2.83465 0.375

1.14062 0.316374
1.15625 0.31763

1.15625 0.31763
1.17188 0.318904

1.17188 0.318904
1.1875 0.320193

-1.625 0.11732
-1.60938 0.115831

-1.60938 0.11583
-1.59375 0.114398

1.1875 0.320194
1.20312 0.321496

1.20312 0.321496
1.21875 0.322808

-1.59375 0.114398
-1.57812 0.113023

-1.57812 0.113024
-1.5625 0.111706

-2.71875 0.342982
-2.72146 0.34375

-2.75 0.351719
-2.73438 0.347303

-2.73438 0.34728
-2.72192 0.34375

-1.5625 0.111706
-1.54688 0.110447

1.21875 0.322809
1.23438 0.324129

-1.53125 0.109267
-1.53265 0.109375

-1.54688 0.110444
-1.53298 0.109375

-2.71875 0.342876
-2.70312 0.338432

-2.70312 0.33843
-2.6875 0.333975

-1.53125 0.109246
-1.51562 0.108098

-2.6875 0.333969
-2.67188 0.329521

-2.65625 0.325208
-2.6665 0.328125

1.23438 0.324129
1.25 0.325454

-1.51562 0.108097
-1.5 0.107002

-2.67188 0.329236
-2.66797 0.328125

-2.65625 0.32508
-2.64062 0.320631

3 0.403895
3.01562 0.403913

3.01562 0.403913
3.03125 0.403953

3.03125 0.403952
3.04688 0.404014

1.25 0.325454
1.26562 0.326782

1.26562 0.326782
1.28125 0.328115

3.04688 0.404014
3.0625 0.404099

1.28137 0.328125
1.29688 0.329452

1.29688 0.329452
1.3125 0.330793

-2.64062 0.320628
-2.625 0.31619

3.0625 0.404099
3.07812 0.404208

3.07812 0.404208
3.09375 0.404342

1.3125 0.330794
1.32812 0.332136

1.32812 0.332136
1.34375 0.333477

3.09375 0.404342
3.10938 0.4045

3.10938 0.4045
3.125 0.404682

1.34375 0.333476
1.35938 0.334817

1.35938 0.334818
1.375 0.336159

-2.60938 0.311854
-2.61166 0.3125

-2.60938 0.31177
-2.59375 0.307361

1.375 0.336159
1.39062 0.337501

-2.59375 0.307358
-2.57812 0.302967

3.125 0.404681
3.14062 0.404889

1.39062 0.337502
1.40625 0.338843

1.40625 0.338846
1.42188 0.340181

-2.57812 0.302962
-2.5625 0.298602

-2.625 0.316174
-2.61202 0.3125

1.42188 0.340183
1.4375 0.341504

1.4375 0.341502
1.45312 0.342811

1.45312 0.342811
1.46438 0.34375

1.46444 0.34375
1.46875 0.34411

1.46875 0.344114
1.48438 0.345415

1.48438 0.345413
1.5 0.346713

3.14062 0.404888
3.15625 0.405122

3.15625 0.405123
3.17188 0.405384

3.17188 0.405385
3.1875 0.405671

-2.54688 0.294416
-2.55574 0.296875

3.1875 0.405672
3.20312 0.405981

3.20312 0.40598
3.21587 0.40625

-1.5 0.107002
-1.48438 0.105959

3.21554 0.40625
3.21875 0.406318

3.21875 0.406312
3.23438 0.406664

3.23438 0.406664
3.25 0.407039

-2.5625 0.298389
-2.55704 0.296875

-2.54688 0.29427
-2.53125 0.289956

-2.53125 0.289954
-2.51562 0.285672

-2.51562 0.285673
-2.5 0.281427

-1.48438 0.105959
-1.46875 0.104968

-1.46875 0.104968
-1.45312 0.104029

1.5 0.346714
1.51562 0.348015

1.51562 0.348016
1.53125 0.349316

1.53125 0.349317
1.54688 0.350612

-1.45312 0.104029
-1.4375 0.103142

3.25 0.407039
3.26562 0.407439

1.54688 0.350612
1.5625 0.351901

3.26562 0.407439
3.28125 0.407863

-1.4375 0.103141
-1.42188 0.102307

3.28125 0.407863
3.29688 0.408314

1.5625 0.3519
1.57812 0.353183

-1.42188 0.102307
-1.40625 0.101527

3.29688 0.408315
3.3125 0.40879

-1.40625 0.101527
-1.39062 0.100801

3.3125 0.408789
3.32812 0.40929

-1.39062 0.100801
-1.375 0.100128

3.32812 0.40929
3.34375 0.409816

-1.375 0.100128
-1.35938 0.0995106

-2.375 0.248874
-2.37946 0.25

-1.35938 0.0995105
-1.34375 0.098948

3.34375 0.409816
3.35938 0.410366

3.35938 0.410366
3.375 0.410941

1.57812 0.353183
1.59375 0.354464

3.375 0.410942
3.39062 0.411539

3.39062 0.411539
3.40625 0.412157

-1.34375 0.0989478
-1.32812 0.0984409

3.40625 0.412157
3.42188 0.412794

1.59375 0.354464
1.60938 0.355744

3.42188 0.412794
3.4375 0.413448

3.4375 0.41345
3.45312 0.414117

3.45312 0.414117
3.46875 0.414794

3.46875 0.414794
3.48438 0.415482

1.60938 0.355744
1.625 0.357023

3.48438 0.415483
3.5 0.416182

1.625 0.357023
1.64062 0.358299

1.64062 0.358299
1.65384 0.359375

1.65385 0.359375
1.65625 0.35957

1.65625 0.359571
1.67188 0.360839

1.67188 0.36084
1.6875 0.362104

-1.32812 0.0984408
-1.3125 0.0979901

-1.3125 0.09799
-1.29688 0.0975959

-1.29688 0.0975958
-1.28125 0.0972586

1.6875 0.362103
1.70312 0.363365

-1.28125 0.0972588
-1.26562 0.0969783

-1.26562 0.0969785
-1.25 0.0967541

1.70312 0.363365
1.71875 0.364626

1.71875 0.364627
1.73438 0.365884

1.73438 0.365884
1.75 0.367136

-1.25 0.0967543
-1.23438 0.0965852

-1.23438 0.0965853
-1.21875 0.0964711

-1.21875 0.0964711
-1.20312 0.0964114

-1.20312 0.0964115
-1.1875 0.0964059

1.75 0.367137
1.76562 0.368382

-1.1875 0.096406
-1.17188 0.0964541

-1.17188 0.0964542
-1.15625 0.0965555

1.76562 0.368382
1.78125 0.36962

1.78125 0.369621
1.79688 0.370849

1.79688 0.370849
1.8125 0.372065

-1.15625 0.0965557
-1.14062 0.0967096

-1.14062 0.0967098
-1.125 0.0969153

1.8125 0.372065
1.82812 0.37327

1.82812 0.37327
1.84375 0.374461

-1.125 0.0969155
-1.10938 0.0971718

3.5 0.416183
3.51562 0.416887

1.84375 0.37447
1.85082 0.375

-1.10938 0.097172
-1.09375 0.0974785

3.51562 0.416888
3.53125 0.417595

3.53125 0.417594
3.54688 0.418304

3.54688 0.418304
3.5625 0.419016

3.5625 0.419017
3.57812 0.419732

3.57812 0.419732
3.59375 0.42045

3.59375 0.42045
3.60938 0.421169

3.60938 0.421169
3.62472 0.421875

3.62472 0.421875
3.625 0.421888

-1.09375 0.0974786
-1.07812 0.097835

3.625 0.421887
3.64062 0.422607

-1.07812 0.0978351
-1.0625 0.0982409

1.85093 0.375
1.875 0.37679

-1.0625 0.098241
-1.04688 0.0986959

-1.04688 0.098696
-1.03125 0.0991996

-1.03125 0.0991997
-1.01562 0.0997518

-1.01562 0.0997521
-1 0.100352

1.875 0.376789
1.89062 0.377921

1.89062 0.377921
1.90625 0.379027

1.90625 0.379028
1.92188 0.380108

3.64062 0.422608
3.65625 0.423327

3.65625 0.423328
3.67188 0.424044

3.67188 0.424045
3.6875 0.424754

1.92188 0.380108
1.9375 0.381163

3.6875 0.424755
3.70312 0.425455

1.9375 0.381162
1.95312 0.382193

3.70312 0.425455
3.71875 0.426142

3.71875 0.426142
3.73438 0.426815

1.95312 0.382194
1.96875 0.383202

3.73438 0.426816
3.75 0.427472

1.96875 0.383201
1.98438 0.384186

1.98438 0.384185
2 0.385151

3.75 0.427473
3.76562 0.428107

3.76562 0.428108
3.78125 0.42872

3.78125 0.42872
3.79688 0.429307

3.79688 0.429308
3.8125 0.429869

-1 0.100352
-0.984375 0.100998

-0.984375 0.100999
-0.96875 0.10169

-0.96875 0.101691
-0.953125 0.102427

-0.953125 0.102428
-0.9375 0.103209

-0.9375 0.10321
-0.921875 0.104035

-0.921875 0.104035
-0.90625 0.104903

-0.90625 0.104903
-0.890625 0.105813

-0.890625 0.105813
-0.875 0.106764

3.8125 0.429869
3.82812 0.430402

3.82812 0.430403
3.84375 0.430905

3.84375 0.430905
3.85938 0.431374

-0.875 0.106764
-0.859375 0.107756

-0.859375 0.107756
-0.84375 0.108787

-0.84375 0.108756
-0.834693 0.109375

-0.835741 0.109375
-0.828125 0.109896

3.85938 0.431375
3.875 0.43181

-0.828125 0.109857
-0.8125 0.11096

-0.8125 0.11096
-0.796875 0.112097

-0.796875 0.112098
-0.78125 0.113268

3.875 0.431811
3.89062 0.432209

3.89062 0.432209
3.90625 0.432566

3.90625 0.432566
3.92188 0.432881

-0.78125 0.113268
-0.765625 0.114472

-0.765625 0.114472
-0.75 0.115709

3.92188 0.432881
3.9375 0.433154

3.9375 0.433156
3.95312 0.43338

3.95312 0.433381
3.96875 0.433552

3.96875 0.433555
3.98438 0.433665

-0.75 0.115709
-0.734375 0.11698

-0.734375 0.11698
-0.71875 0.118284

-0.71875 0.118284
-0.703125 0.119619

-0.703125 0.119619
-0.6875 0.120987

3.98438 0.433668
4 0.433706

-0.6875 0.120987
-0.671875 0.122387

-0.671875 0.122388
-0.65625 0.123819

-0.65625 0.123813
-0.64355 0.125

-0.643883 0.125
-0.640625 0.125305

-0.640625 0.125279
-0.625 0.126769

-0.625 0.126769
-0.609375 0.128289

-0.609375 0.128289
-0.59375 0.129837

-0.59375 0.129837
-0.578125 0.131412

-0.578125 0.131412
-0.5625 0.133014

-0.5625 0.133014
-0.546875 0.134643

-0.546875 0.134643
-0.53125 0.136299

-0.53125 0.136299
-0.515625 0.137981

-0.515625 0.137981
-0.5 0.139689

-0.5 0.139667
-0.491358 0.140625

-0.491805 0.140625
-0.484375 0.141449

-0.484375 0.141422
-0.46875 0.143175

-0.46875 0.143175
-0.453125 0.144948

-0.453125 0.144948
-0.4375 0.146741

-0.4375 0.146741
-0.421875 0.148553

-0.421875 0.148553
-0.40625 0.150384

-0.40625 0.150384
-0.390625 0.152231

-0.390625 0.152231
-0.375 0.154093

-0.375 0.154092
-0.359375 0.15597

-0.359375 0.155894
-0.35643 0.15625

-0.357211 0.15625
-0.34375 0.157879

-0.34375 0.157863
-0.328125 0.159764

-0.328125 0.159764
-0.3125 0.161674

-0.3125 0.161674
-0.296875 0.163593

-0.296875 0.163593
-0.28125 0.165519

-0.28125 0.165519
-0.265625 0.167454

-0.265625 0.167454
-0.25 0.169397

-0.25 0.169396
-0.234375 0.171347

-0.234375 0.171282
-0.229636 0.171875

-0.230393 0.171875
-0.21875 0.173333

-0.21875 0.173306
-0.203125 0.175263

-0.203125 0.175263
-0.1875 0.177222

-0.1875 0.177222
-0.171875 0.179182

-0.171875 0.179181
-0.15625 0.181144

-0.15625 0.181144
-0.140625 0.18311

-0.140625 0.18311
-0.125 0.185079

-0.125 0.185078
-0.109375 0.187051

-0.109375 0.186987
-0.105316 0.1875

-0.106009 0.1875
-0.09375 0.18905

-0.09375 0.189029
-0.078125 0.191003

-0.078125 0.191003
-0.0625 0.192977

-0.0625 0.192977
-0.046875 0.19495

-0.046875 0.19495
-0.03125 0.196921

-0.03125 0.196921
-0.015625 0.19889

-0.015625 0.198891
0 0.200859

