-4 0.445261
-3.98438 0.445243

-3.98438 0.445244
-3.96875 0.445188

-3.96875 0.445186
-3.95312 0.445093

-3.95312 0.445092
-3.9375 0.444965

-3.9375 0.444964
-3.92188 0.444806

-3.92188 0.444806
-3.90625 0.444619

-3.90625 0.444618
-3.89062 0.444406

-2.5 0.399016
-2.48438 0.398375

1.5 0.233177
1.51562 0.231598

-2.48438 0.398376
-2.46875 0.397716

-3.89062 0.444404
-3.875 0.444169

-0.5 0.338676
-0.484375 0.338638

1.51562 0.231599
1.53125 0.230023

-2.46875 0.397715
-2.45312 0.397036

-3.875 0.444167
-3.85938 0.443915

-0.484375 0.338638
-0.46875 0.338605

-3.85938 0.443915
-3.84375 0.443649

-3.84375 0.44365
-3.82812 0.443371

1.53125 0.230023
1.54688 0.228446

-0.46875 0.338605
-0.453125 0.338577

-0.453125 0.338577
-0.4375 0.338556

-2.45312 0.397036
-2.4375 0.396339

-3.82812 0.443371
-3.8125 0.443076

1.54688 0.228446
1.5625 0.226869

-3.8125 0.443076
-3.79688 0.442766

-3.79688 0.442765
-3.78125 0.442439

-0.4375 0.338556
-0.421875 0.338543

-2.4375 0.39634
-2.42188 0.395623

-2.42188 0.395623
-2.40625 0.394883

-2.40625 0.394883
-2.39062 0.39412

-2.39062 0.39412
-2.375 0.393335

-2.375 0.393336
-2.35938 0.392527

-2.35938 0.392527
-2.34375 0.391693

-2.34375 0.391692
-2.32812 0.390835

-2.3125 0.389957
-2.32439 0.390625

-2.32812 0.390833
-2.32442 0.390625

-2.3125 0.389957
-2.29688 0.389056

-2.29688 0.389056
-2.28125 0.388132

-2.28125 0.388131
-2.26562 0.387186

-2.26562 0.387186
-2.25 0.386221

-2.25 0.386223
-2.23438 0.385235

-2.23438 0.385236
-2.21875 0.38422

-2.21875 0.38422
-2.20312 0.383174

-2.20312 0.383173
-2.1875 0.382099

-2.1875 0.382097
-2.17188 0.380998

-2.17188 0.380998
-2.15625 0.379879

-2.15625 0.379878
-2.14062 0.378741

-2.14062 0.378741
-2.125 0.37759

-2.07812 0.374072
-2.0904 0.375

-2.07812 0.374072
-2.0625 0.372881

-2.0625 0.372881
-2.04688 0.371683

-2.04688 0.371682
-2.03125 0.370478

-2.03125 0.370475
-2.01562 0.369272

-2.01562 0.369271
-2 0.36808

-2.125 0.377589
-2.10938 0.376427

-0.421875 0.338543
-0.40625 0.338536

-0.40625 0.338536
-0.390625 0.338535

-3.78125 0.442439
-3.76562 0.442102

-3.76562 0.442102
-3.75 0.441755

-2.10938 0.376426
-2.09375 0.375254

-3.75 0.441754
-3.73438 0.441398

-2.09375 0.375254
-2.0904 0.375

-0.390625 0.338535
-0.375 0.338539

-3.73438 0.441399
-3.71875 0.441033

-3.71875 0.441033
-3.70312 0.440659

-3.70312 0.440658
-3.6875 0.440278

-0.375 0.33854
-0.359375 0.338546

-0.359375 0.338546
-0.34375 0.338555

-3.6875 0.440277
-3.67188 0.439894

-3.67188 0.439894
-3.65625 0.43951

-3.65625 0.43951
-3.64062 0.439124

-3.64062 0.439124
-3.625 0.438736

-0.34375 0.338555
-0.328125 0.338565

-0.328125 0.338565
-0.3125 0.338576

-3.5625 0.437162
-3.57584 0.4375

-0.3125 0.338577
-0.296875 0.338589

-0.296875 0.338589
-0.28125 0.338601

-3.625 0.438736
-3.60938 0.438346

-3.60938 0.438345
-3.59375 0.437953

-3.59375 0.437953
-3.57812 0.437559

-3.57812 0.437566
-3.5755 0.4375

-3.5625 0.437163
-3.54688 0.436766

-3.54688 0.436765
-3.53125 0.436365

-3.53125 0.436365
-3.51562 0.435964

-3.51562 0.435964
-3.5 0.435564

-2 0.36808
-1.98438 0.366902

-1.98438 0.366901
-1.96875 0.365737

-1.96875 0.365737
-1.95312 0.364588

-1.95312 0.364588
-1.9375 0.363457

-1.9375 0.363457
-1.92188 0.362341

-1.92188 0.362341
-1.90625 0.361242

-1.90625 0.361242
-1.89062 0.360163

-1.875 0.359069
-1.87952 0.359375

-1.89062 0.360175
-1.87883 0.359375

-1.875 0.359103
-1.85938 0.358063

-1.85938 0.358062
-1.84375 0.357044

-1.84375 0.357044
-1.82812 0.356048

-1.82812 0.356048
-1.8125 0.355074

-1.8125 0.355074
-1.79688 0.354122

-1.79688 0.354122
-1.78125 0.353192

-1.78125 0.353192
-1.76562 0.352286

-1.76562 0.352285
-1.75 0.351407

-3.5 0.435565
-3.48438 0.435163

-3.48438 0.435164
-3.46875 0.434756

-3.46875 0.434756
-3.45312 0.43434

-3.45312 0.43434
-3.4375 0.433914

-3.4375 0.433914
-3.42188 0.433476

-3.42188 0.433476
-3.40625 0.433028

-3.40625 0.433028
-3.39062 0.432569

-3.39062 0.432569
-3.375 0.432099

-1.75 0.351407
-1.73438 0.35056

-3.375 0.4321
-3.35938 0.431617

-3.35938 0.431618
-3.34375 0.431117

-3.34375 0.431118
-3.32812 0.430598

-1.73438 0.350559
-1.71875 0.349744

-1.71875 0.349744
-1.70312 0.348962

-1.70312 0.348962
-1.6875 0.348215

-1.6875 0.348215
-1.67188 0.347501

-1.67188 0.347501
-1.65625 0.346821

-1.65625 0.346821
-1.64062 0.346172

-1.64062 0.346172
-1.625 0.345554

-1.625 0.345553
-1.60938 0.344966

-1.60938 0.344966
-1.59375 0.344411

-1.57812 0.343575
-1.58335 0.34375

-1.5625 0.343365
-1.57463 0.34375

-1.59375 0.344442
-1.57812 0.343917

-1.57812 0.343948
-1.57187 0.34375

-1.5625 0.343393
-1.54688 0.342926

-1.54688 0.342925
-1.53125 0.342486

-1.53125 0.342486
-1.51562 0.342075

-1.51562 0.342075
-1.5 0.341692

-0.28125 0.338601
-0.265625 0.338613

-0.265625 0.338613
-0.25 0.338624

-3.32812 0.430598
-3.3125 0.43006

-3.3125 0.430059
-3.29688 0.429506

-3.29688 0.429506
-3.28125 0.428938

-3.28125 0.428939
-3.26562 0.428351

-1.5 0.341692
-1.48438 0.341337

-1.48438 0.341337
-1.46875 0.34101

-3.26562 0.42835
-3.25 0.427742

-1.46875 0.34101
-1.45312 0.34071

-1.45312 0.34071
-1.4375 0.340437

-1.4375 0.340437
-1.42188 0.34019

-1.42188 0.34019
-1.40625 0.33997

-3.25 0.427741
-3.23438 0.427115

-3.23438 0.427114
-3.21875 0.426474

-1.40625 0.33997
-1.39062 0.339775

-3.21875 0.426474
-3.20312 0.42582

-0.25 0.338624
-0.234375 0.338635

-1.39062 0.339775
-1.375 0.339606

-3.20312 0.42582
-3.1875 0.425154

-1.375 0.339606
-1.35938 0.339461

-1.35938 0.339461
-1.34375 0.33934

-1.34375 0.33934
-1.32812 0.33924

1.5625 0.226869
1.57812 0.225294

1.57812 0.225294
1.59375 0.223719

1.59375 0.223719
1.60938 0.22214

1.60938 0.22214
1.625 0.22056

1.65625 0.217404
1.6429 0.21875

1.625 0.22056
1.64062 0.218982

1.64062 0.218996
1.64307 0.21875

1.65625 0.217406
1.67188 0.215832

-1.32812 0.33924
-1.3125 0.33916

-1.3125 0.33916
-1.29688 0.339098

-1.29688 0.339099
-1.28125 0.339053

-1.28125 0.339054
-1.26562 0.339023

-1.26562 0.339023
-1.25 0.339006

-3.1875 0.425153
-3.17188 0.424479

-3.17188 0.424479
-3.15625 0.423801

-3.15625 0.423801
-3.14062 0.42312

-3.14062 0.423119
-3.125 0.422436

-3.10938 0.42179
-3.11133 0.421875

-3.125 0.422429
-3.11229 0.421875

-3.10938 0.421754
-3.09375 0.421076

-3.09375 0.421076
-3.07812 0.420403

-3.07812 0.420403
-3.0625 0.419735

-3.0625 0.419735
-3.04688 0.419073

-3.04688 0.419073
-3.03125 0.418418

-3.03125 0.418418
-3.01562 0.41777

-3.01562 0.417769
-3 0.41713

-3 0.417131
-2.98438 0.416502

-2.98438 0.416501
-2.96875 0.415879

-2.96875 0.415879
-2.95312 0.415263

-2.95312 0.415263
-2.9375 0.414655

-2.9375 0.414655
-2.92188 0.414057

-2.92188 0.414057
-2.90625 0.413467

-2.90625 0.413467
-2.89062 0.412886

-2.89062 0.412886
-2.875 0.412313

-2.875 0.412313
-2.85938 0.411747

-2.85938 0.411747
-2.84375 0.411186

-2.84375 0.411186
-2.82812 0.410633

-2.82812 0.410633
-2.8125 0.410087

-2.8125 0.410088
-2.79688 0.409546

-2.79688 0.409546
-2.78125 0.409007

-2.78125 0.409008
-2.76562 0.40847

-2.76562 0.40847
-2.75 0.407934

-2.75 0.407934
-2.73438 0.407398

-2.73438 0.407398
-2.71875 0.406863

-2.70312 0.406229
-2.70373 0.40625

-2.6875 0.405792
-2.70089 0.40625

-2.71875 0.406863
-2.70312 0.406329

-2.70312 0.406338
-2.70055 0.40625

-2.6875 0.405794
-2.67188 0.405259

-2.67188 0.405259
-2.65625 0.404723

-2.65625 0.404723
-2.64062 0.404185

-2.64062 0.404185
-2.625 0.403644

-2.625 0.403644
-2.60938 0.403098

-2.60938 0.403098
-2.59375 0.402547

-2.59375 0.402547
-2.57812 0.401988

-2.57812 0.401988
-2.5625 0.40142

-2.5625 0.40142
-2.54688 0.40084

-2.54688 0.40084
-2.53125 0.400246

1.67188 0.215832
1.6875 0.214261

-0.234375 0.338635
-0.21875 0.338645

-0.21875 0.338645
-0.203125 0.338654

-0.203125 0.338654
-0.1875 0.338662

-0.1875 0.338662
-0.171875 0.338667

-0.171875 0.338668
-0.15625 0.338669

-0.15625 0.33867
-0.140625 0.338666

-0.140625 0.338666
-0.125 0.338655

-0.125 0.338655
-0.109375 0.338636

-0.109375 0.338636
-0.09375 0.338605

-0.09375 0.338606
-0.078125 0.338563

-0.078125 0.338564
-0.0625 0.338507

-0.0625 0.338508
-0.046875 0.338436

-0.046875 0.338437
-0.03125 0.338349

-0.03125 0.33835
-0.015625 0.338245

-0.015625 0.338245
0 0.338123

0 0.338123
0.015625 0.337982

0.015625 0.337982
0.03125 0.337822

0.03125 0.337822
0.046875 0.337644

0.046875 0.337644
0.0625 0.337447

0.0625 0.337447
0.078125 0.33723

0.078125 0.33723
0.09375 0.336992

0.09375 0.336993
0.109375 0.336731

-2.53125 0.400246
-2.51562 0.399638

0.109375 0.336731
0.125 0.336444

-2.51562 0.399639
-2.5 0.399015

0.125 0.336444
0.140625 0.336129

0.140625 0.336129
0.15625 0.335786

0.15625 0.335785
0.171875 0.335416

0.171875 0.335417
0.1875 0.335023

0.1875 0.335023
0.203125 0.334602

0.203125 0.334602
0.21875 0.334153

0.21875 0.334154
0.234375 0.333674

0.234375 0.333674
0.25 0.333161

0.25 0.333161
0.265625 0.332616

0.265625 0.332617
0.28125 0.332037

0.28125 0.332038
0.296875 0.331422

0.296875 0.331422
0.3125 0.330766

0.3125 0.330767
0.328125 0.33007

0.328125 0.33007
0.34375 0.329331

0.34375 0.329331
0.359375 0.328551

0.375 0.327734
0.367555 0.328125

0.359375 0.328548
0.367434 0.328125

0.375 0.327731
0.390625 0.326872

0.390625 0.326871
0.40625 0.325975

0.40625 0.325974
0.421875 0.325041

0.421875 0.32504
0.4375 0.324072

0.4375 0.324072
0.453125 0.323071

0.453125 0.32307
0.46875 0.322039

0.46875 0.322038
0.484375 0.320979

0.484375 0.320979
0.5 0.319895

1.6875 0.214262
1.70312 0.212696

0.5 0.319895
0.515625 0.318789

0.515625 0.318788
0.53125 0.317662

0.53125 0.317661
0.546875 0.316519

-1.25 0.339006
-1.23438 0.339

-1.23438 0.339
-1.21875 0.339005

-1.21875 0.339005
-1.20312 0.339019

-1.20312 0.339019
-1.1875 0.339042

-1.1875 0.339042
-1.17188 0.339072

-1.17188 0.339073
-1.15625 0.339108

-1.15625 0.339108
-1.14062 0.339147

-1.14062 0.339147
-1.125 0.339187

-1.125 0.339187
-1.10938 0.339228

-1.10938 0.339228
-1.09375 0.339267

-1.09375 0.339267
-1.07812 0.339305

-1.07812 0.339306
-1.0625 0.339343

-1.0625 0.339343
-1.04688 0.339379

-1.04688 0.339379
-1.03125 0.339412

-1.03125 0.339412
-1.01562 0.339441

-1.01562 0.339441
-1 0.339467

-1 0.339467
-0.984375 0.33949

-0.984375 0.33949
-0.96875 0.339508

-0.96875 0.339508
-0.953125 0.339521

-0.953125 0.339521
-0.9375 0.33953

-0.9375 0.33953
-0.921875 0.339535

-0.921875 0.339535
-0.90625 0.339536

-0.90625 0.339536
-0.890625 0.339532

-0.890625 0.339532
-0.875 0.339522

-0.875 0.339522
-0.859375 0.339508

-0.859375 0.339508
-0.84375 0.33949

-0.84375 0.339491
-0.828125 0.339468

-0.828125 0.339468
-0.8125 0.339441

-0.8125 0.339441
-0.796875 0.339411

-0.796875 0.339411
-0.78125 0.339379

-0.78125 0.339378
-0.765625 0.339345

-0.765625 0.339345
-0.75 0.339312

-0.75 0.339312
-0.734375 0.339277

-0.734375 0.339277
-0.71875 0.33924

-0.71875 0.339241
-0.703125 0.339202

-0.703125 0.339202
-0.6875 0.339162

-0.6875 0.339161
-0.671875 0.339121

-0.671875 0.339121
-0.65625 0.339081

-0.65625 0.339081
-0.640625 0.33904

-0.640625 0.33904
-0.625 0.339

-0.625 0.339
-0.609375 0.33896

-0.609375 0.33896
-0.59375 0.33892

-0.59375 0.338921
-0.578125 0.338881

-0.578125 0.338881
-0.5625 0.338842

-0.5625 0.338842
-0.546875 0.338802

-0.546875 0.338802
-0.53125 0.33876

-0.53125 0.33876
-0.515625 0.338718

-0.515625 0.338717
-0.5 0.338676

1.70312 0.212695
1.71875 0.211133

1.71875 0.211133
1.73438 0.209575

1.73438 0.209575
1.75 0.208023

0.546875 0.316519
0.5625 0.315366

0.609375 0.311874
0.601024 0.3125

0.609375 0.311871
0.625 0.310691

0.5625 0.315365
0.578125 0.314205

0.578125 0.314204
0.59375 0.313039

0.59375 0.313036
0.600907 0.3125

1.75 0.208022
1.76562 0.206476

1.76562 0.206475
1.78125 0.204938

1.78125 0.204938
1.79688 0.203412

1.8125 0.201896
1.79982 0.203125

1.79688 0.203414
1.79986 0.203125

1.8125 0.201896
1.82812 0.200395

1.82812 0.200396
1.84375 0.198911

1.84375 0.19891
1.85938 0.197441

1.85938 0.19744
1.875 0.195987

0.625 0.31069
0.640625 0.3095

0.640625 0.309499
0.65625 0.308301

0.65625 0.308299
0.671875 0.3071

0.671875 0.307099
0.6875 0.305905

1.875 0.195987
1.89062 0.194553

1.89062 0.194553
1.90625 0.193138

1.90625 0.193138
1.92188 0.191745

1.92188 0.191744
1.9375 0.190373

1.98438 0.186416
1.97125 0.1875

1.98438 0.186417
2 0.185156

1.9375 0.190373
1.95312 0.189026

0.6875 0.305904
0.703125 0.304716

0.703125 0.304717
0.71875 0.303534

0.71875 0.303534
0.734375 0.302356

0.734375 0.302356
0.75 0.301181

1.95312 0.189026
1.96875 0.187707

0.75 0.301182
0.765625 0.300005

1.96875 0.187711
1.9713 0.1875

0.765625 0.300005
0.78125 0.298827

0.78125 0.298828
0.796875 0.297646

0.8125 0.296454
0.806946 0.296875

0.796875 0.29765
0.807087 0.296875

0.8125 0.29646
0.828125 0.295272

0.828125 0.295272
0.84375 0.294085

0.84375 0.294086
0.859375 0.292897

0.859375 0.292897
0.875 0.291705

0.875 0.291706
0.890625 0.290506

0.890625 0.290507
0.90625 0.289293

0.90625 0.289294
0.921875 0.288066

0.921875 0.288066
0.9375 0.286821

0.9375 0.286821
0.953125 0.285561

0.953125 0.285561
0.96875 0.284288

2 0.185158
2.01562 0.183922

2.01562 0.183922
2.03125 0.182709

2.03125 0.182707
2.04688 0.18152

2.04688 0.18152
2.0625 0.180361

2.0625 0.180361
2.07812 0.179231

0.96875 0.284289
0.984375 0.282998

0.984375 0.282998
1 0.281684

2.07812 0.179231
2.09375 0.178131

2.09375 0.178131
2.10938 0.17706

2.10938 0.17706
2.125 0.176016

2.125 0.176016
2.14062 0.174997

2.14062 0.174997
2.15625 0.174004

2.15625 0.174004
2.17188 0.173038

2.17188 0.173038
2.1875 0.172103

2.20312 0.171199
2.19142 0.171875

2.1875 0.172102
2.19143 0.171875

2.20312 0.171198
2.21875 0.170329

2.21875 0.170329
2.23438 0.169495

2.23438 0.169495
2.25 0.168694

2.25 0.168694
2.26562 0.167928

2.26562 0.167927
2.28125 0.167198

2.28125 0.167199
2.29688 0.166507

2.29688 0.166506
2.3125 0.165852

2.3125 0.165851
2.32812 0.165235

2.32812 0.165236
2.34375 0.16466

1.01562 0.280345
1.00504 0.28125

1.01562 0.280346
1.03125 0.278989

1 0.281687
1.00511 0.28125

2.34375 0.164661
2.35938 0.164122

2.35938 0.164122
2.375 0.163618

2.375 0.163618
2.39062 0.163149

2.39062 0.163149
2.40625 0.162714

2.40625 0.162714
2.42188 0.162314

2.42188 0.162314
2.4375 0.161948

2.4375 0.161949
2.45312 0.161615

2.45312 0.161615
2.46875 0.161309

2.46875 0.161309
2.48438 0.16103

2.48438 0.16103
2.5 0.160775

1.03125 0.278988
1.04688 0.277613

1.04688 0.277613
1.0625 0.276222

1.0625 0.276222
1.07812 0.274817

1.07812 0.274817
1.09375 0.273398

1.09375 0.273399
1.10938 0.271965

1.10938 0.271965
1.125 0.270516

1.125 0.270516
1.14062 0.269051

1.14062 0.269051
1.15625 0.26757

1.15625 0.26757
1.17188 0.266074

1.1875 0.264563
1.1765 0.265625

1.17188 0.266078
1.17656 0.265625

1.1875 0.264565
1.20312 0.263043

1.20312 0.263043
1.21875 0.261511

1.21875 0.26151
1.23438 0.259969

1.23438 0.259969
1.25 0.25842

2.5 0.160775
2.51562 0.160546

2.51562 0.160546
2.53125 0.160344

2.53125 0.160347
2.54688 0.160169

2.54688 0.160169
2.5625 0.160008

2.5625 0.160008
2.57812 0.159862

2.57812 0.159862
2.59375 0.159731

1.34375 0.248992
1.33378 0.25

1.34375 0.249
1.35938 0.247419

1.35938 0.247419
1.375 0.245838

1.375 0.245838
1.39062 0.244257

1.39062 0.244257
1.40625 0.242676

1.40625 0.242676
1.42188 0.241094

1.42188 0.241094
1.4375 0.23951

1.4375 0.23951
1.45312 0.237926

1.45312 0.237926
1.46875 0.236343

1.46875 0.236343
1.48438 0.23476

1.5 0.23317
1.4881 0.234375

1.48438 0.234781
1.48838 0.234375

2.59375 0.159731
2.60938 0.159615

2.60938 0.159614
2.625 0.159514

1.25 0.258419
1.26562 0.256863

1.26562 0.256863
1.28125 0.255299

1.28125 0.255299
1.29688 0.253729

1.29688 0.253729
1.3125 0.252155

2.625 0.159514
2.64062 0.159431

1.3125 0.252155
1.32812 0.250579

1.32812 0.250591
1.33398 0.25

2.64062 0.159431
2.65625 0.159367

2.65625 0.159366
2.67188 0.159322

2.67188 0.159322
2.6875 0.1593

2.6875 0.1593
2.70312 0.159299

2.70312 0.159299
2.71875 0.159319

2.71875 0.159318
2.73438 0.159361

2.73438 0.159362
2.75 0.159427

2.75 0.159427
2.76562 0.159514

2.76562 0.159514
2.78125 0.159624

2.78125 0.159623
2.79688 0.159758

2.79688 0.159758
2.8125 0.159922

2.8125 0.159922
2.82812 0.160117

2.82812 0.160116
2.84375 0.160342

2.84375 0.160342
2.85938 0.1606

2.85938 0.1606
2.875 0.16089

2.875 0.160892
2.89062 0.161212

2.89062 0.161213
2.90625 0.161556

2.90625 0.161556
2.92188 0.161921

2.92188 0.161921
2.9375 0.162307

2.9375 0.162309
2.95312 0.162713

2.95312 0.162714
2.96875 0.163132

2.96875 0.163133
2.98438 0.163564

2.98438 0.163564
3 0.164005

3 0.164006
3.01562 0.164454

3.01562 0.164455
3.03125 0.164907

3.03125 0.164907
3.04688 0.165359

3.04688 0.165359
3.0625 0.165807

3.0625 0.165807
3.07812 0.16625

3.07812 0.166251
3.09375 0.166687

3.09375 0.166687
3.10938 0.167118

3.10938 0.167118
3.125 0.167542

3.125 0.167543
3.14062 0.167956

3.14062 0.167956
3.15625 0.168358

3.15625 0.168359
3.17188 0.168749

3.17188 0.168749
3.1875 0.169123

3.1875 0.169123
3.20312 0.16948

3.20312 0.169481
3.21875 0.169821

3.21875 0.169821
3.23438 0.170142

3.23438 0.170142
3.25 0.170444

3.25 0.170444
3.26562 0.170726

3.26562 0.170726
3.28125 0.17099

3.28125 0.17099
3.29688 0.171236

3.29688 0.171236
3.3125 0.171465

3.3125 0.171465
3.32812 0.171675

3.32812 0.171675
3.34375 0.171865

3.34375 0.171863
3.34483 0.171875

3.34479 0.171875
3.35938 0.172038

3.35938 0.172038
3.375 0.1722

3.375 0.1722
3.39062 0.172349

3.39062 0.172349
3.40625 0.172483

3.40625 0.172483
3.42188 0.172601

3.42188 0.172602
3.4375 0.172704

3.4375 0.172704
3.45312 0.172789

3.45312 0.172789
3.46875 0.172856

3.46875 0.172856
3.48438 0.172904

3.48438 0.172904
3.5 0.172933

3.5 0.172933
3.51562 0.172943

3.51562 0.172943
3.53125 0.172934

3.53125 0.172934
3.54688 0.172907

3.54688 0.172907
3.5625 0.172862

3.5625 0.172862
3.57812 0.172801

3.57812 0.1728
3.59375 0.172724

3.59375 0.172724
3.60938 0.172636

3.60938 0.172635
3.625 0.172537

3.625 0.172536
3.64062 0.17243

3.64062 0.17243
3.65625 0.172318

3.65625 0.172318
3.67188 0.172203

3.67188 0.172203
3.6875 0.172088

3.6875 0.172088
3.70312 0.171974

3.71875 0.171863
3.71705 0.171875

3.70312 0.171974
3.71701 0.171875

3.71875 0.171862
3.73438 0.171755

3.73438 0.171755
3.75 0.171652

3.75 0.171652
3.76562 0.171556

3.76562 0.171555
3.78125 0.171466

3.78125 0.171465
3.79688 0.171384

3.79688 0.171384
3.8125 0.171311

3.8125 0.171311
3.82812 0.171249

3.82812 0.171248
3.84375 0.171198

3.84375 0.171197
3.85938 0.17116

3.85938 0.17116
3.875 0.171137

3.875 0.171137
3.89062 0.17113

3.89062 0.17113
3.90625 0.171141

3.90625 0.171141
3.92188 0.171169

3.92188 0.171169
3.9375 0.171213

3.9375 0.171214
3.95312 0.17127

3.95312 0.171272
3.96875 0.171333

3.96875 0.171335
3.98438 0.171392

3.98438 0.171403
4 0.171429

