1.6875 0.299698
1.70312 0.299831

1.70312 0.299831
1.71875 0.299964

1.71875 0.299965
1.73438 0.300097

1.73438 0.300097
1.75 0.300226

-2.17188 0.308786
-2.15625 0.308119

-0.25 0.286325
-0.234375 0.286352

-0.234375 0.286352
-0.21875 0.286384

-0.21875 0.286384
-0.203125 0.28642

-2.15625 0.30812
-2.14062 0.307473

-4 0.394075
-3.98438 0.394058

-2.14062 0.307473
-2.125 0.306844

-3.98438 0.394059
-3.96875 0.394009

-3.96875 0.394007
-3.95312 0.393926

-2.125 0.306845
-2.10938 0.306231

-2.10938 0.306231
-2.09375 0.305631

-2.09375 0.305631
-2.07812 0.305044

-2.07812 0.305043
-2.0625 0.304469

-2.0625 0.304469
-2.04688 0.303909

-3.95312 0.393926
-3.9375 0.393816

-3.9375 0.393816
-3.92188 0.393679

-3.92188 0.393678
-3.90625 0.393513

-3.90625 0.393513
-3.89062 0.393321

-3.89062 0.39332
-3.875 0.393103

-3.875 0.393103
-3.85938 0.392861

-2.04688 0.303909
-2.03125 0.303361

1.75 0.300225
1.76562 0.300352

-2.03125 0.303361
-2.01562 0.302823

-3.85938 0.392861
-3.84375 0.392597

-2.01562 0.302823
-2 0.302298

-3.84375 0.392597
-3.82812 0.39231

-3.82812 0.39231
-3.8125 0.392002

-3.8125 0.392001
-3.79688 0.391671

-3.79688 0.391671
-3.78125 0.391319

1.76562 0.300353
1.78125 0.300476

1.78125 0.300476
1.79688 0.300597

1.79688 0.300597
1.8125 0.300713

1.8125 0.300713
1.82812 0.300825

1.82812 0.300825
1.84375 0.300933

1.84375 0.300934
1.85938 0.301038

1.85938 0.301038
1.875 0.301135

-3.78125 0.391318
-3.76562 0.390946

-3.75 0.390547
-3.75312 0.390625

-3.76562 0.390947
-3.75282 0.390625

1.875 0.301135
1.89062 0.301225

-3.75 0.390552
-3.73438 0.390141

1.89062 0.301225
1.90625 0.301306

1.90625 0.301306
1.92188 0.30138

1.92188 0.30138
1.9375 0.301448

-0.203125 0.28642
-0.1875 0.286461

-2 0.302298
-1.98438 0.301785

1.9375 0.301448
1.95312 0.301512

-1.98438 0.301785
-1.96875 0.301283

-3.73438 0.390141
-3.71875 0.389713

-0.1875 0.286461
-0.171875 0.286507

1.95312 0.301512
1.96875 0.301569

-0.171875 0.286507
-0.15625 0.286559

-0.15625 0.28656
-0.140625 0.286617

-0.140625 0.286617
-0.125 0.286676

-1.96875 0.301283
-1.95312 0.300791

-0.125 0.286675
-0.109375 0.286738

-1.95312 0.300792
-1.9375 0.300309

-3.71875 0.389713
-3.70312 0.389268

-1.9375 0.30031
-1.92188 0.299834

-0.109375 0.286739
-0.09375 0.286805

-1.92188 0.299834
-1.90625 0.299364

-1.90625 0.299364
-1.89062 0.298902

-0.09375 0.286805
-0.078125 0.286874

-1.89062 0.298902
-1.875 0.298449

-3.70312 0.389268
-3.6875 0.388807

-1.875 0.29845
-1.85938 0.298006

-3.6875 0.388807
-3.67188 0.388329

-0.078125 0.286874
-0.0625 0.286944

1.96875 0.301569
1.98438 0.30162

-0.0625 0.286944
-0.046875 0.287016

1.98438 0.30162
2 0.301665

-1.85938 0.298006
-1.84375 0.29757

-0.046875 0.287016
-0.03125 0.287091

-3.67188 0.388329
-3.65625 0.387834

-0.03125 0.28709
-0.015625 0.287169

-1.84375 0.29757
-1.82812 0.297141

-1.8125 0.296718
-1.81832 0.296875

-3.65625 0.387834
-3.64062 0.387321

-0.015625 0.287169
0 0.287252

-3.64062 0.387321
-3.625 0.386791

-1.82812 0.297143
-1.81818 0.296875

-1.8125 0.29672
-1.79688 0.29631

-3.625 0.386791
-3.60938 0.386244

-3.60938 0.386243
-3.59375 0.38568

-3.59375 0.38568
-3.57812 0.3851

-3.57812 0.3851
-3.5625 0.384503

-1.79688 0.296309
-1.78125 0.29591

-1.78125 0.295909
-1.76562 0.295521

-3.5625 0.384503
-3.54688 0.383889

-3.54688 0.38389
-3.53125 0.38326

-1.76562 0.295521
-1.75 0.295145

2 0.301665
2.01562 0.301704

-3.53125 0.38326
-3.51562 0.382613

-3.51562 0.382613
-3.5 0.381948

2.01562 0.301704
2.03125 0.301739

2.03125 0.30174
2.04688 0.301768

2.04688 0.301767
2.0625 0.301786

-1.75 0.295145
-1.73438 0.294779

0 0.287254
0.015625 0.287336

-1.73438 0.294779
-1.71875 0.294426

2.0625 0.301787
2.07812 0.301796

-1.71875 0.294426
-1.70312 0.294084

2.07812 0.301796
2.09375 0.301795

0.015625 0.287336
0.03125 0.287414

2.09375 0.301795
2.10938 0.301782

0.03125 0.287414
0.046875 0.287492

2.10938 0.301782
2.125 0.301758

-1.70312 0.294083
-1.6875 0.293751

-1.6875 0.293751
-1.67188 0.293429

2.125 0.301758
2.14062 0.301723

-1.67188 0.293428
-1.65625 0.293117

0.046875 0.287492
0.0625 0.287573

-1.65625 0.293118
-1.64062 0.292818

-1.64062 0.292818
-1.625 0.292528

-1.625 0.292527
-1.60938 0.292246

-1.60938 0.292245
-1.59375 0.291973

-1.59375 0.291974
-1.57812 0.291712

-1.57812 0.291712
-1.5625 0.291459

-1.5625 0.291459
-1.54688 0.291211

-1.54688 0.291211
-1.53125 0.290967

-1.53125 0.290967
-1.51562 0.290731

-1.51562 0.290731
-1.5 0.290502

0.0625 0.287573
0.078125 0.287656

0.078125 0.287656
0.09375 0.287742

0.09375 0.287743
0.109375 0.287828

0.109375 0.287828
0.125 0.287907

-3.5 0.381948
-3.48438 0.381266

-3.48438 0.381266
-3.46875 0.38057

-3.46875 0.38057
-3.45312 0.379858

-3.45312 0.379858
-3.4375 0.379131

-3.4375 0.379131
-3.42188 0.378387

-3.42188 0.378387
-3.40625 0.377629

-3.40625 0.377629
-3.39062 0.376856

-3.39062 0.376857
-3.375 0.37607

0.125 0.287907
0.140625 0.287982

-3.34375 0.374445
-3.35435 0.375

-1.5 0.290502
-1.48438 0.290282

2.14062 0.301723
2.15625 0.301678

-3.34375 0.374449
-3.32812 0.373615

2.15625 0.301678
2.17188 0.301621

-3.32812 0.373614
-3.3125 0.372767

2.17188 0.301621
2.1875 0.301549

2.1875 0.301551
2.20312 0.301461

-1.48438 0.290282
-1.46875 0.29007

2.20312 0.30146
2.21875 0.301349

-3.3125 0.372767
-3.29688 0.371907

0.140625 0.287982
0.15625 0.288055

-3.29688 0.371906
-3.28125 0.371037

2.21875 0.30135
2.23438 0.301218

0.15625 0.288055
0.171875 0.288125

2.23438 0.301219
2.25 0.301066

-3.28125 0.371035
-3.26562 0.370159

0.171875 0.288124
0.1875 0.288195

-1.46875 0.29007
-1.45312 0.289866

-1.45312 0.289866
-1.4375 0.289671

0.1875 0.288195
0.203125 0.288267

2.25 0.301066
2.26562 0.300891

0.203125 0.288268
0.21875 0.288339

-3.26562 0.370159
-3.25 0.369279

-3.375 0.37607
-3.35938 0.375267

2.26562 0.300891
2.28125 0.300695

-3.35938 0.375274
-3.35414 0.375

-1.4375 0.289671
-1.42188 0.289484

0.21875 0.288339
0.234375 0.288411

2.28125 0.300695
2.29688 0.300478

-1.42188 0.289484
-1.40625 0.289306

-3.25 0.369279
-3.23438 0.368394

-1.40625 0.289307
-1.39062 0.289137

-3.23438 0.368394
-3.21875 0.367506

-1.39062 0.289138
-1.375 0.288973

-3.21875 0.367506
-3.20312 0.366613

-1.375 0.288974
-1.35938 0.288814

-3.20312 0.366613
-3.1875 0.365718

-1.35938 0.288813
-1.34375 0.288657

2.29688 0.300478
2.3125 0.300239

0.234375 0.288411
0.25 0.288483

2.3125 0.300239
2.32812 0.299979

-1.34375 0.288657
-1.32812 0.288508

-3.1875 0.365718
-3.17188 0.364822

-1.32812 0.288508
-1.3125 0.288368

2.32812 0.299979
2.34375 0.299697

-1.3125 0.288368
-1.29688 0.28824

-3.17188 0.364822
-3.15625 0.363928

-1.29688 0.28824
-1.28125 0.288121

-1.28125 0.28812
-1.26562 0.288012

2.34375 0.299697
2.35938 0.299395

-1.26562 0.288012
-1.25 0.287916

2.35938 0.299394
2.375 0.299071

0.25 0.288483
0.265625 0.288556

2.375 0.299071
2.39062 0.298727

2.39062 0.298727
2.40625 0.298363

-3.15625 0.363928
-3.14062 0.363035

0.265625 0.288555
0.28125 0.288628

-1.25 0.287917
-1.23438 0.287831

2.40625 0.298363
2.42188 0.297978

-1.23438 0.287832
-1.21875 0.287754

-1.21875 0.287754
-1.20312 0.287682

0.28125 0.288628
0.296875 0.288701

-3.14062 0.363035
-3.125 0.362142

0.296875 0.288701
0.3125 0.288774

2.42188 0.297978
2.4375 0.297572

-1.20312 0.287682
-1.1875 0.287616

2.4375 0.297572
2.45312 0.297144

0.3125 0.288773
0.328125 0.288845

-1.1875 0.287616
-1.17188 0.287556

0.328125 0.288845
0.34375 0.288917

2.46875 0.296685
2.46214 0.296875

0.34375 0.288917
0.359375 0.28899

-3.125 0.362142
-3.10938 0.361249

-1.17188 0.287556
-1.15625 0.287502

-3.10938 0.361249
-3.09375 0.360356

-3.09375 0.360356
-3.07812 0.359462

0.359375 0.28899
0.375 0.289065

-3.0625 0.358565
-3.07661 0.359375

-1.15625 0.287501
-1.14062 0.287451

0.375 0.289066
0.390625 0.289144

-1.14062 0.287451
-1.125 0.287406

-3.07812 0.359463
-3.0766 0.359375

0.390625 0.289144
0.40625 0.289224

-3.0625 0.358565
-3.04688 0.357666

-3.04688 0.357665
-3.03125 0.356765

0.40625 0.289224
0.421875 0.289305

-1.125 0.287406
-1.10938 0.287364

0.421875 0.289305
0.4375 0.289389

2.45312 0.297151
2.46275 0.296875

-3.03125 0.356764
-3.01562 0.355865

2.46875 0.296696
2.48438 0.296227

-1.10938 0.287364
-1.09375 0.287326

-1.09375 0.287326
-1.07812 0.287291

-1.07812 0.28729
-1.0625 0.287256

0.4375 0.289389
0.453125 0.289474

0.453125 0.289474
0.46875 0.289559

2.48438 0.296227
2.5 0.295738

-3.01562 0.355865
-3 0.35497

-1.0625 0.287256
-1.04688 0.287225

-1.04688 0.287225
-1.03125 0.287195

0.46875 0.289559
0.484375 0.289645

0.484375 0.289645
0.5 0.28973

-1.03125 0.287195
-1.01562 0.287165

-1.01562 0.287165
-1 0.287136

2.5 0.295738
2.51562 0.295229

-3 0.354971
-2.98438 0.354078

-2.98438 0.354078
-2.96875 0.353183

2.51562 0.295229
2.53125 0.294702

2.53125 0.294702
2.54688 0.294156

2.54688 0.294156
2.5625 0.293593

2.5625 0.293593
2.57812 0.293013

2.57812 0.293013
2.59375 0.292417

-2.96875 0.353182
-2.95312 0.352285

0.5 0.28973
0.515625 0.289817

0.515625 0.289817
0.53125 0.289905

-2.95312 0.352285
-2.9375 0.351387

-1 0.287135
-0.984375 0.287107

-2.9375 0.351387
-2.92188 0.350489

2.59375 0.292417
2.60938 0.291805

-0.984375 0.287108
-0.96875 0.287082

2.60938 0.291805
2.625 0.291177

0.53125 0.289905
0.546875 0.289994

2.625 0.291177
2.64062 0.290533

-2.92188 0.350489
-2.90625 0.349589

-0.96875 0.287082
-0.953125 0.287056

-2.90625 0.349589
-2.89062 0.348687

2.64062 0.290533
2.65625 0.289874

0.546875 0.289994
0.5625 0.290085

-2.89062 0.348687
-2.875 0.347783

0.5625 0.290085
0.578125 0.290179

0.578125 0.290179
0.59375 0.290277

2.65625 0.289874
2.67188 0.289199

2.67188 0.289199
2.6875 0.288507

-2.875 0.347782
-2.85938 0.346875

-2.85938 0.346876
-2.84375 0.345967

-2.84375 0.345967
-2.82812 0.345057

-2.82812 0.345057
-2.8125 0.344146

0.59375 0.290277
0.609375 0.290378

0.609375 0.290378
0.625 0.290481

2.6875 0.288507
2.70312 0.287799

0.625 0.29048
0.640625 0.290586

0.640625 0.290585
0.65625 0.290695

2.70312 0.287799
2.71875 0.287075

-0.953125 0.287055
-0.9375 0.28703

2.71875 0.287075
2.73438 0.286334

-2.79688 0.343231
-2.80577 0.34375

0.65625 0.290695
0.671875 0.29081

-2.79688 0.343236
-2.78125 0.342323

-2.8125 0.344152
-2.8056 0.34375

2.73438 0.286334
2.75 0.285576

-0.9375 0.287029
-0.921875 0.287009

0.671875 0.29081
0.6875 0.290928

-2.78125 0.342324
-2.76562 0.341407

0.6875 0.290928
0.703125 0.291051

-0.921875 0.287008
-0.90625 0.286995

0.703125 0.291052
0.71875 0.291179

-0.90625 0.286996
-0.890625 0.28699

2.75 0.285577
2.76562 0.284802

-0.890625 0.28699
-0.875 0.286992

0.71875 0.291179
0.734375 0.291308

-0.875 0.286996
-0.859375 0.286997

-2.76562 0.341407
-2.75 0.340484

2.76562 0.284802
2.78125 0.284011

0.734375 0.291309
0.75 0.291437

-0.859375 0.286997
-0.84375 0.286992

-0.84375 0.286991
-0.828125 0.286981

2.78125 0.284011
2.79688 0.283202

-0.828125 0.286981
-0.8125 0.286968

-2.75 0.340485
-2.73438 0.339557

-2.73438 0.339557
-2.71875 0.338621

2.79688 0.283202
2.8125 0.282376

-0.8125 0.286967
-0.796875 0.286951

2.84375 0.280639
2.83266 0.28125

2.8125 0.282376
2.82812 0.281532

-2.71875 0.33862
-2.70312 0.33768

-0.796875 0.286951
-0.78125 0.286937

-2.70312 0.33768
-2.6875 0.336738

-2.6875 0.336738
-2.67188 0.335796

-0.78125 0.286937
-0.765625 0.286923

2.82812 0.281591
2.83432 0.28125

0.75 0.291437
0.765625 0.291565

2.84375 0.28067
2.85938 0.279796

0.765625 0.291565
0.78125 0.291695

-0.765625 0.286923
-0.75 0.286906

-2.67188 0.335796
-2.65625 0.334854

2.85938 0.279795
2.875 0.278908

-2.65625 0.334854
-2.64062 0.333916

0.78125 0.291695
0.796875 0.291826

0.796875 0.291826
0.8125 0.291955

2.875 0.278908
2.89062 0.278009

2.89062 0.278009
2.90625 0.277098

-2.64062 0.333916
-2.625 0.332982

-2.625 0.332982
-2.60938 0.332051

-2.60938 0.332051
-2.59375 0.331123

-2.59375 0.331123
-2.57812 0.330199

-2.57812 0.330199
-2.5625 0.329278

2.90625 0.277098
2.92188 0.276174

2.92188 0.276174
2.9375 0.275237

0.8125 0.291954
0.828125 0.292087

0.828125 0.292087
0.84375 0.292225

-0.75 0.286906
-0.734375 0.286887

-0.734375 0.286888
-0.71875 0.286865

-2.5625 0.329278
-2.54688 0.328362

-2.53125 0.327451
-2.5428 0.328125

-2.54688 0.328358
-2.54289 0.328125

-2.53125 0.327448
-2.51562 0.326542

0.84375 0.292225
0.859375 0.292367

0.859375 0.292367
0.875 0.292514

-0.71875 0.286865
-0.703125 0.286839

-0.703125 0.286839
-0.6875 0.286812

-0.6875 0.286813
-0.671875 0.286785

-0.671875 0.286785
-0.65625 0.286755

-0.65625 0.286754
-0.640625 0.286722

-0.640625 0.286721
-0.625 0.28669

-2.51562 0.326542
-2.5 0.325645

-0.625 0.286692
-0.609375 0.28666

-0.609375 0.28666
-0.59375 0.286625

-0.59375 0.286624
-0.578125 0.28659

-0.578125 0.28659
-0.5625 0.286558

2.9375 0.275236
2.95312 0.274287

2.95312 0.274288
2.96875 0.273327

0.875 0.292515
0.890625 0.292665

0.890625 0.292665
0.90625 0.292818

0.90625 0.292819
0.921875 0.292971

0.921875 0.292971
0.9375 0.29312

2.96875 0.273328
2.98438 0.272355

2.98438 0.272355
3 0.271368

-0.5625 0.286558
-0.546875 0.286526

-0.546875 0.286526
-0.53125 0.286493

-0.53125 0.286493
-0.515625 0.28646

-2.5 0.325645
-2.48438 0.324755

0.9375 0.29312
0.953125 0.293267

-2.48438 0.324755
-2.46875 0.323872

-0.515625 0.286459
-0.5 0.286427

-2.46875 0.323873
-2.45312 0.322997

-2.45312 0.322997
-2.4375 0.322126

0.953125 0.293267
0.96875 0.293409

-2.4375 0.322126
-2.42188 0.321261

-2.42188 0.32126
-2.40625 0.320401

0.96875 0.293409
0.984375 0.293545

0.984375 0.293544
1 0.293674

-2.40625 0.3204
-2.39062 0.319549

-2.39062 0.319549
-2.375 0.31871

-2.375 0.318709
-2.35938 0.317885

-2.35938 0.317885
-2.34375 0.317076

-2.34375 0.317077
-2.32812 0.31628

3 0.271368
3.01562 0.270366

3.01562 0.270366
3.03125 0.26935

3.03125 0.269351
3.04688 0.268319

3.04688 0.268319
3.0625 0.267271

-2.32812 0.316281
-2.3125 0.315492

-2.25 0.312421
-2.25162 0.3125

3.0625 0.267271
3.07812 0.266209

-2.3125 0.315493
-2.29688 0.31471

-0.5 0.286427
-0.484375 0.286398

-2.29688 0.31471
-2.28125 0.313933

3.09375 0.265081
3.08586 0.265625

-2.28125 0.313932
-2.26562 0.313162

-0.484375 0.286398
-0.46875 0.286372

-2.26562 0.31316
-2.25205 0.3125

1 0.293673
1.01562 0.293799

3.07812 0.266251
3.0872 0.265625

3.09375 0.26513
3.10938 0.264039

-0.46875 0.286372
-0.453125 0.286349

1.01562 0.293799
1.03125 0.293923

-0.453125 0.286349
-0.4375 0.286329

-2.25 0.312402
-2.23438 0.311652

1.03125 0.293923
1.04688 0.294044

-2.23438 0.311652
-2.21875 0.310911

-0.4375 0.286328
-0.421875 0.286312

-2.21875 0.310909
-2.20312 0.310182

-0.421875 0.286312
-0.40625 0.286299

3.10938 0.264039
3.125 0.262937

-0.40625 0.286299
-0.390625 0.286292

-0.390625 0.286292
-0.375 0.286288

-2.20312 0.310182
-2.1875 0.309474

-2.1875 0.309474
-2.17188 0.308786

3.125 0.262937
3.14062 0.261823

3.14062 0.261823
3.15625 0.260697

1.04688 0.294044
1.0625 0.294161

1.0625 0.294161
1.07812 0.294273

1.07812 0.294273
1.09375 0.294381

3.15625 0.260698
3.17188 0.259558

3.17188 0.259558
3.1875 0.258402

-0.375 0.286288
-0.359375 0.286285

-0.359375 0.286284
-0.34375 0.286282

1.09375 0.294381
1.10938 0.294487

1.10938 0.294487
1.125 0.294593

3.1875 0.258402
3.20312 0.257231

1.125 0.294592
1.14062 0.2947

1.14062 0.294699
1.15625 0.294808

-0.34375 0.286283
-0.328125 0.286283

1.15625 0.294808
1.17188 0.29492

3.20312 0.25723
3.21875 0.256045

-0.328125 0.286283
-0.3125 0.286284

1.17188 0.29492
1.1875 0.295034

-0.3125 0.286283
-0.296875 0.286287

3.21875 0.256045
3.23438 0.254847

3.23438 0.254847
3.25 0.253637

1.1875 0.295034
1.20312 0.29515

-0.296875 0.286286
-0.28125 0.286293

3.3125 0.248681
3.296 0.25

-0.28125 0.286292
-0.265625 0.286305

1.20312 0.29515
1.21875 0.295268

-0.265625 0.286305
-0.25 0.286325

3.3125 0.248679
3.32812 0.247418

3.32812 0.247418
3.34375 0.246157

1.21875 0.295269
1.23438 0.295389

1.23438 0.295388
1.25 0.295509

3.34375 0.246157
3.35938 0.244893

3.35938 0.244893
3.375 0.243626

3.375 0.243626
3.39062 0.242355

3.39062 0.242354
3.40625 0.241083

3.40625 0.241083
3.42188 0.239811

3.42188 0.239811
3.4375 0.238539

1.25 0.295508
1.26562 0.295632

1.26562 0.295632
1.28125 0.295763

1.28125 0.295763
1.29688 0.295897

1.29688 0.295898
1.3125 0.296035

3.4375 0.238539
3.45312 0.237269

3.45312 0.237269
3.46875 0.236

1.3125 0.296036
1.32812 0.296175

1.32812 0.296175
1.34375 0.296315

3.46875 0.236001
3.48438 0.234734

3.5 0.233459
3.48867 0.234375

1.34375 0.296315
1.35938 0.296458

1.35938 0.296458
1.375 0.296603

3.48438 0.23476
3.48914 0.234375

3.25 0.253637
3.26562 0.252417

3.26562 0.252417
3.28125 0.251187

3.28125 0.251191
3.29618 0.25

3.29688 0.250095
3.29805 0.25

1.375 0.296603
1.39062 0.296752

1.39062 0.296752
1.40329 0.296875

1.40352 0.296875
1.40625 0.296901

1.40625 0.296903
1.42188 0.297058

1.42188 0.297058
1.4375 0.297216

1.4375 0.297216
1.45312 0.297376

1.45312 0.297376
1.46875 0.297539

1.46875 0.29754
1.48438 0.297706

1.48438 0.297707
1.5 0.297873

3.5 0.233469
3.51562 0.232213

3.51562 0.232213
3.53125 0.230965

3.53125 0.230965
3.54688 0.229727

3.54688 0.229726
3.5625 0.228498

3.5625 0.228498
3.57812 0.227282

3.57812 0.227281
3.59375 0.226078

3.59375 0.226078
3.60938 0.224892

3.60938 0.224892
3.625 0.223726

3.625 0.223726
3.64062 0.222581

3.64062 0.22258
3.65625 0.22146

3.65625 0.22146
3.67188 0.220367

3.67188 0.220365
3.6875 0.219301

3.70312 0.218266
3.6958 0.21875

3.70312 0.218268
3.71875 0.217271

3.6875 0.219303
3.69588 0.21875

3.71875 0.21727
3.73438 0.216311

3.73438 0.216311
3.75 0.215391

1.5 0.297873
1.51562 0.298039

3.75 0.21539
3.76562 0.214512

3.76562 0.214512
3.78125 0.213679

3.78125 0.21368
3.79688 0.212891

3.79688 0.21289
3.8125 0.212145

3.8125 0.212145
3.82812 0.211448

1.51562 0.298039
1.53125 0.298206

1.53125 0.298206
1.54688 0.298371

1.54688 0.298372
1.5625 0.298536

1.5625 0.298537
1.57812 0.298698

3.82812 0.211448
3.84375 0.2108

3.84375 0.210799
3.85938 0.210203

1.57812 0.298699
1.59375 0.298855

1.59375 0.298854
1.60938 0.299005

3.85938 0.210202
3.875 0.209662

1.60938 0.299005
1.625 0.29915

1.625 0.29915
1.64062 0.299291

3.875 0.209661
3.89062 0.209178

3.89062 0.209178
3.90625 0.208758

3.90625 0.208758
3.92188 0.208402

3.92188 0.208401
3.9375 0.208109

3.9375 0.208108
3.95312 0.207883

3.95312 0.207884
3.96875 0.207729

3.96875 0.207731
3.98438 0.207642

3.98438 0.207643
4 0.207615

1.64062 0.299291
1.65625 0.299429

1.65625 0.29943
1.67188 0.299566

1.67188 0.299565
1.6875 0.299699

