-4 -0.000535596
-3.97195 0

-3.76495 0
-3.5 0.00505948

-3.40856 0
-3.25 0.0109984

-3.25 0.00727209
-3.125 0.0315825

-3.125 0.0408487
-3.0625 0.0585011

-3.06966 0.0625
-3.0625 0.0645199

-3.0625 0.0578972
-3.03125 0.0616841

-3.03125 0.0614556
-3.01562 0.0619892

-3.01562 0.0619187
-3.00781 0.0618526

-3.00781 0.0618573
-3 0.0615899

1.5 -0.0228321
1.50391 -0.022856

1.50391 -0.022856
1.50781 -0.0228799

1.50781 -0.0228799
1.51172 -0.0229038

1.51172 -0.0229038
1.51562 -0.0229277

1.51562 -0.0229277
1.51953 -0.0229515

1.51953 -0.0229515
1.52344 -0.0229754

1.52344 -0.0229754
1.52734 -0.0229992

1.52734 -0.0229992
1.53125 -0.0230229

1.53125 -0.0230229
1.53516 -0.0230467

1.53516 -0.0230467
1.53906 -0.0230704

1.53906 -0.0230704
1.54297 -0.0230941

1.54297 -0.0230941
1.54688 -0.0231178

1.54688 -0.0231178
1.55078 -0.0231414

1.55078 -0.0231414
1.55469 -0.0231651

1.55469 -0.0231651
1.55859 -0.0231886

1.55859 -0.0231886
1.5625 -0.0232122

1.5625 -0.0232122
1.56641 -0.0232357

1.56641 -0.0232357
1.57031 -0.0232592

1.57031 -0.0232592
1.57422 -0.0232827

1.57422 -0.0232827
1.57812 -0.0233061

1.57812 -0.0233061
1.58203 -0.0233295

1.58203 -0.0233295
1.58594 -0.0233529

1.58594 -0.0233529
1.58984 -0.0233762

1.58984 -0.0233762
1.59375 -0.0233995

1.60156 -0.023446
1.60013 -0.0234375

1.59375 -0.0233995
1.59766 -0.0234228

1.59766 -0.0234228
1.60013 -0.0234375

1.60156 -0.023446
1.60547 -0.0234692

1.60547 -0.0234692
1.60938 -0.0234924

1.60938 -0.0234924
1.61328 -0.0235156

1.61328 -0.0235156
1.61719 -0.0235387

1.61719 -0.0235387
1.62109 -0.0235618

1.62109 -0.0235618
1.625 -0.0235849

1.625 -0.0235849
1.62891 -0.0236079

1.62891 -0.0236079
1.63281 -0.0236309

1.63281 -0.0236309
1.63672 -0.0236539

1.63672 -0.0236539
1.64062 -0.0236768

1.64062 -0.0236768
1.64453 -0.0236997

1.64453 -0.0236997
1.64844 -0.0237226

1.64844 -0.0237226
1.65234 -0.0237454

1.65234 -0.0237454
1.65625 -0.0237681

1.65625 -0.0237681
1.66016 -0.0237908

1.66016 -0.0237908
1.66406 -0.0238135

1.66406 -0.0238135
1.66797 -0.0238362

1.66797 -0.0238362
1.67188 -0.0238588

1.67188 -0.0238588
1.67578 -0.0238814

1.67578 -0.0238814
1.67969 -0.0239039

1.67969 -0.0239039
1.68359 -0.0239265

1.68359 -0.0239265
1.6875 -0.023949

1.6875 -0.023949
1.69141 -0.0239715

1.69141 -0.0239715
1.69531 -0.0239939

1.69531 -0.0239939
1.69922 -0.0240164

1.69922 -0.0240164
1.70312 -0.0240388

1.70312 -0.0240388
1.70703 -0.0240611

1.70703 -0.0240611
1.71094 -0.0240835

1.71094 -0.0240835
1.71484 -0.0241058

1.71484 -0.0241058
1.71875 -0.024128

1.71875 -0.024128
1.72266 -0.0241502

1.72266 -0.0241502
1.72656 -0.0241724

1.72656 -0.0241724
1.73047 -0.0241944

1.73047 -0.0241944
1.73438 -0.0242165

1.73438 -0.0242165
1.73828 -0.0242385

1.73828 -0.0242385
1.74219 -0.0242604

1.74219 -0.0242604
1.74609 -0.0242823

1.74609 -0.0242822
1.75 -0.0243041

1.75 -0.0243041
1.75391 -0.0243258

1.75391 -0.0243258
1.75781 -0.0243476

1.75781 -0.0243476
1.76172 -0.0243692

1.76172 -0.0243692
1.76562 -0.0243909

1.76562 -0.0243909
1.76953 -0.0244125

1.76953 -0.0244125
1.77344 -0.0244341

1.77344 -0.0244341
1.77734 -0.0244557

1.77734 -0.0244557
1.78125 -0.0244772

1.78125 -0.0244772
1.78516 -0.0244987

1.78516 -0.0244987
1.78906 -0.0245202

1.78906 -0.0245202
1.79297 -0.0245417

1.79297 -0.0245417
1.79688 -0.0245632

1.79688 -0.0245632
1.80078 -0.0245847

1.80078 -0.0245847
1.80469 -0.0246061

1.80469 -0.0246061
1.80859 -0.0246275

1.80859 -0.0246275
1.8125 -0.0246489

1.8125 -0.0246489
1.81641 -0.0246702

1.81641 -0.0246702
1.82031 -0.0246915

1.82031 -0.0246915
1.82422 -0.0247128

1.82422 -0.0247128
1.82812 -0.0247341

1.82812 -0.0247341
1.83203 -0.0247552

1.83203 -0.0247552
1.83594 -0.0247764

1.83594 -0.0247764
1.83984 -0.0247975

1.83984 -0.0247975
1.84375 -0.0248185

1.84375 -0.0248185
1.84766 -0.0248396

1.84766 -0.0248396
1.85156 -0.0248605

1.85156 -0.0248605
1.85547 -0.0248815

1.85547 -0.0248815
1.85938 -0.0249024

1.85938 -0.0249024
1.86328 -0.0249233

1.86328 -0.0249233
1.86719 -0.0249441

1.86719 -0.0249441
1.87109 -0.024965

1.87109 -0.024965
1.875 -0.0249858

1.875 -0.0249858
1.87891 -0.0250067

1.87891 -0.0250067
1.88281 -0.0250276

1.88281 -0.0250276
1.88672 -0.0250485

1.88672 -0.0250485
1.89062 -0.0250694

1.89062 -0.0250694
1.89453 -0.0250904

1.89453 -0.0250904
1.89844 -0.0251114

1.89844 -0.0251114
1.90234 -0.0251325

1.90234 -0.0251325
1.90625 -0.0251536

1.90625 -0.0251536
1.91016 -0.0251748

1.91016 -0.0251748
1.91406 -0.0251961

1.91406 -0.0251961
1.91797 -0.0252174

1.91797 -0.0252174
1.92188 -0.0252388

1.92188 -0.0252388
1.92578 -0.0252603

1.92578 -0.0252603
1.92969 -0.0252818

1.92969 -0.0252818
1.93359 -0.0253034

1.93359 -0.0253034
1.9375 -0.0253251

1.9375 -0.0253251
1.94141 -0.0253469

1.94141 -0.0253469
1.94531 -0.0253687

1.94531 -0.0253687
1.94922 -0.0253906

1.94922 -0.0253906
1.95312 -0.0254126

1.95312 -0.0254126
1.95703 -0.0254347

1.95703 -0.0254347
1.96094 -0.0254568

1.96094 -0.0254568
1.96484 -0.025479

1.96484 -0.025479
1.96875 -0.0255012

1.96875 -0.0255012
1.97266 -0.0255236

1.97266 -0.0255236
1.97656 -0.025546

1.97656 -0.025546
1.98047 -0.0255685

1.98047 -0.0255685
1.98438 -0.0255911

1.98438 -0.0255911
1.98828 -0.0256137

1.98828 -0.0256137
1.99219 -0.0256365

1.99219 -0.0256365
1.99609 -0.0256593

1.99609 -0.0256593
2 -0.0256823

-3 0.0615491
-2.99219 0.0611523

-2.99219 0.0611433
-2.98828 0.0609293

-2.98828 0.0609294
-2.98438 0.0607175

-2.98438 0.0607175
-2.98047 0.0605076

-2.98047 0.0605076
-2.97656 0.0602999

-2.97656 0.0602998
-2.97266 0.0600942

-2.97266 0.0600942
-2.96875 0.0598906

-2.96875 0.0598906
-2.96484 0.0596891

-2.96484 0.0596891
-2.96094 0.0594897

-2.96094 0.0594897
-2.95703 0.0592922

-2.95703 0.0592922
-2.95312 0.0590968

-2.95312 0.0590968
-2.94922 0.0589033

-2.94922 0.0589033
-2.94531 0.0587117

-2.94141 0.0585222
-2.94288 0.0585938

-2.94531 0.0587116
-2.94289 0.0585938

-2.94141 0.058522
-2.9375 0.0583342

-2.9375 0.0583342
-2.93359 0.0581482

-2.93359 0.0581482
-2.92969 0.057964

-2.92969 0.057964
-2.92578 0.0577816

-2.92578 0.0577816
-2.92188 0.057601

-2.92188 0.057601
-2.91797 0.057422

-2.91797 0.057422
-2.91406 0.0572448

-2.91406 0.0572448
-2.91016 0.0570692

-2.91016 0.0570692
-2.90625 0.0568952

-2.90625 0.0568952
-2.90234 0.0567228

-2.90234 0.0567228
-2.89844 0.056552

-2.89844 0.056552
-2.89453 0.0563827

-2.89453 0.0563827
-2.89062 0.0562149

-2.89062 0.0562149
-2.88672 0.0560485

-2.88672 0.0560485
-2.88281 0.0558836

-2.88281 0.0558836
-2.87891 0.0557201

-2.87891 0.0557201
-2.875 0.0555579

-2.875 0.0555579
-2.87109 0.0553971

-2.87109 0.0553971
-2.86719 0.0552376

-2.86719 0.0552376
-2.86328 0.0550793

-2.86328 0.0550793
-2.85938 0.0549223

-2.85156 0.054612
-2.85347 0.0546875

-2.85938 0.0549223
-2.85547 0.0547665

-2.85547 0.0547664
-2.85347 0.0546875

-2.85156 0.0546119
-2.84766 0.0544584

-2.84766 0.0544584
-2.84375 0.0543061

-2.84375 0.0543061
-2.83984 0.0541549

-2.83984 0.0541549
-2.83594 0.0540047

-2.83594 0.0540047
-2.83203 0.0538556

-2.83203 0.0538556
-2.82812 0.0537075

-2.82812 0.0537075
-2.82422 0.0535604

-2.82422 0.0535605
-2.82031 0.0534144

-2.82031 0.0534144
-2.81641 0.0532692

-2.81641 0.0532692
-2.8125 0.0531251

-2.8125 0.0531251
-2.80859 0.0529818

-2.80859 0.0529818
-2.80469 0.0528394

-2.80469 0.0528394
-2.80078 0.0526979

-2.80078 0.0526979
-2.79688 0.0525573

-2.79688 0.0525573
-2.79297 0.0524175

-2.79297 0.0524175
-2.78906 0.0522785

-2.78906 0.0522785
-2.78516 0.0521404

-2.78516 0.0521404
-2.78125 0.052003

-2.78125 0.052003
-2.77734 0.0518664

-2.77734 0.0518664
-2.77344 0.0517306

-2.77344 0.0517306
-2.76953 0.0515955

-2.76953 0.0515955
-2.76562 0.0514612

-2.76562 0.0514612
-2.76172 0.0513277

-2.76172 0.0513277
-2.75781 0.0511948

-2.75781 0.0511948
-2.75391 0.0510627

-2.75391 0.0510627
-2.75 0.0509314

-2.75 0.0509314
-2.74609 0.0508008

-2.74219 0.0506709
-2.74551 0.0507812

-2.74609 0.0508006
-2.74551 0.0507812

-2.74219 0.0506709
-2.73828 0.0505417

-2.73828 0.0505417
-2.73438 0.0504133

-2.73438 0.0504133
-2.73047 0.0502857

-2.73047 0.0502857
-2.72656 0.0501589

-2.72656 0.0501589
-2.72266 0.0500328

-2.72266 0.0500328
-2.71875 0.0499076

-2.71875 0.0499076
-2.71484 0.0497832

-2.71484 0.0497832
-2.71094 0.0496596

-2.71094 0.0496596
-2.70703 0.0495369

-2.70703 0.0495368
-2.70312 0.049415

-2.70312 0.049415
-2.69922 0.049294

-2.69922 0.049294
-2.69531 0.049174

-2.69531 0.049174
-2.69141 0.0490548

-2.69141 0.0490548
-2.6875 0.0489366

-2.6875 0.0489366
-2.68359 0.0488194

-2.68359 0.0488194
-2.67969 0.048703

-2.67969 0.048703
-2.67578 0.0485877

-2.67578 0.0485877
-2.67188 0.0484732

-2.67188 0.0484732
-2.66797 0.0483598

-2.66797 0.0483598
-2.66406 0.0482472

-2.66406 0.0482473
-2.66016 0.0481356

-2.66016 0.0481357
-2.65625 0.048025

-2.65625 0.048025
-2.65234 0.0479152

-2.65234 0.0479152
-2.64844 0.0478062

-2.64844 0.0478063
-2.64453 0.0476982

-2.64453 0.0476982
-2.64062 0.0475909

-2.64062 0.0475909
-2.63672 0.0474843

-2.63672 0.0474843
-2.63281 0.0473785

-2.63281 0.0473785
-2.62891 0.0472733

-2.62891 0.0472733
-2.625 0.0471687

-2.61328 0.0468582
-2.61392 0.046875

-2.61328 0.0468582
-2.60938 0.0467555

-2.625 0.0471688
-2.62109 0.0470647

-2.62109 0.0470648
-2.61719 0.0469612

-2.61719 0.0469612
-2.61392 0.046875

-2.60938 0.0467556
-2.60547 0.0466533

-2.60547 0.0466533
-2.60156 0.0465513

-2.60156 0.0465513
-2.59766 0.0464496

-2.59766 0.0464496
-2.59375 0.0463482

-2.59375 0.0463482
-2.58984 0.0462471

-2.58984 0.0462471
-2.58594 0.0461462

-2.58594 0.0461462
-2.58203 0.0460455

-2.58203 0.0460455
-2.57812 0.045945

-2.57812 0.045945
-2.57422 0.0458449

-2.57422 0.0458449
-2.57031 0.045745

-2.57031 0.045745
-2.56641 0.0456454

-2.56641 0.0456454
-2.5625 0.0455462

-2.5625 0.0455462
-2.55859 0.0454474

-2.55859 0.0454473
-2.55469 0.0453489

-2.55469 0.0453489
-2.55078 0.0452509

-2.55078 0.0452509
-2.54688 0.0451534

-2.54688 0.0451534
-2.54297 0.0450563

-2.54297 0.0450563
-2.53906 0.0449597

-2.53906 0.0449597
-2.53516 0.0448635

-2.53516 0.0448635
-2.53125 0.0447678

-2.53125 0.0447678
-2.52734 0.0446725

-2.52734 0.0446725
-2.52344 0.0445775

-2.52344 0.0445776
-2.51953 0.0444829

-2.51953 0.0444829
-2.51562 0.0443885

-2.51562 0.0443885
-2.51172 0.0442943

-2.51172 0.0442943
-2.50781 0.0442003

-2.50781 0.0442003
-2.50391 0.0441064

-2.50391 0.0441064
-2.5 0.0440125

-0.527344 -2.13853e-05
-0.528487 0

-0.527344 -2.13609e-05
-0.523438 -9.4338e-05

-0.523438 -9.43384e-05
-0.519531 -0.000167202

-0.519531 -0.000167203
-0.515625 -0.000239953

-0.515625 -0.000239953
-0.511719 -0.000312588

-0.511719 -0.000312588
-0.507812 -0.00038511

-0.507812 -0.000385109
-0.503906 -0.000457516

-0.503906 -0.000457516
-0.5 -0.000529809

-1 0.00959499
-0.996094 0.00951067

-0.996094 0.00951067
-0.992188 0.00942643

-0.992188 0.00942643
-0.988281 0.00934229

-0.988281 0.00934229
-0.984375 0.00925823

-0.984375 0.00925823
-0.980469 0.00917425

-0.980469 0.00917425
-0.976562 0.00909035

-0.976562 0.00909035
-0.972656 0.00900653

-0.972656 0.00900653
-0.96875 0.00892279

-0.96875 0.00892279
-0.964844 0.00883913

-0.964844 0.00883913
-0.960938 0.00875555

-0.960938 0.00875555
-0.957031 0.00867203

-0.957031 0.00867203
-0.953125 0.0085886

-0.953125 0.0085886
-0.949219 0.00850523

-0.949219 0.00850523
-0.945312 0.00842193

-0.945312 0.00842193
-0.941406 0.0083387

-0.941406 0.0083387
-0.9375 0.00825553

-0.9375 0.00825553
-0.933594 0.00817244

-0.933594 0.00817244
-0.929688 0.0080894

-0.929688 0.0080894
-0.925781 0.00800643

-0.925781 0.00800643
-0.921875 0.00792352

-0.914062 0.00775786
-0.91664 0.0078125

-0.921875 0.00792352
-0.917969 0.00784066

-0.917969 0.00784068
-0.916639 0.0078125

-0.914062 0.00775787
-0.910156 0.00767512

-0.910156 0.00767512
-0.90625 0.00759244

-0.90625 0.00759244
-0.902344 0.00750981

-0.902344 0.00750981
-0.898438 0.00742724

-0.898438 0.00742724
-0.894531 0.00734473

-0.894531 0.00734473
-0.890625 0.00726229

-0.890625 0.00726229
-0.886719 0.0071799

-0.886719 0.0071799
-0.882812 0.00709758

-0.882812 0.00709758
-0.878906 0.00701532

-0.878906 0.00701532
-0.875 0.00693312

0 -0.00876326
0.00390625 -0.00881959

0.00390625 -0.00881959
0.0078125 -0.00887578

0.0078125 -0.00887578
0.0117188 -0.00893184

0.0117188 -0.00893184
0.015625 -0.00898777

0.015625 -0.00898777
0.0195312 -0.00904357

0.0195312 -0.00904357
0.0234375 -0.00909923

0.0234375 -0.00909923
0.0273438 -0.00915475

0.0273438 -0.00915475
0.03125 -0.00921015

0.03125 -0.00921015
0.0351562 -0.00926541

0.0351562 -0.00926541
0.0390625 -0.00932054

0.0390625 -0.00932054
0.0429688 -0.00937554

0.0429688 -0.00937554
0.046875 -0.0094304

0.046875 -0.0094304
0.0507812 -0.00948513

0.0507812 -0.00948513
0.0546875 -0.00953973

0.0546875 -0.00953973
0.0585938 -0.00959419

0.0585938 -0.00959419
0.0625 -0.00964852

-0.875 0.00693312
-0.871094 0.00685098

-0.871094 0.00685098
-0.867188 0.00676891

-0.867188 0.00676891
-0.863281 0.00668691

-0.863281 0.00668691
-0.859375 0.00660497

-0.859375 0.00660497
-0.855469 0.0065231

-0.855469 0.0065231
-0.851562 0.0064413

-0.851562 0.0064413
-0.847656 0.00635956

-0.847656 0.00635956
-0.84375 0.00627789

-0.84375 0.00627789
-0.839844 0.00619629

0.0625 -0.00964852
0.0664062 -0.00970272

0.0664062 -0.00970272
0.0703125 -0.00975679

0.0703125 -0.00975679
0.0742188 -0.00981072

0.0742188 -0.00981072
0.078125 -0.00986452

-0.839844 0.00619629
-0.835938 0.00611476

0.078125 -0.00986452
0.0820312 -0.00991819

0.0820312 -0.00991819
0.0859375 -0.00997173

0.0859375 -0.00997173
0.0898438 -0.0100251

0.0898438 -0.0100251
0.09375 -0.0100784

-0.835938 0.00611476
-0.832031 0.00603331

-0.832031 0.00603331
-0.828125 0.00595192

-0.828125 0.00595192
-0.824219 0.00587061

-0.824219 0.00587061
-0.820312 0.00578937

-0.820312 0.00578937
-0.816406 0.00570821

-0.816406 0.00570821
-0.8125 0.00562712

0.09375 -0.0100784
0.0976562 -0.0101316

0.0976562 -0.0101316
0.101562 -0.0101846

0.101562 -0.0101846
0.105469 -0.0102374

0.105469 -0.0102374
0.109375 -0.0102902

0.109375 -0.0102902
0.113281 -0.0103428

0.113281 -0.0103428
0.117188 -0.0103953

0.117188 -0.0103953
0.121094 -0.0104477

0.121094 -0.0104477
0.125 -0.0104999

-0.8125 0.00562712
-0.808594 0.0055461

-0.808594 0.0055461
-0.804688 0.00546517

-0.804688 0.00546517
-0.800781 0.00538431

-0.800781 0.00538431
-0.796875 0.00530353

-0.796875 0.00530353
-0.792969 0.00522282

-0.792969 0.00522282
-0.789062 0.0051422

-0.789062 0.0051422
-0.785156 0.00506166

-0.785156 0.00506166
-0.78125 0.0049812

-0.78125 0.0049812
-0.777344 0.00490083

-0.777344 0.00490083
-0.773438 0.00482054

-0.773438 0.00482054
-0.769531 0.00474033

-0.769531 0.00474033
-0.765625 0.00466021

-0.765625 0.00466021
-0.761719 0.00458018

-0.761719 0.00458018
-0.757812 0.00450023

-0.757812 0.00450023
-0.753906 0.00442038

-0.753906 0.00442038
-0.75 0.00434061

0.125 -0.0104999
0.128906 -0.010552

0.128906 -0.010552
0.132812 -0.0106039

0.132812 -0.0106039
0.136719 -0.0106557

0.136719 -0.0106557
0.140625 -0.0107074

0.140625 -0.0107074
0.144531 -0.010759

0.144531 -0.010759
0.148438 -0.0108104

0.148438 -0.0108104
0.152344 -0.0108617

0.152344 -0.0108617
0.15625 -0.0109129

0.15625 -0.0109129
0.160156 -0.0109639

0.160156 -0.0109639
0.164062 -0.0110148

0.164062 -0.0110148
0.167969 -0.0110656

0.167969 -0.0110656
0.171875 -0.0111162

0.171875 -0.0111162
0.175781 -0.0111667

0.175781 -0.0111667
0.179688 -0.0112171

0.179688 -0.0112171
0.183594 -0.0112673

0.183594 -0.0112673
0.1875 -0.0113174

0.1875 -0.0113174
0.191406 -0.0113674

0.191406 -0.0113674
0.195312 -0.0114172

0.195312 -0.0114172
0.199219 -0.0114669

0.199219 -0.0114669
0.203125 -0.0115165

0.203125 -0.0115165
0.207031 -0.0115659

0.207031 -0.0115659
0.210938 -0.0116152

0.210938 -0.0116152
0.214844 -0.0116644

0.214844 -0.0116644
0.21875 -0.0117134

0.222656 -0.0117623
0.219179 -0.0117188

0.21875 -0.0117134
0.21918 -0.0117188

0.222656 -0.0117623
0.226562 -0.011811

0.226562 -0.011811
0.230469 -0.0118596

0.230469 -0.0118596
0.234375 -0.0119081

0.234375 -0.0119081
0.238281 -0.0119565

0.238281 -0.0119565
0.242188 -0.0120047

0.242188 -0.0120047
0.246094 -0.0120528

0.246094 -0.0120528
0.25 -0.0121007

-0.75 0.00434061
-0.746094 0.00426093

-0.746094 0.00426093
-0.742188 0.00418135

-0.742188 0.00418135
-0.738281 0.00410185

-0.738281 0.00410185
-0.734375 0.00402245

-0.734375 0.00402245
-0.730469 0.00394314

-0.726562 0.00386391
-0.72865 0.00390625

-0.730469 0.00394315
-0.728649 0.00390625

-0.726562 0.00386392
-0.722656 0.00378479

-0.722656 0.00378479
-0.71875 0.00370576

-0.71875 0.00370576
-0.714844 0.00362682

-0.714844 0.00362682
-0.710938 0.00354799

-0.710938 0.00354799
-0.707031 0.00346926

-0.707031 0.00346926
-0.703125 0.00339064

-0.703125 0.00339064
-0.699219 0.00331212

-0.699219 0.00331212
-0.695312 0.00323371

-0.695312 0.00323371
-0.691406 0.00315542

-0.691406 0.00315542
-0.6875 0.00307723

-0.6875 0.00307723
-0.683594 0.00299916

-0.683594 0.00299916
-0.679688 0.0029212

-0.679688 0.0029212
-0.675781 0.00284337

-0.675781 0.00284337
-0.671875 0.00276565

-0.671875 0.00276564
-0.667969 0.00268804

-0.667969 0.00268804
-0.664062 0.00261056

-0.664062 0.00261056
-0.660156 0.00253321

-0.660156 0.00253321
-0.65625 0.00245597

-0.65625 0.00245597
-0.652344 0.00237886

-0.652344 0.00237886
-0.648438 0.00230187

-0.648438 0.00230187
-0.644531 0.00222501

-0.644531 0.00222501
-0.640625 0.00214828

-0.640625 0.00214828
-0.636719 0.00207167

-0.636719 0.00207167
-0.632812 0.0019952

-0.632812 0.0019952
-0.628906 0.00191885

-0.628906 0.00191885
-0.625 0.00184263

-0.625 0.00184263
-0.621094 0.00176654

-0.621094 0.00176653
-0.617188 0.00169057

-0.617188 0.00169057
-0.613281 0.00161474

-0.613281 0.00161474
-0.609375 0.00153904

-0.609375 0.00153904
-0.605469 0.00146346

-0.605469 0.00146346
-0.601562 0.00138802

-0.601562 0.00138802
-0.597656 0.00131271

-0.597656 0.00131271
-0.59375 0.00123752

-0.59375 0.00123752
-0.589844 0.00116247

-0.589844 0.00116247
-0.585938 0.00108754

-0.585938 0.00108754
-0.582031 0.00101274

-0.582031 0.00101274
-0.578125 0.000938075

-0.578125 0.000938075
-0.574219 0.000863532

-0.574219 0.000863532
-0.570312 0.000789116

-0.570312 0.000789117
-0.566406 0.000714827

-0.566406 0.000714827
-0.5625 0.000640662

-0.5625 0.000640663
-0.558594 0.000566622

-0.558594 0.000566623
-0.554688 0.000492705

-0.554688 0.000492706
-0.550781 0.000418911

-0.550781 0.000418911
-0.546875 0.000345237

-0.546875 0.000345238
-0.542969 0.000271684

-0.542969 0.000271684
-0.539062 0.000198249

-0.539062 0.000198249
-0.535156 0.000124931

-0.535156 0.000124931
-0.53125 5.17281e-05

-0.53125 5.17388e-05
-0.528485 0

0.25 -0.0121007
0.253906 -0.0121485

0.253906 -0.0121485
0.257812 -0.0121962

0.257812 -0.0121962
0.261719 -0.0122437

0.261719 -0.0122437
0.265625 -0.0122911

0.265625 -0.0122911
0.269531 -0.0123384

0.269531 -0.0123384
0.273438 -0.0123855

0.273438 -0.0123855
0.277344 -0.0124324

0.277344 -0.0124324
0.28125 -0.0124793

0.28125 -0.0124793
0.285156 -0.012526

0.285156 -0.012526
0.289062 -0.0125726

0.289062 -0.0125726
0.292969 -0.012619

0.292969 -0.012619
0.296875 -0.0126653

0.296875 -0.0126653
0.300781 -0.0127114

0.300781 -0.0127114
0.304688 -0.0127575

0.304688 -0.0127575
0.308594 -0.0128033

0.308594 -0.0128033
0.3125 -0.0128491

0.3125 -0.0128491
0.316406 -0.0128947

0.316406 -0.0128947
0.320312 -0.0129402

0.320312 -0.0129402
0.324219 -0.0129855

0.324219 -0.0129855
0.328125 -0.0130308

0.328125 -0.0130308
0.332031 -0.0130758

0.332031 -0.0130758
0.335938 -0.0131208

0.335938 -0.0131208
0.339844 -0.0131656

0.339844 -0.0131656
0.34375 -0.0132103

0.34375 -0.0132103
0.347656 -0.0132549

0.347656 -0.0132549
0.351562 -0.0132993

0.351562 -0.0132993
0.355469 -0.0133436

0.355469 -0.0133436
0.359375 -0.0133878

0.359375 -0.0133878
0.363281 -0.0134318

0.363281 -0.0134318
0.367188 -0.0134758

0.367188 -0.0134758
0.371094 -0.0135196

0.371094 -0.0135196
0.375 -0.0135632

0.375 -0.0135632
0.378906 -0.0136068

0.378906 -0.0136068
0.382812 -0.0136502

0.382812 -0.0136502
0.386719 -0.0136935

0.386719 -0.0136935
0.390625 -0.0137367

0.390625 -0.0137367
0.394531 -0.0137797

0.394531 -0.0137797
0.398438 -0.0138227

0.398438 -0.0138227
0.402344 -0.0138655

0.402344 -0.0138655
0.40625 -0.0139082

0.40625 -0.0139082
0.410156 -0.0139508

0.410156 -0.0139508
0.414062 -0.0139932

0.414062 -0.0139932
0.417969 -0.0140356

0.417969 -0.0140356
0.421875 -0.0140778

0.421875 -0.0140778
0.425781 -0.01412

0.425781 -0.01412
0.429688 -0.014162

0.429688 -0.014162
0.433594 -0.0142039

0.433594 -0.0142039
0.4375 -0.0142457

0.4375 -0.0142457
0.441406 -0.0142873

0.441406 -0.0142873
0.445312 -0.0143289

0.445312 -0.0143289
0.449219 -0.0143704

0.449219 -0.0143704
0.453125 -0.0144118

0.453125 -0.0144118
0.457031 -0.014453

0.457031 -0.014453
0.460938 -0.0144942

0.460938 -0.0144942
0.464844 -0.0145353

0.464844 -0.0145353
0.46875 -0.0145762

0.46875 -0.0145762
0.472656 -0.0146171

0.472656 -0.0146171
0.476562 -0.0146579

0.476562 -0.0146579
0.480469 -0.0146986

0.480469 -0.0146986
0.484375 -0.0147392

0.484375 -0.0147392
0.488281 -0.0147797

0.488281 -0.0147797
0.492188 -0.0148201

0.492188 -0.0148201
0.496094 -0.0148605

0.496094 -0.0148605
0.5 -0.0149007

-0.5 -0.000529809
-0.496094 -0.000601987

-0.496094 -0.000601987
-0.492188 -0.00067405

-0.492188 -0.00067405
-0.488281 -0.000745999

-0.488281 -0.000745999
-0.484375 -0.000817833

-0.484375 -0.000817833
-0.480469 -0.000889552

-0.480469 -0.000889552
-0.476562 -0.000961156

-0.476562 -0.000961156
-0.472656 -0.00103264

-0.472656 -0.00103264
-0.46875 -0.00110402

-0.46875 -0.00110402
-0.464844 -0.00117527

-0.464844 -0.00117527
-0.460938 -0.00124642

-0.460938 -0.00124642
-0.457031 -0.00131744

-0.457031 -0.00131744
-0.453125 -0.00138835

-0.453125 -0.00138835
-0.449219 -0.00145914

-0.449219 -0.00145914
-0.445312 -0.00152981

-0.445312 -0.00152981
-0.441406 -0.00160036

-0.441406 -0.00160036
-0.4375 -0.0016708

-2.5 0.0440125
-2.49609 0.0439187

-2.49609 0.0439187
-2.49219 0.043825

-2.49219 0.043825
-2.48828 0.0437313

-2.48828 0.0437313
-2.48438 0.0436377

-0.4375 -0.0016708
-0.433594 -0.00174111

-0.433594 -0.00174111
-0.429688 -0.00181131

-0.429688 -0.00181131
-0.425781 -0.00188139

-0.425781 -0.00188139
-0.421875 -0.00195134

-0.421875 -0.00195134
-0.417969 -0.00202117

-0.417969 -0.00202117
-0.414062 -0.00209089

-2.48438 0.0436377
-2.48047 0.0435441

-2.48047 0.0435441
-2.47656 0.0434507

-2.47656 0.0434507
-2.47266 0.0433574

-2.47266 0.0433574
-2.46875 0.0432643

-2.46875 0.0432643
-2.46484 0.0431714

-0.414062 -0.00209089
-0.410156 -0.00216047

-0.410156 -0.00216047
-0.40625 -0.00222994

-0.40625 -0.00222994
-0.402344 -0.00229928

-0.402344 -0.00229928
-0.398438 -0.0023685

-0.398438 -0.0023685
-0.394531 -0.0024376

-0.394531 -0.0024376
-0.390625 -0.00250657

-2.46484 0.0431714
-2.46094 0.0430787

-2.46094 0.0430787
-2.45703 0.0429863

-2.45312 0.042894
-2.45629 0.0429688

-2.45703 0.0429862
-2.45629 0.0429688

-2.45312 0.042894
-2.44922 0.042802

-2.44922 0.042802
-2.44531 0.0427102

-2.44531 0.0427102
-2.44141 0.0426186

-2.44141 0.0426186
-2.4375 0.0425272

-0.390625 -0.00250657
-0.386719 -0.00257541

-0.386719 -0.00257541
-0.382812 -0.00264413

-0.382812 -0.00264413
-0.378906 -0.00271272

-0.378906 -0.00271272
-0.375 -0.00278118

-2.4375 0.0425272
-2.43359 0.0424358

-2.43359 0.0424358
-2.42969 0.0423446

-2.42969 0.0423446
-2.42578 0.0422534

-2.42578 0.0422534
-2.42188 0.0421624

-2.42188 0.0421624
-2.41797 0.0420714

-2.41797 0.0420714
-2.41406 0.0419806

-2.41406 0.0419806
-2.41016 0.04189

-2.41016 0.04189
-2.40625 0.0417996

-2.40625 0.0417996
-2.40234 0.0417094

-2.40234 0.0417094
-2.39844 0.0416195

-2.39844 0.0416195
-2.39453 0.0415298

-2.39453 0.0415298
-2.39062 0.0414403

-2.39062 0.0414403
-2.38672 0.0413509

-2.38672 0.0413509
-2.38281 0.0412618

-2.38281 0.0412618
-2.37891 0.0411728

-2.37891 0.0411728
-2.375 0.041084

-0.375 -0.00278118
-0.371094 -0.00284951

-0.371094 -0.00284951
-0.367188 -0.00291772

-0.367188 -0.00291772
-0.363281 -0.00298579

-0.363281 -0.00298579
-0.359375 -0.00305374

-0.359375 -0.00305374
-0.355469 -0.00312156

-0.355469 -0.00312156
-0.351562 -0.00318924

-0.351562 -0.00318924
-0.347656 -0.00325679

-0.347656 -0.00325679
-0.34375 -0.00332422

-0.34375 -0.00332422
-0.339844 -0.00339151

-0.339844 -0.00339151
-0.335938 -0.00345866

-0.335938 -0.00345866
-0.332031 -0.00352569

-0.332031 -0.00352569
-0.328125 -0.00359258

-0.328125 -0.00359258
-0.324219 -0.00365934

-0.324219 -0.00365934
-0.320312 -0.00372597

-0.320312 -0.00372597
-0.316406 -0.00379246

-0.316406 -0.00379246
-0.3125 -0.00385883

-0.308594 -0.00392508
-0.309705 -0.00390625

-0.3125 -0.00385881
-0.309702 -0.00390625

-0.308594 -0.00392506
-0.304688 -0.00399116

-0.304688 -0.00399116
-0.300781 -0.00405713

-0.300781 -0.00405713
-0.296875 -0.00412297

-0.296875 -0.00412297
-0.292969 -0.00418867

-0.292969 -0.00418868
-0.289062 -0.00425425

-0.289062 -0.00425425
-0.285156 -0.00431968

-0.285156 -0.00431968
-0.28125 -0.00438499

-0.28125 -0.00438499
-0.277344 -0.00445016

-0.277344 -0.00445016
-0.273438 -0.0045152

-0.273438 -0.0045152
-0.269531 -0.0045801

-0.269531 -0.0045801
-0.265625 -0.00464488

-2.375 0.041084
-2.37109 0.0409954

-2.37109 0.0409954
-2.36719 0.0409069

-2.36719 0.0409069
-2.36328 0.0408185

-2.36328 0.0408185
-2.35938 0.0407303

-0.265625 -0.00464488
-0.261719 -0.00470952

-0.261719 -0.00470952
-0.257812 -0.00477403

-0.257812 -0.00477403
-0.253906 -0.00483841

-0.253906 -0.00483841
-0.25 -0.00490266

-2.35938 0.0407303
-2.35547 0.0406423

-2.35547 0.0406423
-2.35156 0.0405545

-2.35156 0.0405545
-2.34766 0.0404668

-2.34766 0.0404668
-2.34375 0.0403792

-2.34375 0.0403792
-2.33984 0.0402918

-2.33984 0.0402918
-2.33594 0.0402046

-2.33594 0.0402046
-2.33203 0.0401176

-2.33203 0.0401176
-2.32812 0.0400307

-2.32812 0.0400307
-2.32422 0.0399441

-2.32422 0.0399441
-2.32031 0.0398576

-2.32031 0.0398576
-2.31641 0.0397714

-2.31641 0.0397714
-2.3125 0.0396854

-2.3125 0.0396854
-2.30859 0.0395996

-2.30859 0.0395996
-2.30469 0.0395139

-2.30469 0.0395139
-2.30078 0.0394285

-2.30078 0.0394285
-2.29688 0.0393432

-2.29688 0.0393432
-2.29297 0.039258

-2.29297 0.0392581
-2.28906 0.0391731

-2.28125 0.0390035
-2.28397 0.0390625

-2.28906 0.0391731
-2.28516 0.0390882

-2.28516 0.0390882
-2.28397 0.0390625

-2.28125 0.0390035
-2.27734 0.0389188

-2.27734 0.0389188
-2.27344 0.0388343

-2.27344 0.0388343
-2.26953 0.0387498

-2.26953 0.0387498
-2.26562 0.0386654

-2.26562 0.0386654
-2.26172 0.0385811

-2.26172 0.0385811
-2.25781 0.0384968

-2.25781 0.0384968
-2.25391 0.0384125

-2.25391 0.0384125
-2.25 0.0383282

-0.25 -0.00490266
-0.246094 -0.00496678

-0.246094 -0.00496678
-0.242188 -0.00503077

-0.242188 -0.00503077
-0.238281 -0.00509464

-0.238281 -0.00509463
-0.234375 -0.00515837

-0.234375 -0.00515837
-0.230469 -0.00522198

-0.230469 -0.00522198
-0.226562 -0.00528546

-0.226562 -0.00528546
-0.222656 -0.00534881

-0.222656 -0.00534881
-0.21875 -0.00541204

-0.21875 -0.00541204
-0.214844 -0.00547515

-0.214844 -0.00547515
-0.210938 -0.00553813

-0.210938 -0.00553813
-0.207031 -0.00560099

-0.207031 -0.00560099
-0.203125 -0.00566372

-0.203125 -0.00566372
-0.199219 -0.00572633

-0.199219 -0.00572633
-0.195312 -0.00578882

-0.195312 -0.00578882
-0.191406 -0.00585119

-0.191406 -0.00585119
-0.1875 -0.00591345

-0.1875 -0.00591345
-0.183594 -0.00597558

-0.183594 -0.00597558
-0.179688 -0.00603759

-0.179688 -0.00603759
-0.175781 -0.00609949

-0.175781 -0.00609949
-0.171875 -0.00616127

-0.171875 -0.00616127
-0.167969 -0.00622293

-0.167969 -0.00622293
-0.164062 -0.00628447

-0.164062 -0.00628447
-0.160156 -0.0063459

-0.160156 -0.0063459
-0.15625 -0.00640722

-0.15625 -0.00640722
-0.152344 -0.00646842

-0.152344 -0.00646842
-0.148438 -0.0065295

-0.148438 -0.0065295
-0.144531 -0.00659047

-0.144531 -0.00659047
-0.140625 -0.00665133

-0.140625 -0.00665133
-0.136719 -0.00671208

-0.136719 -0.00671208
-0.132812 -0.0067727

-0.132812 -0.0067727
-0.128906 -0.00683322

-0.128906 -0.00683322
-0.125 -0.00689362

-0.125 -0.00689362
-0.121094 -0.00695391

-0.121094 -0.00695391
-0.117188 -0.00701408

-0.117188 -0.00701408
-0.113281 -0.00707414

-0.113281 -0.00707414
-0.109375 -0.00713408

-0.109375 -0.00713408
-0.105469 -0.00719391

-0.105469 -0.00719391
-0.101562 -0.00725362

-0.101562 -0.00725362
-0.0976562 -0.00731322

-0.0976562 -0.00731322
-0.09375 -0.0073727

-0.09375 -0.0073727
-0.0898438 -0.00743206

-0.0898438 -0.00743206
-0.0859375 -0.0074913

-0.0859375 -0.0074913
-0.0820312 -0.00755043

-0.0820312 -0.00755043
-0.078125 -0.00760943

-0.078125 -0.00760943
-0.0742188 -0.00766832

-0.0742188 -0.00766832
-0.0703125 -0.00772708

-0.0625 -0.0078443
-0.0646225 -0.0078125

-0.0703125 -0.00772709
-0.0664062 -0.00778573

-0.0664062 -0.00778567
-0.0646153 -0.0078125

-0.0625 -0.00784425
-0.0585938 -0.00790265

-0.0585938 -0.00790265
-0.0546875 -0.00796092

-0.0546875 -0.00796092
-0.0507812 -0.00801907

-0.0507812 -0.00801907
-0.046875 -0.00807709

-0.046875 -0.00807709
-0.0429688 -0.00813499

-0.0429688 -0.00813499
-0.0390625 -0.00819275

-0.0390625 -0.00819275
-0.0351562 -0.00825039

-0.0351562 -0.00825039
-0.03125 -0.0083079

-0.03125 -0.0083079
-0.0273438 -0.00836528

-0.0273438 -0.00836528
-0.0234375 -0.00842253

-0.0234375 -0.00842253
-0.0195312 -0.00847965

-0.0195312 -0.00847965
-0.015625 -0.00853664

-0.015625 -0.00853664
-0.0117188 -0.00859349

-0.0117188 -0.00859349
-0.0078125 -0.00865021

-0.0078125 -0.00865021
-0.00390625 -0.00870681

-0.00390625 -0.00870681
0 -0.00876326

-2.25 0.0383282
-2.24609 0.0382439

-2.24609 0.0382439
-2.24219 0.0381596

-2.24219 0.0381596
-2.23828 0.0380752

-2.23828 0.0380752
-2.23438 0.0379909

-2.23438 0.0379909
-2.23047 0.0379065

-2.23047 0.0379065
-2.22656 0.0378221

-2.22656 0.0378221
-2.22266 0.0377378

-2.22266 0.0377378
-2.21875 0.0376534

-2.21875 0.0376534
-2.21484 0.037569

-2.21484 0.037569
-2.21094 0.0374846

-2.21094 0.0374846
-2.20703 0.0374002

-2.20703 0.0374002
-2.20312 0.0373159

-2.20312 0.0373159
-2.19922 0.0372315

-2.19922 0.0372315
-2.19531 0.0371472

-2.19531 0.0371472
-2.19141 0.0370629

-2.19141 0.0370629
-2.1875 0.0369786

-2.1875 0.0369786
-2.18359 0.0368943

-2.18359 0.0368943
-2.17969 0.03681

-2.17969 0.03681
-2.17578 0.0367257

-2.17578 0.0367257
-2.17188 0.0366415

-2.17188 0.0366415
-2.16797 0.0365572

-2.16797 0.0365572
-2.16406 0.036473

-2.16406 0.036473
-2.16016 0.0363887

-2.16016 0.0363887
-2.15625 0.0363045

-2.15625 0.0363045
-2.15234 0.0362202

-2.15234 0.0362202
-2.14844 0.036136

-2.14844 0.036136
-2.14453 0.0360517

-2.14453 0.0360517
-2.14062 0.0359675

-2.14062 0.0359675
-2.13672 0.0358832

-2.13672 0.0358832
-2.13281 0.0357989

-2.13281 0.0357989
-2.12891 0.0357146

-2.12891 0.0357146
-2.125 0.0356303

-2.125 0.0356303
-2.12109 0.0355459

-2.12109 0.0355459
-2.11719 0.0354615

-2.11719 0.0354615
-2.11328 0.0353771

-2.11328 0.0353771
-2.10938 0.0352926

-2.10938 0.0352926
-2.10547 0.035208

-2.10156 0.0351234
-2.10308 0.0351562

-2.10547 0.0352081
-2.10308 0.0351562

-2.10156 0.0351234
-2.09766 0.0350387

-2.09766 0.0350387
-2.09375 0.0349539

-2.09375 0.0349539
-2.08984 0.034869

-2.08984 0.034869
-2.08594 0.034784

-2.08594 0.034784
-2.08203 0.0346988

-2.08203 0.0346988
-2.07812 0.0346136

-2.07812 0.0346136
-2.07422 0.0345282

-2.07422 0.0345282
-2.07031 0.0344427

-2.07031 0.0344427
-2.06641 0.0343571

-2.06641 0.0343571
-2.0625 0.0342714

-2.0625 0.0342714
-2.05859 0.0341856

-2.05859 0.0341856
-2.05469 0.0340998

-2.05469 0.0340998
-2.05078 0.0340138

-2.05078 0.0340138
-2.04688 0.0339278

-2.04688 0.0339278
-2.04297 0.0338417

-2.04297 0.0338417
-2.03906 0.0337555

-2.03906 0.0337555
-2.03516 0.0336692

-2.03516 0.0336692
-2.03125 0.0335828

-2.03125 0.0335828
-2.02734 0.0334964

-2.02734 0.0334964
-2.02344 0.0334098

-2.02344 0.0334098
-2.01953 0.0333231

-2.01953 0.0333231
-2.01562 0.0332363

-2.01562 0.0332363
-2.01172 0.0331493

-2.01172 0.0331493
-2.00781 0.0330623

-2.00781 0.0330623
-2.00391 0.0329751

-2.00391 0.0329751
-2 0.0328878

0.5 -0.0149007
0.503906 -0.0149409

0.503906 -0.0149409
0.507812 -0.014981

0.507812 -0.014981
0.511719 -0.015021

0.511719 -0.015021
0.515625 -0.015061

0.515625 -0.015061
0.519531 -0.0151008

0.519531 -0.0151008
0.523438 -0.0151406

0.523438 -0.0151406
0.527344 -0.0151803

0.527344 -0.0151803
0.53125 -0.01522

0.53125 -0.01522
0.535156 -0.0152595

0.535156 -0.0152595
0.539062 -0.015299

0.539062 -0.015299
0.542969 -0.0153385

0.542969 -0.0153385
0.546875 -0.0153779

0.546875 -0.0153779
0.550781 -0.0154172

0.550781 -0.0154172
0.554688 -0.0154565

0.554688 -0.0154565
0.558594 -0.0154957

0.558594 -0.0154957
0.5625 -0.0155348

0.574219 -0.0156519
0.57152 -0.015625

0.574219 -0.0156519
0.578125 -0.0156909

0.5625 -0.0155348
0.566406 -0.0155739

0.566406 -0.0155739
0.570312 -0.0156129

0.570312 -0.0156129
0.571521 -0.015625

0.578125 -0.0156909
0.582031 -0.0157298

0.582031 -0.0157298
0.585938 -0.0157686

0.585938 -0.0157686
0.589844 -0.0158074

0.589844 -0.0158074
0.59375 -0.0158462

0.59375 -0.0158462
0.597656 -0.0158849

0.597656 -0.0158849
0.601562 -0.0159236

0.601562 -0.0159236
0.605469 -0.0159623

0.605469 -0.0159623
0.609375 -0.0160009

0.609375 -0.0160009
0.613281 -0.0160394

0.613281 -0.0160394
0.617188 -0.016078

0.617188 -0.016078
0.621094 -0.0161164

0.621094 -0.0161164
0.625 -0.0161549

0.625 -0.0161549
0.628906 -0.0161933

0.628906 -0.0161933
0.632812 -0.0162317

0.632812 -0.0162317
0.636719 -0.01627

0.636719 -0.01627
0.640625 -0.0163083

0.640625 -0.0163083
0.644531 -0.0163466

0.644531 -0.0163466
0.648438 -0.0163848

0.648438 -0.0163848
0.652344 -0.016423

0.652344 -0.016423
0.65625 -0.0164612

0.65625 -0.0164612
0.660156 -0.0164993

0.660156 -0.0164993
0.664062 -0.0165374

0.664062 -0.0165374
0.667969 -0.0165754

0.667969 -0.0165754
0.671875 -0.0166134

0.671875 -0.0166134
0.675781 -0.0166514

0.675781 -0.0166514
0.679688 -0.0166893

0.679688 -0.0166893
0.683594 -0.0167271

0.683594 -0.0167271
0.6875 -0.0167649

0.6875 -0.0167649
0.691406 -0.0168027

0.691406 -0.0168027
0.695312 -0.0168404

0.695312 -0.0168404
0.699219 -0.016878

0.699219 -0.016878
0.703125 -0.0169156

0.703125 -0.0169156
0.707031 -0.0169532

0.707031 -0.0169532
0.710938 -0.0169906

0.710938 -0.0169906
0.714844 -0.0170281

0.714844 -0.0170281
0.71875 -0.0170654

0.71875 -0.0170654
0.722656 -0.0171027

0.722656 -0.0171027
0.726562 -0.01714

0.726562 -0.01714
0.730469 -0.0171771

0.730469 -0.0171772
0.734375 -0.0172143

0.734375 -0.0172143
0.738281 -0.0172513

0.738281 -0.0172513
0.742188 -0.0172883

0.742188 -0.0172883
0.746094 -0.0173252

0.746094 -0.0173252
0.75 -0.017362

0.75 -0.017362
0.753906 -0.0173987

0.753906 -0.0173987
0.757812 -0.0174354

0.757812 -0.0174354
0.761719 -0.017472

0.761719 -0.017472
0.765625 -0.0175085

0.765625 -0.0175085
0.769531 -0.017545

0.769531 -0.017545
0.773438 -0.0175813

0.773438 -0.0175813
0.777344 -0.0176176

0.777344 -0.0176176
0.78125 -0.0176537

0.78125 -0.0176537
0.785156 -0.0176898

0.785156 -0.0176898
0.789062 -0.0177258

0.789062 -0.0177258
0.792969 -0.0177617

0.792969 -0.0177617
0.796875 -0.0177975

0.796875 -0.0177975
0.800781 -0.0178333

0.800781 -0.0178333
0.804688 -0.0178689

0.804688 -0.0178689
0.808594 -0.0179044

0.808594 -0.0179044
0.8125 -0.0179398

0.8125 -0.0179398
0.816406 -0.0179752

0.816406 -0.0179752
0.820312 -0.0180104

0.820312 -0.0180104
0.824219 -0.0180455

0.824219 -0.0180455
0.828125 -0.0180805

0.828125 -0.0180805
0.832031 -0.0181155

0.832031 -0.0181155
0.835938 -0.0181503

0.835938 -0.0181503
0.839844 -0.018185

0.839844 -0.018185
0.84375 -0.0182196

0.84375 -0.0182196
0.847656 -0.0182541

0.847656 -0.0182541
0.851562 -0.0182885

0.851562 -0.0182885
0.855469 -0.0183228

0.855469 -0.0183228
0.859375 -0.018357

0.859375 -0.018357
0.863281 -0.0183911

0.863281 -0.0183911
0.867188 -0.018425

0.867188 -0.018425
0.871094 -0.0184589

0.871094 -0.0184589
0.875 -0.0184927

0.875 -0.0184927
0.878906 -0.0185263

0.878906 -0.0185263
0.882812 -0.0185599

0.882812 -0.0185599
0.886719 -0.0185934

0.886719 -0.0185934
0.890625 -0.0186267

0.890625 -0.0186267
0.894531 -0.0186599

0.894531 -0.0186599
0.898438 -0.018693

0.898438 -0.018693
0.902344 -0.0187261

0.902344 -0.0187261
0.90625 -0.018759

0.90625 -0.018759
0.910156 -0.0187918

0.910156 -0.0187918
0.914062 -0.0188245

0.914062 -0.0188245
0.917969 -0.018857

0.917969 -0.018857
0.921875 -0.0188895

0.921875 -0.0188895
0.925781 -0.0189219

0.925781 -0.0189219
0.929688 -0.0189541

0.929688 -0.0189541
0.933594 -0.0189863

0.933594 -0.0189863
0.9375 -0.0190183

0.9375 -0.0190183
0.941406 -0.0190503

0.941406 -0.0190503
0.945312 -0.0190821

0.945312 -0.0190821
0.949219 -0.0191138

0.949219 -0.0191138
0.953125 -0.0191455

0.953125 -0.0191455
0.957031 -0.019177

0.957031 -0.019177
0.960938 -0.0192084

0.960938 -0.0192084
0.964844 -0.0192397

0.964844 -0.0192397
0.96875 -0.0192709

0.96875 -0.0192709
0.972656 -0.019302

0.972656 -0.019302
0.976562 -0.019333

0.976562 -0.019333
0.980469 -0.0193639

0.980469 -0.0193639
0.984375 -0.0193947

0.984375 -0.0193947
0.988281 -0.0194254

0.988281 -0.0194254
0.992188 -0.019456

0.992188 -0.019456
0.996094 -0.0194865

0.996094 -0.0194865
1 -0.0195169

2 -0.0256823
2.00391 -0.0257054

2.00391 -0.0257054
2.00781 -0.0257285

2.00781 -0.0257285
2.01172 -0.0257518

2.01172 -0.0257518
2.01562 -0.0257752

2.01562 -0.0257752
2.01953 -0.0257988

2.01953 -0.0257988
2.02344 -0.0258225

2.02344 -0.0258225
2.02734 -0.0258463

2.02734 -0.0258463
2.03125 -0.0258703

2.03125 -0.0258703
2.03516 -0.0258944

2.03516 -0.0258944
2.03906 -0.0259187

2.03906 -0.0259187
2.04297 -0.0259431

2.04297 -0.0259431
2.04688 -0.0259677

2.04688 -0.0259677
2.05078 -0.0259925

2.05078 -0.0259925
2.05469 -0.0260174

2.05469 -0.0260174
2.05859 -0.0260425

2.05859 -0.0260425
2.0625 -0.0260677

2.0625 -0.0260677
2.06641 -0.0260931

2.06641 -0.0260931
2.07031 -0.0261187

2.07031 -0.0261187
2.07422 -0.0261445

2.07422 -0.0261445
2.07812 -0.0261704

2.07812 -0.0261704
2.08203 -0.0261965

2.08203 -0.0261965
2.08594 -0.0262227

2.08594 -0.0262227
2.08984 -0.0262491

2.08984 -0.0262491
2.09375 -0.0262757

2.09375 -0.0262757
2.09766 -0.0263024

2.09766 -0.0263024
2.10156 -0.0263293

2.10156 -0.0263293
2.10547 -0.0263564

2.10547 -0.0263564
2.10938 -0.0263836

2.10938 -0.0263836
2.11328 -0.026411

2.11328 -0.026411
2.11719 -0.0264385

2.11719 -0.0264385
2.12109 -0.0264662

2.12109 -0.0264662
2.125 -0.026494

2.125 -0.026494
2.12891 -0.026522

2.12891 -0.026522
2.13281 -0.0265501

2.13281 -0.0265501
2.13672 -0.0265784

2.13672 -0.0265784
2.14062 -0.0266069

2.14062 -0.0266069
2.14453 -0.0266355

2.14453 -0.0266355
2.14844 -0.0266642

2.14844 -0.0266642
2.15234 -0.0266931

2.15234 -0.0266931
2.15625 -0.0267222

2.15625 -0.0267222
2.16016 -0.0267514

2.16016 -0.0267514
2.16406 -0.0267808

2.16406 -0.0267808
2.16797 -0.0268104

2.16797 -0.0268104
2.17188 -0.0268401

2.17188 -0.0268401
2.17578 -0.0268699

2.17578 -0.0268699
2.17969 -0.0269

2.17969 -0.0269
2.18359 -0.0269302

2.18359 -0.0269302
2.1875 -0.0269606

2.1875 -0.0269606
2.19141 -0.0269911

2.19141 -0.0269911
2.19531 -0.0270219

2.19531 -0.0270219
2.19922 -0.0270528

2.19922 -0.0270528
2.20312 -0.0270838

2.20312 -0.0270838
2.20703 -0.0271151

2.20703 -0.0271151
2.21094 -0.0271465

2.21094 -0.0271465
2.21484 -0.0271782

2.21484 -0.0271782
2.21875 -0.02721

2.21875 -0.02721
2.22266 -0.027242

2.22266 -0.027242
2.22656 -0.0272742

2.22656 -0.0272742
2.23047 -0.0273066

2.23047 -0.0273066
2.23438 -0.0273391

2.23828 -0.0273719
2.23492 -0.0273438

2.23438 -0.0273391
2.23492 -0.0273438

2.23828 -0.0273719
2.24219 -0.0274049

2.24219 -0.0274049
2.24609 -0.0274381

2.24609 -0.0274381
2.25 -0.0274714

2.25 -0.0274714
2.25391 -0.027505

2.25391 -0.027505
2.25781 -0.0275388

2.25781 -0.0275388
2.26172 -0.0275728

2.26172 -0.0275728
2.26562 -0.027607

2.26562 -0.027607
2.26953 -0.0276414

2.26953 -0.0276414
2.27344 -0.027676

2.27344 -0.027676
2.27734 -0.0277108

2.27734 -0.0277108
2.28125 -0.0277458

2.28125 -0.0277458
2.28516 -0.027781

2.28516 -0.027781
2.28906 -0.0278165

2.28906 -0.0278165
2.29297 -0.0278521

2.29297 -0.0278521
2.29688 -0.0278879

2.29688 -0.0278879
2.30078 -0.027924

2.30078 -0.027924
2.30469 -0.0279603

2.30469 -0.0279603
2.30859 -0.0279968

2.30859 -0.0279968
2.3125 -0.0280335

2.3125 -0.0280335
2.31641 -0.0280704

2.31641 -0.0280704
2.32031 -0.0281075

2.32031 -0.0281075
2.32422 -0.0281448

2.32422 -0.0281448
2.32812 -0.0281824

2.32812 -0.0281824
2.33203 -0.0282202

2.33203 -0.0282202
2.33594 -0.0282581

2.33594 -0.0282581
2.33984 -0.0282963

2.33984 -0.0282963
2.34375 -0.0283348

2.34375 -0.0283348
2.34766 -0.0283734

2.34766 -0.0283734
2.35156 -0.0284123

2.35156 -0.0284123
2.35547 -0.0284514

2.35547 -0.0284514
2.35938 -0.0284907

2.35938 -0.0284907
2.36328 -0.0285303

2.36328 -0.0285303
2.36719 -0.0285701

2.36719 -0.0285701
2.37109 -0.0286102

2.37109 -0.0286102
2.375 -0.0286504

2.375 -0.0286504
2.37891 -0.028691

2.37891 -0.028691
2.38281 -0.0287317

2.38281 -0.0287317
2.38672 -0.0287727

2.38672 -0.0287727
2.39062 -0.028814

2.39062 -0.028814
2.39453 -0.0288555

2.39453 -0.0288555
2.39844 -0.0288973

2.39844 -0.0288973
2.40234 -0.0289394

2.40234 -0.0289394
2.40625 -0.0289817

2.40625 -0.0289817
2.41016 -0.0290243

2.41016 -0.0290243
2.41406 -0.0290672

2.41406 -0.0290672
2.41797 -0.0291103

2.41797 -0.0291103
2.42188 -0.0291538

2.42188 -0.0291538
2.42578 -0.0291975

2.42578 -0.0291975
2.42969 -0.0292416

2.42969 -0.0292416
2.43359 -0.029286

2.43359 -0.029286
2.4375 -0.0293306

2.4375 -0.0293306
2.44141 -0.0293756

2.44141 -0.0293756
2.44531 -0.0294209

2.44531 -0.0294209
2.44922 -0.0294666

2.44922 -0.0294666
2.45312 -0.0295126

2.45312 -0.0295126
2.45703 -0.0295589

2.45703 -0.0295589
2.46094 -0.0296056

2.46094 -0.0296056
2.46484 -0.0296526

2.46484 -0.0296526
2.46875 -0.0297

2.46875 -0.0297
2.47266 -0.0297478

2.47266 -0.0297478
2.47656 -0.0297959

2.47656 -0.0297959
2.48047 -0.0298445

2.48047 -0.0298445
2.48438 -0.0298934

2.48438 -0.0298934
2.48828 -0.0299427

2.48828 -0.0299427
2.49219 -0.0299925

2.49219 -0.0299925
2.49609 -0.0300426

2.49609 -0.0300426
2.5 -0.0300932

-2 0.0328878
-1.99609 0.0328004

-1.99609 0.0328004
-1.99219 0.0327128

-1.99219 0.0327128
-1.98828 0.0326252

-1.98828 0.0326252
-1.98438 0.0325374

-1.98438 0.0325374
-1.98047 0.0324494

-1.98047 0.0324494
-1.97656 0.0323614

-1.97656 0.0323614
-1.97266 0.0322731

-1.97266 0.0322731
-1.96875 0.0321848

-1.96875 0.0321848
-1.96484 0.0320963

-1.96484 0.0320963
-1.96094 0.0320076

-1.96094 0.0320076
-1.95703 0.0319188

-1.95703 0.0319188
-1.95312 0.0318299

-1.95312 0.0318299
-1.94922 0.0317409

-1.94922 0.0317409
-1.94531 0.0316518

-1.94531 0.0316518
-1.94141 0.0315626

-1.94141 0.0315626
-1.9375 0.0314732

-1.92578 0.0312047
-1.92776 0.03125

-1.92578 0.0312047
-1.92188 0.031115

-1.92188 0.031115
-1.91797 0.0310252

-1.91797 0.0310252
-1.91406 0.0309354

-1.91406 0.0309354
-1.91016 0.0308454

-1.91016 0.0308454
-1.90625 0.0307554

-1.9375 0.0314732
-1.93359 0.0313838

-1.93359 0.0313838
-1.92969 0.0312943

-1.92969 0.0312943
-1.92776 0.03125

-1.90625 0.0307554
-1.90234 0.0306653

-1.90234 0.0306653
-1.89844 0.0305751

-1.89844 0.0305751
-1.89453 0.0304848

-1.89453 0.0304848
-1.89062 0.0303943

-1.89062 0.0303943
-1.88672 0.0303038

-1.88672 0.0303038
-1.88281 0.0302132

-1.88281 0.0302132
-1.87891 0.0301226

-1.87891 0.0301226
-1.875 0.0300318

-1.875 0.0300318
-1.87109 0.0299409

-1.87109 0.0299409
-1.86719 0.02985

-1.86719 0.02985
-1.86328 0.029759

-1.86328 0.029759
-1.85938 0.029668

-1.85938 0.029668
-1.85547 0.0295769

-1.85547 0.0295769
-1.85156 0.0294857

-1.85156 0.0294857
-1.84766 0.0293945

-1.84766 0.0293945
-1.84375 0.0293032

-1.84375 0.0293032
-1.83984 0.0292119

-1.83984 0.0292119
-1.83594 0.0291205

-1.83594 0.0291205
-1.83203 0.029029

-1.83203 0.029029
-1.82812 0.0289375

-1.82812 0.0289375
-1.82422 0.0288459

-1.82422 0.0288459
-1.82031 0.0287542

-1.82031 0.0287542
-1.81641 0.0286625

-1.81641 0.0286625
-1.8125 0.0285707

-1.8125 0.0285707
-1.80859 0.0284789

-1.80859 0.0284789
-1.80469 0.028387

-1.80469 0.028387
-1.80078 0.0282951

-1.80078 0.0282951
-1.79688 0.0282031

-1.79688 0.0282031
-1.79297 0.0281111

-1.79297 0.0281111
-1.78906 0.028019

-1.78906 0.028019
-1.78516 0.027927

-1.78516 0.027927
-1.78125 0.0278348

-1.78125 0.0278348
-1.77734 0.0277427

-1.77734 0.0277427
-1.77344 0.0276504

-1.77344 0.0276504
-1.76953 0.0275582

-1.76953 0.0275582
-1.76562 0.0274659

-1.76562 0.0274659
-1.76172 0.0273735

-1.75781 0.0272811
-1.76046 0.0273438

-1.76172 0.0273735
-1.76046 0.0273438

-1.75781 0.0272811
-1.75391 0.0271887

-1.75391 0.0271887
-1.75 0.0270962

-1.75 0.0270962
-1.74609 0.0270037

-1.74609 0.0270037
-1.74219 0.0269111

-1.74219 0.0269111
-1.73828 0.0268185

-1.73828 0.0268185
-1.73438 0.0267259

-1.73438 0.0267259
-1.73047 0.0266332

-1.73047 0.0266332
-1.72656 0.0265406

-1.72656 0.0265406
-1.72266 0.0264478

-1.72266 0.0264478
-1.71875 0.0263551

-1.71875 0.0263551
-1.71484 0.0262623

-1.71484 0.0262623
-1.71094 0.0261694

-1.71094 0.0261694
-1.70703 0.0260766

-1.70703 0.0260766
-1.70312 0.0259836

-1.70312 0.0259836
-1.69922 0.0258907

-1.69922 0.0258907
-1.69531 0.0257977

-1.69531 0.0257977
-1.69141 0.0257046

-1.69141 0.0257046
-1.6875 0.0256116

-1.6875 0.0256116
-1.68359 0.0255184

-1.68359 0.0255184
-1.67969 0.0254252

-1.67969 0.0254252
-1.67578 0.025332

-1.67578 0.025332
-1.67188 0.0252387

-1.67188 0.0252387
-1.66797 0.0251454

-1.66797 0.0251454
-1.66406 0.025052

-1.66406 0.025052
-1.66016 0.0249585

-1.66016 0.0249585
-1.65625 0.024865

-1.65625 0.024865
-1.65234 0.0247714

-1.65234 0.0247714
-1.64844 0.0246777

1.00391 -0.0195472
1.00184 -0.0195312

1 -0.0195169
1.00185 -0.0195312

1.00391 -0.0195472
1.00781 -0.0195774

-1.64844 0.0246777
-1.64453 0.024584

-1.64453 0.024584
-1.64062 0.0244902

1.00781 -0.0195774
1.01172 -0.0196075

1.01172 -0.0196075
1.01562 -0.0196375

-1.64062 0.0244902
-1.63672 0.0243964

-1.63672 0.0243964
-1.63281 0.0243025

-1.63281 0.0243025
-1.62891 0.0242085

1.01562 -0.0196375
1.01953 -0.0196674

1.01953 -0.0196674
1.02344 -0.0196973

-1.62891 0.0242085
-1.625 0.0241145

1.02344 -0.0196973
1.02734 -0.019727

1.02734 -0.019727
1.03125 -0.0197566

1.03125 -0.0197566
1.03516 -0.0197861

1.03516 -0.0197861
1.03906 -0.0198155

1.03906 -0.0198155
1.04297 -0.0198448

1.04297 -0.0198448
1.04688 -0.019874

1.04688 -0.019874
1.05078 -0.0199031

1.05078 -0.0199031
1.05469 -0.0199322

1.05469 -0.0199322
1.05859 -0.0199611

1.05859 -0.0199611
1.0625 -0.0199899

1.0625 -0.0199899
1.06641 -0.0200187

1.06641 -0.0200187
1.07031 -0.0200473

1.07031 -0.0200473
1.07422 -0.0200758

1.07422 -0.0200758
1.07812 -0.0201043

1.07812 -0.0201043
1.08203 -0.0201327

1.08203 -0.0201327
1.08594 -0.0201609

1.08594 -0.0201609
1.08984 -0.0201891

1.08984 -0.0201891
1.09375 -0.0202172

1.09375 -0.0202172
1.09766 -0.0202451

1.09766 -0.0202451
1.10156 -0.020273

1.10156 -0.020273
1.10547 -0.0203008

1.10547 -0.0203008
1.10938 -0.0203285

1.10938 -0.0203285
1.11328 -0.0203562

1.11328 -0.0203562
1.11719 -0.0203837

2.5 -0.0300932
2.50391 -0.0301442

-1.625 0.0241145
-1.62109 0.0240204

1.11719 -0.0203837
1.12109 -0.0204111

1.12109 -0.0204111
1.125 -0.0204385

2.50391 -0.0301442
2.50781 -0.0301957

2.50781 -0.0301957
2.51172 -0.0302476

2.51172 -0.0302476
2.51562 -0.0302999

-1.62109 0.0240204
-1.61719 0.0239263

2.51562 -0.0302999
2.51953 -0.0303528

2.51953 -0.0303528
2.52344 -0.0304061

2.52344 -0.0304061
2.52734 -0.0304599

2.52734 -0.0304599
2.53125 -0.0305142

-1.61719 0.0239263
-1.61328 0.023832

-1.61328 0.023832
-1.60938 0.0237378

-1.60938 0.0237378
-1.60547 0.0236434

-1.60547 0.0236434
-1.60156 0.0235491

-1.59375 0.0233601
-1.59695 0.0234375

2.53125 -0.0305142
2.53516 -0.030569

2.53516 -0.030569
2.53906 -0.0306243

-1.60156 0.0235491
-1.59766 0.0234546

-1.59766 0.0234546
-1.59695 0.0234375

2.53906 -0.0306243
2.54297 -0.0306801

2.54297 -0.0306801
2.54688 -0.0307365

-1.59375 0.0233601
-1.58984 0.0232656

2.54688 -0.0307365
2.55078 -0.0307934

2.55078 -0.0307934
2.55469 -0.0308509

-1.58984 0.0232656
-1.58594 0.023171

-1.58594 0.023171
-1.58203 0.0230764

2.55469 -0.0308509
2.55859 -0.030909

2.55859 -0.030909
2.5625 -0.0309676

-1.58203 0.0230763
-1.57812 0.0229817

-1.57812 0.0229817
-1.57422 0.022887

-1.57422 0.022887
-1.57031 0.0227923

-1.57031 0.0227923
-1.56641 0.0226975

-1.56641 0.0226975
-1.5625 0.0226027

1.125 -0.0204385
1.12891 -0.0204657

1.12891 -0.0204657
1.13281 -0.0204929

1.13281 -0.0204929
1.13672 -0.0205199

1.13672 -0.0205199
1.14062 -0.0205469

1.14062 -0.0205469
1.14453 -0.0205738

1.14453 -0.0205738
1.14844 -0.0206006

2.58203 -0.0312699
2.58077 -0.03125

-1.5625 0.0226027
-1.55859 0.022508

-1.55859 0.022508
-1.55469 0.0224132

1.14844 -0.0206006
1.15234 -0.0206273

1.15234 -0.0206273
1.15625 -0.0206539

2.58203 -0.0312699
2.58594 -0.0313323

2.58594 -0.0313323
2.58984 -0.0313953

2.58984 -0.0313953
2.59375 -0.031459

1.15625 -0.0206539
1.16016 -0.0206805

2.5625 -0.0309676
2.56641 -0.0310269

2.56641 -0.0310269
2.57031 -0.0310867

1.16016 -0.0206805
1.16406 -0.0207069

1.16406 -0.0207069
1.16797 -0.0207333

-1.55469 0.0224132
-1.55078 0.0223184

-1.55078 0.0223184
-1.54688 0.0222236

2.57031 -0.0310867
2.57422 -0.0311471

2.57422 -0.0311471
2.57812 -0.0312082

1.16797 -0.0207333
1.17188 -0.0207596

1.17188 -0.0207596
1.17578 -0.0207858

1.17578 -0.0207858
1.17969 -0.020812

1.17969 -0.020812
1.18359 -0.020838

1.18359 -0.020838
1.1875 -0.020864

-1.54688 0.0222236
-1.54297 0.0221288

-1.54297 0.0221288
-1.53906 0.0220341

2.57812 -0.0312082
2.58077 -0.03125

-1.53906 0.0220341
-1.53516 0.0219393

-1.53516 0.0219393
-1.53125 0.0218446

2.59375 -0.031459
2.59766 -0.0315234

-1.53125 0.0218446
-1.52734 0.0217499

-1.52734 0.0217499
-1.52344 0.0216552

2.59766 -0.0315234
2.60156 -0.0315884

1.1875 -0.020864
1.19141 -0.0208899

1.19141 -0.0208899
1.19531 -0.0209157

-1.52344 0.0216552
-1.51953 0.0215605

-1.51953 0.0215605
-1.51562 0.0214658

2.60156 -0.0315884
2.60547 -0.0316542

2.60547 -0.0316542
2.60938 -0.0317207

-1.51562 0.0214658
-1.51172 0.0213712

-1.51172 0.0213712
-1.50781 0.0212766

-1.50781 0.0212766
-1.50391 0.0211821

-1.50391 0.0211821
-1.5 0.0210876

2.60938 -0.0317207
2.61328 -0.0317879

2.61328 -0.0317879
2.61719 -0.0318558

2.61719 -0.0318558
2.62109 -0.0319245

2.62109 -0.0319245
2.625 -0.031994

1.19531 -0.0209157
1.19922 -0.0209415

1.19922 -0.0209415
1.20312 -0.0209672

1.20312 -0.0209672
1.20703 -0.0209928

1.20703 -0.0209928
1.21094 -0.0210183

1.21094 -0.0210183
1.21484 -0.0210438

1.21484 -0.0210438
1.21875 -0.0210692

1.21875 -0.0210692
1.22266 -0.0210946

1.22266 -0.0210946
1.22656 -0.0211199

1.22656 -0.0211199
1.23047 -0.0211451

1.23047 -0.0211451
1.23438 -0.0211703

1.23438 -0.0211703
1.23828 -0.0211954

1.23828 -0.0211954
1.24219 -0.0212205

1.24219 -0.0212205
1.24609 -0.0212455

1.24609 -0.0212455
1.25 -0.0212705

2.625 -0.031994
2.62891 -0.0320642

2.62891 -0.0320642
2.63281 -0.0321353

2.63281 -0.0321353
2.63672 -0.0322071

2.63672 -0.0322071
2.64062 -0.0322798

2.64062 -0.0322798
2.64453 -0.0323532

2.64453 -0.0323532
2.64844 -0.0324276

2.64844 -0.0324276
2.65234 -0.0325028

2.65234 -0.0325028
2.65625 -0.0325788

2.65625 -0.0325788
2.66016 -0.0326558

2.66016 -0.0326558
2.66406 -0.0327337

2.66406 -0.0327337
2.66797 -0.0328124

2.66797 -0.0328124
2.67188 -0.0328922

2.67188 -0.0328921
2.67578 -0.0329728

2.67578 -0.0329728
2.67969 -0.0330544

2.67969 -0.0330544
2.68359 -0.033137

2.68359 -0.033137
2.6875 -0.0332206

2.6875 -0.0332206
2.69141 -0.0333052

2.69141 -0.0333052
2.69531 -0.0333908

2.69531 -0.0333908
2.69922 -0.0334775

2.69922 -0.0334775
2.70312 -0.0335652

2.70312 -0.0335652
2.70703 -0.033654

2.70703 -0.033654
2.71094 -0.0337438

2.71094 -0.0337438
2.71484 -0.0338348

2.71484 -0.0338348
2.71875 -0.0339268

2.71875 -0.0339268
2.72266 -0.03402

2.72266 -0.03402
2.72656 -0.0341143

2.72656 -0.0341143
2.73047 -0.0342098

2.73047 -0.0342098
2.73438 -0.0343064

2.73438 -0.0343064
2.73828 -0.0344042

2.73828 -0.0344042
2.74219 -0.0345032

2.74219 -0.0345032
2.74609 -0.0346034

2.74609 -0.0346034
2.75 -0.0347049

2.75 -0.0347049
2.75391 -0.0348076

2.75391 -0.0348076
2.75781 -0.0349116

2.75781 -0.0349116
2.76172 -0.0350168

2.76172 -0.0350168
2.76562 -0.0351234

2.76953 -0.0352312
2.76682 -0.0351562

2.76562 -0.0351234
2.76681 -0.0351562

2.76953 -0.0352312
2.77344 -0.0353404

2.77344 -0.0353404
2.77734 -0.0354509

2.77734 -0.0354509
2.78125 -0.0355628

2.78125 -0.0355628
2.78516 -0.0356761

2.78516 -0.0356761
2.78906 -0.0357908

2.78906 -0.0357908
2.79297 -0.0359068

2.79297 -0.0359068
2.79688 -0.0360243

2.79688 -0.0360243
2.80078 -0.0361432

2.80078 -0.0361432
2.80469 -0.0362636

2.80469 -0.0362636
2.80859 -0.0363855

2.80859 -0.0363855
2.8125 -0.0365088

1.25 -0.0212705
1.25391 -0.0212955

1.25391 -0.0212955
1.25781 -0.0213204

1.25781 -0.0213204
1.26172 -0.0213452

1.26172 -0.0213452
1.26562 -0.02137

1.26562 -0.02137
1.26953 -0.0213948

1.26953 -0.0213948
1.27344 -0.0214196

1.27344 -0.0214196
1.27734 -0.0214443

1.27734 -0.0214443
1.28125 -0.021469

1.28125 -0.021469
1.28516 -0.0214937

1.28516 -0.0214937
1.28906 -0.0215183

2.8125 -0.0365088
2.81641 -0.0366337

2.81641 -0.0366337
2.82031 -0.0367601

2.82031 -0.03676
2.82422 -0.036888

2.82422 -0.036888
2.82812 -0.0370175

1.28906 -0.0215183
1.29297 -0.0215429

2.82812 -0.0370175
2.83203 -0.0371485

2.83203 -0.0371485
2.83594 -0.0372812

2.83594 -0.0372812
2.83984 -0.0374155

1.29297 -0.0215429
1.29688 -0.0215675

1.29688 -0.0215675
1.30078 -0.0215921

1.30078 -0.0215921
1.30469 -0.0216167

1.30469 -0.0216167
1.30859 -0.0216412

1.30859 -0.0216412
1.3125 -0.0216657

2.83984 -0.0374155
2.84375 -0.0375514

2.84375 -0.0375514
2.84766 -0.037689

2.84766 -0.0376889
2.85156 -0.0378282

2.85156 -0.0378282
2.85547 -0.0379691

2.85547 -0.0379691
2.85938 -0.0381118

2.85938 -0.0381118
2.86328 -0.0382562

2.86328 -0.0382562
2.86719 -0.0384024

2.86719 -0.0384024
2.87109 -0.0385503

1.3125 -0.0216657
1.31641 -0.0216903

1.31641 -0.0216903
1.32031 -0.0217148

1.32031 -0.0217148
1.32422 -0.0217392

1.32422 -0.0217392
1.32812 -0.0217637

2.87109 -0.0385503
2.875 -0.0387001

1.32812 -0.0217637
1.33203 -0.0217882

1.33203 -0.0217882
1.33594 -0.0218126

1.33594 -0.0218126
1.33984 -0.0218371

1.33984 -0.0218371
1.34375 -0.0218615

1.34375 -0.0218615
1.34766 -0.021886

1.34766 -0.021886
1.35156 -0.0219104

1.35156 -0.0219104
1.35547 -0.0219348

1.35547 -0.0219348
1.35938 -0.0219592

1.35938 -0.0219592
1.36328 -0.0219836

1.36328 -0.0219836
1.36719 -0.022008

1.36719 -0.022008
1.37109 -0.0220324

1.37109 -0.0220324
1.375 -0.0220568

2.875 -0.0387001
2.87891 -0.0388517

2.87891 -0.0388517
2.88281 -0.0390051

2.88672 -0.0391603
2.88426 -0.0390625

2.88672 -0.0391604
2.89062 -0.0393176

2.88281 -0.0390052
2.88425 -0.0390625

2.89062 -0.0393176
2.89453 -0.0394767

2.89453 -0.0394767
2.89844 -0.0396378

2.89844 -0.0396378
2.90234 -0.0398008

2.90234 -0.0398008
2.90625 -0.0399658

2.90625 -0.0399658
2.91016 -0.0401328

2.91016 -0.0401328
2.91406 -0.0403018

2.91406 -0.0403018
2.91797 -0.0404729

2.91797 -0.0404729
2.92188 -0.040646

2.92188 -0.040646
2.92578 -0.0408212

2.92578 -0.0408212
2.92969 -0.0409985

2.92969 -0.0409985
2.93359 -0.041178

2.93359 -0.041178
2.9375 -0.0413597

1.375 -0.0220568
1.37891 -0.0220812

1.37891 -0.0220812
1.38281 -0.0221056

1.38281 -0.0221056
1.38672 -0.02213

1.38672 -0.02213
1.39062 -0.0221543

2.9375 -0.0413597
2.94141 -0.0415435

1.39062 -0.0221543
1.39453 -0.0221787

1.39453 -0.0221787
1.39844 -0.022203

1.39844 -0.022203
1.40234 -0.0222274

2.94141 -0.0415435
2.94531 -0.0417296

2.94531 -0.0417296
2.94922 -0.0419179

2.94922 -0.0419179
2.95312 -0.0421084

2.95312 -0.0421084
2.95703 -0.0423013

1.40234 -0.0222274
1.40625 -0.0222517

2.95703 -0.0423013
2.96094 -0.0424965

1.40625 -0.0222517
1.41016 -0.022276

2.96094 -0.0424965
2.96484 -0.042694

2.96484 -0.042694
2.96875 -0.0428939

1.41016 -0.022276
1.41406 -0.0223003

1.41406 -0.0223003
1.41797 -0.0223247

1.41797 -0.0223247
1.42188 -0.022349

2.97266 -0.0430958
2.9702 -0.0429688

2.96875 -0.0428947
2.97018 -0.0429688

2.97266 -0.0430963
2.97656 -0.043301

2.97656 -0.043301
2.98047 -0.0435081

2.98047 -0.0435082
2.98438 -0.0437178

2.98438 -0.0437177
2.98828 -0.0439298

1.42188 -0.022349
1.42578 -0.0223733

1.42578 -0.0223733
1.42969 -0.0223976

1.42969 -0.0223976
1.43359 -0.0224218

1.43359 -0.0224218
1.4375 -0.0224461

2.98828 -0.04393
2.99219 -0.0441445

2.99219 -0.0441442
2.99609 -0.0443613

2.99609 -0.0443634
3 -0.0445794

1.4375 -0.0224461
1.44141 -0.0224703

1.44141 -0.0224703
1.44531 -0.0224946

1.44531 -0.0224946
1.44922 -0.0225188

1.44922 -0.0225188
1.45312 -0.022543

1.45312 -0.022543
1.45703 -0.0225671

1.45703 -0.0225671
1.46094 -0.0225913

1.46094 -0.0225913
1.46484 -0.0226154

1.46484 -0.0226154
1.46875 -0.0226396

1.46875 -0.0226396
1.47266 -0.0226637

1.47266 -0.0226637
1.47656 -0.0226878

1.47656 -0.0226878
1.48047 -0.0227119

1.48047 -0.0227119
1.48438 -0.022736

1.48438 -0.022736
1.48828 -0.02276

1.48828 -0.02276
1.49219 -0.0227841

1.49219 -0.0227841
1.49609 -0.0228081

1.49609 -0.0228081
1.5 -0.0228321

-1.5 0.0210876
-1.49609 0.0209931

-1.49609 0.0209931
-1.49219 0.0208986

-1.49219 0.0208986
-1.48828 0.0208042

-1.48828 0.0208042
-1.48438 0.0207098

-1.48438 0.0207098
-1.48047 0.0206155

-1.48047 0.0206155
-1.47656 0.0205212

-1.47656 0.0205212
-1.47266 0.0204269

-1.47266 0.0204269
-1.46875 0.0203327

-1.46875 0.0203327
-1.46484 0.0202386

-1.46484 0.0202386
-1.46094 0.0201444

-1.46094 0.0201444
-1.45703 0.0200503

-1.45703 0.0200503
-1.45312 0.0199563

-1.45312 0.0199563
-1.44922 0.0198623

-1.44922 0.0198623
-1.44531 0.0197683

-1.44531 0.0197683
-1.44141 0.0196744

-1.44141 0.0196744
-1.4375 0.0195805

-1.43359 0.0194867
-1.43545 0.0195312

-1.4375 0.0195805
-1.43545 0.0195312

-1.43359 0.0194867
-1.42969 0.0193929

-1.42969 0.0193929
-1.42578 0.0192991

-1.42578 0.0192991
-1.42188 0.0192054

-1.42188 0.0192054
-1.41797 0.0191118

-1.41797 0.0191118
-1.41406 0.0190182

-1.41406 0.0190182
-1.41016 0.0189246

-1.41016 0.0189246
-1.40625 0.0188312

-1.40625 0.0188312
-1.40234 0.0187377

-1.40234 0.0187377
-1.39844 0.0186444

-1.39844 0.0186444
-1.39453 0.0185511

-1.39453 0.0185511
-1.39062 0.0184579

-1.39062 0.0184579
-1.38672 0.0183648

-1.38672 0.0183648
-1.38281 0.0182717

-1.38281 0.0182717
-1.37891 0.0181788

-1.37891 0.0181788
-1.375 0.0180859

3 -0.0445987
3.00781 -0.0449433

3.00781 -0.0449571
3.01562 -0.0451456

3.01562 -0.0452261
3.03125 -0.044914

3.03125 -0.0451942
3.0625 -0.041565

3.0625 -0.0413394
3.125 -0.0269112

3.125 -0.019911
3.25 -0.00158222

3.25 -0.00514793
3.37129 0

3.5 -0.00506744
3.97359 0

-1.375 0.0180859
-1.37109 0.0179931

-1.37109 0.0179931
-1.36719 0.0179004

-1.36719 0.0179004
-1.36328 0.0178078

-1.36328 0.0178078
-1.35938 0.0177153

-1.35938 0.0177153
-1.35547 0.0176228

-1.35547 0.0176228
-1.35156 0.0175305

-1.35156 0.0175305
-1.34766 0.0174383

-1.34766 0.0174383
-1.34375 0.0173462

-1.34375 0.0173462
-1.33984 0.0172542

-1.33984 0.0172542
-1.33594 0.0171623

-1.33594 0.0171623
-1.33203 0.0170705

-1.33203 0.0170705
-1.32812 0.0169788

-1.32812 0.0169788
-1.32422 0.0168872

-1.32422 0.0168872
-1.32031 0.0167957

-1.32031 0.0167957
-1.31641 0.0167044

-1.31641 0.0167044
-1.3125 0.0166131

-1.3125 0.0166131
-1.30859 0.016522

-1.30859 0.016522
-1.30469 0.016431

-1.30469 0.016431
-1.30078 0.0163401

-1.30078 0.0163401
-1.29688 0.0162493

-1.29688 0.0162493
-1.29297 0.0161586

-1.29297 0.0161586
-1.28906 0.016068

-1.28906 0.016068
-1.28516 0.0159775

-1.28516 0.0159775
-1.28125 0.0158871

-1.26953 0.0156166
-1.2699 0.015625

-1.26953 0.0156166
-1.26562 0.0155266

-1.28125 0.0158871
-1.27734 0.0157968

-1.27734 0.0157968
-1.27344 0.0157067

-1.27344 0.0157067
-1.2699 0.015625

-1.26562 0.0155266
-1.26172 0.0154367

-1.26172 0.0154367
-1.25781 0.0153469

-1.25781 0.0153469
-1.25391 0.0152571

-1.25391 0.0152571
-1.25 0.0151675

-1.25 0.0151675
-1.24609 0.015078

-1.24609 0.015078
-1.24219 0.0149885

-1.24219 0.0149885
-1.23828 0.0148991

-1.23828 0.0148991
-1.23438 0.0148099

-1.23438 0.0148099
-1.23047 0.0147207

-1.23047 0.0147207
-1.22656 0.0146316

-1.22656 0.0146316
-1.22266 0.0145425

-1.22266 0.0145425
-1.21875 0.0144536

-1.21875 0.0144536
-1.21484 0.0143647

-1.21484 0.0143647
-1.21094 0.0142759

-1.21094 0.0142759
-1.20703 0.0141872

-1.20703 0.0141872
-1.20312 0.0140986

-1.20312 0.0140986
-1.19922 0.01401

-1.19922 0.01401
-1.19531 0.0139215

-1.19531 0.0139215
-1.19141 0.0138331

-1.19141 0.0138331
-1.1875 0.0137448

-1.1875 0.0137448
-1.18359 0.0136565

-1.18359 0.0136565
-1.17969 0.0135683

-1.17969 0.0135683
-1.17578 0.0134802

-1.17578 0.0134802
-1.17188 0.0133921

-1.17188 0.0133921
-1.16797 0.0133041

-1.16797 0.0133041
-1.16406 0.0132162

-1.16406 0.0132162
-1.16016 0.0131284

-1.16016 0.0131284
-1.15625 0.0130406

-1.15625 0.0130406
-1.15234 0.0129529

-1.15234 0.0129529
-1.14844 0.0128653

-1.14844 0.0128653
-1.14453 0.0127777

-1.14453 0.0127777
-1.14062 0.0126902

-1.14062 0.0126902
-1.13672 0.0126028

-1.13672 0.0126028
-1.13281 0.0125155

-1.13281 0.0125155
-1.12891 0.0124282

-1.12891 0.0124282
-1.125 0.012341

-1.125 0.012341
-1.12109 0.0122539

-1.12109 0.0122539
-1.11719 0.0121669

-1.11719 0.0121669
-1.11328 0.0120799

-1.11328 0.0120799
-1.10938 0.011993

-1.10938 0.011993
-1.10547 0.0119062

-1.10547 0.0119062
-1.10156 0.0118195

-1.10156 0.0118195
-1.09766 0.0117328

-1.09375 0.0116462
-1.09702 0.0117188

-1.09766 0.0117328
-1.09702 0.0117188

-1.09375 0.0116462
-1.08984 0.0115597

-1.08984 0.0115597
-1.08594 0.0114733

-1.08594 0.0114733
-1.08203 0.011387

-1.08203 0.011387
-1.07812 0.0113007

-1.07812 0.0113007
-1.07422 0.0112145

-1.07422 0.0112145
-1.07031 0.0111285

-1.07031 0.0111285
-1.06641 0.0110425

-1.06641 0.0110425
-1.0625 0.0109566

-1.0625 0.0109566
-1.05859 0.0108708

-1.05859 0.0108708
-1.05469 0.0107851

-1.05469 0.0107851
-1.05078 0.0106995

-1.05078 0.0106995
-1.04688 0.0106139

-1.04688 0.0106139
-1.04297 0.0105285

-1.04297 0.0105285
-1.03906 0.0104432

-1.03906 0.0104432
-1.03516 0.0103579

-1.03516 0.0103579
-1.03125 0.0102728

-1.03125 0.0102728
-1.02734 0.0101877

-1.02734 0.0101877
-1.02344 0.0101028

-1.02344 0.0101028
-1.01953 0.0100179

-1.01953 0.0100179
-1.01562 0.00993315

-1.01562 0.00993315
-1.01172 0.00984847

-1.01172 0.00984847
-1.00781 0.00976389

-1.00781 0.00976389
-1.00391 0.00967939

-1.00391 0.00967939
-1 0.00959498

