-0.203125 0.297232
-0.1875 0.297415

-0.1875 0.297415
-0.171875 0.297601

-0.171875 0.297601
-0.15625 0.297791

2 0.300308
2.01562 0.300343

2.01562 0.300343
2.03125 0.30038

2.03125 0.300382
2.04688 0.300417

2.04688 0.300418
2.0625 0.300446

2.0625 0.300444
2.07812 0.300467

-0.15625 0.297791
-0.140625 0.297983

-0.140625 0.297984
-0.125 0.298179

-2 0.298907
-1.98438 0.298689

-1.98438 0.298689
-1.96875 0.298461

-4 0.300994
-3.98438 0.300976

-1.96875 0.298461
-1.95312 0.298225

-1.95312 0.298225
-1.9375 0.297978

-3.98438 0.300976
-3.96875 0.300961

-3.96875 0.300961
-3.95312 0.30095

-3.95312 0.30095
-3.9375 0.300942

2.07812 0.300464
2.09375 0.300489

-3.9375 0.300942
-3.92188 0.300938

-3.92188 0.300938
-3.90625 0.300938

-1.9375 0.297979
-1.92188 0.297721

-1.92188 0.297721
-1.90625 0.297453

-1.90625 0.297453
-1.89062 0.297175

-1.89062 0.297175
-1.875 0.296887

2.09375 0.300487
2.10938 0.300522

2.10938 0.300522
2.125 0.300571

-3.90625 0.300938
-3.89062 0.300941

-3.89062 0.300941
-3.875 0.300947

-1.85938 0.296591
-1.87454 0.296875

-3.875 0.300947
-3.85938 0.300957

-3.85938 0.300957
-3.84375 0.30097

-3.84375 0.30097
-3.82812 0.300985

-3.82812 0.300985
-3.8125 0.301004

2.125 0.300574
2.14062 0.300632

2.14062 0.300634
2.15625 0.30069

2.15625 0.300693
2.17188 0.300739

-1.875 0.296887
-1.87438 0.296875

-1.85938 0.296591
-1.84375 0.2963

-3.8125 0.301004
-3.79688 0.301025

-3.79688 0.301025
-3.78125 0.301049

-3.78125 0.301049
-3.76562 0.301075

-3.76562 0.301075
-3.75 0.301103

-1.84375 0.2963
-1.82812 0.29601

-1.82812 0.29601
-1.8125 0.295722

-1.8125 0.295722
-1.79688 0.295438

-1.79688 0.295438
-1.78125 0.295157

-1.78125 0.295157
-1.76562 0.294879

-3.75 0.301103
-3.73438 0.301133

-1.76562 0.294879
-1.75 0.294605

-0.125 0.298179
-0.109375 0.298375

-0.109375 0.298376
-0.09375 0.298574

-0.09375 0.298574
-0.078125 0.298773

-0.078125 0.298773
-0.0625 0.298972

-1.75 0.294605
-1.73438 0.294335

-0.0625 0.298972
-0.046875 0.299172

-1.73438 0.294335
-1.71875 0.294068

-1.71875 0.294068
-1.70312 0.293804

-1.70312 0.293804
-1.6875 0.293545

-1.6875 0.293545
-1.67188 0.29329

-1.67188 0.29329
-1.65625 0.293038

-1.65625 0.293038
-1.64062 0.292791

-1.64062 0.292791
-1.625 0.292549

-0.046875 0.299172
-0.03125 0.299371

-0.03125 0.299371
-0.015625 0.299569

-3.73438 0.301134
-3.71875 0.301165

-3.71875 0.301165
-3.70312 0.301199

-3.70312 0.301199
-3.6875 0.301233

-3.6875 0.301233
-3.67188 0.301268

-3.67188 0.301268
-3.65625 0.301305

-3.65625 0.301305
-3.64062 0.301341

-3.64062 0.301341
-3.625 0.301378

-3.625 0.301378
-3.60938 0.301415

-3.60938 0.301415
-3.59375 0.301453

-3.59375 0.301453
-3.57812 0.30149

-3.57812 0.30149
-3.5625 0.301526

-3.5625 0.301526
-3.54688 0.301562

-3.54688 0.301562
-3.53125 0.301598

-3.53125 0.301598
-3.51562 0.301634

-3.51562 0.301634
-3.5 0.301668

2.17188 0.300737
2.1875 0.300772

2.1875 0.300769
2.20312 0.300801

2.20312 0.300798
2.21875 0.300839

2.21875 0.300837
2.23438 0.300894

2.23438 0.300892
2.25 0.300971

-1.625 0.292549
-1.60938 0.292311

-1.60938 0.292311
-1.59375 0.292078

-1.59375 0.292078
-1.57812 0.291849

-1.57812 0.291849
-1.5625 0.291626

-1.5625 0.291626
-1.54688 0.291408

-1.54688 0.291408
-1.53125 0.291196

-1.53125 0.291196
-1.51562 0.290989

-1.51562 0.290989
-1.5 0.290788

-3.5 0.301668
-3.48438 0.301703

-3.48438 0.301703
-3.46875 0.301737

-3.46875 0.301737
-3.45312 0.30177

-3.45312 0.30177
-3.4375 0.301803

2.25 0.300973
2.26562 0.301074

2.26562 0.301077
2.28125 0.30119

2.28125 0.301192
2.29688 0.301306

-3.4375 0.301803
-3.42188 0.301836

-3.42188 0.301836
-3.40625 0.301868

-3.40625 0.301868
-3.39062 0.3019

-3.39062 0.3019
-3.375 0.301931

2.29688 0.301307
2.3125 0.301417

-3.375 0.301931
-3.35938 0.301961

-3.35938 0.301961
-3.34375 0.301991

-3.34375 0.301991
-3.32812 0.302019

-0.015625 0.299569
0 0.299766

-3.32812 0.302019
-3.3125 0.302047

-3.3125 0.302047
-3.29688 0.302074

-3.29688 0.302074
-3.28125 0.302101

-3.28125 0.302101
-3.26562 0.302128

-3.26562 0.302128
-3.25 0.302155

-1.5 0.290788
-1.48438 0.290593

-1.48438 0.290593
-1.46875 0.290404

-1.46875 0.290404
-1.45312 0.290221

-1.45312 0.290221
-1.4375 0.290044

-1.4375 0.290044
-1.42188 0.289874

-1.42188 0.289874
-1.40625 0.289711

2.3125 0.301419
2.32812 0.301517

2.32812 0.301518
2.34375 0.301598

2.34375 0.301597
2.35938 0.30166

2.35938 0.301657
2.375 0.301711

2.375 0.301708
2.39062 0.301765

2.39062 0.301762
2.40625 0.301836

2.40625 0.301835
2.42188 0.301934

2.42188 0.301934
2.4375 0.302061

2.4375 0.302064
2.45312 0.302213

2.45312 0.302214
2.46875 0.302374

2.46875 0.302375
2.48438 0.302541

2.48438 0.302542
2.5 0.302711

2.5 0.302712
2.51562 0.302881

2.51562 0.302882
2.53125 0.303049

2.53125 0.303049
2.54688 0.303211

2.54688 0.303211
2.5625 0.303369

2.5625 0.303371
2.57812 0.303519

2.57812 0.303517
2.59375 0.303655

2.59375 0.303656
2.60938 0.303785

0 0.299766
0.015625 0.299962

2.60938 0.303786
2.625 0.303902

2.625 0.303904
2.64062 0.304002

2.64062 0.304
2.65625 0.304078

2.65625 0.304076
2.67188 0.304142

2.67188 0.304141
2.6875 0.304201

-3.25 0.302155
-3.23438 0.302181

-1.40625 0.289711
-1.39062 0.289554

-3.23438 0.302181
-3.21875 0.302208

2.6875 0.304201
2.70312 0.304258

0.015625 0.299962
0.03125 0.300156

-1.39062 0.289554
-1.375 0.289404

-3.21875 0.302208
-3.20312 0.302234

2.70312 0.304258
2.71875 0.304314

-3.20312 0.302234
-3.1875 0.30226

-1.375 0.289404
-1.35938 0.289262

-1.35938 0.289262
-1.34375 0.289126

0.03125 0.300156
0.046875 0.300348

0.046875 0.300348
0.0625 0.300539

2.71875 0.304314
2.73438 0.304367

2.73438 0.304367
2.75 0.304417

-3.1875 0.30226
-3.17188 0.302286

2.75 0.304417
2.76562 0.304463

-3.17188 0.302286
-3.15625 0.302312

-3.15625 0.302312
-3.14062 0.302338

-3.14062 0.302338
-3.125 0.302364

2.76562 0.304463
2.78125 0.304506

2.78125 0.304506
2.79688 0.304544

2.79688 0.304544
2.8125 0.304579

2.8125 0.304579
2.82812 0.304609

2.82812 0.304609
2.84375 0.304636

2.84375 0.304636
2.85938 0.304658

2.85938 0.304658
2.875 0.304676

2.875 0.304676
2.89062 0.30469

2.89062 0.30469
2.90625 0.304699

2.90625 0.304699
2.92188 0.304705

-3.125 0.302364
-3.10938 0.302391

-3.10938 0.302391
-3.09375 0.302418

-3.09375 0.302418
-3.07812 0.302445

0.0625 0.300539
0.078125 0.300726

0.078125 0.300726
0.09375 0.300911

2.92188 0.304705
2.9375 0.304707

2.9375 0.304707
2.95312 0.304705

2.95312 0.304705
2.96875 0.304699

2.96875 0.304699
2.98438 0.304689

2.98438 0.304689
3 0.304675

-1.34375 0.289126
-1.32812 0.288998

-1.32812 0.288998
-1.3125 0.288878

-1.3125 0.288878
-1.29688 0.288765

-1.29688 0.288765
-1.28125 0.28866

-1.28125 0.28866
-1.26562 0.288563

-1.26562 0.288563
-1.25 0.288474

0.09375 0.300911
0.109375 0.301094

0.109375 0.301094
0.125 0.301273

3 0.304675
3.01562 0.304658

0.125 0.301273
0.140625 0.301449

3.01562 0.304658
3.03125 0.304637

-3.07812 0.302445
-3.0625 0.302472

-1.25 0.288474
-1.23438 0.288393

-3.0625 0.302472
-3.04688 0.302498

0.140625 0.301449
0.15625 0.301621

-3.04688 0.302498
-3.03125 0.302523

0.15625 0.301622
0.171875 0.30179

-1.23438 0.288393
-1.21875 0.28832

-1.21875 0.28832
-1.20312 0.288256

0.171875 0.30179
0.1875 0.301956

0.1875 0.301956
0.203125 0.302117

-3.03125 0.302523
-3.01562 0.302548

-3.01562 0.302548
-3 0.302572

3.03125 0.304637
3.04688 0.304613

3.04688 0.304613
3.0625 0.304586

3.0625 0.304585
3.07812 0.304555

3.07812 0.304555
3.09375 0.304521

3.09375 0.304521
3.10938 0.304484

3.10938 0.304484
3.125 0.304444

3.125 0.304444
3.14062 0.304401

3.14062 0.304401
3.15625 0.304355

3.15625 0.304355
3.17188 0.304307

3.17188 0.304307
3.1875 0.304256

3.1875 0.304256
3.20312 0.304203

3.20312 0.304203
3.21875 0.304147

3.21875 0.304147
3.23438 0.304089

3.23438 0.304089
3.25 0.304028

-1.20312 0.288256
-1.1875 0.2882

-1.1875 0.2882
-1.17188 0.288152

3.25 0.304028
3.26562 0.303966

3.26562 0.303966
3.28125 0.303902

0.203125 0.302117
0.21875 0.302274

-3 0.302572
-2.98438 0.302596

-1.17188 0.288152
-1.15625 0.288113

-1.15625 0.288113
-1.14062 0.288083

0.21875 0.302274
0.234375 0.302428

-1.14062 0.288083
-1.125 0.288062

0.234375 0.302428
0.25 0.302576

3.28125 0.303902
3.29688 0.303836

3.29688 0.303836
3.3125 0.303768

-2.98438 0.302596
-2.96875 0.302619

-2.96875 0.302619
-2.95312 0.302642

-2.95312 0.302642
-2.9375 0.302664

0.25 0.302576
0.265625 0.302721

0.265625 0.302721
0.28125 0.302861

3.3125 0.303768
3.32812 0.3037

3.32812 0.3037
3.34375 0.30363

-1.125 0.288061
-1.10938 0.288049

-1.10938 0.288049
-1.09375 0.288045

-1.09375 0.288045
-1.07812 0.28805

0.28125 0.302861
0.296875 0.302996

-1.07812 0.28805
-1.0625 0.288064

3.34375 0.30363
3.35938 0.303558

-2.9375 0.302664
-2.92188 0.302685

0.296875 0.302996
0.3125 0.303127

-2.92188 0.302685
-2.90625 0.302705

0.3125 0.303127
0.328125 0.303253

-2.90625 0.302705
-2.89062 0.302724

3.35938 0.303558
3.375 0.303487

-2.89062 0.302724
-2.875 0.302743

3.375 0.303487
3.39062 0.303414

3.39062 0.303414
3.40625 0.30334

-2.875 0.302743
-2.85938 0.30276

-1.0625 0.288064
-1.04688 0.288087

0.328125 0.303253
0.34375 0.303374

-1.04688 0.288087
-1.03125 0.288118

0.34375 0.303375
0.359375 0.303491

-2.85938 0.30276
-2.84375 0.302776

-2.84375 0.302776
-2.82812 0.302791

-2.82812 0.302791
-2.8125 0.302805

0.359375 0.303491
0.375 0.303603

0.375 0.303603
0.390625 0.30371

0.390625 0.30371
0.40625 0.303811

0.40625 0.303811
0.421875 0.303909

0.421875 0.303909
0.4375 0.304001

-2.8125 0.302805
-2.79688 0.302817

-2.79688 0.302817
-2.78125 0.302828

-2.78125 0.302828
-2.76562 0.302838

-2.76562 0.302838
-2.75 0.302846

0.4375 0.304001
0.453125 0.304088

0.453125 0.304088
0.46875 0.304171

3.40625 0.30334
3.42188 0.303266

-2.75 0.302846
-2.73438 0.302852

3.42188 0.303266
3.4375 0.30319

-1.03125 0.288118
-1.01562 0.288159

-1.01562 0.288159
-1 0.288209

3.4375 0.30319
3.45312 0.303114

-2.73438 0.302852
-2.71875 0.302857

0.46875 0.304171
0.484375 0.304248

-2.71875 0.302857
-2.70312 0.302859

3.45312 0.303114
3.46875 0.303037

3.46875 0.303037
3.48438 0.302959

0.484375 0.304248
0.5 0.304321

-2.70312 0.302859
-2.6875 0.30286

3.48438 0.302959
3.5 0.30288

-2.6875 0.30286
-2.67188 0.302859

-2.67188 0.302859
-2.65625 0.302855

-2.65625 0.302855
-2.64062 0.302849

-2.64062 0.302849
-2.625 0.302841

-2.625 0.302841
-2.60938 0.30283

-2.60938 0.30283
-2.59375 0.302816

-2.59375 0.302816
-2.57812 0.302799

-2.57812 0.302799
-2.5625 0.302779

-2.5625 0.302779
-2.54688 0.302756

-2.54688 0.302756
-2.53125 0.302729

-2.53125 0.30273
-2.51562 0.302699

-2.51562 0.302699
-2.5 0.302665

0.5 0.304321
0.515625 0.304389

0.515625 0.304389
0.53125 0.304453

0.53125 0.304453
0.546875 0.304511

0.546875 0.304511
0.5625 0.304566

3.5 0.30288
3.51562 0.302801

0.5625 0.304566
0.578125 0.304615

-1 0.288209
-0.984375 0.288267

0.578125 0.304615
0.59375 0.304661

3.51562 0.302801
3.53125 0.302722

3.53125 0.302722
3.54688 0.302644

-0.984375 0.288267
-0.96875 0.288334

-0.96875 0.288334
-0.953125 0.28841

-0.953125 0.28841
-0.9375 0.288495

0.59375 0.304661
0.609375 0.304701

-0.9375 0.288495
-0.921875 0.288588

-0.921875 0.288588
-0.90625 0.288689

3.54688 0.302644
3.5625 0.302566

3.5625 0.302566
3.57812 0.302488

0.609375 0.304702
0.625 0.304738

-0.90625 0.288689
-0.890625 0.288798

3.57812 0.302488
3.59375 0.302411

-0.890625 0.288798
-0.875 0.288916

0.625 0.304738
0.640625 0.304771

0.640625 0.30477
0.65625 0.304799

0.65625 0.304799
0.671875 0.304823

3.59375 0.302411
3.60938 0.302336

-0.875 0.288916
-0.859375 0.289041

3.60938 0.302336
3.625 0.302261

-0.859375 0.289041
-0.84375 0.289175

-2.5 0.302665
-2.48438 0.302626

-0.84375 0.289175
-0.828125 0.289316

-2.48438 0.302626
-2.46875 0.302582

3.625 0.302261
3.64062 0.302187

0.671875 0.304823
0.6875 0.304843

-0.828125 0.289316
-0.8125 0.289464

-2.46875 0.302582
-2.45312 0.302533

-0.8125 0.289464
-0.796875 0.289619

0.6875 0.304843
0.703125 0.304859

-0.796875 0.289619
-0.78125 0.28978

-2.45312 0.302533
-2.4375 0.302479

-0.78125 0.28978
-0.765625 0.289948

-2.4375 0.302479
-2.42188 0.302421

3.64062 0.302187
3.65625 0.302114

-2.42188 0.302421
-2.40625 0.302359

-0.765625 0.289948
-0.75 0.290122

-2.40625 0.302359
-2.39062 0.302292

3.65625 0.302114
3.67188 0.302042

0.703125 0.304859
0.71875 0.304872

0.71875 0.304872
0.734375 0.30488

3.67188 0.302042
3.6875 0.301971

3.6875 0.301971
3.70312 0.3019

-2.39062 0.302292
-2.375 0.302221

-0.75 0.290122
-0.734375 0.290302

-0.734375 0.290302
-0.71875 0.290488

-0.71875 0.290488
-0.703125 0.290678

-0.703125 0.290678
-0.6875 0.290873

-0.6875 0.290873
-0.671875 0.291072

-0.671875 0.291073
-0.65625 0.291276

0.734375 0.30488
0.75 0.304885

3.70312 0.3019
3.71875 0.301832

3.71875 0.301832
3.73438 0.301764

-2.375 0.302221
-2.35938 0.302146

0.75 0.304885
0.765625 0.304887

-2.35938 0.302146
-2.34375 0.302066

-2.34375 0.302066
-2.32812 0.301982

3.73438 0.301764
3.75 0.301699

0.765625 0.304887
0.78125 0.304885

0.78125 0.304885
0.796875 0.304879

-0.65625 0.291276
-0.640625 0.291483

-2.32812 0.301982
-2.3125 0.301893

-0.640625 0.291483
-0.625 0.291693

-2.3125 0.301893
-2.29688 0.301799

-0.625 0.291693
-0.609375 0.291906

-2.29688 0.301799
-2.28125 0.3017

3.75 0.301698
3.76562 0.301635

0.796875 0.304879
0.8125 0.304871

0.8125 0.304871
0.828125 0.304859

0.828125 0.304859
0.84375 0.304844

-0.609375 0.291906
-0.59375 0.292121

0.84375 0.304844
0.859375 0.304826

3.76562 0.301635
3.78125 0.301573

-2.28125 0.3017
-2.26562 0.301595

3.78125 0.301573
3.79688 0.301514

3.79688 0.301514
3.8125 0.301457

-2.26562 0.301595
-2.25 0.301485

3.8125 0.301457
3.82812 0.301403

3.82812 0.301403
3.84375 0.301352

0.859375 0.304826
0.875 0.304805

0.875 0.304805
0.890625 0.304781

0.890625 0.304781
0.90625 0.304754

-2.25 0.301485
-2.23438 0.301369

-2.23438 0.301369
-2.21875 0.301248

-2.21875 0.301248
-2.20312 0.30112

0.90625 0.304754
0.921875 0.304725

0.921875 0.304725
0.9375 0.304692

3.84375 0.301352
3.85938 0.301303

3.85938 0.301303
3.875 0.301257

-0.59375 0.292122
-0.578125 0.292339

-0.578125 0.292339
-0.5625 0.292558

-0.5625 0.292558
-0.546875 0.292778

0.9375 0.304692
0.953125 0.304658

-0.546875 0.292778
-0.53125 0.292999

0.953125 0.304658
0.96875 0.304621

-2.20312 0.30112
-2.1875 0.300987

3.875 0.301257
3.89062 0.301214

-2.1875 0.300987
-2.17188 0.300848

3.89062 0.301214
3.90625 0.301173

0.96875 0.304621
0.984375 0.304581

-0.53125 0.292999
-0.515625 0.293221

3.90625 0.301173
3.92188 0.301135

-0.515625 0.293221
-0.5 0.293442

0.984375 0.304581
1 0.304539

-2.17188 0.300848
-2.15625 0.300703

-2.15625 0.300703
-2.14062 0.300552

3.92188 0.301135
3.9375 0.301101

3.9375 0.301101
3.95312 0.301069

3.95312 0.301069
3.96875 0.301041

3.96875 0.301041
3.98438 0.301016

3.98438 0.301016
4 0.300994

-2.14062 0.300552
-2.125 0.300395

1 0.304539
1.01562 0.304495

1.01562 0.304495
1.03125 0.304449

1.03125 0.304449
1.04688 0.304402

1.04688 0.304402
1.0625 0.304352

1.0625 0.304352
1.07812 0.304301

1.07812 0.304301
1.09375 0.304248

-2.125 0.300395
-2.10938 0.300232

-2.10938 0.300232
-2.09375 0.300063

1.09375 0.304248
1.10938 0.304193

-0.5 0.293442
-0.484375 0.293664

-2.09375 0.300063
-2.07812 0.299887

1.10938 0.304193
1.125 0.304137

-0.484375 0.293664
-0.46875 0.293884

-2.07812 0.299887
-2.0625 0.299705

-0.46875 0.293884
-0.453125 0.294104

-0.453125 0.294104
-0.4375 0.294322

-2.0625 0.299705
-2.04688 0.299516

-2.04688 0.299516
-2.03125 0.29932

1.125 0.304137
1.14062 0.304078

1.14062 0.304078
1.15625 0.304017

1.15625 0.304017
1.17188 0.303954

1.17188 0.303954
1.1875 0.303888

1.1875 0.303888
1.20312 0.30382

-2.03125 0.299321
-2.01562 0.299118

1.20312 0.30382
1.21875 0.303749

-0.4375 0.294322
-0.421875 0.294538

-2.01562 0.299118
-2 0.298907

1.21875 0.303749
1.23438 0.303676

1.23438 0.303676
1.25 0.3036

-0.421875 0.294538
-0.40625 0.294753

-0.40625 0.294753
-0.390625 0.294964

-0.390625 0.294964
-0.375 0.295173

1.25 0.3036
1.26562 0.303522

-0.375 0.295173
-0.359375 0.295379

-0.359375 0.295379
-0.34375 0.295581

1.26562 0.303522
1.28125 0.303441

1.28125 0.303441
1.29688 0.303358

1.29688 0.303358
1.3125 0.303273

-0.34375 0.295581
-0.328125 0.29578

-0.328125 0.29578
-0.3125 0.295973

1.3125 0.303273
1.32812 0.303189

-0.3125 0.295973
-0.296875 0.296163

-0.296875 0.296163
-0.28125 0.296348

1.32812 0.303188
1.34375 0.303106

1.34375 0.303105
1.35938 0.30303

1.35938 0.303028
1.375 0.302963

1.375 0.302965
1.39062 0.302909

1.39062 0.302911
1.40625 0.302859

1.40625 0.302862
1.42188 0.302804

-0.28125 0.296348
-0.265625 0.296528

-0.265625 0.296528
-0.25 0.296705

1.42188 0.302804
1.4375 0.302733

1.4375 0.302732
1.45312 0.302651

1.45312 0.30265
1.46875 0.302563

1.46875 0.302563
1.48438 0.302472

1.48438 0.302472
1.5 0.302378

-0.25 0.296705
-0.234777 0.296875

-0.234375 0.296878
-0.21875 0.297053

-0.21875 0.297053
-0.203125 0.297232

1.5 0.302378
1.51562 0.302282

1.51562 0.302282
1.53125 0.302185

1.53125 0.302185
1.54688 0.302087

1.54688 0.302087
1.5625 0.301987

1.5625 0.301987
1.57812 0.301887

1.57812 0.301887
1.59375 0.301785

1.59375 0.301785
1.60938 0.301683

1.60938 0.301683
1.625 0.301579

1.625 0.301579
1.64062 0.301475

1.64062 0.301475
1.65625 0.301368

1.65625 0.301369
1.67188 0.30126

1.67188 0.30126
1.6875 0.301149

1.6875 0.301149
1.70312 0.301035

1.70312 0.301035
1.71875 0.300917

1.71875 0.300917
1.73438 0.300795

1.73438 0.300795
1.75 0.30067

1.75 0.300669
1.76562 0.300544

1.76562 0.300542
1.78125 0.30042

1.78125 0.300418
1.79688 0.300307

1.79688 0.300303
1.8125 0.300213

1.8125 0.300213
1.82812 0.300151

1.82812 0.300153
1.84375 0.300115

1.84375 0.300116
1.85938 0.300097

1.85938 0.300098
1.875 0.300092

1.875 0.300093
1.89062 0.300098

1.89062 0.300098
1.90625 0.300113

1.90625 0.300113
1.92188 0.300137

1.92188 0.300137
1.9375 0.300167

1.9375 0.300168
1.95312 0.300202

1.95312 0.300202
1.96875 0.300238

1.96875 0.300239
1.98438 0.300274

1.98438 0.300273
2 0.300308

