-0.125 0.291924
-0.109375 0.291722

-0.109375 0.291722
-0.09375 0.291524

-0.09375 0.291524
-0.078125 0.291331

-0.078125 0.291331
-0.0625 0.291143

-0.0625 0.291142
-0.046875 0.290959

-0.046875 0.290959
-0.03125 0.290781

-0.03125 0.290781
-0.015625 0.290607

-0.015625 0.290607
0 0.290439

1.875 0.304446
1.89062 0.304451

1.89062 0.304451
1.90625 0.304453

1.90625 0.304453
1.92188 0.304453

1.92188 0.304453
1.9375 0.304451

1.9375 0.304451
1.95312 0.304447

1.95312 0.304447
1.96875 0.304441

1.96875 0.304441
1.98438 0.304434

1.98438 0.304434
2 0.304424

-4 0.301201
-3.98438 0.301189

-3.98438 0.301191
-3.96875 0.301199

-3.96875 0.3012
-3.95312 0.301223

-3.95312 0.301224
-3.9375 0.301256

-3.9375 0.301257
-3.92188 0.301297

-3.92188 0.301297
-3.90625 0.301343

-3.90625 0.301343
-3.89062 0.301395

-3.89062 0.301396
-3.875 0.301452

-3.875 0.301452
-3.85938 0.301513

0 0.290439
0.015625 0.290277

-3.85938 0.301513
-3.84375 0.301576

-3.84375 0.301577
-3.82812 0.301643

-3.82812 0.301643
-3.8125 0.301711

-2 0.301121
-1.98438 0.301127

-1.98438 0.301127
-1.96875 0.301136

-3.8125 0.301711
-3.79688 0.301781

-3.79688 0.301781
-3.78125 0.301852

-3.78125 0.301852
-3.76562 0.301925

2 0.304424
2.01562 0.304414

0.015625 0.290277
0.03125 0.290119

0.03125 0.290119
0.046875 0.289968

0.046875 0.289968
0.0625 0.289822

0.0625 0.289822
0.078125 0.289682

0.078125 0.289682
0.09375 0.289548

0.09375 0.289548
0.109375 0.28942

-1.96875 0.301136
-1.95312 0.301146

0.109375 0.28942
0.125 0.289299

0.125 0.289299
0.140625 0.289184

-1.95312 0.301146
-1.9375 0.301158

-1.9375 0.301158
-1.92188 0.301171

-1.92188 0.301171
-1.90625 0.301186

0.140625 0.289184
0.15625 0.289075

0.15625 0.289075
0.171875 0.288973

0.171875 0.288973
0.1875 0.288878

0.1875 0.288878
0.203125 0.288789

-1.90625 0.301186
-1.89062 0.301203

0.203125 0.288789
0.21875 0.288708

-3.76562 0.301925
-3.75 0.301998

-1.89062 0.301203
-1.875 0.301221

-1.875 0.301221
-1.85938 0.30124

-1.85938 0.301241
-1.84375 0.301261

-1.84375 0.301261
-1.82812 0.301282

-1.82812 0.301282
-1.8125 0.301304

0.21875 0.288708
0.234375 0.288634

0.234375 0.288634
0.25 0.288566

-1.8125 0.301304
-1.79688 0.301327

-1.79688 0.301327
-1.78125 0.301349

-1.78125 0.301349
-1.76562 0.301373

-1.76562 0.301373
-1.75 0.301396

-3.75 0.301998
-3.73438 0.302071

-3.73438 0.302071
-3.71875 0.302145

-3.71875 0.302145
-3.70312 0.302219

-3.70312 0.302219
-3.6875 0.302291

0.25 0.288566
0.265625 0.288507

-1.75 0.301396
-1.73438 0.30142

-3.6875 0.302292
-3.67188 0.302363

0.265625 0.288507
0.28125 0.288454

-1.73438 0.30142
-1.71875 0.301444

-1.71875 0.301444
-1.70312 0.301468

-1.70312 0.301468
-1.6875 0.301493

0.28125 0.288454
0.296875 0.28841

0.296875 0.28841
0.3125 0.288373

0.3125 0.288373
0.328125 0.288344

0.328125 0.288344
0.34375 0.288323

2.01562 0.304414
2.03125 0.304402

-3.67188 0.302363
-3.65625 0.302434

-3.65625 0.302434
-3.64062 0.302502

-3.64062 0.302502
-3.625 0.302568

-1.6875 0.301493
-1.67188 0.301517

-3.625 0.302568
-3.60938 0.30263

2.03125 0.304402
2.04688 0.304389

-3.60938 0.30263
-3.59375 0.302688

-1.67188 0.301517
-1.65625 0.301542

-1.65625 0.301542
-1.64062 0.301566

-1.64062 0.301566
-1.625 0.301591

-3.59375 0.302688
-3.57812 0.302741

-1.625 0.301591
-1.60938 0.301616

-1.60938 0.301616
-1.59375 0.30164

0.34375 0.288323
0.359375 0.28831

-1.59375 0.30164
-1.57812 0.301665

0.359375 0.28831
0.375 0.288306

2.04688 0.304389
2.0625 0.304374

0.375 0.288306
0.390625 0.28831

2.0625 0.304374
2.07812 0.304359

-1.57812 0.301665
-1.5625 0.301689

2.07812 0.304359
2.09375 0.304343

-1.5625 0.301689
-1.54688 0.301713

2.09375 0.304343
2.10938 0.304326

-1.54688 0.301713
-1.53125 0.301736

-1.53125 0.301736
-1.51562 0.30176

-3.57812 0.302742
-3.5625 0.302788

-3.5625 0.302789
-3.54688 0.302828

-1.51562 0.30176
-1.5 0.301782

0.390625 0.28831
0.40625 0.288322

0.40625 0.288322
0.421875 0.288343

0.421875 0.288343
0.4375 0.288373

0.4375 0.288373
0.453125 0.288411

0.453125 0.288411
0.46875 0.288458

0.46875 0.288458
0.484375 0.288514

0.484375 0.288514
0.5 0.288579

0.5 0.288579
0.515625 0.288652

0.515625 0.288652
0.53125 0.288734

0.53125 0.288734
0.546875 0.288824

0.546875 0.288825
0.5625 0.288923

0.5625 0.288923
0.578125 0.289029

0.578125 0.289029
0.59375 0.289143

0.59375 0.289143
0.609375 0.289264

0.609375 0.289264
0.625 0.289392

0.625 0.289392
0.640625 0.289528

0.640625 0.289527
0.65625 0.28967

0.65625 0.28967
0.671875 0.289822

0.671875 0.289821
0.6875 0.289985

0.6875 0.289984
0.703125 0.290162

0.703125 0.29016
0.71875 0.290359

0.71875 0.290358
0.734375 0.290583

0.734375 0.290582
0.75 0.290836

-3.54688 0.302829
-3.53125 0.30286

-3.53125 0.302861
-3.51562 0.302883

-3.51562 0.302884
-3.5 0.302897

2.10938 0.304326
2.125 0.304308

-1.5 0.301782
-1.48438 0.301805

2.125 0.304308
2.14062 0.30429

-1.48438 0.301805
-1.46875 0.301826

-1.46875 0.301826
-1.45312 0.301847

-1.45312 0.301847
-1.4375 0.301867

-1.4375 0.301867
-1.42188 0.301886

0.75 0.290838
0.765625 0.291118

0.765625 0.29112
0.78125 0.291418

0.78125 0.29142
0.796875 0.291726

0.796875 0.291727
0.8125 0.292035

2.14062 0.30429
2.15625 0.304271

2.15625 0.304271
2.17188 0.304251

2.17188 0.304251
2.1875 0.304232

2.1875 0.304232
2.20312 0.304212

2.20312 0.304212
2.21875 0.304191

2.21875 0.304191
2.23438 0.304171

2.23438 0.304171
2.25 0.30415

2.25 0.30415
2.26562 0.304129

2.26562 0.304129
2.28125 0.304108

2.28125 0.304108
2.29688 0.304087

2.29688 0.304087
2.3125 0.304066

2.3125 0.304066
2.32812 0.304045

2.32812 0.304045
2.34375 0.304025

2.34375 0.304025
2.35938 0.304004

2.35938 0.304004
2.375 0.303984

2.375 0.303984
2.39062 0.303964

2.39062 0.303964
2.40625 0.303944

2.40625 0.303944
2.42188 0.303924

2.42188 0.303924
2.4375 0.303905

2.4375 0.303905
2.45312 0.303885

2.45312 0.303885
2.46875 0.303867

2.46875 0.303867
2.48438 0.303848

2.48438 0.303848
2.5 0.30383

2.5 0.30383
2.51562 0.303812

2.51562 0.303812
2.53125 0.303795

2.53125 0.303795
2.54688 0.303778

2.54688 0.303778
2.5625 0.303762

2.5625 0.303762
2.57812 0.303746

2.57812 0.303746
2.59375 0.30373

2.59375 0.30373
2.60938 0.303714

2.60938 0.303714
2.625 0.303699

2.625 0.303699
2.64062 0.303685

2.64062 0.303685
2.65625 0.303671

2.65625 0.303671
2.67188 0.303657

2.67188 0.303657
2.6875 0.303643

2.6875 0.303643
2.70312 0.30363

2.70312 0.30363
2.71875 0.303617

2.71875 0.303617
2.73438 0.303605

2.73438 0.303605
2.75 0.303593

-3.5 0.302899
-3.48438 0.302896

-3.48438 0.302896
-3.46875 0.302871

-3.46875 0.302869
-3.45312 0.302828

-3.45312 0.302826
-3.4375 0.302777

-3.4375 0.302776
-3.42188 0.302725

-3.42188 0.302725
-3.40625 0.302676

-3.40625 0.302676
-3.39062 0.30263

-3.39062 0.30263
-3.375 0.302587

-3.375 0.302587
-3.35938 0.302547

-3.35938 0.302548
-3.34375 0.302511

-3.34375 0.302511
-3.32812 0.302476

-3.32812 0.302476
-3.3125 0.302442

-3.3125 0.302442
-3.29688 0.302409

-3.29688 0.302409
-3.28125 0.302377

-3.28125 0.302377
-3.26562 0.302345

-3.26562 0.302345
-3.25 0.302313

-3.25 0.302313
-3.23438 0.30228

-3.23438 0.30228
-3.21875 0.302248

-3.21875 0.302248
-3.20312 0.302214

-3.20312 0.302214
-3.1875 0.302181

-3.1875 0.302181
-3.17188 0.302146

-3.17188 0.302146
-3.15625 0.302112

-1.42188 0.301886
-1.40625 0.301904

-3.15625 0.302112
-3.14062 0.302077

-3.14062 0.302077
-3.125 0.302041

-1.40625 0.301904
-1.39062 0.301922

-1.39062 0.301922
-1.375 0.301938

0.8125 0.292036
0.828125 0.292339

-1.375 0.301938
-1.35938 0.301953

-1.35938 0.301953
-1.34375 0.301966

-1.34375 0.301966
-1.32812 0.301978

-1.32812 0.301978
-1.3125 0.301989

-1.3125 0.301989
-1.29688 0.301998

-1.29688 0.301998
-1.28125 0.302005

-1.28125 0.302005
-1.26562 0.30201

0.828125 0.29234
0.84375 0.292631

-3.125 0.302041
-3.10938 0.302005

-3.10938 0.302005
-3.09375 0.301969

-1.26562 0.30201
-1.25 0.302014

0.84375 0.292632
0.859375 0.292907

0.859375 0.292906
0.875 0.293165

-3.09375 0.301969
-3.07812 0.301932

-3.07812 0.301932
-3.0625 0.301895

0.875 0.293164
0.890625 0.293411

2.75 0.303593
2.76562 0.303581

2.76562 0.303581
2.78125 0.30357

2.78125 0.30357
2.79688 0.303558

-1.25 0.302014
-1.23438 0.302015

-1.23438 0.302015
-1.21875 0.302015

-1.21875 0.302015
-1.20312 0.302012

-1.20312 0.302012
-1.1875 0.302006

-1.1875 0.302006
-1.17188 0.301998

-1.17188 0.301998
-1.15625 0.301988

-1.15625 0.301988
-1.14062 0.301975

-1.14062 0.301975
-1.125 0.301959

-1.125 0.301959
-1.10938 0.301941

-1.10938 0.301941
-1.09375 0.301919

-1.09375 0.301919
-1.07812 0.301895

-1.07812 0.301895
-1.0625 0.301867

-1.0625 0.301867
-1.04688 0.301837

-1.04688 0.301837
-1.03125 0.301803

-1.03125 0.301803
-1.01562 0.301765

-1.01562 0.301765
-1 0.301724

-1 0.301724
-0.984375 0.301678

-0.984375 0.301678
-0.96875 0.301629

-0.96875 0.301629
-0.953125 0.301575

-0.953125 0.301575
-0.9375 0.301516

-0.9375 0.301516
-0.921875 0.301454

-0.921875 0.301454
-0.90625 0.301386

-0.90625 0.301386
-0.890625 0.301315

-0.890625 0.301315
-0.875 0.301239

-0.875 0.301239
-0.859375 0.301158

-0.859375 0.301158
-0.84375 0.301073

-0.84375 0.301073
-0.828125 0.300983

-0.828125 0.300983
-0.8125 0.300888

-0.8125 0.300888
-0.796875 0.300788

-0.796875 0.300788
-0.78125 0.300682

-0.78125 0.300682
-0.765625 0.300571

-0.765625 0.300571
-0.75 0.300454

-0.75 0.300454
-0.734375 0.300331

-0.734375 0.300331
-0.71875 0.300203

-0.71875 0.300203
-0.703125 0.300068

-0.703125 0.300068
-0.6875 0.299927

-0.6875 0.299927
-0.671875 0.299781

-0.671875 0.299781
-0.65625 0.299628

-0.65625 0.299628
-0.640625 0.29947

-0.640625 0.29947
-0.625 0.299305

-0.625 0.299305
-0.609375 0.299133

-0.609375 0.299133
-0.59375 0.298955

-0.59375 0.298955
-0.578125 0.29877

-0.578125 0.298771
-0.5625 0.298578

-0.5625 0.298578
-0.546875 0.298378

-0.546875 0.298378
-0.53125 0.29817

-0.53125 0.29817
-0.515625 0.297952

-0.515625 0.297952
-0.5 0.297724

-0.5 0.297724
-0.484375 0.297486

-0.484375 0.297486
-0.46875 0.297238

-0.46875 0.297238
-0.453125 0.296981

-0.4375 0.296715
-0.447002 0.296875

-0.453125 0.296981
-0.446812 0.296875

-0.4375 0.296715
-0.421875 0.29645

-0.421875 0.29645
-0.40625 0.296186

-0.40625 0.296186
-0.390625 0.295924

-0.390625 0.295924
-0.375 0.295665

-0.375 0.295665
-0.359375 0.295408

-0.359375 0.295408
-0.34375 0.295153

-0.34375 0.295153
-0.328125 0.294902

2.79688 0.303558
2.8125 0.303547

-3.0625 0.301895
-3.04688 0.301858

-3.04688 0.301858
-3.03125 0.301821

-0.328125 0.294902
-0.3125 0.294653

-0.3125 0.294653
-0.296875 0.294407

-3.03125 0.301821
-3.01562 0.301783

-0.296875 0.294407
-0.28125 0.294164

-0.28125 0.294164
-0.265625 0.293924

-0.265625 0.293924
-0.25 0.293688

-3.01562 0.301783
-3 0.301745

0.890625 0.29341
0.90625 0.293646

0.90625 0.293646
0.921875 0.293873

0.921875 0.293873
0.9375 0.294092

2.8125 0.303547
2.82812 0.303536

2.82812 0.303536
2.84375 0.303525

-0.25 0.293688
-0.234375 0.293454

-0.234375 0.293454
-0.21875 0.293224

-0.21875 0.293224
-0.203125 0.292998

-0.203125 0.292998
-0.1875 0.292775

-0.1875 0.292775
-0.171875 0.292556

0.9375 0.294092
0.953125 0.294304

-3 0.301745
-2.98438 0.301708

-2.98438 0.301708
-2.96875 0.301669

-2.96875 0.301669
-2.95312 0.301631

-2.95312 0.301631
-2.9375 0.301593

0.953125 0.294304
0.96875 0.29451

0.96875 0.294509
0.984375 0.294711

0.984375 0.29471
1 0.294909

-2.9375 0.301593
-2.92188 0.301555

-2.92188 0.301555
-2.90625 0.301517

-0.171875 0.292556
-0.15625 0.292341

-0.15625 0.292341
-0.140625 0.29213

-0.140625 0.29213
-0.125 0.291924

-2.90625 0.301517
-2.89062 0.301478

-2.89062 0.301478
-2.875 0.30144

-2.875 0.30144
-2.85938 0.301402

-2.85938 0.301402
-2.84375 0.301364

-2.84375 0.301364
-2.82812 0.301327

-2.82812 0.301327
-2.8125 0.301289

-2.8125 0.301289
-2.79688 0.301252

-2.79688 0.301252
-2.78125 0.301215

-2.78125 0.301215
-2.76562 0.301179

-2.76562 0.301179
-2.75 0.301143

1 0.294908
1.01562 0.295109

1.01562 0.295107
1.03125 0.295317

1.03125 0.295315
1.04688 0.295542

1.04688 0.29554
1.0625 0.295793

1.0625 0.295794
1.07812 0.296079

1.07812 0.296081
1.09375 0.296391

1.09375 0.296393
1.10938 0.296719

1.10938 0.29672
1.11661 0.296875

1.11663 0.296875
1.125 0.297055

-2.75 0.301143
-2.73438 0.301108

-2.73438 0.301108
-2.71875 0.301074

-2.71875 0.301074
-2.70312 0.30104

-2.70312 0.30104
-2.6875 0.301007

-2.6875 0.301007
-2.67188 0.300975

-2.67188 0.300975
-2.65625 0.300943

-2.65625 0.300943
-2.64062 0.300912

-2.64062 0.300912
-2.625 0.300881

1.125 0.297055
1.14062 0.297398

1.14062 0.297399
1.15625 0.297748

-2.625 0.300881
-2.60938 0.300849

-2.60938 0.300849
-2.59375 0.300817

1.15625 0.297748
1.17188 0.2981

1.17188 0.298101
1.1875 0.298453

-2.59375 0.300817
-2.57812 0.300785

2.84375 0.303525
2.85938 0.303515

2.85938 0.303515
2.875 0.303504

2.875 0.303504
2.89062 0.303494

2.89062 0.303494
2.90625 0.303484

2.90625 0.303484
2.92188 0.303473

2.92188 0.303473
2.9375 0.303463

1.1875 0.298454
1.20312 0.298804

1.20312 0.298805
1.21875 0.299151

-2.57812 0.300785
-2.5625 0.300753

-2.5625 0.300753
-2.54688 0.300723

2.9375 0.303463
2.95312 0.303452

2.95312 0.303452
2.96875 0.303442

1.21875 0.299152
1.23438 0.299491

1.23438 0.299492
1.25 0.299822

-2.54688 0.300722
-2.53125 0.300695

-2.53125 0.300694
-2.51562 0.300672

2.96875 0.303442
2.98438 0.303431

1.25 0.299824
1.26562 0.300137

2.98438 0.303431
3 0.30342

-2.51562 0.300671
-2.5 0.300656

1.26562 0.300139
1.28125 0.300428

1.28125 0.300428
1.29688 0.30069

1.29688 0.300688
1.3125 0.300927

1.3125 0.300926
1.32812 0.301148

1.32812 0.301148
1.34375 0.301358

1.34375 0.301358
1.35938 0.301559

1.35938 0.301559
1.375 0.301752

1.375 0.301752
1.39062 0.301937

1.39062 0.301937
1.40625 0.302116

1.40625 0.302116
1.42188 0.302288

1.42188 0.302288
1.4375 0.302453

1.4375 0.302453
1.45312 0.30261

1.45312 0.302611
1.46875 0.302761

1.46875 0.302761
1.48438 0.302904

1.48438 0.302904
1.5 0.30304

3 0.30342
3.01562 0.303409

3.01562 0.303409
3.03125 0.303397

3.03125 0.303397
3.04688 0.303385

-2.5 0.300655
-2.48438 0.300648

-2.48438 0.300648
-2.46875 0.300651

-2.46875 0.300651
-2.45312 0.300663

-2.45312 0.300663
-2.4375 0.300684

-2.4375 0.300685
-2.42188 0.300713

-2.42188 0.300713
-2.40625 0.300745

-2.40625 0.300746
-2.39062 0.300779

-2.39062 0.30078
-2.375 0.300811

3.04688 0.303385
3.0625 0.303373

-2.375 0.300812
-2.35938 0.300838

1.5 0.30304
1.51562 0.303168

-2.35938 0.300839
-2.34375 0.300859

3.0625 0.303373
3.07812 0.30336

-2.34375 0.300859
-2.32812 0.300873

1.51562 0.303168
1.53125 0.303289

-2.32812 0.300873
-2.3125 0.300879

3.07812 0.30336
3.09375 0.303347

-2.3125 0.300879
-2.29688 0.300879

-2.29688 0.300879
-2.28125 0.300875

3.09375 0.303347
3.10938 0.303333

3.10938 0.303333
3.125 0.303319

1.53125 0.303289
1.54688 0.303403

3.125 0.303319
3.14062 0.303304

3.14062 0.303304
3.15625 0.303288

3.15625 0.303288
3.17188 0.303272

3.17188 0.303272
3.1875 0.303255

3.1875 0.303255
3.20312 0.303237

3.20312 0.303237
3.21875 0.303218

3.21875 0.303218
3.23438 0.303198

3.23438 0.303198
3.25 0.303177

-2.28125 0.300874
-2.26562 0.300869

-2.26562 0.300868
-2.25 0.300866

1.54688 0.303403
1.5625 0.303509

3.25 0.303177
3.26562 0.303156

3.26562 0.303156
3.28125 0.303133

3.28125 0.303133
3.29688 0.303109

-2.25 0.300864
-2.23438 0.300869

-2.23438 0.300867
-2.21875 0.300884

1.5625 0.303509
1.57812 0.303608

1.57812 0.303608
1.59375 0.303701

1.59375 0.303701
1.60938 0.303787

1.60938 0.303786
1.625 0.303866

-2.21875 0.300884
-2.20312 0.300918

-2.20312 0.30092
-2.1875 0.300967

3.29688 0.303109
3.3125 0.303084

3.3125 0.303084
3.32812 0.303057

3.32812 0.303057
3.34375 0.30303

3.34375 0.30303
3.35938 0.303

3.35938 0.303
3.375 0.302969

1.625 0.303866
1.64062 0.303939

3.375 0.302969
3.39062 0.302937

3.39062 0.302937
3.40625 0.302902

-2.1875 0.300971
-2.17188 0.301019

1.64062 0.303939
1.65625 0.304006

3.40625 0.302902
3.42188 0.302865

-2.17188 0.301021
-2.15625 0.301059

1.65625 0.304006
1.67188 0.304067

1.67188 0.304067
1.6875 0.304122

3.42188 0.302865
3.4375 0.302826

-2.15625 0.301059
-2.14062 0.301084

3.4375 0.302826
3.45312 0.302785

-2.14062 0.301083
-2.125 0.301097

3.45312 0.302784
3.46875 0.302742

1.6875 0.304122
1.70312 0.304173

3.46875 0.302742
3.48438 0.302699

-2.125 0.301097
-2.10938 0.301104

3.48438 0.302699
3.5 0.302658

1.70312 0.304173
1.71875 0.304218

1.71875 0.304218
1.73438 0.304259

1.73438 0.304259
1.75 0.304295

-2.10938 0.301103
-2.09375 0.301107

-2.09375 0.301106
-2.07812 0.301108

-2.07812 0.301108
-2.0625 0.301109

-2.0625 0.301108
-2.04688 0.30111

3.5 0.302657
3.51562 0.302621

3.51562 0.302619
3.53125 0.302591

1.75 0.304295
1.76562 0.304326

1.76562 0.304326
1.78125 0.304354

3.53125 0.302592
3.54688 0.302573

-2.04688 0.30111
-2.03125 0.301112

1.78125 0.304354
1.79688 0.304378

-2.03125 0.301112
-2.01562 0.301115

3.54688 0.302575
3.5625 0.30256

-2.01562 0.301115
-2 0.301121

1.79688 0.304378
1.8125 0.304398

1.8125 0.304398
1.82812 0.304414

1.82812 0.304414
1.84375 0.304428

1.84375 0.304428
1.85938 0.304438

1.85938 0.304438
1.875 0.304446

3.5625 0.302563
3.57812 0.302544

3.57812 0.302544
3.59375 0.302515

3.59375 0.302514
3.60938 0.302477

3.60938 0.302477
3.625 0.302434

3.625 0.302434
3.64062 0.302388

3.64062 0.302387
3.65625 0.302338

3.65625 0.302338
3.67188 0.302287

3.67188 0.302286
3.6875 0.302234

3.6875 0.302234
3.70312 0.302181

3.70312 0.302181
3.71875 0.30213

3.71875 0.302129
3.73438 0.302082

3.73438 0.302082
3.75 0.302039

3.75 0.30204
3.76562 0.302003

3.76562 0.302004
3.78125 0.301972

3.78125 0.301973
3.79688 0.301943

3.79688 0.301943
3.8125 0.30191

3.8125 0.301911
3.82812 0.301872

3.82812 0.301872
3.84375 0.301828

3.84375 0.301828
3.85938 0.301778

3.85938 0.301778
3.875 0.301722

3.875 0.301722
3.89062 0.30166

3.89062 0.30166
3.90625 0.301594

3.90625 0.301594
3.92188 0.301523

3.92188 0.301522
3.9375 0.301448

3.9375 0.301447
3.95312 0.301373

3.95312 0.301372
3.96875 0.301302

3.96875 0.3013
3.98438 0.301241

3.98438 0.301238
4 0.301201

