-0.25 0.290549
-0.234375 0.290782

-0.234375 0.290781
-0.21875 0.291042

-0.21875 0.291044
-0.203125 0.291331

-0.203125 0.291333
-0.1875 0.291638

-0.1875 0.29164
-0.171875 0.291952

-4 0.301766
-3.98438 0.301731

-3.98438 0.301731
-3.96875 0.301696

-3.96875 0.301696
-3.95312 0.301661

1.8125 0.30355
1.82812 0.30354

-0.171875 0.291953
-0.15625 0.292266

-0.15625 0.292266
-0.140625 0.292577

-0.140625 0.292578
-0.125 0.292883

1.82812 0.30354
1.84375 0.30353

-3.95312 0.301661
-3.9375 0.301625

1.84375 0.30353
1.85938 0.303521

-3.9375 0.301625
-3.92188 0.30159

-0.125 0.292886
-0.109375 0.293181

-3.92188 0.30159
-3.90625 0.301554

-3.90625 0.301554
-3.89062 0.301518

-3.89062 0.301518
-3.875 0.301483

-3.875 0.301483
-3.85938 0.301447

-3.85938 0.301447
-3.84375 0.301411

1.85938 0.303521
1.875 0.303511

-0.109375 0.293183
-0.09375 0.293461

-0.09375 0.293461
-0.078125 0.293717

-0.078125 0.293715
-0.0625 0.293952

-0.0625 0.293951
-0.046875 0.294175

-0.046875 0.294174
-0.03125 0.294388

-0.03125 0.294387
-0.015625 0.294593

-0.015625 0.294593
0 0.294792

-3.84375 0.301411
-3.82812 0.301376

-2 0.301744
-1.98438 0.301704

-1.98438 0.301704
-1.96875 0.30166

-1.96875 0.30166
-1.95312 0.301611

-1.95312 0.301611
-1.9375 0.301558

-3.82812 0.301376
-3.8125 0.301341

-3.8125 0.301341
-3.79688 0.301305

-3.79688 0.301305
-3.78125 0.30127

-3.78125 0.30127
-3.76562 0.301236

-3.76562 0.301236
-3.75 0.301201

0 0.294791
0.015625 0.294986

0.015625 0.294985
0.03125 0.295179

0.03125 0.295177
0.046875 0.295377

0.046875 0.295375
0.0625 0.295588

-1.9375 0.301558
-1.92188 0.301501

0.0625 0.295587
0.078125 0.295823

0.078125 0.295821
0.09375 0.296086

-3.75 0.301201
-3.73438 0.301167

-3.73438 0.301167
-3.71875 0.301134

0.09375 0.296087
0.109375 0.29638

0.109375 0.296383
0.125 0.296694

1.875 0.303511
1.89062 0.303502

1.89062 0.303502
1.90625 0.303493

1.90625 0.303493
1.92188 0.303484

-1.92188 0.301501
-1.90625 0.30144

-3.71875 0.301134
-3.70312 0.301101

-3.70312 0.301101
-3.6875 0.301069

1.92188 0.303484
1.9375 0.303475

1.9375 0.303475
1.95312 0.303466

-3.6875 0.301069
-3.67188 0.301037

-3.67188 0.301037
-3.65625 0.301007

-3.65625 0.301007
-3.64062 0.300977

0.125 0.296695
0.133734 0.296875

0.133765 0.296875
0.140625 0.297016

0.140625 0.297017
0.15625 0.297346

0.15625 0.297347
0.171875 0.297682

0.171875 0.297682
0.1875 0.298021

0.1875 0.298021
0.203125 0.298362

0.203125 0.298362
0.21875 0.298703

0.21875 0.298703
0.234375 0.299042

-3.64062 0.300977
-3.625 0.300947

-3.625 0.300948
-3.60938 0.300919

-3.60938 0.300919
-3.59375 0.300891

-3.59375 0.300891
-3.57812 0.300863

-3.57812 0.300863
-3.5625 0.300834

-3.5625 0.300834
-3.54688 0.300805

-3.54688 0.300805
-3.53125 0.300774

-3.53125 0.300774
-3.51562 0.300742

-3.51562 0.300742
-3.5 0.300709

-3.5 0.300709
-3.48438 0.300675

-3.48438 0.300675
-3.46875 0.300642

-3.46875 0.300641
-3.45312 0.300614

-3.45312 0.300612
-3.4375 0.300594

-3.4375 0.300593
-3.42188 0.30059

-3.42188 0.300588
-3.40625 0.300608

-3.40625 0.30061
-3.39062 0.300653

-3.39062 0.300655
-3.375 0.300714

-3.375 0.300716
-3.35938 0.30078

-3.35938 0.300782
-3.34375 0.300845

-3.34375 0.300848
-3.32812 0.300899

-3.32812 0.3009
-3.3125 0.300931

-3.3125 0.30093
-3.29688 0.300944

-3.29688 0.300942
-3.28125 0.300942

-3.28125 0.300941
-3.26562 0.300932

-3.26562 0.300931
-3.25 0.300917

1.95312 0.303466
1.96875 0.303457

-1.90625 0.30144
-1.89062 0.301374

-1.89062 0.301374
-1.875 0.301303

-3.25 0.300916
-3.23438 0.3009

1.96875 0.303457
1.98438 0.303448

-3.23438 0.300899
-3.21875 0.300887

1.98438 0.303448
2 0.303438

-1.875 0.301303
-1.85938 0.301228

-1.85938 0.301228
-1.84375 0.301149

0.234375 0.299043
0.25 0.299378

-3.21875 0.300886
-3.20312 0.300883

-3.20312 0.300881
-3.1875 0.300893

-3.1875 0.300894
-3.17188 0.300923

-3.17188 0.300925
-3.15625 0.300965

-3.15625 0.300969
-3.14062 0.301007

-3.14062 0.301008
-3.125 0.301032

0.25 0.299379
0.265625 0.29971

-3.125 0.301031
-3.10938 0.301041

-3.10938 0.301039
-3.09375 0.301039

0.265625 0.29971
0.28125 0.300034

-1.84375 0.301149
-1.82812 0.301065

-1.82812 0.301065
-1.8125 0.300976

-1.8125 0.300976
-1.79688 0.300883

-1.79688 0.300883
-1.78125 0.300784

-1.78125 0.300784
-1.76562 0.30068

-1.76562 0.30068
-1.75 0.30057

-3.09375 0.301037
-3.07812 0.301032

-3.07812 0.301031
-3.0625 0.301026

-3.0625 0.301025
-3.04688 0.301022

-3.04688 0.301022
-3.03125 0.301021

-3.03125 0.301021
-3.01562 0.301025

-3.01562 0.301025
-3 0.301031

-1.75 0.30057
-1.73438 0.300455

-1.73438 0.300455
-1.71875 0.300334

-1.71875 0.300334
-1.70312 0.300207

-1.70312 0.300207
-1.6875 0.300075

-1.6875 0.300075
-1.67188 0.299936

-1.67188 0.299936
-1.65625 0.299791

-1.65625 0.299791
-1.64062 0.299641

-1.64062 0.299641
-1.625 0.299484

-1.625 0.299484
-1.60938 0.299321

-1.60938 0.299321
-1.59375 0.299152

-1.59375 0.299152
-1.57812 0.298977

-1.57812 0.298977
-1.5625 0.298795

-1.5625 0.298795
-1.54688 0.298605

-1.54688 0.298605
-1.53125 0.298408

-1.53125 0.298408
-1.51562 0.298203

-1.51562 0.298203
-1.5 0.297988

-3 0.301032
-2.98438 0.301041

2 0.303438
2.01562 0.303429

2.01562 0.303429
2.03125 0.30342

-2.98438 0.301041
-2.96875 0.301052

-2.96875 0.301052
-2.95312 0.301065

-2.95312 0.301066
-2.9375 0.30108

-2.9375 0.30108
-2.92188 0.301096

-2.92188 0.301096
-2.90625 0.301113

2.03125 0.30342
2.04688 0.30341

2.04688 0.30341
2.0625 0.3034

-2.90625 0.301113
-2.89062 0.301131

-2.89062 0.301131
-2.875 0.30115

2.0625 0.3034
2.07812 0.30339

-2.875 0.30115
-2.85938 0.30117

-2.85938 0.30117
-2.84375 0.301191

0.28125 0.300035
0.296875 0.300351

-2.84375 0.301191
-2.82812 0.301212

2.07812 0.30339
2.09375 0.30338

-2.82812 0.301213
-2.8125 0.301235

2.09375 0.30338
2.10938 0.303369

-1.5 0.297988
-1.48438 0.297764

2.10938 0.303369
2.125 0.303357

-2.8125 0.301235
-2.79688 0.301258

2.125 0.303357
2.14062 0.303346

-1.48438 0.297764
-1.46875 0.297529

-2.79688 0.301258
-2.78125 0.301281

0.296875 0.300352
0.3125 0.300657

-2.78125 0.301281
-2.76562 0.301305

2.14062 0.303346
2.15625 0.303333

0.3125 0.300659
0.328125 0.300948

-1.46875 0.297529
-1.45312 0.297284

-1.45312 0.297284
-1.4375 0.29703

2.15625 0.303333
2.17188 0.30332

2.17188 0.30332
2.1875 0.303306

2.1875 0.303306
2.20312 0.303292

2.20312 0.303292
2.21875 0.303277

2.21875 0.303277
2.23438 0.303261

2.23438 0.303261
2.25 0.303245

0.328125 0.30095
0.34375 0.301217

2.25 0.303245
2.26562 0.303227

2.26562 0.303227
2.28125 0.303209

-2.76562 0.301305
-2.75 0.301329

2.28125 0.303209
2.29688 0.303189

-1.42188 0.296765
-1.42845 0.296875

0.34375 0.301218
0.359375 0.301458

0.359375 0.301456
0.375 0.30167

2.29688 0.303189
2.3125 0.303169

0.375 0.301668
0.390625 0.301864

-1.4375 0.29703
-1.42822 0.296875

-2.75 0.301329
-2.73438 0.301353

-1.42188 0.296766
-1.40625 0.296502

-1.40625 0.296502
-1.39062 0.296239

2.3125 0.303169
2.32812 0.303147

2.32812 0.303147
2.34375 0.303125

-1.39062 0.296239
-1.375 0.295978

2.34375 0.303125
2.35938 0.303101

2.35938 0.303101
2.375 0.303076

2.375 0.303076
2.39062 0.30305

2.39062 0.30305
2.40625 0.303023

-1.375 0.295978
-1.35938 0.295719

0.390625 0.301863
0.40625 0.302045

0.40625 0.302044
0.421875 0.302215

2.40625 0.303023
2.42188 0.302993

2.42188 0.302993
2.4375 0.302963

-1.35938 0.295719
-1.34375 0.295463

-1.34375 0.295463
-1.32812 0.29521

-2.73438 0.301353
-2.71875 0.301377

-2.71875 0.301377
-2.70312 0.301402

0.421875 0.302215
0.4375 0.302378

0.4375 0.302378
0.453125 0.302533

2.4375 0.302963
2.45312 0.30293

0.453125 0.302533
0.46875 0.30268

2.45312 0.30293
2.46875 0.302895

0.46875 0.30268
0.484375 0.302821

2.46875 0.302895
2.48438 0.302858

-1.32812 0.29521
-1.3125 0.294959

-2.70312 0.301402
-2.6875 0.301427

-1.3125 0.294959
-1.29688 0.294711

0.484375 0.302821
0.5 0.302955

-2.6875 0.301427
-2.67188 0.301451

-2.67188 0.301451
-2.65625 0.301476

-1.29688 0.294711
-1.28125 0.294466

-1.28125 0.294466
-1.26562 0.294224

2.48438 0.302858
2.5 0.302819

-2.65625 0.301476
-2.64062 0.301501

-2.64062 0.301501
-2.625 0.301526

-2.625 0.301526
-2.60938 0.301552

-2.60938 0.301552
-2.59375 0.301577

-2.59375 0.301577
-2.57812 0.301601

-2.57812 0.301602
-2.5625 0.301626

-2.5625 0.301626
-2.54688 0.301651

-1.26562 0.294224
-1.25 0.293985

0.5 0.302955
0.515625 0.303082

0.515625 0.303082
0.53125 0.303202

-2.54688 0.301651
-2.53125 0.301675

-2.53125 0.301675
-2.51562 0.301699

2.5 0.302819
2.51562 0.302778

2.51562 0.302778
2.53125 0.302735

0.53125 0.303202
0.546875 0.303316

-1.25 0.293985
-1.23438 0.293749

-1.23438 0.293749
-1.21875 0.293516

-2.51562 0.301699
-2.5 0.301723

-1.21875 0.293516
-1.20312 0.293287

-1.20312 0.293287
-1.1875 0.293061

0.546875 0.303316
0.5625 0.303422

2.53125 0.302735
2.54688 0.302692

0.5625 0.303422
0.578125 0.303522

2.54688 0.302691
2.5625 0.30265

2.5625 0.302649
2.57812 0.302612

-1.1875 0.293061
-1.17188 0.292839

-1.17188 0.292839
-1.15625 0.292621

0.578125 0.303522
0.59375 0.303615

0.59375 0.303615
0.609375 0.303701

2.57812 0.302611
2.59375 0.302582

0.609375 0.303701
0.625 0.303782

-1.15625 0.292621
-1.14062 0.292406

-1.14062 0.292406
-1.125 0.292196

2.59375 0.302582
2.60938 0.302562

-1.125 0.292196
-1.10938 0.29199

-1.10938 0.29199
-1.09375 0.291788

0.625 0.303782
0.640625 0.303856

0.640625 0.303856
0.65625 0.303924

2.60938 0.302563
2.625 0.302547

0.65625 0.303924
0.671875 0.303986

-1.09375 0.291788
-1.07812 0.291591

-2.5 0.301723
-2.48438 0.301746

-1.07812 0.291591
-1.0625 0.291398

0.671875 0.303986
0.6875 0.304044

-1.0625 0.291398
-1.04688 0.29121

0.6875 0.304043
0.703125 0.304095

-2.48438 0.301746
-2.46875 0.301768

2.625 0.302549
2.64062 0.302529

-2.46875 0.301768
-2.45312 0.30179

-1.04688 0.29121
-1.03125 0.291027

0.703125 0.304095
0.71875 0.304142

-1.03125 0.291027
-1.01562 0.290849

-2.45312 0.30179
-2.4375 0.301812

2.64062 0.30253
2.65625 0.302502

-2.4375 0.301812
-2.42188 0.301832

-1.01562 0.290849
-1 0.290676

-2.42188 0.301832
-2.40625 0.301852

-2.40625 0.301852
-2.39062 0.30187

2.65625 0.302501
2.67188 0.302465

2.67188 0.302465
2.6875 0.302422

0.71875 0.304142
0.734375 0.304184

0.734375 0.304184
0.75 0.304222

-2.39062 0.30187
-2.375 0.301888

2.6875 0.302422
2.70312 0.302376

2.70312 0.302376
2.71875 0.302326

-2.375 0.301888
-2.35938 0.301904

0.75 0.304222
0.765625 0.304255

2.71875 0.302326
2.73438 0.302274

2.73438 0.302273
2.75 0.30222

-2.35938 0.301904
-2.34375 0.30192

0.765625 0.304255
0.78125 0.304285

0.78125 0.304285
0.796875 0.30431

-2.34375 0.30192
-2.32812 0.301934

2.75 0.302219
2.76562 0.302166

0.796875 0.30431
0.8125 0.304332

-1 0.290676
-0.984375 0.290508

0.8125 0.304332
0.828125 0.304351

-0.984375 0.290508
-0.96875 0.290345

2.76562 0.302165
2.78125 0.302113

-0.96875 0.290345
-0.953125 0.290188

2.78125 0.302113
2.79688 0.302063

-2.32812 0.301934
-2.3125 0.301946

2.79688 0.302062
2.8125 0.30202

0.828125 0.304351
0.84375 0.304366

-0.953125 0.290188
-0.9375 0.290037

0.84375 0.304366
0.859375 0.304379

2.8125 0.302019
2.82812 0.301986

-0.9375 0.290037
-0.921875 0.289891

0.859375 0.304379
0.875 0.304388

-2.3125 0.301946
-2.29688 0.301957

2.82812 0.301987
2.84375 0.301961

-2.29688 0.301957
-2.28125 0.301967

-0.921875 0.289891
-0.90625 0.289751

0.875 0.304388
0.890625 0.304395

-0.90625 0.289751
-0.890625 0.289617

0.890625 0.304395
0.90625 0.3044

-2.28125 0.301967
-2.26562 0.301974

0.90625 0.3044
0.921875 0.304402

-0.890625 0.289617
-0.875 0.289489

2.84375 0.301963
2.85938 0.301939

-2.26562 0.301974
-2.25 0.30198

0.921875 0.304402
0.9375 0.304402

2.85938 0.30194
2.875 0.301909

0.9375 0.304402
0.953125 0.3044

2.875 0.301909
2.89062 0.30187

0.953125 0.3044
0.96875 0.304396

-0.875 0.289489
-0.859375 0.289368

2.89062 0.30187
2.90625 0.301823

0.96875 0.304396
0.984375 0.30439

2.90625 0.301823
2.92188 0.301771

2.92188 0.301771
2.9375 0.301713

-2.25 0.30198
-2.23438 0.301984

2.9375 0.301713
2.95312 0.30165

-2.23438 0.301984
-2.21875 0.301986

0.984375 0.30439
1 0.304383

-0.859375 0.289368
-0.84375 0.289252

2.95312 0.30165
2.96875 0.301583

-0.84375 0.289252
-0.828125 0.289143

-2.21875 0.301986
-2.20312 0.301986

-0.828125 0.289143
-0.8125 0.289041

2.96875 0.301582
2.98438 0.30151

-0.8125 0.289041
-0.796875 0.288945

-2.20312 0.301986
-2.1875 0.301983

-2.1875 0.301983
-2.17188 0.301978

-0.796875 0.288945
-0.78125 0.288857

-2.17188 0.301978
-2.15625 0.301971

2.98438 0.30151
3 0.301436

-0.78125 0.288857
-0.765625 0.288775

-0.765625 0.288775
-0.75 0.2887

-2.15625 0.301971
-2.14062 0.301961

-2.14062 0.301961
-2.125 0.301949

1 0.304383
1.01562 0.304374

-2.125 0.301949
-2.10938 0.301934

1.01562 0.304374
1.03125 0.304364

1.03125 0.304364
1.04688 0.304353

1.04688 0.304353
1.0625 0.304341

1.0625 0.304341
1.07812 0.304327

-0.75 0.2887
-0.734375 0.288632

-0.734375 0.288632
-0.71875 0.288572

-2.10938 0.301934
-2.09375 0.301916

-2.09375 0.301916
-2.07812 0.301895

1.07812 0.304327
1.09375 0.304313

-2.07812 0.301895
-2.0625 0.301871

-0.71875 0.288572
-0.703125 0.288519

-2.0625 0.301871
-2.04688 0.301844

-0.703125 0.288519
-0.6875 0.288473

-2.04688 0.301844
-2.03125 0.301814

1.09375 0.304312
1.10938 0.304297

3 0.301435
3.01562 0.301363

1.10938 0.304297
1.125 0.304281

-0.6875 0.288473
-0.671875 0.288435

-2.03125 0.301814
-2.01562 0.301781

-0.671875 0.288435
-0.65625 0.288405

3.01562 0.301361
3.03125 0.301296

-0.65625 0.288405
-0.640625 0.288383

3.03125 0.301295
3.04688 0.301246

1.125 0.304281
1.14062 0.304264

3.04688 0.301243
3.0625 0.301218

1.14062 0.304264
1.15625 0.304247

3.0625 0.301219
3.07812 0.301218

1.15625 0.304247
1.17188 0.304229

3.07812 0.30122
3.09375 0.301237

1.17188 0.304229
1.1875 0.30421

-2.01562 0.301781
-2 0.301744

1.1875 0.30421
1.20312 0.304192

3.09375 0.301238
3.10938 0.301266

-0.640625 0.288383
-0.625 0.288369

3.10938 0.301266
3.125 0.301303

1.20312 0.304192
1.21875 0.304173

3.125 0.301303
3.14062 0.301347

1.21875 0.304173
1.23438 0.304153

-0.625 0.288369
-0.609375 0.288363

1.23438 0.304153
1.25 0.304133

3.14062 0.301347
3.15625 0.301397

3.15625 0.301397
3.17188 0.301452

-0.609375 0.288363
-0.59375 0.288365

-0.59375 0.288365
-0.578125 0.288376

3.17188 0.301453
3.1875 0.301512

3.1875 0.301512
3.20312 0.301575

1.25 0.304133
1.26562 0.304114

1.26562 0.304114
1.28125 0.304094

-0.578125 0.288376
-0.5625 0.288395

1.28125 0.304094
1.29688 0.304074

-0.5625 0.288395
-0.546875 0.288423

-0.546875 0.288423
-0.53125 0.288459

3.20312 0.301575
3.21875 0.301641

3.21875 0.301641
3.23438 0.301709

3.23438 0.301709
3.25 0.30178

-0.53125 0.288459
-0.515625 0.288504

-0.515625 0.288504
-0.5 0.288558

1.29688 0.304074
1.3125 0.304054

1.3125 0.304054
1.32812 0.304034

1.32812 0.304034
1.34375 0.304014

3.25 0.30178
3.26562 0.301852

3.26562 0.301852
3.28125 0.301925

3.28125 0.301926
3.29688 0.302

3.29688 0.302
3.3125 0.302076

1.34375 0.304014
1.35938 0.303994

1.35938 0.303994
1.375 0.303974

3.3125 0.302076
3.32812 0.302152

1.375 0.303974
1.39062 0.303955

1.39062 0.303955
1.40625 0.303936

3.32812 0.302152
3.34375 0.302228

3.34375 0.302228
3.35938 0.302303

3.35938 0.302303
3.375 0.302376

3.375 0.302376
3.39062 0.302447

3.39062 0.302448
3.40625 0.302515

1.40625 0.303936
1.42188 0.303916

1.42188 0.303916
1.4375 0.303898

3.40625 0.302515
3.42188 0.302578

1.4375 0.303898
1.45312 0.303879

3.42188 0.302578
3.4375 0.302634

1.45312 0.303879
1.46875 0.303861

3.4375 0.302635
3.45312 0.302684

1.46875 0.303861
1.48438 0.303843

1.48438 0.303843
1.5 0.303825

-0.5 0.288558
-0.484375 0.288621

-0.484375 0.288621
-0.46875 0.288692

-0.46875 0.288692
-0.453125 0.288771

-0.453125 0.288771
-0.4375 0.288859

3.45312 0.302684
3.46875 0.302725

3.46875 0.302728
3.48438 0.302754

-0.4375 0.28886
-0.421875 0.288956

-0.421875 0.288956
-0.40625 0.28906

3.48438 0.302754
3.5 0.302757

-0.40625 0.28906
-0.390625 0.289172

-0.390625 0.289172
-0.375 0.289291

-0.375 0.289291
-0.359375 0.289417

-0.359375 0.289417
-0.34375 0.28955

-0.34375 0.28955
-0.328125 0.28969

-0.328125 0.28969
-0.3125 0.289837

-0.3125 0.289837
-0.296875 0.289994

-0.296875 0.289993
-0.28125 0.290162

-0.28125 0.29016
-0.265625 0.290346

-0.265625 0.290344
-0.25 0.29055

1.5 0.303825
1.51562 0.303808

1.51562 0.303808
1.53125 0.303791

1.53125 0.303791
1.54688 0.303774

1.54688 0.303774
1.5625 0.303758

1.5625 0.303758
1.57812 0.303742

1.57812 0.303742
1.59375 0.303727

3.5 0.302755
3.51562 0.302738

3.51562 0.302736
3.53125 0.302707

3.53125 0.302706
3.54688 0.302671

3.54688 0.30267
3.5625 0.302633

1.59375 0.303727
1.60938 0.303711

1.60938 0.303711
1.625 0.303697

3.5625 0.302632
3.57812 0.302596

1.625 0.303697
1.64062 0.303683

1.64062 0.303683
1.65625 0.303669

1.65625 0.303669
1.67188 0.303655

3.57812 0.302596
3.59375 0.302561

3.59375 0.302561
3.60938 0.302528

1.67188 0.303655
1.6875 0.303642

1.6875 0.303642
1.70312 0.303629

3.60938 0.302528
3.625 0.302497

3.625 0.302497
3.64062 0.302468

3.64062 0.302468
3.65625 0.30244

3.65625 0.30244
3.67188 0.302413

1.70312 0.303629
1.71875 0.303617

1.71875 0.303617
1.73438 0.303605

3.67188 0.302413
3.6875 0.302386

3.6875 0.302386
3.70312 0.302359

1.73438 0.303605
1.75 0.303593

3.70312 0.302359
3.71875 0.302332

3.71875 0.302332
3.73438 0.302305

3.73438 0.302305
3.75 0.302277

1.75 0.303593
1.76562 0.303582

1.76562 0.303582
1.78125 0.303571

1.78125 0.303571
1.79688 0.303561

1.79688 0.303561
1.8125 0.30355

3.75 0.302277
3.76562 0.302249

3.76562 0.302249
3.78125 0.30222

3.78125 0.30222
3.79688 0.30219

3.79688 0.30219
3.8125 0.30216

3.8125 0.30216
3.82812 0.30213

3.82812 0.30213
3.84375 0.302099

3.84375 0.302099
3.85938 0.302067

3.85938 0.302067
3.875 0.302035

3.875 0.302035
3.89062 0.302003

3.89062 0.302003
3.90625 0.30197

3.90625 0.30197
3.92188 0.301937

3.92188 0.301937
3.9375 0.301903

3.9375 0.301903
3.95312 0.301869

3.95312 0.301869
3.96875 0.301835

3.96875 0.301835
3.98438 0.301801

3.98438 0.301801
4 0.301766

