-4 0.303103
-3.98438 0.303086

-3.98438 0.303086
-3.96875 0.303068

-3.96875 0.303068
-3.95312 0.30305

-0.0625 0.295738
-0.046875 0.29551

-0.046875 0.29551
-0.03125 0.295284

-0.03125 0.295284
-0.015625 0.295062

-0.015625 0.295062
0 0.294842

-2 0.300625
-1.98438 0.300616

2 0.3018
2.01562 0.301818

2.01562 0.301818
2.03125 0.301836

-3.95312 0.30305
-3.9375 0.30303

-3.9375 0.30303
-3.92188 0.303009

-3.92188 0.303009
-3.90625 0.302988

-3.90625 0.302988
-3.89062 0.302965

2.03125 0.301836
2.04688 0.301854

-1.98438 0.300616
-1.96875 0.300609

-1.96875 0.300609
-1.95312 0.300603

-3.89062 0.302965
-3.875 0.302942

-1.95312 0.300603
-1.9375 0.300597

-1.9375 0.300597
-1.92188 0.300593

2.04688 0.301854
2.0625 0.301872

-3.875 0.302942
-3.85938 0.302918

2.0625 0.301872
2.07812 0.301889

-3.85938 0.302918
-3.84375 0.302892

-3.84375 0.302892
-3.82812 0.302866

-3.82812 0.302866
-3.8125 0.302838

-1.92188 0.300593
-1.90625 0.300589

-1.90625 0.300589
-1.89062 0.300587

-1.89062 0.300587
-1.875 0.300586

-1.875 0.300586
-1.85938 0.300586

-1.85938 0.300586
-1.84375 0.300587

2.07812 0.301889
2.09375 0.301907

2.09375 0.301907
2.10938 0.301926

2.10938 0.301926
2.125 0.301945

2.125 0.301945
2.14062 0.301965

2.14062 0.301965
2.15625 0.301987

2.15625 0.301987
2.17188 0.302009

2.17188 0.302009
2.1875 0.302033

2.1875 0.302033
2.20312 0.302059

2.20312 0.302059
2.21875 0.302086

2.21875 0.302086
2.23438 0.302115

2.23438 0.302115
2.25 0.302147

2.25 0.302147
2.26562 0.302181

2.26562 0.302181
2.28125 0.302218

2.28125 0.302218
2.29688 0.302257

2.29688 0.302257
2.3125 0.3023

2.3125 0.3023
2.32812 0.302346

2.32812 0.302346
2.34375 0.302395

2.34375 0.302395
2.35938 0.302447

2.35938 0.302447
2.375 0.302504

2.375 0.302504
2.39062 0.302564

2.39062 0.302564
2.40625 0.302627

2.40625 0.302627
2.42188 0.302693

2.42188 0.302693
2.4375 0.302762

2.4375 0.302762
2.45312 0.302832

2.45312 0.302833
2.46875 0.302904

2.46875 0.302904
2.48438 0.302976

2.48438 0.302976
2.5 0.303048

2.5 0.303051
2.51562 0.303117

2.51562 0.303118
2.53125 0.303168

2.53125 0.303167
2.54688 0.303199

2.54688 0.303198
2.5625 0.303215

2.5625 0.303214
2.57812 0.303222

2.57812 0.303221
2.59375 0.303225

2.59375 0.303224
2.60938 0.303225

2.60938 0.303225
2.625 0.303225

2.625 0.303225
2.64062 0.303225

2.64062 0.303225
2.65625 0.303226

2.65625 0.303226
2.67188 0.303228

2.67188 0.303228
2.6875 0.30323

2.6875 0.30323
2.70312 0.303233

2.70312 0.303233
2.71875 0.303237

2.71875 0.303237
2.73438 0.303241

2.73438 0.303241
2.75 0.303245

2.75 0.303245
2.76562 0.30325

-3.8125 0.302838
-3.79688 0.302809

2.76562 0.30325
2.78125 0.303254

-3.79688 0.302809
-3.78125 0.30278

-3.78125 0.30278
-3.76562 0.302749

-3.76562 0.302749
-3.75 0.302717

2.78125 0.303254
2.79688 0.303258

2.79688 0.303258
2.8125 0.303263

2.8125 0.303263
2.82812 0.303267

-1.84375 0.300587
-1.82812 0.300589

2.82812 0.303267
2.84375 0.30327

2.84375 0.30327
2.85938 0.303274

2.85938 0.303274
2.875 0.303278

-1.82812 0.300589
-1.8125 0.300593

-1.8125 0.300593
-1.79688 0.300599

-1.79688 0.300599
-1.78125 0.300606

-3.75 0.302717
-3.73438 0.302684

-3.73438 0.302684
-3.71875 0.30265

-1.78125 0.300606
-1.76562 0.300614

2.875 0.303278
2.89062 0.303281

-3.71875 0.30265
-3.70312 0.302614

2.89062 0.303281
2.90625 0.303284

-1.76562 0.300614
-1.75 0.300624

2.90625 0.303284
2.92188 0.303287

-3.70312 0.302614
-3.6875 0.302578

-3.6875 0.302578
-3.67188 0.30254

-3.67188 0.30254
-3.65625 0.302501

-3.65625 0.302501
-3.64062 0.302461

-3.64062 0.302461
-3.625 0.30242

-1.75 0.300624
-1.73438 0.300635

-3.625 0.30242
-3.60938 0.302377

-1.73438 0.300635
-1.71875 0.300647

2.92188 0.303287
2.9375 0.30329

-1.71875 0.300647
-1.70312 0.300661

2.9375 0.30329
2.95312 0.303293

2.95312 0.303293
2.96875 0.303296

2.96875 0.303296
2.98438 0.303298

2.98438 0.303298
3 0.303301

-3.60938 0.302377
-3.59375 0.302333

-3.59375 0.302333
-3.57812 0.302287

-3.57812 0.302287
-3.5625 0.30224

-1.70312 0.300661
-1.6875 0.300676

-3.5625 0.30224
-3.54688 0.302191

-3.54688 0.302191
-3.53125 0.302141

-3.53125 0.302141
-3.51562 0.30209

-3.51562 0.302089
-3.5 0.302038

-1.6875 0.300676
-1.67188 0.300691

-1.67188 0.300691
-1.65625 0.300708

-1.65625 0.300708
-1.64062 0.300726

-1.64062 0.300726
-1.625 0.300744

-1.625 0.300744
-1.60938 0.300763

-1.60938 0.300763
-1.59375 0.300783

-1.59375 0.300783
-1.57812 0.300803

-1.57812 0.300803
-1.5625 0.300824

-1.5625 0.300824
-1.54688 0.300846

-1.54688 0.300846
-1.53125 0.300868

0 0.294842
0.015625 0.294626

0.015625 0.294626
0.03125 0.294412

0.03125 0.294412
0.046875 0.294203

-1.53125 0.300868
-1.51562 0.300891

-3.5 0.302038
-3.48438 0.301988

-1.51562 0.300891
-1.5 0.300914

0.046875 0.294203
0.0625 0.293996

-3.48438 0.301987
-3.46875 0.30194

0.0625 0.293996
0.078125 0.293794

-3.46875 0.301939
-3.45312 0.301897

0.078125 0.293794
0.09375 0.293595

3 0.303301
3.01562 0.303303

3.01562 0.303303
3.03125 0.303306

3.03125 0.303306
3.04688 0.303308

3.04688 0.303308
3.0625 0.30331

3.0625 0.30331
3.07812 0.303312

3.07812 0.303312
3.09375 0.303315

-1.5 0.300914
-1.48438 0.300939

-1.48438 0.300939
-1.46875 0.300964

-1.46875 0.300964
-1.45312 0.300989

0.09375 0.293595
0.109375 0.2934

0.109375 0.2934
0.125 0.293209

0.125 0.293209
0.140625 0.293022

0.140625 0.293022
0.15625 0.29284

0.15625 0.29284
0.171875 0.292662

3.09375 0.303315
3.10938 0.303317

3.10938 0.303317
3.125 0.303319

3.125 0.303319
3.14062 0.303321

3.14062 0.303321
3.15625 0.303323

3.15625 0.303323
3.17188 0.303325

3.17188 0.303325
3.1875 0.303326

3.1875 0.303326
3.20312 0.303328

3.20312 0.303328
3.21875 0.30333

0.171875 0.292662
0.1875 0.292489

-1.45312 0.300989
-1.4375 0.301016

3.21875 0.30333
3.23438 0.303331

0.1875 0.292489
0.203125 0.292321

0.203125 0.292321
0.21875 0.292158

-1.4375 0.301016
-1.42188 0.301042

0.21875 0.292158
0.234375 0.292

0.234375 0.292
0.25 0.291847

-1.42188 0.301042
-1.40625 0.30107

-1.40625 0.30107
-1.39062 0.301097

-1.39062 0.301097
-1.375 0.301124

-1.375 0.301124
-1.35938 0.301151

3.23438 0.303331
3.25 0.303333

0.25 0.291847
0.265625 0.2917

0.265625 0.2917
0.28125 0.291558

0.28125 0.291558
0.296875 0.291421

0.296875 0.291421
0.3125 0.291291

0.3125 0.291291
0.328125 0.291166

-1.35938 0.301151
-1.34375 0.301178

-1.34375 0.301178
-1.32812 0.301205

-1.32812 0.301205
-1.3125 0.301231

-1.3125 0.301231
-1.29688 0.301257

0.328125 0.291166
0.34375 0.291048

-1.29688 0.301257
-1.28125 0.301282

3.25 0.303333
3.26562 0.303334

0.34375 0.291047
0.359375 0.290935

3.26562 0.303334
3.28125 0.303336

-1.28125 0.301282
-1.26562 0.301307

-3.45312 0.301897
-3.4375 0.30186

-3.4375 0.30186
-3.42188 0.301826

-3.42188 0.301827
-3.40625 0.301792

-3.40625 0.301793
-3.39062 0.301755

-3.39062 0.301755
-3.375 0.301712

-3.375 0.301711
-3.35938 0.301664

-3.35938 0.301664
-3.34375 0.301614

-3.34375 0.301614
-3.32812 0.301561

-3.32812 0.301561
-3.3125 0.301507

-3.3125 0.301506
-3.29688 0.301451

-3.29688 0.30145
-3.28125 0.301394

-3.28125 0.301394
-3.26562 0.301337

-3.26562 0.301337
-3.25 0.301283

-3.25 0.301282
-3.23438 0.301234

-3.23438 0.301233
-3.21875 0.301192

-3.21875 0.301192
-3.20312 0.30116

-3.20312 0.30116
-3.1875 0.301139

-3.1875 0.30114
-3.17188 0.301126

-3.17188 0.301128
-3.15625 0.301114

-3.15625 0.301116
-3.14062 0.301095

-3.14062 0.301095
-3.125 0.301062

-3.125 0.301061
-3.10938 0.301017

-3.10938 0.301016
-3.09375 0.300962

-3.09375 0.300962
-3.07812 0.3009

-3.07812 0.300899
-3.0625 0.300831

-3.0625 0.30083
-3.04688 0.300761

-3.04688 0.300759
-3.03125 0.300696

-3.03125 0.300694
-3.01562 0.300644

-3.01562 0.300641
-3 0.300615

-3 0.300615
-2.98438 0.300615

-2.98438 0.300617
-2.96875 0.300638

-2.96875 0.300639
-2.95312 0.300675

-2.95312 0.300676
-2.9375 0.300721

3.28125 0.303336
3.29688 0.303337

3.29688 0.303337
3.3125 0.303338

3.3125 0.303338
3.32812 0.303339

3.32812 0.303339
3.34375 0.30334

-1.26562 0.301307
-1.25 0.301331

-2.9375 0.300722
-2.92188 0.300776

-2.92188 0.300776
-2.90625 0.300837

0.359375 0.290935
0.375 0.290829

3.34375 0.30334
3.35938 0.30334

3.35938 0.30334
3.375 0.303341

-2.90625 0.300838
-2.89062 0.300903

-2.89062 0.300904
-2.875 0.300971

-1.25 0.301331
-1.23438 0.301355

-1.23438 0.301355
-1.21875 0.301378

-1.21875 0.301378
-1.20312 0.3014

0.375 0.290829
0.390625 0.290729

3.375 0.303341
3.39062 0.303341

0.390625 0.290729
0.40625 0.290635

-1.20312 0.3014
-1.1875 0.301422

0.40625 0.290635
0.421875 0.290549

-2.875 0.300972
-2.85938 0.301039

0.421875 0.290549
0.4375 0.290469

-2.85938 0.30104
-2.84375 0.301105

-1.1875 0.301422
-1.17188 0.301443

0.4375 0.290469
0.453125 0.290396

-2.84375 0.301105
-2.82812 0.301165

0.453125 0.290396
0.46875 0.29033

3.39062 0.303341
3.40625 0.303341

0.46875 0.29033
0.484375 0.290271

3.40625 0.303341
3.42188 0.303342

-1.17188 0.301443
-1.15625 0.301462

-2.82812 0.301165
-2.8125 0.301218

-1.15625 0.301462
-1.14062 0.301481

3.42188 0.303342
3.4375 0.303341

-2.8125 0.301221
-2.79688 0.30126

0.484375 0.290271
0.5 0.290219

3.4375 0.303341
3.45312 0.303341

-1.14062 0.301481
-1.125 0.301499

-2.79688 0.30126
-2.78125 0.301281

-1.125 0.301499
-1.10938 0.301515

-1.10938 0.301515
-1.09375 0.301531

-2.78125 0.301279
-2.76562 0.301285

-2.76562 0.301283
-2.75 0.30128

3.45312 0.303341
3.46875 0.30334

3.46875 0.30334
3.48438 0.30334

-1.09375 0.301531
-1.07812 0.301545

-2.75 0.301279
-2.73438 0.301272

3.48438 0.30334
3.5 0.303339

-2.73438 0.301272
-2.71875 0.301263

-1.07812 0.301545
-1.0625 0.301558

-2.71875 0.301263
-2.70312 0.301254

-1.0625 0.301558
-1.04688 0.301569

0.5 0.290219
0.515625 0.290175

-1.04688 0.301569
-1.03125 0.301579

-1.03125 0.301579
-1.01562 0.301588

0.515625 0.290175
0.53125 0.290138

-1.01562 0.301588
-1 0.301595

-2.70312 0.301254
-2.6875 0.301245

-2.6875 0.301245
-2.67188 0.301237

0.53125 0.290138
0.546875 0.290109

0.546875 0.290109
0.5625 0.290087

-2.67188 0.301237
-2.65625 0.301228

-2.65625 0.301228
-2.64062 0.30122

0.5625 0.290087
0.578125 0.290073

3.5 0.303339
3.51562 0.303337

-2.64062 0.30122
-2.625 0.301212

3.51562 0.303337
3.53125 0.303336

0.578125 0.290073
0.59375 0.290067

0.59375 0.290067
0.609375 0.290068

-2.625 0.301212
-2.60938 0.301204

-1 0.301595
-0.984375 0.3016

0.609375 0.290068
0.625 0.290077

-2.60938 0.301204
-2.59375 0.301195

0.625 0.290077
0.640625 0.290094

-0.984375 0.3016
-0.96875 0.301603

3.53125 0.303336
3.54688 0.303334

-0.96875 0.301603
-0.953125 0.301605

3.54688 0.303334
3.5625 0.303332

0.640625 0.290094
0.65625 0.290118

3.5625 0.303332
3.57812 0.30333

0.65625 0.290118
0.671875 0.29015

-2.59375 0.301195
-2.57812 0.301186

0.671875 0.29015
0.6875 0.290189

-2.57812 0.301186
-2.5625 0.301176

3.57812 0.30333
3.59375 0.303327

-2.5625 0.301176
-2.54688 0.301166

3.59375 0.303327
3.60938 0.303324

-2.54688 0.301166
-2.53125 0.301156

-0.953125 0.301605
-0.9375 0.301605

-2.53125 0.301156
-2.51562 0.301144

0.6875 0.290189
0.703125 0.290234

3.60938 0.303324
3.625 0.303321

0.703125 0.290234
0.71875 0.290285

-2.51562 0.301144
-2.5 0.301132

3.625 0.303321
3.64062 0.303318

0.71875 0.290285
0.734375 0.290342

3.64062 0.303318
3.65625 0.303314

-0.9375 0.301605
-0.921875 0.301603

3.65625 0.303314
3.67188 0.303309

0.734375 0.290342
0.75 0.290404

3.67188 0.303309
3.6875 0.303305

-0.921875 0.301603
-0.90625 0.301598

-0.90625 0.301598
-0.890625 0.301592

-0.890625 0.301592
-0.875 0.301583

0.75 0.290404
0.765625 0.290471

3.6875 0.303305
3.70312 0.3033

3.70312 0.3033
3.71875 0.303294

0.765625 0.290471
0.78125 0.290542

0.78125 0.290542
0.796875 0.29062

0.796875 0.290619
0.8125 0.290705

3.71875 0.303294
3.73438 0.303288

3.73438 0.303288
3.75 0.303282

-0.875 0.301583
-0.859375 0.301572

-0.859375 0.301572
-0.84375 0.301559

-2.5 0.301132
-2.48438 0.301119

3.75 0.303282
3.76562 0.303275

-2.48438 0.301119
-2.46875 0.301105

0.8125 0.290704
0.828125 0.290801

-2.46875 0.301105
-2.45312 0.301091

-0.84375 0.301559
-0.828125 0.301543

3.76562 0.303275
3.78125 0.303268

-0.828125 0.301543
-0.8125 0.301524

0.828125 0.290799
0.84375 0.290913

3.78125 0.303268
3.79688 0.30326

0.84375 0.290911
0.859375 0.291049

-0.8125 0.301524
-0.796875 0.301503

0.859375 0.291047
0.875 0.291213

-2.45312 0.301091
-2.4375 0.301076

-2.4375 0.301076
-2.42188 0.301061

-0.796875 0.301503
-0.78125 0.301479

-2.42188 0.301061
-2.40625 0.301045

-2.40625 0.301045
-2.39062 0.301028

3.79688 0.30326
3.8125 0.303252

-2.39062 0.301028
-2.375 0.301011

-0.78125 0.301479
-0.765625 0.301452

3.8125 0.303252
3.82812 0.303243

0.875 0.291214
0.890625 0.291408

3.82812 0.303243
3.84375 0.303233

3.84375 0.303233
3.85938 0.303223

-0.765625 0.301452
-0.75 0.301422

3.85938 0.303223
3.875 0.303213

0.890625 0.29141
0.90625 0.291625

-2.375 0.301011
-2.35938 0.300994

-2.35938 0.300994
-2.34375 0.300976

0.90625 0.291626
0.921875 0.291856

3.875 0.303213
3.89062 0.303201

0.921875 0.291857
0.9375 0.292096

-2.34375 0.300976
-2.32812 0.300958

0.9375 0.292097
0.953125 0.292344

-2.32812 0.300958
-2.3125 0.30094

0.953125 0.292344
0.96875 0.292596

-0.75 0.301422
-0.734375 0.301389

0.96875 0.292596
0.984375 0.292852

0.984375 0.292852
1 0.29311

3.89062 0.303201
3.90625 0.303189

-2.3125 0.30094
-2.29688 0.300922

3.90625 0.303189
3.92188 0.303177

-0.734375 0.301389
-0.71875 0.301353

3.92188 0.303177
3.9375 0.303164

-0.71875 0.301353
-0.703125 0.301315

-0.703125 0.301315
-0.6875 0.301272

-2.29688 0.300922
-2.28125 0.300903

-2.28125 0.300903
-2.26562 0.300885

3.9375 0.303164
3.95312 0.30315

3.95312 0.30315
3.96875 0.303135

-0.6875 0.301272
-0.671875 0.301227

-0.671875 0.301227
-0.65625 0.301178

-2.26562 0.300885
-2.25 0.300867

3.96875 0.303135
3.98438 0.30312

3.98438 0.30312
4 0.303103

-2.25 0.300867
-2.23438 0.300848

-2.23438 0.300848
-2.21875 0.30083

1 0.29311
1.01562 0.29337

1.01562 0.29337
1.03125 0.29363

1.03125 0.29363
1.04688 0.29389

1.04688 0.29389
1.0625 0.294149

-2.21875 0.30083
-2.20312 0.300812

-2.20312 0.300812
-2.1875 0.300794

-2.1875 0.300794
-2.17188 0.300777

-2.17188 0.300777
-2.15625 0.30076

-2.15625 0.30076
-2.14062 0.300743

-2.14062 0.300743
-2.125 0.300727

-0.65625 0.301178
-0.640625 0.301126

-2.125 0.300727
-2.10938 0.300712

-2.10938 0.300712
-2.09375 0.300697

1.0625 0.294149
1.07812 0.294406

-0.640625 0.301126
-0.625 0.30107

1.07812 0.294406
1.09375 0.294661

-0.625 0.30107
-0.609375 0.301011

-2.09375 0.300697
-2.07812 0.300682

-0.609375 0.301011
-0.59375 0.300947

1.09375 0.294662
1.10938 0.294914

-0.59375 0.300947
-0.578125 0.300879

-2.07812 0.300682
-2.0625 0.300669

-0.578125 0.300879
-0.5625 0.300806

1.10938 0.294914
1.125 0.295164

-0.5625 0.300806
-0.546875 0.30073

-2.0625 0.300669
-2.04688 0.300657

-0.546875 0.30073
-0.53125 0.300649

1.125 0.295164
1.14062 0.29541

-0.53125 0.300649
-0.515625 0.300563

-2.04688 0.300657
-2.03125 0.300645

-0.515625 0.300563
-0.5 0.300473

1.14062 0.29541
1.15625 0.295652

1.15625 0.295652
1.17188 0.295889

1.17188 0.295889
1.1875 0.296121

1.1875 0.296121
1.20312 0.296348

1.20312 0.296348
1.21875 0.296569

1.21875 0.296569
1.23438 0.296784

1.23438 0.296785
1.24108 0.296875

-2.03125 0.300645
-2.01562 0.300634

-2.01562 0.300634
-2 0.300625

1.24122 0.296875
1.25 0.296993

1.25 0.296993
1.26562 0.297199

-0.5 0.300473
-0.484375 0.300379

-0.484375 0.300379
-0.46875 0.30028

-0.46875 0.30028
-0.453125 0.300177

-0.453125 0.300177
-0.4375 0.300069

-0.4375 0.300069
-0.421875 0.299956

-0.421875 0.299956
-0.40625 0.299839

-0.40625 0.299839
-0.390625 0.299716

-0.390625 0.299716
-0.375 0.299588

1.26562 0.297199
1.28125 0.297402

1.28125 0.297402
1.29688 0.297601

-0.375 0.299588
-0.359375 0.299455

-0.359375 0.299455
-0.34375 0.299317

1.29688 0.297601
1.3125 0.297796

1.3125 0.297796
1.32812 0.297987

-0.34375 0.299317
-0.328125 0.299173

-0.328125 0.299173
-0.3125 0.299024

-0.3125 0.299024
-0.296875 0.298868

-0.296875 0.298869
-0.28125 0.298707

-0.28125 0.298707
-0.265625 0.29854

-0.265625 0.29854
-0.25 0.298365

1.32812 0.297987
1.34375 0.298174

1.34375 0.298174
1.35938 0.298356

1.35938 0.298356
1.375 0.298534

-0.25 0.298366
-0.234375 0.298184

-0.234375 0.298184
-0.21875 0.297995

-0.21875 0.297995
-0.203125 0.297797

-0.203125 0.297797
-0.1875 0.29759

1.375 0.298534
1.39062 0.298706

1.39062 0.298706
1.40625 0.298874

1.40625 0.298874
1.42188 0.299037

1.42188 0.299037
1.4375 0.299195

1.4375 0.299195
1.45312 0.299347

1.45312 0.299347
1.46875 0.299495

1.46875 0.299495
1.48438 0.299637

1.48438 0.299637
1.5 0.299773

-0.1875 0.29759
-0.171875 0.297374

-0.171875 0.297374
-0.15625 0.297149

-0.15625 0.297149
-0.140625 0.296916

-0.125 0.296677
-0.138048 0.296875

-0.140625 0.296917
-0.137842 0.296875

-0.125 0.296677
-0.109375 0.296439

-0.109375 0.296439
-0.09375 0.296204

-0.09375 0.296204
-0.078125 0.29597

-0.078125 0.29597
-0.0625 0.295739

1.5 0.299773
1.51562 0.299905

1.51562 0.299905
1.53125 0.300031

1.53125 0.300031
1.54688 0.300151

1.54688 0.300151
1.5625 0.300267

1.5625 0.300267
1.57812 0.300377

1.57812 0.300377
1.59375 0.300482

1.59375 0.300482
1.60938 0.300582

1.60938 0.300582
1.625 0.300676

1.625 0.300676
1.64062 0.300766

1.64062 0.300766
1.65625 0.300851

1.65625 0.300851
1.67188 0.300931

1.67188 0.300931
1.6875 0.301007

1.6875 0.301007
1.70312 0.301078

1.70312 0.301078
1.71875 0.301145

1.71875 0.301144
1.73438 0.301207

1.73438 0.301207
1.75 0.301265

1.75 0.301265
1.76562 0.30132

1.76562 0.30132
1.78125 0.301371

1.78125 0.301371
1.79688 0.301418

1.79688 0.301418
1.8125 0.301462

1.8125 0.301462
1.82812 0.301503

1.82812 0.301503
1.84375 0.301541

1.84375 0.301541
1.85938 0.301576

1.85938 0.301576
1.875 0.301608

1.875 0.301608
1.89062 0.301638

1.89062 0.301638
1.90625 0.301666

1.90625 0.301666
1.92188 0.301692

1.92188 0.301692
1.9375 0.301716

1.9375 0.301716
1.95312 0.301739

1.95312 0.301739
1.96875 0.30176

1.96875 0.30176
1.98438 0.30178

1.98438 0.30178
2 0.3018

