1.8125 0.300661
1.82812 0.300673

1.82812 0.300673
1.84375 0.300685

1.84375 0.300685
1.85938 0.300697

1.85938 0.300697
1.875 0.30071

-4 0.293115
-3.98438 0.293256

-3.98438 0.29326
-3.96875 0.293423

-3.96875 0.293425
-3.95312 0.293602

-3.95312 0.293602
-3.9375 0.293789

-3.9375 0.293789
-3.92188 0.293984

1.875 0.30071
1.89062 0.300723

1.89062 0.300723
1.90625 0.300737

1.90625 0.300737
1.92188 0.300751

-3.92188 0.293985
-3.90625 0.294187

-3.90625 0.294187
-3.89062 0.294396

-3.89062 0.294396
-3.875 0.294609

-3.875 0.294609
-3.85938 0.294825

-3.85938 0.294826
-3.84375 0.295043

-3.84375 0.295043
-3.82812 0.295259

1.92188 0.300751
1.9375 0.300765

1.9375 0.300765
1.95312 0.300779

1.95312 0.300779
1.96875 0.300794

-3.82812 0.295259
-3.8125 0.295473

-3.8125 0.295472
-3.79688 0.295684

-3.79688 0.295684
-3.78125 0.295894

-3.78125 0.295894
-3.76562 0.2961

-3.76562 0.2961
-3.75 0.296301

1.96875 0.300794
1.98438 0.300809

-2 0.300743
-1.98438 0.300739

-1.98438 0.300739
-1.96875 0.300735

1.98438 0.300809
2 0.300823

2 0.300823
2.01562 0.300838

2.01562 0.300838
2.03125 0.300854

2.03125 0.300854
2.04688 0.30087

2.04688 0.30087
2.0625 0.300886

2.0625 0.300886
2.07812 0.300902

2.07812 0.300902
2.09375 0.300919

2.09375 0.300919
2.10938 0.300936

2.10938 0.300936
2.125 0.300952

2.125 0.300952
2.14062 0.300969

2.14062 0.300969
2.15625 0.300984

2.15625 0.300984
2.17188 0.301

2.17188 0.301
2.1875 0.301014

2.1875 0.301014
2.20312 0.301028

2.20312 0.301028
2.21875 0.301041

2.21875 0.301041
2.23438 0.301053

2.23438 0.301053
2.25 0.301065

2.25 0.301065
2.26562 0.301076

2.26562 0.301076
2.28125 0.301086

2.28125 0.301086
2.29688 0.301095

2.29688 0.301095
2.3125 0.301104

2.3125 0.301104
2.32812 0.301112

2.32812 0.301112
2.34375 0.301118

2.34375 0.301118
2.35938 0.301124

2.35938 0.301124
2.375 0.301129

2.375 0.301129
2.39062 0.301133

2.39062 0.301133
2.40625 0.301135

2.40625 0.301135
2.42188 0.301137

2.42188 0.301137
2.4375 0.301137

2.4375 0.301137
2.45312 0.301136

2.45312 0.301136
2.46875 0.301133

2.46875 0.301133
2.48438 0.301129

2.48438 0.301129
2.5 0.301124

0 0.301903
0.015625 0.30187

0.015625 0.301871
0.03125 0.301839

0.03125 0.301839
0.046875 0.30181

0.046875 0.30181
0.0625 0.301781

2.5 0.301124
2.51562 0.301117

0.0625 0.301781
0.078125 0.301752

0.078125 0.301752
0.09375 0.301723

0.09375 0.301723
0.109375 0.301693

0.109375 0.301693
0.125 0.301661

0.125 0.301661
0.140625 0.301628

0.140625 0.301628
0.15625 0.301594

0.15625 0.301594
0.171875 0.301559

0.171875 0.301559
0.1875 0.301522

0.1875 0.301522
0.203125 0.301485

0.203125 0.301485
0.21875 0.301448

0.21875 0.301448
0.234375 0.30141

0.234375 0.30141
0.25 0.301373

0.25 0.301373
0.265625 0.301335

0.265625 0.301335
0.28125 0.301297

0.28125 0.301297
0.296875 0.30126

0.296875 0.30126
0.3125 0.301223

0.3125 0.301222
0.328125 0.301185

0.328125 0.301185
0.34375 0.301148

0.34375 0.301148
0.359375 0.301111

0.359375 0.301111
0.375 0.301074

0.375 0.301074
0.390625 0.301038

0.390625 0.301038
0.40625 0.301001

0.40625 0.301001
0.421875 0.300965

0.421875 0.300965
0.4375 0.300929

0.4375 0.300929
0.453125 0.300893

0.453125 0.300893
0.46875 0.300858

0.46875 0.300858
0.484375 0.300823

0.484375 0.300823
0.5 0.300788

-3.75 0.296301
-3.73438 0.296497

-3.73438 0.296497
-3.71875 0.296688

-3.71875 0.296689
-3.70312 0.296874

2.51562 0.301117
2.53125 0.301108

2.53125 0.301108
2.54688 0.301098

2.54688 0.301098
2.5625 0.301086

2.5625 0.301086
2.57812 0.301072

-3.70295 0.296875
-3.6875 0.297055

-3.6875 0.297055
-3.67188 0.297235

-3.67188 0.297235
-3.65625 0.297412

-3.65625 0.297412
-3.64062 0.297586

-3.64062 0.297586
-3.625 0.297757

-1.96875 0.300735
-1.95312 0.30073

-1.95312 0.30073
-1.9375 0.300726

-1.9375 0.300726
-1.92188 0.300722

-1.92188 0.300722
-1.90625 0.300718

-1.90625 0.300718
-1.89062 0.300714

-1.89062 0.300714
-1.875 0.30071

-1.875 0.30071
-1.85938 0.300706

-1.85938 0.300706
-1.84375 0.300702

-1.84375 0.300702
-1.82812 0.300698

-1.82812 0.300698
-1.8125 0.300694

-1.8125 0.300694
-1.79688 0.300691

-1.79688 0.300691
-1.78125 0.300687

-1.78125 0.300687
-1.76562 0.300683

-1.76562 0.300683
-1.75 0.30068

-1.75 0.30068
-1.73438 0.300676

-1.73438 0.300676
-1.71875 0.300673

-1.71875 0.300673
-1.70312 0.300669

-1.70312 0.300669
-1.6875 0.300666

-3.625 0.297757
-3.60938 0.297924

-3.60938 0.297924
-3.59375 0.298087

-3.59375 0.298087
-3.57812 0.298247

-3.57812 0.298247
-3.5625 0.298403

-3.5625 0.298403
-3.54688 0.298555

-3.54688 0.298555
-3.53125 0.298702

-3.53125 0.298702
-3.51562 0.298846

-3.51562 0.298846
-3.5 0.298984

2.57812 0.301072
2.59375 0.301057

2.59375 0.301057
2.60938 0.301039

2.60938 0.301039
2.625 0.301019

2.625 0.301019
2.64062 0.300998

2.64062 0.300998
2.65625 0.300974

2.65625 0.300974
2.67188 0.300948

2.67188 0.300948
2.6875 0.300919

2.6875 0.300919
2.70312 0.300888

2.70312 0.300888
2.71875 0.300855

2.71875 0.300855
2.73438 0.300819

2.73438 0.300819
2.75 0.300781

-3.5 0.298984
-3.48438 0.299119

-3.48438 0.299119
-3.46875 0.299248

-3.46875 0.299248
-3.45312 0.299373

2.75 0.300781
2.76562 0.30074

2.76562 0.30074
2.78125 0.300697

2.78125 0.300697
2.79688 0.300651

2.79688 0.300651
2.8125 0.300602

2.8125 0.300602
2.82812 0.30055

2.82812 0.30055
2.84375 0.300496

2.84375 0.300496
2.85938 0.300438

2.85938 0.300438
2.875 0.300378

2.875 0.300378
2.89062 0.300314

2.89062 0.300314
2.90625 0.300247

2.90625 0.300247
2.92188 0.300176

2.92188 0.300176
2.9375 0.300102

2.9375 0.300102
2.95312 0.300024

2.95312 0.300024
2.96875 0.299943

2.96875 0.299943
2.98438 0.299857

2.98438 0.299857
3 0.299768

3 0.299768
3.01562 0.299674

3.01562 0.299674
3.03125 0.299576

3.03125 0.299576
3.04688 0.299474

3.04688 0.299474
3.0625 0.299368

3.0625 0.299368
3.07812 0.299258

3.07812 0.299258
3.09375 0.299143

3.09375 0.299143
3.10938 0.299025

3.10938 0.299025
3.125 0.298902

3.125 0.298902
3.14062 0.298775

3.14062 0.298775
3.15625 0.298644

3.15625 0.298644
3.17188 0.298508

3.17188 0.298508
3.1875 0.298367

3.1875 0.298367
3.20312 0.298221

3.20312 0.298221
3.21875 0.298069

-1.6875 0.300666
-1.67188 0.300663

-1.67188 0.300663
-1.65625 0.300661

-1.65625 0.300661
-1.64062 0.300658

-1.64062 0.300658
-1.625 0.300656

0.5 0.300788
0.515625 0.300754

0.515625 0.300754
0.53125 0.30072

0.53125 0.30072
0.546875 0.300686

0.546875 0.300686
0.5625 0.300653

0.5625 0.300653
0.578125 0.30062

3.21875 0.298069
3.23438 0.297911

0.578125 0.30062
0.59375 0.300588

0.59375 0.300588
0.609375 0.300556

3.23438 0.297911
3.25 0.297746

-3.45312 0.299373
-3.4375 0.299494

0.609375 0.300556
0.625 0.300524

3.25 0.297746
3.26562 0.297574

-3.4375 0.299494
-3.42188 0.299609

-3.42188 0.299609
-3.40625 0.29972

-3.40625 0.29972
-3.39062 0.299826

-3.39062 0.299826
-3.375 0.299927

0.625 0.300524
0.640625 0.300493

0.640625 0.300493
0.65625 0.300462

0.65625 0.300462
0.671875 0.300432

0.671875 0.300432
0.6875 0.300402

0.6875 0.300402
0.703125 0.300372

0.703125 0.300372
0.71875 0.300342

3.26562 0.297574
3.28125 0.297395

-3.375 0.299927
-3.35938 0.300024

-3.35938 0.300024
-3.34375 0.300116

3.28125 0.297395
3.29688 0.297208

3.29688 0.297208
3.3125 0.297014

0.71875 0.300342
0.734375 0.300312

3.32812 0.296813
3.32325 0.296875

-3.34375 0.300116
-3.32812 0.300203

0.734375 0.300312
0.75 0.300282

3.3125 0.297015
3.32347 0.296875

-1.625 0.300656
-1.60938 0.300654

0.75 0.300282
0.765625 0.300253

-1.60938 0.300654
-1.59375 0.300653

-1.59375 0.300653
-1.57812 0.300652

-3.32812 0.300203
-3.3125 0.300286

-3.3125 0.300286
-3.29688 0.300364

-3.29688 0.300364
-3.28125 0.300438

-3.28125 0.300438
-3.26562 0.300508

0.765625 0.300253
0.78125 0.300224

-3.26562 0.300508
-3.25 0.300573

0.78125 0.300224
0.796875 0.300198

3.32812 0.296814
3.34375 0.296614

3.34375 0.296613
3.35938 0.296415

-1.57812 0.300652
-1.5625 0.300651

3.35938 0.296415
3.375 0.296219

-1.5625 0.300651
-1.54688 0.300651

-1.54688 0.300651
-1.53125 0.300651

0.796875 0.300198
0.8125 0.300175

0.8125 0.300174
0.828125 0.300157

3.375 0.296219
3.39062 0.296026

3.39062 0.296026
3.40625 0.295837

3.40625 0.295837
3.42188 0.295652

3.42188 0.295652
3.4375 0.295471

3.4375 0.295471
3.45312 0.295294

3.45312 0.295294
3.46875 0.295122

3.46875 0.295122
3.48438 0.294954

3.48438 0.294954
3.5 0.294792

3.5 0.294792
3.51562 0.294634

3.51562 0.294634
3.53125 0.294482

3.53125 0.294482
3.54688 0.294336

3.54688 0.294336
3.5625 0.294196

3.5625 0.294195
3.57812 0.294061

3.57812 0.294061
3.59375 0.293933

3.59375 0.293933
3.60938 0.293812

3.60938 0.293812
3.625 0.293697

3.625 0.293697
3.64062 0.293589

3.64062 0.293589
3.65625 0.293489

3.65625 0.293489
3.67188 0.293396

3.67188 0.293396
3.6875 0.29331

3.6875 0.29331
3.70312 0.293232

3.70312 0.293232
3.71875 0.293161

3.71875 0.293161
3.73438 0.293098

3.73438 0.293098
3.75 0.293043

3.75 0.293043
3.76562 0.292995

3.76562 0.292995
3.78125 0.292954

3.78125 0.292954
3.79688 0.29292

3.79688 0.29292
3.8125 0.292893

3.8125 0.292893
3.82812 0.292871

3.82812 0.292871
3.84375 0.292855

3.84375 0.292855
3.85938 0.292844

3.85938 0.292844
3.875 0.292837

3.875 0.292837
3.89062 0.292834

3.89062 0.292833
3.90625 0.292835

3.90625 0.292834
3.92188 0.292841

3.92188 0.292841
3.9375 0.292856

3.9375 0.292854
3.95312 0.292882

3.95312 0.29288
3.96875 0.292929

3.96875 0.292927
3.98438 0.293004

3.98438 0.293003
4 0.293113

-1.53125 0.300651
-1.51562 0.300652

-1.51562 0.300652
-1.5 0.300653

-3.25 0.300573
-3.23438 0.300634

-3.23438 0.300634
-3.21875 0.300691

0.828125 0.300156
0.84375 0.300147

0.84375 0.300148
0.859375 0.300148

0.859375 0.300149
0.875 0.300153

-1.5 0.300653
-1.48438 0.300656

-1.48438 0.300656
-1.46875 0.300658

0.875 0.300155
0.890625 0.300157

0.890625 0.300157
0.90625 0.300154

0.90625 0.300153
0.921875 0.300145

0.921875 0.300145
0.9375 0.300133

-1.46875 0.300658
-1.45312 0.300662

-1.45312 0.300662
-1.4375 0.300667

-1.4375 0.300666
-1.42188 0.300672

-1.42188 0.300672
-1.40625 0.300678

-1.40625 0.300678
-1.39062 0.300686

-1.39062 0.300686
-1.375 0.300694

-1.375 0.300694
-1.35938 0.300704

-1.35938 0.300704
-1.34375 0.300715

-1.34375 0.300715
-1.32812 0.300727

-1.32812 0.300727
-1.3125 0.300741

-1.3125 0.30074
-1.29688 0.300756

-1.29688 0.300756
-1.28125 0.300772

-1.28125 0.300772
-1.26562 0.30079

-1.26562 0.30079
-1.25 0.30081

-1.25 0.30081
-1.23438 0.300832

0.9375 0.300133
0.953125 0.30012

0.953125 0.30012
0.96875 0.300105

0.96875 0.300104
0.984375 0.300088

0.984375 0.300088
1 0.300072

-3.21875 0.300691
-3.20312 0.300744

-3.20312 0.300744
-3.1875 0.300793

-3.1875 0.300793
-3.17188 0.300839

-3.17188 0.300839
-3.15625 0.300881

-3.15625 0.300881
-3.14062 0.30092

-3.14062 0.30092
-3.125 0.300955

-3.125 0.300955
-3.10938 0.300987

-3.10938 0.300987
-3.09375 0.301016

-3.09375 0.301016
-3.07812 0.301042

-3.07812 0.301042
-3.0625 0.301065

1 0.300072
1.01562 0.300057

1.01562 0.300057
1.03125 0.300047

1.03125 0.300046
1.04688 0.300044

-3.0625 0.301065
-3.04688 0.301085

-3.04688 0.301085
-3.03125 0.301103

-3.03125 0.301103
-3.01562 0.301119

-3.01562 0.301119
-3 0.301132

1.04688 0.300043
1.0625 0.300054

1.0625 0.300054
1.07812 0.300081

1.07812 0.300083
1.09375 0.300122

1.09375 0.300125
1.10938 0.300168

1.10938 0.30017
1.125 0.300206

1.125 0.300206
1.14062 0.300233

1.14062 0.300232
1.15625 0.300251

1.15625 0.300251
1.17188 0.300265

1.17188 0.300264
1.1875 0.300275

1.1875 0.300275
1.20312 0.300285

1.20312 0.300284
1.21875 0.300293

1.21875 0.300293
1.23438 0.300301

1.23438 0.300301
1.25 0.300309

1.25 0.300309
1.26562 0.300318

1.26562 0.300318
1.28125 0.300326

1.28125 0.300326
1.29688 0.300335

-3 0.301132
-2.98438 0.301143

-1.23438 0.300832
-1.21875 0.300856

-1.21875 0.300856
-1.20312 0.300881

-1.20312 0.300881
-1.1875 0.300909

-1.1875 0.300909
-1.17188 0.300938

-1.17188 0.300938
-1.15625 0.30097

-1.15625 0.30097
-1.14062 0.301004

-1.14062 0.301004
-1.125 0.30104

-1.125 0.30104
-1.10938 0.301078

-1.10938 0.301078
-1.09375 0.301119

-1.09375 0.301119
-1.07812 0.301163

-1.07812 0.301163
-1.0625 0.301209

-1.0625 0.301209
-1.04688 0.301258

-1.04688 0.301258
-1.03125 0.301309

-1.03125 0.301309
-1.01562 0.301364

-1.01562 0.301364
-1 0.301422

1.29688 0.300335
1.3125 0.300344

1.3125 0.300344
1.32812 0.300354

1.32812 0.300354
1.34375 0.300363

1.34375 0.300363
1.35938 0.300373

1.35938 0.300373
1.375 0.300383

1.375 0.300383
1.39062 0.300393

1.39062 0.300393
1.40625 0.300402

1.40625 0.300402
1.42188 0.300412

1.42188 0.300412
1.4375 0.300422

-2.98438 0.301143
-2.96875 0.301151

-2.96875 0.301151
-2.95312 0.301158

-2.95312 0.301158
-2.9375 0.301164

-1 0.301422
-0.984375 0.301483

-0.984375 0.301483
-0.96875 0.301547

-0.96875 0.301547
-0.953125 0.301615

-0.953125 0.301615
-0.9375 0.301686

-0.9375 0.301686
-0.921875 0.30176

-0.921875 0.301761
-0.90625 0.301839

-0.90625 0.301839
-0.890625 0.30192

-0.890625 0.30192
-0.875 0.302004

-0.875 0.302004
-0.859375 0.302091

1.4375 0.300422
1.45312 0.300432

1.45312 0.300432
1.46875 0.300441

1.46875 0.300441
1.48438 0.300451

1.48438 0.300451
1.5 0.300461

-0.859375 0.302091
-0.84375 0.302178

-0.84375 0.302179
-0.828125 0.302267

-0.828125 0.302267
-0.8125 0.302355

-0.8125 0.302355
-0.796875 0.30244

-0.796875 0.302441
-0.78125 0.30252

-0.78125 0.302523
-0.765625 0.302587

-0.765625 0.302587
-0.75 0.30263

-2.9375 0.301163
-2.92188 0.301167

-2.92188 0.301167
-2.90625 0.301169

-2.90625 0.301169
-2.89062 0.301169

-0.75 0.302629
-0.734375 0.302656

-2.89062 0.301169
-2.875 0.301168

1.5 0.300461
1.51562 0.30047

-2.875 0.301168
-2.85938 0.301166

1.51562 0.30047
1.53125 0.30048

1.53125 0.30048
1.54688 0.300489

1.54688 0.300489
1.5625 0.300499

1.5625 0.300499
1.57812 0.300509

-2.85938 0.301166
-2.84375 0.301162

-2.84375 0.301162
-2.82812 0.301158

-2.82812 0.301158
-2.8125 0.301152

-2.8125 0.301152
-2.79688 0.301146

-2.79688 0.301146
-2.78125 0.301139

-2.78125 0.301139
-2.76562 0.301131

-2.76562 0.301131
-2.75 0.301123

1.57812 0.300509
1.59375 0.300518

-2.75 0.301123
-2.73438 0.301114

-2.73438 0.301114
-2.71875 0.301105

-0.734375 0.302655
-0.71875 0.302672

1.59375 0.300518
1.60938 0.300528

-2.71875 0.301105
-2.70312 0.301095

-0.71875 0.302671
-0.703125 0.302682

1.60938 0.300528
1.625 0.300537

-2.70312 0.301095
-2.6875 0.301085

-2.6875 0.301085
-2.67188 0.301074

-0.703125 0.302681
-0.6875 0.302689

-2.67188 0.301074
-2.65625 0.301064

-0.6875 0.302689
-0.671875 0.302695

-0.671875 0.302695
-0.65625 0.3027

-2.65625 0.301064
-2.64062 0.301053

-2.64062 0.301053
-2.625 0.301042

-2.625 0.301042
-2.60938 0.301031

-2.60938 0.301031
-2.59375 0.30102

-2.59375 0.30102
-2.57812 0.30101

-2.57812 0.30101
-2.5625 0.300999

-2.5625 0.300999
-2.54688 0.300988

-2.54688 0.300988
-2.53125 0.300977

-2.53125 0.300977
-2.51562 0.300967

1.625 0.300537
1.64062 0.300547

-2.51562 0.300967
-2.5 0.300957

-0.65625 0.3027
-0.640625 0.302704

1.64062 0.300547
1.65625 0.300557

1.65625 0.300557
1.67188 0.300566

1.67188 0.300566
1.6875 0.300576

1.6875 0.300576
1.70312 0.300586

1.70312 0.300586
1.71875 0.300596

1.71875 0.300596
1.73438 0.300607

1.73438 0.300607
1.75 0.300617

-0.640625 0.302704
-0.625 0.302708

-0.625 0.302708
-0.609375 0.302712

1.75 0.300617
1.76562 0.300628

-0.609375 0.302712
-0.59375 0.302714

-2.5 0.300957
-2.48438 0.300947

-0.59375 0.302714
-0.578125 0.302716

1.76562 0.300628
1.78125 0.300639

-0.578125 0.302716
-0.5625 0.302717

-2.48438 0.300947
-2.46875 0.300937

-0.5625 0.302717
-0.546875 0.302716

1.78125 0.300639
1.79688 0.30065

-0.546875 0.302716
-0.53125 0.302715

-2.46875 0.300937
-2.45312 0.300927

-2.45312 0.300927
-2.4375 0.300918

-0.53125 0.302715
-0.515625 0.302712

1.79688 0.30065
1.8125 0.300661

-2.4375 0.300918
-2.42188 0.300908

-2.42188 0.300908
-2.40625 0.300899

-2.40625 0.300899
-2.39062 0.300891

-2.39062 0.300891
-2.375 0.300882

-2.375 0.300882
-2.35938 0.300874

-0.515625 0.302712
-0.5 0.302708

-2.35938 0.300874
-2.34375 0.300866

-2.34375 0.300866
-2.32812 0.300859

-2.32812 0.300859
-2.3125 0.300851

-2.3125 0.300851
-2.29688 0.300844

-2.29688 0.300844
-2.28125 0.300837

-2.28125 0.300837
-2.26562 0.300831

-2.26562 0.300831
-2.25 0.300824

-2.25 0.300824
-2.23438 0.300818

-2.23438 0.300818
-2.21875 0.300812

-2.21875 0.300812
-2.20312 0.300806

-2.20312 0.300806
-2.1875 0.3008

-2.1875 0.3008
-2.17188 0.300795

-0.5 0.302708
-0.484375 0.302702

-0.484375 0.302702
-0.46875 0.302695

-0.46875 0.302695
-0.453125 0.302686

-0.453125 0.302686
-0.4375 0.302675

-0.4375 0.302675
-0.421875 0.302664

-0.421875 0.302664
-0.40625 0.30265

-0.40625 0.30265
-0.390625 0.302635

-2.17188 0.300795
-2.15625 0.30079

-2.15625 0.30079
-2.14062 0.300784

-2.14062 0.300784
-2.125 0.300779

-2.125 0.300779
-2.10938 0.300775

-2.10938 0.300775
-2.09375 0.30077

-0.390625 0.302635
-0.375 0.302619

-0.375 0.302619
-0.359375 0.302602

-0.359375 0.302602
-0.34375 0.302583

-0.34375 0.302583
-0.328125 0.302562

-0.328125 0.302562
-0.3125 0.302541

-2.09375 0.30077
-2.07812 0.300765

-2.07812 0.300765
-2.0625 0.300761

-0.3125 0.302541
-0.296875 0.302518

-0.296875 0.302518
-0.28125 0.302494

-2.0625 0.300761
-2.04688 0.300756

-2.04688 0.300756
-2.03125 0.300752

-2.03125 0.300752
-2.01562 0.300747

-2.01562 0.300747
-2 0.300743

-0.28125 0.302494
-0.265625 0.302469

-0.265625 0.302469
-0.25 0.302442

-0.25 0.302442
-0.234375 0.302415

-0.234375 0.302415
-0.21875 0.302387

-0.21875 0.302387
-0.203125 0.302357

-0.203125 0.302357
-0.1875 0.302327

-0.1875 0.302327
-0.171875 0.302296

-0.171875 0.302296
-0.15625 0.302264

-0.15625 0.302264
-0.140625 0.302231

-0.140625 0.302231
-0.125 0.302197

-0.125 0.302197
-0.109375 0.302161

-0.109375 0.302161
-0.09375 0.302125

-0.09375 0.302125
-0.078125 0.302088

-0.078125 0.302088
-0.0625 0.30205

-0.0625 0.30205
-0.046875 0.302012

-0.046875 0.302012
-0.03125 0.301975

-0.03125 0.301975
-0.015625 0.301938

-0.015625 0.301938
0 0.301903

