-1.78125 -0.187676
-1.77972 -0.1875

-1.77897 -0.1875
-1.77344 -0.186862

-1.77344 -0.186841
-1.76562 -0.18595

-1.76562 -0.18595
-1.75781 -0.18507

-1.75781 -0.18507
-1.75 -0.184201

-1.75 -0.184201
-1.74219 -0.183343

-1.74219 -0.183343
-1.73438 -0.182498

-1.73438 -0.182498
-1.72656 -0.181665

-1.72656 -0.181665
-1.71875 -0.180846

-1.71875 -0.180846
-1.71094 -0.180041

-1.71094 -0.17997
-1.70815 -0.179688

-1.7069 -0.179688
-1.70312 -0.179305

-1.70312 -0.179251
-1.69531 -0.178471

-1.69531 -0.178471
-1.6875 -0.177703

-4 -0.100709
-3.99219 -0.100694

-1.6875 -0.177703
-1.67969 -0.176948

-1.67969 -0.176948
-1.67188 -0.176205

-1.67188 -0.176205
-1.66406 -0.175475

-3.99219 -0.100687
-3.98438 -0.100657

-3.98438 -0.100656
-3.97656 -0.100628

-1.66406 -0.175475
-1.65625 -0.174758

-1.65625 -0.174758
-1.64844 -0.174055

-1.64844 -0.174055
-1.64062 -0.173365

-1.64062 -0.173365
-1.63281 -0.17269

-3.97656 -0.100626
-3.96875 -0.100606

-3.96875 -0.100606
-3.96094 -0.100599

-3.96094 -0.100598
-3.95312 -0.100607

-1.63281 -0.17269
-1.625 -0.172028

-1.625 -0.171988
-1.62364 -0.171875

-1.62302 -0.171875
-1.61719 -0.171391

-1.61719 -0.17138
-1.60938 -0.170743

-3.95312 -0.100606
-3.94531 -0.100635

-3.94531 -0.100634
-3.9375 -0.100685

-1.60938 -0.170743
-1.60156 -0.170117

-3.9375 -0.100684
-3.92969 -0.100759

-3.92969 -0.100758
-3.92188 -0.100858

-3.92188 -0.100858
-3.91406 -0.100985

-1.60156 -0.170117
-1.59375 -0.169502

-1.59375 -0.169502
-1.58594 -0.168898

-3.91406 -0.100985
-3.90625 -0.10114

-3.90625 -0.101139
-3.89844 -0.101323

-3.89844 -0.101322
-3.89062 -0.101536

-3.88281 -0.101781
-3.8898 -0.101562

2 0.154857
2.00624 0.15625

2.00653 0.15625
2.00781 0.156536

-1.58594 -0.168898
-1.57812 -0.168305

-1.57812 -0.168305
-1.57031 -0.167724

-1.57031 -0.167724
-1.5625 -0.167153

-1.5625 -0.167153
-1.55469 -0.166593

-1.55469 -0.166593
-1.54688 -0.166044

-1.54688 -0.166044
-1.53906 -0.165507

-1.53906 -0.165507
-1.53125 -0.16498

-1.53125 -0.16498
-1.52344 -0.164463

-1.52344 -0.164458
-1.51732 -0.164062

-1.51694 -0.164062
-1.51562 -0.163978

-1.51562 -0.163958
-1.50781 -0.163461

-1.50781 -0.163461
-1.5 -0.162971

-1.5 -0.162971
-1.49219 -0.16249

-1.49219 -0.16249
-1.48438 -0.162017

-1.48438 -0.162017
-1.47656 -0.161553

-1.47656 -0.161553
-1.46875 -0.161096

-1.46875 -0.161096
-1.46094 -0.160647

-1.46094 -0.160647
-1.45312 -0.160207

-1.45312 -0.160207
-1.44531 -0.159774

-1.44531 -0.159774
-1.4375 -0.15935

-1.4375 -0.15935
-1.42969 -0.158933

-1.42969 -0.158933
-1.42188 -0.158525

-1.42188 -0.158525
-1.41406 -0.158124

-1.41406 -0.158124
-1.40625 -0.157732

-1.40625 -0.157732
-1.39844 -0.157347

-1.39844 -0.157347
-1.39062 -0.15697

0.1875 -0.0924444
0.195312 -0.0917337

0.195312 -0.0917335
0.203125 -0.0910204

0.203125 -0.0910203
0.210938 -0.0903053

0.210938 -0.0903053
0.21875 -0.0895888

-1.39062 -0.15697
-1.38281 -0.156601

0.21875 -0.0895886
0.226562 -0.088871

-3.89062 -0.101537
-3.8898 -0.101562

-3.88281 -0.101783
-3.875 -0.102055

0.226562 -0.0888709
0.234375 -0.0881527

-3.875 -0.102046
-3.85938 -0.102679

-3.85938 -0.102679
-3.84375 -0.10343

-3.84375 -0.10343
-3.82812 -0.1043

-3.82812 -0.104298
-3.8125 -0.10529

0.234375 -0.0881527
0.242188 -0.0874339

-3.8125 -0.10529
-3.79688 -0.106405

-3.79688 -0.10641
-3.78125 -0.107635

-1.38281 -0.156601
-1.37525 -0.15625

0.242188 -0.0874339
0.25 -0.0867148

-1.37522 -0.15625
-1.375 -0.15624

-3.78125 -0.107599
-3.75 -0.110391

2.00781 0.156586
2.01562 0.158341

-1.375 -0.156239
-1.36719 -0.155884

2.01562 0.158342
2.02344 0.160111

2.02344 0.160112
2.03125 0.161894

-1.36719 -0.155884
-1.35938 -0.155535

2.03125 0.161896
2.03906 0.163685

-1.35938 -0.155535
-1.35156 -0.155192

-1.35156 -0.155192
-1.34375 -0.154855

-1.34375 -0.154855
-1.33594 -0.154524

-1.33594 -0.154524
-1.32812 -0.154201

0.25 -0.0867145
0.257812 -0.0859957

2.03906 0.163701
2.04064 0.164062

2.04072 0.164062
2.04688 0.165475

-3.625 -0.125876
-3.63105 -0.125

-3.75 -0.110422
-3.73438 -0.111992

-1.32812 -0.154201
-1.32031 -0.153885

-3.73438 -0.11199
-3.71875 -0.113675

-1.32031 -0.153885
-1.3125 -0.153574

-1.3125 -0.153574
-1.30469 -0.15327

-1.30469 -0.15327
-1.29688 -0.152971

-1.29688 -0.152971
-1.28906 -0.152678

-1.28906 -0.152678
-1.28125 -0.152391

-1.28125 -0.152391
-1.27344 -0.15211

-1.27344 -0.15211
-1.26562 -0.151836

-1.26562 -0.151836
-1.25781 -0.151566

-1.25781 -0.151566
-1.25 -0.151303

-1.25 -0.151303
-1.24219 -0.151045

-1.24219 -0.151045
-1.23438 -0.150792

-1.23438 -0.150792
-1.22656 -0.150546

-1.22656 -0.150546
-1.21875 -0.150305

-1.21875 -0.150305
-1.21094 -0.150071

-1.21094 -0.150071
-1.20312 -0.149842

-1.20312 -0.149842
-1.19531 -0.14962

-1.19531 -0.14962
-1.1875 -0.149405

-1.1875 -0.149405
-1.17969 -0.149197

-1.17969 -0.149197
-1.17188 -0.148995

-1.17188 -0.148995
-1.16406 -0.148801

-1.16406 -0.148801
-1.15625 -0.148613

-1.15625 -0.148613
-1.14868 -0.148438

-1.14865 -0.148438
-1.14844 -0.148433

-1.14844 -0.148432
-1.14062 -0.148257

-1.14062 -0.148257
-1.13281 -0.148087

-1.13281 -0.148087
-1.125 -0.147922

-1.125 -0.147922
-1.11719 -0.147763

-1.11719 -0.147763
-1.10938 -0.147609

-1.10938 -0.147609
-1.10156 -0.14746

-1.10156 -0.14746
-1.09375 -0.147316

-1.09375 -0.147316
-1.08594 -0.147176

-1.08594 -0.147176
-1.07812 -0.147042

2.04688 0.165478
2.05469 0.167278

2.05469 0.167277
2.0625 0.169085

2.0625 0.169086
2.07031 0.170901

2.07031 0.170928
2.07438 0.171875

2.07461 0.171875
2.07812 0.172693

2.07812 0.172721
2.08594 0.174549

2.08594 0.174552
2.09375 0.176388

2.09375 0.176387
2.10156 0.178227

2.10156 0.178246
2.10767 0.179688

2.10809 0.179688
2.10938 0.17999

2.10938 0.180069
2.11719 0.181925

2.11719 0.181926
2.125 0.183796

2.125 0.183796
2.13281 0.185677

2.13281 0.185679
2.14035 0.1875

2.14062 0.187564
2.14844 0.189461

2.14844 0.189462
2.15625 0.191368

2.15625 0.191368
2.16406 0.193282

2.16406 0.193282
2.17188 0.195205

2.17188 0.195209
2.1723 0.195312

2.17231 0.195312
2.17969 0.197135

2.17969 0.197135
2.1875 0.199072

-3.71875 -0.113659
-3.6875 -0.11734

-1.07812 -0.147042
-1.07031 -0.146912

-1.07031 -0.146912
-1.0625 -0.146786

2.1875 0.199071
2.19531 0.201016

-1.0625 -0.146786
-1.05469 -0.146665

-1.05469 -0.146665
-1.04688 -0.146548

2.19531 0.201016
2.20312 0.20297

-3.6875 -0.117367
-3.67188 -0.119358

-1.04688 -0.146548
-1.03906 -0.146435

-1.03906 -0.146435
-1.03125 -0.146326

0.257812 -0.0859883
0.258364 -0.0859375

0.258457 -0.0859375
0.265625 -0.0852775

0.265625 -0.0852768
0.273438 -0.0845562

0.273438 -0.0845561
0.28125 -0.0838344

0.28125 -0.0838345
0.289062 -0.0831119

0.289062 -0.0831119
0.296875 -0.0823883

0.296875 -0.0823882
0.304688 -0.0816639

0.304688 -0.0816637
0.3125 -0.0809392

0.3125 -0.0809391
0.320312 -0.0802148

0.320312 -0.0802147
0.328125 -0.079491

0.328125 -0.079491
0.335938 -0.0787679

0.335938 -0.0787624
0.342839 -0.078125

0.34375 -0.0780474
0.351562 -0.0773254

0.351562 -0.0773246
0.359375 -0.0766005

0.359375 -0.0766007
0.367188 -0.0758758

0.367188 -0.0758757
0.375 -0.0751498

0.375 -0.0751498
0.382812 -0.074423

0.382812 -0.074423
0.390625 -0.0736953

0.390625 -0.0736954
0.398438 -0.0729666

0.398438 -0.0729666
0.40625 -0.0722366

0.40625 -0.0722366
0.414062 -0.0715054

0.414062 -0.0715055
0.421875 -0.0707729

0.421875 -0.0707535
0.42657 -0.0703125

0.427136 -0.0703125
0.429688 -0.0700728

0.429688 -0.0700399
0.4375 -0.0693036

0.4375 -0.0693033
0.445312 -0.0685633

0.445312 -0.0685633
0.453125 -0.0678201

0.453125 -0.0678201
0.460938 -0.0670738

0.460938 -0.0670739
0.46875 -0.0663245

0.46875 -0.0663244
0.476562 -0.0655721

0.476562 -0.065572
0.484375 -0.0648168

0.484375 -0.0648169
0.492188 -0.0640589

0.492188 -0.0640589
0.5 -0.0632979

2.20312 0.202974
2.20372 0.203125

0.5 -0.0632978
0.507812 -0.0625338

0.507812 -0.0625311
0.508129 -0.0625

0.508161 -0.0625
0.515625 -0.0617669

0.515625 -0.0617667
0.523438 -0.0609956

-1.03125 -0.146327
-1.02344 -0.146222

-1.02344 -0.146222
-1.01562 -0.14612

-1.01562 -0.14612
-1.00781 -0.146023

-1.00781 -0.146023
-1 -0.145928

-3.67188 -0.119361
-3.65625 -0.121445

-3.65625 -0.121445
-3.64062 -0.123617

-3.64062 -0.123616
-3.63105 -0.125

-3.625 -0.125875
-3.60938 -0.128224

-3.60938 -0.128224
-3.59375 -0.13066

2.20375 0.203125
2.21094 0.204931

2.21094 0.204932
2.21875 0.206901

2.21875 0.206901
2.22656 0.208878

2.22656 0.208878
2.23438 0.210864

2.23438 0.210866
2.23465 0.210938

2.23466 0.210938
2.24219 0.21286

2.24219 0.21286
2.25 0.214863

2.25 0.214863
2.25781 0.216875

2.25781 0.216878
2.26505 0.21875

2.26521 0.21875
2.26562 0.218858

2.26562 0.218895
2.27344 0.220927

2.27344 0.220927
2.28125 0.222971

2.28125 0.222971
2.28906 0.225028

2.28906 0.225036
2.29483 0.226562

2.29495 0.226562
2.29688 0.227074

2.29688 0.227098
2.30469 0.229177

2.30469 0.229178
2.3125 0.231264

2.3125 0.231262
2.32031 0.233354

2.32031 0.233369
2.32406 0.234375

2.32415 0.234375
2.32812 0.235441

2.32812 0.235452
2.33594 0.237555

2.33594 0.237555
2.34375 0.239667

2.34375 0.239667
2.35156 0.241785

2.35156 0.2418
2.35298 0.242188

2.35305 0.242188
2.35938 0.243908

2.35938 0.243912
2.36719 0.246047

2.36719 0.246047
2.375 0.24819

2.375 0.248204
2.38154 0.25

2.38186 0.25
2.38281 0.250262

2.38281 0.250336
2.39062 0.252489

2.39062 0.25249
2.39844 0.25465

2.39844 0.25465
2.40625 0.256814

0.523438 -0.0609957
0.53125 -0.0602209

0.53125 -0.0602206
0.539062 -0.0594428

0.539062 -0.0594427
0.546875 -0.0586623

0.546875 -0.0586623
0.554688 -0.0578795

-1 -0.145928
-0.992188 -0.145837

-0.992188 -0.145837
-0.984375 -0.145749

-3.59375 -0.130662
-3.57812 -0.13318

-3.57812 -0.133181
-3.5625 -0.135776

2.40625 0.256833
2.40978 0.257812

-3.5625 -0.135781
-3.55469 -0.137107

-3.55469 -0.137106
-3.54688 -0.138449

2.4099 0.257812
2.41406 0.258968

0.554688 -0.0578794
0.5625 -0.0570944

2.41406 0.258983
2.42188 0.261158

2.42188 0.261159
2.42969 0.26334

-3.53125 -0.141193
-3.53446 -0.140625

-0.984375 -0.145749
-0.976562 -0.145664

-3.54688 -0.138445
-3.53445 -0.140625

0.5625 -0.0570945
0.570312 -0.0563072

2.42969 0.26334
2.4375 0.265527

0.570312 -0.0563073
0.578125 -0.0555174

-0.976562 -0.145664
-0.96875 -0.145581

-3.53125 -0.141194
-3.52344 -0.142592

-0.96875 -0.145581
-0.960938 -0.145501

0.578125 -0.0555173
0.585938 -0.0547247

-3.52344 -0.142592
-3.51562 -0.144008

2.4375 0.26553
2.43784 0.265625

2.43785 0.265625
2.44531 0.267721

0.585938 -0.0547215
0.586271 -0.0546875

0.586308 -0.0546875
0.59375 -0.0539296

2.44531 0.26772
2.45312 0.269918

-0.960938 -0.145501
-0.953125 -0.145423

2.45312 0.269917
2.46094 0.272119

-0.953125 -0.145423
-0.945312 -0.145347

0.59375 -0.0539293
0.601562 -0.05313

-0.945312 -0.145347
-0.9375 -0.145274

-3.51562 -0.144008
-3.50781 -0.145439

2.46094 0.272131
2.46556 0.273438

-3.50781 -0.145439
-3.5 -0.146886

0.601562 -0.05313
0.609375 -0.0523274

0.609375 -0.0523274
0.617188 -0.0515213

2.46566 0.273438
2.46875 0.274309

2.46875 0.274325
2.47656 0.276537

2.47656 0.276537
2.48438 0.278754

0.617188 -0.0515212
0.625 -0.0507119

-0.9375 -0.145274
-0.929688 -0.145202

-0.929688 -0.145202
-0.921875 -0.145132

0.625 -0.0507119
0.632812 -0.0498997

0.632812 -0.0498996
0.640625 -0.0490848

2.48438 0.278754
2.49219 0.280976

2.49219 0.28098
2.49313 0.28125

-0.921875 -0.145132
-0.914062 -0.145064

2.49315 0.28125
2.5 0.283203

-3.5 -0.146886
-3.49219 -0.148348

0.640625 -0.0490847
0.648438 -0.0482679

-3.48438 -0.149826
-3.49172 -0.148438

-0.914062 -0.145064
-0.90625 -0.144998

-3.49219 -0.148349
-3.49172 -0.148438

-0.90625 -0.144998
-0.898438 -0.144933

-3.48438 -0.149824
-3.46875 -0.152814

-0.898438 -0.144933
-0.890625 -0.14487

-3.44531 -0.157383
-3.45108 -0.15625

-3.44531 -0.157383
-3.4375 -0.158927

-3.46875 -0.152817
-3.46094 -0.154329

-3.46094 -0.154328
-3.45312 -0.15585

-3.45312 -0.15585
-3.45109 -0.15625

0.648438 -0.0482679
0.65625 -0.0474493

0.65625 -0.047427
0.661512 -0.046875

-0.890625 -0.14487
-0.882812 -0.144808

0.662266 -0.046875
0.664062 -0.0466866

-3.4375 -0.158928
-3.42969 -0.160481

0.664062 -0.0466306
0.671875 -0.0458083

-0.882812 -0.144808
-0.875 -0.144747

0.671875 -0.0458076
0.679688 -0.0449817

-3.42969 -0.160481
-3.42188 -0.162041

-0.875 -0.144747
-0.867188 -0.144688

0.679688 -0.0449816
0.6875 -0.0441535

-0.867188 -0.144688
-0.859375 -0.144628

-3.42188 -0.162041
-3.41406 -0.163607

2.5 0.283203
2.50781 0.285438

0.6875 -0.0441533
0.695312 -0.0433236

-0.859375 -0.144629
-0.851562 -0.14457

0.695312 -0.0433235
0.703125 -0.0424926

2.50781 0.285438
2.51562 0.287679

-3.40625 -0.16518
-3.4118 -0.164062

2.51562 0.287697
2.52038 0.289062

2.52054 0.289062
2.52344 0.289895

-0.851562 -0.14457
-0.84375 -0.144512

2.52344 0.289923
2.53125 0.292171

0.703125 -0.0424925
0.710938 -0.0416608

-0.84375 -0.144512
-0.835938 -0.144454

0.710938 -0.0416608
0.71875 -0.0408287

-0.835938 -0.144454
-0.828125 -0.144396

-3.41406 -0.163608
-3.41181 -0.164062

-3.40625 -0.16518
-3.39844 -0.166759

0.71875 -0.0408286
0.726562 -0.0399965

0.726562 -0.0399964
0.734375 -0.0391647

0.734375 -0.039151
0.735206 -0.0390625

0.735356 -0.0390625
0.742188 -0.0383348

0.742188 -0.038333
0.75 -0.0374992

-3.39844 -0.166759
-3.39062 -0.168342

-3.39062 -0.168341
-3.375 -0.171519

2.53125 0.29217
2.53906 0.294423

-3.36719 -0.173115
-3.37326 -0.171875

-3.36719 -0.173115
-3.35938 -0.174712

2.53906 0.294423
2.54688 0.296681

-0.828125 -0.144396
-0.820312 -0.144337

2.54688 0.296685
2.54753 0.296875

-3.375 -0.171518
-3.37325 -0.171875

-3.35938 -0.174712
-3.35156 -0.176313

-3.35156 -0.176313
-3.34375 -0.177916

2.54755 0.296875
2.55469 0.298943

-3.34375 -0.177916
-3.33594 -0.179523

-0.820312 -0.144337
-0.8125 -0.144278

0.75 -0.0374991
0.757812 -0.036664

-0.8125 -0.144278
-0.804688 -0.144219

2.55469 0.298943
2.5625 0.301209

-3.32812 -0.181133
-3.33514 -0.179688

2.5625 0.30121
2.57031 0.303479

-0.804688 -0.144219
-0.796875 -0.144158

-3.33594 -0.179522
-3.33513 -0.179688

-0.796875 -0.144158
-0.789062 -0.144097

0.757812 -0.0366639
0.765625 -0.0358278

2.57031 0.303497
2.57441 0.304688

0.765625 -0.0358278
0.773438 -0.0349911

2.57454 0.304688
2.57812 0.305731

-3.32812 -0.181133
-3.32031 -0.182745

2.57812 0.30575
2.58594 0.308025

-3.32031 -0.182745
-3.3125 -0.184359

0.773438 -0.0349911
0.78125 -0.0341538

-3.29688 -0.187603
-3.29737 -0.1875

-0.789062 -0.144097
-0.78125 -0.144034

2.58594 0.308025
2.59375 0.310303

-0.78125 -0.144034
-0.773438 -0.14397

2.59375 0.310305
2.60128 0.3125

-3.29688 -0.18759
-3.28906 -0.189206

2.6015 0.3125
2.60156 0.312519

-3.28906 -0.189206
-3.28125 -0.190822

-3.28125 -0.190822
-3.27344 -0.192436

-0.773438 -0.143971
-0.765625 -0.143905

-0.765625 -0.143905
-0.757812 -0.143838

-0.757812 -0.143838
-0.75 -0.143768

0.78125 -0.0341538
0.789062 -0.033316

0.789062 -0.033316
0.796875 -0.0324776

-3.27344 -0.192437
-3.26562 -0.194049

-3.25781 -0.195667
-3.25953 -0.195312

2.60156 0.312579
2.60938 0.314858

2.60938 0.314858
2.61719 0.317139

0.796875 -0.0324776
0.804688 -0.0316386

0.804688 -0.031608
0.808019 -0.03125

-3.26562 -0.194047
-3.25948 -0.195312

-3.25781 -0.195659
-3.25 -0.197266

2.61719 0.317139
2.625 0.31942

-0.75 -0.143768
-0.742188 -0.143696

-0.742188 -0.143696
-0.734375 -0.143621

-0.734375 -0.143621
-0.726562 -0.143542

-0.726562 -0.143542
-0.71875 -0.14346

-3.3125 -0.184359
-3.30469 -0.185973

-3.30469 -0.185972
-3.2973 -0.1875

2.625 0.319435
2.628 0.320312

2.62809 0.320312
2.63281 0.321693

2.63281 0.321702
2.64062 0.323985

2.64062 0.323985
2.64844 0.326269

2.64844 0.326278
2.65476 0.328125

2.6549 0.328125
2.65625 0.328519

0.808547 -0.03125
0.8125 -0.0308252

0.8125 -0.0307996
0.820312 -0.0299583

0.820312 -0.029958
0.828125 -0.0291143

0.828125 -0.0291144
0.835938 -0.028269

0.835938 -0.028269
0.84375 -0.0274217

-0.71875 -0.14346
-0.710938 -0.143375

-0.710938 -0.143375
-0.703125 -0.143286

-0.703125 -0.143286
-0.695312 -0.143194

-0.695312 -0.143194
-0.6875 -0.143097

2.65625 0.328553
2.66406 0.330839

-0.6875 -0.143097
-0.679688 -0.142997

-0.679688 -0.142997
-0.671875 -0.142892

2.66406 0.330839
2.67188 0.333126

0.84375 -0.0274217
0.851562 -0.0265726

-3.25 -0.197265
-3.24219 -0.198867

0.851562 -0.0265726
0.859375 -0.0257216

0.859375 -0.0257216
0.867188 -0.0248686

-0.671875 -0.142892
-0.664062 -0.142782

0.867188 -0.0248687
0.875 -0.0240135

-0.664062 -0.142782
-0.65625 -0.142667

-0.65625 -0.142667
-0.648438 -0.142546

2.67188 0.333126
2.67969 0.335412

-0.648438 -0.142546
-0.640625 -0.142421

2.67969 0.335421
2.68145 0.335938

0.875 -0.0239934
0.880066 -0.0234375

2.68149 0.335938
2.6875 0.337695

0.880643 -0.0234375
0.882812 -0.0231994

-0.640625 -0.142421
-0.632812 -0.142289

0.882812 -0.023157
0.890625 -0.0222956

0.890625 -0.0222952
0.898438 -0.0214286

2.6875 0.337698
2.69531 0.339983

0.898438 -0.0214287
0.90625 -0.0205574

0.90625 -0.0205574
0.914062 -0.0196812

-0.632812 -0.142289
-0.625 -0.142152

0.914062 -0.0196812
0.921875 -0.0188

0.921875 -0.0187999
0.929688 -0.0179139

-0.625 -0.142152
-0.617188 -0.142008

2.69531 0.339983
2.70312 0.342265

-0.617188 -0.142008
-0.609375 -0.141857

-3.24219 -0.198867
-3.23438 -0.200465

0.929688 -0.0179139
0.9375 -0.0170234

-3.21875 -0.203655
-3.22135 -0.203125

-0.609375 -0.141857
-0.601562 -0.1417

2.70312 0.342278
2.70817 0.34375

-0.601562 -0.1417
-0.59375 -0.141535

2.7083 0.34375
2.71094 0.344519

0.9375 -0.0170234
0.945312 -0.0161283

2.71094 0.344542
2.71875 0.346816

0.945312 -0.0161083
0.949509 -0.015625

-0.59375 -0.141535
-0.585938 -0.141363

0.949906 -0.015625
0.953125 -0.0152542

-0.585938 -0.141363
-0.578125 -0.141183

2.71875 0.346816
2.72656 0.349087

-0.578125 -0.141183
-0.570312 -0.140995

-3.23438 -0.200465
-3.22656 -0.202058

0.953125 -0.0152292
0.960938 -0.0143235

-3.22656 -0.202055
-3.2213 -0.203125

2.72656 0.349088
2.73438 0.351352

-0.570312 -0.140995
-0.5625 -0.140799

2.73438 0.351358
2.73508 0.351562

0.960938 -0.0143232
0.96875 -0.0134108

-0.5625 -0.140798
-0.555864 -0.140625

-0.555442 -0.140625
-0.554688 -0.140605

2.73511 0.351562
2.74219 0.353609

-0.554688 -0.140596
-0.546875 -0.140383

0.96875 -0.0134109
0.976562 -0.0124923

-0.546875 -0.140383
-0.539062 -0.140161

-3.21875 -0.203648
-3.21094 -0.205233

2.74219 0.35361
2.75 0.355861

-3.21094 -0.205233
-3.20312 -0.206812

-3.20312 -0.206812
-3.19531 -0.208384

-0.539062 -0.140161
-0.53125 -0.13993

-3.19531 -0.208384
-3.1875 -0.209949

-0.53125 -0.13993
-0.523438 -0.139689

0.976562 -0.0124921
0.984375 -0.0115675

0.984375 -0.0115675
0.992188 -0.0106375

-3.17969 -0.211514
-3.18258 -0.210938

2.75 0.355862
2.75781 0.358105

-0.523438 -0.139689
-0.515625 -0.139439

-3.1875 -0.209945
-3.18252 -0.210938

-0.515625 -0.139438
-0.507812 -0.139179

0.992188 -0.0106372
1 -0.00970246

2.75781 0.358119
2.7622 0.359375

-0.507812 -0.139179
-0.5 -0.138911

-3.17969 -0.211506
-3.17188 -0.213055

-3.17188 -0.213055
-3.16406 -0.214594

-3.16406 -0.214594
-3.15625 -0.216123

-3.14062 -0.219165
-3.14277 -0.21875

-3.14062 -0.219153
-3.13281 -0.220652

-3.13281 -0.220652
-3.125 -0.222138

-3.15625 -0.216123
-3.14844 -0.217643

-3.14844 -0.217638
-3.14268 -0.21875

1 -0.00970241
1.00781 -0.00876359

1.00781 -0.00876378
1.01562 -0.00782057

-0.5 -0.13891
-0.492188 -0.138633

-3.125 -0.222138
-3.11719 -0.223611

-0.492188 -0.138633
-0.484375 -0.138348

2.76232 0.359375
2.76562 0.360321

1.01562 -0.0078197
1.01568 -0.0078125

2.76562 0.360339
2.77344 0.362566

-3.11719 -0.223611
-3.10938 -0.225072

-0.484375 -0.138348
-0.476562 -0.138055

-3.10938 -0.225072
-3.10156 -0.226521

-0.476562 -0.138055
-0.46875 -0.137754

1.01569 -0.0078125
1.02344 -0.00687256

-0.46875 -0.137754
-0.460938 -0.137446

1.02344 -0.00687261
1.03125 -0.00591943

-0.460938 -0.137446
-0.453125 -0.137131

-0.453125 -0.137131
-0.445312 -0.136809

-3.09375 -0.227957
-3.10134 -0.226562

-0.445312 -0.136809
-0.4375 -0.136479

2.77344 0.362567
2.78125 0.364786

1.03125 -0.00591955
1.03906 -0.0049609

2.78125 0.364788
2.78906 0.366995

-0.4375 -0.136479
-0.429688 -0.136142

-3.10156 -0.22652
-3.10133 -0.226562

-0.429688 -0.136142
-0.421875 -0.135798

1.03906 -0.00496086
1.04688 -0.00399655

-3.09375 -0.227957
-3.08594 -0.229377

1.04688 -0.0039966
1.05469 -0.00302661

2.78906 0.367001
2.78973 0.367188

1.05469 -0.00302657
1.0625 -0.00205086

-3.08594 -0.229377
-3.07812 -0.230782

-0.421875 -0.135798
-0.414062 -0.135447

-3.07812 -0.230782
-3.07031 -0.232172

-0.414062 -0.135447
-0.40625 -0.135089

1.0625 -0.00205075
1.07031 -0.00106964

1.07031 -0.0010694
1.07812 -8.36056e-05

-3.07031 -0.232172
-3.0625 -0.233546

1.07812 -7.44101e-05
1.07871 0

-0.40625 -0.135089
-0.398438 -0.134725

2.78975 0.367188
2.79688 0.369188

-0.398438 -0.134725
-0.390625 -0.134355

-3.05469 -0.23492
-3.05782 -0.234375

-0.390625 -0.134355
-0.382812 -0.133978

2.79688 0.369189
2.80469 0.371371

-0.382812 -0.133978
-0.375 -0.133596

-3.05469 -0.234906
-3.04688 -0.23625

-3.0625 -0.233537
-3.05768 -0.234375

2.80469 0.37137
2.8125 0.373538

-0.375 -0.133596
-0.367188 -0.133208

-0.367188 -0.133208
-0.359375 -0.132813

-0.359351 -0.132812
-0.351562 -0.132413

-3.04688 -0.236249
-3.03906 -0.237575

2.8125 0.373555
2.81774 0.375

-0.351562 -0.132413
-0.34375 -0.132005

-0.34375 -0.132005
-0.335938 -0.13159

2.81793 0.375
2.82031 0.375656

1.07879 0
1.08594 0.00090605

2.82031 0.375692
2.82812 0.377834

1.08594 0.000907013
1.09375 0.0019041

-0.335938 -0.13159
-0.328125 -0.131167

1.09375 0.00190429
1.10156 0.00290682

2.82812 0.377834
2.83594 0.379964

-3.03906 -0.237575
-3.03125 -0.238883

2.83594 0.379965
2.84375 0.38208

1.10156 0.00290692
1.10938 0.0039143

-0.328125 -0.131167
-0.320312 -0.130737

1.10938 0.0039143
1.11719 0.00492632

-3.03125 -0.238883
-3.02344 -0.240174

-0.320312 -0.130737
-0.3125 -0.1303

-3.02344 -0.240174
-3.01562 -0.241448

-0.3125 -0.1303
-0.304688 -0.129857

-3.00781 -0.242717
-3.01111 -0.242188

2.84375 0.382093
2.84643 0.382812

-0.304688 -0.129857
-0.296875 -0.129407

-3.01562 -0.241438
-3.01096 -0.242188

-0.296875 -0.129407
-0.289062 -0.128951

1.11719 0.00492643
1.125 0.0059429

2.8465 0.382812
2.85156 0.384173

1.125 0.00594288
1.13281 0.00696365

-3.00781 -0.242704
-3 -0.24394

2.85156 0.38418
2.85938 0.386264

-0.289062 -0.128951
-0.28125 -0.128489

1.13281 0.00697883
1.13917 0.0078125

-0.28125 -0.128489
-0.273438 -0.128021

2.85938 0.386264
2.86719 0.388333

-2.95312 -0.250923
-2.9596 -0.25

1.14002 0.0078125
1.14062 0.00789241

-2.95312 -0.250922
-2.94531 -0.252014

-2.94531 -0.252014
-2.9375 -0.253084

-0.273438 -0.128021
-0.265625 -0.127549

-2.9375 -0.253084
-2.92969 -0.254132

-0.265625 -0.127549
-0.257812 -0.127071

2.86719 0.388333
2.875 0.390385

1.14062 0.00798631
1.14844 0.00901562

-2.92969 -0.254131
-2.92188 -0.255157

1.14844 0.00901661
1.15625 0.0100531

-0.257812 -0.127071
-0.25 -0.126589

1.15625 0.0100529
1.16406 0.0110949

-2.92188 -0.255157
-2.91406 -0.256162

-2.91406 -0.256162
-2.90625 -0.257145

-2.89844 -0.25813
-2.90102 -0.257812

-2.90625 -0.257134
-2.90074 -0.257812

-2.89844 -0.258108
-2.89062 -0.259047

-2.89062 -0.259047
-2.88281 -0.25996

1.16406 0.011095
1.17188 0.0121426

-0.25 -0.126589
-0.242188 -0.126101

2.875 0.390388
2.87591 0.390625

-0.242188 -0.126101
-0.234375 -0.125609

-2.88281 -0.25996
-2.875 -0.260849

1.17188 0.0121427
1.17969 0.0131957

-0.234375 -0.125609
-0.226562 -0.125113

2.87592 0.390625
2.88281 0.392418

-0.226562 -0.125096
-0.225068 -0.125

-2.875 -0.260849
-2.86719 -0.261712

2.88281 0.392419
2.89062 0.394436

-0.224719 -0.125
-0.21875 -0.124618

2.89062 0.394436
2.89844 0.396433

-0.21875 -0.124613
-0.210938 -0.124107

1.17969 0.0131959
1.1875 0.0142536

-2.86719 -0.261712
-2.85938 -0.26255

1.1875 0.0142538
1.19531 0.0153156

-2.85938 -0.26255
-2.85156 -0.263362

1.19531 0.015346
1.19736 0.015625

2.89844 0.396434
2.90625 0.39841

1.19767 0.015625
1.20312 0.0163692

-2.85156 -0.263362
-2.84375 -0.264149

-0.210938 -0.124107
-0.203125 -0.123595

-2.82812 -0.26569
-2.82881 -0.265625

-2.84375 -0.264149
-2.83594 -0.264911

2.90625 0.398411
2.90635 0.398438

-0.203125 -0.123595
-0.195312 -0.123078

2.90636 0.398438
2.91406 0.400366

1.20312 0.0163809
1.21094 0.0174523

-2.83594 -0.264907
-2.82834 -0.265625

1.21094 0.0174526
1.21875 0.0185295

2.91406 0.400366
2.92188 0.402298

1.21875 0.0185297
1.22656 0.0196112

-2.82812 -0.265649
-2.82031 -0.266361

1.22656 0.0196114
1.23438 0.0206969

2.92188 0.402299
2.92969 0.404208

-0.195312 -0.123078
-0.1875 -0.122556

2.92969 0.404209
2.9375 0.406093

-2.82031 -0.266361
-2.8125 -0.267044

1.23438 0.0206971
1.24219 0.0217857

1.24219 0.0217859
1.25 0.0228767

2.9375 0.406097
2.93814 0.40625

1.25 0.02292
1.2537 0.0234375

1.25434 0.0234375
1.25781 0.0239237

-0.1875 -0.122556
-0.179688 -0.122029

1.25781 0.0239683
1.26562 0.0250643

-2.8125 -0.267044
-2.80469 -0.267699

2.93816 0.40625
2.94531 0.40795

-2.80469 -0.267699
-2.79688 -0.268326

-2.79688 -0.268326
-2.78906 -0.268924

1.26562 0.0250649
1.27344 0.0261656

-2.78906 -0.268924
-2.78125 -0.269493

-0.179688 -0.122029
-0.171875 -0.121496

2.94531 0.407951
2.95312 0.409782

1.27344 0.0261655
1.28125 0.0272697

2.95312 0.409783
2.96094 0.411587

2.96094 0.411587
2.96875 0.413363

1.28125 0.0272698
1.28906 0.0283776

-0.171875 -0.121496
-0.164062 -0.120959

-2.78125 -0.269493
-2.77344 -0.270034

-0.164062 -0.120959
-0.15625 -0.120417

-2.77344 -0.270034
-2.76562 -0.270548

1.28906 0.0283777
1.29688 0.0294887

-2.76562 -0.270547
-2.75781 -0.271032

2.96875 0.413374
2.97183 0.414062

-0.15625 -0.120417
-0.148438 -0.11987

-2.75781 -0.271032
-2.75 -0.27149

1.29688 0.0294887
1.30469 0.0306027

-3 -0.24394
-2.99219 -0.245155

2.97191 0.414062
2.97656 0.415101

-0.148438 -0.11987
-0.140625 -0.119317

1.30469 0.0306382
1.30897 0.03125

-0.140625 -0.119317
-0.132812 -0.11876

-2.99219 -0.245155
-2.98438 -0.246349

2.97656 0.415108
2.98438 0.416822

-2.98438 -0.246348
-2.97656 -0.247522

-2.97656 -0.247522
-2.96875 -0.248675

1.30957 0.03125
1.3125 0.0316694

-2.96875 -0.248675
-2.96094 -0.249808

-2.96094 -0.249801
-2.95954 -0.25

2.98438 0.416823
2.99219 0.418505

1.3125 0.0317183
1.32031 0.0328392

-0.132812 -0.11876
-0.125 -0.118199

2.99219 0.418505
3 0.420154

1.32031 0.0328398
1.32812 0.0339661

-2.75 -0.271489
-2.74219 -0.271919

-0.125 -0.118199
-0.117188 -0.117633

-0.117188 -0.117619
-0.111265 -0.117188

1.32812 0.033966
1.33594 0.0350966

-2.74219 -0.271919
-2.73438 -0.272321

-0.110252 -0.117188
-0.109375 -0.117124

1.33594 0.0350967
1.34375 0.0362318

-2.73438 -0.272321
-2.72656 -0.272696

1.34375 0.0362319
1.35156 0.0373713

1.35156 0.0373712
1.35938 0.0385149

1.35938 0.0385408
1.36293 0.0390625

1.36326 0.0390625
1.36719 0.0396392

1.36719 0.0396621
1.375 0.0408163

1.375 0.0408166
1.38281 0.0419777

1.38281 0.0419776
1.39062 0.0431451

1.39062 0.0431453
1.39844 0.0443188

1.39844 0.044319
1.40625 0.045498

3 0.420155
3.00781 0.42177

3.00781 0.421774
3.00831 0.421875

3.00833 0.421875
3.01562 0.423349

3.01562 0.42335
3.02344 0.424893

3.02344 0.424893
3.03125 0.426398

3.03125 0.426399
3.03906 0.427866

1.40625 0.0454981
1.41406 0.0466822

1.41406 0.0466934
1.41525 0.046875

1.41535 0.046875
1.42188 0.0478696

1.42188 0.0478717
1.42969 0.0490683

1.42969 0.0490684
1.4375 0.0502716

1.4375 0.0502718
1.44531 0.0514809

3.03906 0.427866
3.04688 0.429292

1.44531 0.051481
1.45312 0.0526954

-0.109375 -0.117064
-0.101562 -0.116489

-2.72656 -0.272696
-2.71875 -0.273045

-0.101562 -0.116488
-0.09375 -0.115907

-2.71875 -0.273045
-2.71094 -0.273367

3.04688 0.429304
3.04904 0.429688

-2.70312 -0.273663
-2.70909 -0.273438

3.04914 0.429688
3.05469 0.430671

-0.09375 -0.115907
-0.0859375 -0.115319

-2.71094 -0.273364
-2.70899 -0.273438

-0.0859375 -0.115319
-0.078125 -0.114726

1.45312 0.0526953
1.46094 0.053915

3.05469 0.430675
3.0625 0.432016

1.46094 0.0539321
1.46575 0.0546875

1.46605 0.0546875
1.46875 0.0551104

-0.078125 -0.114726
-0.0703125 -0.114127

1.46875 0.0551394
1.47656 0.0563722

-2.70312 -0.273662
-2.69531 -0.27393

3.0625 0.432017
3.07031 0.433315

-2.69531 -0.27393
-2.6875 -0.274168

3.07031 0.433315
3.07812 0.434569

-2.6875 -0.274168
-2.67969 -0.274379

3.07812 0.434569
3.08594 0.435777

-0.0703125 -0.114127
-0.0625 -0.113524

3.08594 0.435778
3.09375 0.436939

-2.67969 -0.274379
-2.67188 -0.27456

1.47656 0.0563727
1.48438 0.0576141

-2.67188 -0.27456
-2.66406 -0.274714

-2.66406 -0.274714
-2.65625 -0.27484

-0.0625 -0.113524
-0.0546875 -0.112916

-0.0546875 -0.112916
-0.046875 -0.112304

1.48438 0.0576142
1.49219 0.0588631

-0.046875 -0.112304
-0.0390625 -0.111689

-2.65625 -0.274839
-2.64844 -0.274937

3.09375 0.436948
3.09763 0.4375

1.49219 0.0588632
1.5 0.0601191

-2.64844 -0.274937
-2.64062 -0.275008

-2.64062 -0.275008
-2.63281 -0.275051

3.09775 0.4375
3.10156 0.438043

3.10156 0.438052
3.10938 0.439116

3.10938 0.439115
3.11719 0.440131

3.11719 0.440131
3.125 0.4411

-2.63281 -0.275051
-2.625 -0.275067

3.125 0.4411
3.13281 0.442021

3.13281 0.442021
3.14062 0.442894

3.14062 0.442894
3.14844 0.443717

3.14844 0.443716
3.15625 0.44449

3.15625 0.444489
3.16406 0.445216

3.16406 0.445219
3.16514 0.445312

-0.0390625 -0.111689
-0.03125 -0.11107

-2.625 -0.275067
-2.61719 -0.275056

-0.03125 -0.11107
-0.0234375 -0.110449

3.16517 0.445312
3.17188 0.445896

3.17188 0.445896
3.17969 0.446527

-2.61719 -0.275056
-2.60938 -0.275019

3.17969 0.446528
3.1875 0.447107

-0.0234375 -0.110449
-0.015625 -0.109825

-0.015625 -0.109806
-0.0102409 -0.109375

-2.60938 -0.275019
-2.60156 -0.274956

-0.00930424 -0.109375
-0.0078125 -0.109256

3.1875 0.447116
3.20312 0.448131

1.5 0.0601192
1.50781 0.0613814

3.20312 0.448135
3.21875 0.448955

-2.60156 -0.274956
-2.59375 -0.274867

-0.0078125 -0.109201
0 -0.108572

3.21875 0.448941
3.22656 0.449275

1.50781 0.0613891
1.51466 0.0625

-2.59375 -0.274866
-2.58594 -0.274751

-2.58594 -0.274751
-2.57812 -0.274611

1.51513 0.0625
1.51562 0.0625805

1.51562 0.0626478
1.52344 0.0639216

1.52344 0.0639225
1.53125 0.0652039

1.53125 0.0652039
1.53906 0.066491

1.53906 0.0664911
1.54688 0.0677834

1.54688 0.0677835
1.55469 0.0690807

-2.57812 -0.274611
-2.57031 -0.274445

-2.57031 -0.274445
-2.5625 -0.274254

3.22656 0.449275
3.23438 0.449562

-2.5625 -0.274254
-2.55469 -0.274038

-2.55469 -0.274038
-2.54688 -0.273798

1.55469 0.0690831
1.56207 0.0703125

-2.54688 -0.273798
-2.53906 -0.273535

-2.53906 -0.273469
-2.53822 -0.273438

1.5625 0.0703809
1.57031 0.0716879

1.57031 0.0716886
1.57812 0.0730028

3.23438 0.449562
3.24219 0.449802

1.57812 0.0730027
1.58594 0.0743229

-2.53577 -0.273438
-2.53125 -0.273271

0 -0.108571
0.0078125 -0.107938

-2.53125 -0.273248
-2.52344 -0.272935

1.58594 0.074323
1.59375 0.075649

3.24219 0.449802
3.25 0.449994

1.59375 0.0756492
1.60156 0.0769803

0.0078125 -0.107938
0.015625 -0.107301

-2.52344 -0.272935
-2.51562 -0.272598

-2.51562 -0.272598
-2.50781 -0.272236

1.60156 0.0769903
1.6082 0.078125

-2.50781 -0.272236
-2.5 -0.271851

0.015625 -0.107301
0.0234375 -0.10666

0.0234375 -0.10666
0.03125 -0.106015

3.25 0.449993
3.25781 0.450139

3.25781 0.450139
3.26562 0.450239

0.03125 -0.106015
0.0390625 -0.105367

0.0390625 -0.105367
0.046875 -0.104715

1.60866 0.078125
1.60938 0.0782464

-2.5 -0.271851
-2.49219 -0.271442

-2.49219 -0.271441
-2.48438 -0.27101

3.26562 0.450239
3.27344 0.450294

-2.48438 -0.271009
-2.47656 -0.270555

-2.47656 -0.270555
-2.46875 -0.270079

3.27344 0.450294
3.28125 0.450304

1.60938 0.0783142
1.61719 0.0796552

0.046875 -0.104715
0.0546875 -0.104059

1.61719 0.079656
1.625 0.0810044

-2.46875 -0.270079
-2.46094 -0.269583

1.625 0.0810042
1.63281 0.0823588

0.0546875 -0.104059
0.0625 -0.1034

1.63281 0.082359
1.64062 0.08372

0.0625 -0.1034
0.0703125 -0.102739

3.28125 0.450303
3.28906 0.45027

0.0703125 -0.102739
0.078125 -0.102075

1.64062 0.0837201
1.64844 0.0850873

-2.46094 -0.269582
-2.45312 -0.269065

1.64844 0.0851051
1.65317 0.0859375

1.65344 0.0859375
1.65625 0.0864309

0.078125 -0.102059
0.0839603 -0.101562

1.65625 0.0864593
1.66406 0.0878393

0.0848743 -0.101562
0.0859375 -0.101472

-2.45312 -0.269065
-2.44531 -0.268528

0.0859375 -0.101411
0.09375 -0.100742

1.66406 0.0878395
1.67188 0.0892281

3.28906 0.45027
3.29688 0.450195

1.67188 0.0892278
1.67969 0.0906252

-2.44531 -0.268528
-2.4375 -0.267973

0.09375 -0.100741
0.101562 -0.100068

3.29688 0.450195
3.30469 0.450079

1.67969 0.0906249
1.6875 0.0920324

3.30469 0.450079
3.3125 0.449925

-2.4375 -0.267972
-2.42969 -0.267399

0.101562 -0.100068
0.109375 -0.0993914

-2.42969 -0.267399
-2.42188 -0.266809

3.3125 0.449924
3.32031 0.449733

1.6875 0.0920321
1.69531 0.0934507

3.32031 0.449733
3.32812 0.449505

-2.42188 -0.266808
-2.41406 -0.266202

0.109375 -0.0993913
0.117188 -0.0987109

-2.41406 -0.266199
-2.40685 -0.265625

-2.40625 -0.26558
-2.39844 -0.264941

3.32812 0.449504
3.33594 0.449242

3.33594 0.449241
3.34375 0.448944

0.117188 -0.0987109
0.125 -0.0980272

1.69531 0.0934619
1.69689 0.09375

0.125 -0.0980271
0.132812 -0.0973402

-2.39844 -0.264941
-2.39062 -0.264284

0.132812 -0.0973403
0.140625 -0.0966502

3.34375 0.448944
3.35156 0.448615

1.69696 0.09375
1.70312 0.0948783

3.35156 0.448614
3.35938 0.448253

-2.39062 -0.264284
-2.38281 -0.26361

0.140625 -0.0966502
0.148438 -0.0959565

3.35938 0.448253
3.36719 0.447861

0.148438 -0.0959565
0.15625 -0.0952593

3.36719 0.447861
3.375 0.44744

-2.38281 -0.26361
-2.375 -0.262919

1.70312 0.0948818
1.71094 0.096324

0.15625 -0.0952591
0.164062 -0.094559

0.164062 -0.0945588
0.171875 -0.0938566

3.375 0.44744
3.38281 0.446991

-2.375 -0.262919
-2.36719 -0.262212

1.71094 0.0963247
1.71875 0.097776

-2.36719 -0.262212
-2.35938 -0.261489

0.171875 -0.0938439
0.172916 -0.09375

3.38281 0.446991
3.39062 0.446515

0.173084 -0.09375
0.179688 -0.0931544

3.39062 0.446514
3.39844 0.446013

1.71875 0.0977767
1.72656 0.0992342

-2.35938 -0.261489
-2.35156 -0.260752

0.179688 -0.0931523
0.1875 -0.0924445

-2.35156 -0.260752
-2.34375 -0.260001

3.39844 0.446012
3.40625 0.445487

-2.34375 -0.260001
-2.33594 -0.259238

3.41406 0.444939
3.40875 0.445312

-2.33594 -0.259238
-2.32812 -0.258461

1.72656 0.0992342
1.73438 0.100697

-2.32812 -0.258446
-2.32184 -0.257812

-2.32031 -0.257675
-2.3125 -0.256874

1.73438 0.100719
1.73887 0.101562

-2.3125 -0.256873
-2.30469 -0.256055

-2.30469 -0.256055
-2.29688 -0.255223

1.73916 0.101562
1.74219 0.102131

3.40625 0.445483
3.40867 0.445312

1.74219 0.102163
1.75 0.103637

-2.29688 -0.255222
-2.28906 -0.254375

-2.28906 -0.254375
-2.28125 -0.253513

3.41406 0.444937
3.42188 0.444367

3.42188 0.444367
3.42969 0.443776

3.42969 0.443776
3.4375 0.443167

3.4375 0.443166
3.44531 0.44254

3.44531 0.44254
3.45312 0.441897

3.45312 0.441896
3.46094 0.441238

3.46094 0.441238
3.46875 0.440566

3.46875 0.440566
3.47656 0.43988

3.47656 0.43988
3.48438 0.439183

3.48438 0.439182
3.49219 0.438474

3.49219 0.438473
3.5 0.437754

1.75 0.103637
1.75781 0.105119

1.75781 0.105119
1.76562 0.106607

1.76562 0.106607
1.77344 0.108101

1.77344 0.108113
1.78001 0.109375

-2.28125 -0.253513
-2.27344 -0.252638

-2.27344 -0.252638
-2.26562 -0.251751

1.78047 0.109375
1.78125 0.109525

1.78125 0.1096
1.78906 0.111107

-2.26562 -0.251751
-2.25781 -0.250852

-2.25781 -0.25085
-2.25051 -0.25

1.78906 0.111108
1.79688 0.112624

1.79688 0.112624
1.80469 0.114148

1.80469 0.114148
1.8125 0.115677

3.51562 0.43629
3.50283 0.4375

1.8125 0.115677
1.82018 0.117188

1.82031 0.117213
1.82812 0.118755

1.82812 0.118755
1.83594 0.120302

1.83594 0.120302
1.84375 0.121858

3.51562 0.436274
3.53125 0.434759

3.53125 0.434758
3.53906 0.433995

3.53906 0.433995
3.54688 0.433227

-2.25 -0.249944
-2.24219 -0.249023

3.54688 0.433227
3.55469 0.432456

1.84375 0.121857
1.85156 0.123422

3.55469 0.432456
3.5625 0.431683

-2.24219 -0.249022
-2.23438 -0.248088

1.85156 0.123421
1.85938 0.124997

3.5 0.437742
3.5026 0.4375

1.85938 0.125
1.86719 0.126585

-2.23438 -0.248089
-2.22656 -0.247142

1.86719 0.126585
1.875 0.12818

3.5625 0.431682
3.57031 0.430908

3.57031 0.430908
3.57812 0.430135

-2.22656 -0.247142
-2.21875 -0.246182

1.875 0.128181
1.88281 0.129786

1.88281 0.129786
1.89062 0.131399

3.58594 0.429375
3.58278 0.429688

1.89062 0.131408
1.8974 0.132812

-2.21875 -0.246182
-2.21094 -0.24521

-2.21094 -0.245209
-2.20312 -0.244227

3.57812 0.430125
3.58255 0.429688

-2.20312 -0.244226
-2.19531 -0.243235

1.89777 0.132812
1.89844 0.132951

1.89844 0.133017
1.90625 0.134644

3.58594 0.429362
3.59375 0.428592

1.90625 0.134645
1.91406 0.136282

3.59375 0.428592
3.60156 0.427824

3.60156 0.427824
3.60938 0.427058

-2.19531 -0.243235
-2.1875 -0.242237

-2.1875 -0.242224
-2.18722 -0.242188

-2.1871 -0.242188
-2.17969 -0.241233

3.60938 0.427058
3.61719 0.426295

3.61719 0.426295
3.625 0.425535

1.91406 0.136282
1.92188 0.137926

3.625 0.425532
3.64062 0.424033

3.64062 0.424034
3.65625 0.422561

1.92188 0.137926
1.92969 0.139579

1.92969 0.139595
1.93454 0.140625

3.67188 0.421129
3.66382 0.421875

3.65625 0.422544
3.66348 0.421875

3.67188 0.421113
3.6875 0.419696

-2.17969 -0.241232
-2.17188 -0.240218

3.6875 0.419695
3.70312 0.418312

1.93475 0.140625
1.9375 0.14121

3.70312 0.41831
3.71875 0.416968

-2.17188 -0.240217
-2.16406 -0.239194

-2.16406 -0.239194
-2.15625 -0.238163

1.9375 0.141237
1.94531 0.142905

1.94531 0.142906
1.95312 0.144584

-2.15625 -0.238163
-2.14844 -0.237125

-2.14844 -0.237125
-2.14062 -0.236081

-2.14062 -0.236081
-2.13281 -0.235032

-2.13281 -0.234968
-2.12841 -0.234375

-2.12706 -0.234375
-2.125 -0.234097

-2.125 -0.23398
-2.11719 -0.232921

-2.11719 -0.23292
-2.10938 -0.231854

-2.10938 -0.231854
-2.10156 -0.230782

-2.10156 -0.230782
-2.09375 -0.229705

3.71875 0.416963
3.73438 0.415676

3.73438 0.415676
3.75 0.41445

1.95312 0.144584
1.96094 0.146271

1.96094 0.146271
1.96875 0.147967

-2.09375 -0.229705
-2.08594 -0.228624

3.75 0.414452
3.76562 0.413284

3.76562 0.413285
3.78125 0.412172

1.96875 0.14798
1.97085 0.148438

-2.08594 -0.228624
-2.07812 -0.227541

1.97093 0.148438
1.97656 0.149667

3.78125 0.412169
3.79688 0.411113

1.97656 0.149672
1.98438 0.151386

-2.07812 -0.227535
-2.07112 -0.226562

1.98438 0.151387
1.99219 0.153111

3.79688 0.41111
3.8125 0.410125

-2.07031 -0.226457
-2.0625 -0.225369

1.99219 0.153111
2 0.154845

-2.0625 -0.225369
-2.05469 -0.224276

-2.05469 -0.224276
-2.04688 -0.22318

3.8125 0.410124
3.82812 0.409216

3.82812 0.409218
3.84375 0.408386

3.84375 0.408387
3.85938 0.407625

3.85938 0.407633
3.875 0.406925

-2.04688 -0.22318
-2.03906 -0.222082

-2.03906 -0.222081
-2.03125 -0.220982

3.90625 0.405741
3.89269 0.40625

3.875 0.406883
3.89186 0.40625

3.90625 0.405719
3.9375 0.404871

3.9375 0.404874
3.96875 0.404354

3.96875 0.404344
4 0.404164

-2.03125 -0.220981
-2.02344 -0.219881

-2.02344 -0.219881
-2.01562 -0.218782

-2.01562 -0.218774
-2.01546 -0.21875

-2.01539 -0.21875
-2.00781 -0.217683

-2.00781 -0.217683
-2 -0.216583

-2 -0.216582
-1.99219 -0.215482

-1.99219 -0.215482
-1.98438 -0.214382

-1.98438 -0.214381
-1.97656 -0.213283

-1.97656 -0.213282
-1.96875 -0.212186

-1.96875 -0.212186
-1.96094 -0.211094

-1.96094 -0.211048
-1.96015 -0.210938

-1.95976 -0.210938
-1.95312 -0.210013

-1.95312 -0.210006
-1.94531 -0.20892

-1.94531 -0.208919
-1.9375 -0.207836

-1.9375 -0.207836
-1.92969 -0.206756

-1.92969 -0.206756
-1.92188 -0.205682

-1.92188 -0.205682
-1.91406 -0.204614

-1.91406 -0.204614
-1.90625 -0.203554

-1.90625 -0.203455
-1.9038 -0.203125

-1.90258 -0.203125
-1.89844 -0.202567

-1.89844 -0.202504
-1.89062 -0.201459

-1.89062 -0.201458
-1.88281 -0.200419

-1.88281 -0.200419
-1.875 -0.199386

-1.875 -0.199386
-1.86719 -0.198362

-1.86719 -0.198362
-1.85938 -0.197347

-1.85938 -0.197346
-1.85156 -0.196342

-1.85156 -0.196341
-1.84375 -0.195348

-1.84375 -0.195336
-1.84356 -0.195312

-1.84346 -0.195312
-1.83594 -0.194366

-1.83594 -0.194365
-1.82812 -0.19339

-1.82812 -0.193389
-1.82031 -0.192423

-1.82031 -0.192423
-1.8125 -0.191465

-1.8125 -0.191465
-1.80469 -0.190518

-1.80469 -0.190517
-1.79688 -0.189581

-1.79688 -0.189581
-1.78906 -0.188655

-1.78906 -0.188655
-1.78125 -0.187742

