-4 -0.463036
-3.98438 -0.463055

-3.98438 -0.463054
-3.96875 -0.463112

-3.96875 -0.463113
-3.95312 -0.46321

-3.95312 -0.46321
-3.9375 -0.463345

-3.9375 -0.463346
-3.92188 -0.463514

-3.92188 -0.463515
-3.90625 -0.463715

-3.90625 -0.463715
-3.89062 -0.463945

-3.89062 -0.463946
-3.875 -0.464203

-3.875 -0.464205
-3.85938 -0.464487

-3.85938 -0.464487
-3.84375 -0.464789

-3.84375 -0.46479
-3.82812 -0.465111

-3.82812 -0.465111
-3.8125 -0.46545

-3.8125 -0.465452
-3.79688 -0.465805

-3.79688 -0.465805
-3.78125 -0.466166

-3.78125 -0.466166
-3.76562 -0.466536

-3.76562 -0.466536
-3.75 -0.466913

-3.75 -0.466915
-3.73438 -0.467296

-3.73438 -0.467296
-3.71875 -0.467674

-3.71875 -0.467673
-3.70312 -0.468048

-3.70312 -0.468049
-3.6875 -0.46842

-3.67188 -0.468786
-3.67342 -0.46875

-3.67188 -0.468787
-3.65625 -0.469147

-3.6875 -0.468419
-3.6734 -0.46875

-3.65625 -0.469147
-3.64844 -0.469325

-3.64844 -0.469325
-3.64062 -0.4695

-3.64062 -0.4695
-3.63281 -0.469673

-3.63281 -0.469673
-3.625 -0.469842

-3.625 -0.469842
-3.61719 -0.470008

-3.61719 -0.470008
-3.60938 -0.47017

-3.60938 -0.47017
-3.60156 -0.470328

1.40625 0.27713
1.41406 0.279242

1.41406 0.279245
1.42148 0.28125

-3.60156 -0.470328
-3.59375 -0.470482

-0.25 -0.079099
-0.244103 -0.078125

-0.24348 -0.078125
-0.242188 -0.0779115

-1.38944 -0.25
-1.38281 -0.249069

-1.38281 -0.249062
-1.375 -0.247962

-3.59375 -0.470482
-3.58594 -0.470631

-1.375 -0.247962
-1.36719 -0.24686

-3.58594 -0.470631
-3.57812 -0.470776

1.42188 0.281353
1.42969 0.283465

1.42969 0.283466
1.4375 0.28558

-1.36719 -0.24686
-1.35938 -0.245756

-1.35938 -0.245756
-1.35156 -0.244653

1.4375 0.285579
1.44531 0.287695

-0.242188 -0.0778305
-0.234375 -0.0765379

1.44531 0.287722
1.45026 0.289062

-0.234375 -0.0765375
-0.226562 -0.0752418

-3.57812 -0.470776
-3.57031 -0.470916

-0.226562 -0.0752417
-0.21875 -0.0739438

1.45054 0.289062
1.45312 0.289763

-1.35156 -0.244653
-1.34375 -0.24355

1.45312 0.289812
1.46094 0.291931

-1.34375 -0.24355
-1.33594 -0.242448

-1.33594 -0.242413
-1.33434 -0.242188

1.46094 0.291932
1.46875 0.294053

-0.21875 -0.0739439
-0.210938 -0.0726438

1.46875 0.294053
1.47656 0.296174

1.47656 0.296204
1.47903 0.296875

1.47919 0.296875
1.48438 0.298283

-1.33402 -0.242188
-1.32812 -0.241356

-1.32812 -0.241345
-1.32031 -0.240241

-0.210938 -0.0726438
-0.203125 -0.0713414

-0.203125 -0.0713259
-0.197056 -0.0703125

-0.196577 -0.0703125
-0.195312 -0.0701014

-0.195312 -0.0700375
-0.1875 -0.0687301

-3.57031 -0.470916
-3.5625 -0.47105

-0.1875 -0.0687297
-0.179688 -0.0674188

-0.179688 -0.0674188
-0.171875 -0.0661049

1.48438 0.298297
1.49219 0.300421

-0.171875 -0.0661048
-0.164062 -0.0647883

1.49219 0.300421
1.5 0.302546

-0.164062 -0.0647882
-0.15625 -0.0634693

-3.5625 -0.47105
-3.55469 -0.471179

-1.32031 -0.240241
-1.3125 -0.239135

-0.15625 -0.063445
-0.15066 -0.0625

-3.55469 -0.471179
-3.54688 -0.471304

-0.150083 -0.0625
-0.148438 -0.0622218

-3.54688 -0.471304
-3.53906 -0.471423

-3.53906 -0.471423
-3.53125 -0.471536

-1.3125 -0.239135
-1.30469 -0.238028

-1.30469 -0.238029
-1.29688 -0.236921

-0.148438 -0.062149
-0.140625 -0.0608255

-1.29688 -0.236921
-1.28125 -0.234702

-0.140625 -0.0608251
-0.132812 -0.0594985

-1.28125 -0.234652
-1.2793 -0.234375

-3.53125 -0.471537
-3.52344 -0.471644

-1.27882 -0.234375
-1.27344 -0.23361

-3.52344 -0.471644
-3.51562 -0.471746

-1.27344 -0.233591
-1.26562 -0.232481

-3.51562 -0.471746
-3.50781 -0.471843

-1.26562 -0.23248
-1.25781 -0.231368

-3.50781 -0.471843
-3.5 -0.471933

-1.25781 -0.231368
-1.25 -0.230256

-0.132812 -0.0594986
-0.125 -0.0581698

-3.5 -0.471933
-3.49219 -0.472017

-3.49219 -0.472017
-3.48438 -0.472094

-3.48438 -0.472095
-3.47656 -0.472165

-3.47656 -0.472165
-3.46875 -0.472229

-3.46875 -0.472229
-3.46094 -0.472287

-3.46094 -0.472287
-3.45312 -0.472338

-3.45312 -0.472338
-3.44531 -0.472381

-0.125 -0.0581696
-0.117188 -0.0568391

1.5 0.302546
1.50781 0.304672

1.50781 0.304674
1.50786 0.304688

-3.44531 -0.472381
-3.4375 -0.472418

1.50787 0.304688
1.51562 0.306799

-1.25 -0.230256
-1.24219 -0.229143

-1.24219 -0.229143
-1.23438 -0.228031

-3.4375 -0.472418
-3.42969 -0.472447

-3.42969 -0.472447
-3.42188 -0.472468

1.51562 0.306799
1.52344 0.308926

-3.42188 -0.472468
-3.41406 -0.472481

1.52344 0.308926
1.53125 0.311053

-3.41406 -0.472481
-3.40625 -0.472485

-0.117188 -0.0568392
-0.109375 -0.0555074

-0.109375 -0.0554729
-0.104772 -0.0546875

-0.104235 -0.0546875
-0.101562 -0.0542315

-0.101562 -0.0541749
-0.09375 -0.0528392

-0.09375 -0.052839
-0.0859375 -0.0515002

-0.0859375 -0.0515002
-0.078125 -0.0501587

-0.078125 -0.0501585
-0.0703125 -0.0488146

-0.0703125 -0.0488145
-0.0625 -0.0474686

-3.40625 -0.472487
-3.39062 -0.472471

1.53125 0.31108
1.53646 0.3125

-1.23438 -0.228031
-1.22656 -0.226918

1.53678 0.3125
1.53906 0.313121

-1.22656 -0.226883
-1.22431 -0.226562

-3.39062 -0.472469
-3.375 -0.472423

-0.0625 -0.0474289
-0.0592891 -0.046875

-3.375 -0.472422
-3.36719 -0.472389

-0.0588794 -0.046875
-0.0546875 -0.0461518

1.53906 0.31318
1.54688 0.315308

-1.22396 -0.226562
-1.21875 -0.225821

1.54688 0.315308
1.55469 0.317437

-0.0546875 -0.0461212
-0.046875 -0.0447707

1.55469 0.317437
1.5625 0.319567

-0.046875 -0.0447706
-0.0390625 -0.0434169

-3.36719 -0.472389
-3.35938 -0.472348

-0.0390625 -0.0434169
-0.03125 -0.0420602

-3.35938 -0.472348
-3.35156 -0.472299

-3.35156 -0.472299
-3.34375 -0.472242

-3.34375 -0.472242
-3.33594 -0.472176

-3.33594 -0.472176
-3.32812 -0.472102

-0.03125 -0.0420601
-0.0234375 -0.0407008

-3.32812 -0.472102
-3.32031 -0.472019

-0.0234375 -0.0407007
-0.015625 -0.039339

-1.21875 -0.225805
-1.21094 -0.224691

-0.015625 -0.039314
-0.0141846 -0.0390625

-0.0140047 -0.0390625
-0.0078125 -0.0379812

-0.0078125 -0.0379751
0 -0.0366075

-3.32031 -0.472019
-3.3125 -0.471927

-3.3125 -0.471927
-3.30469 -0.471825

-3.30469 -0.471825
-3.29688 -0.471713

-3.29688 -0.471713
-3.28906 -0.471592

1.5625 0.319594
1.56514 0.320312

1.56529 0.320312
1.57031 0.32168

1.57031 0.321695
1.57812 0.323823

1.57812 0.323823
1.58594 0.32595

1.58594 0.325951
1.59375 0.328078

1.59375 0.328081
1.59391 0.328125

1.59392 0.328125
1.60156 0.330205

1.60156 0.330205
1.60938 0.332329

1.60938 0.332329
1.61719 0.334449

-1.21094 -0.224691
-1.20312 -0.223575

-1.20312 -0.223575
-1.19531 -0.222459

0 -0.0366075
0.0078125 -0.0352364

0.0078125 -0.0352365
0.015625 -0.0338621

-3.28906 -0.471592
-3.28125 -0.471462

-3.28125 -0.471462
-3.27344 -0.471321

-3.27344 -0.471321
-3.26562 -0.471168

-1.19531 -0.222459
-1.1875 -0.221342

-3.26562 -0.471167
-3.25781 -0.471003

0.015625 -0.0338621
0.0234375 -0.0324842

0.0234375 -0.0324784
0.0303855 -0.03125

0.0307494 -0.03125
0.03125 -0.0311615

1.61719 0.334478
1.62257 0.335938

1.62294 0.335938
1.625 0.336496

-3.25781 -0.471003
-3.25 -0.470828

1.625 0.336566
1.63281 0.338679

-1.1875 -0.221342
-1.17969 -0.220225

-3.25 -0.470829
-3.24219 -0.470643

-3.24219 -0.470643
-3.23438 -0.470447

0.03125 -0.0311033
0.0390625 -0.0297182

-3.23438 -0.470447
-3.22656 -0.47024

0.0390625 -0.0297178
0.046875 -0.0283285

1.63281 0.338679
1.64062 0.34079

0.046875 -0.0283285
0.0546875 -0.0269356

1.64062 0.34079
1.64844 0.342897

0.0546875 -0.0269355
0.0625 -0.0255394

-1.17969 -0.220225
-1.17188 -0.219109

1.64844 0.342924
1.65151 0.34375

0.0625 -0.0255391
0.0703125 -0.0241404

-1.17188 -0.219075
-1.1696 -0.21875

0.0703125 -0.0241031
0.0740248 -0.0234375

1.65168 0.34375
1.65625 0.344982

0.0744437 -0.0234375
0.078125 -0.0227774

-1.16925 -0.21875
-1.16406 -0.218009

-3.22656 -0.47024
-3.21875 -0.470023

-1.16406 -0.217993
-1.15625 -0.216876

1.65625 0.345
1.66406 0.3471

0.078125 -0.0227402
0.0859375 -0.0213362

1.66406 0.3471
1.67188 0.349196

0.0859375 -0.0213361
0.09375 -0.0199284

-1.15625 -0.216876
-1.14844 -0.215758

-3.21875 -0.470024
-3.21094 -0.469796

1.67188 0.349196
1.67969 0.351288

-3.21094 -0.469796
-3.20312 -0.469556

1.67969 0.351298
1.68068 0.351562

-3.20312 -0.469557
-3.19531 -0.469304

1.68072 0.351562
1.6875 0.353374

-3.19531 -0.469308
-3.1875 -0.469035

1.6875 0.353375
1.69531 0.355459

0.09375 -0.0199287
0.101562 -0.0185167

0.101562 -0.0185171
0.109375 -0.0170998

1.69531 0.355459
1.70312 0.357538

1.70312 0.357544
1.71002 0.359375

1.71023 0.359375
1.71094 0.359563

-3.1875 -0.469027
-3.17988 -0.46875

-3.17894 -0.46875
-3.17188 -0.468493

0.109375 -0.0170971
0.117486 -0.015625

0.117522 -0.015625
0.125 -0.0142698

1.71094 0.359612
1.71875 0.361681

0.125 -0.0142682
0.132812 -0.0128448

0.132812 -0.0128445
0.140625 -0.0114168

-1.14844 -0.215758
-1.14062 -0.21464

-1.14062 -0.21464
-1.13281 -0.213521

-1.13281 -0.213521
-1.125 -0.212402

0.140625 -0.0114166
0.148438 -0.00998591

0.148438 -0.00998574
0.15625 -0.00855272

-3.17188 -0.468476
-3.15625 -0.467853

-3.15625 -0.467851
-3.14062 -0.467178

-3.14062 -0.467179
-3.125 -0.466457

1.71875 0.361681
1.72656 0.363746

-3.125 -0.466456
-3.10938 -0.465684

1.72656 0.363746
1.73438 0.365806

-3.10938 -0.465683
-3.09375 -0.464865

0.15625 -0.00850148
0.160001 -0.0078125

-1.125 -0.212403
-1.11719 -0.211283

0.160578 -0.0078125
0.164062 -0.0071726

-1.11719 -0.211245
-1.11504 -0.210938

0.164062 -0.00711839
0.171875 -0.00568067

-1.11466 -0.210938
-1.10938 -0.210179

1.73438 0.365829
1.73954 0.367188

-3.09375 -0.464865
-3.07812 -0.464001

1.73982 0.367188
1.74219 0.367809

0.171875 -0.0056803
0.179688 -0.00423925

1.74219 0.367859
1.75 0.369906

0.179688 -0.00423929
0.1875 -0.00279557

-3.07812 -0.464001
-3.0625 -0.46309

-1.10938 -0.210163
-1.10156 -0.209039

0.1875 -0.00279541
0.195312 -0.00134926

-3.0625 -0.463091
-3.04688 -0.462131

0.195312 -0.00134648
0.202578 0

1.75 0.369906
1.75781 0.371947

1.75781 0.371947
1.76562 0.373981

1.76562 0.373997
1.76949 0.375

-1.10156 -0.209039
-1.09375 -0.207913

-1.09375 -0.207913
-1.08594 -0.206783

-1.08594 -0.206783
-1.07812 -0.205651

1.76961 0.375
1.77344 0.375992

1.77344 0.376008
1.78125 0.378029

-3.04688 -0.46213
-3.03125 -0.46112

1.78125 0.378029
1.78906 0.380042

1.78906 0.380042
1.79688 0.382048

-1.07812 -0.205651
-1.07031 -0.204518

-1.07031 -0.204517
-1.0625 -0.203383

1.79688 0.382056
1.79983 0.382812

-1.0625 -0.203333
-1.06107 -0.203125

-1.06064 -0.203125
-1.05469 -0.20226

1.79988 0.382812
1.80469 0.384041

1.80469 0.384046
1.8125 0.386038

-1.05469 -0.202247
-1.04688 -0.201109

1.8125 0.386039
1.82031 0.388024

1.82031 0.388024
1.82812 0.390001

-3.03125 -0.461119
-3.01562 -0.460064

-3.01562 -0.460065
-3 -0.458964

1.82812 0.390018
1.83054 0.390625

1.83063 0.390625
1.83594 0.391962

0.202839 0
0.203125 5.29509e-05

1.83594 0.391969
1.84375 0.393928

-1.04688 -0.201109
-1.03906 -0.199969

-1.03906 -0.199969
-1.03125 -0.198828

-3 -0.458965
-2.98438 -0.457815

-1.03125 -0.198828
-1.02344 -0.197686

-1.02344 -0.197686
-1.01562 -0.196543

0.203125 9.8225e-05
0.210938 0.00154841

1.84375 0.393929
1.85156 0.395878

0.210938 0.00154876
0.21875 0.00300169

1.85156 0.395878
1.85938 0.397817

0.21875 0.0030017
0.226562 0.00445666

1.85938 0.397837
1.86181 0.398438

0.226562 0.00445656
0.234375 0.0059137

1.86193 0.398438
1.86719 0.399735

0.234375 0.00591364
0.242188 0.00737326

0.242188 0.00739765
0.244404 0.0078125

0.24459 0.0078125
0.25 0.00882529

0.25 0.0088357
0.257812 0.0103009

0.257812 0.0103009
0.265625 0.0117685

-1.01562 -0.196543
-1.00781 -0.1954

-1.00781 -0.195363
-1.00746 -0.195312

1.86719 0.399744
1.875 0.40166

-2.98438 -0.457816
-2.96875 -0.456614

1.875 0.401661
1.88281 0.403565

1.88281 0.403565
1.89062 0.405456

-2.96875 -0.456613
-2.95312 -0.455361

-2.95312 -0.45536
-2.9375 -0.454062

-1.0072 -0.195312
-1 -0.194258

-2.9375 -0.454056
-2.92666 -0.453125

-2.92642 -0.453125
-2.92188 -0.452735

0.265625 0.0117684
0.273438 0.0132386

0.273438 0.0132385
0.28125 0.0147117

0.28125 0.0147363
0.285953 0.015625

0.286299 0.015625
0.289062 0.0161471

0.289062 0.0161876
0.296875 0.0176678

-2.92188 -0.452721
-2.90625 -0.45133

0.296875 0.0176681
0.304688 0.0191524

0.304688 0.0191526
0.3125 0.0206402

-2.90625 -0.45133
-2.89062 -0.449889

-2.89062 -0.449887
-2.875 -0.448399

1.89062 0.405465
1.89389 0.40625

-2.875 -0.448397
-2.85938 -0.446872

1.89396 0.40625
1.89844 0.407327

-1 -0.194256
-0.992188 -0.19311

1.89844 0.407333
1.90625 0.409198

-0.992188 -0.19311
-0.984375 -0.191963

-0.984375 -0.191963
-0.976562 -0.190815

-2.85938 -0.446865
-2.84375 -0.445321

-0.976562 -0.190815
-0.96875 -0.189667

0.3125 0.0206402
0.320312 0.0221307

0.320312 0.0221378
0.327114 0.0234375

0.327447 0.0234375
0.328125 0.0235671

-2.84365 -0.445312
-2.83594 -0.444547

-2.83594 -0.444547
-2.82812 -0.443765

1.90625 0.409198
1.91406 0.411048

1.91406 0.411048
1.92188 0.412884

-0.96875 -0.189667
-0.960938 -0.188518

-0.960938 -0.188517
-0.954019 -0.1875

0.328125 0.0236231
0.335938 0.0251191

-0.953915 -0.1875
-0.953125 -0.187384

0.335938 0.0251194
0.34375 0.0266195

1.92188 0.412894
1.92689 0.414062

0.34375 0.0266195
0.351562 0.0281232

1.92701 0.414062
1.92969 0.414687

0.351562 0.0281232
0.359375 0.0296307

-2.82812 -0.443765
-2.82031 -0.442975

0.359375 0.0296307
0.367188 0.031142

1.92969 0.414705
1.9375 0.416511

-0.953125 -0.187371
-0.945312 -0.186222

-0.945312 -0.186222
-0.9375 -0.185072

1.9375 0.416511
1.94531 0.418302

1.94531 0.418302
1.95312 0.420077

-0.9375 -0.185072
-0.929688 -0.183922

-0.929688 -0.183922
-0.921875 -0.182771

1.95312 0.420082
1.96115 0.421875

1.96113 0.421875
1.96875 0.423569

1.96875 0.42357
1.97656 0.425287

-0.921875 -0.182771
-0.914062 -0.181622

-0.914062 -0.181622
-0.90625 -0.180473

0.367188 0.0311491
0.367708 0.03125

0.367749 0.03125
0.375 0.0326567

-2.82031 -0.442975
-2.8125 -0.442176

1.97656 0.425287
1.98438 0.426985

-0.90625 -0.180461
-0.900988 -0.179688

-2.8125 -0.442176
-2.80469 -0.441365

-0.900731 -0.179688
-0.898438 -0.17935

-2.80469 -0.441365
-2.79688 -0.440544

1.98438 0.426985
1.99219 0.428661

-0.898438 -0.179325
-0.890625 -0.178176

0.375 0.0326573
0.382812 0.034178

-2.79688 -0.440544
-2.78906 -0.439715

0.382812 0.034178
0.390625 0.0357037

-0.890625 -0.178175
-0.882812 -0.177025

0.390625 0.0357037
0.398438 0.0372344

-2.78906 -0.439715
-2.78125 -0.438879

0.398438 0.0372345
0.40625 0.03877

-0.882812 -0.177025
-0.875 -0.175874

0.40625 0.0387862
0.407652 0.0390625

-2.78125 -0.43888
-2.76847 -0.4375

-0.875 -0.175874
-0.867188 -0.174721

-0.867188 -0.174721
-0.859375 -0.173568

-2.76835 -0.4375
-2.76562 -0.437206

1.99219 0.428676
1.99696 0.429688

0.407753 0.0390625
0.414062 0.0403064

1.99714 0.429688
2 0.430294

0.414062 0.0403099
0.421875 0.041855

-0.859375 -0.173568
-0.851562 -0.172415

-0.851562 -0.172384
-0.848115 -0.171875

-2.76562 -0.437197
-2.75781 -0.436342

-2.75781 -0.436342
-2.75 -0.435478

0.421875 0.0418551
0.429688 0.0434056

0.429688 0.0434056
0.4375 0.0449615

-0.847732 -0.171875
-0.84375 -0.171287

-0.84375 -0.17126
-0.835938 -0.170104

-2.75 -0.435477
-2.74219 -0.434605

0.4375 0.0449616
0.445312 0.0465224

0.445312 0.0465413
0.446977 0.046875

-0.835938 -0.170104
-0.828125 -0.168946

-0.828125 -0.168946
-0.820312 -0.167786

-2.74219 -0.434605
-2.73438 -0.433727

-0.820312 -0.167786
-0.8125 -0.166624

-2.73438 -0.433727
-2.72656 -0.432842

2 0.430318
2.00781 0.431953

0.447099 0.046875
0.453125 0.0480828

2.00781 0.431953
2.01562 0.433566

0.453125 0.0480883
0.460938 0.0496597

-2.72656 -0.432842
-2.71875 -0.431952

0.460938 0.0496601
0.46875 0.0512361

2.01562 0.433566
2.02344 0.435155

0.46875 0.0512362
0.476562 0.0528158

2.02344 0.435156
2.03125 0.43672

0.476562 0.0528159
0.484375 0.0543987

2.03125 0.436719
2.03521 0.4375

0.484375 0.0544164
0.48571 0.0546875

-2.71875 -0.431952
-2.71094 -0.431058

-2.71094 -0.431058
-2.70312 -0.430161

-0.8125 -0.166624
-0.804688 -0.165462

-2.70312 -0.430152
-2.6991 -0.429688

-2.69893 -0.429688
-2.69531 -0.429269

2.0352 0.4375
2.03906 0.438261

-2.69531 -0.429259
-2.6875 -0.428349

2.03906 0.43826
2.04688 0.439774

0.485818 0.0546875
0.492188 0.0559809

0.492188 0.0559848
0.5 0.0575753

2.04688 0.439774
2.05469 0.441263

-0.804688 -0.165461
-0.796875 -0.164298

2.05469 0.441263
2.0625 0.442726

-2.6875 -0.428349
-2.67969 -0.427432

-2.67969 -0.427432
-2.67188 -0.426507

-0.796875 -0.164238
-0.7957 -0.164062

-0.795202 -0.164062
-0.789062 -0.163147

-2.67188 -0.426508
-2.65625 -0.424639

2.0625 0.442726
2.07031 0.444165

-2.65625 -0.424635
-2.64062 -0.422749

-2.64062 -0.422744
-2.63344 -0.421875

-2.63339 -0.421875
-2.63281 -0.421805

2.07031 0.444169
2.07664 0.445312

2.07677 0.445312
2.07812 0.445558

-0.789062 -0.163134
-0.78125 -0.161968

2.07812 0.445577
2.08594 0.446963

2.08594 0.446963
2.09375 0.448323

-0.78125 -0.161968
-0.773438 -0.160801

-0.773438 -0.160801
-0.765625 -0.159633

2.09375 0.448324
2.10156 0.449656

2.10156 0.449657
2.10938 0.45096

2.10938 0.45096
2.11719 0.452232

2.11719 0.452227
2.12284 0.453125

0.5 0.0575754
0.507812 0.0591701

2.12273 0.453125
2.125 0.453486

-2.63281 -0.421804
-2.625 -0.420861

2.125 0.453473
2.13281 0.45468

2.13281 0.45468
2.14062 0.455853

0.507812 0.05917
0.515625 0.0607687

-2.625 -0.420862
-2.61719 -0.419914

-2.61719 -0.419914
-2.60938 -0.418961

0.515625 0.0607686
0.523438 0.0623716

0.523438 0.0623777
0.524032 0.0625

0.524066 0.0625
0.53125 0.063979

0.53125 0.0639793
0.539062 0.065594

-0.765625 -0.159633
-0.757812 -0.158465

0.539062 0.0655942
0.546875 0.0672157

-0.757812 -0.158465
-0.75 -0.157296

0.546875 0.0672157
0.554688 0.0688433

0.554688 0.0688491
0.561689 0.0703125

0.562001 0.0703125
0.5625 0.0704167

-2.60938 -0.418962
-2.60156 -0.418004

0.5625 0.070476
0.570312 0.0721149

-2.60156 -0.418004
-2.59375 -0.417039

2.14062 0.455853
2.14844 0.456993

0.570312 0.0721152
0.578125 0.0737607

-2.59375 -0.417039
-2.58594 -0.416067

-2.58594 -0.416067
-2.57812 -0.415088

0.578125 0.0737605
0.585938 0.0754123

-0.75 -0.157294
-0.743021 -0.15625

2.14844 0.456993
2.15625 0.458098

-0.742879 -0.15625
-0.742188 -0.156147

0.585938 0.0754123
0.59375 0.0770707

0.59375 0.0770745
0.598682 0.078125

0.598735 0.078125
0.609375 0.0804074

0.609375 0.0804199
0.625 0.0838155

-2.57812 -0.415088
-2.57031 -0.414104

0.625 0.0838168
0.640625 0.0872381

0.640625 0.0872394
0.65625 0.0906813

-0.742188 -0.156128
-0.734375 -0.154958

2.15625 0.458098
2.16406 0.459168

-2.56998 -0.414062
-2.5625 -0.413114

2.16406 0.459168
2.17188 0.460201

-0.734375 -0.154958
-0.726562 -0.153786

-0.726562 -0.153786
-0.71875 -0.152614

-2.5625 -0.413112
-2.55469 -0.412114

-0.71875 -0.152614
-0.710938 -0.151441

2.17188 0.460206
2.17761 0.460938

0.65625 0.0906818
0.664062 0.0924098

2.17776 0.460938
2.17969 0.461184

0.664062 0.0924321
0.670007 0.09375

2.17969 0.461198
2.1875 0.462157

0.670467 0.09375
0.671875 0.0940618

-2.55469 -0.412114
-2.54688 -0.41111

-0.710938 -0.151441
-0.703125 -0.150267

2.1875 0.462158
2.19531 0.46308

-0.703125 -0.150267
-0.695312 -0.149094

0.671875 0.0941402
0.6875 0.0976185

-2.54688 -0.411109
-2.53906 -0.410099

-2.53906 -0.410099
-2.53125 -0.409084

-0.695312 -0.149058
-0.691184 -0.148438

-2.53125 -0.409084
-2.52344 -0.408064

-0.690633 -0.148438
-0.6875 -0.147967

0.6875 0.0976202
0.703125 0.101116

-2.52344 -0.408064
-2.51562 -0.407041

2.19531 0.46308
2.20312 0.463964

0.703125 0.101115
0.71875 0.104627

-0.6875 -0.14792
-0.679688 -0.146745

0.71875 0.104626
0.734375 0.108158

2.20312 0.463964
2.21094 0.464809

0.734375 0.108198
0.739555 0.109375

2.21094 0.464808
2.21875 0.465615

0.74007 0.109375
0.742188 0.109856

2.21875 0.465627
2.23438 0.46712

0.742188 0.109933
0.75 0.111709

-0.679688 -0.146745
-0.671875 -0.145567

-2.51562 -0.407039
-2.50962 -0.40625

0.75 0.111709
0.765625 0.115277

-0.671875 -0.145567
-0.664062 -0.144388

0.765625 0.115276
0.78125 0.118868

-0.664062 -0.144388
-0.65625 -0.143208

2.23438 0.467119
2.25 0.46845

-0.65625 -0.143208
-0.648438 -0.142026

0.78125 0.118867
0.796875 0.122485

-2.50953 -0.40625
-2.50781 -0.406024

-2.50781 -0.406015
-2.5 -0.404984

0.796875 0.122515
0.807536 0.125

-0.648438 -0.142026
-0.640625 -0.140843

-2.5 -0.404984
-2.49219 -0.403948

-0.640625 -0.140803
-0.639453 -0.140625

2.25 0.468448
2.25401 0.46875

-0.639131 -0.140625
-0.632812 -0.139667

-2.49219 -0.403947
-2.48438 -0.402906

0.807936 0.125
0.8125 0.126064

-2.48438 -0.402905
-2.47656 -0.401862

-2.47656 -0.401862
-2.46875 -0.400818

0.8125 0.126127
0.828125 0.129795

0.828125 0.129796
0.84375 0.133492

0.84375 0.133494
0.859375 0.137213

0.859375 0.137214
0.867188 0.13908

0.867188 0.139097
0.873569 0.140625

0.873986 0.140625
0.875 0.140867

-0.632812 -0.139659
-0.625 -0.138472

-2.46875 -0.400818
-2.46094 -0.399771

2.25405 0.46875
2.25781 0.469042

-0.625 -0.138472
-0.617188 -0.137284

-0.617188 -0.137284
-0.609375 -0.136094

2.25781 0.469047
2.26562 0.469615

0.875 0.140949
0.890625 0.144708

0.890625 0.144708
0.90625 0.148494

0.90625 0.148498
0.9375 0.156112

-2.46094 -0.399771
-2.45312 -0.398722

-2.45312 -0.398696
-2.45121 -0.398438

-2.45094 -0.398438
-2.44531 -0.397679

-2.44531 -0.397669
-2.4375 -0.396613

-0.609375 -0.136094
-0.601562 -0.134903

-2.4375 -0.396613
-2.42969 -0.395553

0.9375 0.156134
0.937972 0.15625

2.26562 0.469615
2.27344 0.470142

0.938046 0.15625
0.953125 0.159942

2.27344 0.470142
2.28125 0.470629

-0.601562 -0.134903
-0.59375 -0.133711

0.953125 0.159938
0.96875 0.163781

-2.42969 -0.395553
-2.42188 -0.39449

0.96875 0.163787
0.984375 0.167642

2.28125 0.470628
2.28906 0.471076

-0.59375 -0.133698
-0.587946 -0.132812

-0.58758 -0.132812
-0.585938 -0.132562

-2.42188 -0.39449
-2.41406 -0.393425

-0.585938 -0.13252
-0.578125 -0.131325

-2.41406 -0.393425
-2.40625 -0.392356

2.28906 0.471076
2.29688 0.471484

-2.40625 -0.392354
-2.39363 -0.390625

-0.578125 -0.131325
-0.570312 -0.130128

0.984375 0.167644
1 0.171498

2.29688 0.471484
2.30469 0.471853

-2.39353 -0.390625
-2.39062 -0.390227

-2.39062 -0.390219
-2.38281 -0.389144

-0.570312 -0.130128
-0.5625 -0.128929

-2.38281 -0.389143
-2.375 -0.388064

-0.5625 -0.128929
-0.554688 -0.127728

2.30469 0.471853
2.3125 0.472185

-2.375 -0.388063
-2.36719 -0.386981

-2.36719 -0.386981
-2.35938 -0.385897

-2.35938 -0.385897
-2.35156 -0.384812

2.3125 0.472185
2.32031 0.472479

-0.554688 -0.127728
-0.546875 -0.126524

-2.35156 -0.384812
-2.34375 -0.383725

-0.546875 -0.126524
-0.539062 -0.125319

2.32031 0.472479
2.32812 0.472737

2.32812 0.472737
2.33594 0.47296

2.33594 0.47296
2.34375 0.473147

2.34375 0.473147
2.35156 0.4733

2.35156 0.4733
2.35938 0.47342

-2.34375 -0.383723
-2.33721 -0.382812

-2.33714 -0.382812
-2.33594 -0.382645

2.35938 0.47342
2.36719 0.473508

2.36719 0.473507
2.375 0.473563

-0.539062 -0.12527
-0.537317 -0.125

2.375 0.473563
2.38281 0.473588

1 0.171523
1.00143 0.171875

1.00157 0.171875
1.00781 0.173413

1.00781 0.17342
1.01562 0.175352

1.01562 0.175352
1.02344 0.177289

-2.33594 -0.382637
-2.32812 -0.381547

-2.32812 -0.381547
-2.32031 -0.380454

-0.536894 -0.125
-0.53125 -0.124127

-2.32031 -0.380454
-2.3125 -0.379359

2.38281 0.473588
2.39062 0.473583

1.02344 0.177289
1.03125 0.179231

-2.3125 -0.379359
-2.30469 -0.378263

2.39062 0.473583
2.39844 0.473549

2.39844 0.473549
2.40625 0.473487

-2.30469 -0.378263
-2.29688 -0.377166

-2.29688 -0.377166
-2.28906 -0.376069

-0.53125 -0.124111
-0.523438 -0.1229

1.03125 0.179246
1.03302 0.179688

2.40625 0.473487
2.41406 0.473398

-0.523438 -0.1229
-0.515625 -0.121686

-0.515625 -0.121686
-0.507812 -0.12047

-2.28906 -0.376069
-2.28145 -0.375

-0.507812 -0.120469
-0.5 -0.119251

2.41406 0.473398
2.42188 0.473283

-2.28144 -0.375
-2.28125 -0.374973

-2.28125 -0.374972
-2.27344 -0.373874

-2.27344 -0.373874
-2.26562 -0.372775

1.0331 0.179688
1.03906 0.181173

-2.26562 -0.372775
-2.25781 -0.371674

2.42188 0.473283
2.42969 0.473144

1.03906 0.181177
1.04688 0.183127

2.42969 0.473143
2.4375 0.47298

-2.25781 -0.371674
-2.25 -0.370573

1.04688 0.183127
1.05469 0.18508

-0.5 -0.11925
-0.492188 -0.118031

1.05469 0.18508
1.0625 0.187038

2.4375 0.47298
2.44531 0.472794

2.44531 0.472794
2.45312 0.472587

-0.492188 -0.118007
-0.486941 -0.117188

2.45312 0.472587
2.46094 0.472358

1.0625 0.187052
1.06429 0.1875

2.46094 0.472358
2.46875 0.472109

1.06437 0.1875
1.07812 0.190963

1.07812 0.190968
1.09375 0.194925

1.09375 0.194926
1.10938 0.198899

1.10938 0.198899
1.125 0.202886

-0.486415 -0.117188
-0.484375 -0.116869

-0.484375 -0.116812
-0.476562 -0.11559

-2.25 -0.370573
-2.24219 -0.369472

-2.24219 -0.369472
-2.23438 -0.368372

2.46875 0.472109
2.47656 0.47184

2.47656 0.47184
2.48438 0.471553

2.48438 0.471553
2.49219 0.471248

-0.476562 -0.11559
-0.46875 -0.114366

-0.46875 -0.114365
-0.460938 -0.11314

-0.460938 -0.11314
-0.453125 -0.111912

-0.453125 -0.111912
-0.445312 -0.110682

-0.445312 -0.110682
-0.4375 -0.10945

2.49219 0.471248
2.5 0.470927

-2.23438 -0.368372
-2.22656 -0.367272

-2.22656 -0.367222
-2.22632 -0.367188

-2.22594 -0.367188
-2.21875 -0.366175

1.125 0.2029
1.12588 0.203125

1.12594 0.203125
1.14062 0.206886

-0.4375 -0.109438
-0.437104 -0.109375

-0.43702 -0.109375
-0.429688 -0.108216

-2.21875 -0.366172
-2.21094 -0.36507

-0.429688 -0.108215
-0.421875 -0.106977

1.14062 0.206886
1.15625 0.210902

-2.21094 -0.36507
-2.20312 -0.363967

-2.20312 -0.363967
-2.19531 -0.362863

-0.421875 -0.106976
-0.414062 -0.105735

-2.19531 -0.362863
-2.1875 -0.361757

-0.414062 -0.105735
-0.40625 -0.104491

-2.1875 -0.361757
-2.17969 -0.360651

-0.40625 -0.104491
-0.398438 -0.103245

1.15625 0.210901
1.17188 0.214939

-0.398438 -0.103245
-0.390625 -0.101996

-2.17969 -0.360651
-2.17188 -0.359546

1.17188 0.214948
1.18651 0.21875

-0.390625 -0.101949
-0.388212 -0.101562

-0.387763 -0.101562
-0.382812 -0.10077

2.5 0.470926
2.50781 0.47059

1.18703 0.21875
1.1875 0.218872

2.50781 0.47059
2.51562 0.470238

1.1875 0.218999
1.20312 0.223073

1.20312 0.223076
1.21875 0.227165

1.21875 0.227166
1.23438 0.231262

-0.382812 -0.100746
-0.375 -0.0994917

-2.17188 -0.359509
-2.17093 -0.359375

-0.375 -0.0994915
-0.367188 -0.0982346

2.51562 0.470238
2.52344 0.469872

-0.367188 -0.0982346
-0.359375 -0.0969754

1.23438 0.231271
1.24619 0.234375

-2.17062 -0.359375
-2.16406 -0.358447

1.24636 0.234375
1.25 0.235331

2.52344 0.469873
2.53125 0.469495

-0.359375 -0.0969753
-0.351562 -0.0957141

-0.351562 -0.0957141
-0.34375 -0.094451

-2.16406 -0.35844
-2.15625 -0.357333

1.25 0.235366
1.25781 0.237428

2.54688 0.468707
2.54601 0.46875

-0.34375 -0.0944081
-0.339685 -0.09375

2.54688 0.468705
2.5625 0.467883

1.25781 0.237425
1.26562 0.23948

2.53125 0.469494
2.53906 0.469104

1.26562 0.239479
1.27344 0.241534

2.53906 0.469103
2.54596 0.46875

-0.339084 -0.09375
-0.335938 -0.0932405

2.5625 0.467882
2.57812 0.467032

-0.335938 -0.0931866
-0.328125 -0.091919

-0.328125 -0.0919188
-0.320312 -0.0906479

2.57812 0.467031
2.59375 0.466156

1.27344 0.241565
1.2758 0.242188

-2.15625 -0.357333
-2.14844 -0.356226

1.27598 0.242188
1.28125 0.243575

2.59375 0.466154
2.60938 0.46526

1.28125 0.243589
1.28906 0.245651

2.60938 0.46526
2.625 0.464349

-0.320312 -0.0906479
-0.3125 -0.0893741

1.28906 0.245651
1.29688 0.247719

-0.3125 -0.0893736
-0.304688 -0.088098

1.29688 0.247719
1.30469 0.249794

2.625 0.464348
2.64062 0.463421

1.30469 0.249805
1.30542 0.25

2.64062 0.46342
2.65625 0.462482

2.65625 0.46248
2.67188 0.461536

-2.14844 -0.356226
-2.14062 -0.35512

-2.14062 -0.355121
-2.13281 -0.354015

-0.304688 -0.0880981
-0.296875 -0.0868216

-2.13281 -0.354015
-2.125 -0.35291

-0.296875 -0.0867877
-0.291676 -0.0859375

-0.290959 -0.0859375
-0.289062 -0.0856274

-0.289062 -0.0855447
-0.28125 -0.0842649

1.30547 0.25
1.3125 0.251875

-2.125 -0.35291
-2.11719 -0.351805

1.3125 0.251876
1.32031 0.253966

1.32031 0.253966
1.32812 0.256062

-0.28125 -0.0842645
-0.273438 -0.0829816

-0.273438 -0.0829816
-0.265625 -0.0816965

-2.11719 -0.351777
-2.11567 -0.351562

-2.11542 -0.351562
-2.10938 -0.350708

2.67188 0.461537
2.6875 0.460588

1.32812 0.25608
1.33457 0.257812

1.33501 0.257812
1.33594 0.258062

-0.265625 -0.0816964
-0.257812 -0.0804093

-0.257812 -0.0804092
-0.25 -0.0791203

-2.10938 -0.3507
-2.10156 -0.349595

-2.10156 -0.349595
-2.09375 -0.348489

2.6875 0.460587
2.70312 0.459634

2.70312 0.459633
2.71875 0.458681

2.71875 0.45868
2.73438 0.457731

-2.09375 -0.348489
-2.08594 -0.347383

-2.08594 -0.347383
-2.07812 -0.346276

1.33594 0.258161
1.34375 0.260262

2.73438 0.457729
2.75 0.45679

-2.07812 -0.346276
-2.07031 -0.34517

-2.07031 -0.34517
-2.0625 -0.344063

-2.0625 -0.344035
-2.06049 -0.34375

1.34375 0.260263
1.35156 0.262366

1.35156 0.262367
1.35938 0.264472

1.35938 0.264505
1.36353 0.265625

-2.06021 -0.34375
-2.05469 -0.342967

1.3638 0.265625
1.36719 0.266539

1.36719 0.266578
1.375 0.268686

-2.05469 -0.342957
-2.04688 -0.341848

-2.04688 -0.341848
-2.03906 -0.340739

1.375 0.268687
1.38281 0.270797

2.75 0.45679
2.76562 0.455863

2.76562 0.455865
2.78125 0.454948

2.78125 0.454947
2.79688 0.454041

-2.03906 -0.340739
-2.03125 -0.33963

-2.03125 -0.339629
-2.02344 -0.338521

1.38281 0.270797
1.39062 0.272908

-2.02344 -0.338521
-2.01562 -0.337414

2.79688 0.454042
2.8125 0.453147

1.39062 0.272934
1.39249 0.273438

2.82812 0.452264
2.81288 0.453125

2.8125 0.453146
2.81287 0.453125

-2.01562 -0.337414
-2.00781 -0.336307

-2.00781 -0.336284
-2.00536 -0.335938

1.39262 0.273438
1.39844 0.27501

1.39844 0.275018
1.40625 0.27713

-2.00512 -0.335938
-2 -0.335213

2.82812 0.452263
2.84375 0.451396

2.84375 0.451396
2.85938 0.450546

2.85938 0.450546
2.875 0.449711

2.875 0.449712
2.89062 0.448889

2.89062 0.448889
2.90625 0.44808

-2 -0.335201
-1.99219 -0.334094

-1.99219 -0.334094
-1.98438 -0.332986

-1.98438 -0.332986
-1.97656 -0.331877

-1.97656 -0.331877
-1.96875 -0.330769

-1.96875 -0.330769
-1.96094 -0.329661

-1.96094 -0.329661
-1.95312 -0.328554

-1.95312 -0.328532
-1.95025 -0.328125

-1.94999 -0.328125
-1.94531 -0.327462

-1.94531 -0.327449
-1.9375 -0.326342

-1.9375 -0.326342
-1.92969 -0.325235

2.90625 0.448081
2.92188 0.447284

2.92188 0.447284
2.9375 0.446499

-1.92969 -0.325235
-1.92188 -0.324131

-1.92188 -0.324131
-1.91406 -0.323027

-1.91406 -0.323027
-1.90625 -0.321925

-1.90625 -0.321925
-1.89844 -0.320825

-1.89844 -0.320809
-1.89491 -0.320312

-1.8947 -0.320312
-1.89062 -0.319739

-1.89062 -0.319726
-1.88281 -0.318626

-1.88281 -0.318626
-1.875 -0.317527

2.9375 0.446499
2.95312 0.445727

2.95312 0.445726
2.96875 0.444967

2.96875 0.444967
2.98438 0.444222

2.98438 0.444222
3 0.443492

-1.875 -0.317526
-1.86719 -0.316427

-1.86719 -0.316427
-1.85938 -0.31533

-1.85938 -0.31533
-1.85156 -0.314233

-1.85156 -0.314233
-1.84375 -0.313138

-1.84375 -0.313129
-1.83926 -0.3125

-1.83911 -0.3125
-1.83594 -0.312055

-1.83594 -0.312044
-1.82812 -0.310949

-1.82812 -0.310949
-1.82031 -0.309853

-1.82031 -0.309853
-1.8125 -0.308757

-1.8125 -0.308758
-1.80469 -0.307663

-1.80469 -0.307663
-1.79688 -0.306569

-1.79688 -0.306568
-1.78906 -0.305476

-1.78906 -0.305472
-1.78344 -0.304688

-1.78334 -0.304688
-1.78125 -0.304395

-1.78125 -0.304385
-1.77344 -0.303296

-1.77344 -0.303295
-1.76562 -0.302206

-1.76562 -0.302206
-1.75781 -0.301117

-1.75781 -0.301117
-1.75 -0.30003

3 0.443492
3.01562 0.442778

3.01562 0.442778
3.03125 0.442081

3.03125 0.44208
3.04688 0.4414

-1.75 -0.30003
-1.74219 -0.298943

-1.74219 -0.298943
-1.73438 -0.297858

-1.73438 -0.297858
-1.72729 -0.296875

3.04688 0.4414
3.0625 0.440736

3.0625 0.440736
3.07812 0.440091

3.07812 0.440091
3.09375 0.439465

-1.72726 -0.296875
-1.72656 -0.296778

-1.72656 -0.296774
-1.71875 -0.29569

-1.71875 -0.29569
-1.71094 -0.294605

3.09375 0.439466
3.10938 0.438858

3.10938 0.438857
3.125 0.438267

3.15625 0.437111
3.14558 0.4375

3.15625 0.437112
3.1875 0.436059

3.125 0.438266
3.14604 0.4375

-1.71094 -0.294605
-1.70312 -0.29352

-1.70312 -0.29352
-1.69531 -0.292435

3.1875 0.43607
3.21875 0.435102

3.21875 0.435097
3.25 0.434199

-1.69531 -0.292435
-1.6875 -0.29135

3.25 0.434198
3.28125 0.433382

3.28125 0.433402
3.3125 0.432632

-1.6875 -0.29135
-1.67969 -0.290264

-1.67969 -0.290264
-1.67188 -0.289179

-1.67188 -0.289135
-1.67135 -0.289062

3.3125 0.432631
3.34375 0.43187

3.34375 0.431852
3.375 0.431141

-1.671 -0.289062
-1.66406 -0.288098

-1.66406 -0.288094
-1.65625 -0.287007

3.375 0.431158
3.40625 0.430499

3.40625 0.430494
3.4375 0.429861

-1.65625 -0.287007
-1.64844 -0.28592

-1.64844 -0.28592
-1.64062 -0.284833

-1.64062 -0.284833
-1.63281 -0.283747

-1.63281 -0.283747
-1.625 -0.282661

3.4375 0.429862
3.46875 0.429263

3.46875 0.429255
3.5 0.428706

-1.625 -0.282661
-1.61719 -0.281577

-1.61719 -0.281547
-1.61504 -0.28125

-1.61473 -0.28125
-1.60938 -0.280507

-1.60938 -0.280494
-1.60156 -0.27941

-1.60156 -0.27941
-1.59375 -0.278325

-1.59375 -0.278325
-1.58594 -0.277241

-1.58594 -0.277241
-1.57812 -0.276157

-1.57812 -0.276156
-1.57031 -0.275074

-1.57031 -0.275074
-1.5625 -0.273995

3.5 0.42871
3.53125 0.428217

3.53125 0.428186
3.5625 0.427805

3.5625 0.427835
3.59375 0.427568

3.59375 0.427563
3.625 0.427358

-1.5625 -0.273982
-1.55855 -0.273438

-1.55835 -0.273438
-1.55469 -0.272932

-1.55469 -0.272918
-1.54688 -0.271841

3.625 0.427361
3.65625 0.427223

3.65625 0.427236
3.6875 0.427137

-1.54688 -0.271841
-1.53906 -0.270764

-1.53906 -0.270764
-1.53125 -0.269687

-1.53125 -0.269687
-1.52344 -0.268611

-1.52344 -0.268611
-1.51562 -0.267536

-1.51562 -0.267536
-1.50781 -0.26646

3.6875 0.427139
3.71875 0.427048

3.71875 0.427039
3.75 0.426971

-1.50781 -0.266457
-1.50177 -0.265625

-1.50167 -0.265625
-1.5 -0.265395

3.75 0.426985
3.78125 0.42693

3.78125 0.42693
3.8125 0.426859

3.8125 0.426855
3.84375 0.426777

3.84375 0.426766
3.875 0.426713

3.875 0.426723
3.90625 0.4267

3.90625 0.426698
3.9375 0.426691

3.9375 0.426699
4 0.426696

-1.5 -0.265385
-1.49219 -0.264309

-1.49219 -0.264309
-1.48438 -0.263231

-1.48438 -0.263231
-1.47656 -0.262153

-1.47656 -0.262153
-1.46875 -0.261072

-1.46875 -0.261072
-1.46094 -0.25999

-1.46094 -0.25999
-1.45312 -0.258905

-1.45312 -0.258905
-1.44531 -0.257819

-1.44527 -0.257812
-1.4375 -0.25673

-1.4375 -0.25673
-1.42969 -0.255639

-1.42969 -0.255639
-1.42188 -0.254545

-1.42188 -0.254545
-1.41406 -0.253451

-1.41406 -0.25345
-1.40625 -0.252355

-1.40625 -0.252354
-1.39844 -0.251258

-1.39844 -0.251258
-1.39062 -0.250161

-1.39062 -0.250119
-1.38978 -0.25

