0.25 -0.0151041
0.28125 -0.0294398

-3 0.444127
-2.98438 0.443677

-2.98438 0.443677
-2.96875 0.443222

-4 0.465822
-3.98438 0.465804

0.3125 -0.0438293
0.285154 -0.03125

0.28125 -0.0293721
0.285332 -0.03125

0.375 -0.0727089
0.35288 -0.0625

-3.98438 0.465802
-3.96875 0.465752

-3.96875 0.465749
-3.95312 0.465676

-3.95312 0.465675
-3.9375 0.465584

-3.9375 0.465582
-3.92188 0.465481

-3.92188 0.46548
-3.90625 0.465375

-3.90625 0.465375
-3.89062 0.465269

-1.5 0.396436
-1.46875 0.395431

-1.46875 0.395439
-1.4375 0.394344

-1.4375 0.394356
-1.40625 0.393132

-1.40625 0.393134
-1.375 0.391751

-1.375 0.391746
-1.34375 0.390212

-1.34375 0.390211
-1.3125 0.388541

-1.3125 0.388546
-1.28125 0.38673

-1.28125 0.386733
-1.25 0.384758

-1.25 0.384761
-1.21875 0.382616

-1.21875 0.38262
-1.1875 0.38029

-1.1875 0.380287
-1.15625 0.377773

-1.15625 0.377769
-1.125 0.375085

-1.0625 0.369156
-1.12323 0.375

-1.0625 0.369144
-1 0.362254

-1.125 0.375075
-1.12422 0.375

-3.89062 0.46527
-3.875 0.465164

-3.875 0.465167
-3.85938 0.465052

-3.85938 0.465051
-3.84375 0.464921

0.3125 -0.0438112
0.34375 -0.0582343

0.34375 -0.0582173
0.35303 -0.0625

-3.84375 0.464922
-3.82812 0.464776

-3.82812 0.464777
-3.8125 0.464611

0.5 -0.129702
0.489632 -0.125

0.375 -0.0726846
0.40625 -0.0870505

0.4375 -0.101383
0.420839 -0.09375

0.40625 -0.0870333
0.420911 -0.09375

0.4375 -0.101374
0.46875 -0.115629

0.46875 -0.115684
0.489291 -0.125

-3.8125 0.464615
-3.79688 0.46442

0.015625 0.0900514
0.00704267 0.09375

0.015625 0.0900519
0.03125 0.0832673

-3.79688 0.464421
-3.78125 0.464189

-2.96875 0.443223
-2.95312 0.44276

0 0.0967907
0.00703395 0.09375

0.03125 0.0832708
0.0625 0.0695858

-1 0.362201
-0.96875 0.358434

-0.96875 0.358427
-0.9375 0.35446

-0.9375 0.354529
-0.875 0.345941

-2.95312 0.44276
-2.9375 0.442288

-3.78125 0.464186
-3.76562 0.463921

-2.9375 0.442288
-2.92188 0.441808

-0.84375 0.34124
-0.860714 0.34375

0.09375 0.0557346
0.0784737 0.0625

-2.92188 0.441809
-2.90625 0.441318

0.09375 0.0557209
0.109375 0.0487538

-2.90625 0.441317
-2.89062 0.440816

-3.76562 0.46392
-3.75 0.463629

-0.875 0.345898
-0.860482 0.34375

0.117188 0.0452381
0.113524 0.046875

0.117188 0.0452628
0.125 0.041764

0.109375 0.0487774
0.113627 0.046875

-2.89062 0.440815
-2.875 0.440305

-3.75 0.463627
-3.73438 0.463316

-3.73438 0.463314
-3.71875 0.462991

-3.71875 0.462989
-3.70312 0.462662

-0.84375 0.341277
-0.8125 0.336404

-0.8125 0.336416
-0.78125 0.331228

-3.70312 0.462663
-3.6875 0.462338

-2.875 0.440305
-2.85938 0.439788

-2.85938 0.439787
-2.84375 0.439265

-0.78125 0.331225
-0.75 0.325703

0.0625 0.0696027
0.0785381 0.0625

-0.75 0.325773
-0.6875 0.31379

0.15625 0.0276743
0.148339 0.03125

0.125 0.0417678
0.140625 0.0347412

-3.6875 0.462337
-3.67188 0.462016

-2.84375 0.439267
-2.82812 0.43874

-2.82812 0.438743
-2.8125 0.438203

-2.78125 0.437111
-2.79228 0.4375

-2.78125 0.437104
-2.76562 0.436539

-2.76562 0.43654
-2.75 0.435967

-0.625 0.300591
-0.6814 0.3125

-0.6875 0.313654
-0.681905 0.3125

-0.625 0.300633
-0.5625 0.286143

0.140625 0.0347417
0.148351 0.03125

0.15625 0.0276677
0.1875 0.0135188

0.1875 0.013579
0.217219 0

0.5 -0.129812
0.53125 -0.143883

0.5625 -0.157933
0.558732 -0.15625

0.53125 -0.143867
0.558962 -0.15625

0.5625 -0.157841
0.59375 -0.17171

0.609375 -0.178604
0.59414 -0.171875

0.59375 -0.171697
0.594152 -0.171875

0.609375 -0.178607
0.625 -0.185484

0.632812 -0.188945
0.629518 -0.1875

0.632812 -0.188909
0.640625 -0.192324

0.640625 -0.192328
0.65625 -0.199121

0.671875 -0.205887
0.665477 -0.203125

0.65625 -0.199116
0.664062 -0.202494

0.664062 -0.202406
0.665731 -0.203125

0.671875 -0.205863
0.6875 -0.212564

0.625 -0.18546
0.62966 -0.1875

0.71875 -0.225884
0.701955 -0.21875

0.6875 -0.212554
0.702002 -0.21875

0.71875 -0.225884
0.75 -0.238915

0.78125 -0.251915
0.776594 -0.25

0.78125 -0.251751
0.796875 -0.258117

0.796875 -0.258124
0.8125 -0.264416

0.820312 -0.267548
0.815485 -0.265625

0.820312 -0.267521
0.828125 -0.270614

0.8125 -0.264373
0.815653 -0.265625

0.828125 -0.270618
0.84375 -0.276749

0.859375 -0.282854
0.855241 -0.28125

-3.67188 0.462017
-3.65625 0.461701

-3.65625 0.4617
-3.64062 0.461388

-3.64062 0.46139
-3.625 0.46108

-3.625 0.461083
-3.60938 0.460766

-3.60938 0.460764
-3.60156 0.460601

-3.60156 0.460602
-3.59375 0.460436

-3.59375 0.460436
-3.58594 0.460267

-3.58594 0.460267
-3.57812 0.460095

-3.57812 0.460095
-3.57031 0.459919

-3.57031 0.459919
-3.5625 0.459741

-3.5625 0.459742
-3.54688 0.459375

-3.54688 0.459377
-3.53125 0.458995

-3.53125 0.458997
-3.51562 0.458593

-3.51562 0.458592
-3.5 0.458166

-0.5625 0.28613
-0.5 0.270268

-3.5 0.458163
-3.48438 0.457724

-3.48438 0.457723
-3.46875 0.457278

-3.46875 0.457278
-3.45312 0.456827

-3.45312 0.456827
-3.4375 0.456372

-3.4375 0.456373
-3.42188 0.455911

-3.42188 0.45591
-3.40625 0.455442

-3.40625 0.455441
-3.39062 0.454968

-3.39062 0.454968
-3.375 0.454492

-3.375 0.454491
-3.35938 0.454012

-3.35938 0.454012
-3.34375 0.453533

-3.32812 0.453099
-3.32899 0.453125

-3.34375 0.453527
-3.33051 0.453125

-3.32812 0.453057
-3.3125 0.45259

-3.3125 0.452589
-3.29688 0.45213

-3.29688 0.45213
-3.28125 0.451679

-3.28125 0.45168
-3.26562 0.451234

-3.26562 0.451234
-3.25 0.450792

-3.25 0.450791
-3.23438 0.450355

-3.23438 0.450356
-3.21875 0.449927

-3.21875 0.449927
-3.20312 0.449503

-3.20312 0.449503
-3.1875 0.449086

-3.1875 0.449087
-3.17188 0.448676

-3.17188 0.448674
-3.15625 0.44827

-3.15625 0.448269
-3.14062 0.447875

-3.14062 0.447878
-3.125 0.44749

-3.125 0.447492
-3.10938 0.447098

-0.375 0.235
-0.426315 0.25

-2.8125 0.438198
-2.79268 0.4375

-0.375 0.234964
-0.3125 0.215285

-0.3125 0.215263
-0.25 0.194225

-0.5 0.270189
-0.4375 0.25314

-0.4375 0.253044
-0.426834 0.25

0.859375 -0.28281
0.875 -0.288814

0.84375 -0.276744
0.851562 -0.279783

0.851562 -0.279735
0.855476 -0.28125

-3.10938 0.447098
-3.09375 0.446696

-3.09375 0.446696
-3.07812 0.446285

-3.07812 0.446285
-3.0625 0.445867

-3.0625 0.445867
-3.04688 0.445442

0.875 -0.288847
0.90625 -0.30061

-3.04688 0.445441
-3.03125 0.445008

-3.03125 0.445008
-3.01562 0.44457

-3.01562 0.44457
-3 0.444126

-2.75 0.43597
-2.71875 0.434797

0.90625 -0.300593
0.9375 -0.312051

0.953125 -0.317675
0.938745 -0.3125

0.953125 -0.317661
0.96875 -0.323203

0.96875 -0.323232
1 -0.334068

-0.21875 0.18316
-0.231062 0.1875

-0.21875 0.183124
-0.1875 0.171786

-0.25 0.194138
-0.231166 0.1875

-0.1875 0.171895
-0.125 0.148194

0.9375 -0.311997
0.938908 -0.3125

0.75 -0.238834
0.777153 -0.25

-2.71875 0.434796
-2.6875 0.433586

-2.6875 0.43358
-2.65625 0.432346

-2.65625 0.432342
-2.625 0.431103

-0.0625 0.123108
-0.0671732 0.125

-0.0625 0.12308
-0.03125 0.110106

-0.03125 0.110085
0 0.0968076

1.03125 -0.344639
1.02859 -0.34375

-0.125 0.148156
-0.0671376 0.125

-2.625 0.431104
-2.59375 0.429862

-2.59375 0.429862
-2.57812 0.429239

-2.57812 0.429239
-2.5625 0.428616

1 -0.334051
1.02881 -0.34375

1.03125 -0.344571
1.04688 -0.349714

1.04688 -0.349714
1.0625 -0.354765

1.07812 -0.359758
1.07692 -0.359375

1.0625 -0.354761
1.07704 -0.359375

1.07812 -0.359726
1.09375 -0.364592

-2.5625 0.428621
-2.53125 0.427362

0.25 -0.015099
0.216954 0

-2.53125 0.427359
-2.5 0.426083

1.09375 -0.36459
1.10938 -0.369363

1.10938 -0.369362
1.125 -0.374046

1.13281 -0.376414
1.12803 -0.375

1.13281 -0.376351
1.14062 -0.378639

1.14062 -0.378639
1.14844 -0.380903

1.15625 -0.383171
1.155 -0.382812

1.14844 -0.380897
1.15511 -0.382812

1.15625 -0.383151
1.17188 -0.387565

1.1875 -0.391949
1.18271 -0.390625

1.17188 -0.387557
1.17969 -0.389729

1.17969 -0.389641
1.18326 -0.390625

1.1875 -0.391888
1.20312 -0.396111

1.20312 -0.39611
1.21875 -0.400229

1.25 -0.408185
1.24228 -0.40625

1.21875 -0.400228
1.23438 -0.404245

1.23438 -0.404223
1.24246 -0.40625

1.125 -0.373956
1.12855 -0.375

1.25 -0.408162
1.26562 -0.411986

1.26562 -0.411982
1.27344 -0.413858

1.28125 -0.415717
1.27426 -0.414062

1.27344 -0.413801
1.27454 -0.414062

1.28125 -0.415709
1.28906 -0.417532

1.28906 -0.417531
1.29688 -0.419328

1.3125 -0.422901
1.3079 -0.421875

-2.5 0.426079
-2.46875 0.424798

-2.46875 0.4248
-2.45312 0.42416

-2.45312 0.42416
-2.4375 0.423518

1.29688 -0.419327
1.30469 -0.421097

1.30469 -0.421025
1.3085 -0.421875

-2.4375 0.423512
-2.40625 0.422248

-2.40625 0.422257
-2.375 0.421009

-2.375 0.421006
-2.34375 0.419763

-2.34375 0.419763
-2.32812 0.419146

1.3125 -0.422842
1.32031 -0.424559

1.32031 -0.424559
1.32812 -0.426249

1.32812 -0.42625
1.33594 -0.427913

1.33594 -0.427913
1.34375 -0.42955

-2.32812 0.419148
-2.3125 0.418534

-2.3125 0.41852
-2.28125 0.417341

-2.28125 0.417352
-2.26562 0.416788

-2.26562 0.416788
-2.25 0.416229

1.35156 -0.431171
1.34436 -0.429688

1.34375 -0.429455
1.34488 -0.429688

1.35156 -0.431159
1.35938 -0.432738

1.35938 -0.432738
1.36719 -0.434289

1.36719 -0.434289
1.375 -0.435813

-2.25 0.416229
-2.21875 0.415115

-2.21875 0.415097
-2.1875 0.414026

-2.1875 0.414039
-2.15625 0.413021

-2.15625 0.413015
-2.125 0.412034

-2.125 0.41203
-2.09375 0.411108

-2.09375 0.411109
-2.0625 0.41025

-2.0625 0.410253
-2.03125 0.409448

-2.03125 0.409449
-2 0.408687

1.39062 -0.438811
1.38365 -0.4375

1.39062 -0.438778
1.39844 -0.440218

1.39844 -0.440218
1.40625 -0.441631

1.40625 -0.441631
1.41406 -0.443015

1.41406 -0.443015
1.42188 -0.444372

1.42969 -0.445786
1.42691 -0.445312

1.42188 -0.444333
1.42763 -0.445312

1.42969 -0.445701
1.4375 -0.447002

1.375 -0.435812
1.38281 -0.437309

1.38281 -0.437152
1.38467 -0.4375

1.4375 -0.447002
1.44531 -0.448274

1.44531 -0.448273
1.45312 -0.449517

1.45312 -0.449517
1.46094 -0.450732

1.46094 -0.450732
1.46875 -0.451918

1.48438 -0.454238
1.47668 -0.453125

1.46875 -0.451918
1.47656 -0.453078

1.47656 -0.452867
1.47835 -0.453125

1.48438 -0.454209
1.49219 -0.455311

1.49219 -0.455311
1.5 -0.456384

1.5 -0.456384
1.50781 -0.457429

1.50781 -0.457429
1.51562 -0.458446

1.51562 -0.458446
1.52344 -0.459436

1.52344 -0.459436
1.53125 -0.460399

1.53906 -0.461412
1.5351 -0.460938

1.53125 -0.460341
1.53623 -0.460938

1.53906 -0.461336
1.54688 -0.462245

1.54688 -0.462245
1.55469 -0.463127

1.55469 -0.463127
1.5625 -0.463981

1.5625 -0.463981
1.57031 -0.464809

1.57031 -0.464808
1.57812 -0.46561

-2 0.408694
-1.96875 0.407962

-1.96875 0.407965
-1.9375 0.407244

-1.9375 0.407248
-1.90625 0.406524

-1.875 0.40579
-1.89462 0.40625

1.57812 -0.46561
1.58594 -0.466385

1.58594 -0.466385
1.59375 -0.467136

-1.90625 0.406522
-1.89463 0.40625

1.61719 -0.469283
1.61105 -0.46875

-1.875 0.40579
-1.84375 0.405053

-1.84375 0.405055
-1.8125 0.404309

1.61719 -0.469241
1.625 -0.469894

1.59375 -0.467135
1.60156 -0.467861

-1.8125 0.404301
-1.78125 0.403556

-1.78125 0.403562
-1.75 0.402824

1.60156 -0.467861
1.60938 -0.468563

1.60938 -0.468471
1.61259 -0.46875

-1.75 0.402826
-1.71875 0.402077

1.625 -0.469894
1.63281 -0.470523

1.63281 -0.470523
1.64062 -0.471129

-1.71875 0.402071
-1.6875 0.401318

-1.6875 0.40132
-1.65625 0.400568

-1.65625 0.400574
-1.625 0.399809

-1.625 0.399806
-1.59375 0.399023

-1.59375 0.399029
-1.5625 0.398219

1.64062 -0.471128
1.64844 -0.471711

1.64844 -0.47171
1.65625 -0.47227

-1.5625 0.398225
-1.53125 0.397363

1.65625 -0.47227
1.66406 -0.472807

1.66406 -0.472806
1.67188 -0.473322

-1.53125 0.397365
-1.5 0.396435

1.67188 -0.473322
1.67969 -0.473816

1.67969 -0.473816
1.6875 -0.474289

1.6875 -0.474289
1.69531 -0.474743

1.69531 -0.474743
1.70312 -0.475177

1.70312 -0.475177
1.71094 -0.475593

1.71094 -0.475593
1.71875 -0.47599

1.71875 -0.47599
1.72656 -0.476371

1.73438 -0.476749
1.73036 -0.476562

1.72656 -0.476357
1.73098 -0.476562

1.73438 -0.476734
1.74219 -0.47708

1.74219 -0.47708
1.75 -0.47741

1.75 -0.47741
1.75781 -0.477724

1.75781 -0.477723
1.76562 -0.478022

1.76562 -0.478022
1.77344 -0.478306

1.77344 -0.478306
1.78125 -0.478576

1.78125 -0.478576
1.78906 -0.478832

1.78906 -0.478832
1.79688 -0.479076

1.79688 -0.479076
1.80469 -0.479307

1.80469 -0.479307
1.8125 -0.479527

1.8125 -0.479527
1.82031 -0.479735

1.82031 -0.479735
1.82812 -0.479932

1.82812 -0.479932
1.83594 -0.480119

1.83594 -0.480119
1.84375 -0.480295

1.84375 -0.480295
1.85156 -0.480462

1.85156 -0.480462
1.85938 -0.48062

1.85938 -0.480619
1.86719 -0.480768

1.86719 -0.480768
1.875 -0.480908

1.875 -0.480907
1.88281 -0.481039

1.88281 -0.481039
1.89062 -0.481162

1.89062 -0.481162
1.89844 -0.481277

1.89844 -0.481277
1.90625 -0.481384

1.90625 -0.481384
1.91406 -0.481484

1.91406 -0.481484
1.92188 -0.481575

1.92188 -0.481575
1.92969 -0.48166

1.92969 -0.48166
1.9375 -0.481738

1.9375 -0.481738
1.94531 -0.48181

1.94531 -0.48181
1.95312 -0.481877

1.95312 -0.481877
1.96094 -0.481938

1.96094 -0.481938
1.96875 -0.481994

1.96875 -0.481994
1.97656 -0.482044

1.97656 -0.482044
1.98438 -0.482088

1.98438 -0.482088
1.99219 -0.482127

1.99219 -0.482127
2 -0.48216

2 -0.48216
2.00781 -0.482187

2.00781 -0.482187
2.01562 -0.482209

2.01562 -0.482209
2.02344 -0.482225

2.02344 -0.482225
2.03125 -0.482237

2.03125 -0.482237
2.03906 -0.482246

2.03906 -0.482246
2.04688 -0.482251

2.04688 -0.482252
2.0625 -0.482249

2.0625 -0.482247
2.07031 -0.48224

2.07031 -0.482239
2.07812 -0.482229

2.07812 -0.482229
2.08594 -0.482216

2.08594 -0.482216
2.09375 -0.4822

2.09375 -0.4822
2.10156 -0.482182

2.10156 -0.482182
2.10938 -0.482161

2.10938 -0.482161
2.11719 -0.482138

2.11719 -0.482138
2.125 -0.482112

2.125 -0.482112
2.13281 -0.482084

2.13281 -0.482084
2.14062 -0.482053

2.14062 -0.482053
2.14844 -0.48202

2.14844 -0.482019
2.15625 -0.481984

2.15625 -0.481984
2.16406 -0.481947

2.16406 -0.481947
2.17188 -0.481909

2.17188 -0.481909
2.17969 -0.481869

2.17969 -0.481869
2.1875 -0.481828

2.1875 -0.481828
2.19531 -0.481786

2.19531 -0.481786
2.20312 -0.481743

2.20312 -0.481743
2.21094 -0.481699

2.21094 -0.481699
2.21875 -0.481653

2.21875 -0.481653
2.22656 -0.481606

2.22656 -0.481606
2.23438 -0.481559

2.23438 -0.481559
2.24219 -0.48151

2.24219 -0.48151
2.25 -0.48146

2.25 -0.48146
2.25781 -0.481409

2.25781 -0.481409
2.26562 -0.481357

2.26562 -0.481357
2.27344 -0.481305

2.27344 -0.481305
2.28125 -0.481252

2.28125 -0.481252
2.28906 -0.481199

2.28906 -0.481199
2.29688 -0.481145

2.29688 -0.481145
2.30469 -0.481092

2.30469 -0.481092
2.3125 -0.481038

2.3125 -0.481038
2.32031 -0.480985

2.32031 -0.480985
2.32812 -0.480933

2.32812 -0.480933
2.33594 -0.480881

2.33594 -0.480881
2.34375 -0.48083

2.34375 -0.48083
2.35156 -0.48078

2.35156 -0.48078
2.35938 -0.48073

2.35938 -0.48073
2.36719 -0.48068

2.36719 -0.48068
2.375 -0.480631

2.375 -0.480631
2.38281 -0.480582

2.38281 -0.480582
2.39062 -0.480534

2.39062 -0.480534
2.39844 -0.480487

2.39844 -0.480487
2.40625 -0.48044

2.40625 -0.48044
2.41406 -0.480395

2.41406 -0.480395
2.42188 -0.48035

2.42188 -0.48035
2.42969 -0.480307

2.42969 -0.480307
2.4375 -0.480264

2.4375 -0.480264
2.44531 -0.480223

2.44531 -0.480223
2.45312 -0.480183

2.45312 -0.480183
2.46094 -0.480144

2.46094 -0.480144
2.46875 -0.480105

2.46875 -0.480105
2.47656 -0.480068

2.47656 -0.480068
2.48438 -0.480033

2.48438 -0.480033
2.49219 -0.479998

2.49219 -0.479998
2.5 -0.479965

2.5 -0.479965
2.50781 -0.479933

2.50781 -0.479933
2.51562 -0.479903

2.51562 -0.479903
2.52344 -0.479875

2.52344 -0.479875
2.53125 -0.479849

2.53125 -0.479849
2.53906 -0.479824

2.53906 -0.479824
2.54688 -0.4798

2.54688 -0.4798
2.55469 -0.479777

2.55469 -0.479777
2.5625 -0.479755

2.5625 -0.479755
2.57031 -0.479734

2.57031 -0.479734
2.57812 -0.479714

2.57812 -0.479714
2.58594 -0.479694

2.58594 -0.479694
2.59375 -0.479676

2.59375 -0.479676
2.60156 -0.479659

2.60156 -0.479659
2.60938 -0.479643

2.60938 -0.479643
2.61719 -0.479629

2.61719 -0.479629
2.625 -0.479617

2.625 -0.479618
2.63281 -0.479607

2.63281 -0.479608
2.64062 -0.479599

2.64062 -0.479599
2.64844 -0.47959

2.64844 -0.47959
2.65625 -0.479583

2.65625 -0.479584
2.67188 -0.479567

2.67188 -0.479562
2.6875 -0.479552

2.6875 -0.479553
2.69531 -0.479555

2.69531 -0.479555
2.70312 -0.47956

2.70312 -0.479561
2.71875 -0.479574

2.71875 -0.479574
2.72656 -0.479582

2.72656 -0.479582
2.73438 -0.479594

2.73438 -0.479594
2.74219 -0.479608

2.74219 -0.479608
2.75 -0.479624

2.75 -0.479624
2.75781 -0.479643

2.75781 -0.479643
2.76562 -0.479664

2.76562 -0.479664
2.77344 -0.479688

2.77344 -0.479688
2.78125 -0.479715

2.78125 -0.479715
2.78906 -0.479744

2.78906 -0.479745
2.79688 -0.479776

2.79688 -0.479776
2.80469 -0.47981

2.80469 -0.47981
2.8125 -0.479845

2.8125 -0.479845
2.82031 -0.479882

2.82031 -0.479882
2.82812 -0.47992

2.82812 -0.47992
2.83594 -0.479959

2.83594 -0.479959
2.84375 -0.48

2.84375 -0.48
2.85156 -0.480043

2.85156 -0.480043
2.85938 -0.480089

2.85938 -0.480089
2.86719 -0.480136

2.86719 -0.480136
2.875 -0.480186

2.875 -0.480186
2.88281 -0.480237

2.88281 -0.480237
2.89062 -0.480291

2.89062 -0.480291
2.89844 -0.480345

2.89844 -0.480345
2.90625 -0.480401

2.90625 -0.480401
2.91406 -0.480459

2.91406 -0.480459
2.92188 -0.480518

2.92188 -0.480518
2.92969 -0.480578

2.92969 -0.480578
2.9375 -0.480639

2.9375 -0.480639
2.94531 -0.480702

2.94531 -0.480702
2.95312 -0.480766

2.95312 -0.480766
2.96094 -0.480832

2.96094 -0.480832
2.96875 -0.480898

2.96875 -0.480898
2.97656 -0.480966

2.97656 -0.480966
2.98438 -0.481036

2.98438 -0.481036
2.99219 -0.481106

2.99219 -0.481106
3 -0.481177

3 -0.481177
3.00781 -0.48125

3.00781 -0.48125
3.01562 -0.481323

3.01562 -0.481323
3.02344 -0.481397

3.02344 -0.481397
3.03125 -0.481472

3.03125 -0.481472
3.03906 -0.481548

3.03906 -0.481548
3.04688 -0.481625

3.04688 -0.481625
3.05469 -0.481703

3.05469 -0.481703
3.0625 -0.481782

3.0625 -0.481782
3.07031 -0.481862

3.07031 -0.481862
3.07812 -0.481943

3.07812 -0.481943
3.08594 -0.482025

3.08594 -0.482025
3.09375 -0.482108

3.09375 -0.482108
3.10156 -0.482192

3.10156 -0.482192
3.10938 -0.482277

3.10938 -0.482277
3.11719 -0.482362

3.11719 -0.482362
3.125 -0.482448

3.125 -0.482448
3.13281 -0.482535

3.13281 -0.482535
3.14062 -0.482623

3.14062 -0.482623
3.14844 -0.482711

3.14844 -0.482711
3.15625 -0.4828

3.15625 -0.4828
3.16406 -0.482889

3.16406 -0.482889
3.17188 -0.482978

3.17188 -0.482979
3.17969 -0.483069

3.17969 -0.483069
3.1875 -0.483159

3.1875 -0.483159
3.19531 -0.48325

3.19531 -0.48325
3.20312 -0.483341

3.20312 -0.483341
3.21094 -0.483432

3.21094 -0.483432
3.21875 -0.483524

3.21875 -0.483524
3.22656 -0.483616

3.22656 -0.483616
3.23438 -0.483709

3.23438 -0.483709
3.24219 -0.483801

3.24219 -0.483801
3.25 -0.483894

3.25 -0.483894
3.25781 -0.483987

3.25781 -0.483987
3.26562 -0.484079

3.26562 -0.484079
3.27344 -0.484172

3.27344 -0.484172
3.28125 -0.484264

3.29688 -0.48445
3.29045 -0.484375

3.28125 -0.484264
3.28906 -0.484355

3.28906 -0.484345
3.29166 -0.484375

3.29688 -0.484446
3.30469 -0.484536

3.30469 -0.484536
3.3125 -0.484625

3.3125 -0.484625
3.32031 -0.484713

3.32031 -0.484713
3.32812 -0.484801

3.32812 -0.484801
3.33594 -0.484888

3.33594 -0.484888
3.34375 -0.484975

3.34375 -0.484975
3.35156 -0.485062

3.35156 -0.485062
3.35938 -0.485148

3.35938 -0.485148
3.36719 -0.485232

3.36719 -0.485232
3.375 -0.485316

3.375 -0.485316
3.38281 -0.485399

3.38281 -0.485399
3.39062 -0.485482

3.39062 -0.485482
3.39844 -0.485565

3.39844 -0.485565
3.40625 -0.485647

3.40625 -0.485647
3.41406 -0.485728

3.41406 -0.485728
3.42188 -0.485809

3.42188 -0.485809
3.42969 -0.485889

3.42969 -0.485889
3.4375 -0.485969

3.4375 -0.485968
3.44531 -0.486047

3.44531 -0.486048
3.45312 -0.486126

3.45312 -0.486126
3.46094 -0.486205

3.46094 -0.486205
3.46875 -0.486283

3.46875 -0.486283
3.47656 -0.486361

3.47656 -0.486361
3.48438 -0.486438

3.48438 -0.486438
3.49219 -0.486515

3.49219 -0.486515
3.5 -0.486591

3.5 -0.486591
3.50781 -0.486667

3.50781 -0.486667
3.51562 -0.486742

3.51562 -0.486742
3.52344 -0.486817

3.52344 -0.486817
3.53125 -0.486892

3.53125 -0.486892
3.53906 -0.486966

3.53906 -0.486966
3.54688 -0.48704

3.54688 -0.48704
3.55469 -0.487114

3.55469 -0.487114
3.5625 -0.487187

3.5625 -0.487187
3.57031 -0.487261

3.57031 -0.487261
3.57812 -0.487334

3.57812 -0.487333
3.58594 -0.487407

3.58594 -0.487407
3.59375 -0.48748

3.59375 -0.48748
3.60156 -0.487553

3.60156 -0.487553
3.60938 -0.487627

3.60938 -0.487627
3.61719 -0.487701

3.61719 -0.487701
3.625 -0.487775

3.625 -0.487775
3.63281 -0.48785

3.63281 -0.48785
3.64062 -0.487925

3.64062 -0.487925
3.64844 -0.488

3.64844 -0.488
3.65625 -0.488077

3.65625 -0.488077
3.66406 -0.488153

3.66406 -0.488153
3.67188 -0.488231

3.67188 -0.488231
3.67969 -0.488308

3.67969 -0.488308
3.6875 -0.488387

3.6875 -0.488387
3.69531 -0.488466

3.69531 -0.488466
3.70312 -0.488547

3.70312 -0.488547
3.71094 -0.488627

3.71094 -0.488628
3.71875 -0.488709

3.71875 -0.488709
3.72656 -0.488791

3.72656 -0.488791
3.73438 -0.488874

3.73438 -0.488874
3.74219 -0.488958

3.74219 -0.488958
3.75 -0.489042

3.75 -0.489042
3.75781 -0.489128

3.75781 -0.489128
3.76562 -0.489215

3.76562 -0.489215
3.77344 -0.489303

3.77344 -0.489303
3.78125 -0.489392

3.78125 -0.489392
3.78906 -0.489482

3.78906 -0.489482
3.79688 -0.489574

3.79688 -0.489574
3.80469 -0.489666

3.80469 -0.489666
3.8125 -0.48976

3.8125 -0.48976
3.82031 -0.489855

3.82031 -0.489855
3.82812 -0.48995

3.82812 -0.48995
3.83594 -0.490047

3.83594 -0.490047
3.84375 -0.490144

3.84375 -0.490144
3.85156 -0.490242

3.85156 -0.490242
3.85938 -0.49034

3.85938 -0.49034
3.86719 -0.490438

3.86719 -0.490438
3.875 -0.490536

3.875 -0.490536
3.88281 -0.490633

3.88281 -0.490633
3.89062 -0.490729

3.89062 -0.490729
3.89844 -0.490823

3.89844 -0.490823
3.90625 -0.490914

3.90625 -0.490914
3.91406 -0.491002

3.91406 -0.491003
3.92188 -0.491087

3.92188 -0.491088
3.92969 -0.491168

3.92969 -0.491168
3.9375 -0.491244

3.9375 -0.491244
3.94531 -0.491314

3.94531 -0.491314
3.95312 -0.491378

3.95312 -0.491378
3.96094 -0.491434

3.96094 -0.491434
3.96875 -0.491482

3.96875 -0.491482
3.97656 -0.491521

3.97656 -0.491521
3.98438 -0.491549

3.98438 -0.491549
3.99219 -0.491567

3.99219 -0.491567
4 -0.491573

