1.8125 -0.223228
1.82031 -0.224529

1.82031 -0.22453
1.82812 -0.225855

1.83594 -0.227041
1.83317 -0.226562

1.82812 -0.225997
1.83139 -0.226562

1.83594 -0.227205
1.84375 -0.22859

1.84375 -0.22859
1.85156 -0.230006

1.85156 -0.230006
1.85938 -0.231449

1.875 -0.234392
1.87491 -0.234375

1.85938 -0.231449
1.86719 -0.232918

1.86719 -0.232918
1.87481 -0.234375

1.875 -0.234409
1.88281 -0.235929

1.88281 -0.23593
1.89062 -0.23748

1.89062 -0.237481
1.89844 -0.239057

1.89844 -0.239057
1.90625 -0.240655

1.91406 -0.242237
1.91382 -0.242188

1.90625 -0.240657
1.91363 -0.242188

1.91406 -0.242272
1.92188 -0.243917

-1 -0.114256
-0.992188 -0.114863

-0.992188 -0.114863
-0.984375 -0.115465

-0.984375 -0.115465
-0.976562 -0.11606

-0.976562 -0.116059
-0.96875 -0.116648

1.92188 -0.243919
1.92969 -0.24559

1.92969 -0.245591
1.9375 -0.247284

1.9375 -0.247285
1.94531 -0.248995

1.94531 -0.249098
1.94939 -0.25

-0.960938 -0.117226
-0.961452 -0.117188

-0.96875 -0.116648
-0.961536 -0.117188

-0.960938 -0.117232
-0.953125 -0.117811

-0.953125 -0.117811
-0.945312 -0.118387

-0.945312 -0.118387
-0.9375 -0.11896

-0.9375 -0.118961
-0.929688 -0.119531

-0.929688 -0.119531
-0.921875 -0.120098

-0.921875 -0.120098
-0.914062 -0.120661

-0.914062 -0.120661
-0.90625 -0.12122

-0.90625 -0.12122
-0.898438 -0.121774

2 -0.26148
2.00781 -0.263324

2.00781 -0.263326
2.01562 -0.265175

2.02344 -0.26696
2.01783 -0.265625

-0.898438 -0.121775
-0.890625 -0.122324

-0.890625 -0.122324
-0.882812 -0.122867

-0.882812 -0.122867
-0.875 -0.123405

-2.95312 0.374956
-2.95323 0.375

-0.84375 -0.125492
-0.851232 -0.125

-0.84375 -0.125493
-0.835938 -0.126004

-0.835938 -0.126004
-0.828125 -0.126513

-0.828125 -0.126513
-0.820312 -0.127019

-2.95312 0.37495
-2.94531 0.371658

-2.94531 0.371657
-2.9375 0.368358

-0.820312 -0.127019
-0.8125 -0.127521

2.02344 -0.267033
2.03125 -0.268911

2.01562 -0.265502
2.01614 -0.265625

2.03125 -0.268913
2.03906 -0.270799

2.03906 -0.270801
2.04688 -0.272687

2.05469 -0.274453
2.0505 -0.273438

-2.92969 0.365097
-2.93462 0.367188

2.04688 -0.272885
2.04915 -0.273438

2.05469 -0.274577
2.0625 -0.276482

-2.9375 0.368275
-2.93493 0.367188

-2.92969 0.365049
-2.92188 0.36173

-0.8125 -0.127521
-0.804688 -0.128019

2.08594 -0.282054
2.08263 -0.28125

2.08594 -0.282191
2.09375 -0.284093

2.0625 -0.276484
2.07031 -0.278392

2.07031 -0.278393
2.07812 -0.280295

2.07812 -0.280425
2.08152 -0.28125

2.09375 -0.284097
2.10156 -0.285996

2.10156 -0.285997
2.10938 -0.287881

2.11719 -0.289621
2.11486 -0.289062

-2.91406 0.358447
-2.91624 0.359375

-2.91406 0.358405
-2.90625 0.355071

-2.92188 0.361713
-2.91638 0.359375

-4 0.469502
-3.99219 0.469505

-0.804688 -0.128019
-0.796875 -0.128513

-3.99219 0.469504
-3.98438 0.469516

-3.98438 0.469516
-3.97656 0.469537

-3.97656 0.469537
-3.96875 0.469567

-3.96875 0.469568
-3.96094 0.469605

2.10938 -0.287948
2.11403 -0.289062

-0.796875 -0.128513
-0.789062 -0.129002

-2.875 0.341739
-2.87969 0.34375

-0.789062 -0.129002
-0.78125 -0.129486

-3.96094 0.469605
-3.95312 0.469649

-2.90625 0.355067
-2.89844 0.35173

-2.89062 0.348395
-2.89802 0.351562

-2.89062 0.348385
-2.88281 0.345035

-2.88281 0.344953
-2.88001 0.34375

2.11719 -0.289748
2.125 -0.291612

-2.98438 0.388017
-2.9907 0.390625

-3 0.394407
-2.99219 0.391205

-0.78125 -0.129486
-0.773438 -0.129966

-0.773438 -0.129966
-0.765625 -0.13044

-3.95312 0.469649
-3.94531 0.469697

2.125 -0.291617
2.13281 -0.29347

-3.94531 0.469697
-3.9375 0.469749

2.13281 -0.293471
2.14062 -0.2953

-0.765625 -0.13044
-0.757812 -0.130908

-3.9375 0.469749
-3.92969 0.469805

-3.92969 0.469805
-3.92188 0.469865

-0.757812 -0.130908
-0.75 -0.131371

2.14844 -0.297045
2.1477 -0.296875

-2.99219 0.39106
-2.99113 0.390625

2.14844 -0.2971
2.15625 -0.298889

2.14062 -0.295307
2.14741 -0.296875

-3.92188 0.469866
-3.91406 0.46993

2.15625 -0.298894
2.16406 -0.300664

-3.91406 0.46993
-3.90625 0.469997

-0.875 -0.123405
-0.867188 -0.123936

-3.90625 0.469997
-3.89844 0.470066

-2.98438 0.387985
-2.97656 0.384746

2.16406 -0.300666
2.17188 -0.302405

-2.96875 0.381549
-2.97179 0.382812

-2.97656 0.384712
-2.972 0.382812

-0.867188 -0.123936
-0.859375 -0.124461

-0.859375 -0.124461
-0.851562 -0.124979

2.17188 -0.302406
2.17969 -0.304106

2.1875 -0.305678
2.18286 -0.304688

2.17969 -0.304295
2.18152 -0.304688

-3.89844 0.470066
-3.89062 0.470137

-2.96875 0.381496
-2.96094 0.378231

-3.89062 0.470137
-3.88281 0.470209

2.22656 -0.313471
2.22135 -0.3125

2.22656 -0.313537
2.23438 -0.314951

-3.88281 0.470209
-3.875 0.470282

2.23438 -0.314955
2.24219 -0.316316

2.24219 -0.316318
2.25 -0.317614

-2.96094 0.378233
-2.95324 0.375

-0.75 -0.131371
-0.742188 -0.131829

-0.742188 -0.131829
-0.734375 -0.132281

-3.875 0.470282
-3.86719 0.470356

2.1875 -0.305772
2.19531 -0.307415

-3.86719 0.470356
-3.85938 0.47043

-2.875 0.341685
-2.86719 0.338329

-3.85938 0.470431
-3.85156 0.470506

-3.85156 0.470506
-3.84375 0.470581

-2.85938 0.33502
-2.86151 0.335938

-3.84375 0.47058
-3.83594 0.470656

-2.86719 0.338311
-2.86166 0.335938

-3.83594 0.470656
-3.82812 0.470733

-2.85938 0.334974
-2.85156 0.331615

-3.82812 0.470734
-3.82031 0.470812

-2.85156 0.331612
-2.84375 0.328254

-2.83594 0.324902
-2.84343 0.328125

2.19531 -0.30742
2.20312 -0.309025

2.20312 -0.309026
2.21094 -0.310582

2.21094 -0.310584
2.21875 -0.312085

2.21875 -0.312274
2.21996 -0.3125

-3.82031 0.470812
-3.8125 0.470889

-0.734375 -0.132281
-0.726562 -0.132727

2.25 -0.317615
2.25781 -0.31884

-0.71875 -0.133159
-0.724871 -0.132812

-2.83594 0.324895
-2.82812 0.321537

-3.8125 0.470889
-3.80469 0.470966

-2.82031 0.318235
-2.82515 0.320312

-3.80469 0.470966
-3.79688 0.471043

2.25781 -0.318841
2.26562 -0.31999

-3.79688 0.471043
-3.78906 0.471121

-3.78906 0.47112
-3.78125 0.4712

-2.82812 0.321449
-2.82548 0.320312

-3.78125 0.4712
-3.77344 0.471281

-2.82031 0.318182
-2.8125 0.314827

-3.77344 0.471281
-3.76562 0.471363

-0.726562 -0.13277
-0.725814 -0.132812

-3.76562 0.471363
-3.75781 0.471447

2.27344 -0.321019
2.26834 -0.320312

-0.71875 -0.133167
-0.710938 -0.133608

-3.75781 0.471447
-3.75 0.471531

-2.80469 0.311525
-2.80696 0.3125

2.26562 -0.320122
2.267 -0.320312

-2.80469 0.311476
-2.79688 0.308127

-0.710938 -0.133608
-0.703125 -0.134046

-2.79688 0.308125
-2.78906 0.304782

-0.703125 -0.134046
-0.695312 -0.134483

2.27344 -0.32107
2.28125 -0.322092

-0.695312 -0.134483
-0.6875 -0.134918

-2.78125 0.301447
-2.78883 0.304688

-2.76562 0.294837
-2.77041 0.296875

2.28125 -0.322095
2.28906 -0.323045

-0.6875 -0.134918
-0.679688 -0.135351

-0.679688 -0.135351
-0.671875 -0.135783

-2.78125 0.301443
-2.77344 0.298109

-0.671875 -0.135783
-0.664062 -0.136214

2.28906 -0.323046
2.29688 -0.323917

2.29688 -0.323919
2.30469 -0.324705

-3.75 0.471531
-3.74219 0.471616

-0.664062 -0.136214
-0.65625 -0.136643

-3.74219 0.471616
-3.73438 0.471702

-2.77344 0.298018
-2.77075 0.296875

-0.65625 -0.136643
-0.648438 -0.137071

-0.648438 -0.137071
-0.640625 -0.137497

2.30469 -0.324706
2.3125 -0.325404

-2.76562 0.294781
-2.75781 0.291457

-0.640625 -0.137497
-0.632812 -0.137923

-3.73438 0.471702
-3.72656 0.47179

-0.632812 -0.137923
-0.625 -0.138348

2.3125 -0.325404
2.32031 -0.326008

-3.72656 0.47179
-3.71875 0.47188

-2.75 0.288187
-2.75206 0.289062

-3.71875 0.47188
-3.71094 0.471973

2.32031 -0.326009
2.32812 -0.326518

-3.71094 0.471973
-3.70312 0.472069

-2.75781 0.291441
-2.75221 0.289062

-0.625 -0.138348
-0.617188 -0.138773

-2.8125 0.314806
-2.80713 0.3125

-0.617188 -0.138773
-0.609375 -0.139196

2.32812 -0.326518
2.33594 -0.326929

-3.70312 0.472069
-3.69531 0.472169

2.33594 -0.326929
2.34375 -0.327242

-0.609375 -0.139196
-0.601562 -0.139619

2.34375 -0.327242
2.35156 -0.327455

-3.69531 0.472169
-3.6875 0.472273

2.35156 -0.327455
2.35938 -0.327567

2.35938 -0.327568
2.36719 -0.327579

-3.6875 0.472273
-3.67969 0.472382

-3.67969 0.472382
-3.67188 0.472496

-2.65625 0.249046
-2.65857 0.25

-3.67188 0.472496
-3.66406 0.472615

2.36719 -0.327579
2.375 -0.327488

-0.601562 -0.139619
-0.59375 -0.140041

-2.65625 0.248996
-2.64844 0.245795

-3.66406 0.472614
-3.65625 0.472739

-2.64844 0.245792
-2.64062 0.242607

-2.63281 0.239462
-2.63953 0.242188

-2.64062 0.24244
-2.64 0.242188

-2.63281 0.239438
-2.625 0.236275

-0.578125 -0.140866
-0.582601 -0.140625

-0.59375 -0.140042
-0.585938 -0.140462

-0.585938 -0.140488
-0.583406 -0.140625

-2.61719 0.233183
-2.62015 0.234375

-3.65625 0.472739
-3.64844 0.472871

2.375 -0.327488
2.38281 -0.327296

-3.64844 0.472871
-3.64062 0.473009

-0.578125 -0.140883
-0.570312 -0.141307

-3.64062 0.473009
-3.63281 0.473153

-0.570312 -0.141307
-0.5625 -0.141733

2.38281 -0.327296
2.39062 -0.327001

-0.5625 -0.141733
-0.554688 -0.142161

2.39062 -0.327001
2.39844 -0.326604

-0.554688 -0.142161
-0.546875 -0.142592

-3.63281 0.473153
-3.625 0.473303

2.39844 -0.326604
2.40625 -0.326102

-2.61719 0.233128
-2.60938 0.229987

2.40625 -0.326102
2.41406 -0.325495

-0.546875 -0.142592
-0.539062 -0.143025

2.41406 -0.325496
2.42188 -0.324783

-2.625 0.236241
-2.62037 0.234375

2.42188 -0.324783
2.42969 -0.323963

-0.539062 -0.143025
-0.53125 -0.143461

-3.625 0.473303
-3.61719 0.47346

-0.53125 -0.143461
-0.523438 -0.143899

-3.61719 0.47346
-3.60938 0.473625

-0.523438 -0.143899
-0.515625 -0.144339

-3.60938 0.473625
-3.60156 0.473798

2.42969 -0.323963
2.4375 -0.323035

-3.60156 0.473798
-3.59375 0.473979

-0.515625 -0.144339
-0.507812 -0.144782

-3.59375 0.473979
-3.58594 0.474169

-2.60938 0.229984
-2.60156 0.226859

-3.58594 0.474168
-3.57812 0.474366

-3.57812 0.474366
-3.57031 0.474573

-2.59375 0.223767
-2.60077 0.226562

-3.57031 0.474573
-3.5625 0.47479

-0.507812 -0.144782
-0.5 -0.145228

-2.60156 0.226656
-2.60133 0.226562

2.4375 -0.323042
2.44531 -0.322006

-2.57812 0.217615
-2.581 0.21875

-3.5625 0.47479
-3.55469 0.475016

-3.55469 0.475016
-3.54688 0.475251

2.44444 -0.320312
2.44531 -0.320197

2.44531 -0.32216
2.45312 -0.321016

-3.54688 0.475251
-3.53906 0.475495

-2.57812 0.217557
-2.57031 0.214478

-3.53906 0.475495
-3.53125 0.475748

2.44898 -0.320312
2.45312 -0.319706

-3.53125 0.475748
-3.52344 0.476009

-2.57031 0.214475
-2.5625 0.211413

-2.59375 0.223748
-2.58594 0.220645

2.45312 -0.321603
2.46094 -0.320354

-3.52344 0.47601
-3.51562 0.476279

-2.58594 0.220611
-2.58123 0.21875

-3.51562 0.476279
-3.50781 0.476555

2.45312 -0.320188
2.46094 -0.318938

-3.50781 0.476554
-3.50758 0.476562

-3.50763 0.476562
-3.5 0.476838

-0.5 -0.145228
-0.492188 -0.145676

-0.492188 -0.145676
-0.484375 -0.146126

-0.484375 -0.146126
-0.476562 -0.146579

-0.476562 -0.146579
-0.46875 -0.147034

2.46094 -0.320875
2.46419 -0.320312

2.46094 -0.319486
2.46875 -0.318136

-2.5 0.1874
-2.50026 0.1875

-2.55469 0.208396
-2.5612 0.210938

-2.5625 0.211244
-2.56171 0.210938

-0.46875 -0.147034
-0.460938 -0.147491

-0.460938 -0.14749
-0.453125 -0.147949

2.46875 -0.318254
2.47656 -0.316807

-0.453125 -0.147949
-0.445312 -0.148409

-2.55469 0.208367
-2.54688 0.20533

-0.4375 -0.148871
-0.444804 -0.148438

-2.53906 0.202354
-2.54106 0.203125

2.47656 -0.316807
2.48438 -0.31526

-0.4375 -0.148871
-0.429688 -0.149339

-0.429688 -0.149339
-0.421875 -0.149812

2.48438 -0.315548
2.49219 -0.313902

-2.53906 0.202308
-2.53125 0.199296

-2.54688 0.205313
-2.54122 0.203125

-0.421875 -0.149812
-0.414062 -0.150289

-0.414062 -0.150289
-0.40625 -0.150771

-0.40625 -0.150771
-0.398438 -0.151256

-2.53125 0.199293
-2.52344 0.196298

-2.51562 0.193376
-2.5207 0.195312

2.49219 -0.315207
2.5 -0.313465

2.48773 -0.3125
2.49219 -0.311484

2.49219 -0.311828
2.5 -0.309982

-2.52344 0.196185
-2.52115 0.195312

-2.51562 0.193319
-2.50781 0.190348

-0.398438 -0.151256
-0.390625 -0.151744

-0.390625 -0.151744
-0.382812 -0.152236

-2.50781 0.190349
-2.50029 0.1875

-2.72656 0.278248
-2.73369 0.28125

-2.72656 0.278233
-2.71875 0.274948

-0.382812 -0.152236
-0.375 -0.15273

-2.75 0.288142
-2.74219 0.284829

2.5 -0.314482
2.50781 -0.312533

2.50781 -0.31377
2.51191 -0.3125

-2.74219 0.284825
-2.73438 0.281524

2.5 -0.310864
2.50781 -0.309024

-0.375 -0.15273
-0.367188 -0.153226

-0.367188 -0.153226
-0.359375 -0.153724

-2.73438 0.281342
-2.73416 0.28125

-0.359375 -0.153725
-0.351562 -0.154224

2.50781 -0.309697
2.51562 -0.307761

-0.351562 -0.154224
-0.34375 -0.154725

-0.3125 -0.15674
-0.320049 -0.15625

-0.34375 -0.154725
-0.335938 -0.155227

-0.335938 -0.155227
-0.328125 -0.155729

-0.328125 -0.155729
-0.320312 -0.156233

-3.5 0.476838
-3.49219 0.477124

-3.49219 0.477124
-3.48438 0.477414

2.51562 -0.308097
2.52344 -0.306064

2.52344 -0.306997
2.53125 -0.304871

-2.71094 0.27173
-2.71501 0.273438

-2.71875 0.274887
-2.71529 0.273438

-2.71094 0.271674
-2.70312 0.268406

-2.69531 0.265176
-2.69639 0.265625

-2.69531 0.265149
-2.6875 0.261897

-2.70312 0.268401
-2.69647 0.265625

2.52392 -0.304688
2.53125 -0.30269

2.53125 -0.306623
2.53809 -0.304688

-0.3125 -0.156739
-0.304688 -0.15725

2.53125 -0.303157
2.53906 -0.300809

2.53906 -0.306837
2.54416 -0.304688

-2.6875 0.261892
-2.67969 0.258652

-3.48438 0.477414
-3.47656 0.477708

-2.67188 0.255474
-2.67753 0.257812

-2.67969 0.258514
-2.67799 0.257812

-3.47656 0.477708
-3.46875 0.478004

-2.67188 0.255425
-2.66406 0.252204

-3.46875 0.478004
-3.46094 0.478301

-3.46094 0.478301
-3.45312 0.478596

2.53906 -0.301056
2.54688 -0.298692

-0.304688 -0.15725
-0.296875 -0.157764

2.54688 -0.306787
2.54932 -0.304688

2.54688 -0.299093
2.55414 -0.296875

-3.45312 0.478597
-3.44531 0.478888

-2.66406 0.252183
-2.65875 0.25

-3.44531 0.478888
-3.4375 0.479171

-0.296875 -0.157764
-0.289062 -0.158283

-0.289062 -0.158283
-0.28125 -0.158806

-0.28125 -0.158806
-0.273438 -0.159332

-3.4375 0.479171
-3.42969 0.479445

-3.42969 0.479445
-3.42188 0.479707

-3.42188 0.479708
-3.41406 0.479954

-3.41406 0.479955
-3.40625 0.480183

-3.40625 0.480183
-3.39844 0.480391

-3.39844 0.480391
-3.39062 0.480577

-3.39062 0.480578
-3.38281 0.480736

-3.38281 0.480738
-3.375 0.480864

-0.273438 -0.159332
-0.265625 -0.159861

-0.265625 -0.159861
-0.257812 -0.160393

2.55469 -0.305334
2.55509 -0.304688

-3.375 0.480866
-3.36719 0.480952

-3.36719 0.480953
-3.35938 0.480992

2.55469 -0.297148
2.55555 -0.296875

-0.257812 -0.160393
-0.25 -0.160927

-3.35938 0.480994
-3.35156 0.480978

-3.35156 0.48098
-3.34375 0.480903

-3.34375 0.480905
-3.33594 0.48076

-3.33594 0.480762
-3.32812 0.480542

-3.32812 0.480544
-3.32031 0.480243

-3.32031 0.480245
-3.3125 0.479857

2.55486 -0.296875
2.5625 -0.294619

-3.3125 0.479858
-3.30469 0.479377

-3.30469 0.479377
-3.29688 0.4788

-3.29688 0.4788
-3.28906 0.478125

-3.28906 0.478125
-3.28125 0.47735

-3.27344 0.476477
-3.2742 0.476562

2.5625 -0.294564
2.57031 -0.292023

2.57031 -0.292021
2.57812 -0.289388

-3.28125 0.47735
-3.27422 0.476562

-3.27344 0.476476
-3.26562 0.475498

-3.26562 0.475498
-3.25781 0.474417

-3.25781 0.474417
-3.25 0.473232

2.57812 -0.289538
2.5795 -0.289062

2.57898 -0.289062
2.58594 -0.286647

2.58594 -0.286674
2.59375 -0.283886

2.59375 -0.283888
2.60095 -0.28125

2.60091 -0.28125
2.60156 -0.281009

-0.25 -0.160927
-0.242188 -0.161462

-0.242188 -0.161463
-0.234375 -0.161999

-0.234375 -0.161999
-0.226562 -0.162538

-0.226562 -0.162538
-0.21875 -0.163078

2.60156 -0.281021
2.60938 -0.278082

2.60938 -0.278083
2.61719 -0.275069

-0.21875 -0.163078
-0.210938 -0.163619

-3.21875 0.467485
-3.22497 0.46875

-0.203125 -0.164146
-0.20433 -0.164062

2.61719 -0.275094
2.62138 -0.273438

-0.210938 -0.163622
-0.204602 -0.164062

-3.25 0.473232
-3.24219 0.471946

-0.203125 -0.164161
-0.195312 -0.164708

2.62124 -0.273438
2.625 -0.271949

-3.24219 0.471945
-3.23438 0.470557

-3.23438 0.470557
-3.22656 0.469069

-0.195312 -0.164709
-0.1875 -0.165261

-2.5 0.187388
-2.49219 0.184443

-3.22656 0.469056
-3.22505 0.46875

-2.49219 0.184443
-2.48438 0.181516

-3.21875 0.467481
-3.21094 0.465795

2.65625 -0.296895
2.65624 -0.296875

-3.21094 0.465794
-3.20312 0.464013

2.64843 -0.296875
2.64844 -0.289062

-3.20312 0.464012
-3.19531 0.462139

-0.1875 -0.165261
-0.179688 -0.165818

-3.1875 0.460191
-3.19047 0.460938

-3.19531 0.46213
-3.19057 0.460938

2.65576 -0.296875
2.65625 -0.295502

-3.1875 0.460175
-3.17969 0.458123

2.625 -0.271978
2.63281 -0.268818

-2.47656 0.178669
-2.47929 0.179688

2.63281 -0.268818
2.64054 -0.265625

-3.17969 0.458122
-3.17188 0.455985

-2.48438 0.181481
-2.47957 0.179688

-2.47656 0.178605
-2.46875 0.175701

2.64054 -0.265625
2.64062 -0.265588

2.64062 -0.265589
2.64844 -0.26229

2.64844 -0.26229
2.65625 -0.258923

2.65625 -0.29743
2.6595 -0.296875

2.65625 -0.296088
2.65834 -0.296875

2.65625 -0.258955
2.65885 -0.257812

-2.45312 0.169999
-2.45823 0.171875

-2.46875 0.175698
-2.46094 0.172812

-2.46094 0.172699
-2.45869 0.171875

-3.15625 0.451496
-3.1618 0.453125

-2.45312 0.169944
-2.44531 0.167086

-2.44531 0.167083
-2.4375 0.164244

2.65874 -0.257812
2.66406 -0.255474

-2.41406 0.155849
-2.41518 0.15625

-3.17188 0.455984
-3.16406 0.453768

-0.179688 -0.165818
-0.171875 -0.166379

-2.41406 0.155815
-2.40625 0.153033

-0.171875 -0.166379
-0.164062 -0.166944

2.66406 -0.25549
2.67188 -0.251994

-3.16406 0.453713
-3.16206 0.453125

2.67188 -0.252008
2.67628 -0.25

-2.42969 0.161432
-2.43696 0.164062

-0.164062 -0.166945
-0.15625 -0.167515

-2.42969 0.161422
-2.42188 0.158609

-3.15625 0.451473
-3.14844 0.449103

-2.42188 0.158603
-2.4153 0.15625

-0.15625 -0.167515
-0.148438 -0.168089

2.67621 -0.25
2.67969 -0.248416

-3.14844 0.449102
-3.14062 0.446664

2.67969 -0.248434
2.6875 -0.244814

-2.40625 0.15303
-2.39844 0.150263

-0.148438 -0.168089
-0.140625 -0.168667

-0.140625 -0.168667
-0.132812 -0.169248

-3.13281 0.444194
-3.1363 0.445312

-0.132812 -0.169248
-0.125 -0.169831

-2.39062 0.147578
-2.39307 0.148438

2.6875 -0.244818
2.69308 -0.242188

-2.39844 0.150233
-2.39334 0.148438

2.69305 -0.242188
2.69531 -0.241122

-2.39062 0.147515
-2.38281 0.14478

2.69531 -0.241132
2.70312 -0.237391

-3.14062 0.446635
-3.1365 0.445312

-0.125 -0.169831
-0.117188 -0.170418

-3.13281 0.444159
-3.125 0.441591

-2.38281 0.144778
-2.375 0.14206

2.70312 -0.237394
2.70933 -0.234375

-3.10938 0.436318
-3.11282 0.4375

-0.117188 -0.170418
-0.109375 -0.171006

-2.32031 0.123522
-2.32474 0.125

2.70931 -0.234375
2.71094 -0.233581

-0.09375 -0.17216
-0.0975004 -0.171875

-3.10938 0.436279
-3.10156 0.433543

-0.109375 -0.171006
-0.101562 -0.171596

-2.32031 0.123452
-2.3125 0.120856

2.71094 -0.23359
2.71875 -0.229733

-2.3125 0.120854
-2.30469 0.118279

2.71875 -0.229734
2.72508 -0.226562

-2.29688 0.115795
-2.30113 0.117188

2.72506 -0.226562
2.72656 -0.225812

-3.10156 0.433541
-3.09375 0.430757

2.72656 -0.22582
2.73438 -0.221857

2.73438 -0.22186
2.74043 -0.21875

-3.08594 0.427966
-3.09069 0.429688

2.7404 -0.21875
2.74219 -0.217829

-3.09375 0.430693
-3.09097 0.429688

-0.101562 -0.171627
-0.0982901 -0.171875

2.74219 -0.21784
2.75 -0.213771

-0.09375 -0.172188
-0.0859375 -0.172786

-2.30469 0.11819
-2.30162 0.117188

-3.08594 0.427926
-3.07812 0.425048

-3.0625 0.419189
-3.0696 0.421875

-0.0859375 -0.172786
-0.078125 -0.173391

-0.078125 -0.173391
-0.0703125 -0.174

-2.29688 0.115726
-2.28906 0.113182

-0.0703125 -0.174
-0.0625 -0.174614

-3.07812 0.425046
-3.07031 0.42213

2.76562 -0.289161
2.76218 -0.289062

-3.07031 0.421979
-3.07004 0.421875

-2.28906 0.11318
-2.28125 0.110655

-0.0625 -0.174615
-0.0546875 -0.175234

-2.27344 0.108217
-2.27705 0.109375

-0.0546875 -0.175234
-0.046875 -0.175857

-2.27344 0.10815
-2.26562 0.105658

-2.28125 0.110594
-2.27745 0.109375

2.76242 -0.289062
2.76562 -0.288778

-2.26562 0.105656
-2.25781 0.103184

-0.046875 -0.175857
-0.0390625 -0.176483

-3.125 0.441589
-3.11719 0.438962

-0.0390625 -0.176483
-0.03125 -0.177113

-2.25 0.10079
-2.25246 0.101562

2.76562 -0.289218
2.76572 -0.289062

-2.25781 0.103156
-2.25274 0.101562

2.76562 -0.288691
2.76569 -0.289062

-0.03125 -0.177113
-0.0234375 -0.177745

-3.11719 0.438931
-3.11302 0.4375

-2.36719 0.13943
-2.37064 0.140625

-2.36719 0.139358
-2.35938 0.136666

-2.375 0.142001
-2.37102 0.140625

-3.0625 0.419176
-3.05469 0.416183

-2.35938 0.136663
-2.35156 0.133989

-0.0234375 -0.177745
-0.015625 -0.178379

-3.04688 0.413205
-3.04909 0.414062

2.75 -0.213776
2.75538 -0.210938

-3.05469 0.416164
-3.04926 0.414062

-0.015625 -0.178379
-0.0078125 -0.179014

-3.04688 0.413158
-3.03906 0.410099

2.75535 -0.210938
2.75781 -0.209641

-2.34375 0.131405
-2.34789 0.132812

2.75781 -0.209652
2.76562 -0.205484

2.76562 -0.205494
2.77002 -0.203125

-2.35156 0.133904
-2.34835 0.132812

2.76997 -0.203125
2.77344 -0.201253

2.77344 -0.201268
2.78125 -0.197008

-0.0078125 -0.179014
0 -0.179649

2.78125 -0.197025
2.78436 -0.195312

-2.34375 0.131334
-2.33594 0.128689

-3.03906 0.410096
-3.03125 0.407011

2.78431 -0.195312
2.78906 -0.192692

2.78906 -0.192705
2.79688 -0.188355

-3.02344 0.403942
-3.02923 0.40625

-3.02344 0.403899
-3.01562 0.400758

2.79688 -0.188376
2.79843 -0.1875

2.79839 -0.1875
2.8125 -0.179531

-3.00781 0.397644
-3.00977 0.398438

0.0078125 -0.180285
0.000498096 -0.179688

0.0078125 -0.180287
0.015625 -0.180931

-2.33594 0.128687
-2.32812 0.12606

0.015625 -0.180931
0.0234375 -0.18158

2.8125 -0.179522
2.82031 -0.175048

-3.01562 0.400741
-3.00993 0.398438

2.82031 -0.175051
2.82581 -0.171875

2.82578 -0.171875
2.82812 -0.170529

0.0234375 -0.18158
0.03125 -0.182233

-2.32812 0.125961
-2.32525 0.125

0.03125 -0.182233
0.0390625 -0.182889

-3.00781 0.397596
-3 0.39441

2.82812 -0.170534
2.83594 -0.165982

-3.03125 0.40688
-3.02967 0.40625

0.0390625 -0.182889
0.046875 -0.183547

0.046875 -0.183548
0.0546875 -0.184207

-2.22656 0.0934895
-2.22741 0.09375

2.83594 -0.16599
2.83922 -0.164062

2.83919 -0.164062
2.84375 -0.161388

0.0546875 -0.184207
0.0625 -0.184867

-2.22656 0.0934645
-2.21875 0.0910763

-2.25 0.100732
-2.24219 0.0982923

-2.24219 0.0982914
-2.23438 0.095868

-2.23438 0.0958639
-2.22751 0.09375

-2.21875 0.0910745
-2.21094 0.0887029

-2.21094 0.0887007
-2.20312 0.0863535

0.101562 -0.188147
0.0938373 -0.1875

0.101562 -0.188147
0.109375 -0.188802

0.109375 -0.188802
0.117188 -0.189459

0.117188 -0.189459
0.125 -0.190117

0.0625 -0.184867
0.0703125 -0.185526

0.0703125 -0.185527
0.078125 -0.186184

0.078125 -0.186184
0.0859375 -0.18684

0.0859375 -0.186839
0.09375 -0.187493

-2.19531 0.08406
-2.20161 0.0859375

0.125 -0.190117
0.132812 -0.190773

0.132812 -0.190773
0.140625 -0.191427

2.84375 -0.161396
2.85156 -0.156773

2.85156 -0.156785
2.85247 -0.15625

-2.20312 0.0861855
-2.20229 0.0859375

0.140625 -0.191428
0.148438 -0.192078

2.85242 -0.15625
2.85938 -0.152117

2.85938 -0.152112
2.86549 -0.148438

-2.19531 0.0840267
-2.1875 0.0817083

2.86548 -0.148438
2.86719 -0.147414

2.86719 -0.14742
2.875 -0.142694

0.148438 -0.192078
0.15625 -0.192724

2.875 -0.142706
2.87842 -0.140625

2.87838 -0.140625
2.89062 -0.133159

-2.17188 0.0771891
-2.17508 0.078125

-2.1875 0.0817066
-2.17969 0.0794078

-2.17969 0.0793645
-2.17544 0.078125

-2.17188 0.0771294
-2.16406 0.074865

2.89062 -0.133172
2.89122 -0.132812

2.8912 -0.132812
2.89844 -0.128367

2.89844 -0.128365
2.90387 -0.125

-2.16406 0.0748645
-2.15625 0.0726176

2.90384 -0.125
2.90625 -0.123528

-2.15625 0.0726171
-2.14844 0.0703896

0.15625 -0.192724
0.164062 -0.193364

0.164062 -0.193365
0.171875 -0.193998

2.90625 -0.123526
2.92188 -0.113774

2.92188 -0.113787
2.92887 -0.109375

-2.14062 0.0681825
-2.14816 0.0703125

2.92884 -0.109375
2.9375 -0.103914

0.171875 -0.193998
0.179688 -0.194625

-2.14062 0.0681807
-2.13281 0.0659864

-2.13281 0.065985
-2.125 0.0638099

2.9375 -0.103919
2.95312 -0.0939476

2.95312 -0.0939569
2.95345 -0.09375

2.95344 -0.09375
2.96875 -0.0838634

0.179688 -0.194626
0.1875 -0.195245

0.195312 -0.195853
0.188441 -0.195312

0.195312 -0.195859
0.203125 -0.196473

2.96875 -0.0838678
2.97754 -0.078125

2.97752 -0.078125
2.98438 -0.0736468

-2.11719 0.0617131
-2.12004 0.0625

-2.11719 0.0616551
-2.10938 0.0595151

-2.10938 0.0595149
-2.10156 0.0573918

-2.10156 0.0573897
-2.09375 0.0552879

2.98438 -0.0736591
3 -0.0633209

0.203125 -0.196473
0.210938 -0.197084

0.210938 -0.197084
0.21875 -0.197692

-2.08594 0.0532544
-2.09131 0.0546875

-2.09375 0.0551664
-2.09195 0.0546875

-2.08594 0.0532058
-2.07812 0.0511353

-2.07812 0.0511355
-2.07031 0.0490823

0.21875 -0.197692
0.226562 -0.198295

0.226562 -0.198296
0.234375 -0.198894

0.234375 -0.198894
0.242188 -0.199488

0.242188 -0.199488
0.25 -0.200075

-2.07031 0.0490798
-2.0625 0.0470486

3 -0.0633158
3.00126 -0.0625

3.00121 -0.0625
3.01562 -0.0528486

-2.125 0.0637751
-2.12038 0.0625

-2.05469 0.0450478
-2.06177 0.046875

-2.05469 0.0450362
-2.04688 0.043033

-2.04688 0.043033
-2.03906 0.0410472

-2.03906 0.0410482
-2.03125 0.039078

3.01562 -0.0528439
3.02344 -0.0475705

3.02344 -0.0475734
3.02449 -0.046875

0.25 -0.200075
0.257812 -0.200656

0.257812 -0.200656
0.265625 -0.201231

0.265625 -0.201231
0.273438 -0.201798

0.273438 -0.201798
0.28125 -0.202359

3.02446 -0.046875
3.03125 -0.0422631

3.03125 -0.0422648
3.03594 -0.0390625

-2.02344 0.0371223
-2.03119 0.0390625

-2.02344 0.0371228
-2.01562 0.0351833

0.296875 -0.203432
0.292486 -0.203125

0.28125 -0.202359
0.289062 -0.202911

3.03593 -0.0390625
3.03906 -0.0369317

3.03906 -0.0369271
3.04688 -0.0315554

-2.01562 0.0351829
-2.00781 0.0332584

-2.00781 0.0332572
-2 0.0313512

0.289062 -0.202949
0.291585 -0.203125

0.296875 -0.203456
0.304688 -0.203999

0.304688 -0.203999
0.3125 -0.204538

0.3125 -0.204538
0.320312 -0.205073

0.320312 -0.205073
0.328125 -0.205602

0.328125 -0.205603
0.335938 -0.206127

0.335938 -0.206127
0.34375 -0.206645

3.04688 -0.0315667
3.04734 -0.03125

3.04732 -0.03125
3.05469 -0.0261485

0.34375 -0.206645
0.351562 -0.207158

0.351562 -0.207158
0.359375 -0.207663

0.359375 -0.207663
0.367188 -0.208162

0.367188 -0.208162
0.375 -0.208653

3.05469 -0.0261435
3.05858 -0.0234375

3.05859 -0.0234375
3.0625 -0.0207134

-1.85938 -0.000362731
-1.8611 0

3.0625 -0.0207066
3.06975 -0.015625

3.06975 -0.015625
3.07031 -0.0152329

0.375 -0.208653
0.382812 -0.209136

3.07031 -0.0152271
3.07812 -0.00971291

-1.85938 -0.000401358
-1.85156 -0.0020273

-1.85156 -0.00202819
-1.84375 -0.00364101

0.382812 -0.209137
0.390625 -0.209611

0.390625 -0.209611
0.398438 -0.210075

-1.84375 -0.00364149
-1.83594 -0.00523846

-1.83594 -0.00523917
-1.82812 -0.00681791

-1.82031 -0.0083313
-1.82291 -0.0078125

-1.82812 -0.00684242
-1.82327 -0.0078125

-1.82031 -0.00837806
-1.8125 -0.00992817

-1.8125 -0.00992859
-1.80469 -0.0114667

-1.80469 -0.0114671
-1.79688 -0.0129917

3.07812 -0.0096944
3.08082 -0.0078125

3.0808 -0.0078125
3.08594 -0.00416598

0.398438 -0.210075
0.40625 -0.21053

0.414062 -0.210969
0.41351 -0.210938

-1.78125 -0.0159588
-1.78299 -0.015625

0.40625 -0.210531
0.413364 -0.210938

3.08594 -0.00415953
3.09176 0

-1.79688 -0.0129922
-1.78906 -0.0145016

-1.78906 -0.0145124
-1.78325 -0.015625

-1.78125 -0.0159948
-1.77344 -0.0174784

0.414062 -0.210976
0.421875 -0.211415

0.421875 -0.211416
0.429688 -0.211848

0.429688 -0.211848
0.4375 -0.212274

0.4375 -0.212274
0.445312 -0.212694

0.445312 -0.212694
0.453125 -0.213106

0.453125 -0.213106
0.460938 -0.213512

0.460938 -0.213512
0.46875 -0.213909

-1.77344 -0.0174788
-1.76562 -0.018952

-1.76562 -0.0189524
-1.75781 -0.0204136

-1.75781 -0.0204136
-1.75 -0.0218619

3.25781 -0.0481587
3.25653 -0.046875

0.46875 -0.213909
0.476562 -0.214298

0.476562 -0.214298
0.484375 -0.214678

0.484375 -0.214678
0.492188 -0.215049

0.492188 -0.215049
0.5 -0.215411

3.09175 0
3.09375 0.00139814

3.09375 0.00142167
3.10156 0.00703673

3.10156 0.0070385
3.10265 0.0078125

3.10263 0.0078125
3.10938 0.0126832

3.10938 0.0126976
3.11342 0.015625

3.11343 0.015625
3.11719 0.01834

3.11719 0.0183607
3.12414 0.0234375

3.12414 0.0234375
3.125 0.0240559

-1.75 -0.0218638
-1.74219 -0.0232953

-1.73438 -0.024702
-1.74133 -0.0234375

-1.73438 -0.0247123
-1.72656 -0.026125

0.5 -0.215411
0.507812 -0.215764

-1.72656 -0.0261253
-1.71875 -0.0275267

3.125 0.0240687
3.13281 0.0298045

-1.69531 -0.0316124
-1.69739 -0.03125

0.507812 -0.215764
0.515625 -0.216106

3.13281 0.0298239
3.13478 0.03125

-1.69531 -0.031651
-1.6875 -0.0330034

-1.71875 -0.0275271
-1.71094 -0.0289158

0.515625 -0.216106
0.523438 -0.216438

3.13478 0.03125
3.14062 0.0355649

-1.71094 -0.0289161
-1.70312 -0.0302907

3.14062 0.0355792
3.14533 0.0390625

0.523438 -0.216438
0.53125 -0.216759

3.14534 0.0390625
3.14844 0.0413252

-1.70312 -0.0303054
-1.69771 -0.03125

3.14844 0.0413615
3.15584 0.046875

0.53125 -0.216759
0.539062 -0.217069

0.539062 -0.217069
0.546875 -0.217367

0.546875 -0.217367
0.554688 -0.217653

0.554688 -0.217653
0.5625 -0.217927

0.59375 -0.218884
0.589054 -0.21875

0.5625 -0.217927
0.570312 -0.218188

0.570312 -0.218188
0.578125 -0.218436

3.15586 0.046875
3.15625 0.047163

0.578125 -0.218436
0.585938 -0.218671

-1.6875 -0.0330039
-1.67969 -0.0343468

-1.67969 -0.0343473
-1.67188 -0.0356788

-1.67188 -0.0356791
-1.66406 -0.0369976

-1.66406 -0.0369981
-1.65625 -0.0383022

3.15625 0.0471767
3.16406 0.0530111

3.16406 0.0530392
3.1663 0.0546875

0.585938 -0.218689
0.588079 -0.21875

0.59375 -0.218893
0.601562 -0.219106

0.601562 -0.219106
0.609375 -0.219307

0.609375 -0.219307
0.617188 -0.219497

0.617188 -0.219497
0.625 -0.219675

0.625 -0.219675
0.632812 -0.219842

0.632812 -0.219842
0.640625 -0.219997

0.640625 -0.219997
0.648438 -0.22014

0.648438 -0.22014
0.65625 -0.22027

0.65625 -0.22027
0.664062 -0.220389

0.664062 -0.220389
0.671875 -0.220494

0.671875 -0.220494
0.679688 -0.220587

0.679688 -0.220587
0.6875 -0.220667

-1.64844 -0.0395485
-1.65138 -0.0390625

-1.65625 -0.0383305
-1.65182 -0.0390625

-1.64844 -0.0395924
-1.64062 -0.0408753

-1.64062 -0.0408757
-1.63281 -0.0421488

0.6875 -0.220667
0.695312 -0.220734

0.695312 -0.220734
0.703125 -0.220788

0.703125 -0.220788
0.710938 -0.220829

0.710938 -0.220829
0.71875 -0.220857

-1.63281 -0.0421489
-1.625 -0.043411

3.16631 0.0546875
3.17188 0.0588592

-1.625 -0.043411
-1.61719 -0.0446617

0.71875 -0.220857
0.726562 -0.220871

0.726562 -0.220871
0.734375 -0.220872

-1.61719 -0.0446622
-1.60938 -0.0459003

3.17188 0.0588805
3.17669 0.0625

0.734375 -0.220872
0.742188 -0.22086

0.742188 -0.22086
0.75 -0.220834

-1.60156 -0.0470975
-1.60298 -0.046875

-1.60156 -0.0471247
-1.59375 -0.0483417

-1.60938 -0.0459065
-1.6032 -0.046875

-1.59375 -0.0483422
-1.58594 -0.0495511

3.1767 0.0625
3.17969 0.0646991

3.17969 0.0647455
3.18707 0.0703125

3.18709 0.0703125
3.1875 0.0706182

3.1875 0.0706347
3.19531 0.0765326

0.75 -0.220834
0.757812 -0.220795

-1.58594 -0.0495517
-1.57812 -0.0507504

3.19531 0.0765616
3.19741 0.078125

-1.57812 -0.0507505
-1.57031 -0.0519376

0.757812 -0.220795
0.765625 -0.220744

-1.57031 -0.0519374
-1.5625 -0.053113

3.19743 0.078125
3.20312 0.0824324

3.20312 0.0824604
3.20772 0.0859375

3.20775 0.0859375
3.21094 0.0883107

3.21094 0.0883613
3.21805 0.09375

3.21807 0.09375
3.21875 0.0942624

0.765625 -0.220744
0.773438 -0.220678

0.773438 -0.220678
0.78125 -0.2206

-1.5625 -0.0531141
-1.55469 -0.0542764

-1.54688 -0.0553917
-1.55165 -0.0546875

-1.55469 -0.0543384
-1.55232 -0.0546875

-1.54688 -0.0554265
-1.53906 -0.0565708

-1.53906 -0.0565711
-1.53125 -0.0577058

-1.53125 -0.0577062
-1.52344 -0.0588301

3.21875 0.0942834
3.22656 0.100201

3.22656 0.100232
3.22834 0.101562

3.22837 0.101562
3.23438 0.106106

3.23438 0.106144
3.23866 0.109375

3.2387 0.109375
3.24219 0.111978

3.24219 0.112032
3.24901 0.117188

3.24904 0.117188
3.25 0.11791

-1.52344 -0.0588303
-1.51562 -0.0599424

-1.51562 -0.0599423
-1.50781 -0.0610421

0.78125 -0.2206
0.789062 -0.220509

3.25 0.117937
3.25781 0.123822

-1.50781 -0.0610431
-1.5 -0.0621289

0.789062 -0.220509
0.796875 -0.220406

3.25781 0.123856
3.25936 0.125

0.796875 -0.220406
0.804688 -0.220289

-1.99219 0.0294663
-1.99956 0.03125

-1.99219 0.0294621
-1.98438 0.0275839

0.804688 -0.220289
0.8125 -0.220159

0.8125 -0.220159
0.820312 -0.220017

0.820312 -0.220017
0.828125 -0.219862

-1.98438 0.0275838
-1.97656 0.0257203

-1.97656 0.0257182
-1.96875 0.0238739

-1.96094 0.0220853
-1.96671 0.0234375

-1.96875 0.0237457
-1.96743 0.0234375

-1.96094 0.0220474
-1.95312 0.0202303

-1.95312 0.0202302
-1.94531 0.0184281

-1.94531 0.0184272
-1.9375 0.0166422

-1.92969 0.0149272
-1.93277 0.015625

0.828125 -0.219862
0.835938 -0.219694

-1.92969 0.0148743
-1.92188 0.0131172

3.2594 0.125
3.26562 0.129673

0.835938 -0.219694
0.84375 -0.219513

-1.9375 0.0166055
-1.93317 0.015625

0.84375 -0.219513
0.851562 -0.219321

0.851562 -0.219321
0.859375 -0.219116

-1.92188 0.0131164
-1.91406 0.0113734

0.859375 -0.219116
0.867188 -0.218898

3.26562 0.129716
3.26978 0.132812

0.867188 -0.218906
0.872538 -0.21875

-1.91406 0.0113735
-1.90625 0.00964609

-1.90625 0.00964457
-1.89844 0.00793566

0.871765 -0.21875
0.875 -0.218655

-1.89062 0.00624981
-1.89783 0.0078125

0.875 -0.218768
0.875573 -0.21875

0.875 -0.218669
0.882812 -0.21843

3.26984 0.132812
3.27344 0.135474

3.27344 0.135529
3.28029 0.140625

3.28032 0.140625
3.28125 0.141309

3.28125 0.14134
3.28906 0.147101

0.882812 -0.218431
0.890625 -0.218183

0.890625 -0.218183
0.898438 -0.217925

-1.89062 0.006243
-1.88281 0.00455897

-1.88281 0.00455858
-1.875 0.0028892

3.28906 0.147149
3.29085 0.148438

3.29091 0.148438
3.29688 0.152796

3.29688 0.152835
3.30158 0.15625

3.30165 0.15625
3.30469 0.158423

-1.875 0.00288889
-1.86719 0.00123559

-1.86719 0.00122426
-1.86135 0

0.898438 -0.217925
0.90625 -0.217657

0.90625 -0.217657
0.914062 -0.217379

3.30469 0.158482
3.31247 0.164062

3.3125 0.164084
3.32031 0.16961

3.32031 0.169662
3.3235 0.171875

3.32361 0.171875
3.32812 0.175029

3.32812 0.175073
3.33483 0.179688

3.33485 0.179688
3.33594 0.180416

3.33594 0.180452
3.34375 0.185738

0.914062 -0.217379
0.921875 -0.217093

0.921875 -0.217093
0.929688 -0.216796

0.929688 -0.216796
0.9375 -0.21649

-1.49219 -0.0631712
-1.49707 -0.0625

-1.49219 -0.0632018
-1.48438 -0.0642684

0.9375 -0.21649
0.945312 -0.216175

0.945312 -0.216175
0.953125 -0.21585

0.953125 -0.21585
0.960938 -0.215516

0.960938 -0.215516
0.96875 -0.215173

3.34375 0.185796
3.34633 0.1875

3.34645 0.1875
3.35156 0.190897

3.35156 0.190937
3.35826 0.195312

3.35829 0.195312
3.35938 0.196003

3.35938 0.196036
3.36719 0.201029

3.36719 0.201071
3.37047 0.203125

3.3706 0.203125
3.375 0.205879

0.96875 -0.215173
0.976562 -0.214822

0.976562 -0.214821
0.984375 -0.214461

-1.48438 -0.0642685
-1.47656 -0.0653256

3.375 0.205921
3.38281 0.210708

-1.47656 -0.065326
-1.46875 -0.0663726

0.984375 -0.214461
0.992188 -0.214093

-1.46875 -0.0663729
-1.46094 -0.0674078

3.38281 0.21074
3.38315 0.210938

-1.46094 -0.0674077
-1.45312 -0.0684304

0.992188 -0.214093
1 -0.213716

3.3832 0.210938
3.39062 0.215377

-1.45312 -0.0684302
-1.44531 -0.0694411

-1.4375 -0.070426
-1.43839 -0.0703125

-1.44531 -0.0694432
-1.43852 -0.0703125

-1.5 -0.0621863
-1.49772 -0.0625

3.39062 0.215388
3.39638 0.21875

3.39643 0.21875
3.39844 0.219924

3.39844 0.219946
3.40625 0.224389

3.40625 0.224415
3.41013 0.226562

3.41023 0.226562
3.41406 0.228683

1 -0.213716
1.00781 -0.213332

-1.4375 -0.07044
-1.42969 -0.0714306

-1.42969 -0.071431
-1.42188 -0.0724134

1.00781 -0.213332
1.01562 -0.21294

3.41406 0.228716
3.42188 0.232917

1.01562 -0.21294
1.02344 -0.212542

-1.42188 -0.072413
-1.41406 -0.0733868

1.02344 -0.212542
1.03125 -0.212136

3.42188 0.232953
3.4246 0.234375

3.42472 0.234375
3.42969 0.236969

-1.41406 -0.0733869
-1.40625 -0.0743525

1.03125 -0.212136
1.03906 -0.211725

3.42969 0.236994
3.4375 0.240953

-1.40625 -0.0743528
-1.39844 -0.0753095

-1.39844 -0.0753098
-1.39062 -0.0762564

1.03906 -0.211725
1.04688 -0.211307

1.04688 -0.211308
1.05375 -0.210938

3.4375 0.240977
3.43997 0.242188

3.44004 0.242188
3.44531 0.244777

3.44531 0.24479
3.45312 0.248508

3.45312 0.248514
3.45635 0.25

1.05353 -0.210938
1.05469 -0.210875

3.45638 0.25
3.46094 0.252103

3.46094 0.252107
3.46875 0.255595

-1.39062 -0.0762564
-1.38281 -0.0771925

3.46875 0.255592
3.47389 0.257812

1.05469 -0.21097
1.05528 -0.210938

3.47388 0.257812
3.47656 0.258973

-1.38281 -0.0771918
-1.375 -0.0781185

3.47656 0.258971
3.48438 0.262238

1.05469 -0.210883
1.0625 -0.210459

-1.36719 -0.0790374
-1.37494 -0.078125

3.48438 0.262234
3.49219 0.265397

-1.36719 -0.0790368
-1.35938 -0.0799496

3.49219 0.265351
3.49289 0.265625

3.49275 0.265625
3.5 0.268464

1.0625 -0.21046
1.07031 -0.210034

1.07031 -0.210034
1.07812 -0.209607

1.07812 -0.209607
1.08594 -0.209179

1.08594 -0.209179
1.09375 -0.208751

1.09375 -0.208751
1.10156 -0.208322

1.10156 -0.208322
1.10938 -0.207892

1.10938 -0.207892
1.11719 -0.207463

1.11719 -0.207463
1.125 -0.207034

-1.35938 -0.0799499
-1.35156 -0.0808569

-1.35156 -0.0808573
-1.34375 -0.0817571

1.125 -0.207034
1.13281 -0.206606

1.13281 -0.206606
1.14062 -0.20618

1.14062 -0.206179
1.14844 -0.205754

1.14844 -0.205754
1.15625 -0.205331

-1.34375 -0.0817573
-1.33594 -0.0826486

-1.33594 -0.0826486
-1.32812 -0.083531

1.15625 -0.205331
1.16406 -0.20491

1.16406 -0.20491
1.17188 -0.204493

1.17188 -0.204493
1.17969 -0.204079

1.17969 -0.204078
1.1875 -0.203669

-1.32812 -0.0835309
-1.32031 -0.0844046

-1.32031 -0.0844049
-1.3125 -0.0852694

1.1875 -0.203669
1.19531 -0.203264

1.19531 -0.203281
1.19837 -0.203125

1.1978 -0.203125
1.20312 -0.202853

1.20312 -0.202864
1.21094 -0.202473

1.21094 -0.202473
1.21875 -0.202091

1.21875 -0.202091
1.22656 -0.201718

-1.30469 -0.0861064
-1.30623 -0.0859375

3.5 0.268458
3.50781 0.27141

-1.3125 -0.0852739
-1.30644 -0.0859375

1.22656 -0.201718
1.23438 -0.201353

1.23438 -0.201353
1.24219 -0.200996

3.50781 0.271404
3.51339 0.273438

-1.30469 -0.0861241
-1.29688 -0.0869732

1.24219 -0.200996
1.25 -0.200649

-1.29688 -0.0869735
-1.28906 -0.0878163

3.51334 0.273438
3.51562 0.274269

3.51562 0.274259
3.52344 0.277007

3.52344 0.277005
3.53125 0.279656

3.53125 0.279648
3.53615 0.28125

-1.28906 -0.0878163
-1.28125 -0.088652

-1.28125 -0.088652
-1.27344 -0.0894806

3.53607 0.28125
3.53906 0.282228

3.53906 0.282213
3.54688 0.284674

3.54688 0.284672
3.55469 0.287043

3.55469 0.287043
3.56159 0.289062

-1.27344 -0.0894807
-1.26562 -0.0903023

-1.26562 -0.0903026
-1.25781 -0.0911165

1.25 -0.200649
1.25781 -0.200311

1.25781 -0.200311
1.26562 -0.199981

3.56157 0.289062
3.5625 0.289336

3.5625 0.289328
3.57031 0.291528

3.57031 0.291528
3.57812 0.293643

3.57812 0.293641
3.58594 0.295676

3.58594 0.295668
3.59076 0.296875

3.59067 0.296875
3.59375 0.297647

3.59375 0.297633
3.60156 0.299514

1.26562 -0.199981
1.27344 -0.199661

1.27344 -0.199661
1.28125 -0.19935

-1.25781 -0.0911166
-1.25 -0.091922

3.60156 0.299513
3.60938 0.30132

3.60938 0.30132
3.61719 0.303057

1.28125 -0.19935
1.28906 -0.199049

1.28906 -0.199049
1.29688 -0.198758

1.29688 -0.198758
1.30469 -0.198477

1.30469 -0.198477
1.3125 -0.198206

3.61719 0.303055
3.62482 0.304688

3.6248 0.304688
3.625 0.304731

1.3125 -0.198206
1.32031 -0.197946

1.32031 -0.197946
1.32812 -0.197697

-1.22656 -0.0942656
-1.23172 -0.09375

3.625 0.304682
3.62503 0.304688

-1.22656 -0.0942853
-1.21875 -0.0950616

1.32812 -0.197697
1.33594 -0.19746

3.625 0.304729
3.63281 0.306333

1.33594 -0.19746
1.34375 -0.197234

-1.25 -0.0919218
-1.24219 -0.0927186

1.34375 -0.197234
1.35156 -0.197021

3.63281 0.306331
3.64062 0.307867

3.64062 0.307866
3.64844 0.309341

-1.24219 -0.0927193
-1.23438 -0.0935065

1.35156 -0.19702
1.35938 -0.19682

1.35938 -0.196819
1.36719 -0.196631

-1.23438 -0.0935497
-1.23237 -0.09375

-1.21875 -0.0950617
-1.21094 -0.0958328

1.36719 -0.196631
1.375 -0.196457

-1.21094 -0.0958329
-1.20312 -0.0965983

1.375 -0.196457
1.38281 -0.196296

1.38281 -0.196296
1.39062 -0.19615

1.39062 -0.196149
1.39844 -0.196018

1.39844 -0.196018
1.40625 -0.195901

1.40625 -0.195901
1.41406 -0.1958

1.41406 -0.1958
1.42188 -0.195716

1.42188 -0.195715
1.42969 -0.195647

1.42969 -0.195647
1.4375 -0.195597

-1.20312 -0.0965986
-1.19531 -0.0973575

-1.19531 -0.0973576
-1.1875 -0.0981092

3.64844 0.309341
3.65625 0.310758

3.65625 0.310757
3.66406 0.312119

1.4375 -0.195597
1.44531 -0.195564

1.44531 -0.195564
1.45312 -0.19555

1.45312 -0.19555
1.46094 -0.195555

1.46094 -0.195555
1.46875 -0.19558

3.66406 0.312108
3.66641 0.3125

3.6663 0.3125
3.67188 0.313433

3.67188 0.313426
3.67969 0.314676

1.46875 -0.19558
1.47656 -0.195625

3.67969 0.314675
3.6875 0.315871

-1.1875 -0.0981095
-1.17969 -0.0988532

-1.17969 -0.0988531
-1.17188 -0.0995883

3.6875 0.31587
3.69531 0.317017

3.69531 0.317016
3.70312 0.318114

3.70312 0.318114
3.71094 0.319165

3.71094 0.319165
3.71875 0.320171

3.71875 0.320164
3.71995 0.320312

3.71988 0.320312
3.72656 0.321135

1.47656 -0.195625
1.48438 -0.195692

3.72656 0.321133
3.73438 0.322047

-1.17188 -0.0995882
-1.16406 -0.100315

1.48438 -0.195692
1.49219 -0.19578

3.73438 0.322047
3.74219 0.322918

1.49219 -0.19578
1.5 -0.195891

-1.16406 -0.100316
-1.15625 -0.101035

-1.14844 -0.101728
-1.15026 -0.101562

-1.15625 -0.10104
-1.15051 -0.101562

3.74219 0.322918
3.75 0.323745

-1.14844 -0.101745
-1.14062 -0.102452

-1.14062 -0.102452
-1.13281 -0.103155

1.5 -0.195891
1.50781 -0.196025

1.50781 -0.196025
1.51562 -0.196183

1.51562 -0.196183
1.52344 -0.196365

1.52344 -0.196365
1.53125 -0.196572

-1.13281 -0.103155
-1.125 -0.103852

3.75 0.323745
3.75781 0.324529

3.75781 0.324529
3.76562 0.325272

3.76562 0.32528
3.78125 0.326649

3.78125 0.32664
3.79688 0.327874

1.53125 -0.196572
1.53906 -0.196805

3.79688 0.32787
3.80036 0.328125

-1.125 -0.103852
-1.11719 -0.104544

3.80036 0.328125
3.80469 0.328441

1.53906 -0.196805
1.54688 -0.197064

-1.11719 -0.104545
-1.10938 -0.105232

3.80469 0.32844
3.8125 0.328979

-1.10938 -0.105232
-1.10156 -0.105914

3.8125 0.328978
3.82031 0.329489

3.82031 0.329489
3.82812 0.329972

3.82812 0.329972
3.83594 0.330426

3.83594 0.330426
3.84375 0.330849

1.54688 -0.197064
1.55469 -0.197349

1.55469 -0.197349
1.5625 -0.197661

-1.10156 -0.105915
-1.09375 -0.106591

-1.09375 -0.106591
-1.08594 -0.107261

3.84375 0.330848
3.85156 0.331243

3.85156 0.331243
3.85938 0.33161

1.5625 -0.197661
1.57031 -0.198001

1.57031 -0.198001
1.57812 -0.198368

-1.08594 -0.107261
-1.07812 -0.107923

3.85938 0.33161
3.86719 0.331949

-1.07812 -0.107923
-1.07031 -0.108579

1.57812 -0.198368
1.58594 -0.198763

1.58594 -0.198763
1.59375 -0.199187

3.86719 0.331949
3.875 0.332261

1.59375 -0.199187
1.60156 -0.199639

-1.07031 -0.10858
-1.0625 -0.109227

-1.05469 -0.109854
-1.06051 -0.109375

-1.05469 -0.109868
-1.04688 -0.110507

-1.0625 -0.109277
-1.06131 -0.109375

-1.04688 -0.110507
-1.03906 -0.111142

-1.03906 -0.111142
-1.03125 -0.111774

-1.03125 -0.111774
-1.02344 -0.112402

3.875 0.332261
3.88281 0.332545

3.88281 0.332545
3.89062 0.3328

3.89062 0.3328
3.89844 0.333027

3.89844 0.333027
3.90625 0.333227

3.90625 0.333227
3.91406 0.3334

3.91406 0.3334
3.92188 0.333546

1.60156 -0.199639
1.60938 -0.20012

1.60938 -0.20012
1.61719 -0.20063

-1.02344 -0.112402
-1.01562 -0.113025

-1.01562 -0.113025
-1.00781 -0.113643

-1.00781 -0.113643
-1 -0.114256

1.61719 -0.20063
1.625 -0.201169

3.92188 0.333545
3.92969 0.333665

3.92969 0.333665
3.9375 0.333759

1.625 -0.201169
1.63281 -0.201736

3.9375 0.333759
3.94531 0.333829

3.94531 0.333829
3.95312 0.333874

3.95312 0.333874
3.96094 0.333896

3.96094 0.333895
3.96875 0.333896

3.96875 0.333895
3.97656 0.333878

3.97656 0.333876
3.98438 0.333848

3.98438 0.333846
3.99219 0.333812

3.99219 0.333803
4 0.333786

1.63281 -0.201736
1.64062 -0.202333

1.65625 -0.203601
1.65057 -0.203125

1.64062 -0.202333
1.64844 -0.202958

1.64844 -0.202991
1.65004 -0.203125

1.65625 -0.203611
1.66406 -0.204297

1.66406 -0.204297
1.67188 -0.205015

1.67188 -0.205015
1.67969 -0.205765

1.67969 -0.205765
1.6875 -0.206547

1.6875 -0.206547
1.69531 -0.20736

1.69531 -0.20736
1.70312 -0.208204

1.70312 -0.208204
1.71094 -0.209078

1.71094 -0.209078
1.71875 -0.209982

1.71875 -0.209982
1.72656 -0.210915

1.73438 -0.211877
1.72676 -0.210938

1.72656 -0.210926
1.72665 -0.210938

1.73438 -0.211877
1.74219 -0.212874

1.74219 -0.212874
1.75 -0.213903

1.95312 -0.25056
1.95059 -0.25

1.95312 -0.250719
1.96094 -0.25247

1.96094 -0.252471
1.96875 -0.254243

1.96875 -0.254243
1.97656 -0.25603

1.97656 -0.256031
1.9843 -0.257812

1.98438 -0.257826
1.99219 -0.259642

1.99219 -0.259645
2 -0.261479

1.75 -0.213904
1.75781 -0.214965

1.75781 -0.214965
1.76562 -0.216056

1.76562 -0.216056
1.77344 -0.217177

1.77344 -0.217179
1.78125 -0.218327

1.78906 -0.219401
1.78474 -0.21875

1.78906 -0.219501
1.79688 -0.220712

1.79688 -0.220712
1.80469 -0.221955

1.80469 -0.221956
1.8125 -0.223228

1.78125 -0.218539
1.78265 -0.21875

