-0.0625 0.459547
-0.046875 0.459212

-0.046875 0.459128
-0.03125 0.458818

-0.03125 0.458706
-0.015625 0.458813

-0.015625 0.458729
0 0.459645

2.13837 -0.5
2.14062 -0.493883

2.14062 -0.493982
2.15625 -0.489476

-4 -0.248009
-3.98438 -0.244496

-3.98438 -0.245137
-3.96875 -0.238709

-3.96875 -0.238911
-3.96219 -0.234375

-3.96116 -0.234375
-3.95312 -0.226864

-3.95312 -0.22686
-3.94713 -0.21875

-3.94775 -0.21875
-3.94164 -0.203125

-3.94236 -0.203125
-3.94023 -0.1875

-3.94058 -0.1875
-3.9403 -0.171875

-3.94052 -0.171875
-3.94095 -0.15625

-3.94104 -0.15625
-3.94156 -0.140625

-3.94162 -0.140625
-3.94194 -0.125

-3.94196 -0.125
-3.94192 -0.109375

-3.94193 -0.109375
-3.94146 -0.09375

-3.94145 -0.09375
-3.94055 -0.078125

-3.94055 -0.078125
-3.93924 -0.0625

2.15625 -0.488237
2.16235 -0.5

-3.93925 -0.0625
-3.93751 -0.046875

-3.93753 -0.046875
-3.9375 -0.0466383

-3.9375 -0.0469736
-3.93749 -0.046875

-3.9375 -0.046749
-3.93531 -0.03125

-3.93534 -0.03125
-3.93259 -0.015625

-3.93263 -0.015625
-3.92918 0

0 -0.261011
0.0156187 -0.265625

0.015625 -0.265669
0.03125 -0.269092

0.015625 -0.265501
0.0161903 -0.265625

0.03125 -0.269059
0.046875 -0.271273

0.046875 -0.271238
0.0625 -0.272374

0.0625 -0.272358
0.078125 -0.272517

0.078125 -0.272509
0.09375 -0.27174

0.09375 -0.27173
0.109375 -0.270069

2.21875 -0.0943575
2.21831 -0.09375

-4 0.015247
-3.99965 0.015625

-3.99969 0.015625
-3.98627 0.03125

-3.98651 0.03125
-3.98438 0.0340943

-3.98438 0.0341489
-3.975 0.046875

-3.97516 0.046875
-3.96875 0.056485

-3.96875 0.0564931
-3.96478 0.0625

-3.96488 0.0625
-3.95495 0.078125

-3.95499 0.078125
-3.95312 0.0811201

-3.95312 0.0811525
-3.94514 0.09375

0.109375 -0.270063
0.125 -0.26754

0.125 -0.267526
0.133645 -0.265625

0.134133 -0.265625
0.140625 -0.264198

0.140625 -0.264125
0.15625 -0.259738

0.15625 -0.259743
0.171875 -0.254415

0.171875 -0.254439
0.182755 -0.25

0 -0.118713
0.015625 -0.115026

2.21875 -0.09375
2.20963 -0.078125

2.20992 -0.078125
2.20417 -0.0625

2.23438 -0.110994
2.23256 -0.109375

2.21875 -0.0943936
2.2324 -0.109375

-1.98438 -0.251754
-1.98677 -0.25

-1.98438 -0.252131
-1.96875 -0.262948

0.00146241 -0.109375
0.0115268 -0.09375

0.015625 -0.116295
0.03125 -0.114022

0.00860368 -0.09375
0.015625 -0.086464

0.015625 -0.0706252
0.00405084 -0.0625

0.015625 -0.0808677
0.0160252 -0.078125

0.015625 -0.0745192
0.0170715 -0.078125

0.03125 -0.114265
0.0386836 -0.109375

0.0383317 -0.109375
0.046875 -0.103052

0.046875 -0.0987001
0.0522557 -0.09375

0.046875 -0.0626572
0.0468316 -0.0625

0.0529871 -0.09375
0.0625 -0.0851815

0.0586072 -0.078125
0.0613661 -0.0625

0 -0.0562542
0.00743126 -0.0625

0 -0.000281754
0.000152664 0

0.046875 -0.04753
0.0467827 -0.046875

0.0625 -0.0604464
0.047728 -0.046875

0.0580901 -0.046875
0.0556886 -0.03125

0.06035 -0.03125
0.06215 -0.015625

0.0617809 -0.015625
0.0625 -0.00488108

0.0625 -0.0861492
0.0773609 -0.078125

0.0755298 -0.078125
0.078125 -0.0768518

-3.94523 0.09375
-3.9375 0.105527

-3.92923 0
-3.92491 0.015625

-3.92495 0.015625
-3.92188 0.0245539

-3.92188 0.0245804
-3.91958 0.03125

-3.91959 0.03125
-3.91304 0.046875

-3.91304 0.046875
-3.90625 0.0605208

-3.90625 0.0606688
-3.90534 0.0625

0.078125 -0.0811915
0.0828789 -0.078125

0.0824559 -0.078125
0.09375 -0.0630746

0.0625 -0.0561223
0.0708899 -0.046875

0.0625 -0.046132
0.0761115 -0.03125

0.0908027 -0.0625
0.0930297 -0.046875

0.0920845 -0.046875
0.09375 -0.0435473

0.0653121 -0.03125
0.078125 -0.0235134

0.0625 -0.00215646
0.078125 -0.00471576

0.078125 -0.0170348
0.0808017 -0.03125

0.0787956 -0.015625
0.080197 0

0.09375 -0.0485849
0.0941867 -0.046875

0.09375 -0.0431562
0.100887 -0.03125

0.10837 -0.03125
0.109375 -0.0291717

0.109375 -0.00338494
0.10826 0

-3.9375 0.105568
-3.93502 0.109375

-3.93509 0.109375
-3.92408 0.125

-3.90525 0.0625
-3.89627 0.078125

-1.95312 -0.272169
-1.96432 -0.265625

-1.96875 -0.263268
-1.96472 -0.265625

-1.95312 -0.272222
-1.9375 -0.279386

-1.92188 -0.284498
-1.93207 -0.28125

-1.92188 -0.284606
-1.90625 -0.286906

-1.9375 -0.279475
-1.93193 -0.28125

-1.90625 -0.287428
-1.89062 -0.285759

0.109375 -0.0284385
0.115076 -0.015625

0.109375 -0.00550571
0.112828 -0.015625

-1.89062 -0.286366
-1.88106 -0.28125

-1.87933 -0.28125
-1.875 -0.278381

-3.89623 0.078125
-3.89062 0.0867775

-1.78125 -0.499343
-1.76562 -0.497683

0.182944 -0.25
0.1875 -0.248141

-1.76562 -0.497012
-1.76448 -0.5

-3.89062 0.0869072
-3.88619 0.09375

-3.88614 0.09375
-3.875 0.109234

0.1875 -0.248119
0.203125 -0.240536

0.203125 -0.240564
0.213925 -0.234375

0.214044 -0.234375
0.21875 -0.231678

0.21875 -0.231681
0.234375 -0.221155

0.234375 -0.221126
0.237562 -0.21875

0.237657 -0.21875
0.25 -0.208784

0.25 -0.0223354
0.247426 -0.015625

0.247469 -0.015625
0.241772 0

0.25 -0.208719
0.256034 -0.203125

0.25643 -0.203125
0.265625 -0.192862

0.265625 -0.193217
0.270191 -0.1875

0.270308 -0.1875
0.279874 -0.171875

0.279944 -0.171875
0.28125 -0.168119

0.28125 -0.167776
0.285259 -0.15625

0.285042 -0.15625
0.286879 -0.140625

0.286728 -0.140625
0.285767 -0.125

0.28125 -0.105702
0.277802 -0.09375

0.277771 -0.09375
0.272275 -0.078125

0.272108 -0.078125
0.26601 -0.0625

0.285587 -0.125
0.282488 -0.109375

0.28125 -0.105771
0.28229 -0.109375

0.265625 -0.0616953
0.259719 -0.046875

0.25971 -0.046875
0.253502 -0.03125

0.265625 -0.0620687
0.265797 -0.0625

0.25 -0.0223859
0.2534 -0.03125

0 0.01272
0.00334399 0

0 0.0285687
0.00130603 0.03125

0.00307266 0.03125
0.015625 0.039925

0.00943373 0.046875
0.0134932 0.0625

0.015625 0.0404143
0.0185378 0.046875

0.015625 0.0597139
0.0158751 0.0625

0.0600658 0
0.0580085 0.015625

0.0556546 0.015625
0.0577014 0.03125

0.046875 0.0480219
0.0410136 0.0625

0.0514138 0.03125
0.058803 0.046875

0.0489729 0.046875
0.0577783 0.0625

0.00909873 0.0625
0.0105941 0.078125

0.015625 0.0796217
0.00945321 0.09375

0.015625 0.087796
0.0209254 0.078125

0 0.0963287
0.00298157 0.09375

0.0380211 0.0625
0.0443268 0.078125

0.0386083 0.078125
0.046875 0.082174

0.062014 0.0625
0.0471467 0.078125

0.046875 0.114886
0.0393425 0.125

0.0625 0.0988233
0.0526912 0.109375

0.046875 0.114984
0.0513099 0.109375

0.0767926 0
0.064504 0.015625

0.0722236 0.015625
0.0638091 0.03125

0.0625 0.0344761
0.0637191 0.03125

0.09375 0.0588211
0.0922331 0.0625

0.103011 0
0.0989555 0.015625

0.101666 0.015625
0.101014 0.03125

0.101198 0.03125
0.0981599 0.046875

0.09375 0.0581436
0.0984416 0.046875

0.078125 0.0812719
0.0681333 0.09375

0.0918804 0.0625
0.0814563 0.078125

0.078125 0.0814162
0.080781 0.078125

0.0625 0.0986804
0.0671416 0.09375

0.0386036 0.125
0.0332258 0.140625

0.0338472 0.140625
0.0351078 0.15625

0.0364457 0.15625
0.0404261 0.171875

0.0372676 0.171875
0.046875 0.186882

0.046875 0.185089
0.0491704 0.1875

0.0487446 0.1875
0.0625 0.19672

0.0625 0.195326
0.078125 0.199542

0.078125 0.198919
0.09375 0.20071

0.09375 0.200374
0.109375 0.201658

0.109375 0.201369
0.122957 0.203125

-3.98438 0.249139
-3.98494 0.25

-3.96875 0.230185
-3.97287 0.234375

-3.98438 0.249211
-3.97269 0.234375

-3.95312 0.218236
-3.95386 0.21875

-3.95312 0.217674
-3.9375 0.20922

0.122704 0.203125
0.125 0.203422

0.234375 0.0214187
0.231165 0.03125

0.241749 0
0.236285 0.015625

-3.96875 0.230412
-3.95469 0.21875

-3.92415 0.125
-3.92188 0.128045

0.234375 0.0212046
0.236197 0.015625

0.231169 0.03125
0.226458 0.046875

0.226453 0.046875
0.222082 0.0625

-3.92188 0.127958
-3.91195 0.140625

-3.91189 0.140625
-3.90625 0.147252

-3.90625 0.147136
-3.89818 0.15625

-3.89797 0.15625
-3.89062 0.163952

-3.89062 0.163994
-3.88285 0.171875

-3.88258 0.171875
-3.875 0.179357

-3.9375 0.207496
-3.92188 0.206652

-3.92188 0.206258
-3.90625 0.217261

-1.875 -0.278351
-1.86454 -0.265625

-3.90625 0.218348
-3.90589 0.21875

0.21875 0.0756605
0.218132 0.078125

-3.90607 0.21875
-3.89585 0.234375

-1.86596 -0.265625
-1.86079 -0.25

-3.89727 0.234375
-3.8916 0.25

-2 -0.240263
-1.98683 -0.25

0.218077 0.078125
0.214787 0.09375

-3.87487 0.109375
-3.86259 0.125

-2 -0.0143345
-1.99267 0

-1.86199 -0.25
-1.85961 -0.234375

-1.86069 -0.234375
-1.85938 -0.229074

-1.85938 -0.229827
-1.85662 -0.21875

-1.85655 -0.21875
-1.84949 -0.203125

-1.84834 -0.203125
-1.84375 -0.193856

-1.84375 -0.193725
-1.84067 -0.1875

-1.83995 -0.1875
-1.83515 -0.171875

-1.83549 -0.171875
-1.83429 -0.15625

-1.83477 -0.15625
-1.83553 -0.140625

-1.83586 -0.140625
-1.83698 -0.125

-1.83716 -0.125
-1.83763 -0.109375

-1.83769 -0.109375
-1.83706 -0.09375

-1.83708 -0.09375
-1.83522 -0.078125

-1.8353 -0.078125
-1.83202 -0.0625

-1.83204 -0.0625
-1.82812 -0.0501302

-1.82812 -0.0498584
-1.82718 -0.046875

-1.82733 -0.046875
-1.82019 -0.03125

-1.82032 -0.03125
-1.8125 -0.0190853

-1.8125 -0.0189983
-1.81033 -0.015625

-1.81048 -0.015625
-1.79688 0

-1.79688 -0.000161492
-1.79671 0

-1.9928 0
-1.98667 0.015625

-1.98675 0.015625
-1.98438 0.023577

-1.98438 0.0235123
-1.98206 0.03125

-1.98222 0.03125
-1.97855 0.046875

-1.9787 0.046875
-1.97545 0.0625

-1.97574 0.0625
-1.97201 0.078125

-1.97234 0.078125
-1.96875 0.0885178

-1.96875 0.0883739
-1.96689 0.09375

-1.96752 0.09375
-1.95866 0.109375

-1.95888 0.109375
-1.95312 0.116509

-1.95312 0.116225
-1.9441 0.125

-1.94393 0.125
-1.9375 0.130006

-1.9375 0.129969
-1.92188 0.139269

-1.92188 0.138696
-1.91727 0.140625

-1.91769 0.140625
-1.90625 0.145421

-1.90625 0.145107
-1.89062 0.150342

-1.89062 0.150216
-1.875 0.154917

-1.79662 0
-1.78125 0.0139639

-1.78125 0.0135401
-1.77862 0.015625

-1.77846 0.015625
-1.76562 0.0256636

-1.76562 0.0254843
-1.75789 0.03125

-1.75788 0.03125
-1.75 0.0371474

-1.875 0.154897
-1.87016 0.15625

-1.87038 0.15625
-1.85938 0.15933

-1.85938 0.159285
-1.84375 0.163335

-1.84375 0.163329
-1.82812 0.167119

-1.82812 0.167093
-1.8125 0.170688

-1.8125 0.170638
-1.80718 0.171875

-1.80693 0.171875
-1.79688 0.17421

-1.79688 0.174066
-1.78125 0.178237

-1.78125 0.178124
-1.76562 0.183392

-1.76562 0.183422
-1.75587 0.1875

-1.75587 0.1875
-1.75 0.189951

-2 0.416595
-1.98438 0.41778

-1.98438 0.417779
-1.96875 0.418874

-1.96875 0.418871
-1.95312 0.419885

-1.95312 0.419879
-1.9375 0.420832

-1.9375 0.420864
-1.92188 0.421703

-1.92188 0.421804
-1.92033 0.421875

-1.91675 0.421875
-1.90625 0.422359

-1.90625 0.42239
-1.89062 0.423057

-1.89062 0.423072
-1.875 0.423664

2.23438 -0.111029
2.25 -0.122225

2.21875 -0.0935753
2.21885 -0.09375

2.20312 -0.0568148
2.20108 -0.046875

2.20117 -0.046875
2.2001 -0.03125

2.20312 -0.056901
2.20427 -0.0625

2.20016 -0.03125
2.20092 -0.015625

2.20097 -0.015625
2.20312 -0.00137989

2.20312 -0.00156881
2.20336 0

2.26101 -0.5
2.26562 -0.490689

2.26562 -0.494415
2.28125 -0.494284

2.28125 -0.490601
2.28595 -0.5

2.26562 -0.128982
2.25685 -0.125

2.26562 -0.128745
2.28125 -0.13287

2.28125 -0.132605
2.29688 -0.134533

2.29688 -0.134397
2.3125 -0.134927

2.3125 -0.134801
2.32812 -0.134457

2.32812 -0.134337
2.34375 -0.133614

2.34375 -0.13353
2.35938 -0.132835

2.35938 -0.132774
2.375 -0.132396

2.25 -0.121632
2.25742 -0.125

2.375 -0.132374
2.39062 -0.132478

2.39062 -0.132462
2.40625 -0.133123

2.40625 -0.13315
2.42188 -0.134345

2.42188 -0.134387
2.4375 -0.135978

2.4375 -0.136057
2.45312 -0.137801

2.45312 -0.137898
2.46875 -0.139444

2.46875 -0.139549
2.48438 -0.14049

2.48438 -0.140659
2.49019 -0.140625

2.48438 -0.140592
2.5 -0.140501

2.03125 0.124633
2.03082 0.125

2.03125 0.124405
2.04688 0.114252

2.04688 0.114821
2.0625 0.110132

2.07812 0.109321
2.07636 0.109375

2.0625 0.110191
2.07812 0.109715

2.07812 0.109454
2.09375 0.113596

-3.8625 0.125
-3.85938 0.128781

-3.85938 0.128798
-3.84934 0.140625

-3.84914 0.140625
-3.84375 0.146701

-3.875 0.179541
-3.86691 0.1875

-3.84375 0.146769
-3.83521 0.15625

-3.83493 0.15625
-3.82812 0.163524

-3.82812 0.1637
-3.82035 0.171875

-3.82007 0.171875
-3.8125 0.179675

-3.86652 0.1875
-3.85938 0.194605

-3.85938 0.194912
-3.85133 0.203125

-3.85092 0.203125
-3.84375 0.210705

-3.84375 0.211095
-3.83673 0.21875

-3.83623 0.21875
-3.82812 0.228077

-3.82812 0.228503
-3.82313 0.234375

-3.82269 0.234375
-3.8125 0.246963

-3.8125 0.179896
-3.80504 0.1875

-3.80477 0.1875
-3.79688 0.195467

-3.79688 0.195709
-3.78947 0.203125

-3.78924 0.203125
-3.78125 0.211083

-3.8125 0.247575
-3.8106 0.25

-3.78125 0.211306
-3.7737 0.21875

-3.77358 0.21875
-3.76562 0.226489

-3.76562 0.22669
-3.75753 0.234375

-3.75742 0.234375
-3.75 0.241283

-3.98459 0.25
-3.99277 0.265625

-3.9926 0.265625
-3.99779 0.28125

-4 0.294313
-3.99766 0.28125

-4 0.324193
-3.99962 0.328125

-3.99981 0.328125
-3.99567 0.34375

-3.99579 0.34375
-3.98849 0.359375

-3.98866 0.359375
-3.98438 0.365688

-3.98438 0.36554
-3.97743 0.375

-3.89167 0.25
-3.89062 0.253821

-3.89062 0.254183
-3.88751 0.265625

-3.88768 0.265625
-3.88417 0.28125

-3.88423 0.28125
-3.88092 0.296875

-1.875 0.423674
-1.85938 0.424139

-1.85938 0.424121
-1.84375 0.424474

-1.84375 0.424438
-1.82812 0.424786

-1.82812 0.424747
-1.8125 0.42524

-1.8125 0.425213
-1.79688 0.425981

-1.79688 0.425986
-1.78125 0.427074

-1.78125 0.42712
-1.76562 0.428425

-1.76562 0.428504
-1.75 0.429776

-1.75 0.0370436
-1.7373 0.046875

-1.73761 0.046875
-1.73438 0.0493943

-1.73438 0.0492753
-1.71875 0.0617468

-1.71875 0.0615597
-1.71758 0.0625

-1.71788 0.0625
-1.70312 0.0744

-1.70312 0.0744253
-1.69852 0.078125

-1.69848 0.078125
-1.6875 0.0870287

-1.6875 0.0872212
-1.67935 0.09375

-1.67935 0.09375
-1.67188 0.0996945

-1.67188 0.099879
-1.65993 0.109375

-1.65976 0.109375
-1.65625 0.112115

-1.65625 0.11235
-1.64062 0.124267

-1.64062 0.124486
-1.63992 0.125

-1.75 0.190089
-1.73438 0.197544

-1.73438 0.197719
-1.72339 0.203125

-1.7236 0.203125
-1.71875 0.205514

-1.71875 0.205486
-1.70312 0.212912

-1.70312 0.212875
-1.69026 0.21875

-1.69033 0.21875
-1.6875 0.220045

-1.63957 0.125
-1.625 0.135507

-1.6875 0.219987
-1.67188 0.226954

-1.67188 0.226935
-1.65625 0.233834

-1.65625 0.233793
-1.65483 0.234375

-1.65554 0.234375
-1.64062 0.240494

-1.64062 0.240312
-1.625 0.24609

2.09375 0.113484
2.10938 0.122984

-1.625 0.135738
-1.61772 0.140625

2.10938 0.123399
2.11133 0.125

2.01562 0.144668
2.01053 0.15625

2.03022 0.125
2.01661 0.140625

2.01562 0.144746
2.01744 0.140625

2.01081 0.15625
2.00852 0.171875

-1.61733 0.140625
-1.60938 0.145963

-1.60938 0.146112
-1.59375 0.155636

-1.59375 0.155808
-1.59296 0.15625

-1.59242 0.15625
-1.57812 0.164241

-1.57812 0.164282
-1.56356 0.171875

-1.56332 0.171875
-1.5625 0.172302

-1.625 0.246011
-1.61366 0.25

-1.5625 0.1723
-1.54688 0.180067

-1.54688 0.180033
-1.53173 0.1875

-1.53158 0.1875
-1.53125 0.187661

-1.53125 0.187664
-1.51562 0.195509

-1.51562 0.195519
-1.501 0.203125

-1.5006 0.203125
-1.5 0.203437

-3.88096 0.296875
-3.87762 0.3125

-3.87759 0.3125
-3.875 0.324397

-3.97674 0.375
-3.96875 0.383444

-3.96875 0.38356
-3.96116 0.390625

0.214772 0.09375
0.212207 0.109375

0.212135 0.109375
0.210468 0.125

0.21875 0.0755615
0.222025 0.0625

0.125 0.203274
0.140625 0.20684

0.140625 0.206635
0.15625 0.212394

0.15625 0.212321
0.167913 0.21875

0.168307 0.21875
0.171875 0.220716

0.171875 0.220696
0.1875 0.232783

0.210419 0.125
0.209889 0.140625

0.209843 0.140625
0.210642 0.15625

0.210581 0.15625
0.212924 0.171875

0.21287 0.171875
0.216987 0.1875

0.216922 0.1875
0.21875 0.192192

0.1875 0.233074
0.188933 0.234375

0.189145 0.234375
0.203125 0.248756

0.203125 0.249237
0.203778 0.25

0.21875 0.192115
0.223039 0.203125

0.222985 0.203125
0.23122 0.21875

0.231285 0.21875
0.234375 0.223536

0.234375 0.223446
0.241681 0.234375

0.241834 0.234375
0.25 0.244728

2.00859 0.171875
2.01023 0.1875

2.03125 0.125076
2.03135 0.125

2.01006 0.1875
2.01562 0.202501

2.0154 0.203125
2.01562 0.20352

2.01562 0.202693
2.01579 0.203125

2.01562 0.203596
2.0267 0.21875

2.02665 0.21875
2.03125 0.223388

2.03125 0.223397
2.04613 0.234375

2.04688 0.23379
2.04846 0.234375

2.04719 0.234375
2.0625 0.24002

2.11223 0.125
2.125 0.138766

2.0625 0.239852
2.07812 0.241485

2.07812 0.241519
2.09375 0.239236

2.10938 0.233325
2.10701 0.234375

2.09375 0.239385
2.10502 0.234375

2.10938 0.233471
2.125 0.219491

2.20339 0
2.20716 0.015625

2.20723 0.015625
2.21216 0.03125

2.21218 0.03125
2.21807 0.046875

2.2181 0.046875
2.21875 0.0483981

2.21875 0.0483641
2.22482 0.0625

2.22485 0.0625
2.23224 0.078125

2.2322 0.078125
2.23438 0.0823428

2.23438 0.0823281
2.24027 0.09375

2.24024 0.09375
2.2491 0.109375

2.24911 0.109375
2.25 0.110854

2.125 0.140066
2.12539 0.140625

2.12562 0.140625
2.13359 0.15625

2.13336 0.15625
2.13728 0.171875

2.13729 0.171875
2.13759 0.1875

2.13777 0.1875
2.13406 0.203125

2.13472 0.203125
2.12531 0.21875

2.125 0.219023
2.12523 0.21875

2 0.392873
2.01562 0.394122

2.01562 0.394144
2.03125 0.395627

2.03125 0.395654
2.04688 0.397277

2.04688 0.397306
2.0625 0.398958

2.0625 0.39898
2.07812 0.40056

2.07812 0.400573
2.09375 0.40201

2.09375 0.402014
2.10938 0.403273

2.10938 0.403268
2.125 0.404352

2.125 0.404347
2.14062 0.405276

2.14062 0.405282
2.15625 0.406052

2.15625 0.406057
2.16097 0.40625

2.16187 0.40625
2.17188 0.406659

2.17188 0.406618
2.1875 0.40727

-3.96091 0.390625
-3.95312 0.397346

-1.75 0.429849
-1.73438 0.430785

-3.95312 0.397314
-3.94206 0.40625

-3.94206 0.40625
-3.9375 0.409823

0 0.459659
0.015625 0.461527

-3.9375 0.409909
-3.92188 0.421741

2.1875 0.407259
2.20312 0.408053

2.20312 0.408059
2.21875 0.409003

0.015625 0.461695
0.03125 0.464154

-1.73438 0.430821
-1.71875 0.431205

-3.92188 0.421713
-3.92164 0.421875

-3.92188 0.422192
-3.90625 0.432355

-3.90625 0.433152
-3.89493 0.4375

-3.875 0.435721
-3.87844 0.4375

-3.89491 0.4375
-3.89062 0.439145

-3.89062 0.44033
-3.875 0.438603

-3.875 0.324389
-3.87419 0.328125

-3.87413 0.328125
-3.87086 0.34375

-3.87069 0.34375
-3.86798 0.359375

-3.86784 0.359375
-3.86631 0.375

-3.81004 0.25
-3.79859 0.265625

-3.79858 0.265625
-3.79688 0.268277

-3.79688 0.268309
-3.7885 0.28125

-3.78841 0.28125
-3.78125 0.2941

-3.78125 0.294486
-3.77993 0.296875

-3.7797 0.296875
-3.77259 0.3125

-3.77251 0.3125
-3.76722 0.328125

-3.76721 0.328125
-3.76562 0.335876

-3.76562 0.335483
-3.76394 0.34375

-3.76562 0.368333
-3.76783 0.375

-3.76354 0.34375
-3.76341 0.359375

-3.76562 0.367843
-3.76283 0.359375

-3.8662 0.375
-3.86637 0.390625

-3.8662 0.390625
-3.86863 0.40625

-3.87098 0.40625
-3.87132 0.421875

-3.86628 0.421875
-3.86949 0.4375

-3.875 0.44366
-3.85938 0.438758

-3.84981 0.4375
-3.85245 0.453125

-3.84684 0.453125
-3.84375 0.455294

-3.84375 0.452474
-3.82812 0.442052

-3.84375 0.456093
-3.82812 0.465104

-3.82812 0.442141
-3.8125 0.441356

-3.82812 0.46126
-3.8125 0.458999

-3.78176 0.390625
-3.78723 0.40625

-3.79688 0.436676
-3.80279 0.4375

-3.78571 0.40625
-3.78377 0.421875

-3.78166 0.421875
-3.78573 0.4375

-3.76902 0.375
-3.77859 0.390625

-3.78125 0.391555
-3.78092 0.390625

-3.77915 0.421875
-3.77685 0.4375

-3.81128 0.4375
-3.79697 0.453125

-3.8125 0.460587
-3.79767 0.453125

-3.78836 0.4375
-3.78908 0.453125

-3.78163 0.453125
-3.78125 0.453477

-3.77632 0.4375
-3.77535 0.453125

-3.78125 0.453927
-3.77542 0.46875

-3.77401 0.46875
-3.768 0.484375

-3.7676 0.484375
-3.76562 0.49793

-3.76562 0.497935
-3.76532 0.5

-3.75 0.241448
-3.74051 0.25

-3.6875 0.232557
-3.68779 0.234375

-3.6877 0.234375
-3.6875 0.23763

-3.65625 0.177907
-3.66703 0.1875

-3.64062 0.168245
-3.64677 0.171875

-3.65625 0.178348
-3.64584 0.171875

-3.64062 0.168812
-3.625 0.162667

-3.67188 0.193636
-3.67871 0.203125

-3.67869 0.203125
-3.68547 0.21875

-1.71875 0.431203
-1.70312 0.430964

2.21875 0.409016
2.23438 0.410071

2.23438 0.410091
2.25 0.411192

2.25 0.110986
2.25888 0.125

2.2587 0.125
2.26562 0.13442

2.26562 0.134407
2.27028 0.140625

2.27016 0.140625
2.28125 0.152842

2.28125 0.152696
2.28501 0.15625

2.28448 0.15625
2.29688 0.166463

2.29688 0.166442
2.30681 0.171875

2.30677 0.171875
2.3125 0.174929

2.3125 0.174822
2.32812 0.179107

2.32812 0.179094
2.34375 0.17946

2.34375 0.179472
2.35938 0.175919

2.375 0.168507
2.36809 0.171875

2.35938 0.175854
2.36754 0.171875

2.42188 0.12134
2.41892 0.125

2.4375 0.101995
2.43149 0.109375

2.42188 0.121242
2.43155 0.109375

2.48438 0.0520834
2.4734 0.0625

2.5 0.0381928
2.49011 0.046875

2.48438 0.0520047
2.49002 0.046875

2.45312 0.0837878
2.44447 0.09375

2.46875 0.0671259
2.4583 0.078125

2.45312 0.0838292
2.45827 0.078125

2.4375 0.102127
2.44442 0.09375

2.46875 0.067114
2.47337 0.0625

2.39062 0.156164
2.39052 0.15625

2.40625 0.140172
2.40585 0.140625

2.40625 0.140732
2.39074 0.15625

2.375 0.168372
2.39062 0.156561

2.40625 0.140076
2.41911 0.125

2.25 0.411221
2.26562 0.412269

2.26562 0.412298
2.28125 0.413178

2.28125 0.413203
2.29688 0.413809

2.29688 0.413823
2.3125 0.414077

2.25 0.498045
2.26255 0.484375

2.26562 0.48293
2.27023 0.484375

2.26904 0.484375
2.28125 0.495369

2.28125 0.494726
2.28318 0.5

2.3125 0.414078
2.32812 0.413948

2.32812 0.413937
2.34375 0.413443

2.34375 0.413429
2.35938 0.412619

2.35938 0.412615
2.375 0.411523

2.375 0.41153
2.39062 0.410152

2.39062 0.41018
2.40625 0.408446

2.42188 0.406138
2.4211 0.40625

2.42188 0.406061
2.4375 0.403488

2.40625 0.408509
2.42181 0.40625

2.4375 0.40347
2.45312 0.400981

2.45312 0.400961
2.46875 0.398632

2.46875 0.398529
2.48438 0.396603

2.48438 0.396461
2.5 0.395427

2.50011 -0.140625
2.51562 -0.139042

2.51562 -0.13926
2.53125 -0.135471

2.53125 -0.135836
2.54688 -0.128685

-3.67188 0.193668
-3.66691 0.1875

-3.6875 0.23257
-3.68528 0.21875

-3.6875 0.235515
-3.68659 0.25

0.03125 0.464496
0.046875 0.466526

-3.625 0.162882
-3.60938 0.159172

0.046875 0.466814
0.0625 0.467157

2.54688 -0.128474
2.55193 -0.125

2.5529 -0.125
2.5625 -0.116868

2.54688 -0.00407025
2.54297 0

2.5625 -0.0230502
2.55732 -0.015625

2.54688 -0.00390822
2.55714 -0.015625

2.5625 -0.116517
2.56861 -0.109375

2.5688 -0.109375
2.57747 -0.09375

2.57699 -0.09375
2.57812 -0.0886614

2.57812 -0.0887388
2.58049 -0.078125

-1.70312 0.430952
-1.6875 0.430117

2.58033 -0.078125
2.57985 -0.0625

-1.6875 0.430075
-1.67188 0.428749

-1.67188 0.428661
-1.65625 0.427105

-1.65625 0.426989
-1.64062 0.425612

-1.64062 0.425528
-1.625 0.424731

0.0625 0.467241
0.078125 0.465152

-1.61431 0.25
-1.60938 0.251735

2.57812 -0.0560401
2.57576 -0.046875

2.57578 -0.046875
2.56828 -0.03125

-1.60938 0.251574
-1.59375 0.256808

-1.59375 0.25667
-1.57812 0.261918

-1.57812 0.261918
-1.56764 0.265625

-1.56771 0.265625
-1.5625 0.267465

-1.5625 0.267358
-1.54688 0.27332

0.078125 0.464975
0.09375 0.460638

0.09375 0.460105
0.109375 0.45494

2.57812 -0.0560347
2.57979 -0.0625

2.5625 -0.0229647
2.56815 -0.03125

-1.54688 0.273219
-1.53125 0.280005

0.125 0.450354
0.113394 0.453125

-1.53125 0.280255
-1.52933 0.28125

-1.52844 0.28125
-1.51562 0.28789

-1.51562 0.287908
-1.50136 0.296875

2.51562 0.0248086
2.50808 0.03125

2.53125 0.0111295
2.52623 0.015625

0.109375 0.454811
0.116438 0.453125

2.51562 0.0246999
2.52603 0.015625

2.5 0.0380263
2.50791 0.03125

2.53125 0.0111318
2.5429 0

-1.50118 0.296875
-1.5 0.297623

-3.60938 0.159208
-3.59375 0.157433

0.203845 0.25
0.216055 0.265625

0.215859 0.265625
0.21875 0.26991

0.21875 0.269945
0.226418 0.28125

0.226354 0.28125
0.234375 0.294275

0.234375 0.294442
0.235843 0.296875

0.235955 0.296875
0.244789 0.3125

0.244772 0.3125
0.25 0.322508

0.125 0.45076
0.140625 0.449362

0.140625 0.44952
0.15625 0.449843

0.15625 0.450002
0.171875 0.451413

0.171875 0.451559
0.184357 0.453125

0.186514 0.453125
0.1875 0.453249

0.1875 0.453195
0.203125 0.456059

0.203125 0.456169
0.21875 0.460294

0.21875 0.460714
0.234375 0.465043

0.234375 0.466102
0.25 0.467677

0.25 0.244814
0.25422 0.25

0.484375 0.0451618
0.482594 0.046875

0.483286 0.046875
0.473774 0.0625

0.484375 0.0448647
0.5 0.0382363

0.484375 0.0472549
0.484902 0.046875

0.47342 0.0625
0.477688 0.078125

0.477717 0.078125
0.484375 0.0857751

0.484375 0.0858021
0.5 0.0930457

0.453125 0.227338
0.448948 0.234375

0.449307 0.234375
0.453125 0.243196

0.453125 0.228704
0.46875 0.233447

0.453125 0.241919
0.46875 0.235503

0.254324 0.25
0.265625 0.262494

0.265625 0.262527
0.268601 0.265625

0.268553 0.265625
0.28125 0.277902

0.28125 0.277813
0.285094 0.28125

0.28496 0.28125
0.296875 0.291398

0.296875 0.291377
0.304266 0.296875

0.30409 0.296875
0.3125 0.303018

0.25 0.322722
0.252822 0.328125

0.25299 0.328125
0.2604 0.34375

0.26046 0.34375
0.265625 0.356386

0.265625 0.356632
0.266746 0.359375

0.266897 0.359375
0.27204 0.375

0.3125 0.302985
0.327466 0.3125

0.327711 0.3125
0.328125 0.312746

0.328125 0.312898
0.34375 0.321292

0.34375 0.32125
0.359159 0.328125

0.359375 0.328042
0.359603 0.328125

0.359375 0.328173
0.375 0.333902

0.272108 0.375
0.275733 0.390625

0.27583 0.390625
0.277609 0.40625

-3.59375 0.157464
-3.57812 0.157489

-3.57812 0.157421
-3.5625 0.159322

-3.5625 0.159045
-3.54688 0.163513

2.5 0.395352
2.51562 0.395645

-3.54688 0.162496
-3.53166 0.171875

-3.53136 0.171875
-3.53125 0.171953

-3.53125 0.171383
-3.53066 0.171875

-3.5308 0.171875
-3.51779 0.1875

-1.625 0.4247
-1.60938 0.424711

-3.51889 0.1875
-3.51562 0.197128

-1.60938 0.424705
-1.59375 0.425598

-3.51562 0.197568
-3.51374 0.203125

-1.59375 0.425601
-1.57812 0.427382

-3.51415 0.203125
-3.51328 0.21875

-1.57812 0.427408
-1.5625 0.430015

2.51562 0.395743
2.53125 0.39732

-1.5625 0.430031
-1.54688 0.433378

2.53125 0.397627
2.54688 0.399677

0.27767 0.40625
0.277286 0.421875

2.54688 0.400057
2.5625 0.401206

0.27709 0.421875
0.274812 0.4375

2.5625 0.401332
2.57812 0.400566

-3.51562 0.233054
-3.51583 0.234375

2.57812 0.40036
2.59375 0.397837

0.265625 0.461643
0.253657 0.46875

-3.51568 0.234375
-3.52166 0.25

0.275298 0.4375
0.270544 0.453125

-1.54688 0.433515
-1.53125 0.437295

-3.51562 0.23328
-3.51332 0.21875

-1.5291 0.4375
-1.51562 0.441593

0.265625 0.465403
0.27463 0.453125

-1.51562 0.442005
-1.5 0.447792

0.375 0.333897
0.390625 0.338488

0.390625 0.338462
0.40625 0.341974

-1.37648 -0.5
-1.37701 -0.484375

2.59375 0.397374
2.60938 0.394432

-1.37788 -0.484375
-1.3777 -0.46875

-3.74049 0.25
-3.73438 0.25545

-1.3779 -0.46875
-1.375 -0.453676

-3.73438 0.255381
-3.72303 0.265625

0.40625 0.341916
0.417189 0.34375

-1.37547 -0.453125
-1.375 -0.452065

-3.72252 0.265625
-3.71875 0.269199

2.60938 0.3941
2.625 0.39233

-3.71875 0.269086
-3.70702 0.28125

-3.68796 0.25
-3.6875 0.251846

0.417383 0.34375
0.421875 0.344503

-3.70814 0.28125
-3.70312 0.286683

2.625 0.392465
2.64062 0.392261

-1.375 -0.454351
-1.37476 -0.453125

-3.70312 0.286926
-3.69266 0.296875

-1.375 -0.452377
-1.3682 -0.4375

-3.69275 0.296875
-3.6875 0.30135

2.64062 0.392487
2.65625 0.393124

0.421875 0.344447
0.4375 0.346466

-3.6875 0.250938
-3.68123 0.265625

-3.68035 0.265625
-3.67188 0.276427

2.65625 0.393315
2.67188 0.393961

2.67188 0.394124
2.6875 0.39407

0.4375 0.346439
0.453125 0.348073

-1.3682 -0.4375
-1.35938 -0.425828

-1.35938 -0.426511
-1.35555 -0.421875

-1.35524 -0.421875
-1.34375 -0.409903

-1.34375 -0.409573
-1.33826 -0.40625

-1.34375 -0.406247
-1.32812 -0.397734

-1.32812 -0.399625
-1.3125 -0.401274

-1.25 -0.448486
-1.26249 -0.4375

-1.29688 -0.409714
-1.30378 -0.40625

-1.28125 -0.42213
-1.28158 -0.421875

-1.29688 -0.41044
-1.28125 -0.421824

-1.3125 -0.402016
-1.30406 -0.40625

-1.28125 -0.422246
-1.26562 -0.435033

-1.26562 -0.435299
-1.26302 -0.4375

-1.35938 -0.358222
-1.36462 -0.34375

-1.35938 -0.352625
-1.35369 -0.359375

-1.36024 -0.34375
-1.35938 -0.34185

-1.35867 -0.34375
-1.35138 -0.328125

-1.35098 -0.328125
-1.34375 -0.316902

-1.32812 -0.362831
-1.34245 -0.359375

-1.34375 -0.359204
-1.3433 -0.359375

-1.32812 -0.364199
-1.3125 -0.367168

-1.34375 -0.316615
-1.34108 -0.3125

-1.34244 -0.3125
-1.32812 -0.297621

-1.32812 -0.298635
-1.32479 -0.296875

-1.32692 -0.296875
-1.3125 -0.289421

-1.3125 -0.367182
-1.29688 -0.366607

-1.29688 -0.367054
-1.28125 -0.362014

-1.28125 -0.361876
-1.2773 -0.359375

-1.2757 -0.359375
-1.26562 -0.350456

-1.26562 -0.350198
-1.26083 -0.34375

-1.26061 -0.34375
-1.25512 -0.328125

-1.25487 -0.328125
-1.25818 -0.3125

-1.3125 -0.290227
-1.29688 -0.288837

-1.29688 -0.288902
-1.28125 -0.292784

-1.26562 -0.302357
-1.27225 -0.296875

-1.28125 -0.293089
-1.27513 -0.296875

-1.26562 -0.302799
-1.25818 -0.3125

-1.375 -0.0998638
-1.38495 -0.09375

-1.39062 -0.0864218
-1.39613 -0.078125

-3.67188 0.275565
-3.66609 0.28125

-3.6875 0.301522
-3.67188 0.312444

-3.6672 0.28125
-3.65625 0.289558

0.453125 0.348051
0.46875 0.349399

-3.65625 0.289665
-3.64194 0.296875

0.46875 0.349377
0.484375 0.350525

0.484375 0.350502
0.5 0.351539

-3.64428 0.296875
-3.64062 0.297694

2.6875 0.394107
2.70312 0.39295

2.71875 0.390394
2.7171 0.390625

2.70312 0.392886
2.71875 0.390705

2.71875 0.390418
2.73438 0.387907

2.71875 0.390799
2.71984 0.390625

-3.64062 0.297726
-3.625 0.299981

0.96875 -0.165359
0.96104 -0.15625

2.73438 0.387979
2.75 0.385543

0.953125 -0.144836
0.950322 -0.140625

0.950395 -0.140625
0.941015 -0.125

0.953125 -0.144851
0.961208 -0.15625

0.984375 -0.179589
0.974924 -0.171875

-3.67256 0.3125
-3.67188 0.31298

2.75 0.385522
2.76562 0.383071

2.76562 0.383
2.78125 0.380717

-3.67188 0.313088
-3.65625 0.322675

-3.65625 0.322695
-3.64386 0.328125

-3.6449 0.328125
-3.64062 0.330256

-3.64062 0.3303
-3.625 0.336637

0.96875 -0.165422
0.975347 -0.171875

0.984375 -0.179817
0.998606 -0.1875

2.78125 0.380702
2.79688 0.378762

-3.625 0.299931
-3.60938 0.300732

0.9375 -0.118212
0.932739 -0.109375

0.932796 -0.109375
0.924943 -0.09375

0.921875 -0.0872899
0.917525 -0.078125

0.917538 -0.078125
0.910537 -0.0625

0.921875 -0.0872979
0.924937 -0.09375

0.90625 -0.0523208
0.904021 -0.046875

0.903944 -0.046875
0.898552 -0.03125

0.8984 -0.03125
0.894489 -0.015625

0.89436 -0.015625
0.89249 0

0.90625 -0.0522834
0.910431 -0.0625

-3.60938 0.301006
-3.59375 0.299908

-1.39575 -0.078125
-1.39965 -0.0625

0.9375 -0.118261
0.94113 -0.125

0.5 0.0391611
0.51455 0.046875

0.514863 0.046875
0.515625 0.047579

0.515625 0.0471417
0.524528 0.0625

0.5 0.0925541
0.515625 0.0823219

0.52428 0.0625
0.519133 0.078125

0.515625 0.0819405
0.518721 0.078125

-1.39062 -0.0870566
-1.38343 -0.09375

0.5 0.351521
0.515625 0.352529

0.515625 0.352514
0.53125 0.353556

0.53125 0.353544
0.546875 0.354672

-3.57812 0.29637
-3.58029 0.296875

0.546875 0.35466
0.5625 0.355923

2.79688 0.378749
2.8125 0.377207

-1.3999 -0.0625
-1.39678 -0.046875

-1.39755 -0.046875
-1.39062 -0.036888

-1.39062 -0.0372461
-1.38346 -0.03125

-1.38455 -0.03125
-1.375 -0.0257907

-3.59375 0.299946
-3.58057 0.296875

-3.57812 0.296415
-3.5625 0.289939

2.8125 0.377197
2.82812 0.376102

2.82812 0.376113
2.84375 0.375461

2.84375 0.375453
2.85938 0.375239

2.85938 0.375264
2.875 0.375453

-1.25 -0.175378
-1.25078 -0.171875

-1.25113 -0.171875
-1.25 -0.169162

-3.625 0.336494
-3.60938 0.341386

-1.375 -0.10005
-1.35938 -0.0975097

2.875 0.375495
2.89062 0.375953

-1.35938 -0.0960055
-1.35609 -0.09375

-3.60938 0.341303
-3.5995 0.34375

-1.3561 -0.09375
-1.34375 -0.0813262

0.5625 0.35591
0.578125 0.35736

-1.34375 -0.0808639
-1.34189 -0.078125

-3.59964 0.34375
-3.59375 0.34521

-1.34173 -0.078125
-1.33584 -0.0625

-3.59375 0.345173
-3.57812 0.348195

-1.34375 -0.0380042
-1.35155 -0.03125

-3.57812 0.348126
-3.5625 0.350467

-1.375 -0.0265277
-1.35938 -0.02707

0.578125 0.357388
0.59375 0.358992

-1.35938 -0.0271833
-1.3525 -0.03125

-3.54688 0.280258
-3.54834 0.28125

-1.33545 -0.0625
-1.33798 -0.046875

-3.53125 0.264746
-3.53189 0.265625

-1.34375 -0.0384218
-1.33786 -0.046875

0.59375 0.359085
0.5962 0.359375

0.598 0.359375
0.609375 0.360724

-3.54688 0.280366
-3.53175 0.265625

2.89062 0.375944
2.90625 0.376604

-3.5625 0.290265
-3.5487 0.28125

2.90625 0.376575
2.92188 0.377512

-1.21875 -0.489628
-1.22005 -0.484375

-3.53125 0.264803
-3.52127 0.25

-1.22104 -0.484375
-1.23078 -0.46875

-3.5625 0.350416
-3.54688 0.352319

2.92188 0.377484
2.9375 0.378814

2.9375 0.378795
2.95312 0.380612

2.95312 0.380613
2.96875 0.38295

2.96875 0.383013
2.98438 0.385741

2.98438 0.385869
3 0.388608

2.98438 0.495077
2.98246 0.5

3 0.482746
2.99583 0.484375

2.98438 0.494962
2.99492 0.484375

-3.54688 0.352296
-3.53125 0.353906

3.22131 -0.5
3.22483 -0.484375

-1.23438 -0.464449
-1.24446 -0.453125

0.609375 0.360797
0.625 0.362993

-1.25 -0.448709
-1.24537 -0.453125

3.22275 -0.484375
3.23438 -0.469719

3.23438 -0.473344
3.24245 -0.46875

3.23753 -0.46875
3.25 -0.463379

0.625 0.363029
0.640625 0.365437

0.640625 0.365442
0.65625 0.36798

0.65625 0.367977
0.671875 0.370642

3.26562 -0.469199
3.26216 -0.46875

3.28125 -0.478522
3.27045 -0.46875

3.25 -0.464402
3.26562 -0.466425

-3.53125 0.353899
-3.51562 0.355272

3.26562 -0.46643
3.26951 -0.46875

3.28956 -0.5
3.28498 -0.484375

-3.51562 0.355273
-3.5 0.356419

-1.23438 -0.46499
-1.23139 -0.46875

-1.21875 -0.490006
-1.21628 -0.5

0.671875 0.370686
0.6875 0.373396

0.6875 0.373479
0.696216 0.375

-3.48497 -0.484375
-3.48438 -0.482658

-3.47796 -0.5
-3.47147 -0.484375

-3.48383 -0.484375
-3.46875 -0.472668

-3.46875 -0.48205
-3.45312 -0.480866

-3.4375 -0.492431
-3.44446 -0.484375

0.697906 0.375
0.703125 0.37591

0.703125 0.376018
0.71875 0.378969

0.71875 0.379089
0.734375 0.382171

0.734375 0.382144
0.75 0.385171

-1.23438 -0.200154
-1.24665 -0.1875

-1.21875 -0.205904
-1.22631 -0.203125

-3.45312 -0.482726
-3.45025 -0.484375

-1.23438 -0.199355
-1.2251 -0.203125

-3.4375 -0.493462
-3.43451 -0.5

-1.21875 -0.205522
-1.20769 -0.203125

0.892448 0
0.892958 0.015625

-1.20426 -0.203125
-1.20312 -0.202879

3.28125 -0.481068
3.28351 -0.484375

-1.20312 -0.203324
-1.20275 -0.203125

-3.32812 -0.133055
-3.33204 -0.125

-1.20251 -0.203125
-1.1875 -0.188088

-1.25 -0.175407
-1.24689 -0.1875

3.40625 -0.400362
3.40124 -0.390625

-1.25 -0.169654
-1.24107 -0.15625

0.892988 0.015625
0.895901 0.03125

-1.24189 -0.15625
-1.23438 -0.150267

-3.3125 -0.155601
-3.32454 -0.140625

-1.23438 -0.150724
-1.21875 -0.146005

-3.32812 -0.133161
-3.32449 -0.140625

3.40154 -0.390625
3.39848 -0.375

0.895953 0.03125
0.901106 0.046875

0.901138 0.046875
0.90625 0.0579457

-3.29688 -0.169685
-3.31147 -0.15625

0.90625 0.0579058
0.908371 0.0625

0.908378 0.0625
0.91754 0.078125

-3.28125 -0.180546
-3.29436 -0.171875

0.917571 0.078125
0.921875 0.0843666

3.42188 -0.420021
3.40877 -0.40625

0.921875 0.0842375
0.928639 0.09375

-3.29688 -0.169135
-3.29287 -0.171875

-1.1875 -0.168429
-1.19694 -0.15625

0.92875 0.09375
0.9375 0.104436

-1.21875 -0.146505
-1.20312 -0.151898

-3.3125 -0.155331
-3.31163 -0.15625

3.4375 -0.428723
3.42585 -0.421875

-3.28125 -0.180957
-3.26562 -0.185417

3.42188 -0.41963
3.42559 -0.421875

3.40625 -0.400686
3.40916 -0.40625

-1.20312 -0.151972
-1.19744 -0.15625

-3.26562 -0.185712
-3.25 -0.182454

0.9375 0.104403
0.941728 0.109375

0.941831 0.109375
0.953125 0.121727

3.4375 -0.428444
3.45312 -0.432338

0.953125 0.121627
0.956336 0.125

-3.33262 -0.125
-3.33432 -0.109375

3.45312 -0.43216
3.46875 -0.431739

-3.3348 -0.109375
-3.32853 -0.09375

0.956444 0.125
0.96875 0.137691

0.96875 0.137632
0.971711 0.140625

3.46875 -0.431706
3.48438 -0.42739

0.971811 0.140625
0.984375 0.153346

3.48438 -0.427449
3.49461 -0.421875

0.984375 0.153361
0.987227 0.15625

0.987347 0.15625
1 0.169255

-1.1875 -0.187745
-1.18737 -0.1875

0.75 0.385182
0.765625 0.388188

-1.1875 -0.186715
-1.18582 -0.171875

-3.32848 -0.09375
-3.32812 -0.0932488

0.765625 0.388235
0.778329 0.390625

-3.32812 -0.0934557
-3.31343 -0.078125

-3.3125 -0.0782948
-3.31226 -0.078125

-3.31172 -0.078125
-3.29688 -0.067941

3.49531 -0.421875
3.5 -0.419319

-3.29688 -0.0684224
-3.28674 -0.0625

3.39861 -0.375
3.39954 -0.359375

-3.28653 -0.0625
-3.28125 -0.0594171

3.39949 -0.359375
3.40424 -0.34375

0.779536 0.390625
0.78125 0.390947

-3.28125 -0.0596425
-3.26562 -0.0504261

0.78125 0.390963
0.796875 0.394165

-3.26562 -0.0503767
-3.26015 -0.046875

0.796875 0.394361
0.8125 0.39779

0.8125 0.397865
0.828125 0.40098

-1.5 0.203472
-1.48438 0.212206

-3.25989 -0.046875
-3.25 -0.0404929

3.40406 -0.34375
3.40625 -0.339735

0.828125 0.401014
0.84375 0.403596

-1.48438 0.212254
-1.47405 0.21875

3.40625 -0.339931
3.41314 -0.328125

-3.25 -0.182504
-3.23572 -0.171875

-1.4734 0.21875
-1.46875 0.221677

-3.23579 -0.171875
-3.23438 -0.17049

3.41305 -0.328125
3.42188 -0.3176

-1.46875 0.221647
-1.45312 0.233355

-3.23438 -0.169991
-3.22396 -0.15625

-1.45312 0.233693
-1.45232 0.234375

-3.22513 -0.15625
-3.21875 -0.142734

-1.45167 0.234375
-1.4375 0.247821

3.42188 -0.318197
3.42851 -0.3125

-1.4375 0.248253
-1.43587 0.25

0.84375 0.403602
0.859375 0.40557

0.859375 0.405536
0.866729 0.40625

-3.21875 -0.142664
-3.21779 -0.140625

3.42669 -0.3125
3.4375 -0.304615

-3.21803 -0.140625
-3.21217 -0.125

0.867843 0.40625
0.875 0.406945

-3.21241 -0.125
-3.20701 -0.109375

0.875 0.406914
0.890625 0.408327

-3.20717 -0.109375
-3.20312 -0.0983076

-3.20312 -0.0984574
-3.2014 -0.09375

-3.20155 -0.09375
-3.19502 -0.078125

-3.19511 -0.078125
-3.1875 -0.0627589

-3.25 -0.04041
-3.2371 -0.03125

-3.23703 -0.03125
-3.23438 -0.0293521

3.5 -0.317803
3.49242 -0.3125

-3.23438 -0.0293209
-3.21875 -0.0172233

0.890625 0.408379
0.90625 0.409755

0.90625 0.409773
0.921875 0.410969

3.4375 -0.304931
3.45312 -0.299808

-1.5 0.297495
-1.48438 0.309604

-3.21875 -0.0170088
-3.21704 -0.015625

-1.48438 0.309856
-1.48138 0.3125

0.921875 0.41097
0.9375 0.41195

-1.48111 0.3125
-1.46875 0.324587

0.9375 0.411945
0.953125 0.412714

-3.21687 -0.015625
-3.20312 -0.00419372

0.953125 0.41271
0.96875 0.413285

0.96875 0.413279
0.984375 0.413679

-3.20312 -0.00392068
-3.19857 0

3.45312 -0.300193
3.46875 -0.301276

-3.1875 -0.0627624
-3.18737 -0.0625

3.46875 -0.301504
3.48438 -0.307567

3.48438 -0.308119
3.49099 -0.3125

0.984375 0.413671
1 0.413921

-1.46875 0.324827
-1.46575 0.328125

-3.18734 -0.0625
-3.17829 -0.046875

-3.17828 -0.046875
-3.17188 -0.0371633

1.125 -0.319802
1.11817 -0.3125

-1.46547 0.328125
-1.45324 0.34375

1.11737 -0.3125
1.11154 -0.296875

1.11425 -0.296875
1.11682 -0.28125

-1.45324 0.34375
-1.45312 0.343951

-3.17188 -0.0371392
-3.16799 -0.03125

3.4375 -0.163369
3.43388 -0.15625

-3.16789 -0.03125
-3.15653 -0.015625

3.43486 -0.15625
3.43122 -0.140625

1.11435 -0.28125
1.12466 -0.265625

-3.15648 -0.015625
-3.15625 -0.0153141

1.12451 -0.265625
1.125 -0.265168

-1.45312 0.343903
-1.4443 0.359375

3.43146 -0.140625
3.43039 -0.125

-1.44427 0.359375
-1.43877 0.375

-3.15625 -0.0152389
-3.14428 0

1.125 -0.319695
1.1391 -0.328125

-1.43561 0.25
-1.42262 0.265625

3.46875 -0.191037
3.46191 -0.1875

-3.32812 0.0925989
-3.32901 0.09375

3.46875 -0.190483
3.48438 -0.193994

-3.32812 0.0925572
-3.3125 0.0797013

3.48438 -0.193467
3.5 -0.194439

3.45312 -0.183366
3.4417 -0.171875

-3.32839 0.09375
-3.33592 0.109375

3.4375 -0.162577
3.44263 -0.171875

1.14062 -0.328141
1.15625 -0.328256

-3.33508 0.109375
-3.33536 0.125

-1.42279 0.265625
-1.42188 0.266921

3.45312 -0.182627
3.46173 -0.1875

-1.42188 0.267142
-1.41217 0.28125

1.14062 -0.327562
1.15625 -0.327677

-3.32812 0.0949271
-3.32749 0.09375

1.15821 -0.328125
1.17188 -0.31995

-1.41236 0.28125
-1.40625 0.29127

3.43033 -0.125
3.43148 -0.109375

-1.40625 0.291387
-1.40291 0.296875

3.43127 -0.109375
3.43518 -0.09375

-3.3125 0.0805151
-3.29688 0.0786878

1.17188 -0.321464
1.17984 -0.3125

-3.29688 0.0786724
-3.28125 0.0863246

1.125 -0.26707
1.12691 -0.265625

-1.40322 0.296875
-1.39374 0.3125

1.125 -0.265043
1.14062 -0.257271

3.43382 -0.09375
3.4375 -0.0869276

-3.28125 0.0867544
-3.27365 0.09375

3.4375 -0.0879008
3.44402 -0.078125

-3.2734 0.09375
-3.26562 0.105234

3.44269 -0.078125
3.45312 -0.0690077

1.14062 -0.258607
1.15625 -0.2618

-1.39394 0.3125
-1.39062 0.317605

1.17927 -0.3125
1.18416 -0.296875

1.18324 -0.296875
1.17748 -0.28125

3.45312 -0.0699726
3.46875 -0.0629978

-1.39062 0.317443
-1.38329 0.328125

3.46875 -0.0640768
3.48205 -0.0625

-3.26562 0.106579
-3.26412 0.109375

1.17188 -0.27386
1.16248 -0.265625

-3.26412 0.109375
-3.2614 0.125

3.5 -0.0631415
3.48641 -0.0625

-1.38423 0.328125
-1.375 0.338837

1.15625 -0.262546
1.161 -0.265625

-3.33557 0.125
-3.32982 0.140625

1.17188 -0.275565
1.17618 -0.28125

-1.43884 0.375
-1.4375 0.384915

1 -0.187832
1.01562 -0.191606

-3.33036 0.140625
-3.32812 0.144077

3 0.388716
3.01294 0.390625

1.01562 -0.191376
1.03125 -0.191725

3.01347 0.390625
3.01562 0.390943

3.01562 0.390874
3.03125 0.392822

1.03125 -0.19153
1.04688 -0.189304

3.03125 0.392743
3.04688 0.394761

1.04688 -0.18914
1.05283 -0.1875

-3.32812 0.144124
-3.31615 0.15625

1 -0.187389
1.00046 -0.1875

3.04688 0.394776
3.0625 0.396994

-3.31609 0.15625
-3.3125 0.158626

-1.4375 0.401014
-1.43789 0.40625

-3.3125 0.15886
-3.29688 0.163325

-1.43838 0.40625
-1.44181 0.421875

3 0.482944
3.00396 0.484375

1.05349 -0.1875
1.0625 -0.185021

-3.29688 0.1632
-3.28125 0.158415

1.0625 -0.184958
1.07812 -0.178679

-1.44173 0.421875
-1.44658 0.4375

3.00492 0.484375
3.01562 0.494024

3.01562 0.49147
3.01921 0.5

3.0625 0.397078
3.07812 0.399297

3.07812 0.399333
3.09375 0.401315

3.09375 0.401254
3.10938 0.403047

3.10938 0.402999
3.125 0.404823

1.07812 -0.178643
1.091 -0.171875

3.125 0.404826
3.13614 0.40625

3.13691 0.40625
3.14062 0.406726

-3.26562 0.143373
-3.27765 0.15625

-1.5 0.448474
-1.48465 0.453125

1.09103 -0.171875
1.09375 -0.170443

-1.48438 0.453491
-1.46875 0.455239

3.14062 0.40673
3.15625 0.409085

-3.26096 0.125
-3.26484 0.140625

1.09375 -0.17034
1.10938 -0.16045

-3.26562 0.142417
-3.26459 0.140625

-1.45312 0.450292
-1.45761 0.453125

3.15625 0.409194
3.17188 0.411824

-1.46875 0.457732
-1.45777 0.453125

3.17188 0.411827
3.1875 0.41451

1.10938 -0.160187
1.11507 -0.15625

3.1875 0.414603
3.20312 0.417147

1.1151 -0.15625
1.125 -0.149283

-3.28125 0.158424
-3.27799 0.15625

-1.45312 0.450102
-1.44387 0.4375

-1.45312 0.453817
-1.45227 0.453125

1.125 -0.149206
1.1365 -0.140625

1.13668 -0.140625
1.14062 -0.137695

1.14062 -0.137513
1.15625 -0.125367

1.15625 -0.125186
1.15649 -0.125

3.20312 0.417193
3.21875 0.419322

1.15682 -0.125
1.17188 -0.112797

1.17188 -0.112601
1.17574 -0.109375

-1.4375 0.384619
-1.43669 0.390625

-3.5 0.356421
-3.48438 0.357333

3.21875 0.419279
3.23438 0.420988

-3.48438 0.357329
-3.46875 0.358011

-3.46875 0.358001
-3.45312 0.358483

-1.4375 0.401233
-1.43671 0.390625

-3.45312 0.35847
-3.4375 0.358799

1.17591 -0.109375
1.1875 -0.0995005

-1.375 0.33823
-1.36858 0.34375

1.1875 -0.0993175
1.19389 -0.09375

-1.36937 0.34375
-1.35938 0.35119

3.23438 0.420994
3.24369 0.421875

-1.35938 0.350825
-1.34375 0.358273

1.19392 -0.09375
1.20312 -0.0856643

-1.34375 0.35788
-1.33763 0.359375

3.24541 0.421875
3.25 0.422309

-1.3383 0.359375
-1.32812 0.361861

-3.4375 0.358788
-3.42188 0.359013

-3.42188 0.359007
-3.40625 0.359161

-3.40625 0.359162
-3.39062 0.359254

3.25 0.422404
3.26562 0.423775

-3.39062 0.359257
-3.375 0.359281

1.20312 -0.0854525
1.21127 -0.078125

-1.32812 0.361713
-1.3125 0.362652

3.26562 0.423795
3.28125 0.425042

3.28125 0.42504
3.29688 0.426128

1.21132 -0.078125
1.21875 -0.0713617

3.29688 0.426134
3.3125 0.427059

-1.3125 0.362552
-1.29688 0.360985

1.21875 -0.0712006
1.22822 -0.0625

-1.28125 0.357223
-1.28929 0.359375

1.22826 -0.0625
1.23438 -0.0568021

-3.375 0.359274
-3.35938 0.359236

1.23438 -0.0566563
1.24485 -0.046875

1.24485 -0.046875
1.25 -0.0420103

3.3125 0.427065
3.32812 0.427802

-3.35938 0.359226
-3.34375 0.359163

-1.29688 0.360756
-1.29171 0.359375

-3.34375 0.359153
-3.32812 0.359104

3.32812 0.427807
3.34375 0.428334

-3.32812 0.359094
-3.3125 0.359098

3.34375 0.428341
3.35938 0.428633

1.25 -0.0419388
1.2613 -0.03125

-1.25 0.339599
-1.25595 0.34375

-3.3125 0.359088
-3.29688 0.359185

-1.28125 0.357001
-1.26562 0.349818

3.35938 0.428647
3.375 0.428662

1.26127 -0.03125
1.26562 -0.0270726

-3.29688 0.359179
-3.28316 0.359375

-1.26562 0.349789
-1.2567 0.34375

-3.28258 0.359375
-3.28125 0.359394

3.375 0.428681
3.39062 0.428357

1.26562 -0.027041
1.27748 -0.015625

3.39062 0.42837
3.40625 0.427643

-3.28125 0.359392
-3.26562 0.359776

3.40625 0.427655
3.42188 0.426472

-3.26562 0.359771
-3.25 0.360344

-1.1875 0.248139
-1.18898 0.25

3.42188 0.426508
3.4375 0.424774

1.27745 -0.015625
1.28125 -0.0119164

3.4375 0.42483
3.45312 0.422361

-3.19837 0
-3.1875 0.0094781

-1.17188 0.233138
-1.17337 0.234375

-3.1875 0.00979191
-3.18094 0.015625

-1.1875 0.247939
-1.1742 0.234375

-3.1808 0.015625
-3.17188 0.0235307

3.46875 0.419058
3.45537 0.421875

-3.17188 0.0238827
-3.16352 0.03125

1.28125 -0.0119196
1.29333 0

-3.1633 0.03125
-3.15625 0.0374777

3.45312 0.422349
3.45537 0.421875

-3.14424 0
-3.14062 0.00441329

1 0.169338
1.00246 0.171875

-3.14062 0.00440066
-3.13098 0.015625

3.46875 0.419176
3.48438 0.414859

-1.17188 0.233063
-1.15625 0.221901

3.48438 0.41491
3.5 0.40923

-3.13085 0.015625
-3.125 0.0219424

3.5 -0.419454
3.51487 -0.40625

3.51484 -0.40625
3.51562 -0.405256

-1.14062 0.213209
-1.15195 0.21875

-3.15625 0.0377507
-3.14577 0.046875

1.00258 0.171875
1.01562 0.185516

1.01562 0.185608
1.01742 0.1875

-1.14062 0.212655
-1.125 0.211717

-1.15625 0.222699
-1.14818 0.21875

-1.10938 0.0454096
-1.11054 0.046875

-1.11025 0.046875
-1.11832 0.0625

3.51562 -0.405518
3.526 -0.390625

-1.10938 0.0455269
-1.09375 0.031911

3.52584 -0.390625
3.53027 -0.375

-1.07812 0.0275629
-1.08906 0.03125

3.53006 -0.375
3.52876 -0.359375

-3.14584 0.046875
-3.14062 0.0514739

1.01747 0.1875
1.03125 0.202063

-3.14062 0.0517105
-3.12804 0.0625

-1.07812 0.0279771
-1.0625 0.0283792

3.52878 -0.359375
3.52213 -0.34375

-1.09375 0.0331509
-1.08811 0.03125

3.51562 -0.335029
3.51036 -0.328125

-3.12775 0.0625
-3.125 0.0649302

3.5 -0.318781
3.5097 -0.328125

3.51562 -0.335314
3.52171 -0.34375

1.03125 0.202104
1.03221 0.203125

-3.125 0.0221208
-3.11603 0.03125

3.5 -0.19428
3.51562 -0.194085

-3.11531 0.03125
-3.10938 0.0370806

-1.11804 0.0625
-1.11819 0.078125

-3.10938 0.0372788
-3.09965 0.046875

-3.09995 0.046875
-3.09375 0.0529849

3.51562 -0.193986
3.53125 -0.193139

-3.09375 0.0531092
-3.08369 0.0625

1.03221 0.203125
1.04688 0.218632

-1.11898 0.078125
-1.11019 0.09375

1.04688 0.218598
1.04702 0.21875

1.04697 0.21875
1.06186 0.234375

-1.10994 0.09375
-1.10938 0.0943794

1.0617 0.234375
1.0625 0.235206

3.53125 -0.193083
3.54688 -0.191894

1.0625 0.23504
1.07693 0.25

3.54688 -0.191858
3.5625 -0.190511

-3.125 0.0652703
-3.11056 0.078125

3.5625 -0.190479
3.57812 -0.189107

-1.10938 0.0943312
-1.09375 0.106693

1.07678 0.25
1.07812 0.25138

1.07812 0.251223
1.09223 0.265625

1.09212 0.265625
1.09375 0.26727

1.09375 0.267183
1.10788 0.28125

1.10778 0.28125
1.10938 0.282818

1.10938 0.282801
1.12402 0.296875

1.12393 0.296875
1.125 0.297878

1 0.413912
1.01562 0.414046

3.57812 -0.189069
3.59375 -0.187811

1.01562 0.414034
1.03125 0.414094

-1.09375 0.106033
-1.08143 0.109375

-1.07943 0.109375
-1.07812 0.109729

3.59375 -0.187799
3.59819 -0.1875

3.59826 -0.1875
3.60938 -0.186753

1.03125 0.414082
1.04688 0.414112

1.04688 0.414099
1.0625 0.41415

-3.11101 0.078125
-3.10938 0.0796541

-3.10938 0.0802262
-3.09375 0.0935741

-3.08379 0.0625
-3.07812 0.0674659

-3.07812 0.0677061
-3.06545 0.078125

-3.06584 0.078125
-3.0625 0.080572

-3.09375 0.0937545
-3.07812 0.105964

1.0625 0.414135
1.07812 0.414262

1.07812 0.414249
1.09375 0.414507

1.09375 0.414495
1.10938 0.414938

1.10938 0.41493
1.125 0.415599

3.60938 -0.186712
3.625 -0.185969

3.5 -0.0633944
3.51562 -0.0658968

-3.07812 0.1061
-3.07331 0.109375

-3.0732 0.109375
-3.0625 0.117297

-1.0625 0.108144
-1.07282 0.109375

-1.07812 0.109646
-1.07585 0.109375

1.125 0.297958
1.14062 0.312031

1.14062 0.312113
1.14108 0.3125

3.51562 -0.0661042
3.53125 -0.0694635

3.53125 -0.0696196
3.54688 -0.0731089

-3.0625 0.0804261
-3.04688 0.0917071

-3.04688 0.0918278
-3.04407 0.09375

-3.0625 0.11783
-3.05142 0.125

-3.04477 0.09375
-3.03125 0.102185

1.14105 0.3125
1.15625 0.324762

1.15625 0.32492
1.16088 0.328125

1.16112 0.328125
1.17188 0.335565

1.17188 0.335825
1.18635 0.34375

1.18714 0.34375
1.1875 0.343939

1.1875 0.344147
1.20312 0.350488

-3.03125 0.102717
-3.02039 0.109375

-3.02055 0.109375
-3.01562 0.11182

3.54688 -0.0731658
3.5625 -0.0763593

3.57812 -0.0791373
3.5727 -0.078125

3.5625 -0.0763355
3.5721 -0.078125

3.57812 -0.079211
3.59375 -0.0819675

3.59375 -0.0820855
3.60938 -0.0844429

3.60938 -0.0844896
3.625 -0.0861188

-3.01562 0.111978
-3 0.120808

-3.05185 0.125
-3.04688 0.128442

-1.0625 0.0285207
-1.05599 0.03125

-3.04688 0.128821
-3.03125 0.138605

1.20312 0.350741
1.21875 0.354785

3.6875 -0.188738
3.6762 -0.1875

1.21875 0.354876
1.23438 0.355936

-3.03125 0.138642
-3.02694 0.140625

-1.05236 0.03125
-1.04688 0.0336799

1.23438 0.355806
1.25 0.353958

-1.04688 0.0336427
-1.03365 0.046875

3.625 -0.18592
3.64062 -0.185662

-1.03432 0.046875
-1.03125 0.0545653

1.125 0.415596
1.14062 0.416516

-1.03125 0.0540139
-1.02798 0.0625

-3.02756 0.140625
-3.01562 0.147447

3.64062 -0.185639
3.65625 -0.18601

1.14062 0.416526
1.15625 0.41768

3.65625 -0.186012
3.67188 -0.187052

-1.03125 0.081268
-1.03977 0.09375

-3.01562 0.147714
-3 0.155431

-3.25 0.360339
-3.23438 0.361121

-3.23438 0.361118
-3.21875 0.362122

-3.21875 0.362122
-3.20312 0.363355

1.15625 0.417713
1.17188 0.419015

-3.20312 0.363354
-3.1875 0.364819

1.17188 0.41907
1.1875 0.420344

-1.0625 0.108671
-1.04688 0.100025

1.1875 0.420392
1.20312 0.421433

1.20312 0.421423
1.21275 0.421875

-1.04688 0.0999517
-1.04008 0.09375

-3.1875 0.364828
-3.17188 0.366513

-1.02837 0.0625
-1.03008 0.078125

-1.03125 0.0809507
-1.02978 0.078125

3.67188 -0.187119
3.67536 -0.1875

-1.125 0.211994
-1.11133 0.21875

-1.11178 0.21875
-1.10938 0.219937

1.21287 0.421875
1.21875 0.422151

-1.10938 0.220612
-1.09405 0.234375

1.21875 0.422074
1.23438 0.422686

-3.17188 0.366521
-3.15625 0.368394

3.6875 -0.188772
3.70312 -0.191135

-3.15625 0.368397
-3.14062 0.370435

-3.14062 0.370437
-3.125 0.37263

1.23438 0.422689
1.25 0.423335

-3.125 0.372716
-3.10938 0.374891

1.29332 0
1.29688 0.00356246

1.29688 0.00351943
1.30873 0.015625

3.70312 -0.191137
3.71875 -0.194126

-3.1074 0.375
-3.09375 0.377026

3.71875 -0.194137
3.73438 -0.197723

-1.09393 0.234375
-1.09375 0.234565

1.30875 0.015625
1.3125 0.0195125

-1.09375 0.235615
-1.08061 0.25

3.73438 -0.197794
3.75 -0.201815

1.3125 0.0194234
1.32359 0.03125

1.32367 0.03125
1.32812 0.0360961

1.32812 0.0360766
1.33775 0.046875

1.33791 0.046875
1.34375 0.0536841

-3.09375 0.37717
-3.07812 0.379717

-3.07812 0.379696
-3.0625 0.382264

3.625 -0.0861342
3.64062 -0.0869111

3.64062 -0.0868812
3.65625 -0.0868346

3.65625 -0.0868078
3.67188 -0.086051

3.67188 -0.0860205
3.6875 -0.0846683

1.34375 0.0536575
1.35111 0.0625

1.35132 0.0625
1.35938 0.0726589

-3.0625 0.382295
-3.04688 0.384863

1.35938 0.0727193
1.36351 0.078125

-3.04688 0.384866
-3.03125 0.387365

3.6875 -0.0846445
3.70312 -0.0828055

-3.03125 0.38738
-3.01562 0.389774

3.70312 -0.0827716
3.71875 -0.0805613

-1.21875 0.300941
-1.22617 0.3125

1.3637 0.078125
1.37499 0.09375

-1.20312 0.273007
-1.20793 0.28125

-3.01562 0.389859
-3.0107 0.390625

3.71875 -0.0805062
3.73423 -0.078125

-3.00894 0.390625
-3 0.392014

-1.18845 0.25
-1.19922 0.265625

1.375 0.09375
1.3851 0.109375

-1.20312 0.273093
-1.19877 0.265625

1.38517 0.109375
1.39062 0.119049

-2.94852 -0.5
-2.94561 -0.484375

1.39062 0.119237
1.39387 0.125

-2.94693 -0.484375
-2.9375 -0.470413

1.39395 0.125
1.40136 0.140625

-2.9375 -0.472603
-2.93371 -0.46875

1.4014 0.140625
1.40625 0.153368

3.73462 -0.078125
3.75 -0.0755535

-2.9355 -0.46875
-2.92188 -0.459398

-1.20759 0.28125
-1.21648 0.296875

1.40625 0.153684
1.40723 0.15625

3.9375 -0.251212
3.92388 -0.25

-2.92188 -0.460248
-2.90625 -0.457189

3.9375 -0.251226
3.95312 -0.251791

3.95312 -0.251821
3.96875 -0.251473

-1.21875 0.301086
-1.21613 0.296875

1.40734 0.15625
1.41175 0.171875

-1.23438 0.323254
-1.23853 0.328125

-2.875 -0.471987
-2.8783 -0.46875

3.96875 -0.251487
3.98438 -0.250138

-2.90625 -0.457179
-2.89062 -0.460861

-2.89062 -0.460574
-2.87912 -0.46875

1.41178 0.171875
1.41458 0.1875

-2.86319 -0.5
-2.86679 -0.484375

3.98438 -0.250059
3.98478 -0.25

-2.875 -0.472718
-2.86656 -0.484375

3.76562 -0.20612
3.7551 -0.203125

-2.76601 -0.5
-2.76562 -0.498942

3.75 -0.201922
3.75422 -0.203125

3.76562 -0.206236
3.78125 -0.211164

-2.76562 -0.499227
-2.75436 -0.5

3.8125 -0.221433
3.80439 -0.21875

-1.25 0.339162
-1.23829 0.328125

-2.92188 -0.0338726
-2.92391 -0.03125

-1.23438 0.32326
-1.22586 0.3125

3.78125 -0.211265
3.79688 -0.216386

1.41463 0.1875
1.41567 0.203125

-2.92188 -0.0336729
-2.90625 -0.0461689

3.79688 -0.216467
3.80377 -0.21875

-2.9236 -0.03125
-2.93016 -0.015625

-1.08087 0.25
-1.07812 0.253147

1.41572 0.203125
1.41483 0.21875

-1.07812 0.253336
-1.06714 0.265625

1.41491 0.21875
1.41183 0.234375

3.8125 -0.221567
3.82812 -0.226774

1.41195 0.234375
1.40627 0.25

-1.06713 0.265625
-1.0625 0.270611

-2.93011 -0.015625
-2.9263 0

-1.0625 0.270641
-1.0523 0.28125

3.82812 -0.226883
3.84375 -0.231827

1.28125 0.343454
1.28046 0.34375

3.85938 -0.236252
3.85293 -0.234375

1.25 0.353783
1.26562 0.349636

-1.05215 0.28125
-1.04688 0.286468

1.26562 0.349521
1.28103 0.34375

1.28125 0.343492
1.29688 0.336522

1.29688 0.336485
1.3125 0.328808

-2.89062 -0.0471058
-2.89277 -0.046875

1.34375 0.311904
1.34269 0.3125

-1.04688 0.286667
-1.03591 0.296875

-2.90625 -0.0449381
-2.89062 -0.046624

-1.03593 0.296875
-1.03125 0.301086

1.34375 0.311995
1.35938 0.302028

-2.89062 -0.046851
-2.875 -0.0397312

-1.03125 0.301176
-1.01792 0.3125

3.84375 -0.231845
3.85243 -0.234375

1.375 0.290373
1.36664 0.296875

3.85938 -0.236319
3.875 -0.240602

-1.01737 0.3125
-1.01562 0.313931

1.35938 0.302
1.36633 0.296875

-1.01562 0.314407
-1 0.32655

3.75 -0.0755116
3.76562 -0.0726497

-2.875 -0.0399801
-2.86563 -0.03125

1.32812 0.320545
1.31371 0.328125

1.3125 0.328755
1.3137 0.328125

1.32812 0.320614
1.3425 0.3125

-2.86566 -0.03125
-2.85938 -0.0197602

1.25 0.423332
1.26562 0.424008

-2.85938 -0.00473884
-2.86016 0

1.26562 0.424
1.28125 0.424729

3.76562 -0.0726576
3.78125 -0.0696129

1.28125 0.424728
1.29688 0.42553

1.29688 0.425538
1.3125 0.426398

3.78125 -0.0695816
3.79688 -0.0664011

-0.75 -0.0363822
-0.75571 -0.03125

-2.85938 -0.0192239
-2.85782 -0.015625

-0.765625 -0.0125586
-0.767131 0

3.79688 -0.0663614
3.8125 -0.0631871

-0.765625 -0.0158004
-0.754451 -0.03125

-2.85938 -0.00476377
-2.85758 -0.015625

-0.765625 -0.0128972
-0.765298 -0.015625

1.3125 0.426403
1.32812 0.427294

3.8125 -0.0631652
3.81575 -0.0625

3.81624 -0.0625
3.82812 -0.0600645

3.82812 -0.0600449
3.84375 -0.0566971

-0.75 -0.0366978
-0.734375 -0.0423759

3.84375 -0.0567222
3.85938 -0.0531724

1.32812 0.427301
1.34375 0.428199

-3 0.121032
-2.99294 0.125

-0.734375 -0.0409657
-0.71875 -0.0350733

-2.92616 0
-2.92188 0.00613406

-2.92188 0.00578305
-2.91091 0.015625

1.34375 0.428209
1.35938 0.429078

-2.90955 0.015625
-2.90625 0.0176072

-2.90625 0.0179805
-2.89062 0.0211898

-0.71875 -0.033916
-0.715036 -0.03125

3.85938 -0.053191
3.875 -0.0493517

-0.714926 -0.03125
-0.703125 -0.0211483

3.875 -0.240727
3.89062 -0.244522

3.89062 -0.244524
3.90625 -0.247576

1.35938 0.429085
1.375 0.429892

-0.703125 -0.0200323
-0.699037 -0.015625

1.39062 0.274407
1.38475 0.28125

-0.698197 -0.015625
-0.6875 -0.00121579

-2.89062 0.0216035
-2.875 0.0159935

1.40625 0.250339
1.39757 0.265625

3.90625 -0.24761
3.92188 -0.249843

1.39062 0.274668
1.39765 0.265625

-2.99368 0.125
-2.98438 0.129293

-0.767239 0
-0.765625 0.00415009

1.375 0.290212
1.38453 0.28125

-3 0.155525
-2.99817 0.15625

1.40625 0.250575
1.40655 0.25

3.92188 -0.249814
3.92397 -0.25

1.375 0.4299
1.39062 0.430616

-0.765625 0.0031571
-0.760632 0.015625

-2.98438 0.129851
-2.96875 0.138071

-0.760195 0.015625
-0.75 0.0280414

-2.99849 0.15625
-2.98438 0.163893

-2.98438 0.16474
-2.96949 0.171875

-1 0.326785
-0.998138 0.328125

-2.96995 0.171875
-2.96875 0.172507

1.39062 0.430621
1.40625 0.431222

-0.997609 0.328125
-0.984375 0.33755

3.98421 -0.25
3.98438 -0.249986

1.40625 0.431225
1.42188 0.431693

3.98499 -0.25
4 -0.24781

1.42188 0.431695
1.4375 0.432019

3.875 -0.0493629
3.88423 -0.046875

1.4375 0.43202
1.45312 0.432194

1.45312 0.432194
1.46875 0.432216

-2.96875 0.138255
-2.96394 0.140625

1.46875 0.432216
1.48438 0.432085

-0.984375 0.337836
-0.975371 0.34375

3.88433 -0.046875
3.89062 -0.0451796

-0.974487 0.34375
-0.96875 0.347504

1.48438 0.432085
1.5 0.431801

-2.96431 0.140625
-2.95312 0.145106

-2.95312 0.145738
-2.9375 0.152957

-0.96875 0.34793
-0.953125 0.357195

3.89062 -0.0451976
3.90625 -0.0405015

-2.96875 0.172493
-2.95312 0.179851

3.90625 -0.0405922
3.92188 -0.0351607

-0.953125 0.357608
-0.949913 0.359375

-2.95312 0.179992
-2.9375 0.186444

-0.948349 0.359375
-0.9375 0.365342

3.92188 -0.0352249
3.93146 -0.03125

-0.9375 0.365878
-0.921875 0.373624

-2.9375 0.153309
-2.92982 0.15625

-0.921875 0.374071
-0.919815 0.375

-2.93159 0.15625
-2.92188 0.158741

3.93147 -0.03125
3.9375 -0.028749

1.78125 -0.281575
1.78111 -0.28125

3.9375 -0.0288236
3.95312 -0.0210129

3.95312 -0.0211421
3.96209 -0.015625

-2.9375 0.186864
-2.93538 0.1875

3.96221 -0.015625
3.96875 -0.0115987

1.79688 -0.304015
1.7898 -0.296875

-0.917475 0.375
-0.90625 0.380061

-0.90625 0.380544
-0.890625 0.387138

-2.92188 0.159323
-2.90625 0.163316

-2.90625 0.163395
-2.89062 0.165267

-2.89062 0.165265
-2.875 0.164863

-2.9351 0.1875
-2.92188 0.19316

-2.92188 0.193293
-2.90625 0.19989

-2.90625 0.200054
-2.89817 0.203125

-2.89829 0.203125
-2.89062 0.206038

-2.89062 0.206049
-2.875 0.210882

3.96875 -0.0116796
3.98397 0

-0.890625 0.387361
-0.881569 0.390625

-0.879804 0.390625
-0.875 0.392356

1.78125 -0.281501
1.78967 -0.296875

-2.85952 0
-2.8738 0.015625

3.51562 0.402344
3.50657 0.40625

-2.875 0.0163682
-2.87391 0.015625

3.51562 0.402292
3.53125 0.394897

-2.875 0.164692
-2.85938 0.16236

1.79688 -0.303946
1.81131 -0.3125

-0.875 0.392476
-0.859375 0.39773

1.78207 -0.28125
1.78212 -0.265625

-0.859375 0.398068
-0.84375 0.402838

-2.85938 0.16207
-2.84375 0.158732

-0.84375 0.402808
-0.829168 0.40625

-2.82812 0.155147
-2.83345 0.15625

3.5 0.408945
3.50625 0.40625

-2.82812 0.155153
-2.8125 0.152707

-2.84375 0.158508
-2.83285 0.15625

-0.827652 0.40625
-0.8125 0.409506

1.78127 -0.265625
1.78971 -0.25

-0.8125 0.409684
-0.796875 0.413033

3.54688 0.387489
3.53981 0.390625

-2.875 0.210928
-2.85938 0.214495

-0.796875 0.413118
-0.78125 0.415936

-2.85938 0.214419
-2.84375 0.216781

1.82812 -0.313573
1.81348 -0.3125

-0.78125 0.415901
-0.765625 0.41809

1.82812 -0.312998
1.82946 -0.3125

-2.84375 0.216583
-2.82812 0.218289

3.53125 0.394255
3.53942 0.390625

-0.765625 0.418054
-0.75 0.419755

1.8125 -0.311931
1.82017 -0.3125

-0.75 0.0278816
-0.746627 0.03125

3.54688 0.387512
3.5625 0.381919

-2.82812 0.218169
-2.823 0.21875

3.5625 0.381555
3.57812 0.377804

1.83229 -0.3125
1.84375 -0.307908

-2.82243 0.21875
-2.8125 0.219876

-2.8125 0.152637
-2.79688 0.151279

1.84375 -0.308017
1.85587 -0.296875

3.57812 0.37765
3.59375 0.376776

-0.746337 0.03125
-0.734375 0.041215

-2.79688 0.151264
-2.78125 0.151165

-0.734375 0.0414247
-0.724155 0.046875

-2.78125 0.151137
-2.76562 0.152386

3.59375 0.376823
3.60938 0.379038

-2.76562 0.152354
-2.75 0.155071

3.60938 0.379081
3.625 0.384205

-0.724822 0.046875
-0.71875 0.0500426

1.85572 -0.296875
1.85938 -0.289613

-0.71875 0.0510661
-0.703125 0.0516682

1.85938 -0.289789
1.86322 -0.28125

3.59375 0.451799
3.59287 0.453125

-2.8125 0.219827
-2.79688 0.222132

-2.79688 0.222117
-2.78125 0.225128

1.85938 -0.259478
1.85388 -0.25

-2.78125 0.225125
-2.76562 0.228879

1.86246 -0.28125
1.86179 -0.265625

-0.6875 0.0408155
-0.694609 0.046875

-0.703125 0.0519435
-0.694396 0.046875

-2.76562 0.228757
-2.75 0.233502

-3 0.392139
-2.98438 0.394728

-2.98438 0.394786
-2.96875 0.397373

-2.96875 0.397366
-2.95312 0.399847

-2.95312 0.399881
-2.9375 0.402202

-0.686249 0
-0.680081 0.015625

-0.679163 0.015625
-0.681033 0.03125

1.85938 -0.259851
1.8622 -0.265625

-0.6875 0.0406915
-0.680971 0.03125

3.59375 0.467643
3.59354 0.46875

-2.9375 0.402229
-2.92188 0.404268

-2.92188 0.404287
-2.90625 0.405956

3.59375 0.452246
3.60938 0.451071

-2.90625 0.405953
-2.90293 0.40625

3.59375 0.467329
3.60938 0.458805

-0.75 0.419727
-0.734375 0.421067

1.78945 -0.25
1.79688 -0.242442

-0.734375 0.421058
-0.722446 0.421875

3.60938 0.461621
3.61382 0.46875

-2.90197 0.40625
-2.89062 0.407264

3.59458 0.46875
3.60938 0.479063

3.60938 0.484269
3.61705 0.46875

-2.89062 0.407248
-2.875 0.408582

3.625 0.383699
3.63806 0.390625

-2.875 0.408608
-2.85938 0.409899

3.63549 0.390625
3.64062 0.393348

1.79688 -0.242714
1.81143 -0.234375

-0.721944 0.421875
-0.71875 0.422094

-2.85938 0.409904
-2.84375 0.411092

3.64062 0.392313
3.65625 0.404108

-2.84375 0.41109
-2.82812 0.412167

3.65625 0.400728
3.66224 0.40625

-0.71875 0.422042
-0.703125 0.423033

-2.82812 0.412167
-2.8125 0.41314

-0.703125 0.423102
-0.6875 0.424032

1.8125 -0.234907
1.82812 -0.234383

3.6581 0.40625
3.67188 0.421169

1.81803 -0.234375
1.82812 -0.234037

-2.8125 0.413139
-2.79688 0.414013

3.67188 0.418285
3.67476 0.421875

-0.6875 0.423985
-0.671875 0.424813

1.84375 -0.240689
1.82971 -0.234375

-0.671875 0.424801
-0.65625 0.425646

3.6726 0.421875
3.68456 0.4375

-2.79688 0.414012
-2.78125 0.414789

-2.78125 0.41479
-2.76562 0.415471

-2.76562 0.415471
-2.75 0.416054

-0.65625 0.425607
-0.640625 0.426571

-2.75 0.155129
-2.74552 0.15625

-0.640625 0.426481
-0.625 0.427822

1.84375 -0.240571
1.85396 -0.25

-0.65625 0.497643
-0.657071 0.5

-2.74612 0.15625
-2.73438 0.159191

3.63882 0.484375
3.64062 0.486657

3.64062 0.497782
3.65625 0.498324

-2.73438 0.159365
-2.71875 0.163704

1.5 0.431801
1.51562 0.431366

-2.71875 0.163728
-2.70312 0.168019

1.51562 0.431365
1.53125 0.430781

-0.65625 0.497627
-0.640625 0.496942

1.53125 0.430778
1.54688 0.430052

1.54688 0.430048
1.5625 0.429193

-2.70312 0.167688
-2.68882 0.171875

1.5625 0.429192
1.57812 0.428217

3.68448 0.4375
3.6875 0.442237

-0.640625 0.496503
-0.639335 0.5

1.57812 0.428225
1.59375 0.427117

1.59375 0.427145
1.60938 0.425833

3.65625 0.497303
3.65723 0.5

1.60938 0.425877
1.625 0.424215

-2.69161 0.171875
-2.6875 0.173077

1.625 0.424222
1.64062 0.422107

3.6875 0.44205
3.69457 0.453125

-0.625 0.427777
-0.609375 0.429766

-2.75 0.233619
-2.74831 0.234375

-0.609375 0.429762
-0.59375 0.432499

1.65625 0.419622
1.64142 0.421875

3.6948 0.453125
3.70224 0.46875

1.64062 0.422095
1.64207 0.421875

-0.59375 0.432709
-0.578125 0.435781

-2.74664 0.234375
-2.73438 0.239872

-0.578125 0.43604
-0.570726 0.4375

-2.73438 0.239997
-2.71918 0.25

1.65625 0.419622
1.67188 0.417209

-2.6875 0.171441
-2.68619 0.171875

-2.6875 0.172453
-2.67188 0.177625

3.70218 0.46875
3.70312 0.471929

-2.67188 0.176735
-2.65625 0.184186

1.67188 0.417207
1.6875 0.414774

-0.566848 0.4375
-0.5625 0.438358

1.6875 0.414732
1.70312 0.412368

-2.65625 0.184736
-2.65219 0.1875

3.70312 0.472267
3.70674 0.484375

-2.64919 0.1875
-2.64062 0.19765

1.70312 0.412336
1.71875 0.410189

-2.64062 0.194351
-2.63572 0.203125

3.70699 0.484375
3.7087 0.5

-2.63812 0.203125
-2.63873 0.21875

-2.64062 0.220751
-2.64611 0.234375

1.75 0.406115
1.74903 0.40625

-0.5625 0.438759
-0.546875 0.442065

1.71875 0.410265
1.73438 0.408248

1.73438 0.408321
1.74921 0.40625

3.9839 0
3.98438 0.000390815

-2.64609 0.234375
-2.65594 0.25

3.98438 0.000135883
4 0.0150902

-0.546875 0.442136
-0.53125 0.445634

-2.64062 0.22082
-2.63979 0.21875

4 0.294334
3.99955 0.296875

3.99955 0.296875
3.99886 0.3125

1.75 0.406018
1.76562 0.403768

3.9988 0.3125
4 0.324808

-0.53125 0.445773
-0.515625 0.449043

-2.71888 0.25
-2.71875 0.250088

-2.71875 0.250733
-2.70312 0.263407

1.76562 0.403757
1.78125 0.4017

-0.515625 0.449079
-0.5 0.451772

1.78125 0.401717
1.79688 0.399842

-2.70312 0.264354
-2.70145 0.265625

-2.70246 0.265625
-2.6875 0.275922

1.79688 0.399802
1.8125 0.398154

-0.484375 -0.0580421
-0.487343 -0.046875

-0.48797 -0.046875
-0.484375 -0.0404355

-0.484375 -0.0580673
-0.46875 -0.0595391

-0.484375 -0.0405175
-0.46875 -0.0399971

-0.46875 -0.0607881
-0.464938 -0.046875

-2.6875 0.280313
-2.67188 0.276849

-2.65786 0.25
-2.66746 0.265625

1.8125 0.398137
1.82812 0.396831

-0.46875 -0.0402092
-0.464691 -0.046875

-2.67188 0.278493
-2.66133 0.265625

-2.6875 0.281306
-2.68452 0.28125

1.82812 0.396868
1.84375 0.395863

1.84375 0.39591
1.85938 0.395035

1.85938 0.395057
1.875 0.394174

-0.265625 -0.143522
-0.269411 -0.140625

-0.265625 -0.140005
-0.271985 -0.125

-2.75 0.416056
-2.73438 0.416533

-2.73438 0.416537
-2.71875 0.416898

1.875 0.394163
1.89062 0.393248

1.89062 0.393217
1.90625 0.392354

1.90625 0.392325
1.92188 0.391634

1.92188 0.391617
1.9375 0.391192

-2.71875 0.416902
-2.70312 0.417134

-2.70312 0.417138
-2.6875 0.417223

-0.25 -0.143042
-0.258926 -0.140625

-0.265625 -0.134394
-0.257514 -0.140625

1.9375 0.391183
1.95312 0.391076

-0.269097 -0.125
-0.265625 -0.11448

1.95312 0.391071
1.96875 0.391311

-2.6875 0.417226
-2.67188 0.417151

1.96875 0.391311
1.98438 0.391909

-0.265142 -0.125
-0.261095 -0.109375

-2.67188 0.417152
-2.65625 0.41691

1.98438 0.391915
2 0.392859

-2.65625 0.416909
-2.64062 0.416501

-2.64062 0.416498
-2.625 0.415933

-0.259569 -0.109375
-0.253926 -0.09375

-0.258991 -0.09375
-0.25 -0.0799453

-2.625 0.41593
-2.60938 0.415221

-2.60938 0.41522
-2.59375 0.414377

-2.59375 0.414379
-2.57812 0.4134

-2.57812 0.413412
-2.5625 0.41227

-2.5625 0.412305
-2.54688 0.410905

-2.54688 0.410965
-2.53125 0.409118

-0.250921 -0.078125
-0.25 -0.0772662

-2.5 0.403726
-2.51419 0.40625

-2.53125 0.40914
-2.51562 0.406683

-2.51562 0.406618
-2.51355 0.40625

-0.28125 -0.0384891
-0.285872 -0.03125

-0.298776 -0.015625
-0.296875 -0.00458598

-0.283844 -0.03125
-0.290292 -0.015625

-2.29265 -0.5
-2.28889 -0.484375

-2.2921 -0.484375
-2.28125 -0.471282

-2.28125 -0.473151
-2.26562 -0.469451

-2.26562 -0.472834
-2.25 -0.484233

-0.295784 -0.015625
-0.291205 0

-0.265625 -0.051733
-0.275212 -0.046875

-0.28125 -0.0411047
-0.27429 -0.046875

-0.265625 -0.0484711
-0.25 -0.0477909

-2.27016 -0.46875
-2.26562 -0.468562

-2.3125 -0.254218
-2.31486 -0.25

-2.28125 -0.289978
-2.29156 -0.28125

-0.28125 -0.00422746
-0.279514 0

-2.29688 -0.276336
-2.30586 -0.265625

-2.3125 -0.254169
-2.30576 -0.265625

-2.29688 -0.275928
-2.29149 -0.28125

-0.015625 -0.255317
-0.0265698 -0.25

-0.015625 -0.255165
0 -0.261126

-2.26562 -0.300833
-2.27185 -0.296875

-2.28125 -0.289659
-2.2704 -0.296875

-0.25 -0.13878
-0.234375 -0.134953

-0.234375 -0.135153
-0.21875 -0.126523

-2.26562 -0.301482
-2.25 -0.306528

-0.25 -0.084158
-0.24497 -0.078125

-0.243492 -0.078125
-0.234375 -0.0712882

-0.234375 -0.0703155
-0.221611 -0.0625

-0.218033 -0.125
-0.203125 -0.113693

-2.31467 -0.25
-2.3202 -0.234375

-2.32014 -0.234375
-2.32264 -0.21875

-2.32316 -0.21875
-2.3217 -0.203125

-2.32281 -0.203125
-2.31417 -0.1875

-2.31471 -0.1875
-2.3125 -0.184959

-2.3125 -0.185703
-2.29688 -0.173124

-0.203125 -0.111734
-0.200261 -0.109375

-0.196674 -0.109375
-0.1875 -0.101013

-2.29688 -0.174643
-2.28928 -0.171875

-2.28927 -0.171875
-2.28125 -0.168954

-0.25 -0.0476214
-0.245947 -0.046875

-0.24773 -0.046875
-0.234375 -0.0399944

-2.28125 -0.169218
-2.26562 -0.166834

-2.26562 -0.167175
-2.25 -0.166887

-0.223102 -0.0625
-0.21875 -0.06097

-2.24015 -0.5
-2.248 -0.484375

-0.234375 -0.0347814
-0.228527 -0.03125

-0.220819 -0.03125
-0.21875 -0.0298457

-2.25 -0.307283
-2.23438 -0.303219

-2.23438 -0.302486
-2.22683 -0.296875

-0.21875 -0.0605629
-0.203125 -0.0551771

-0.203125 -0.0543395
-0.1875 -0.053754

-2.22693 -0.296875
-2.21875 -0.287889

-2.21875 -0.287198
-2.21473 -0.28125

-0.21875 -0.0266816
-0.203125 -0.0187604

-0.203125 -0.0189306
-0.19414 -0.015625

-0.194638 -0.015625
-0.1875 -0.0129989

-0.1875 -0.098668
-0.18219 -0.09375

-2.21612 -0.28125
-2.20767 -0.265625

-2.2082 -0.265625
-2.20312 -0.257315

-0.181503 -0.09375
-0.171875 -0.0825066

-0.171875 -0.0889298
-0.16379 -0.078125

-2.20312 -0.257312
-2.19863 -0.25

-2.07812 -0.440479
-2.08473 -0.4375

-0.161767 -0.078125
-0.166256 -0.0625

-0.1875 -0.0526895
-0.171875 -0.0607086

-2.07812 -0.440373
-2.0625 -0.442898

-2.10938 -0.42014
-2.11898 -0.40625

-2.09375 -0.434157
-2.10814 -0.421875

-2.10938 -0.420074
-2.10796 -0.421875

-2.11855 -0.40625
-2.12349 -0.390625

-2.12339 -0.390625
-2.12352 -0.375

-2.09375 -0.433838
-2.08568 -0.4375

-2.0625 -0.443025
-2.04688 -0.441445

-0.171875 -0.0603072
-0.16935 -0.0625

-0.1875 -0.0148981
-0.171875 -0.00754895

-2.04688 -0.441585
-2.0374 -0.4375

-2.03561 -0.4375
-2.03125 -0.43562

-0.171875 -0.00862066
-0.161843 0

-0.0625 -0.227709
-0.0729126 -0.21875

-2.03125 -0.435642
-2.01562 -0.421898

-2.01599 -0.421875
-2.01562 -0.421353

-2.01562 -0.421533
-2.00593 -0.40625

-2.0065 -0.40625
-2.00258 -0.390625

-0.078125 -0.214048
-0.0866675 -0.203125

-0.0870571 -0.203125
-0.0927932 -0.1875

-2.00268 -0.390625
-2.00342 -0.375

-2.12369 -0.375
-2.11891 -0.359375

-2.11944 -0.359375
-2.10938 -0.34514

-2.10938 -0.345412
-2.10795 -0.34375

-2.10832 -0.34375
-2.09375 -0.332058

-2.09375 -0.332677
-2.082 -0.328125

-2.08139 -0.328125
-2.07812 -0.326869

-2.07812 -0.32694
-2.0625 -0.325595

-0.078125 -0.213595
-0.0733693 -0.21875

-0.0929636 -0.1875
-0.0906337 -0.171875

-0.0908793 -0.171875
-0.0796515 -0.15625

-0.0785111 -0.15625
-0.078125 -0.155872

-0.078125 -0.155397
-0.0625 -0.143426

-2.04688 -0.328168
-2.04713 -0.328125

-2.0625 -0.325734
-2.048 -0.328125

-2.03125 -0.335145
-2.04592 -0.328125

-2.01562 -0.34954
-2.0206 -0.34375

-2.00321 -0.375
-2.00882 -0.359375

-2.01562 -0.349463
-2.00848 -0.359375

-2.03125 -0.335416
-2.02111 -0.34375

-0.046875 -0.238495
-0.05294 -0.234375

-0.0625 -0.227453
-0.052675 -0.234375

-0.046875 -0.238366
-0.03125 -0.247565

-0.03125 -0.247343
-0.0257809 -0.25

-2.19924 -0.25
-2.1875 -0.235884

-2.25 -0.167056
-2.23438 -0.167842

-0.0625 -0.143891
-0.0552744 -0.140625

-0.0532794 -0.140625
-0.046875 -0.13773

-2.23438 -0.16801
-2.21875 -0.169197

-2.21875 -0.169394
-2.20312 -0.170254

-0.046875 -0.137991
-0.03125 -0.132579

-0.03125 -0.133157
-0.015625 -0.126769

-0.015625 -0.126568
-0.0118833 -0.125

-2.20312 -0.170496
-2.1875 -0.17015

-2.1875 -0.236369
-2.18556 -0.234375

-0.0114165 -0.125
0 -0.117666

-0.00227778 -0.109375
-0.00524392 -0.09375

-2.18593 -0.234375
-2.17188 -0.222017

-2.17188 -0.222751
-2.1654 -0.21875

-2.16722 -0.21875
-2.15625 -0.212015

-2.15625 -0.212525
-2.14062 -0.206729

-2.14062 -0.207074
-2.125 -0.204174

-0.00177658 -0.09375
-0.00373239 -0.078125

-0.00329958 -0.078125
0 -0.0634315

-2.1875 -0.170487
-2.17188 -0.167779

-2.17188 -0.167948
-2.15625 -0.161866

-2.15625 -0.161658
-2.14739 -0.15625

-2.14707 -0.15625
-2.14062 -0.152299

-0.0168625 -0.046875
-0.015625 -0.0448563

-0.0134982 -0.0625
-0.00298118 -0.046875

-2.14062 -0.152012
-2.12636 -0.140625

-2.12653 -0.140625
-2.125 -0.139308

-0.015625 -0.0448506
0 -0.0436978

-0.015625 -0.00916104
-0.0207287 0

-0.015625 -0.0108215
0 -0.00924413

-2.125 -0.204358
-2.10938 -0.203295

-2.10938 -0.203374
-2.09375 -0.203622

-2.09375 -0.203595
-2.07812 -0.205052

-2.07812 -0.204963
-2.0625 -0.207863

-2.125 -0.139166
-2.10951 -0.125

-2.03125 -0.219455
-2.03283 -0.21875

-2.0625 -0.207739
-2.04688 -0.212512

-2.04688 -0.21247
-2.03281 -0.21875

-0.285126 0
-0.28125 0.00411079

-0.28125 0.0036913
-0.271167 0.015625

-2.03125 -0.219456
-2.01562 -0.22869

-2 -0.239811
-2.00774 -0.234375

-2.01562 -0.229061
-2.00802 -0.234375

-2.10964 -0.125
-2.10938 -0.124753

-0.273048 0.015625
-0.265625 0.0253005

-0.265625 0.0254273
-0.259897 0.03125

-2.10938 -0.124631
-2.09375 -0.109714

-2.09375 -0.109642
-2.09347 -0.109375

-0.262705 0.03125
-0.25 0.0409257

-2.09362 -0.109375
-2.07812 -0.0948681

-2.07812 -0.095039
-2.0767 -0.09375

-2.07694 -0.09375
-2.0625 -0.0810068

-0.5 0.45183
-0.490907 0.453125

-0.487581 0.453125
-0.484375 0.453582

-2.0625 -0.081258
-2.0588 -0.078125

-2.05881 -0.078125
-2.04688 -0.0679387

-0.484375 0.453852
-0.46875 0.455899

-0.46875 0.456013
-0.453125 0.457763

-2.04688 -0.068039
-2.04054 -0.0625

-2.04034 -0.0625
-2.03125 -0.0541317

-0.453125 0.457718
-0.4375 0.459031

-0.4375 0.459028
-0.421875 0.459999

-2.03125 -0.0540895
-2.02416 -0.046875

-2.02388 -0.046875
-2.01562 -0.0370778

-2.01562 -0.0373065
-2.0109 -0.03125

-2.01086 -0.03125
-2.00055 -0.015625

-2.00067 -0.015625
-2 -0.0143118

-2.46882 0.03125
-2.4693 0.046875

-0.421875 0.459996
-0.40625 0.460636

-0.40625 0.460627
-0.390625 0.460961

-2.47014 0.046875
-2.46875 0.0483229

-2.46875 0.0312332
-2.46755 0.03125

-0.390625 0.460955
-0.375 0.461011

-2.46875 0.0312942
-2.45312 0.0403747

-2.46875 0.0475883
-2.45312 0.0472812

-0.375 0.461
-0.359375 0.460812

-0.359375 0.4608
-0.34375 0.460414

-0.34375 0.460395
-0.328125 0.459871

-0.328125 0.459852
-0.3125 0.459267

-2.5 0.40371
-2.48438 0.400996

-2.48438 0.401007
-2.46875 0.398396

-2.46875 0.398315
-2.45312 0.395948

-2.45312 0.395914
-2.4375 0.394022

-0.3125 0.45925
-0.296875 0.458675

-0.296875 0.458663
-0.28125 0.458154

-2.4375 0.394051
-2.42188 0.392644

-2.42188 0.392678
-2.40625 0.391631

-0.28125 0.458147
-0.265625 0.457743

-0.265625 0.457739
-0.25 0.457463

-0.25 0.0388656
-0.234375 0.0445788

-0.234375 0.0446796
-0.21875 0.046406

-0.21875 0.046338
-0.203125 0.044012

-0.203125 0.04389
-0.1875 0.0378916

-2.40625 0.391659
-2.39062 0.390847

-2.375 0.390193
-2.38553 0.390625

-2.39062 0.390881
-2.38437 0.390625

-2.375 0.390199
-2.35938 0.389747

-2.35938 0.389755
-2.34375 0.389497

-2.34375 0.389498
-2.32812 0.389415

-2.32812 0.389416
-2.3125 0.389505

-2.3125 0.389505
-2.29688 0.389765

-2.29688 0.38977
-2.28125 0.390189

-2.28125 0.390203
-2.26958 0.390625

-0.171875 0.0293117
-0.175206 0.03125

-0.160181 0
-0.15625 0.011845

-2.26778 0.390625
-2.26562 0.390703

-2.26562 0.390732
-2.25 0.391487

-0.156352 0.015625
-0.170259 0.03125

-0.1875 0.0372202
-0.176326 0.03125

-0.15625 0.010158
-0.155169 0.015625

-0.15625 0.0206496
-0.153918 0.015625

-2.17188 0.279527
-2.1736 0.28125

-2.25 0.391489
-2.23438 0.392475

-0.127449 0.078125
-0.127663 0.09375

-2.23438 0.392482
-2.21875 0.393683

-2.21875 0.393689
-2.20312 0.395077

-2.20312 0.395082
-2.1875 0.396636

-2.1875 0.396648
-2.17188 0.398333

-0.111504 0.078125
-0.117875 0.09375

-0.109375 0.0918748
-0.09375 0.0824075

-0.111905 0.09375
-0.109375 0.0955673

-0.109375 0.0947011
-0.09375 0.102964

-0.09375 0.0866337
-0.078125 0.0861971

-2.17188 0.398339
-2.15625 0.400115

-2.15625 0.400129
-2.14062 0.401954

-2.14062 0.401961
-2.125 0.403796

-0.078125 0.0909836
-0.0625 0.0830223

-0.09375 0.0994921
-0.078125 0.0999611

-2.125 0.40383
-2.10938 0.405593

-2.10938 0.405743
-2.10483 0.40625

-0.078125 0.0973614
-0.0625 0.101007

-0.046875 0.0613341
-0.0480806 0.0625

-0.03125 0.0616062
-0.0323875 0.0625

-0.0198745 0
-0.015625 0.0135201

0 0.0151584
-0.00360038 0.015625

-2.10177 0.40625
-2.09375 0.407144

-2.09375 0.407325
-2.07812 0.409063

-2.07812 0.409039
-2.0625 0.410725

-2.0625 0.41075
-2.04688 0.41238

-0.00763217 0.015625
0 0.0226135

-0.015625 0.0512423
-0.0265263 0.0625

-2.04688 0.412381
-2.03125 0.413902

-2.03125 0.413903
-2.01562 0.41531

0 0.0365459
-0.0139468 0.046875

-0.015625 0.0470555
-0.0153803 0.046875

-2.01562 0.415309
-2 0.4166

-0.046875 0.0766282
-0.049902 0.078125

-0.0625 0.0888051
-0.0540637 0.078125

-0.046875 0.0764758
-0.03125 0.0666911

-0.0625 0.0977935
-0.046875 0.104084

-0.046875 0.101006
-0.03125 0.10477

-0.03125 0.0710091
-0.0214222 0.0625

-0.03125 0.104976
-0.015625 0.106194

-0.015625 0.108919
0 0.101729

-0.25 0.457462
-0.234375 0.457322

-0.234375 0.457324
-0.21875 0.457319

-0.21875 0.457324
-0.203125 0.457441

-0.203125 0.457449
-0.1875 0.45766

-0.1875 0.457669
-0.171875 0.457939

-0.171875 0.457944
-0.15625 0.458243

-0.15625 0.458243
-0.140625 0.45856

-0.140625 0.45856
-0.125 0.458897

-0.125 0.458906
-0.109375 0.459248

-0.109375 0.459272
-0.09375 0.459553

-0.09375 0.459583
-0.078125 0.459698

-0.078125 0.459708
-0.0625 0.459578

