-3.5 -0.000142323
-3.75283 0

-4 1.48508e-05
-3.94746 0

-3.25 -0.000178067
-3.42858 0

-3.125 -0.000354358
-3.22532 0

-3.0625 -0.000697314
-3.12439 0

-3.0625 -0.000434343
-3.03125 -0.00137404

-3.03125 -0.00166157
-3 -0.00313972

-3 -0.00313797
-2.98438 -0.00386311

-2.98438 -0.00386364
-2.96875 -0.00457726

-2.96875 -0.00457725
-2.95312 -0.00527831

-2.95312 -0.00527833
-2.9375 -0.00596683

-2.9375 -0.0059668
-2.92188 -0.00664274

-2.92188 -0.00664272
-2.90625 -0.0073062

-2.90625 -0.00730617
-2.89062 -0.00795727

-2.89062 -0.00795726
-2.875 -0.00859606

-2.875 -0.00859603
-2.85938 -0.00922262

-2.85938 -0.0092226
-2.84375 -0.00983708

-2.84375 -0.00983706
-2.82812 -0.0104395

-2.82812 -0.0104395
-2.8125 -0.01103

-2.8125 -0.01103
-2.79688 -0.0116086

-2.79688 -0.0116086
-2.78125 -0.0121755

-2.78125 -0.0121755
-2.76562 -0.0127308

-2.76562 -0.0127307
-2.75 -0.0132744

-2.75 -0.0132744
-2.73438 -0.0138066

-2.73438 -0.0138066
-2.71875 -0.0143274

-2.71875 -0.0143274
-2.70312 -0.0148369

-2.70312 -0.0148369
-2.6875 -0.0153352

-2.67188 -0.0158215
-2.67818 -0.015625

-2.6875 -0.0153359
-2.67823 -0.015625

-2.67188 -0.0158224
-2.65625 -0.0162985

-2.65625 -0.0162985
-2.64062 -0.0167637

-2.64062 -0.0167637
-2.625 -0.0172181

-2.625 -0.0172181
-2.60938 -0.0176617

-2.60938 -0.0176616
-2.59375 -0.0180946

-2.59375 -0.0180946
-2.57812 -0.0185169

-2.57812 -0.0185169
-2.5625 -0.0189288

-2.5625 -0.0189288
-2.54688 -0.0193302

1.03125 0.0211208
1.04688 0.0213489

1.04688 0.0213489
1.0625 0.0215735

1.0625 0.0215735
1.07812 0.0217945

-1.03125 -0.0208901
-1.01562 -0.0206335

-2.54688 -0.0193302
-2.53125 -0.0197214

-1.01562 -0.0206335
-1 -0.0203734

1.07812 0.0217945
1.09375 0.0220118

1.09375 0.0220118
1.10938 0.0222254

1.10938 0.0222254
1.125 0.0224353

-2.53125 -0.0197214
-2.51562 -0.0201023

1.125 0.0224353
1.14062 0.0226413

1.14062 0.0226413
1.15625 0.0228435

1.15625 0.0228435
1.17188 0.0230418

1.17188 0.0230418
1.1875 0.0232362

1.1875 0.0232362
1.20312 0.0234266

1.20312 0.0234266
1.21875 0.0236129

1.21875 0.023613
1.23438 0.0237952

1.23438 0.0237952
1.25 0.0239734

0 0.000639508
0.015625 0.00099512

-2.51562 -0.0201023
-2.5 -0.020473

0.015625 0.000995135
0.03125 0.00135046

0.03125 0.00135047
0.046875 0.00170544

0.046875 0.00170546
0.0625 0.00206003

-1 -0.0203734
-0.984375 -0.02011

0.0625 0.00206004
0.078125 0.00241415

-0.984375 -0.02011
-0.96875 -0.0198433

-0.96875 -0.0198433
-0.953125 -0.0195733

-0.953125 -0.0195733
-0.9375 -0.0193002

-0.9375 -0.0193002
-0.921875 -0.0190239

-0.921875 -0.0190239
-0.90625 -0.0187446

0.078125 0.00241416
0.09375 0.00276775

-0.90625 -0.0187446
-0.890625 -0.0184623

-0.890625 -0.0184623
-0.875 -0.0181771

0.09375 0.00276776
0.109375 0.00312077

0.109375 0.00312079
0.125 0.00347317

-0.875 -0.0181771
-0.859375 -0.0178891

0.125 0.00347318
0.140625 0.00382488

0.140625 0.00382489
0.15625 0.00417585

0.15625 0.00417586
0.171875 0.00452603

0.171875 0.00452604
0.1875 0.00487536

0.1875 0.00487537
0.203125 0.0052238

-0.859375 -0.0178891
-0.84375 -0.0175982

-0.84375 -0.0175982
-0.828125 -0.0173047

-0.828125 -0.0173046
-0.8125 -0.0170084

0.203125 0.00522381
0.21875 0.00557129

0.21875 0.0055713
0.234375 0.00591778

0.234375 0.00591779
0.25 0.00626321

-0.8125 -0.0170084
-0.796875 -0.0167096

-0.796875 -0.0167096
-0.78125 -0.0164083

-0.78125 -0.0164083
-0.765625 -0.0161045

-0.765625 -0.0161045
-0.75 -0.0157982

0.25 0.00626322
0.265625 0.00660754

1.25 0.0239734
1.26562 0.0241474

-0.75 -0.0157954
-0.741372 -0.015625

0.265625 0.00660756
0.28125 0.00695072

0.28125 0.00695073
0.296875 0.00729269

0.296875 0.0072927
0.3125 0.0076334

-0.741044 -0.015625
-0.734375 -0.0154933

-0.734375 -0.0154896
-0.71875 -0.0151787

-0.71875 -0.0151787
-0.703125 -0.0148655

-0.703125 -0.0148655
-0.6875 -0.01455

-0.6875 -0.01455
-0.671875 -0.0142324

-0.671875 -0.0142324
-0.65625 -0.0139126

-0.65625 -0.0139126
-0.640625 -0.0135909

-0.640625 -0.0135908
-0.625 -0.0132671

-0.625 -0.0132671
-0.609375 -0.0129414

-0.609375 -0.0129414
-0.59375 -0.0126138

-0.59375 -0.0126138
-0.578125 -0.0122845

-0.578125 -0.0122845
-0.5625 -0.0119534

-0.5625 -0.0119534
-0.546875 -0.0116206

-0.546875 -0.0116206
-0.53125 -0.0112862

-0.53125 -0.0112862
-0.515625 -0.0109503

-0.515625 -0.0109503
-0.5 -0.0106128

-0.5 -0.0106128
-0.484375 -0.0102739

-0.484375 -0.0102739
-0.46875 -0.00993364

-0.46875 -0.00993363
-0.453125 -0.00959202

-0.453125 -0.00959201
-0.4375 -0.00924913

-0.4375 -0.00924912
-0.421875 -0.00890503

-0.421875 -0.00890501
-0.40625 -0.00855976

-0.40625 -0.00855974
-0.390625 -0.00821339

-2.5 -0.020473
-2.48438 -0.0208338

-2.48438 -0.0208337
-2.46875 -0.0211845

-2.46875 -0.0211845
-2.45312 -0.0215254

-2.45312 -0.0215253
-2.4375 -0.0218564

-2.4375 -0.0218564
-2.42188 -0.0221778

-2.42188 -0.0221777
-2.40625 -0.0224895

-2.40625 -0.0224895
-2.39062 -0.0227917

-2.39062 -0.0227916
-2.375 -0.0230844

-2.375 -0.0230843
-2.35938 -0.0233677

-2.35938 -0.0233676
-2.34375 -0.0236417

-2.34375 -0.0236416
-2.32812 -0.0239064

-2.32812 -0.0239064
-2.3125 -0.024162

-2.3125 -0.024162
-2.29688 -0.0244086

-2.29688 -0.0244086
-2.28125 -0.0246461

-2.28125 -0.0246461
-2.26562 -0.0248747

-2.26562 -0.0248747
-2.25 -0.0250945

-2.25 -0.0250945
-2.23438 -0.0253056

-2.23438 -0.0253055
-2.21875 -0.0255079

-2.21875 -0.0255079
-2.20312 -0.0257017

-2.20312 -0.0257016
-2.1875 -0.0258869

-2.1875 -0.0258869
-2.17188 -0.0260637

-2.17188 -0.0260636
-2.15625 -0.026232

-2.15625 -0.026232
-2.14062 -0.0263921

-2.14062 -0.0263921
-2.125 -0.026544

-2.125 -0.026544
-2.10938 -0.0266877

-2.10938 -0.0266877
-2.09375 -0.0268233

-2.09375 -0.0268233
-2.07812 -0.0269509

-2.07812 -0.0269509
-2.0625 -0.0270706

-2.0625 -0.0270706
-2.04688 -0.0271824

-2.04688 -0.0271824
-2.03125 -0.0272864

-2.03125 -0.0272864
-2.01562 -0.0273827

-2.01562 -0.0273827
-2 -0.0274714

-2 -0.0274714
-1.98438 -0.0275524

-1.98438 -0.0275524
-1.96875 -0.027626

-1.96875 -0.027626
-1.95312 -0.0276921

-1.95312 -0.0276921
-1.9375 -0.0277508

-1.9375 -0.0277508
-1.92188 -0.0278023

-1.92188 -0.0278023
-1.90625 -0.0278465

-1.90625 -0.0278465
-1.89062 -0.0278836

-1.89062 -0.0278836
-1.875 -0.0279137

-1.875 -0.0279136
-1.85938 -0.0279367

-1.85938 -0.0279367
-1.84375 -0.0279528

-1.84375 -0.0279527
-1.82812 -0.027962

-1.82812 -0.027962
-1.8125 -0.0279644

-1.8125 -0.0279644
-1.79688 -0.0279601

-1.79688 -0.02796
-1.78125 -0.0279491

-1.78125 -0.0279491
-1.76562 -0.0279315

-1.76562 -0.0279315
-1.75 -0.0279074

-1.75 -0.0279074
-1.73438 -0.0278768

-1.73438 -0.0278768
-1.71875 -0.0278399

-1.71875 -0.0278399
-1.70312 -0.0277966

-1.70312 -0.0277966
-1.6875 -0.027747

-1.6875 -0.027747
-1.67188 -0.0276913

-1.67188 -0.0276913
-1.65625 -0.0276294

-1.65625 -0.0276294
-1.64062 -0.0275615

-1.64062 -0.0275615
-1.625 -0.0274875

-1.625 -0.0274875
-1.60938 -0.0274077

-1.60938 -0.0274077
-1.59375 -0.0273219

-1.59375 -0.0273219
-1.57812 -0.0272304

-1.57812 -0.0272304
-1.5625 -0.0271332

-1.5625 -0.0271331
-1.54688 -0.0270302

-1.54688 -0.0270302
-1.53125 -0.0269217

-1.53125 -0.0269217
-1.51562 -0.0268077

-1.51562 -0.0268077
-1.5 -0.0266882

-1.5 -0.0266882
-1.48438 -0.0265633

-1.48438 -0.0265633
-1.46875 -0.0264331

-1.46875 -0.0264331
-1.45312 -0.0262976

-1.45312 -0.0262976
-1.4375 -0.026157

-1.4375 -0.026157
-1.42188 -0.0260112

-1.42188 -0.0260112
-1.40625 -0.0258604

-1.40625 -0.0258604
-1.39062 -0.0257046

-1.39062 -0.0257046
-1.375 -0.0255439

-1.375 -0.0255438
-1.35938 -0.0253783

-1.35938 -0.0253782
-1.34375 -0.0252079

-1.34375 -0.0252079
-1.32812 -0.0250327

-1.32812 -0.0250327
-1.3125 -0.0248529

-1.3125 -0.0248529
-1.29688 -0.0246685

-1.29688 -0.0246685
-1.28125 -0.0244796

-1.28125 -0.0244796
-1.26562 -0.0242862

-1.26562 -0.0242862
-1.25 -0.0240884

1.26562 0.0241474
1.28125 0.0243171

1.28125 0.0243171
1.29688 0.0244826

1.29688 0.0244826
1.3125 0.0246438

1.3125 0.0246438
1.32812 0.0248006

1.32812 0.0248006
1.34375 0.024953

1.34375 0.024953
1.35938 0.0251009

1.35938 0.0251009
1.375 0.0252443

1.375 0.0252443
1.39062 0.0253832

1.39062 0.0253832
1.40625 0.0255174

1.40625 0.0255174
1.42188 0.0256469

1.42188 0.0256469
1.4375 0.0257717

1.4375 0.0257717
1.45312 0.0258918

1.45312 0.0258918
1.46875 0.026007

1.46875 0.026007
1.48438 0.0261173

1.48438 0.0261173
1.5 0.0262227

1.5 0.0262227
1.51562 0.0263231

1.51562 0.0263231
1.53125 0.0264185

1.53125 0.0264185
1.54688 0.0265087

0.3125 0.00763341
0.328125 0.0079728

0.328125 0.00797281
0.34375 0.00831084

0.34375 0.00831085
0.359375 0.00864747

0.359375 0.00864748
0.375 0.00898264

0.375 0.00898265
0.390625 0.0093163

0.390625 0.00931631
0.40625 0.00964839

0.40625 0.0096484
0.421875 0.00997888

0.421875 0.00997889
0.4375 0.0103077

0.4375 0.0103077
0.453125 0.0106348

0.453125 0.0106348
0.46875 0.0109602

0.46875 0.0109602
0.484375 0.0112837

0.484375 0.0112838
0.5 0.0116055

0.5 0.0116055
0.515625 0.0119253

0.515625 0.0119253
0.53125 0.0122431

0.53125 0.0122431
0.546875 0.012559

0.546875 0.012559
0.5625 0.0128729

0.5625 0.0128729
0.578125 0.0131846

0.578125 0.0131846
0.59375 0.0134942

0.59375 0.0134943
0.609375 0.0138017

0.609375 0.0138017
0.625 0.0141069

0.625 0.0141069
0.640625 0.0144099

0.640625 0.0144099
0.65625 0.0147105

0.65625 0.0147105
0.671875 0.0150088

0.671875 0.0150088
0.6875 0.0153046

0.6875 0.0153047
0.703125 0.0155981

0.703125 0.0156054
0.704176 0.015625

0.704606 0.015625
0.71875 0.0158884

0.71875 0.0158891
0.734375 0.0161776

0.734375 0.0161776
0.75 0.0164636

0.75 0.0164636
0.765625 0.016747

0.765625 0.016747
0.78125 0.0170278

0.78125 0.0170278
0.796875 0.0173059

0.796875 0.017306
0.8125 0.0175813

0.8125 0.0175814
0.828125 0.017854

0.828125 0.017854
0.84375 0.0181237

0.84375 0.0181238
0.859375 0.0183906

0.859375 0.0183907
0.875 0.0186546

0.875 0.0186546
0.890625 0.0189155

0.890625 0.0189156
0.90625 0.0191735

0.90625 0.0191735
0.921875 0.0194283

0.921875 0.0194283
0.9375 0.0196799

0.9375 0.0196799
0.953125 0.0199284

0.953125 0.0199284
0.96875 0.0201736

0.96875 0.0201736
0.984375 0.0204155

0.984375 0.0204155
1 0.020654

1.54688 0.0265088
1.5625 0.0265938

1.5625 0.0265939
1.57812 0.0266737

1.57812 0.0266738
1.59375 0.0267484

1.59375 0.0267484
1.60938 0.0268177

1 0.020654
1.01562 0.0208891

1.01562 0.0208891
1.03125 0.0211208

1.60938 0.0268177
1.625 0.0268816

1.625 0.0268816
1.64062 0.0269401

1.64062 0.0269401
1.65625 0.026993

1.65625 0.0269931
1.67188 0.0270405

1.67188 0.0270405
1.6875 0.0270823

1.6875 0.0270823
1.70312 0.0271184

1.70312 0.0271184
1.71875 0.0271488

-1.25 -0.0240883
-1.23438 -0.0238862

-1.23438 -0.0238862
-1.21875 -0.0236797

-1.21875 -0.0236797
-1.20312 -0.023469

-1.20312 -0.023469
-1.1875 -0.0232542

-1.1875 -0.0232542
-1.17188 -0.0230352

-0.390625 -0.00821337
-0.375 -0.00786597

1.71875 0.0271488
1.73438 0.0271734

-0.375 -0.00786595
-0.359375 -0.00751756

-0.359375 -0.00751755
-0.34375 -0.00716822

-0.34375 -0.00716821
-0.328125 -0.006818

-0.328125 -0.00681799
-0.3125 -0.00646697

1.73438 0.0271734
1.75 0.0271921

-0.3125 -0.00646695
-0.296875 -0.00611517

-0.296875 -0.00611515
-0.28125 -0.00576266

-0.28125 -0.00576265
-0.265625 -0.00540951

-0.265625 -0.0054095
-0.25 -0.00505576

-1.17188 -0.0230352
-1.15625 -0.0228122

-1.15625 -0.0228122
-1.14062 -0.0225852

-1.14062 -0.0225852
-1.125 -0.0223543

1.75 0.0271922
1.76562 0.027205

-0.25 -0.00505575
-0.234375 -0.00470148

1.76562 0.027205
1.78125 0.0272119

-1.125 -0.0223543
-1.10938 -0.0221196

-1.10938 -0.0221196
-1.09375 -0.021881

-0.234375 -0.00470146
-0.21875 -0.00434672

1.78125 0.0272119
1.79688 0.0272127

1.79688 0.0272127
1.8125 0.0272075

-0.21875 -0.0043467
-0.203125 -0.00399153

-0.203125 -0.00399151
-0.1875 -0.00363597

-1.09375 -0.021881
-1.07812 -0.0216388

-0.1875 -0.00363596
-0.171875 -0.0032801

-0.171875 -0.00328009
-0.15625 -0.00292398

1.8125 0.0272075
1.82812 0.0271961

1.82812 0.0271961
1.84375 0.0271785

-1.07812 -0.0216387
-1.0625 -0.0213928

1.84375 0.0271785
1.85938 0.0271547

-1.0625 -0.0213928
-1.04688 -0.0211432

1.85938 0.0271547
1.875 0.0271244

-1.04688 -0.0211432
-1.03125 -0.0208901

1.875 0.0271245
1.89062 0.0270878

1.89062 0.0270879
1.90625 0.0270448

1.90625 0.0270448
1.92188 0.0269951

1.92188 0.0269952
1.9375 0.0269389

1.9375 0.0269389
1.95312 0.026876

1.95312 0.0268761
1.96875 0.0268064

1.96875 0.0268064
1.98438 0.02673

1.98438 0.02673
2 0.0266466

-0.15625 -0.00292397
-0.140625 -0.00256766

-0.140625 -0.00256764
-0.125 -0.00221119

-0.125 -0.00221117
-0.109375 -0.00185463

-0.109375 -0.00185462
-0.09375 -0.00149804

-0.09375 -0.00149803
-0.078125 -0.00114148

-0.078125 -0.00114146
-0.0625 -0.000784978

-0.0625 -0.000784971
-0.046875 -0.000428598

2 0.0266467
2.01562 0.0265564

2.01562 0.0265564
2.03125 0.0264591

2.03125 0.0264591
2.04688 0.0263547

2.04688 0.0263547
2.0625 0.0262431

2.0625 0.0262431
2.07812 0.0261243

2.07812 0.0261243
2.09375 0.0259981

2.09375 0.0259981
2.10938 0.0258646

2.10938 0.0258646
2.125 0.0257236

-0.046875 -0.000428576
-0.03125 -7.23756e-05

-0.03125 -4.85322e-05
-0.02912 0

2.125 0.0257236
2.14062 0.025575

2.14062 0.025575
2.15625 0.0254188

2.15625 0.0254189
2.17188 0.025255

2.17188 0.025255
2.1875 0.0250833

2.1875 0.0250833
2.20312 0.0249038

2.20312 0.0249038
2.21875 0.0247163

2.21875 0.0247163
2.23438 0.0245208

2.23438 0.0245208
2.25 0.0243172

-0.0278474 0
-0.015625 0.000278494

-0.015625 0.000283648
0 0.000639497

2.25 0.0243172
2.26562 0.0241054

2.26562 0.0241054
2.28125 0.0238853

2.28125 0.0238853
2.29688 0.0236569

2.29688 0.0236569
2.3125 0.02342

2.3125 0.02342
2.32812 0.0231745

2.32812 0.0231745
2.34375 0.0229204

2.34375 0.0229205
2.35938 0.0226577

2.35938 0.0226577
2.375 0.0223861

2.375 0.0223861
2.39062 0.0221056

2.39062 0.0221056
2.40625 0.0218161

2.40625 0.0218161
2.42188 0.0215175

2.42188 0.0215175
2.4375 0.0212097

2.4375 0.0212097
2.45312 0.0208927

2.45312 0.0208927
2.46875 0.0205663

2.46875 0.0205663
2.48438 0.0202304

2.48438 0.0202305
2.5 0.019885

2.5 0.019885
2.51562 0.0195299

2.51562 0.01953
2.53125 0.0191651

2.53125 0.0191651
2.54688 0.0187904

2.54688 0.0187904
2.5625 0.0184057

2.5625 0.0184058
2.57812 0.018011

2.57812 0.018011
2.59375 0.0176061

2.59375 0.0176062
2.60938 0.017191

2.60938 0.017191
2.625 0.0167655

2.625 0.0167655
2.64062 0.0163296

2.64062 0.0163296
2.65625 0.015883

2.67188 0.015422
2.66494 0.015625

2.65625 0.015886
2.66517 0.015625

2.67188 0.0154259
2.6875 0.0149579

2.6875 0.0149579
2.70312 0.0144791

2.70312 0.0144791
2.71875 0.0139893

2.71875 0.0139893
2.73438 0.0134884

2.73438 0.0134884
2.75 0.0129762

2.75 0.0129763
2.76562 0.0124527

2.76562 0.0124528
2.78125 0.0119178

2.78125 0.0119178
2.79688 0.0113712

2.79688 0.0113713
2.8125 0.0108129

2.8125 0.010813
2.82812 0.0102428

2.82812 0.0102429
2.84375 0.00966075

2.84375 0.00966078
2.85938 0.00906657

2.85938 0.0090666
2.875 0.00846019

2.875 0.00846022
2.89062 0.00784148

2.89062 0.00784151
2.90625 0.00721032

2.90625 0.00721034
2.92188 0.0065666

2.92188 0.00656662
2.9375 0.00591021

2.9375 0.00591024
2.95312 0.00524106

2.95312 0.00524108
2.96875 0.00455906

2.96875 0.00455908
2.98438 0.00386413

2.98438 0.00386371
3 0.00315662

3 0.0031603
3.03125 0.00170885

3.03125 0.00142119
3.0625 0.000494787

3.0625 0.000757212
3.125 5.5438e-05

3.125 0.000408225
3.23546 0

3.25 0.000198708
3.42407 0

4 -6.51632e-05
3.8109 0

3.5 0.000121226
3.68585 0

