-3.78447 -0.5
-3.78125 -0.490837

-3.78125 -0.497605
-3.75139 -0.46875

-3.71875 -0.497382
-3.74871 -0.46875

-3.75 -0.468706
-3.74986 -0.46875

-3.71875 -0.490051
-3.71522 -0.5

-3.62843 -0.5
-3.625 -0.490502

-2 0.466952
-1.96875 0.466078

-1.96875 0.466055
-1.9375 0.465825

-1.9375 0.465899
-1.90625 0.466209

-1.90625 0.466458
-1.875 0.46666

-1.875 0.466774
-1.84375 0.466142

-1.84375 0.466189
-1.8125 0.4644

-1.8125 0.464328
-1.78125 0.46143

-1.78125 0.461272
-1.75 0.457726

-1.75 0.457649
-1.71875 0.453926

-1.71875 0.453926
-1.6875 0.450182

-1.6875 0.450193
-1.65625 0.446409

-1.65625 0.446421
-1.625 0.442553

-1.5625 0.434693
-1.58382 0.4375

-1.625 0.44255
-1.59375 0.438577

-1.5625 0.43445
-1.53125 0.430218

-1.53125 0.430145
-1.5 0.42601

-1.5 0.425947
-1.46875 0.422185

-1.46875 0.422138
-1.4375 0.418973

-1.4375 0.418952
-1.40625 0.416519

-1.40625 0.416519
-1.375 0.414858

0 0.451427
0.03125 0.455155

2.00013 0.46875
2.03125 0.471951

0.03125 0.455239
0.0625 0.459064

0.0625 0.45919
0.09375 0.462693

0.09375 0.462879
0.125 0.465434

0.125 0.465391
0.15625 0.466712

0.15625 0.466591
0.1875 0.467004

-1.375 0.414888
-1.34375 0.41394

-1.34375 0.413969
-1.3125 0.413618

-1.3125 0.413644
-1.28125 0.41378

2.03125 0.471205
2.0625 0.47143

2.0625 0.4727
2.09126 0.46875

0.1875 0.466841
0.21875 0.466914

2.09375 0.464767
2.125 0.465837

2.125 0.470859
2.15625 0.47456

2.15625 0.471868
2.1875 0.469585

2.1875 0.468348
2.19542 0.46875

0.21875 0.466744
0.25 0.467143

-1.28125 0.413822
-1.25 0.414306

2.1875 0.468866
2.21875 0.472039

0.25 0.467712
0.28125 0.467637

0.28125 0.466672
0.3125 0.466916

0.3125 0.467588
0.34375 0.468739

0.375 0.468364
0.366891 0.46875

-1.25 0.414341
-1.21875 0.41502

-1.21875 0.415034
-1.1875 0.415812

-1.1875 0.415804
-1.15625 0.416672

-1.15625 0.416666
-1.125 0.417651

-1.125 0.417632
-1.09375 0.418783

-1.09375 0.418778
-1.0625 0.420141

-1.0625 0.420104
-1.03125 0.421762

-1.03125 0.421807
-1 0.423747

-3.62206 -0.5
-3.59375 -0.472362

-3.59375 -0.489252
-3.5625 -0.484545

-3.5625 -0.487048
-3.53125 -0.482497

0.34375 0.469832
0.366608 0.46875

-1 0.423804
-0.96875 0.425823

0.375 0.46568
0.40625 0.464728

-3.53125 -0.484137
-3.5 -0.483878

0.40625 0.466014
0.4375 0.4683

0.432563 0.46875
0.4375 0.469192

0.46875 0.468745
0.468359 0.46875

-0.96875 0.425845
-0.9375 0.427786

0.4375 0.470004
0.46875 0.469547

-3.5 -0.469427
-3.46875 -0.499773

0.46875 0.466645
0.5 0.465981

-0.9375 0.427773
-0.90625 0.429616

-3.46875 -0.489482
-3.46495 -0.5

-0.90625 0.429641
-0.875 0.431362

-0.875 0.431444
-0.84375 0.432831

-0.84375 0.432837
-0.8125 0.433712

-0.8125 0.433594
-0.78125 0.434182

-0.78125 0.434172
-0.75 0.434731

2.21875 0.47257
2.25 0.475231

2.25 0.474303
2.28125 0.471873

2.28125 0.470858
2.3125 0.472083

2.3125 0.471972
2.34375 0.476652

2.34375 0.476631
2.375 0.47567

0.5 0.468449
0.53125 0.468445

0.53125 0.466703
0.5625 0.465907

-0.75 0.434766
-0.71875 0.435246

-2.60268 -0.5
-2.60298 -0.46875

-0.71875 0.43525
-0.6875 0.435572

-0.6875 0.435491
-0.65625 0.435808

-0.65625 0.435778
-0.625 0.436313

-0.625 0.436453
-0.59375 0.436986

-0.59375 0.436987
-0.5625 0.437237

-2.60308 -0.46875
-2.6038 -0.4375

-2.60369 -0.4375
-2.60487 -0.40625

-2.60492 -0.40625
-2.60666 -0.375

-0.5625 0.437174
-0.53125 0.437266

-2.60654 -0.375
-2.60898 -0.34375

0.5625 0.466381
0.59375 0.467331

-2.60898 -0.34375
-2.61238 -0.3125

-0.53125 0.437219
-0.5 0.437374

-2.61238 -0.3125
-2.61674 -0.28125

-2.61674 -0.28125
-2.62207 -0.25

0.59375 0.46803
0.625 0.468378

-2.625 -0.240465
-2.62934 -0.21875

-2.62842 -0.21875
-2.63534 -0.1875

2.375 0.474523
2.40625 0.472181

0.625 0.467632
0.65625 0.46747

-0.5 0.437494
-0.498706 0.4375

2.40625 0.47211
2.4375 0.475506

2.4375 0.475008
2.46875 0.478488

-0.488806 0.4375
-0.46875 0.437593

2.46875 0.4782
2.5 0.476375

-0.46875 0.437605
-0.4375 0.437569

0.65625 0.467764
0.6875 0.467993

-0.4375 0.437448
-0.375 0.437488

-0.396638 0.4375
-0.375 0.437559

0.6875 0.468079
0.71875 0.46794

-2.63531 -0.1875
-2.64281 -0.15625

-0.375 0.43759
-0.34375 0.437666

-0.34375 0.437683
-0.3125 0.437619

2.5 0.475721
2.53125 0.474125

2.53125 0.474713
2.5625 0.476669

2.5625 0.476015
2.59375 0.477744

2.59375 0.47901
2.625 0.475808

2.625 0.473623
2.65625 0.473734

2.65625 0.475487
2.6875 0.479553

2.6875 0.478881
2.71875 0.476589

2.71875 0.476671
2.75 0.473882

2.75 0.474208
2.78125 0.475686

2.78125 0.475832
2.8125 0.477676

2.8125 0.478744
2.84375 0.474837

2.84375 0.474748
2.875 0.470947

2.875 0.470878
2.90625 0.475101

2.90625 0.475051
2.9375 0.479089

2.9375 0.478805
2.96875 0.47525

2.96875 0.47543
3 0.4716

-2.6428 -0.15625
-2.65095 -0.125

0.71875 0.467848
0.75 0.467351

-0.3125 0.437437
-0.285682 0.4375

0.75 0.467157
0.78125 0.466876

-0.3125 0.43756
-0.284019 0.4375

0.78125 0.466879
0.8125 0.467195

3 0.472316
3.03125 0.474078

0.8125 0.4674
0.84375 0.467898

3.03125 0.473976
3.0625 0.476576

-0.267907 0.4375
-0.25 0.437566

-2.6875 -0.00499979
-2.68903 0

0.84375 0.467929
0.875 0.468136

-2.65625 -0.113926
-2.66192 -0.09375

-0.25 0.437578
-0.21875 0.437886

-2.65985 -0.09375
-2.669 -0.0625

-2.65625 -0.100419
-2.64935 -0.125

0.875 0.468054
0.90625 0.468072

-2.66898 -0.0625
-2.67836 -0.03125

-2.6875 -0.00115853
-2.67828 -0.03125

3.0625 0.478328
3.09375 0.473267

-2.625 -0.229929
-2.62099 -0.25

0.90625 0.468062
0.9375 0.468072

-0.21875 0.437888
-0.1875 0.438384

0.9375 0.468124
0.96875 0.468041

-2.68807 0
-2.69758 0.03125

-2.69777 0.03125
-2.70664 0.0625

0.96875 0.468106
1 0.467695

-2.71875 0.115189
-2.72077 0.125

-2.70668 0.0625
-2.71446 0.09375

-2.71875 0.113694
-2.71464 0.09375

-0.1875 0.438296
-0.15625 0.439154

-0.15625 0.439118
-0.125 0.440586

3.125 0.468587
3.12061 0.46875

1 0.46734
1.03125 0.467179

3.09375 0.471371
3.125 0.46907

-2.72103 0.125
-2.72589 0.15625

3.125 0.46844
3.13467 0.46875

-2.72605 0.15625
-2.72889 0.1875

1.03125 0.467475
1.0625 0.467681

-0.125 0.440628
-0.09375 0.44269

1.0625 0.46772
1.09375 0.467534

-2.72887 0.1875
-2.7294 0.21875

3.125 0.472522
3.15625 0.47452

-2.72957 0.21875
-2.72748 0.25

1.0625 0.46887
1.08601 0.46875

-0.09375 0.442747
-0.0625 0.445207

1.09375 0.467588
1.125 0.466787

-0.0625 0.44515
-0.03125 0.448009

-2.72742 0.25
-2.72252 0.28125

-0.03125 0.448016
0 0.451372

-2.72302 0.28125
-2.71875 0.298499

1.09375 0.468994
1.10298 0.46875

3.15625 0.471427
3.1875 0.472999

3.21875 0.468551
3.19569 0.46875

1.125 0.465269
1.15625 0.466869

1.15625 0.46929
1.1875 0.471557

-2.71875 0.29513
-2.71445 0.3125

-2.71508 0.3125
-2.70392 0.34375

1.1875 0.47112
1.21194 0.46875

1.21875 0.466332
1.25 0.465735

3.1875 0.475359
3.21875 0.474852

3.25 0.46824
3.24217 0.46875

3.21875 0.473792
3.25 0.469684

1.25 0.467949
1.2789 0.46875

-2.70437 0.34375
-2.68842 0.375

3.25 0.469577
3.28125 0.472346

3.28125 0.468463
3.3125 0.468748

3.28125 0.474262
3.3125 0.474832

-2.68938 0.375
-2.6875 0.378125

3.3125 0.471391
3.34375 0.471672

1.26625 0.46875
1.28125 0.469178

-2.6875 0.377091
-2.66609 0.40625

3.34375 0.474321
3.375 0.475191

-2.66926 0.40625
-2.65625 0.420003

1.28125 0.468332
1.3125 0.467104

1.28125 0.469102
1.28985 0.46875

3.375 0.473181
3.40625 0.471623

3.40625 0.47147
3.4375 0.474924

-2.65625 0.416679
-2.63042 0.4375

-2.63364 0.4375
-2.625 0.443203

1.3125 0.465611
1.34375 0.466441

-2.625 0.441574
-2.59375 0.457439

3.4375 0.476253
3.46875 0.475459

-2.59375 0.457237
-2.5625 0.465594

1.34631 0.46875
1.375 0.470227

3.46875 0.474317
3.5 0.470488

1.40625 0.468545
1.40155 0.46875

1.375 0.46968
1.39208 0.46875

1.40625 0.466846
1.4375 0.466562

-2.5625 0.46546
-2.53125 0.466981

-2.53125 0.463613
-2.5 0.465303

1.4375 0.468654
1.46875 0.468099

1.4375 0.468972
1.45002 0.46875

1.46875 0.465882
1.5 0.465305

1.46875 0.468791
1.4709 0.46875

3.5 0.468615
3.50378 0.46875

3.5 0.470915
3.53125 0.473147

3.53125 0.473831
3.5625 0.475439

3.5625 0.474483
3.59375 0.472788

-2.5 0.468582
-2.49294 0.46875

-2.5 0.469252
-2.46875 0.469987

3.59375 0.474091
3.625 0.471789

3.625 0.47004
3.65625 0.472626

3.65625 0.473577
3.6875 0.477475

-2.46875 0.465973
-2.4375 0.465883

-2.4375 0.468811
-2.40625 0.47003

-2.40625 0.468639
-2.375 0.468093

3.6875 0.477066
3.71875 0.473396

-2.375 0.468358
-2.34375 0.4683

-2.34375 0.468404
-2.3125 0.468095

3.71875 0.470832
3.75 0.472881

1.5 0.466196
1.53125 0.468339

1.53125 0.469791
1.5625 0.469973

1.5625 0.468254
1.59375 0.467008

1.59375 0.467759
1.625 0.467021

-2.3125 0.468161
-2.28125 0.46726

-2.28125 0.466061
-2.25 0.466794

3.75 0.47693
3.78125 0.477631

-2.25869 0.46875
-2.25 0.469048

1.625 0.465686
1.65625 0.466624

-2.25 0.468544
-2.21875 0.468455

-2.25 0.469483
-2.21875 0.469373

-2.21875 0.466207
-2.1875 0.466375

1.65625 0.468526
1.66402 0.46875

1.65625 0.468842
1.6875 0.469744

1.6875 0.468574
1.71875 0.467302

1.6875 0.468928
1.69111 0.46875

3.78125 0.474177
3.8125 0.470939

3.8125 0.473403
3.84375 0.474681

-2.1875 0.468823
-2.15625 0.470203

1.71875 0.466146
1.75 0.467297

3.84375 0.472178
3.875 0.475492

3.875 0.475551
3.90625 0.479161

-2.125 0.468306
-2.13392 0.46875

1.75 0.470298
1.78125 0.470204

1.78125 0.467231
1.8125 0.465835

3.90625 0.477743
3.9375 0.477149

-2.15625 0.469589
-2.14271 0.46875

3.9375 0.476682
3.96875 0.476875

1.8125 0.466695
1.84375 0.46819

1.83961 0.46875
1.84375 0.469

-2.125 0.466925
-2.09375 0.465879

-2.09375 0.466095
-2.0625 0.467457

3.96875 0.47719
4 0.478079

1.875 0.468564
1.87046 0.46875

1.84375 0.470175
1.875 0.468897

-2.0625 0.468897
-2.03125 0.469353

1.875 0.465027
1.90625 0.464812

1.90625 0.468166
1.91863 0.46875

-2.03125 0.46834
-2 0.467035

1.91314 0.46875
1.9375 0.469924

1.9375 0.468214
1.96875 0.467383

1.9375 0.469124
1.94865 0.46875

1.96875 0.466783
2 0.468022

1.99489 0.46875
2 0.469078

