-3.78446 -0.5
-3.78125 -0.490852

-3.78125 -0.496983
-3.75189 -0.46875

-3.75052 -0.46875
-3.75 -0.468584

-3.71875 -0.497043
-3.74829 -0.46875

-2 0.464996
-1.96875 0.464127

-2 0.468912
-1.99558 0.46875

-1.96875 0.466123
-1.9375 0.46872

-1.9375 0.469567
-1.90625 0.469964

-1.90625 0.468595
-1.875 0.467836

-1.875 0.467957
-1.84375 0.468537

-1.84375 0.469761
-1.8125 0.46899

-1.8125 0.467295
-1.78125 0.466114

-1.78125 0.467108
-1.75 0.466916

-3.75 -0.468375
-3.74883 -0.46875

-3.71875 -0.48947
-3.71499 -0.5

-3.62829 -0.5
-3.625 -0.490835

-1.78125 0.468778
-1.77664 0.46875

-3.62185 -0.5
-3.59375 -0.47243

-3.59375 -0.489482
-3.5625 -0.48452

-3.5625 -0.487119
-3.53125 -0.48241

-3.53125 -0.484161
-3.5 -0.483867

-1.75 0.465964
-1.71875 0.466675

-1.71875 0.468061
-1.68879 0.46875

-1.69419 0.46875
-1.6875 0.468904

-1.6875 0.467289
-1.65625 0.468222

-1.625 0.468366
-1.63246 0.46875

-1.65625 0.47106
-1.625 0.469636

-1.625 0.465036
-1.59375 0.464024

-1.625 0.469561
-1.61038 0.46875

-1.59375 0.467183
-1.5687 0.46875

-1.57487 0.46875
-1.5625 0.469541

-1.53125 0.467826
-1.55814 0.46875

-1.5625 0.469533
-1.54039 0.46875

-1.53125 0.466226
-1.5 0.465854

-1.53125 0.469053
-1.51269 0.46875

-3.5 -0.469386
-3.46875 -0.499752

-3.46875 -0.489682
-3.46504 -0.5

-1.5 0.467666
-1.46875 0.468103

-1.46982 0.46875
-1.46875 0.468763

-1.46875 0.466683
-1.4375 0.467234

-1.43183 0.46875
-1.40625 0.469332

-1.40625 0.468562
-1.375 0.468199

-1.375 0.468169
-1.34375 0.468356

-1.3125 0.468491
-1.3316 0.46875

-1.34375 0.469017
-1.32404 0.46875

-1.3125 0.468161
-1.28125 0.466669

-1.28125 0.465411
-1.25 0.46613

-1.25 0.468613
-1.24035 0.46875

-1.24217 0.46875
-1.21875 0.469083

-1.21875 0.466939
-1.1875 0.466376

-1.1875 0.467225
-1.15625 0.46823

-1.15625 0.468535
-1.125 0.468741

-1.14174 0.46875
-1.125 0.468861

-1.125 0.468188
-1.09375 0.468089

-1.125 0.468769
-1.11903 0.46875

-1.0625 0.468126
-1.09318 0.46875

-2.51414 -0.5
-2.51436 -0.46875

-2.51427 -0.46875
-2.5151 -0.4375

-2.51503 -0.4375
-2.51678 -0.40625

-2.51681 -0.40625
-2.51955 -0.375

-2.51958 -0.375
-2.52322 -0.34375

-2.52323 -0.34375
-2.5277 -0.3125

-2.53125 -0.2984
-2.53416 -0.28125

-2.53301 -0.28125
-2.53914 -0.25

-2.53125 -0.287341
-2.52698 -0.3125

-2.5625 -0.171817
-2.56705 -0.15625

-2.56325 -0.15625
-2.5734 -0.125

-2.5391 -0.25
-2.54608 -0.21875

-2.54604 -0.21875
-2.55404 -0.1875

-2.5529 -0.1875
-2.56204 -0.15625

-2.5625 -0.155074
-2.56212 -0.15625

-2.59375 -0.0682125
-2.59585 -0.0625

-2.57343 -0.125
-2.58438 -0.09375

-2.59375 -0.0685932
-2.5845 -0.09375

-2.59601 -0.0625
-2.60779 -0.03125

0 0.467145
0.03125 0.466823

2 0.467351
2.03125 0.467666

2.02022 0.46875
2.03125 0.468861

-1.09375 0.46893
-1.08493 0.46875

-1.0625 0.467368
-1.03125 0.46637

-1.03125 0.465903
-1 0.467043

2.03125 0.467393
2.0625 0.467533

0.03125 0.469543
0.0625 0.471367

-0.99064 0.46875
-0.96875 0.469886

0.065922 0.46875
0.09375 0.470862

0.09375 0.471278
0.125 0.474376

2.0625 0.467743
2.09375 0.46785

-0.9375 0.468598
-0.942406 0.46875

2.09375 0.467631
2.125 0.467725

-2.6079 -0.03125
-2.61965 0

-2.625 0.0156621
-2.63071 0.03125

-2.63158 0.03125
-2.64175 0.0625

-2.65625 0.122944
-2.65669 0.125

-2.64156 0.0625
-2.64993 0.09375

-2.65625 0.12257
-2.65007 0.09375

-2.65652 0.125
-2.66179 0.15625

-2.66184 0.15625
-2.66606 0.1875

-2.65625 0.126374
-2.65602 0.125

-2.66618 0.1875
-2.669 0.21875

-0.96875 0.469819
-0.940118 0.46875

0.125 0.475005
0.15625 0.470571

0.15625 0.467711
0.1875 0.468364

0.1875 0.470643
0.21875 0.477546

0.21875 0.476102
0.25 0.474493

0.25 0.471885
0.28125 0.473085

0.28125 0.474601
0.3125 0.478393

0.3125 0.477123
0.34375 0.47543

0.34375 0.476206
0.375 0.473403

0.375 0.472567
0.40625 0.474382

-2.66909 0.21875
-2.6701 0.25

0.40625 0.474984
0.4375 0.478255

0.4375 0.47796
0.46875 0.47553

-0.9375 0.46777
-0.90625 0.466654

0.46875 0.475311
0.5 0.473068

-0.90625 0.466563
-0.875 0.467426

-0.875 0.469057
-0.84375 0.46882

-0.84375 0.466945
-0.8125 0.466096

-0.8125 0.466548
-0.78125 0.467931

-2.625 0.0131553
-2.62018 0

-2.67024 0.25
-2.66897 0.28125

-2.66928 0.28125
-2.66484 0.3125

-2.66498 0.3125
-2.65647 0.34375

-2.65637 0.34375
-2.65625 0.344023

-2.65625 0.346098
-2.64285 0.375

-2.64384 0.375
-2.625 0.401154

-2.625 0.396885
-2.61748 0.40625

-2.62114 0.40625
-2.59375 0.43197

-2.59375 0.429863
-2.58198 0.4375

-2.58546 0.4375
-2.5625 0.451987

-2.5625 0.450857
-2.53125 0.463056

-2.53125 0.463353
-2.5 0.468213

-2.5 0.465545
-2.46875 0.467806

0.5 0.472831
0.53125 0.476173

0.53125 0.475988
0.5625 0.479076

0.5625 0.478655
0.59375 0.476466

0.59375 0.47643
0.625 0.474338

0.625 0.47427
0.65625 0.476666

0.65625 0.476584
0.6875 0.478976

0.6875 0.478869
0.71875 0.47672

0.71875 0.476762
0.75 0.474628

0.75 0.474811
0.78125 0.47651

2.125 0.467869
2.15625 0.468102

-0.78125 0.468785
-0.75 0.469788

-0.71875 0.468373
-0.726593 0.46875

-2.46875 0.470373
-2.4375 0.470239

0.78125 0.476548
0.8125 0.478239

-2.4375 0.466926
-2.40625 0.465891

-0.75 0.46973
-0.73269 0.46875

2.15625 0.46818
2.1875 0.468108

-0.71875 0.466561
-0.6875 0.466009

0.8125 0.478993
0.84375 0.475656

-0.6875 0.467278
-0.65625 0.468453

2.1875 0.468025
2.21875 0.467655

-0.659023 0.46875
-0.65625 0.468862

-2.40625 0.468234
-2.375 0.468237

-2.375 0.466379
-2.34375 0.466451

-2.34375 0.467837
-2.3125 0.468649

-2.33069 0.46875
-2.3125 0.469221

-2.3125 0.468398
-2.28125 0.46767

-2.28125 0.466547
-2.25 0.467297

0.84375 0.47535
0.875 0.472763

2.21875 0.467425
2.25 0.467382

0.875 0.474423
0.90625 0.475052

-0.65625 0.468235
-0.625 0.468674

-2.25 0.469324
-2.21875 0.469743

0.90625 0.475127
0.9375 0.474244

-2.21875 0.468179
-2.1875 0.467341

0.9375 0.473189
0.96875 0.474521

-2.1875 0.46821
-2.15625 0.467505

-0.651549 0.46875
-0.625 0.469178

2.25 0.467406
2.28125 0.4681

2.3125 0.46849
2.2935 0.46875

2.28125 0.469069
2.30463 0.46875

2.3125 0.467084
2.34375 0.466717

2.34375 0.467949
2.375 0.468112

0.96875 0.476166
1 0.47587

-2.15625 0.466529
-2.125 0.466168

2.35761 0.46875
2.375 0.468841

-2.125 0.466747
-2.09375 0.467522

2.375 0.466735
2.40625 0.467717

1 0.475458
1.03125 0.47166

2.4375 0.468714
2.43387 0.46875

-2.09375 0.467799
-2.0625 0.468001

2.40625 0.470172
2.4375 0.469873

1.0625 0.468722
1.06199 0.46875

-2.0625 0.467213
-2.03125 0.467844

1.03125 0.473887
1.0625 0.470553

1.09375 0.468023
1.07461 0.46875

1.0625 0.471523
1.09375 0.46915

2.4375 0.467226
2.46875 0.466028

2.46875 0.466842
2.5 0.468379

-2.0357 0.46875
-2.03125 0.468879

-2 0.468115
-2.01327 0.46875

-2.03125 0.470021
-2.00444 0.46875

2.49622 0.46875
2.5 0.468993

1.09375 0.47093
1.125 0.468763

1.125 0.466526
1.15625 0.467655

1.14564 0.46875
1.15625 0.469564

1.15625 0.468331
1.1875 0.468621

1.15625 0.472123
1.1875 0.472637

2.50438 0.46875
2.53125 0.470964

-0.59375 0.468301
-0.612221 0.46875

2.53125 0.471017
2.5625 0.470522

2.59375 0.467667
2.57601 0.46875

-0.625 0.469224
-0.607513 0.46875

1.1875 0.467585
1.21875 0.466863

2.5625 0.470638
2.58272 0.46875

-0.59375 0.467647
-0.5625 0.466578

2.59375 0.466038
2.625 0.467866

1.1875 0.470035
1.21599 0.46875

2.625 0.471164
2.65625 0.474254

-0.59375 0.468857
-0.590793 0.46875

2.65625 0.471958
2.6875 0.469925

1.21875 0.468104
1.25 0.468707

1.21875 0.470886
1.25 0.471126

-0.5625 0.466907
-0.53125 0.466318

-0.53125 0.465518
-0.5 0.466335

-0.506634 0.46875
-0.5 0.468923

1.25 0.468734
1.28125 0.468478

1.25 0.469176
1.26966 0.46875

2.6875 0.472176
2.71875 0.469175

-0.5 0.467363
-0.477254 0.46875

1.28125 0.468679
1.2914 0.46875

-0.46875 0.469684
-0.4375 0.46983

2.71875 0.466733
2.75 0.467529

-0.40625 0.467898
-0.425792 0.46875

2.75 0.47108
2.78125 0.473455

1.28125 0.469973
1.3125 0.47035

-0.4375 0.469067
-0.432186 0.46875

2.8125 0.468644
2.8013 0.46875

-0.40625 0.467749
-0.375 0.466317

1.34375 0.468558
1.33477 0.46875

1.3125 0.469851
1.33818 0.46875

-0.375 0.465168
-0.34375 0.466124

-0.34375 0.468576
-0.340639 0.46875

1.34375 0.46921
1.35274 0.46875

1.375 0.46704
1.40625 0.465815

1.40625 0.465464
1.4375 0.467269

1.4375 0.469926
1.46875 0.470147

1.46875 0.467396
1.5 0.466219

2.78125 0.470599
2.8125 0.470051

2.8125 0.468263
2.82384 0.46875

-0.32668 0.46875
-0.3125 0.469644

2.8125 0.470411
2.84375 0.473116

1.5 0.467186
1.53125 0.468176

-0.28125 0.46847
-0.289114 0.46875

-0.3125 0.469778
-0.28602 0.46875

1.53125 0.468401
1.55563 0.46875

1.53586 0.46875
1.5625 0.469155

1.5625 0.468541
1.59375 0.468496

2.875 0.468367
2.86618 0.46875

2.84375 0.474428
2.875 0.471667

1.5625 0.468831
1.59375 0.468783

-0.28125 0.466745
-0.25 0.466695

2.875 0.469512
2.89218 0.46875

-0.25 0.468405
-0.24512 0.46875

-0.232468 0.46875
-0.21875 0.470242

2.90625 0.468277
2.9375 0.468571

1.59375 0.4684
1.625 0.468657

-0.21875 0.472837
-0.1875 0.469433

2.90625 0.471504
2.9375 0.472093

2.94885 0.46875
2.96875 0.471258

1.59629 0.46875
1.625 0.469115

-0.1875 0.462625
-0.15625 0.462514

-0.15625 0.469387
-0.125 0.47244

2.96875 0.472633
3 0.478517

-0.09375 0.467538
-0.122906 0.46875

-0.125 0.469809
-0.110522 0.46875

-0.09375 0.467521
-0.0625 0.468727

-0.0757563 0.46875
-0.0625 0.469653

3 0.477418
3.03125 0.473448

3.03125 0.472833
3.0625 0.470377

1.625 0.469516
1.65266 0.46875

-0.0625 0.469607
-0.03125 0.472077

3.0625 0.472094
3.09375 0.47386

1.65625 0.467767
1.6875 0.4665

-0.03125 0.472586
0 0.469611

1.6875 0.466703
1.71875 0.466406

3.09375 0.472046
3.125 0.474695

3.125 0.477239
3.15625 0.474013

3.1875 0.4684
3.18117 0.46875

3.15625 0.471874
3.1845 0.46875

1.71875 0.466235
1.75 0.466845

3.1875 0.470301
3.21875 0.47404

3.21875 0.473564
3.25 0.474203

1.75 0.467483
1.78125 0.468069

3.25 0.474122
3.28125 0.471497

3.28125 0.469929
3.3125 0.472587

3.3125 0.473472
3.34375 0.477464

3.34375 0.475847
3.375 0.474653

1.78125 0.467724
1.8125 0.467698

1.8125 0.467514
1.84375 0.467932

1.84375 0.468697
1.875 0.468259

1.84375 0.468998
1.86145 0.46875

3.375 0.475786
3.40625 0.472763

1.875 0.466585
1.90625 0.46711

1.90625 0.468696
1.90914 0.46875

1.90625 0.469278
1.9375 0.46992

1.9375 0.468587
1.96875 0.467205

1.9375 0.469401
1.94877 0.46875

1.96875 0.466955
2 0.466712

3.40625 0.471039
3.4375 0.473416

3.4375 0.475162
3.46875 0.478141

3.46875 0.477152
3.5 0.473261

3.5 0.471714
3.53125 0.473808

3.53125 0.476556
3.5625 0.478046

3.5625 0.477494
3.59375 0.471008

3.59375 0.46985
3.625 0.47178

3.625 0.47499
3.65625 0.47737

3.65625 0.475483
3.6875 0.470908

3.6875 0.470484
3.71875 0.472727

3.71875 0.474673
3.75 0.476205

3.75 0.474643
3.78125 0.471632

3.78125 0.470875
3.8125 0.47398

3.8125 0.475678
3.84375 0.476807

3.84375 0.474438
3.875 0.472675

3.875 0.473836
3.90625 0.475122

3.90625 0.473652
3.9375 0.476033

3.9375 0.475318
3.96875 0.4784

3.96875 0.477362
4 0.478472

