-3.78437 -0.5
-3.78125 -0.491078

-3.78125 -0.497278
-3.75156 -0.46875

2 0.468062
2.03125 0.46801

2.03125 0.467962
2.0625 0.467887

2.0625 0.467862
2.09375 0.46791

2.09375 0.467922
2.125 0.468122

-3.75145 -0.46875
-3.75 -0.468285

2.125 0.468176
2.15625 0.468395

-3.71875 -0.497481
-3.7486 -0.46875

-3.75 -0.468297
-3.74859 -0.46875

2.15625 0.468459
2.1875 0.46846

2.1875 0.468459
2.21875 0.468118

-3.71875 -0.489758
-3.71511 -0.5

-3.62831 -0.5
-3.625 -0.490778

-3.6224 -0.5
-3.59375 -0.472294

-3.59375 -0.489108
-3.5625 -0.484819

-3.5625 -0.487135
-3.53125 -0.482532

-3.53125 -0.484196
-3.5 -0.483906

2.21875 0.46807
2.25 0.467487

0 0.46774
0.03125 0.466366

-3.5 -0.469461
-3.46875 -0.499819

0.03125 0.465039
0.0625 0.465593

-2 0.447248
-1.96875 0.447558

0.0518166 0.46875
0.0625 0.468946

2.25 0.467215
2.28125 0.467027

-3.46875 -0.489536
-3.46497 -0.5

-1.96875 0.447563
-1.9375 0.448388

-2.52792 -0.5
-2.52803 -0.46875

-2.52802 -0.46875
-2.52837 -0.4375

2.28125 0.467372
2.3125 0.467436

2.3125 0.468007
2.34375 0.466488

2.34375 0.464228
2.375 0.464504

-2.53125 -0.37823
-2.53147 -0.375

-2.52816 -0.4375
-2.52918 -0.40625

-1.9375 0.448416
-1.90625 0.449691

-1.90625 0.44973
-1.875 0.451322

2.375 0.466873
2.40625 0.468723

2.40499 0.46875
2.40625 0.468825

2.40625 0.468235
2.4375 0.4679

2.4375 0.467206
2.46875 0.467052

-1.875 0.45125
-1.84375 0.453225

-1.84375 0.453342
-1.8125 0.455613

-2.53125 -0.375456
-2.52915 -0.40625

-1.8125 0.455582
-1.78125 0.457978

2.46875 0.467443
2.5 0.468075

-2.53134 -0.375
-2.53452 -0.34375

-2.53456 -0.34375
-2.53861 -0.3125

-2.5386 -0.3125
-2.54347 -0.28125

-2.54348 -0.28125
-2.54919 -0.25

-1.78125 0.458077
-1.75 0.460461

2.5 0.468299
2.53125 0.468487

-1.75 0.460496
-1.71875 0.462602

-1.71875 0.462614
-1.6875 0.464351

2.53125 0.468337
2.5625 0.467929

-2.625 -0.00707988
-2.62759 0

-1.6875 0.464348
-1.65625 0.465699

-2.5625 -0.196867
-2.56483 -0.1875

2.5625 0.467787
2.59375 0.467367

2.59375 0.467144
2.625 0.467444

-1.65625 0.465686
-1.625 0.466682

2.625 0.467348
2.65115 0.46875

-2.5636 -0.1875
-2.57235 -0.15625

-1.625 0.466669
-1.59375 0.46736

2.65305 0.46875
2.65625 0.469026

-2.57232 -0.15625
-2.5819 -0.125

-1.59375 0.467343
-1.5625 0.467791

-2.54914 -0.25
-2.55578 -0.21875

-2.5625 -0.190229
-2.55542 -0.21875

-2.59375 -0.0909268
-2.60391 -0.0625

-2.5819 -0.125
-2.59238 -0.09375

-2.59375 -0.0864927
-2.59116 -0.09375

-2.60373 -0.0625
-2.6152 -0.03125

-2.625 -0.00416576
-2.61511 -0.03125

-1.5625 0.467769
-1.53125 0.468053

2.65625 0.468626
2.6875 0.468569

-2.62677 0
-2.63781 0.03125

-2.63792 0.03125
-2.64824 0.0625

-1.53125 0.468042
-1.5 0.468229

-2.65625 0.091071
-2.65704 0.09375

-2.6577 0.09375
-2.66552 0.125

2.65625 0.470763
2.6875 0.470832

2.6875 0.468569
2.71875 0.467386

2.6875 0.469576
2.69987 0.46875

-1.5 0.468228
-1.46875 0.468343

-1.46875 0.468345
-1.4375 0.468389

2.71875 0.467275
2.74884 0.46875

-2.65625 0.0890988
-2.64837 0.0625

2.7368 0.46875
2.75 0.469881

-1.4375 0.468388
-1.40625 0.468359

-1.40625 0.468354
-1.375 0.468264

2.75 0.468861
2.78125 0.473549

2.78125 0.473894
2.8125 0.472751

-1.375 0.468256
-1.34375 0.468132

-1.34375 0.468121
-1.3125 0.468001

-1.3125 0.467994
-1.28125 0.46791

2.8125 0.470516
2.84375 0.469607

0.0625 0.467414
0.0917243 0.46875

0.0866355 0.46875
0.09375 0.469069

0.09375 0.468124
0.125 0.468251

-2.66561 0.125
-2.67152 0.15625

-2.67158 0.15625
-2.67525 0.1875

-2.67521 0.1875
-2.67661 0.21875

-2.67677 0.21875
-2.67568 0.25

-1.28125 0.467937
-1.25 0.46785

-2.67564 0.25
-2.67183 0.28125

-2.67192 0.28125
-2.66532 0.3125

2.84375 0.470404
2.875 0.474422

-1.25 0.467826
-1.21875 0.467728

0.125 0.468274
0.15625 0.468519

-1.21875 0.467742
-1.1875 0.467652

0.15625 0.46865
0.1875 0.468683

-2.66556 0.3125
-2.65625 0.341421

0.161588 0.46875
0.1875 0.468778

-2.65625 0.341367
-2.65548 0.34375

0.21875 0.468129
0.189626 0.46875

2.875 0.471721
2.90625 0.476439

-2.65592 0.34375
-2.64106 0.375

-1.1875 0.46764
-1.15625 0.467551

-2.64298 0.375
-2.625 0.399962

0.1875 0.468798
0.189707 0.46875

0.21875 0.467676
0.25 0.467013

-1.15625 0.467556
-1.125 0.467481

0.25 0.46705
0.28125 0.467223

0.28125 0.467465
0.3125 0.467916

0.3125 0.467949
0.34375 0.46813

-2.625 0.39573
-2.61691 0.40625

0.34375 0.468063
0.375 0.468043

2.90625 0.475388
2.9375 0.478874

-1.125 0.467498
-1.09375 0.467394

2.9375 0.477651
2.96875 0.477479

-1.09375 0.467382
-1.0625 0.467242

2.96875 0.476814
3 0.477116

0.375 0.467923
0.40625 0.468076

0.40625 0.468019
0.4375 0.468699

0.4375 0.469787
0.46875 0.468931

-2.62067 0.40625
-2.59375 0.431274

-2.59375 0.42997
-2.58177 0.4375

-2.58265 0.4375
-2.5625 0.449729

-2.5625 0.449108
-2.53125 0.46081

-2.53125 0.460425
-2.5 0.46638

0.46875 0.46669
0.5 0.466605

3 0.477313
3.03125 0.4784

3.03125 0.477815
3.0625 0.478187

3.0625 0.477847
3.09375 0.478564

-1.0625 0.467221
-1.03125 0.467111

3.09375 0.478172
3.125 0.479159

0.5 0.468573
0.507355 0.46875

0.5 0.468835
0.53125 0.469582

-2.5 0.465849
-2.46875 0.467889

-1.03125 0.467082
-1 0.467103

-2.46875 0.46731
-2.4375 0.467658

0.5625 0.467139
0.538715 0.46875

3.125 0.478679
3.15625 0.47953

0.53125 0.468851
0.532599 0.46875

-2.4375 0.467458
-2.40625 0.467673

0.5625 0.465132
0.59375 0.464777

3.15625 0.479087
3.1875 0.479764

-1 0.467052
-0.96875 0.467365

0.59375 0.467029
0.625 0.467832

-0.96875 0.467425
-0.9375 0.468015

-0.9375 0.468324
-0.90625 0.468454

3.1875 0.479356
3.21875 0.480043

-0.90625 0.468569
-0.875 0.467392

-2.40625 0.467766
-2.375 0.46806

-2.375 0.468161
-2.34375 0.468145

-2.34375 0.46822
-2.3125 0.467541

-2.3125 0.467569
-2.28125 0.466017

-2.28125 0.465997
-2.25 0.463557

-2.25 0.46344
-2.21875 0.460387

-2.21875 0.460263
-2.1875 0.457079

-2.1875 0.45702
-2.15625 0.454073

-2.15625 0.454031
-2.125 0.451524

-2.125 0.451505
-2.09375 0.449559

0.625 0.466388
0.65625 0.466733

0.65625 0.467645
0.6875 0.468596

0.6875 0.468485
0.71875 0.468439

3.21875 0.479599
3.25 0.480443

-2.09375 0.449559
-2.0625 0.448214

3.25 0.479902
3.28125 0.480935

-0.875 0.466491
-0.84375 0.465581

3.28125 0.480432
3.3125 0.481334

3.3125 0.480838
3.34375 0.481474

-0.84375 0.465223
-0.8125 0.467097

-2.0625 0.448223
-2.03125 0.447459

-0.8125 0.469716
-0.78125 0.469854

-0.78125 0.467238
-0.75 0.465633

-2.03125 0.447467
-2 0.447248

0.71875 0.468552
0.75 0.467507

3.34375 0.481097
3.375 0.481693

0.75 0.466559
0.78125 0.466184

3.375 0.480983
3.40625 0.482275

3.40625 0.481806
3.4375 0.482995

0.78125 0.467027
0.8125 0.467531

0.8125 0.467302
0.84375 0.467455

0.84375 0.466612
0.875 0.468558

3.4375 0.481337
3.46875 0.483722

3.46875 0.483722
3.5 0.484559

-0.75 0.466593
-0.71875 0.466559

-0.71875 0.466206
-0.6875 0.466525

-0.6875 0.467118
-0.65625 0.467308

0.875 0.472318
0.90625 0.470224

0.90625 0.463962
0.9375 0.462831

0.9375 0.468674
0.938322 0.46875

-0.65625 0.466484
-0.625 0.467008

0.955909 0.46875
0.96875 0.470016

3.5 0.48103
3.53125 0.48521

-0.625 0.467807
-0.59375 0.468715

1 0.468699
0.990173 0.46875

-0.594192 0.46875
-0.59375 0.468763

3.53125 0.483833
3.5625 0.490038

-0.59375 0.468639
-0.5625 0.468485

-0.5625 0.468165
-0.53125 0.467739

-0.53125 0.467747
-0.5 0.467671

0.96875 0.469291
1 0.469024

3.5625 0.490842
3.59375 0.482833

3.59375 0.482147
3.625 0.481924

3.625 0.482962
3.65625 0.490417

3.65625 0.490451
3.6875 0.482835

3.6875 0.481993
3.71875 0.481955

3.71875 0.482981
3.75 0.490255

1.03125 0.468116
1.02022 0.46875

1 0.46919
1.00687 0.46875

1.03125 0.465838
1.0625 0.465276

1.0625 0.466964
1.09375 0.468163

1.09375 0.468226
1.125 0.467684

3.75 0.490028
3.78125 0.482966

3.78125 0.482252
3.8125 0.482223

-0.5 0.467745
-0.46875 0.467855

-0.46875 0.46789
-0.4375 0.46797

-0.4375 0.46795
-0.40625 0.467969

-0.40625 0.467979
-0.375 0.467956

-0.375 0.467935
-0.34375 0.467891

-0.34375 0.467916
-0.3125 0.467842

-0.3125 0.467833
-0.28125 0.467699

-0.28125 0.467708
-0.25 0.467517

3.8125 0.483041
3.84375 0.489914

3.84375 0.489806
3.875 0.483217

1.125 0.466023
1.15625 0.466936

1.15625 0.469506
1.1875 0.470054

1.1875 0.468512
1.21875 0.466642

1.21875 0.465751
1.25 0.466326

-0.25 0.467471
-0.21875 0.467296

-0.21875 0.467277
-0.1875 0.46725

3.875 0.482483
3.90625 0.482304

3.90625 0.483804
3.9375 0.488982

1.25 0.468536
1.26885 0.46875

1.26611 0.46875
1.28125 0.468922

1.28125 0.467149
1.3125 0.466349

1.3125 0.466658
1.34375 0.467596

1.34375 0.468091
1.36876 0.46875

1.35713 0.46875
1.375 0.469237

1.40625 0.468473
1.39935 0.46875

1.375 0.469131
1.38397 0.46875

1.40625 0.466475
1.4375 0.465751

1.4375 0.466282
1.46875 0.468372

1.46875 0.469681
1.5 0.470903

3.9375 0.488205
3.96875 0.483118

3.96875 0.484977
4 0.481395

-0.1875 0.467272
-0.15625 0.467387

-0.15625 0.467375
-0.125 0.467612

1.5 0.470362
1.51982 0.46875

1.53125 0.467223
1.5625 0.466276

-0.125 0.467577
-0.09375 0.46803

-0.09375 0.467937
-0.0663135 0.46875

-0.0653494 0.46875
-0.0625 0.46888

-0.0625 0.468747
-0.03125 0.468572

-0.0625 0.4698
-0.03125 0.469692

1.5625 0.467528
1.59375 0.467206

1.59375 0.466184
1.625 0.466028

1.625 0.466651
1.65625 0.467457

1.65625 0.467368
1.6875 0.468068

1.6875 0.46861
1.71875 0.468175

1.6875 0.468983
1.70426 0.46875

1.71875 0.467176
1.75 0.466522

-0.03125 0.468657
0 0.467356

-0.03125 0.469324
-0.0212821 0.46875

1.75 0.466914
1.78125 0.467381

1.78125 0.46746
1.8125 0.468106

1.8125 0.46828
1.84375 0.468593

1.84082 0.46875
1.84375 0.468779

1.84375 0.468518
1.875 0.468299

1.875 0.468176
1.90625 0.467827

1.90625 0.467758
1.9375 0.467663

1.9375 0.467732
1.96875 0.467892

1.96875 0.467973
2 0.468085

