-3.78454 -0.5
-3.78125 -0.490656

-3.78125 -0.4973
-3.75164 -0.46875

-3.75043 -0.46875
-3.75 -0.468611

-3.71875 -0.49713
-3.74849 -0.46875

-3.75 -0.468421
-3.74896 -0.46875

-3.71875 -0.489649
-3.71506 -0.5

-3.62829 -0.5
-3.625 -0.490828

-3.62233 -0.5
-3.59375 -0.472293

-3.59375 -0.489073
-3.5625 -0.484842

-3.5625 -0.48718
-3.53125 -0.482621

-3.53125 -0.484333
-3.5 -0.483828

2 0.478564
2.03125 0.475886

2.03125 0.475799
2.0625 0.473306

2.0625 0.473625
2.09375 0.475841

2.09375 0.475892
2.125 0.477646

2.125 0.478464
2.15625 0.474509

-3.5 -0.4694
-3.46875 -0.499729

2.15625 0.474527
2.1875 0.471102

-3.46875 -0.489853
-3.46511 -0.5

2.1875 0.471904
2.21875 0.474219

2.21875 0.475774
2.25 0.474484

2.25 0.474021
2.28125 0.469522

-2 0.466554
-1.96875 0.466837

2.28125 0.468453
2.29195 0.46875

2.28125 0.469789
2.3125 0.471524

-1.94293 0.46875
-1.9375 0.468904

2.3125 0.472573
2.34375 0.474438

-1.9375 0.468519
-1.90625 0.468378

0.03125 0.467831
0.0126326 0.46875

-2.51123 -0.5
-2.51146 -0.46875

-2.51147 -0.46875
-2.51214 -0.4375

-2.51202 -0.4375
-2.51337 -0.40625

-2.51343 -0.40625
-2.51557 -0.375

-1.9375 0.468793
-1.9244 0.46875

-1.90625 0.468517
-1.875 0.46837

-1.90625 0.468887
-1.87644 0.46875

-1.875 0.468088
-1.84375 0.468219

-1.8523 0.46875
-1.84375 0.468847

-1.84375 0.468132
-1.8125 0.468393

-1.84375 0.469011
-1.8125 0.469508

-1.8125 0.468416
-1.78125 0.467996

-1.8125 0.469555
-1.78125 0.468912

-1.78125 0.468489
-1.75 0.467251

-1.78125 0.469183
-1.77211 0.46875

-1.75 0.465503
-1.71875 0.466922

-1.71875 0.470825
-1.6875 0.470717

-1.6875 0.465439
-1.65625 0.466552

-1.65625 0.472233
-1.625 0.47376

-1.59375 0.468065
-1.60909 0.46875

-1.625 0.469851
-1.61171 0.46875

-1.59375 0.468017
-1.5625 0.468667

-1.59375 0.469973
-1.5625 0.471254

-1.5625 0.468436
-1.53637 0.46875

-1.5625 0.469973
-1.53125 0.470521

-1.53125 0.470427
-1.5 0.471487

-2.51545 -0.375
-2.51851 -0.34375

-2.51854 -0.34375
-2.5227 -0.3125

-2.53125 -0.271304
-2.5357 -0.25

-2.52265 -0.3125
-2.52794 -0.28125

-2.53125 -0.259697
-2.52675 -0.28125

-2.5625 -0.153405
-2.57277 -0.125

-2.53453 -0.25
-2.54216 -0.21875

-2.54211 -0.21875
-2.55085 -0.1875

-2.5508 -0.1875
-2.56086 -0.15625

-2.5625 -0.146349
-2.55892 -0.15625

-1.5 0.473054
-1.46875 0.469428

-1.46875 0.46619
-1.4375 0.465632

-2.59375 -0.069761
-2.59655 -0.0625

-2.57242 -0.125
-2.58446 -0.09375

-2.59375 -0.0702607
-2.58469 -0.09375

-2.59674 -0.0625
-2.60838 -0.03125

0 0.471756
0.03125 0.469653

-1.4375 0.469067
-1.40625 0.471183

-1.375 0.468456
-1.3857 0.46875

-1.40625 0.470238
-1.37596 0.46875

-2.60851 -0.03125
-2.61939 0

-1.375 0.468414
-1.34375 0.468352

-1.375 0.468833
-1.35764 0.46875

-1.34375 0.469098
-1.3125 0.469495

0.03125 0.466855
0.0625 0.465579

0.03125 0.469759
0.0456927 0.46875

-1.28125 0.468648
-1.29926 0.46875

-1.3125 0.469178
-1.28125 0.468825

-2.625 0.016569
-2.62968 0.03125

-2.62946 0.03125
-2.63829 0.0625

-2.63813 0.0625
-2.64584 0.09375

-2.64592 0.09375
-2.65265 0.125

-2.65625 0.144278
-2.65842 0.15625

-1.28125 0.469339
-1.26082 0.46875

0.0625 0.467281
0.09375 0.468194

0.0746489 0.46875
0.09375 0.469212

-2.65834 0.15625
-2.66292 0.1875

-1.25 0.467413
-1.21875 0.46743

0.09375 0.46791
0.125 0.468364

-1.21875 0.468322
-1.21009 0.46875

0.113101 0.46875
0.125 0.468903

-2.65625 0.145406
-2.65255 0.125

0.125 0.468443
0.140032 0.46875

-2.66302 0.1875
-2.66624 0.21875

-1.20268 0.46875
-1.1875 0.46993

0.144036 0.46875
0.15625 0.469129

-1.1875 0.471169
-1.15625 0.46986

0.15625 0.469666
0.1875 0.469221

-1.15625 0.466666
-1.125 0.466625

2.34375 0.474793
2.375 0.470198

-2.66651 0.21875
-2.66759 0.25

-1.125 0.46891
-1.09375 0.471954

2.40625 0.468104
2.38546 0.46875

-1.09375 0.471692
-1.0625 0.469791

-2.625 0.0192896
-2.61923 0

0.1875 0.468101
0.21875 0.467551

2.375 0.469771
2.39142 0.46875

0.1875 0.469052
0.198749 0.46875

2.40625 0.469556
2.4375 0.47155

0.21875 0.467891
0.25 0.468557

-1.0625 0.468473
-1.03125 0.467768

-1.0625 0.469255
-1.05072 0.46875

-1.03125 0.468241
-1.01452 0.46875

2.4375 0.47191
2.46875 0.4699

2.46875 0.467151
2.5 0.467858

0.234075 0.46875
0.25 0.469214

-1.02973 0.46875
-1 0.470262

0.25 0.468729
0.28125 0.468607

0.25 0.469384
0.28125 0.469203

-2.66758 0.25
-2.666 0.28125

-2.66622 0.28125
-2.66156 0.3125

0.28125 0.468511
0.3125 0.467686

0.3125 0.467315
0.34375 0.46749

0.3125 0.468761
0.34375 0.469056

2.47626 0.46875
2.5 0.469842

-2.66174 0.3125
-2.65625 0.333244

-2.65625 0.331798
-2.65309 0.34375

-2.65362 0.34375
-2.64111 0.375

2.5 0.468535
2.51342 0.46875

2.5 0.472069
2.53125 0.472664

-1 0.470713
-0.96875 0.469526

0.34375 0.468369
0.375 0.468051

-0.96875 0.467926
-0.9375 0.467432

-2.64203 0.375
-2.625 0.403388

0.34375 0.469132
0.375 0.468846

-0.9375 0.468162
-0.928111 0.46875

-0.92271 0.46875
-0.90625 0.47053

2.5625 0.467407
2.5424 0.46875

-0.90625 0.472341
-0.875 0.470847

0.375 0.466484
0.40625 0.467016

-0.875 0.467116
-0.84375 0.466107

0.386714 0.46875
0.40625 0.469387

-0.84375 0.468304
-0.829839 0.46875

2.53125 0.470918
2.54864 0.46875

-0.84375 0.469161
-0.8125 0.470188

0.40625 0.467865
0.4375 0.468731

-2.625 0.400777
-2.6217 0.40625

0.40625 0.469612
0.4375 0.470316

-2.62426 0.40625
-2.59549 0.4375

-2.59509 0.4375
-2.59375 0.43868

0.46875 0.467973
0.451858 0.46875

-0.8125 0.468517
-0.78125 0.468599

2.5625 0.468325
2.59375 0.46796

-0.797491 0.46875
-0.78125 0.468959

2.59375 0.46802
2.625 0.468361

0.4375 0.468932
0.440278 0.46875

-2.59375 0.437988
-2.5625 0.46179

0.46875 0.466665
0.5 0.466607

-2.5625 0.464522
-2.54826 0.46875

-0.78125 0.467784
-0.75 0.468561

2.65625 0.468439
2.64785 0.46875

2.625 0.469266
2.63898 0.46875

-0.78125 0.469531
-0.75 0.471099

2.65625 0.466306
2.6875 0.465461

2.6875 0.466859
2.71875 0.46741

-0.71875 0.468288
-0.748336 0.46875

-2.55264 0.46875
-2.53125 0.475221

2.71875 0.466627
2.75 0.46725

-2.53125 0.467459
-2.5 0.467158

-0.75 0.470921
-0.71875 0.46985

2.73821 0.46875
2.75 0.468993

0.5 0.468158
0.53125 0.468704

-2.53125 0.470022
-2.5 0.468965

0.53125 0.467785
0.5625 0.467667

0.53125 0.468776
0.538107 0.46875

2.75 0.46842
2.78125 0.468261

2.75 0.468873
2.77115 0.46875

2.78125 0.466427
2.8125 0.466902

2.81041 0.46875
2.8125 0.4688

0.5625 0.468525
0.59375 0.467866

0.59375 0.46662
0.625 0.466199

0.625 0.466744
0.65625 0.467961

0.6875 0.468646
0.675578 0.46875

2.8125 0.469037
2.84375 0.469628

2.84375 0.468072
2.875 0.467629

-0.71875 0.467839
-0.692147 0.46875

2.875 0.468439
2.90625 0.468453

-0.707111 0.46875
-0.6875 0.470024

0.65625 0.468999
0.684765 0.46875

-0.6875 0.472859
-0.65625 0.471753

0.6875 0.46697
0.71875 0.466645

-0.65625 0.467156
-0.625 0.466745

0.71875 0.467984
0.75 0.468184

-0.625 0.471161
-0.59375 0.471807

-0.59375 0.468445
-0.5625 0.468041

-2.5 0.468429
-2.48952 0.46875

-0.562019 0.46875
-0.53125 0.472659

-2.5 0.468858
-2.46875 0.470048

2.90625 0.467467
2.9375 0.468289

2.9375 0.468672
2.96875 0.46812

-0.53125 0.473773
-0.5 0.471159

0.71875 0.468757
0.75 0.468964

-2.46875 0.470365
-2.4375 0.469562

-2.40625 0.468113
-2.43105 0.46875

0.75 0.467055
0.78125 0.467336

0.773428 0.46875
0.78125 0.468856

2.9375 0.470648
2.96875 0.47024

-0.5 0.468
-0.46875 0.466744

-2.40625 0.467505
-2.38058 0.46875

-0.46875 0.468284
-0.4375 0.46835

2.96875 0.466889
3 0.466553

-0.46875 0.470331
-0.4375 0.470443

2.96875 0.469182
2.99324 0.46875

-0.4375 0.467448
-0.40625 0.467383

-2.38399 0.46875
-2.375 0.469586

-0.4375 0.468863
-0.40625 0.468817

-0.40625 0.467939
-0.375 0.468417

-0.40625 0.470105
-0.375 0.470714

-2.375 0.472675
-2.34375 0.470384

-0.375 0.468496
-0.34375 0.467715

-0.375 0.469775
-0.353393 0.46875

0.78125 0.468092
0.8125 0.468633

-0.34375 0.467808
-0.3125 0.468227

3 0.467694
3.03125 0.468622

-2.34375 0.463709
-2.3125 0.464084

0.78125 0.468869
0.8125 0.469416

0.8125 0.468158
0.84375 0.468366

3 0.469412
3.03125 0.470611

0.82993 0.46875
0.84375 0.468872

-0.339286 0.46875
-0.3125 0.469352

-0.3125 0.46769
-0.290588 0.46875

-0.306999 0.46875
-0.28125 0.470983

-0.25 0.468403
-0.269631 0.46875

3.03125 0.468379
3.0625 0.467688

-0.28125 0.471886
-0.25 0.470928

0.875 0.468366
0.857745 0.46875

0.84375 0.469631
0.875 0.468926

-2.3125 0.470005
-2.28125 0.474557

0.875 0.467266
0.90625 0.466521

0.875 0.468867
0.878628 0.46875

-2.28125 0.47319
-2.25133 0.46875

3.03125 0.47012
3.0625 0.468804

3.0625 0.467605
3.09375 0.468449

0.90625 0.467414
0.9375 0.467953

-0.25 0.468614
-0.21875 0.467559

-2.25 0.467777
-2.21875 0.465296

3.08971 0.46875
3.09375 0.468922

3.09375 0.469866
3.125 0.471003

0.9375 0.46744
0.96875 0.468506

-2.21875 0.465701
-2.1875 0.465973

0.967676 0.46875
0.96875 0.468805

3.125 0.468779
3.15625 0.470293

0.96875 0.470446
1 0.469182

-2.211 0.46875
-2.1875 0.468955

-0.25 0.469398
-0.23957 0.46875

-2.1875 0.466406
-2.15625 0.467756

3.15625 0.473265
3.1875 0.470631

-2.15625 0.467912
-2.12923 0.46875

3.1875 0.46473
3.21875 0.46538

-0.21875 0.468622
-0.1875 0.467991

3.21875 0.470305
3.25 0.476192

-2.14411 0.46875
-2.125 0.469487

-2.125 0.468735
-2.09375 0.468361

-0.21875 0.46997
-0.1875 0.469292

-0.1875 0.467021
-0.15625 0.466811

1 0.465405
1.03125 0.465489

-0.1875 0.468885
-0.179989 0.46875

3.25 0.475442
3.28125 0.470137

-0.15625 0.468346
-0.131521 0.46875

1.03499 0.46875
1.0625 0.471551

-0.151429 0.46875
-0.125 0.469172

3.28125 0.466902
3.3125 0.467372

1.0625 0.471704
1.09375 0.468855

1.09375 0.465423
1.125 0.465614

1.125 0.469003
1.15625 0.472319

1.15625 0.470738
1.1875 0.470161

3.3125 0.471248
3.34375 0.47621

1.21875 0.468496
1.20381 0.46875

3.34375 0.472862
3.375 0.472951

1.1875 0.470592
1.21875 0.469636

-2.125 0.469427
-2.09375 0.469015

1.21875 0.46828
1.24766 0.46875

3.40625 0.468689
3.40251 0.46875

1.21875 0.469111
1.25 0.470096

-2.09375 0.468136
-2.0625 0.467297

-0.125 0.468366
-0.09375 0.467513

1.25 0.470224
1.28125 0.471913

-0.125 0.468825
-0.122517 0.46875

1.28125 0.471117
1.3125 0.47125

-0.09375 0.46721
-0.0625 0.466917

3.375 0.47433
3.40625 0.473309

-0.0625 0.466737
-0.03125 0.467974

1.3125 0.468316
1.32458 0.46875

-0.03125 0.46743
-0.0044274 0.46875

-2.09375 0.469315
-2.0773 0.46875

-0.03125 0.468846
0 0.471361

1.3125 0.470108
1.34375 0.472379

3.40625 0.47269
3.4375 0.47108

1.34375 0.468579
1.36225 0.46875

1.34375 0.473212
1.375 0.473747

3.4375 0.469783
3.46875 0.474633

3.46875 0.474535
3.5 0.478935

-2.0625 0.467241
-2.03125 0.467441

-2.03125 0.468303
-2 0.467979

-2.03125 0.469002
-2.00688 0.46875

1.375 0.470624
1.40625 0.472851

1.40625 0.476007
1.4375 0.475357

1.4375 0.472297
1.46875 0.469878

3.5 0.477961
3.53125 0.475254

3.53125 0.475656
3.5625 0.4724

3.5625 0.473268
3.59375 0.473435

1.46875 0.471927
1.5 0.474599

3.59375 0.473842
3.625 0.47455

3.625 0.474746
3.65625 0.473373

3.65625 0.473418
3.6875 0.472227

3.6875 0.471228
3.71875 0.474511

3.71875 0.474601
3.75 0.47761

3.75 0.478335
3.78125 0.473422

3.78125 0.470981
3.8125 0.471406

3.8125 0.473897
3.84375 0.478711

3.84375 0.476684
3.875 0.475331

3.875 0.474865
3.90625 0.475037

3.90625 0.474388
3.9375 0.477971

3.9375 0.477466
3.96875 0.479601

1.5 0.474534
1.53125 0.472986

1.53125 0.472697
1.5625 0.470733

3.96875 0.478379
4 0.478015

1.5625 0.470079
1.59375 0.473511

1.59375 0.473434
1.625 0.476861

1.625 0.475299
1.65625 0.475144

1.65625 0.473747
1.6875 0.476239

1.6875 0.476243
1.71875 0.479184

1.71875 0.47859
1.75 0.477151

1.75 0.47614
1.78125 0.476518

1.78125 0.477322
1.8125 0.479156

1.8125 0.478262
1.84375 0.477882

1.84375 0.477448
1.875 0.478317

1.875 0.479591
1.90625 0.478171

1.90625 0.478159
1.9375 0.474946

1.9375 0.47538
1.96875 0.476057

1.96875 0.476467
2 0.477993

