-3.78432 -0.5
-3.78125 -0.491216

-3.78125 -0.49758
-3.75196 -0.46875

-3.7515 -0.46875
-3.75 -0.468257

-3.71875 -0.496455
-3.7483 -0.46875

-3.75 -0.468195
-3.74822 -0.46875

-3.71875 -0.489251
-3.71491 -0.5

-3.62829 -0.5
-3.625 -0.490829

-3.62222 -0.5
-3.59375 -0.472337

-3.59375 -0.489173
-3.5625 -0.48479

-3.5625 -0.487198
-3.53125 -0.482576

-3.53125 -0.484247
-3.5 -0.48388

-3.5 -0.469467
-3.46875 -0.49982

-3.46875 -0.489558
-3.46498 -0.5

-2.50922 -0.5
-2.50959 -0.46875

-2.50955 -0.46875
-2.51071 -0.4375

-2.51068 -0.4375
-2.51274 -0.40625

2 0.469185
2.03125 0.470033

0 0.467837
0.0255589 0.46875

0.00896438 0.46875
0.03125 0.470343

2.03125 0.469865
2.05081 0.46875

2.0625 0.467618
2.09375 0.466196

2.09375 0.465832
2.125 0.46668

-2 0.468476
-1.96875 0.468189

-2.51282 -0.40625
-2.5157 -0.375

-1.96875 0.468158
-1.9375 0.4679

2.125 0.468258
2.14366 0.46875

0.03125 0.470968
0.0625 0.47617

-2.51563 -0.375
-2.51932 -0.34375

0.0625 0.474417
0.09375 0.47425

0.09375 0.475131
0.125 0.471672

-1.9375 0.467893
-1.90625 0.467741

2.15625 0.467915
2.1875 0.467893

-2.51935 -0.34375
-2.52393 -0.3125

2.21875 0.468135
2.1961 0.46875

2.1875 0.469083
2.1998 0.46875

2.21875 0.466401
2.25 0.466017

-2.53125 -0.275644
-2.53675 -0.25

-2.52384 -0.3125
-2.52945 -0.28125

-2.53125 -0.267355
-2.52827 -0.28125

2.25 0.466894
2.28125 0.468739

-2.5625 -0.156627
-2.56262 -0.15625

0.125 0.469811
0.15625 0.471937

0.15625 0.47264
0.1875 0.478416

0.1875 0.477966
0.21875 0.475335

2.27872 0.46875
2.28125 0.468946

-2.56267 -0.15625
-2.57355 -0.125

-2.53622 -0.25
-2.5439 -0.21875

-2.54386 -0.21875
-2.55252 -0.1875

-2.55248 -0.1875
-2.56227 -0.15625

-2.5625 -0.148375
-2.55976 -0.15625

-2.59375 -0.0705362
-2.59676 -0.0625

0.21875 0.474702
0.25 0.471093

2.28125 0.470369
2.3125 0.46943

2.3125 0.46618
2.34375 0.465726

2.34375 0.468373
2.35059 0.46875

2.35856 0.46875
2.375 0.469826

2.375 0.470062
2.40575 0.46875

2.40625 0.467632
2.4375 0.465582

2.4375 0.464857
2.46875 0.465734

2.46875 0.467669
2.49126 0.46875

2.49974 0.46875
2.5 0.468762

2.5 0.468175
2.53125 0.46842

2.5625 0.468431
2.55239 0.46875

2.53125 0.469299
2.54868 0.46875

2.5625 0.466598
2.59375 0.466062

2.59375 0.466639
2.62268 0.46875

2.62319 0.46875
2.625 0.468944

2.625 0.471146
2.65625 0.470635

2.65625 0.467332
2.6875 0.466192

2.6875 0.46803
2.70077 0.46875

2.71529 0.46875
2.71875 0.469016

2.71875 0.469674
2.75 0.470634

2.75 0.470191
2.78125 0.469105

2.78125 0.468127
2.8125 0.468479

2.78125 0.468939
2.8125 0.469643

2.8125 0.46901
2.84375 0.471695

2.84375 0.473312
2.875 0.470193

2.875 0.466524
2.90625 0.464912

2.90625 0.467472
2.91847 0.46875

2.9342 0.46875
2.9375 0.46928

2.9375 0.471162
2.96875 0.473339

2.96875 0.472111
3 0.469549

3 0.468348
3.01056 0.46875

3.00298 0.46875
3.03125 0.4709

3.03125 0.473511
3.0625 0.472902

3.09375 0.468293
3.06505 0.46875

3.0625 0.469653
3.09252 0.46875

3.09375 0.468326
3.10996 0.46875

3.09375 0.471555
3.125 0.473087

3.125 0.470028
3.15625 0.471193

3.15625 0.472966
3.1875 0.473895

3.1875 0.472148
3.21875 0.470931

3.21875 0.472978
3.25 0.471449

3.25 0.470385
3.28125 0.469635

3.28125 0.470521
3.3125 0.472406

3.3125 0.471379
3.34375 0.47241

3.34375 0.473288
3.375 0.471702

3.375 0.468498
3.37975 0.46875

3.37586 0.46875
3.40625 0.471975

3.40625 0.47328
3.4375 0.478344

3.4375 0.47759
3.46875 0.473154

3.46875 0.47318
3.5 0.469571

0.25 0.470985
0.28125 0.475098

3.5 0.470743
3.53125 0.472783

3.53125 0.472012
3.5625 0.474818

3.5625 0.47386
3.59375 0.475277

0.28125 0.474905
0.3125 0.479117

0.3125 0.477585
0.34375 0.476922

0.34375 0.476657
0.375 0.476064

3.59375 0.476901
3.625 0.472764

0.375 0.475751
0.40625 0.477575

-2.5733 -0.125
-2.58497 -0.09375

0.40625 0.477525
0.4375 0.478781

3.65625 0.468019
3.64101 0.46875

3.625 0.472019
3.65625 0.469021

0.4375 0.479672
0.46875 0.476044

-2.59375 -0.0711844
-2.58529 -0.09375

0.46875 0.474578
0.5 0.474645

3.65625 0.469422
3.6875 0.474246

3.6875 0.472357
3.71875 0.478153

3.71875 0.478428
3.75 0.476833

-2.59684 -0.0625
-2.6083 -0.03125

-2.60848 -0.03125
-2.61954 0

-2.625 0.0157785
-2.63033 0.03125

-2.63068 0.03125
-2.6404 0.0625

-2.65625 0.124448
-2.65639 0.125

-2.63987 0.0625
-2.64838 0.09375

-2.65625 0.123932
-2.64862 0.09375

-2.65653 0.125
-2.6633 0.15625

-2.66341 0.15625
-2.66877 0.1875

-2.66884 0.1875
-2.67243 0.21875

-2.67254 0.21875
-2.67398 0.25

-2.625 0.017185
-2.61908 0

-2.67414 0.25
-2.67286 0.28125

-2.67303 0.28125
-2.66838 0.3125

-2.66858 0.3125
-2.65982 0.34375

-2.65871 0.34375
-2.65625 0.349092

-2.65625 0.353881
-2.64651 0.375

-2.64706 0.375
-2.625 0.404619

-2.625 0.403808
-2.62296 0.40625

-2.62436 0.40625
-2.59375 0.434526

-2.59375 0.433057
-2.58627 0.4375

-2.58808 0.4375
-2.5625 0.452671

-2.5625 0.45154
-2.53125 0.462799

-2.53125 0.463387
-2.5 0.468003

-2.5 0.465623
-2.46875 0.467179

-2.46875 0.468504
-2.45233 0.46875

-2.46002 0.46875
-2.4375 0.469087

-2.4375 0.467082
-2.40625 0.467589

-2.40625 0.469936
-2.375 0.469704

-2.375 0.4673
-2.34375 0.466443

-2.34375 0.467452
-2.31277 0.46875

-2.3125 0.469976
-2.28125 0.469003

-2.28125 0.466894
-2.25 0.465427

-2.25 0.466478
-2.21875 0.466631

-2.21875 0.466351
-2.1875 0.466583

-2.1875 0.466671
-2.15625 0.467366

-2.15625 0.467648
-2.125 0.468066

-2.125 0.467772
-2.09375 0.467938

-2.09375 0.468035
-2.0625 0.468344

-2.0625 0.46837
-2.03125 0.468577

-2.03125 0.46864
-2 0.468569

3.75 0.4742
3.78125 0.473118

3.78125 0.474629
3.8125 0.478468

3.8125 0.478298
3.84375 0.4767

3.84375 0.475435
3.875 0.474475

3.875 0.475543
3.90625 0.477536

3.90625 0.475794
3.9375 0.478103

3.9375 0.477467
3.96875 0.480084

3.96875 0.479027
4 0.479679

0.5 0.476589
0.53125 0.479261

0.53125 0.47819
0.5625 0.476294

0.5625 0.477115
0.59375 0.475035

0.59375 0.474446
0.625 0.475878

-1.90625 0.467739
-1.875 0.46771

-1.875 0.467675
-1.84375 0.467842

-1.84375 0.468009
-1.8125 0.468109

-1.8125 0.468211
-1.78125 0.467706

-1.78125 0.466834
-1.75 0.467262

0.625 0.476474
0.65625 0.478539

0.65625 0.478518
0.6875 0.475886

0.6875 0.476414
0.71875 0.473367

0.71875 0.47354
0.75 0.474769

-1.75 0.468549
-1.71875 0.468698

0.75 0.475196
0.78125 0.477041

-1.75 0.468867
-1.71875 0.469015

-1.71875 0.468085
-1.6875 0.466602

-1.6875 0.465794
-1.65625 0.465903

-1.65625 0.467515
-1.625 0.467605

0.78125 0.477943
0.8125 0.474057

0.8125 0.472924
0.84375 0.47154

0.84375 0.474268
0.875 0.474964

0.875 0.471937
0.90625 0.473921

0.90625 0.477415
0.9375 0.475787

0.9375 0.47219
0.96875 0.470412

0.96875 0.47277
1 0.476876

-1.625 0.465431
-1.59375 0.466626

-1.59375 0.469102
-1.5625 0.470799

-1.5625 0.470089
-1.54679 0.46875

-1.53125 0.465901
-1.5 0.465744

1 0.477768
1.03125 0.473047

1.03125 0.472113
1.05637 0.46875

1.0625 0.468489
1.07168 0.46875

1.0625 0.470354
1.09375 0.472133

1.09375 0.471581
1.125 0.472181

1.125 0.471676
1.15625 0.471974

1.15625 0.473341
1.1875 0.471018

1.19117 0.46875
1.21875 0.470454

-1.5 0.468147
-1.49021 0.46875

-1.47857 0.46875
-1.46875 0.469499

-1.46875 0.46995
-1.4375 0.469391

-1.4375 0.468629
-1.40625 0.466918

-1.40625 0.466826
-1.375 0.465667

1.21875 0.474343
1.25 0.473878

-1.375 0.465077
-1.34375 0.465835

-1.34375 0.467045
-1.3125 0.468477

1.28125 0.468009
1.26918 0.46875

1.25 0.470379
1.2638 0.46875

1.28125 0.467749
1.29951 0.46875

-1.3125 0.468247
-1.28125 0.46839

-1.28125 0.46819
-1.25 0.4679

1.28125 0.468891
1.3125 0.472245

1.3125 0.470896
1.34375 0.473886

1.34375 0.474677
1.375 0.472145

1.40625 0.468231
1.39362 0.46875

1.375 0.471193
1.40471 0.46875

1.40625 0.470548
1.4375 0.471136

1.46875 0.468224
1.45515 0.46875

1.4375 0.471563
1.46875 0.469444

1.46875 0.468743
1.5 0.467562

1.46875 0.469808
1.48481 0.46875

-1.25 0.467834
-1.21875 0.467641

-1.21875 0.467637
-1.1875 0.467681

-1.1875 0.467712
-1.15625 0.467938

-1.15625 0.467993
-1.125 0.468229

-1.125 0.468254
-1.09375 0.46834

-1.09375 0.468314
-1.0625 0.468249

1.5 0.468596
1.53125 0.467457

1.5 0.468782
1.50079 0.46875

1.53125 0.465899
1.5625 0.466395

1.5625 0.468148
1.59375 0.468345

1.5625 0.469414
1.59375 0.469628

1.59375 0.466411
1.625 0.466605

-1.0625 0.468153
-1.03125 0.468181

-1.03125 0.468012
-1 0.468659

-1 0.469907
-0.96875 0.469013

-0.96875 0.467151
-0.9375 0.465947

-0.9375 0.46644
-0.90625 0.467606

-0.912667 0.46875
-0.90625 0.469034

-0.90625 0.468573
-0.875 0.468321

-0.90625 0.469317
-0.875 0.46905

-0.875 0.46636
-0.84375 0.466735

-0.84375 0.469399
-0.8125 0.469861

-0.8125 0.467927
-0.78125 0.467016

-0.78125 0.467753
-0.75 0.467862

-0.75 0.467973
-0.71875 0.467406

-0.71875 0.466783
-0.6875 0.466566

-0.6875 0.466852
-0.65625 0.467659

-0.65625 0.468008
-0.625 0.468457

-0.64006 0.46875
-0.625 0.468983

-0.625 0.46821
-0.59375 0.46796

-0.625 0.468936
-0.601922 0.46875

-0.59375 0.467824
-0.5625 0.46765

-0.59375 0.468896
-0.571785 0.46875

-0.5625 0.467375
-0.53125 0.468237

-0.5 0.468711
-0.505657 0.46875

-0.53125 0.469622
-0.5 0.46941

1.61376 0.46875
1.625 0.468937

1.625 0.467269
1.65625 0.468701

1.625 0.46916
1.65625 0.471184

1.6875 0.467528
1.65872 0.46875

1.65625 0.470971
1.6875 0.468965

1.6875 0.466779
1.71875 0.466596

1.6875 0.468981
1.70502 0.46875

1.71875 0.468246
1.75 0.468317

1.71875 0.469497
1.75 0.46952

-0.5 0.46833
-0.46875 0.466435

1.75 0.46682
1.78125 0.466901

-0.46875 0.465088
-0.4375 0.466357

-0.4375 0.469073
-0.40625 0.47077

-0.375 0.468596
-0.380062 0.46875

-0.40625 0.469513
-0.390702 0.46875

-0.34375 0.467292
-0.374804 0.46875

-0.34375 0.466031
-0.3125 0.465955

-0.3125 0.467693
-0.28125 0.468052

-0.28125 0.466875
-0.25 0.466549

1.75 0.468779
1.7524 0.46875

-0.25 0.466761
-0.21875 0.467681

-0.21875 0.468177
-0.19278 0.46875

-0.197761 0.46875
-0.1875 0.468998

-0.15625 0.46818
-0.187152 0.46875

1.78125 0.468726
1.78308 0.46875

1.78622 0.46875
1.8125 0.469091

1.8125 0.468096
1.84375 0.46725

-0.1875 0.469148
-0.166667 0.46875

-0.15625 0.467019
-0.125 0.46778

1.8125 0.468784
1.81365 0.46875

1.84375 0.466901
1.875 0.467501

-0.125 0.469058
-0.09375 0.471189

-0.09375 0.469853
-0.0625 0.470558

-0.0625 0.470263
-0.03125 0.471393

-0.03125 0.472184
0 0.470487

1.90625 0.468724
1.90435 0.46875

1.875 0.469074
1.89902 0.46875

1.90625 0.466503
1.9375 0.466212

1.9375 0.46794
1.96875 0.468631

1.96492 0.46875
1.96875 0.468836

1.96875 0.467397
2 0.468056

1.99521 0.46875
2 0.468917

