-3.78423 -0.5
-3.78125 -0.491421

-3.78125 -0.49635
-3.75181 -0.46875

-3.75239 -0.46875
-3.75 -0.468004

-3.71875 -0.498046
-3.74841 -0.46875

-3.71875 -0.489502
-3.715 -0.5

2 0.474143
2.03125 0.470496

2.03125 0.472312
2.0625 0.473241

2.0625 0.47222
2.09375 0.474277

0 0.466883
0.03125 0.466699

0.03125 0.467511
0.0625 0.468341

0.0625 0.468485
0.09375 0.468081

0.0625 0.469119
0.0911208 0.46875

0.09375 0.467277
0.125 0.466966

2.09375 0.477837
2.125 0.471832

2.125 0.466394
2.15625 0.465082

2.15625 0.471044
2.1875 0.473378

2.1875 0.47138
2.20716 0.46875

-1.96875 0.467727
-1.99644 0.46875

-1.96875 0.46672
-1.9375 0.46649

2.21875 0.467322
2.25 0.467302

-1.9375 0.467342
-1.90625 0.468332

-3.62829 -0.5
-3.625 -0.49083

-1.90625 0.468227
-1.88227 0.46875

-3.62219 -0.5
-3.59375 -0.472338

-3.59375 -0.489271
-3.5625 -0.484681

-3.5625 -0.487054
-3.53125 -0.482495

-3.53125 -0.484213
-3.5 -0.483962

-1.88368 0.46875
-1.875 0.469009

-1.84375 0.468631
-1.87074 0.46875

-1.875 0.469329
-1.84375 0.469174

-1.8125 0.467773
-1.84066 0.46875

-1.8125 0.466637
-1.78125 0.467427

2.25543 0.46875
2.28125 0.470654

2.28125 0.470278
2.3125 0.470395

2.3125 0.471103
2.33652 0.46875

2.34375 0.46624
2.375 0.465361

2.375 0.467288
2.40625 0.468446

2.39921 0.46875
2.40625 0.469013

-3.5 -0.469427
-3.46875 -0.499788

-3.46875 -0.489812
-3.46509 -0.5

-2.52944 -0.5
-2.52953 -0.46875

-2.52951 -0.46875
-2.52985 -0.4375

-2.53125 -0.395323
-2.53236 -0.375

-2.52972 -0.4375
-2.53062 -0.40625

-2.53125 -0.39425
-2.53059 -0.40625

-2.53233 -0.375
-2.53484 -0.34375

-2.53489 -0.34375
-2.53813 -0.3125

-2.53814 -0.3125
-2.54201 -0.28125

-2.54201 -0.28125
-2.54646 -0.25

-2.5625 -0.173806
-2.56641 -0.15625

-2.56457 -0.15625
-2.57226 -0.125

-2.54641 -0.25
-2.55154 -0.21875

-2.5515 -0.21875
-2.55748 -0.1875

-2.5625 -0.160193
-2.55642 -0.1875

-2.57221 -0.125
-2.58046 -0.09375

-2.58042 -0.09375
-2.58939 -0.0625

-2.59375 -0.0541144
-2.60082 -0.03125

-2.59919 -0.03125
-2.60928 0

-2.59375 -0.0420793
-2.58743 -0.0625

-2.625 0.0447918
-2.63075 0.0625

-2.62996 0.0625
-2.63953 0.09375

-2.6397 0.09375
-2.64812 0.125

-2.65625 0.163853
-2.66022 0.1875

-2.64814 0.125
-2.65503 0.15625

-2.65625 0.160955
-2.65546 0.15625

-2.66036 0.1875
-2.66379 0.21875

-2.66388 0.21875
-2.66523 0.25

-2.60932 0
-2.61959 0.03125

-2.625 0.050164
-2.61886 0.03125

-2.66536 0.25
-2.66421 0.28125

-2.66433 0.28125
-2.66018 0.3125

-2.66078 0.3125
-2.65625 0.330961

-2.65625 0.326875
-2.65211 0.34375

-2.65331 0.34375
-2.64052 0.375

-2.64263 0.375
-2.625 0.400574

-2.625 0.395259
-2.6175 0.40625

-2.62134 0.40625
-2.59375 0.433775

-2.59375 0.433832
-2.58941 0.4375

-2.58421 0.4375
-2.5625 0.454882

-2.5625 0.462994
-2.5453 0.46875

-2.54698 0.46875
-2.53125 0.473862

-2.53125 0.463554
-2.5 0.464145

-1.78125 0.469257
-1.75 0.47052

0.125 0.467193
0.15625 0.468271

-1.75 0.469917
-1.72836 0.46875

-1.71875 0.468319
-1.6875 0.466991

2.40625 0.468247
2.4375 0.46794

0.144309 0.46875
0.15625 0.469263

0.15625 0.469622
0.1875 0.468933

0.1875 0.467114
0.21875 0.465986

-2.5 0.468348
-2.49572 0.46875

0.21875 0.466579
0.25 0.467463

2.40625 0.468873
2.4182 0.46875

-1.6875 0.466202
-1.65625 0.466792

2.4375 0.467192
2.46875 0.467373

-2.48574 0.46875
-2.46875 0.470609

0.25 0.467949
0.28125 0.468647

2.46875 0.468198
2.5 0.468737

0.273714 0.46875
0.28125 0.468929

0.28125 0.468415
0.3125 0.468244

0.28125 0.468928
0.311707 0.46875

-1.65883 0.46875
-1.65625 0.468807

-1.625 0.468466
-1.64957 0.46875

0.3125 0.467978
0.34375 0.467974

-1.65625 0.469126
-1.625 0.468765

-1.625 0.465024
-1.59375 0.466534

-2.46875 0.470349
-2.4375 0.469089

0.34375 0.468468
0.375 0.468155

0.34375 0.469005
0.369896 0.46875

-1.59375 0.470842
-1.5625 0.472869

0.375 0.467882
0.40625 0.466811

-2.4375 0.467426
-2.40625 0.466998

0.375 0.468902
0.379213 0.46875

-1.5625 0.470259
-1.54005 0.46875

2.5 0.468313
2.53125 0.468408

-1.53125 0.467779
-1.5 0.468442

-1.53125 0.469378
-1.5 0.470771

0.40625 0.466495
0.4375 0.466056

0.4375 0.465345
0.46875 0.467612

2.5625 0.468266
2.54985 0.46875

2.53125 0.468874
2.5345 0.46875

2.5625 0.466003
2.59375 0.465939

2.59375 0.467758
2.60911 0.46875

2.61937 0.46875
2.625 0.469227

2.625 0.470691
2.65625 0.46932

2.65625 0.466432
2.6875 0.465269

2.6875 0.467063
2.71875 0.468112

2.70592 0.46875
2.71875 0.469203

2.71875 0.467917
2.75 0.467769

2.71875 0.468954
2.75 0.46876

2.75 0.467025
2.78125 0.467746

2.78125 0.468619
2.80951 0.46875

2.78125 0.469376
2.8125 0.469525

2.8125 0.468355
2.84375 0.466982

2.8125 0.468916
2.81551 0.46875

2.84375 0.466236
2.875 0.467055

2.875 0.469126
2.90625 0.469503

2.90625 0.467744
2.9375 0.467058

2.9375 0.467045
2.96875 0.468619

2.95941 0.46875
2.96875 0.46949

2.96875 0.471403
3 0.469697

3 0.464413
3.03125 0.464869

3.03125 0.469097
3.0625 0.473825

3.0625 0.472991
3.09375 0.469856

3.09375 0.467629
3.125 0.467367

3.09375 0.469175
3.12343 0.46875

3.125 0.467808
3.1354 0.46875

3.12642 0.46875
3.15625 0.47358

0.46875 0.470396
0.5 0.471222

-2.40625 0.468493
-2.375 0.468157

-2.40625 0.469405
-2.375 0.469169

-2.375 0.466308
-2.34375 0.466657

-2.36237 0.46875
-2.34375 0.469183

-2.34375 0.467761
-2.31337 0.46875

-2.34375 0.46953
-2.3125 0.470553

-2.3125 0.468679
-2.28125 0.468226

-2.3125 0.469355
-2.29528 0.46875

0.53125 0.467038
0.508188 0.46875

0.5 0.46894
0.501771 0.46875

0.53125 0.466122
0.5625 0.466217

0.5625 0.467667
0.587966 0.46875

0.590903 0.46875
0.59375 0.468875

0.625 0.468661
0.618554 0.46875

0.59375 0.469024
0.613576 0.46875

3.15625 0.468721
3.1875 0.468681

3.15625 0.473489
3.1875 0.473331

3.1875 0.471145
3.21875 0.470492

0.625 0.467857
0.65625 0.467055

-2.25 0.468339
-2.26487 0.46875

3.25 0.46845
3.23265 0.46875

3.21875 0.473314
3.25 0.472235

-1.5 0.468452
-1.47149 0.46875

0.65625 0.466949
0.6875 0.467499

-1.5 0.470614
-1.46875 0.470892

3.25 0.468709
3.25072 0.46875

-2.28125 0.46882
-2.27895 0.46875

0.6875 0.468476
0.71875 0.468633

-2.25 0.467523
-2.21875 0.466259

-2.21875 0.466038
-2.1875 0.466216

-1.46875 0.469009
-1.4375 0.471057

-2.1875 0.466507
-2.15625 0.467985

-2.15625 0.467483
-2.13255 0.46875

0.71875 0.467766
0.75 0.467308

-2.14962 0.46875
-2.125 0.470812

-2.09375 0.468412
-2.10408 0.46875

-2.125 0.471269
-2.09375 0.470017

3.2578 0.46875
3.28125 0.471388

-1.4375 0.473653
-1.40625 0.471814

-1.40625 0.467359
-1.375 0.467919

-2.09375 0.467046
-2.0625 0.466313

-1.375 0.472272
-1.34375 0.475432

3.28125 0.472905
3.3125 0.479591

-1.34375 0.473194
-1.3125 0.469515

-2.09375 0.46978
-2.07217 0.46875

-1.3125 0.468546
-1.28847 0.46875

3.3125 0.478557
3.34375 0.474295

-1.3125 0.469947
-1.28125 0.470477

3.34375 0.47385
3.375 0.470124

-1.28125 0.470256
-1.25 0.473515

-2.0625 0.468672
-2.06004 0.46875

0.75 0.467654
0.78125 0.467621

-2.06042 0.46875
-2.03125 0.469552

3.375 0.471459
3.40625 0.473941

0.78125 0.467364
0.8125 0.467576

0.8125 0.468052
0.84375 0.46807

3.40625 0.473704
3.4375 0.475233

0.84375 0.467605
0.875 0.467407

-1.25 0.475292
-1.21875 0.47157

-2 0.468585
-2.01252 0.46875

-1.21875 0.467508
-1.1875 0.467645

-1.1875 0.471863
-1.15625 0.475549

0.875 0.467538
0.90625 0.467792

3.4375 0.474087
3.46875 0.474372

0.90625 0.468039
0.9375 0.46799

-2.03125 0.469235
-2.00598 0.46875

0.9375 0.46741
0.96875 0.467725

0.96875 0.468305
0.98814 0.46875

3.46875 0.474999
3.5 0.474508

0.991998 0.46875
1 0.469

-1.15625 0.47388
-1.125 0.469818

-1.09375 0.468396
-1.10988 0.46875

-1.125 0.470375
-1.09375 0.469005

1.03125 0.468147
1.00348 0.46875

3.5 0.47437
3.53125 0.473107

3.53125 0.472978
3.5625 0.474005

-1.09375 0.469537
-1.0625 0.471422

3.5625 0.474283
3.59375 0.475247

1 0.469613
1.03125 0.468926

3.59375 0.475264
3.625 0.473646

-1.0625 0.470883
-1.03125 0.472175

1.03125 0.4674
1.0625 0.467151

3.625 0.473461
3.65625 0.472834

1.03125 0.468859
1.03924 0.46875

-1.03125 0.472323
-1 0.471218

1.0625 0.468602
1.09375 0.46808

3.65625 0.473513
3.6875 0.474144

3.6875 0.473107
3.71875 0.474449

3.71875 0.475337
3.75 0.475005

-1 0.472421
-0.971491 0.46875

-0.96875 0.466599
-0.9375 0.466889

-0.9375 0.469183
-0.90625 0.472828

3.75 0.473041
3.78125 0.473851

3.78125 0.475457
3.8125 0.476505

3.8125 0.47417
3.84375 0.47482

1.0625 0.469167
1.08709 0.46875

1.09375 0.466353
1.125 0.466134

-0.90625 0.472308
-0.875 0.470475

1.125 0.467033
1.14986 0.46875

3.84375 0.476207
3.875 0.477055

1.15625 0.469033
1.1875 0.472089

-0.84375 0.468179
-0.860792 0.46875

-0.875 0.47017
-0.852955 0.46875

3.875 0.475556
3.90625 0.475127

-0.8125 0.468412
-0.84322 0.46875

1.1875 0.473065
1.21875 0.469864

1.21875 0.465661
1.25 0.466283

3.90625 0.475314
3.9375 0.477089

3.9375 0.476443
3.96875 0.47779

1.25 0.469854
1.28125 0.475564

1.28125 0.472995
1.3125 0.473147

1.3125 0.47306
1.34375 0.472662

1.34375 0.472962
1.375 0.472384

-0.84375 0.469736
-0.8125 0.469189

-0.8125 0.468062
-0.78125 0.468567

3.96875 0.477313
4 0.477736

1.375 0.472226
1.40625 0.472341

1.40625 0.471844
1.4375 0.47373

-0.795293 0.46875
-0.78125 0.469166

-0.78125 0.470028
-0.75 0.470582

1.4375 0.47328
1.46875 0.47506

-0.71875 0.468505
-0.724053 0.46875

-0.75 0.470148
-0.730335 0.46875

-0.71875 0.467733
-0.6875 0.467101

-0.6875 0.467742
-0.65625 0.46807

1.46875 0.475523
1.5 0.473613

-0.65625 0.468235
-0.625 0.467909

-0.625 0.467337
-0.59375 0.467171

-0.59375 0.46747
-0.5625 0.46801

1.5 0.473291
1.53125 0.47123

1.53125 0.470102
1.5625 0.474912

1.5625 0.474728
1.59375 0.479412

-0.53125 0.46775
-0.557213 0.46875

-0.53125 0.465042
-0.5 0.465623

1.59375 0.477669
1.625 0.476714

1.625 0.476535
1.65625 0.475723

1.65625 0.475525
1.6875 0.477233

1.6875 0.477171
1.71875 0.478486

1.71875 0.479267
1.75 0.476025

1.75 0.47626
1.78125 0.473017

1.78125 0.473358
1.8125 0.475448

1.8125 0.4755
1.84375 0.477956

1.84375 0.478531
1.875 0.475187

1.875 0.475555
1.90625 0.471213

1.90625 0.468742
1.91572 0.46875

1.90625 0.472493
1.9375 0.472543

1.9375 0.47148
1.96875 0.475388

1.96875 0.476982
2 0.475868

-0.5 0.468715
-0.49942 0.46875

-0.495458 0.46875
-0.46875 0.470497

-0.46875 0.468819
-0.4375 0.469352

-0.4375 0.471089
-0.40625 0.46897

-0.40625 0.465705
-0.375 0.464659

-0.375 0.467415
-0.34375 0.468462

-0.34375 0.46717
-0.3125 0.467377

-0.317291 0.46875
-0.3125 0.468792

-0.3125 0.468108
-0.28125 0.468318

-0.3125 0.468779
-0.28125 0.469001

-0.28125 0.467677
-0.25 0.467657

-0.28125 0.468817
-0.253716 0.46875

-0.25 0.468108
-0.21875 0.468459

-0.231263 0.46875
-0.21875 0.468894

-0.1875 0.467812
-0.214016 0.46875

-0.21875 0.469072
-0.209755 0.46875

-0.1875 0.466372
-0.15625 0.465833

-0.15625 0.466711
-0.125 0.467934

-0.125 0.46824
-0.09375 0.468652

-0.114897 0.46875
-0.09375 0.469053

-0.09375 0.46811
-0.0625 0.468037

-0.09375 0.468802
-0.0625 0.468843

-0.0625 0.468194
-0.03125 0.468284

-0.0625 0.468954
-0.03125 0.468997

-0.03125 0.468703
0 0.467866

-0.03125 0.468887
-0.0267306 0.46875

