-3.78445 -0.5
-3.78125 -0.490887

-2 0.46803
-1.96875 0.468329

-1.96875 0.468354
-1.9375 0.468146

-1.9375 0.468197
-1.90625 0.467329

-1.90625 0.467315
-1.875 0.465713

-1.875 0.465684
-1.84375 0.463433

-1.84375 0.463391
-1.8125 0.460634

-1.8125 0.460582
-1.78125 0.457507

-1.78125 0.457467
-1.75 0.454255

-1.75 0.454228
-1.71875 0.451014

-1.71875 0.450999
-1.6875 0.447868

-1.6875 0.447841
-1.65625 0.444875

-1.65625 0.444866
-1.625 0.442139

-1.625 0.44214
-1.59375 0.439666

-1.59375 0.439668
-1.56334 0.4375

-1.5625 0.437464
-1.53125 0.435429

-1.53125 0.435433
-1.5 0.433536

0 0.44305
0.03125 0.445747

0.03125 0.445794
0.0625 0.44887

-1.5 0.433527
-1.46875 0.431778

-1.46875 0.431781
-1.4375 0.430195

-1.4375 0.430203
-1.40625 0.428757

-1.40625 0.428759
-1.375 0.427434

-1.375 0.427427
-1.34375 0.426231

0.0625 0.448914
0.09375 0.452186

0.09375 0.452227
0.125 0.455525

-3.78125 -0.497209
-3.75132 -0.46875

0.125 0.455563
0.15625 0.45873

0.15625 0.458765
0.1875 0.461657

2 0.469367
2.03125 0.469958

2.0625 0.468296
2.05296 0.46875

2.03125 0.471252
2.0625 0.469308

0.1875 0.461692
0.21875 0.464168

2.0625 0.465964
2.09375 0.467408

0.21875 0.46419
0.25 0.466137

0.25 0.46614
0.28125 0.467512

2.09375 0.470756
2.125 0.475442

-1.34375 0.42621
-1.3125 0.425198

2.125 0.472814
2.15625 0.471994

-3.71875 -0.497784
-3.74889 -0.46875

0.28125 0.467513
0.3125 0.468305

2.15625 0.474669
2.1875 0.469889

0.3125 0.468273
0.34375 0.468547

2.1875 0.466061
2.21875 0.466933

-3.75 -0.468453
-3.74907 -0.46875

2.21875 0.471497
2.25 0.476549

-3.71875 -0.489175
-3.71486 -0.5

-1.3125 0.425165
-1.28125 0.424445

2.25 0.473261
2.28125 0.47209

0.34375 0.468512
0.375 0.468402

-3.62843 -0.5
-3.625 -0.490503

0.375 0.468342
0.40625 0.468038

0.40625 0.46799
0.4375 0.467707

-1.28125 0.424419
-1.25 0.424109

0.4375 0.467692
0.46875 0.467556

0.46875 0.467553
0.5 0.467602

2.28125 0.473176
2.3125 0.472526

-1.25 0.424113
-1.21875 0.424258

-1.21875 0.424301
-1.1875 0.424807

-3.62197 -0.5
-3.59375 -0.472344

-1.1875 0.424886
-1.15625 0.425509

-1.15625 0.42559
-1.125 0.426007

-3.59375 -0.489162
-3.5625 -0.484552

-1.125 0.426048
-1.09375 0.426014

-3.5625 -0.48711
-3.53125 -0.482615

0.5 0.46761
0.53125 0.467835

-1.09375 0.425992
-1.0625 0.425469

2.3125 0.470084
2.34375 0.473967

-1.0625 0.42539
-1.03125 0.424582

-3.53125 -0.484283
-3.5 -0.483733

-1.03125 0.424526
-1 0.423704

0.53125 0.467827
0.5625 0.468231

0.5625 0.46823
0.589068 0.46875

2.34375 0.474391
2.375 0.479076

0.59375 0.46961
0.625 0.468896

0.625 0.467667
0.65625 0.466536

2.375 0.478839
2.40625 0.474581

2.40625 0.474486
2.4375 0.470466

2.4375 0.470363
2.46875 0.475019

0.65625 0.466489
0.6875 0.467431

0.68011 0.46875
0.6875 0.469022

-3.5 -0.46936
-3.46875 -0.499629

0.6875 0.468625
0.71875 0.468517

2.46875 0.474938
2.5 0.479325

-1 0.423674
-0.96875 0.423012

0.6875 0.469225
0.71875 0.469101

-3.46875 -0.489651
-3.46503 -0.5

-0.96875 0.42301
-0.9375 0.422574

0.71875 0.467508
0.75 0.466046

2.5 0.478725
2.53125 0.475431

2.53125 0.475288
2.5625 0.472387

2.5625 0.472211
2.59375 0.476143

2.59375 0.475891
2.625 0.479649

2.625 0.478895
2.65625 0.476866

2.65625 0.476962
2.6875 0.474653

0.75 0.465951
0.78125 0.466169

0.78125 0.466828
0.8125 0.467599

0.8125 0.467788
0.84375 0.467419

0.84375 0.466573
0.875 0.46638

2.6875 0.474973
2.71875 0.476172

0.875 0.466818
0.90625 0.467614

2.71875 0.476322
2.75 0.477691

-0.9375 0.422574
-0.90625 0.422367

0.90625 0.467745
0.9375 0.468393

2.75 0.478584
2.78125 0.475289

0.9375 0.468373
0.96875 0.468652

-0.90625 0.42237
-0.875 0.422388

-2.625 -0.250567
-2.6251 -0.25

-2.60502 -0.5
-2.60522 -0.46875

-2.60526 -0.46875
-2.60576 -0.4375

-2.60558 -0.4375
-2.60668 -0.40625

-2.60674 -0.40625
-2.60867 -0.375

1 0.468255
0.984297 0.46875

-2.60863 -0.375
-2.61134 -0.34375

-0.875 0.422373
-0.84375 0.422638

2.78125 0.475346
2.8125 0.472077

-0.84375 0.422607
-0.8125 0.423209

2.8125 0.47229
2.84375 0.475046

2.84375 0.475052
2.875 0.477882

0.96875 0.468797
0.970233 0.46875

-0.8125 0.423142
-0.78125 0.424278

-2.61135 -0.34375
-2.61491 -0.3125

-2.61488 -0.3125
-2.61932 -0.28125

-2.61931 -0.28125
-2.62471 -0.25

2.875 0.477534
2.90625 0.475464

-2.625 -0.249207
-2.63105 -0.21875

-2.63103 -0.21875
-2.63781 -0.1875

-2.63779 -0.1875
-2.64516 -0.15625

-2.64514 -0.15625
-2.65318 -0.125

-2.6875 -0.00654549
-2.68939 0

-2.65625 -0.118514
-2.66309 -0.09375

-2.66196 -0.09375
-2.67088 -0.0625

-2.65625 -0.107251
-2.65135 -0.125

-2.67089 -0.0625
-2.67992 -0.03125

-2.6875 -0.00480484
-2.67987 -0.03125

-2.625 -0.246361
-2.62428 -0.25

1 0.466645
1.03125 0.466439

-2.68899 0
-2.69788 0.03125

-0.78125 0.424296
-0.75 0.426062

-2.69816 0.03125
-2.70632 0.0625

2.90625 0.475138
2.9375 0.473656

1.03125 0.467951
1.0625 0.468471

2.9375 0.473807
2.96875 0.476227

-2.71875 0.121718
-2.71938 0.125

-0.75 0.426188
-0.71875 0.428295

2.96875 0.475803
3 0.477829

-0.71875 0.428338
-0.6875 0.430445

1.05717 0.46875
1.0625 0.468839

-2.70619 0.0625
-2.71328 0.09375

-0.6875 0.430468
-0.65625 0.432441

1.0625 0.467213
1.09375 0.467951

1.09375 0.469668
1.125 0.469719

3 0.479206
3.03125 0.474881

-0.65625 0.432479
-0.625 0.434197

-2.71875 0.121553
-2.71345 0.09375

-0.625 0.434303
-0.59375 0.435477

-2.71942 0.125
-2.72389 0.15625

-0.59375 0.435481
-0.5625 0.435891

1.125 0.468522
1.15625 0.466847

-0.5625 0.435732
-0.53125 0.435689

1.15625 0.466036
1.1875 0.46665

3.03125 0.47439
3.0625 0.470593

1.1875 0.468312
1.21568 0.46875

3.0625 0.472766
3.09375 0.473726

1.1875 0.468868
1.21875 0.469352

-2.72408 0.15625
-2.72668 0.1875

3.09375 0.472575
3.125 0.474328

-2.72656 0.1875
-2.72716 0.21875

3.125 0.476651
3.15625 0.473348

1.21875 0.467279
1.25 0.467338

-0.53125 0.435576
-0.5 0.435624

-2.72724 0.21875
-2.72592 0.25

3.15625 0.470261
3.1875 0.470036

3.1875 0.472557
3.21875 0.476992

-2.72608 0.25
-2.72236 0.28125

-2.7232 0.28125
-2.71875 0.301943

-2.71875 0.294906
-2.71496 0.3125

-2.71599 0.3125
-2.70554 0.34375

-2.70601 0.34375
-2.6905 0.375

3.21875 0.475723
3.25 0.473444

-0.5 0.435623
-0.46875 0.435992

-0.46875 0.436021
-0.4375 0.436657

-0.4375 0.436756
-0.40625 0.437405

-0.40625 0.437455
-0.402306 0.4375

-0.402803 0.4375
-0.375 0.437816

1.23982 0.46875
1.25 0.46876

-2.69108 0.375
-2.6875 0.380842

1.28125 0.46859
1.25702 0.46875

1.25 0.469171
1.28125 0.468975

-2.6875 0.379942
-2.66829 0.40625

3.25 0.473495
3.28125 0.471495

1.28125 0.466813
1.3125 0.466972

3.28125 0.471224
3.3125 0.473944

1.30285 0.46875
1.3125 0.468838

3.3125 0.473843
3.34375 0.476586

-2.67114 0.40625
-2.65625 0.421876

-0.375 0.437793
-0.34375 0.437788

-2.65625 0.418605
-2.63195 0.4375

-0.34375 0.437724
-0.3125 0.437534

1.3125 0.469354
1.34375 0.469303

-0.3125 0.437476
-0.28125 0.437347

-2.63697 0.4375
-2.625 0.445258

-0.28125 0.437355
-0.25 0.437384

1.34375 0.467608
1.375 0.466029

3.34375 0.476281
3.375 0.474372

1.375 0.465644
1.40625 0.466699

-0.25 0.437415
-0.21875 0.437499

-2.625 0.442983
-2.59375 0.458003

-0.1875 0.437494
-0.194762 0.4375

-2.59375 0.457501
-2.5625 0.465859

-0.249315 0.4375
-0.1875 0.437551

-2.5625 0.465727
-2.53125 0.468693

1.40625 0.468533
1.41808 0.46875

3.375 0.474633
3.40625 0.471978

3.40625 0.47185
3.4375 0.473493

-2.53125 0.467342
-2.5 0.46788

1.41 0.46875
1.4375 0.469252

-0.1875 0.437422
-0.15625 0.43741

3.4375 0.474253
3.46875 0.475643

-0.15625 0.437359
-0.142128 0.4375

1.4375 0.467638
1.46875 0.466988

3.46875 0.474488
3.5 0.473635

-0.142881 0.4375
-0.125 0.437679

1.46875 0.467382
1.5 0.467878

-0.125 0.437697
-0.09375 0.438384

-0.09375 0.438373
-0.0625 0.439413

-2.5 0.468173
-2.46875 0.468399

-2.46875 0.468048
-2.4375 0.468079

-0.0625 0.439358
-0.03125 0.440881

-0.03125 0.440869
0 0.443008

-2.4375 0.468457
-2.40625 0.468221

3.5 0.476146
3.53125 0.472046

3.53125 0.470492
3.5625 0.46943

1.5 0.468138
1.53125 0.468472

1.53125 0.46831
1.5625 0.468216

3.5625 0.468699
3.59375 0.46831

3.5625 0.473505
3.59375 0.472809

1.53125 0.468833
1.5585 0.46875

-2.4375 0.468813
-2.4291 0.46875

3.59375 0.468297
3.61626 0.46875

3.59375 0.468777
3.625 0.469918

-2.40625 0.468305
-2.375 0.466879

1.5625 0.467996
1.59375 0.468236

1.625 0.468651
1.6218 0.46875

1.59375 0.469003
1.60199 0.46875

1.625 0.467063
1.65625 0.465325

1.65625 0.464836
1.6875 0.465766

1.6875 0.467007
1.71253 0.46875

1.71798 0.46875
1.71875 0.468814

1.71875 0.469857
1.75 0.469448

-2.375 0.465216
-2.34375 0.465777

1.75 0.467373
1.78125 0.466883

1.75 0.469054
1.76124 0.46875

3.625 0.468648
3.63151 0.46875

1.78125 0.468677
1.8125 0.468289

-2.34375 0.467974
-2.32783 0.46875

3.625 0.473732
3.65625 0.474629

-2.32694 0.46875
-2.3125 0.469452

-2.3125 0.468743
-2.28125 0.468329

3.65625 0.469332
3.6875 0.470994

3.6875 0.473957
3.71875 0.477718

1.78125 0.469149
1.81127 0.46875

3.71875 0.475811
3.75 0.472036

-2.28125 0.46842
-2.25 0.467352

1.8125 0.4672
1.84375 0.465614

3.75 0.470571
3.78125 0.473552

3.78125 0.474731
3.8125 0.479078

1.84375 0.465116
1.875 0.465885

3.8125 0.478175
3.84375 0.474642

-2.25 0.466515
-2.21875 0.466288

-2.21875 0.467367
-2.1875 0.467493

1.875 0.466977
1.90475 0.46875

1.90018 0.46875
1.90625 0.469158

-2.1875 0.466798
-2.15625 0.466509

-2.15625 0.46673
-2.125 0.466972

-2.125 0.467003
-2.09375 0.467269

-2.09375 0.467239
-2.0625 0.467528

-2.0625 0.467646
-2.03125 0.467781

3.84375 0.473271
3.875 0.473471

-2.03125 0.467536
-2 0.467769

3.875 0.474376
3.90625 0.478842

3.90625 0.478304
3.9375 0.477369

1.90625 0.468659
1.91129 0.46875

1.90625 0.46888
1.9375 0.469585

3.9375 0.475594
3.96875 0.475787

3.96875 0.476813
4 0.47924

1.9375 0.468859
1.96875 0.469285

1.96875 0.468452
2 0.468747

1.96875 0.469435
2 0.470026

