-3.78433 -0.5
-3.78125 -0.491203

-3.78125 -0.497623
-3.75147 -0.46875

2 0.475427
2.03125 0.473997

-3.71875 -0.497238
-3.74881 -0.46875

2.03125 0.473385
2.0625 0.476349

2.0625 0.476036
2.09375 0.479316

-2 0.428364
-1.96875 0.430154

0 0.468075
0.03125 0.468053

2.09375 0.478281
2.125 0.47787

0.03125 0.468032
0.0625 0.467907

0.0625 0.467867
0.09375 0.467761

-3.75 -0.468691
-3.74981 -0.46875

-1.96875 0.430151
-1.9375 0.431718

0.09375 0.467747
0.125 0.467771

0.125 0.467778
0.15625 0.467943

0.15625 0.467965
0.1875 0.46821

0.1875 0.468253
0.21875 0.468449

0.21875 0.468489
0.25 0.468468

0.25 0.468443
0.28125 0.468175

0.28125 0.468174
0.3125 0.46771

0.3125 0.467695
0.34375 0.467068

0.34375 0.466922
0.375 0.466454

-3.71875 -0.489203
-3.71488 -0.5

-1.9375 0.431618
-1.90625 0.43317

-1.90625 0.433183
-1.875 0.434893

-1.875 0.435001
-1.84375 0.436625

-1.84375 0.436728
-1.82273 0.4375

2.125 0.477714
2.15625 0.476858

2.15625 0.476767
2.1875 0.477738

2.1875 0.478027
2.21875 0.47841

2.21875 0.478025
2.25 0.477204

2.25 0.477041
2.28125 0.477836

2.28125 0.479348
2.3125 0.477392

2.3125 0.476229
2.34375 0.474881

2.34375 0.476273
2.375 0.47778

2.375 0.478826
2.40625 0.475284

2.40625 0.475077
2.4375 0.471892

2.4375 0.473029
2.46875 0.47471

2.46875 0.474781
2.5 0.475551

2.5 0.477325
2.53125 0.471954

2.53125 0.471659
2.5537 0.46875

2.5625 0.46822
2.58885 0.46875

2.5625 0.470074
2.59375 0.471331

2.59375 0.471311
2.625 0.470794

2.65625 0.468634
2.63315 0.46875

2.625 0.470079
2.65625 0.47011

2.6875 0.467577
2.66738 0.46875

2.65625 0.472236
2.6875 0.470198

2.6875 0.465902
2.71875 0.465081

2.6875 0.470454
2.71875 0.468875

2.71875 0.467792
2.75 0.468705

2.71875 0.469546
2.75 0.469853

2.75 0.467562
2.78125 0.467763

2.75 0.468868
2.78125 0.468904

2.8125 0.468738
2.81168 0.46875

2.78125 0.469751
2.8125 0.469222

2.8125 0.467695
2.84375 0.466058

2.84375 0.465297
2.875 0.467126

2.875 0.470122
2.90625 0.470945

2.9375 0.466665
2.9105 0.46875

2.90625 0.468914
2.9078 0.46875

2.9375 0.465602
2.96875 0.465812

2.96875 0.467522
2.99326 0.46875

2.99758 0.46875
3 0.468874

3 0.469016
3.0206 0.46875

0.375 0.466122
0.40625 0.466766

0.40625 0.467763
0.4375 0.468189

0.4375 0.467613
0.46875 0.466979

0.46875 0.466726
0.5 0.466692

-3.62834 -0.5
-3.625 -0.490712

-3.62191 -0.5
-3.59375 -0.47234

0.5 0.466807
0.53125 0.467646

0.53125 0.46796
0.559881 0.46875

-3.59375 -0.489307
-3.5625 -0.484467

-3.5625 -0.486984
-3.53125 -0.482517

-1.82023 0.4375
-1.8125 0.437867

-3.53125 -0.484256
-3.5 -0.483842

-1.8125 0.437795
-1.78125 0.438424

3.03125 0.467972
3.0625 0.466967

3.0625 0.466984
3.09375 0.466672

3.09375 0.466776
3.125 0.466915

0.59375 0.468611
0.589476 0.46875

-3.5 -0.469324
-3.46875 -0.499623

-3.46875 -0.48999
-3.46517 -0.5

-1.78125 0.438383
-1.75 0.438706

3.125 0.467031
3.15625 0.467183

3.15625 0.46712
3.1875 0.467182

3.1875 0.467108
3.21875 0.467353

0.5625 0.469402
0.582662 0.46875

0.59375 0.466334
0.625 0.466401

0.625 0.468562
0.630968 0.46875

0.630365 0.46875
0.65625 0.469601

3.21875 0.467459
3.25 0.467822

0.6875 0.467716
0.657411 0.46875

0.65625 0.469212
0.667804 0.46875

-2.57725 -0.5
-2.57747 -0.46875

0.6875 0.466748
0.71875 0.467124

0.71875 0.468469
0.731841 0.46875

-1.75 0.438688
-1.71875 0.438822

-2.57759 -0.46875
-2.57799 -0.4375

-1.71875 0.438806
-1.6875 0.438821

-2.57766 -0.4375
-2.57868 -0.40625

3.25 0.468189
3.28125 0.467724

-1.6875 0.438797
-1.65625 0.438775

-2.57869 -0.40625
-2.58099 -0.375

0.71875 0.468809
0.75 0.469489

0.78125 0.46756
0.755397 0.46875

0.75 0.468999
0.754741 0.46875

0.78125 0.466565
0.8125 0.46586

0.8125 0.466358
0.84375 0.467373

-2.58104 -0.375
-2.58449 -0.34375

-2.58452 -0.34375
-2.58899 -0.3125

3.28125 0.466968
3.3125 0.466455

3.3125 0.466479
3.34375 0.467384

3.34375 0.467374
3.36111 0.46875

-1.65625 0.43877
-1.625 0.43877

-1.625 0.438775
-1.59375 0.438796

-1.59375 0.438793
-1.5625 0.438832

-1.5625 0.438835
-1.53125 0.438891

-1.53125 0.438932
-1.5 0.438916

-1.5 0.438835
-1.46875 0.438828

-1.46875 0.438826
-1.4375 0.438996

-1.4375 0.439038
-1.40625 0.439306

-1.40625 0.439283
-1.375 0.439613

-1.375 0.439697
-1.34375 0.43997

-1.34375 0.440011
-1.3125 0.439977

-1.3125 0.439891
-1.28125 0.439642

-1.28125 0.439641
-1.25 0.43935

-1.25 0.439327
-1.21875 0.439043

-1.21875 0.439035
-1.1875 0.438821

-1.1875 0.438755
-1.15625 0.438758

-1.15625 0.438748
-1.125 0.43912

-1.125 0.439152
-1.09375 0.439848

-1.09375 0.43987
-1.0625 0.44078

-1.0625 0.440712
-1.03125 0.441929

-1.03125 0.441913
-1 0.443602

0.84375 0.467824
0.875 0.468659

-2.59375 -0.28592
-2.59458 -0.28125

-2.59453 -0.28125
-2.60113 -0.25

-2.59375 -0.285251
-2.58892 -0.3125

-2.625 -0.162033
-2.62673 -0.15625

-2.62649 -0.15625
-2.6366 -0.125

-2.65625 -0.0665786
-2.65757 -0.0625

-2.6367 -0.125
-2.64717 -0.09375

-2.65625 -0.0664432
-2.64744 -0.09375

-2.65743 -0.0625
-2.66676 -0.03125

-2.66684 -0.03125
-2.67542 0

-2.60114 -0.25
-2.60865 -0.21875

-2.60865 -0.21875
-2.61707 -0.1875

0.875 0.468507
0.90625 0.468398

0.875 0.468887
0.90625 0.468778

3.36652 0.46875
3.375 0.469885

3.375 0.468605
3.40625 0.468345

3.375 0.472186
3.40625 0.472135

3.40625 0.467869
3.4375 0.467627

3.40625 0.469418
3.4375 0.468908

3.4375 0.467647
3.45003 0.46875

3.4375 0.469125
3.46875 0.474122

3.46875 0.471506
3.5 0.475813

0.9375 0.467198
0.90829 0.46875

0.9375 0.464622
0.96875 0.465805

-1 0.443645
-0.96875 0.445752

0.96875 0.469411
1 0.471374

-2.625 -0.160677
-2.61698 -0.1875

-0.96875 0.445798
-0.9375 0.448146

1 0.469756
1.01211 0.46875

3.5 0.475174
3.53125 0.476466

1.03125 0.467293
1.0625 0.466388

3.53125 0.474348
3.5625 0.475555

1.0625 0.466963
1.09375 0.467308

-2.6875 0.0462138
-2.6914 0.0625

-0.9375 0.448132
-0.90625 0.450658

1.09375 0.467626
1.125 0.467433

3.5625 0.475692
3.59375 0.478362

1.125 0.466521
1.15625 0.466975

3.59375 0.47705
3.625 0.478173

-0.90625 0.450666
-0.875 0.453384

1.15625 0.46773
1.1799 0.46875

-2.69074 0.0625
-2.69771 0.09375

3.625 0.477477
3.65625 0.478722

-2.69798 0.09375
-2.70384 0.125

1.17854 0.46875
1.1875 0.469264

1.1875 0.468735
1.21875 0.468372

-0.875 0.4534
-0.84375 0.456262

1.1875 0.469803
1.21875 0.469478

1.21875 0.468191
1.25 0.467067

-0.84375 0.456316
-0.8125 0.459182

-2.6753 0
-2.68321 0.03125

1.21875 0.469351
1.23072 0.46875

-2.6875 0.0514222
-2.68267 0.03125

1.25 0.467599
1.28125 0.466795

-2.70366 0.125
-2.70824 0.15625

-0.8125 0.459259
-0.78125 0.461868

1.28125 0.465588
1.3125 0.466685

-0.78125 0.461908
-0.75 0.464028

-2.70858 0.15625
-2.71152 0.1875

3.65625 0.478153
3.6875 0.479392

-2.7114 0.1875
-2.71227 0.21875

-2.71245 0.21875
-2.71117 0.25

3.6875 0.478534
3.71875 0.479917

3.71875 0.478842
3.75 0.481146

1.3125 0.468622
1.3146 0.46875

3.75 0.479679
3.78125 0.482684

3.78125 0.481666
3.8125 0.483144

-0.75 0.46402
-0.71875 0.465586

-2.71127 0.25
-2.70731 0.28125

-0.71875 0.465568
-0.6875 0.466629

-2.70747 0.28125
-2.70034 0.3125

3.8125 0.481483
3.84375 0.483142

3.84375 0.482723
3.875 0.484543

-0.6875 0.466602
-0.65625 0.467246

3.875 0.48102
3.90625 0.486199

3.90625 0.48473
3.9375 0.489396

3.9375 0.489671
3.96875 0.483108

-0.65625 0.467213
-0.625 0.467557

-0.625 0.467536
-0.59375 0.467688

-0.59375 0.467674
-0.5625 0.467705

1.3214 0.46875
1.34375 0.470555

1.34375 0.470375
1.375 0.46956

3.96875 0.485485
4 0.480647

-2.70063 0.3125
-2.68944 0.34375

-2.6921 0.34375
-2.6875 0.352861

-2.6875 0.347022
-2.67262 0.375

1.40625 0.467563
1.38783 0.46875

1.375 0.468884
1.37659 0.46875

-0.5625 0.467672
-0.53125 0.467676

-2.6748 0.375
-2.65625 0.399437

-0.53125 0.467671
-0.5 0.467722

1.40625 0.465896
1.4375 0.465983

1.4375 0.468183
1.45668 0.46875

-2.65625 0.39514
-2.64667 0.40625

-2.65037 0.40625
-2.625 0.428565

-2.625 0.427194
-2.60846 0.4375

-2.60982 0.4375
-2.59375 0.447076

-2.59375 0.446392
-2.5625 0.458691

-2.5625 0.458333
-2.53125 0.465334

-2.53125 0.465084
-2.5 0.467999

1.46875 0.468558
1.5 0.467018

-0.5 0.46772
-0.46875 0.46783

-0.46875 0.467837
-0.4375 0.467996

-0.4375 0.468009
-0.40625 0.468177

-0.40625 0.468189
-0.375 0.468318

1.5 0.465594
1.53125 0.465397

1.53125 0.467433
1.5625 0.467353

1.5625 0.465309
1.59375 0.465162

1.5625 0.469024
1.59375 0.468877

1.59375 0.466352
1.625 0.467846

1.625 0.467786
1.65625 0.468669

1.63742 0.46875
1.65625 0.469341

-0.375 0.468325
-0.34375 0.468375

-0.34375 0.468382
-0.3125 0.468326

-0.3125 0.46832
-0.28125 0.468154

1.65625 0.468336
1.66805 0.46875

-0.28125 0.468139
-0.25 0.467905

1.67347 0.46875
1.6875 0.469618

1.6875 0.470176
1.71875 0.471025

1.71875 0.468567
1.75 0.468708

1.71875 0.469669
1.75 0.469954

-0.25 0.46788
-0.21875 0.46766

1.75 0.468671
1.75416 0.46875

1.75 0.47032
1.78125 0.471456

-2.5 0.467808
-2.46875 0.467519

-0.21875 0.46764
-0.1875 0.467524

1.78125 0.471012
1.8125 0.47077

-0.1875 0.46754
-0.15625 0.467539

-0.15625 0.46757
-0.125 0.46759

1.8125 0.469327
1.84375 0.471959

1.84375 0.473118
1.875 0.473927

-2.46875 0.467346
-2.4375 0.464583

1.875 0.471713
1.90625 0.471192

-0.125 0.467552
-0.09375 0.467606

-2.4375 0.464403
-2.40625 0.459869

1.90625 0.47012
1.9375 0.475883

-0.09375 0.467618
-0.0625 0.46776

-2.40625 0.459703
-2.375 0.454087

-0.0625 0.467782
-0.03125 0.467944

-0.03125 0.467965
0 0.468065

1.9375 0.475567
1.96875 0.478863

1.96875 0.477548
2 0.475045

-2.375 0.453961
-2.34375 0.447845

-2.34375 0.447735
-2.3125 0.44159

-2.28125 0.435864
-2.29021 0.4375

-2.28125 0.43569
-2.25 0.430816

-2.3125 0.441421
-2.29102 0.4375

-2.25 0.430734
-2.21875 0.426996

-2.21875 0.426998
-2.1875 0.424556

-2.1875 0.424613
-2.15625 0.423351

-2.15625 0.423391
-2.125 0.423115

-2.125 0.423177
-2.09375 0.423681

-2.09375 0.423725
-2.0625 0.4248

-2.0625 0.424808
-2.03125 0.426353

-2.03125 0.426434
-2 0.428273

