-3.78431 -0.5
-3.78125 -0.49126

-3.78125 -0.497482
-3.75133 -0.46875

-3.71875 -0.497639
-3.74892 -0.46875

-3.75 -0.468445
-3.74904 -0.46875

-3.71875 -0.489277
-3.7149 -0.5

-3.62878 -0.5
-3.625 -0.48972

2 0.467114
2.03125 0.467139

2.03125 0.466876
2.0625 0.468276

2.06192 0.46875
2.0625 0.468787

2.0625 0.470034
2.09375 0.469818

-3.62104 -0.5
-3.59375 -0.472615

-3.59375 -0.48971
-3.5625 -0.483756

-3.5625 -0.486775
-3.53125 -0.482462

-3.53125 -0.484091
-3.5 -0.483849

-3.5 -0.469353
-3.46875 -0.49956

-3.46875 -0.489457
-3.46495 -0.5

0 0.441699
0.03125 0.441592

0.03125 0.441579
0.0625 0.441365

0.0625 0.441306
0.09375 0.441128

0.09375 0.441113
0.125 0.44112

-2 0.438544
-1.96875 0.438059

-1.96875 0.438053
-1.9375 0.437902

-1.9375 0.437934
-1.90625 0.438065

-1.90625 0.43823
-1.875 0.438251

-1.875 0.438052
-1.84375 0.438031

-1.84375 0.438076
-1.8125 0.438321

-1.8125 0.438364
-1.78125 0.438699

-1.78125 0.438697
-1.75 0.439038

-2.64086 -0.5
-2.64087 -0.46875

-2.64103 -0.46875
-2.64072 -0.4375

-2.6403 -0.4375
-2.6402 -0.40625

-2.64026 -0.40625
-2.64109 -0.375

-2.64109 -0.375
-2.64274 -0.34375

-2.6428 -0.34375
-2.64515 -0.3125

-1.75 0.439051
-1.71875 0.439377

-1.71875 0.439381
-1.6875 0.439657

-1.6875 0.439645
-1.65625 0.439888

-1.65625 0.439891
-1.625 0.440121

-1.625 0.440126
-1.59375 0.440328

-1.59375 0.440327
-1.5625 0.440492

-2.64507 -0.3125
-2.64818 -0.28125

-2.64819 -0.28125
-2.65218 -0.25

-1.5625 0.440487
-1.53125 0.440628

-1.53125 0.440632
-1.5 0.44075

-2.65625 -0.23414
-2.65872 -0.21875

-2.65726 -0.21875
-2.66314 -0.1875

-2.65625 -0.220428
-2.65151 -0.25

-2.66311 -0.1875
-2.66962 -0.15625

-2.6696 -0.15625
-2.67682 -0.125

-2.6875 -0.0865965
-2.69434 -0.0625

-2.69387 -0.0625
-2.70325 -0.03125

-2.70332 -0.03125
-2.71294 0

-2.67677 -0.125
-2.68485 -0.09375

-2.6875 -0.0807568
-2.68381 -0.09375

-1.5 0.440741
-1.46875 0.440846

-1.46875 0.440834
-1.4375 0.440965

2.09375 0.468125
2.125 0.466164

-2.71875 0.017747
-2.72275 0.03125

-2.72262 0.03125
-2.73068 0.0625

-2.71875 0.0195639
-2.71295 0

-1.4375 0.440975
-1.40625 0.441136

-1.40625 0.441194
-1.375 0.441252

2.125 0.465489
2.15625 0.466518

-1.375 0.441172
-1.34375 0.44117

-2.73064 0.0625
-2.73718 0.09375

2.15625 0.469201
2.1875 0.469205

-2.73725 0.09375
-2.74221 0.125

-1.34375 0.441186
-1.3125 0.441251

2.1875 0.465205
2.21875 0.466817

-2.74225 0.125
-2.74541 0.15625

2.21875 0.470383
2.25 0.474468

-1.3125 0.44127
-1.28125 0.441332

-1.28125 0.441322
-1.25 0.441361

-2.74552 0.15625
-2.74658 0.1875

2.25 0.472813
2.28125 0.470119

-1.25 0.441355
-1.21875 0.4414

-2.74659 0.1875
-2.74532 0.21875

-2.74548 0.21875
-2.74153 0.25

2.3125 0.46829
2.30141 0.46875

-1.21875 0.441399
-1.1875 0.441466

-1.1875 0.441468
-1.15625 0.441556

-1.15625 0.441567
-1.125 0.44165

-1.125 0.441655
-1.09375 0.441702

-1.09375 0.441707
-1.0625 0.441698

-1.0625 0.441683
-1.03125 0.441641

-1.03125 0.441641
-1 0.441597

2.28125 0.47105
2.30903 0.46875

-1 0.441602
-0.96875 0.441544

-0.96875 0.441547
-0.9375 0.44146

-0.9375 0.441461
-0.90625 0.441336

-0.90625 0.441336
-0.875 0.441168

-0.875 0.441164
-0.84375 0.440961

-0.84375 0.440963
-0.8125 0.44073

2.3125 0.468616
2.31556 0.46875

2.33395 0.46875
2.34375 0.469595

2.34375 0.471342
2.375 0.473508

-0.8125 0.440703
-0.78125 0.440493

2.375 0.47146
2.40625 0.470631

-0.78125 0.440492
-0.75 0.44036

-2.74158 0.25
-2.73451 0.28125

-2.7348 0.28125
-2.72392 0.3125

-2.72589 0.3125
-2.71875 0.326926

-2.71875 0.320991
-2.70748 0.34375

-2.70915 0.34375
-2.68765 0.375

-2.68955 0.375
-2.6875 0.377522

-2.6875 0.375945
-2.65804 0.40625

-2.65905 0.40625
-2.65625 0.408668

-2.65625 0.40763
-2.625 0.429964

2.40625 0.470994
2.4375 0.472198

-2.625 0.428995
-2.60732 0.4375

-2.6084 0.4375
-2.59375 0.444545

-2.59375 0.443941
-2.5625 0.453776

2.4375 0.472576
2.46875 0.471923

2.46875 0.46946
2.5 0.472426

-2.5625 0.453415
-2.53125 0.459413

-2.53125 0.459225
-2.5 0.462485

2.5 0.473211
2.53125 0.47722

2.53125 0.476604
2.5625 0.473301

0.125 0.441154
0.15625 0.441308

0.15625 0.441338
0.1875 0.44151

0.1875 0.441503
0.21875 0.441646

-2.5 0.46234
-2.46875 0.463529

-2.46875 0.463408
-2.4375 0.463059

-2.4375 0.462928
-2.40625 0.461546

-2.40625 0.461474
-2.375 0.459465

-2.375 0.459379
-2.34375 0.45706

-2.34375 0.457023
-2.3125 0.454638

-2.3125 0.454619
-2.28125 0.452281

-2.28125 0.452357
-2.25 0.449954

-2.25 0.449815
-2.21875 0.447475

-2.21875 0.447478
-2.1875 0.445473

-2.1875 0.445468
-2.15625 0.443798

-2.15625 0.443911
-2.125 0.442358

-2.125 0.442209
-2.09375 0.440845

-2.09375 0.44088
-2.0625 0.439932

-2.0625 0.439995
-2.03125 0.439265

-2.03125 0.439278
-2 0.438614

2.5625 0.471129
2.59375 0.472697

2.59375 0.474239
2.625 0.478804

-0.75 0.440374
-0.71875 0.440291

-0.71875 0.440304
-0.6875 0.440214

-0.6875 0.440202
-0.65625 0.440103

-0.65625 0.440097
-0.625 0.440021

-0.625 0.439999
-0.59375 0.440003

-0.59375 0.44001
-0.5625 0.440122

-0.5625 0.440155
-0.53125 0.440294

-0.53125 0.440324
-0.5 0.440363

-0.5 0.440314
-0.46875 0.440289

-0.46875 0.440278
-0.4375 0.44031

-0.4375 0.440321
-0.40625 0.440411

-0.40625 0.440422
-0.375 0.440527

0.21875 0.441647
0.25 0.441773

0.25 0.441778
0.28125 0.441873

2.625 0.476759
2.65625 0.476197

2.65625 0.475889
2.6875 0.476031

0.28125 0.44188
0.3125 0.44192

2.6875 0.475608
2.71875 0.477631

-0.375 0.44054
-0.34375 0.440609

0.3125 0.441905
0.34375 0.441908

-0.34375 0.440611
-0.3125 0.440617

2.71875 0.477087
2.75 0.47884

-0.3125 0.440595
-0.28125 0.440576

-0.28125 0.440567
-0.25 0.440584

2.75 0.479449
2.78125 0.477127

2.78125 0.476831
2.8125 0.474651

-0.25 0.440585
-0.21875 0.440655

2.8125 0.474611
2.84375 0.477603

0.34375 0.441906
0.375 0.441905

-0.21875 0.440656
-0.1875 0.440775

0.375 0.441904
0.40625 0.441904

-0.1875 0.440777
-0.15625 0.440937

-0.15625 0.440942
-0.125 0.441131

-0.125 0.441135
-0.09375 0.441336

-0.09375 0.441347
-0.0625 0.441532

-0.0625 0.441544
-0.03125 0.441667

-0.03125 0.441676
0 0.441696

0.40625 0.4419
0.4375 0.44191

0.4375 0.441901
0.46875 0.441946

0.46875 0.441933
0.5 0.442054

2.84375 0.477224
2.875 0.480215

2.875 0.479809
2.90625 0.477993

2.90625 0.478079
2.9375 0.476011

2.9375 0.476358
2.96875 0.477468

2.96875 0.477279
3 0.478967

0.5 0.442049
0.53125 0.442284

0.53125 0.442326
0.5625 0.442601

0.5625 0.442552
0.59375 0.442882

0.59375 0.442902
0.625 0.443346

0.625 0.443289
0.65625 0.443923

0.65625 0.443905
0.6875 0.444881

0.6875 0.444885
0.71875 0.446231

0.71875 0.446323
0.75 0.447845

0.75 0.447728
0.78125 0.449477

0.78125 0.44954
0.8125 0.451624

0.8125 0.451646
0.84375 0.453896

0.84375 0.453912
0.875 0.456253

0.875 0.456283
0.90625 0.458624

0.90625 0.458646
0.9375 0.460883

3 0.479266
3.03125 0.47774

3.03125 0.477407
3.0625 0.475969

0.9375 0.460907
0.96875 0.462948

3.0625 0.476421
3.09375 0.477794

3.09375 0.477134
3.125 0.47891

0.96875 0.46297
1 0.464723

3.125 0.479799
3.15625 0.477752

3.15625 0.476543
3.1875 0.475645

3.1875 0.476952
3.21875 0.478853

3.21875 0.478825
3.25 0.47702

1 0.464742
1.03125 0.466124

1.03125 0.466121
1.0625 0.467101

3.25 0.477123
3.28125 0.475213

3.28125 0.475453
3.3125 0.476574

3.3125 0.476701
3.34375 0.477878

1.0625 0.467085
1.09375 0.467702

1.09375 0.467692
1.125 0.468

3.34375 0.47851
3.375 0.475832

3.375 0.475775
3.40625 0.473448

3.40625 0.473525
3.4375 0.476164

3.4375 0.476167
3.46875 0.478335

3.46875 0.478128
3.5 0.47589

1.125 0.467965
1.15625 0.468055

1.15625 0.468068
1.1875 0.467986

1.1875 0.467933
1.21875 0.467756

1.21875 0.467744
1.25 0.467603

1.25 0.467609
1.28125 0.467519

1.28125 0.46753
1.3125 0.467459

1.3125 0.467451
1.34375 0.467393

1.34375 0.467395
1.375 0.467362

1.375 0.46734
1.40625 0.467374

1.40625 0.467373
1.4375 0.467521

1.4375 0.467555
1.46875 0.467752

1.46875 0.467765
1.5 0.467917

3.5 0.476246
3.53125 0.473781

3.53125 0.474658
3.5625 0.474432

3.5625 0.474172
3.59375 0.475404

3.59375 0.476872
3.625 0.474682

1.5 0.467902
1.53125 0.468011

3.625 0.473746
3.65625 0.471453

3.65625 0.471803
3.6875 0.475165

1.53125 0.468006
1.5625 0.468115

1.5625 0.46812
1.59375 0.468225

1.59375 0.468224
1.625 0.468319

3.6875 0.476083
3.71875 0.47584

3.71875 0.475268
3.75 0.471212

1.625 0.468328
1.65625 0.468398

1.65625 0.468424
1.6875 0.4684

1.6875 0.468402
1.71875 0.468226

1.71875 0.468207
1.75 0.467913

3.75 0.470402
3.78125 0.47341

3.78125 0.474945
3.8125 0.477552

3.8125 0.476194
3.84375 0.472831

1.75 0.467868
1.78125 0.467582

1.78125 0.467602
1.8125 0.467372

1.8125 0.46733
1.84375 0.4672

1.84375 0.46719
1.875 0.467262

1.875 0.46734
1.90625 0.467478

1.90625 0.467537
1.9375 0.467465

3.84375 0.473257
3.875 0.472514

3.875 0.471535
3.90625 0.476005

3.90625 0.475585
3.9375 0.479128

3.9375 0.477558
3.96875 0.477066

3.96875 0.477099
4 0.476657

1.9375 0.46726
1.96875 0.467273

1.96875 0.467561
2 0.467491

