-3.78435 -0.5
-3.78125 -0.491142

-3.78125 -0.497087
-3.7518 -0.46875

-3.7514 -0.46875
-3.75 -0.468301

-3.71875 -0.497203
-3.74843 -0.46875

-3.75 -0.468426
-3.74899 -0.46875

-3.71875 -0.489385
-3.71496 -0.5

-3.62829 -0.5
-3.625 -0.490829

-3.62229 -0.5
-3.59375 -0.472372

0 0.468017
0.0215269 0.46875

0.0271899 0.46875
0.03125 0.468888

0.03125 0.468155
0.0625 0.467136

-3.59375 -0.489227
-3.5625 -0.484843

-3.5625 -0.487174
-3.53125 -0.482576

-3.53125 -0.484447
-3.5 -0.483828

-3.5 -0.469434
-3.46875 -0.499493

-3.46875 -0.489655
-3.46503 -0.5

-2.52726 -0.5
-2.52736 -0.46875

-2.52741 -0.46875
-2.5276 -0.4375

-2.52731 -0.4375
-2.52808 -0.40625

-2.5281 -0.40625
-2.52996 -0.375

-2.53125 -0.362882
-2.53298 -0.34375

-2.5329 -0.34375
-2.53648 -0.3125

-2.53125 -0.359114
-2.52981 -0.375

-2.53648 -0.3125
-2.54064 -0.28125

-2.54067 -0.28125
-2.54537 -0.25

-2.5625 -0.166775
-2.56487 -0.15625

-2.56373 -0.15625
-2.5716 -0.125

-2.54533 -0.25
-2.55062 -0.21875

-2.55057 -0.21875
-2.55663 -0.1875

-2.5625 -0.159505
-2.5562 -0.1875

-2.57156 -0.125
-2.58008 -0.09375

-2.58004 -0.09375
-2.58938 -0.0625

-2.59375 -0.0544796
-2.60129 -0.03125

-2.59966 -0.03125
-2.61031 0

-2.59375 -0.0426147
-2.5873 -0.0625

-2.625 0.0406557
-2.63238 0.0625

-2.63199 0.0625
-2.64181 0.09375

-2.64195 0.09375
-2.65056 0.125

-2.65625 0.150422
-2.65757 0.15625

-2.65772 0.15625
-2.66312 0.1875

-2.65625 0.149852
-2.65062 0.125

-2.66316 0.1875
-2.66673 0.21875

-2.6668 0.21875
-2.66833 0.25

-2.61038 0
-2.6212 0.03125

-2.625 0.0445837
-2.6205 0.03125

-2.66846 0.25
-2.66752 0.28125

-2.6677 0.28125
-2.66368 0.3125

-2.66388 0.3125
-2.65625 0.342816

-2.65625 0.343085
-2.65608 0.34375

-2.65625 0.343942
-2.64358 0.375

-2.64517 0.375
-2.625 0.404332

-2.625 0.40493
-2.62414 0.40625

-2.625 0.406949
-2.59617 0.4375

-2.59525 0.4375
-2.59375 0.438803

-2.59375 0.438553
-2.5625 0.462338

-2.5625 0.46572
-2.5524 0.46875

-2.55542 0.46875
-2.53125 0.475862

-2.53125 0.468706
-2.5 0.467592

-2.53125 0.47005
-2.51481 0.46875

-2.46875 0.468736
-2.49225 0.46875

-2.5 0.468772
-2.46875 0.468804

-2.46875 0.467871
-2.4375 0.468286

-2.46788 0.46875
-2.4375 0.46959

-2 0.466476
-1.96875 0.466782

-1.96875 0.468043
-1.9375 0.468506

-1.95079 0.46875
-1.9375 0.468947

-1.9375 0.467853
-1.90625 0.467259

-1.90625 0.467183
-1.875 0.467075

-1.875 0.466842
-1.84375 0.46784

-1.83468 0.46875
-1.8125 0.469805

-1.8125 0.470088
-1.78125 0.468976

-1.78125 0.468008
-1.75 0.466539

-1.75 0.465751
-1.71875 0.467384

-1.72313 0.46875
-1.71875 0.469107

2 0.471245
2.02994 0.46875

2.0625 0.467725
2.03451 0.46875

2.03125 0.469512
2.04642 0.46875

2.0625 0.466902
2.09375 0.467727

2.0726 0.46875
2.09375 0.469764

2.09375 0.468432
2.12455 0.46875

2.09375 0.470248
2.125 0.470316

2.125 0.468511
2.15625 0.467699

2.125 0.468963
2.12958 0.46875

2.1875 0.467349
2.16532 0.46875

2.15625 0.469682
2.17296 0.46875

2.1875 0.464073
2.21875 0.464003

2.1875 0.469105
2.21875 0.469006

-1.6875 0.468555
-1.70206 0.46875

-1.71875 0.470797
-1.6875 0.470371

-1.6875 0.46634
-1.65625 0.465191

-1.65625 0.467988
-1.625 0.468492

-1.625 0.466971
-1.59375 0.466575

-1.59375 0.466789
-1.5625 0.468108

-1.5625 0.46943
-1.53125 0.46939

-1.53125 0.467394
-1.5 0.467343

-2.40625 0.468408
-2.41948 0.46875

-1.46875 0.468694
-1.47164 0.46875

-1.5 0.469613
-1.46875 0.469008

-1.46875 0.465775
-1.4375 0.466541

-1.4375 0.469318
-1.40625 0.472363

-2.4375 0.470191
-2.40625 0.469182

-2.40625 0.467156
-2.375 0.466576

-2.40625 0.468858
-2.40301 0.46875

-1.40625 0.472308
-1.37552 0.46875

-1.375 0.465661
-1.34375 0.465727

-1.34375 0.468977
-1.3125 0.472284

-2.375 0.468225
-2.34375 0.468661

0.0625 0.46667
0.09375 0.466264

-1.3125 0.470473
-1.28125 0.470584

-1.28125 0.472272
-1.25 0.46921

-2.35103 0.46875
-2.34375 0.46885

0.09375 0.465758
0.125 0.467911

-2.34375 0.467967
-2.3125 0.467513

0.125 0.470365
0.15625 0.471185

0.1875 0.467609
0.172205 0.46875

-1.25 0.467421
-1.21875 0.464945

0.15625 0.468842
0.157107 0.46875

-2.3125 0.467494
-2.28125 0.4676

0.1875 0.46624
0.21875 0.465988

0.21875 0.467284
0.25 0.468646

0.247482 0.46875
0.25 0.468865

0.28125 0.468471
0.268951 0.46875

0.25 0.4692
0.26981 0.46875

0.28125 0.466679
0.3125 0.466431

0.3125 0.467682
0.336461 0.46875

0.375 0.468711
0.373705 0.46875

0.34375 0.469813
0.375 0.46887

0.375 0.467177
0.40625 0.465731

0.40625 0.465978
0.4375 0.466906

0.434215 0.46875
0.4375 0.468848

0.4375 0.468234
0.46875 0.468369

0.458534 0.46875
0.46875 0.468793

0.46875 0.466497
0.5 0.466933

0.502856 0.46875
0.53125 0.4697

0.5625 0.468392
0.553172 0.46875

0.53125 0.469142
0.53991 0.46875

0.5625 0.467309
0.59375 0.466261

0.59375 0.46641
0.625 0.4669

0.625 0.467296
0.65625 0.468228

0.653746 0.46875
0.65625 0.468829

0.65625 0.467813
0.678634 0.46875

0.677672 0.46875
0.6875 0.469418

0.6875 0.47127
0.71875 0.469496

0.71875 0.46575
0.75 0.464401

0.75 0.467085
0.78125 0.468282

0.78125 0.467264
0.8125 0.467673

0.8125 0.46799
0.838455 0.46875

0.833201 0.46875
0.84375 0.469152

0.84375 0.469429
0.875 0.46917

0.875 0.467593
0.90625 0.468506

0.904972 0.46875
0.90625 0.468828

0.90625 0.468403
0.9375 0.468746

0.90625 0.471042
0.9375 0.471564

0.9375 0.468217
0.96875 0.468539

0.9375 0.468778
0.96875 0.469441

0.96875 0.468719
1 0.468355

0.96875 0.472247
1 0.471722

1 0.46714
1.03013 0.46875

1.02658 0.46875
1.03125 0.469233

1.03125 0.473244
1.0625 0.476982

1.0625 0.47269
1.09375 0.471582

1.09375 0.473946
1.125 0.474063

1.125 0.471886
1.15625 0.472621

1.15625 0.47347
1.1875 0.476011

1.1875 0.475475
1.21875 0.474115

1.21875 0.474058
1.25 0.472704

1.25 0.471805
1.28125 0.475077

1.28125 0.47502
1.3125 0.478286

1.3125 0.477417
1.34375 0.475996

1.34375 0.475682
1.375 0.474783

1.375 0.474338
1.40625 0.477277

1.40625 0.477222
1.4375 0.47912

1.4375 0.479333
1.46875 0.475936

1.46875 0.476163
1.5 0.473533

1.5 0.474311
1.53125 0.475698

1.53125 0.475271
1.5625 0.4772

1.5625 0.479082
1.59375 0.474784

1.59375 0.471977
1.625 0.471899

-2.28125 0.467794
-2.25 0.468106

-2.25 0.468105
-2.21875 0.468236

-2.21875 0.468114
-2.1875 0.468312

-2.1875 0.468246
-2.16465 0.46875

-2.15807 0.46875
-2.15625 0.468815

-2.15625 0.470224
-2.125 0.468962

-2.125 0.466375
-2.09375 0.465652

-2.125 0.468946
-2.11966 0.46875

-2.09375 0.46695
-2.07285 0.46875

-2.0625 0.471524
-2.03125 0.471303

-2 0.466514
-2.02921 0.46875

2.21875 0.467066
2.2403 0.46875

2.23783 0.46875
2.25 0.469736

2.25 0.469387
2.28125 0.469072

2.28125 0.468203
2.3125 0.467644

2.34375 0.467449
2.31303 0.46875

2.34375 0.464725
2.375 0.465829

2.37506 0.46875
2.40625 0.471895

2.40625 0.471164
2.4375 0.469165

2.46875 0.466921
2.43938 0.46875

2.46875 0.466048
2.5 0.466494

2.5 0.468349
2.51 0.46875

2.51933 0.46875
2.53125 0.469259

2.5625 0.46815
2.54847 0.46875

2.53125 0.469421
2.54639 0.46875

2.5625 0.466446
2.59375 0.465772

2.59375 0.466402
2.625 0.468375

2.61948 0.46875
2.625 0.469214

2.625 0.470812
2.65625 0.469298

2.65625 0.464978
2.6875 0.463906

2.6875 0.46738
2.71875 0.468441

2.71875 0.466323
2.75 0.466806

2.75 0.468555
2.75444 0.46875

2.76844 0.46875
2.78125 0.469436

2.8125 0.468422
2.80199 0.46875

2.78125 0.469881
2.8125 0.468835

2.8125 0.46698
2.84375 0.46687

2.8125 0.468757
2.81374 0.46875

2.84375 0.468103
2.85664 0.46875

2.85478 0.46875
2.875 0.470189

2.875 0.470168
2.90625 0.469955

2.9375 0.467526
2.91756 0.46875

2.90625 0.470151
2.92326 0.46875

2.9375 0.465379
2.96875 0.467075

2.96875 0.469663
3 0.474604

-1.21875 0.464497
-1.1875 0.46708

3 0.473927
3.03125 0.470932

3.0625 0.467598
3.04496 0.46875

3.03125 0.470821
3.04787 0.46875

3.0625 0.467207
3.07979 0.46875

-1.1875 0.470889
-1.15625 0.471808

-1.15625 0.468327
-1.125 0.466927

-1.125 0.467723
-1.09375 0.468143

-1.125 0.469037
-1.09375 0.469694

1.625 0.474705
1.65625 0.479006

1.65625 0.47922
1.6875 0.473258

1.6875 0.47153
1.71875 0.470256

3.09375 0.472142
3.125 0.476964

1.71875 0.473692
1.75 0.476238

-1.09375 0.468086
-1.0625 0.4679

-1.09375 0.469431
-1.0625 0.469016

1.75 0.476241
1.78125 0.470636

1.8125 0.468292
1.78424 0.46875

3.125 0.474721
3.15625 0.471996

-1.0625 0.467274
-1.03167 0.46875

-1.04183 0.46875
-1.03125 0.469667

-1.03125 0.468661
-1 0.468457

-1.03125 0.471722
-1 0.471577

-1 0.468414
-0.96875 0.466793

-1 0.469907
-0.988123 0.46875

-0.96875 0.4678
-0.9375 0.468529

-0.947959 0.46875
-0.9375 0.469067

-0.90625 0.468331
-0.924676 0.46875

-0.9375 0.469773
-0.90625 0.469035

-0.90625 0.466916
-0.875 0.466673

-0.875 0.468338
-0.859099 0.46875

3.15625 0.471857
3.1875 0.471801

3.1875 0.472821
3.21875 0.473784

3.21875 0.471687
3.25 0.473895

3.25 0.468737
3.25068 0.46875

3.25 0.474918
3.28125 0.476104

3.28125 0.473799
3.3125 0.474155

1.78125 0.469942
1.8125 0.468985

1.8125 0.468624
1.84375 0.468657

1.8125 0.472552
1.84375 0.472521

1.84375 0.468742
1.875 0.468535

1.84375 0.469628
1.875 0.469159

1.875 0.472577
1.90625 0.471448

1.90625 0.468153
1.9375 0.467181

1.93994 0.46875
1.96875 0.47161

1.96875 0.471372
2 0.471249

-0.862841 0.46875
-0.84375 0.469244

-0.84375 0.468633
-0.8125 0.468191

-0.8125 0.468218
-0.78125 0.46761

-0.78125 0.467497
-0.75 0.466887

-0.78125 0.468836
-0.776822 0.46875

-0.75 0.46622
-0.71875 0.467167

-0.71875 0.468539
-0.715296 0.46875

-0.703212 0.46875
-0.6875 0.470153

-0.6875 0.471155
-0.65625 0.46987

-0.65625 0.467159
-0.625 0.466588

-0.625 0.468534
-0.614401 0.46875

-0.625 0.46908
-0.59375 0.469734

-0.59375 0.468645
-0.5625 0.467578

-0.59375 0.469061
-0.586783 0.46875

-0.5625 0.46666
-0.53125 0.467814

-0.53125 0.470939
-0.5 0.469972

-0.5 0.466173
-0.46875 0.464436

-0.46875 0.466085
-0.4375 0.467882

-0.4375 0.468544
-0.422555 0.46875

-0.436328 0.46875
-0.40625 0.469164

3.3125 0.477616
3.34375 0.474118

3.34375 0.470358
3.375 0.4706

3.375 0.47332
3.40625 0.478897

-0.40625 0.467944
-0.375 0.467743

-0.375 0.468318
-0.34375 0.468678

-0.3125 0.468111
-0.331087 0.46875

-0.34375 0.468824
-0.341587 0.46875

3.40625 0.477572
3.4375 0.474539

3.4375 0.47444
3.46875 0.471711

3.46875 0.47246
3.5 0.474193

-0.3125 0.466525
-0.28125 0.466175

-0.28125 0.467044
-0.25 0.468679

-0.251476 0.46875
-0.25 0.468848

-0.25 0.470311
-0.21875 0.468926

3.5 0.473992
3.53125 0.475623

3.53125 0.476025
3.5625 0.473891

3.5625 0.473313
3.59375 0.472034

-0.21875 0.464779
-0.1875 0.465414

-0.1875 0.470505
-0.15625 0.471272

-0.15625 0.467625
-0.125 0.465635

3.59375 0.472312
3.625 0.475045

-0.125 0.466212
-0.09375 0.467608

-0.0871484 0.46875
-0.0625 0.470452

-0.0625 0.471131
-0.03125 0.468844

-0.03125 0.465887
0 0.465147

3.625 0.474694
3.65625 0.47612

3.65625 0.478374
3.6875 0.471836

3.71875 0.468563
3.69846 0.46875

3.6875 0.469165
3.71003 0.46875

3.71875 0.472366
3.75 0.476691

3.75 0.47423
3.78125 0.472159

3.78125 0.471183
3.8125 0.473731

3.8125 0.473453
3.84375 0.478033

3.84375 0.476725
3.875 0.477349

3.875 0.476429
3.90625 0.476303

3.90625 0.476405
3.9375 0.477417

3.9375 0.476691
3.96875 0.478037

3.96875 0.477758
4 0.478653

