-3.78438 -0.5
-3.78125 -0.491071

-3.78125 -0.497443
-3.75137 -0.46875

-3.71875 -0.497596
-3.74882 -0.46875

-3.75 -0.468441
-3.74903 -0.46875

-3.71875 -0.48957
-3.71503 -0.5

-3.62844 -0.5
-3.625 -0.49048

2 0.46781
2.03125 0.467969

2.03125 0.468298
2.05455 0.46875

2.04908 0.46875
2.0625 0.469086

-3.62196 -0.5
-3.59375 -0.472393

-3.59375 -0.489323
-3.5625 -0.484481

0 0.437734
0.03125 0.437688

0.03125 0.437657
0.0625 0.437521

-3.5625 -0.486977
-3.53125 -0.482535

-3.53125 -0.484307
-3.5 -0.483859

0.0625 0.437475
0.09375 0.437402

0.09375 0.437377
0.122429 0.4375

0.0625 0.437508
0.0659486 0.4375

2.0625 0.469165
2.09375 0.469038

0.121898 0.4375
0.125 0.437513

-3.5 -0.469415
-3.46875 -0.4995

-3.46875 -0.489538
-3.46498 -0.5

2.09375 0.468101
2.125 0.468617

2.11518 0.46875
2.125 0.469109

2.125 0.46874
2.15625 0.468325

2.125 0.470513
2.15625 0.470191

2.15625 0.467435
2.1875 0.467559

-2.625 -0.298521
-2.62737 -0.28125

2.15625 0.468788
2.1875 0.469043

2.1875 0.46815
2.21151 0.46875

2.1875 0.470001
2.21875 0.471227

-2.62683 -0.28125
-2.63184 -0.25

-2.61282 -0.5
-2.6131 -0.46875

-2.61316 -0.46875
-2.61389 -0.4375

2.21875 0.468478
2.25 0.467859

2.21875 0.470483
2.25 0.46913

-2.61379 -0.4375
-2.61505 -0.40625

2.2661 0.46875
2.28125 0.470381

2.28125 0.468519
2.28576 0.46875

2.28125 0.471286
2.3125 0.474487

2.3125 0.47186
2.34375 0.472832

-2.61518 -0.40625
-2.61693 -0.375

-2.61674 -0.375
-2.6191 -0.34375

2.34375 0.473532
2.375 0.47417

2.375 0.47249
2.40625 0.473478

-2.6191 -0.34375
-2.62245 -0.3125

-2.625 -0.290723
-2.62202 -0.3125

2.40625 0.474883
2.4375 0.474793

2.4375 0.474058
2.46875 0.471731

2.46875 0.470532
2.5 0.47449

-2.63184 -0.25
-2.63742 -0.21875

-2.63741 -0.21875
-2.64359 -0.1875

-2.65625 -0.135439
-2.65882 -0.125

-2.64355 -0.1875
-2.65044 -0.15625

-2.65625 -0.131576
-2.65019 -0.15625

-2.6875 -0.0200825
-2.69311 0

2.5 0.474722
2.53125 0.478984

2.53125 0.477745
2.5625 0.475802

2.5625 0.475604
2.59375 0.474215

2.59375 0.473809
2.625 0.47696

2.625 0.476527
2.65625 0.479594

2.65625 0.478704
2.6875 0.477964

-2.65825 -0.125
-2.66646 -0.09375

-2.66647 -0.09375
-2.67496 -0.0625

-2.67499 -0.0625
-2.6837 -0.03125

-2.6875 -0.015045
-2.68298 -0.03125

-2 0.466711
-1.96875 0.465036

-1.96875 0.464977
-1.9375 0.462374

-1.9375 0.462261
-1.90625 0.459078

-1.90625 0.459021
-1.875 0.455599

-1.875 0.455559
-1.84375 0.45209

-1.84375 0.452066
-1.8125 0.448679

-1.8125 0.448653
-1.78125 0.445448

-1.78125 0.445432
-1.75 0.442495

2.6875 0.477758
2.71875 0.476975

-1.75 0.442486
-1.71875 0.439868

-1.71875 0.439862
-1.6875 0.437592

-2.69256 0
-2.70102 0.03125

-2.7011 0.03125
-2.70899 0.0625

2.71875 0.476827
2.75 0.478349

-2.71875 0.107413
-2.72209 0.125

-1.65625 0.435662
-1.68564 0.4375

-1.65625 0.435661
-1.625 0.433977

-2.70905 0.0625
-2.71611 0.09375

-1.6875 0.437538
-1.6869 0.4375

2.75 0.47823
2.78125 0.47938

2.78125 0.479783
2.8125 0.477507

-2.71875 0.106984
-2.71623 0.09375

2.8125 0.477801
2.84375 0.475575

2.84375 0.475733
2.875 0.477212

-1.625 0.433957
-1.59375 0.432577

-1.59375 0.432578
-1.5625 0.431541

-1.5625 0.43155
-1.53125 0.430835

-1.53125 0.430843
-1.5 0.430415

2.875 0.477338
2.90625 0.478947

2.90625 0.479638
2.9375 0.47637

2.9375 0.47672
2.96875 0.473229

2.96875 0.473692
3 0.475334

-2.72218 0.125
-2.72673 0.15625

-2.72695 0.15625
-2.72956 0.1875

-2.72943 0.1875
-2.72991 0.21875

-1.5 0.430419
-1.46875 0.430253

-1.46875 0.430257
-1.4375 0.430336

-1.4375 0.430341
-1.40625 0.430647

3 0.475562
3.03125 0.477671

-1.40625 0.430658
-1.375 0.431159

-2.72999 0.21875
-2.72845 0.25

-1.375 0.431177
-1.34375 0.431815

-1.34375 0.431835
-1.3125 0.432535

-1.3125 0.432553
-1.28125 0.433241

-1.28125 0.433252
-1.25 0.433867

0.125 0.437512
0.15625 0.437901

-2.72857 0.25
-2.72462 0.28125

-2.7248 0.28125
-2.71875 0.308623

3.03125 0.47796
3.0625 0.475284

-2.71875 0.30818
-2.7178 0.3125

0.15625 0.437891
0.1875 0.438555

0.1875 0.438513
0.21875 0.439557

3.0625 0.475324
3.09375 0.472557

0.21875 0.439544
0.25 0.441076

-2.71804 0.3125
-2.70752 0.34375

0.25 0.441084
0.28125 0.443117

0.28125 0.443293
0.3125 0.445457

0.3125 0.445225
0.34375 0.447634

-2.70802 0.34375
-2.69255 0.375

0.34375 0.447722
0.375 0.450668

-2.69339 0.375
-2.6875 0.384314

-2.6875 0.382676
-2.6702 0.40625

3.09375 0.473138
3.125 0.474573

3.125 0.474593
3.15625 0.476159

3.15625 0.477606
3.1875 0.473237

3.1875 0.47251
3.21875 0.469505

-2.67283 0.40625
-2.65625 0.423341

-2.65625 0.420184
-2.63326 0.4375

-2.63872 0.4375
-2.625 0.446399

-2.625 0.444018
-2.59375 0.458637

-1.25 0.433868
-1.21875 0.434387

3.21875 0.472314
3.25 0.47252

-1.21875 0.4344
-1.1875 0.434797

3.25 0.471798
3.28125 0.47063

0.375 0.450765
0.40625 0.453877

0.40625 0.453928
0.4375 0.456908

3.28125 0.47108
3.3125 0.471419

3.3125 0.468682
3.31552 0.46875

3.3125 0.470826
3.34375 0.472283

-1.1875 0.434816
-1.15625 0.435026

-1.15625 0.43503
-1.125 0.435005

-2.59375 0.458197
-2.5625 0.466449

-2.5625 0.466314
-2.53611 0.46875

-2.53988 0.46875
-2.53125 0.469545

-2.53125 0.468527
-2.5 0.467639

0.4375 0.456928
0.46875 0.459634

0.46875 0.459639
0.5 0.462021

-1.125 0.434982
-1.09375 0.434762

-1.09375 0.434739
-1.0625 0.434417

3.375 0.468489
3.35666 0.46875

3.34375 0.47319
3.375 0.472299

-1.0625 0.43439
-1.03125 0.434066

-1.03125 0.434026
-1 0.433834

-2.5 0.465682
-2.46875 0.466429

0.5 0.46203
0.53125 0.464057

3.375 0.469863
3.40625 0.47146

3.40625 0.468376
3.41195 0.46875

0.53125 0.464072
0.5625 0.465698

0.5625 0.465689
0.59375 0.466901

-1 0.433787
-0.96875 0.433902

0.59375 0.466899
0.625 0.467717

3.40625 0.472269
3.4375 0.47637

3.4375 0.475366
3.46875 0.474158

3.46875 0.473684
3.5 0.472505

-0.96875 0.433921
-0.9375 0.434398

-0.9375 0.434401
-0.90625 0.435197

-2.46875 0.469495
-2.4375 0.469657

3.53125 0.468701
3.52777 0.46875

0.625 0.467699
0.65625 0.46816

-0.90625 0.435251
-0.875 0.43625

0.65625 0.468125
0.6875 0.468334

0.6875 0.468267
0.71875 0.46843

-2.4375 0.467102
-2.40625 0.465658

-0.875 0.43633
-0.84375 0.437265

3.5 0.474026
3.53125 0.473143

-0.84375 0.437296
-0.834097 0.4375

3.53125 0.470803
3.5625 0.473622

-0.833742 0.4375
-0.8125 0.437949

0.71875 0.468301
0.745997 0.46875

-0.8125 0.437928
-0.78125 0.438308

-0.78125 0.438305
-0.75 0.438457

-2.40625 0.4663
-2.375 0.467079

0.75 0.469789
0.78125 0.46897

3.5625 0.474114
3.59375 0.47869

3.59375 0.478473
3.625 0.475104

-2.375 0.467518
-2.34375 0.468358

3.625 0.474482
3.65625 0.471584

3.65625 0.472712
3.6875 0.475068

-2.34375 0.468298
-2.3125 0.46844

3.6875 0.474856
3.71875 0.475922

0.78125 0.467658
0.8125 0.466172

-2.3125 0.468365
-2.28125 0.468081

3.71875 0.474671
3.75 0.475242

-2.28125 0.468006
-2.25 0.467594

3.75 0.476951
3.78125 0.47497

0.8125 0.465883
0.84375 0.466931

3.78125 0.474174
3.8125 0.471776

0.84375 0.468865
0.875 0.469157

-0.75 0.438398
-0.71875 0.438445

0.875 0.467455
0.90625 0.466526

-0.71875 0.438428
-0.6875 0.438519

0.90625 0.466948
0.9375 0.467356

-2.25 0.467539
-2.21875 0.467257

3.8125 0.471102
3.84375 0.476021

-2.21875 0.467299
-2.1875 0.467173

-2.1875 0.467158
-2.15625 0.467136

3.84375 0.47668
3.875 0.479108

-2.15625 0.467104
-2.125 0.467279

-0.6875 0.438524
-0.65625 0.43868

0.9375 0.467809
0.96875 0.467805

0.96875 0.466888
1 0.467404

3.875 0.477469
3.90625 0.474511

3.90625 0.475089
3.9375 0.474784

3.9375 0.473917
3.96875 0.477452

-0.65625 0.438682
-0.625 0.438889

1 0.468676
1.0037 0.46875

-0.625 0.43888
-0.59375 0.439151

1.01435 0.46875
1.03125 0.469094

-0.59375 0.439279
-0.5625 0.439378

3.96875 0.477002
4 0.479942

-0.5625 0.439242
-0.53125 0.439187

-0.53125 0.43924
-0.5 0.439198

1.03125 0.468471
1.0625 0.468283

1.03266 0.46875
1.0625 0.468793

-2.125 0.467376
-2.09375 0.467616

-2.09375 0.467675
-2.0625 0.467672

-2.0625 0.467653
-2.03125 0.467328

1.09375 0.467533
1.06858 0.46875

-0.5 0.439117
-0.46875 0.439144

-2.03125 0.467429
-2 0.466621

1.0625 0.469669
1.08386 0.46875

1.09375 0.465193
1.125 0.46535

1.09375 0.468885
1.125 0.469072

1.125 0.467622
1.13791 0.46875

1.14226 0.46875
1.15625 0.470414

1.15625 0.470969
1.1875 0.470948

1.21875 0.468039
1.20967 0.46875

1.1875 0.470214
1.20042 0.46875

1.21875 0.466013
1.25 0.466087

1.23396 0.46875
1.25 0.468813

-0.46875 0.439155
-0.4375 0.43939

1.25 0.468301
1.2577 0.46875

1.26274 0.46875
1.28125 0.470108

1.3125 0.468663
1.30835 0.46875

-0.4375 0.439488
-0.40625 0.439714

-0.40625 0.439711
-0.375 0.439737

1.28125 0.470116
1.3125 0.469311

1.3125 0.468163
1.34375 0.467219

1.3125 0.46926
1.32467 0.46875

1.34375 0.467363
1.375 0.467807

1.34375 0.468779
1.375 0.469187

-0.375 0.439737
-0.34375 0.439569

-0.34375 0.439567
-0.3125 0.439206

-0.3125 0.4392
-0.28125 0.438664

1.40625 0.468357
1.38165 0.46875

1.375 0.468966
1.39077 0.46875

1.40625 0.466607
1.4375 0.466486

-0.28125 0.438648
-0.25 0.437981

1.40625 0.469138
1.4375 0.469009

1.4375 0.467881
1.46483 0.46875

1.46017 0.46875
1.46875 0.469034

1.5 0.468099
1.47135 0.46875

1.46875 0.46952
1.5 0.468791

-0.21875 0.437259
-0.229198 0.4375

-0.21875 0.437198
-0.1875 0.436552

-0.25 0.437944
-0.230719 0.4375

-0.1875 0.436488
-0.15625 0.436124

-0.15625 0.436095
-0.125 0.436202

-0.125 0.436309
-0.09375 0.436731

1.5 0.466589
1.53125 0.467391

1.53125 0.470309
1.5625 0.470612

1.5625 0.468438
1.59375 0.466755

1.59375 0.466941
1.625 0.467245

1.625 0.467893
1.65625 0.468516

1.65625 0.468277
1.6875 0.468402

1.71875 0.467984
1.69422 0.46875

1.6875 0.468851
1.69074 0.46875

1.71875 0.466405
1.75 0.46637

-0.09375 0.436776
-0.0625 0.43721

-0.0625 0.437216
-0.0366792 0.4375

1.75 0.468297
1.78125 0.468212

1.75 0.469035
1.78125 0.468974

1.78125 0.466806
1.8125 0.465602

1.78125 0.469032
1.78786 0.46875

1.8125 0.46501
1.84375 0.467192

1.84375 0.46968
1.875 0.471517

1.875 0.470512
1.89318 0.46875

1.90625 0.467158
1.9375 0.465618

1.9375 0.465696
1.96875 0.46667

1.96875 0.46791
1.99953 0.46875

1.99861 0.46875
2 0.468788

-0.037204 0.4375
0 0.437811

