-4 -0.00587374
-3.81875 0

-3.6686 0
-3.5 0.00546389

-3.49288 0
-3.25 0.0246362

-3.25 0.00675871
-3.125 0.0387839

-3.125 0.0418885
-3.08977 0.0625

-3.09183 0.0625
-3.0625 0.0796757

-3.0625 0.0804976
-3.04423 0.09375

-3.04496 0.09375
-3.03125 0.103693

-3.03125 0.104199
-3.00346 0.125

-3.0035 0.125
-3 0.127481

1.5 -0.19772
1.51562 -0.199717

-3 0.128163
-2.96875 0.1495

-2.96875 0.149456
-2.95757 0.15625

-2.956 0.15625
-2.95312 0.157981

-2.95312 0.158729
-2.9375 0.167566

-2.9375 0.166846
-2.92792 0.171875

-2.93073 0.171875
-2.92188 0.176524

-2.92188 0.175739
-2.90625 0.18337

-2.90625 0.181114
-2.89221 0.1875

-2.90314 0.1875
-2.89062 0.193193

-2.89062 0.190457
-2.875 0.197088

1.51562 -0.199717
1.53125 -0.201703

-2.875 0.194689
-2.85938 0.200879

1.54688 -0.203812
1.54144 -0.203125

1.53125 -0.201645
1.54296 -0.203125

1.54688 -0.203677
1.5625 -0.205641

1.5625 -0.205641
1.57812 -0.207594

-2.87258 0.203125
-2.85938 0.208777

-2.85938 0.198159
-2.84717 0.203125

-2.85938 0.2052
-2.84375 0.210983

1.57812 -0.207594
1.59375 -0.209536

1.59375 -0.209536
1.60938 -0.211465

-2.84375 0.209036
-2.82812 0.21444

-2.82812 0.211845
-2.8125 0.216893

-2.82795 0.21875
-2.8125 0.223989

-2.8125 0.214232
-2.79872 0.21875

-2.8125 0.22147
-2.79688 0.226184

-2.79688 0.224187
-2.78125 0.228586

-2.78125 0.227724
-2.76562 0.231824

-2.77569 0.234375
-2.76562 0.237038

-2.76562 0.229636
-2.75 0.233451

-2.76562 0.235509
-2.75 0.239325

1.60938 -0.211466
1.625 -0.213382

-2.75 0.232164
-2.74041 0.234375

1.625 -0.213382
1.64062 -0.215285

1.64062 -0.215285
1.65625 -0.217174

1.67188 -0.219148
1.66856 -0.21875

1.67188 -0.21905
1.6875 -0.220914

1.65625 -0.217152
1.66955 -0.21875

1.6875 -0.220914
1.70312 -0.222763

1.70312 -0.222763
1.71875 -0.2246

1.71875 -0.2246
1.73438 -0.226423

1.73438 -0.226423
1.75 -0.228232

-2.75 0.237169
-2.73438 0.240713

-2.73438 0.240031
-2.71875 0.243313

-2.71875 0.24331
-2.70312 0.246343

-2.70312 0.246156
-2.6875 0.248948

-2.6875 0.247421
-2.67188 0.24998

-2.67188 0.24901
-2.66525 0.25

1.95312 -0.250474
1.9485 -0.25

0.015625 -0.000732444
0.0103942 0

0.015625 -0.00070406
0.03125 -0.00288587

0.03125 -0.00288621
0.046875 -0.00506065

-2.69319 0.25
-2.6875 0.251017

1.95312 -0.250463
1.96875 -0.252038

0.046875 -0.00506085
0.0625 -0.00722682

-0.984375 0.124959
-0.984752 0.125

-0.96875 0.123499
-0.982566 0.125

-0.96875 0.123502
-0.953125 0.121806

-0.953125 0.121806
-0.9375 0.120111

-0.9375 0.120111
-0.921875 0.118416

-0.921875 0.118416
-0.90625 0.116719

-0.90625 0.11672
-0.890625 0.11502

-0.890625 0.11502
-0.875 0.113316

-1 0.126899
-0.984375 0.125199

-0.984375 0.125214
-0.982405 0.125

-2.6875 0.25043
-2.67188 0.25299

-0.875 0.113317
-0.859375 0.111607

-0.859375 0.111608
-0.84375 0.109892

-0.828125 0.108156
-0.839181 0.109375

-0.84375 0.109922
-0.838789 0.109375

-0.828125 0.108169
-0.8125 0.106437

-2.67188 0.251898
-2.65625 0.254234

-2.65625 0.254022
-2.64062 0.256143

-2.64062 0.256141
-2.625 0.258054

0.0625 -0.00722691
0.078125 -0.00938382

0.078125 -0.0093838
0.09375 -0.0115315

0.09375 -0.0115315
0.109375 -0.0136701

0.125 -0.0158157
0.123601 -0.015625

0.109375 -0.0136686
0.123729 -0.015625

-2.625 0.258052
-2.60938 0.259766

0.125 -0.0157999
0.140625 -0.0179201

-2.60938 0.259764
-2.59375 0.261284

-2.59375 0.261282
-2.57812 0.262617

-2.57812 0.262615
-2.5625 0.26377

-2.5625 0.263768
-2.54688 0.26475

-2.54688 0.264744
-2.53125 0.265562

-2.5328 0.265625
-2.53125 0.265706

0.140625 -0.0179201
0.15625 -0.0200307

0.15625 -0.0200307
0.171875 -0.0221318

0.171875 -0.0221316
0.1875 -0.0242239

-0.8125 0.106437
-0.796875 0.104696

-0.796875 0.104696
-0.78125 0.102946

-2.53125 0.265341
-2.52454 0.265625

-0.78125 0.102946
-0.765625 0.101185

-0.765625 0.101185
-0.75 0.099412

-2.53125 0.265625
-2.51562 0.266286

-2.51562 0.266223
-2.5 0.266734

1.96875 -0.252039
1.98438 -0.253586

1.98438 -0.253587
2 -0.255105

1.75 -0.228232
1.76562 -0.230029

0.1875 -0.0242235
0.203125 -0.0263079

-0.75 0.0994123
-0.734375 0.0976258

-0.734375 0.0976261
-0.71875 0.0958254

0.203125 -0.0263076
0.21875 -0.0283856

0.25 -0.0325875
0.239899 -0.03125

0.21875 -0.0283852
0.234375 -0.0304582

0.234375 -0.0303639
0.241067 -0.03125

0.25 -0.0325268
0.265625 -0.0345923

0.265625 -0.0345921
0.28125 -0.0366547

0.28125 -0.0366545
0.296875 -0.0387151

0.296875 -0.0387148
0.3125 -0.0407744

0.3125 -0.0407741
0.328125 -0.0428341

0.328125 -0.0428338
0.34375 -0.0448957

0.359375 -0.0469748
0.35862 -0.046875

0.34375 -0.0448947
0.358736 -0.046875

0.359375 -0.0469602
0.375 -0.0490285

0.375 -0.0490284
0.390625 -0.0511006

0.390625 -0.0511006
0.40625 -0.0531772

0.40625 -0.0531771
0.421875 -0.0552583

0.421875 -0.0552582
0.4375 -0.0573442

0.484375 -0.0637511
0.475066 -0.0625

0.484375 -0.0636314
0.5 -0.0657347

0.4375 -0.0573442
0.453125 -0.0594351

0.453125 -0.0594351
0.46875 -0.0615309

1.76562 -0.230029
1.78125 -0.231813

-2.5 0.266732
-2.48438 0.2671

-2.48438 0.267098
-2.46875 0.267332

-2.46875 0.26733
-2.45312 0.267438

-0.703125 0.0937271
-0.703322 0.09375

-0.6875 0.0921663
-0.701005 0.09375

0.46875 -0.0613935
0.476983 -0.0625

-0.71875 0.0958259
-0.703125 0.0940096

-0.703125 0.0940687
-0.700408 0.09375

0 0.00149794
0.0106977 0

-0.6875 0.0921772
-0.671875 0.0903287

-0.671875 0.0903286
-0.65625 0.0884639

-2.45312 0.267436
-2.4375 0.267426

1.78125 -0.231813
1.79688 -0.233584

-0.65625 0.0884638
-0.640625 0.0865834

1.8125 -0.235357
1.80378 -0.234375

-2.4375 0.267424
-2.42188 0.267304

-2.42188 0.267302
-2.40625 0.26708

-0.640625 0.0865832
-0.625 0.0846877

1.79688 -0.233569
1.80403 -0.234375

1.8125 -0.235344
1.82812 -0.237091

-2.40625 0.267078
-2.39062 0.266763

1.82812 -0.237091
1.84375 -0.238824

-0.625 0.0846875
-0.609375 0.0827776

-2.39062 0.266762
-2.375 0.266362

1.84375 -0.238825
1.85938 -0.240542

1.85938 -0.240542
1.875 -0.242244

-2.375 0.26636
-2.35938 0.265882

-2.34375 0.265338
-2.35191 0.265625

-0.609375 0.0827773
-0.59375 0.0808537

-0.59375 0.0808536
-0.578125 0.0789172

-2.35938 0.265873
-2.35231 0.265625

-0.5625 0.0768547
-0.572688 0.078125

0.5 -0.065735
0.515625 -0.0678408

1.875 -0.242244
1.89062 -0.243927

-0.578125 0.0790754
-0.570502 0.078125

1.89062 -0.243928
1.90625 -0.245592

-2.34375 0.26533
-2.32812 0.264717

0.515625 -0.067841
0.53125 -0.0699485

-0.5625 0.0769684
-0.546875 0.0750098

0.53125 -0.0699486
0.546875 -0.072057

-2.32812 0.264715
-2.3125 0.264046

-0.546875 0.0750095
-0.53125 0.0730416

-2.3125 0.264045
-2.29688 0.263327

1.90625 -0.245593
1.92188 -0.247237

-0.53125 0.0730414
-0.515625 0.0710654

1.92188 -0.247238
1.9375 -0.248861

0.546875 -0.0720571
0.5625 -0.074166

0.5625 -0.0741661
0.578125 -0.0762749

0.59375 -0.0784227
0.591544 -0.078125

1.9375 -0.248857
1.94866 -0.25

0.578125 -0.0762692
0.591879 -0.078125

-0.515625 0.0710653
-0.5 0.069082

-2.29688 0.263326
-2.28125 0.262563

-2.28125 0.262562
-2.26562 0.261761

0.59375 -0.0783837
0.609375 -0.0804905

0.609375 -0.0804906
0.625 -0.082595

-2.26562 0.26176
-2.25 0.260925

0.625 -0.0825952
0.640625 -0.0846963

0.640625 -0.0846964
0.65625 -0.0867935

0.65625 -0.0867936
0.671875 -0.0888865

0.671875 -0.0888865
0.6875 -0.0909746

-2.07812 0.249974
-2.07849 0.25

-2.0625 0.24888
-2.07787 0.25

-2.0625 0.24888
-2.04688 0.247716

-2.04688 0.247716
-2.03125 0.246528

-2.03125 0.246528
-2.01562 0.245315

-2.01562 0.245315
-2 0.244076

-2.25 0.260924
-2.23438 0.260058

0.71875 -0.0952862
0.707195 -0.09375

0.6875 -0.0909747
0.703125 -0.0930578

-0.4375 0.0610033
-0.449124 0.0625

-0.5 0.069082
-0.484375 0.0670917

-2.23438 0.260058
-2.21875 0.259164

0.703125 -0.092791
0.710338 -0.09375

0.71875 -0.0951355
0.734375 -0.0972065

0.734375 -0.0972066
0.75 -0.0992705

-2.21875 0.259163
-2.20312 0.258244

-2.20312 0.258243
-2.1875 0.257299

-0.484375 0.0670918
-0.46875 0.0650946

-0.46875 0.0650947
-0.453125 0.0630902

-0.453125 0.0632529
-0.447278 0.0625

-0.4375 0.0610783
-0.421875 0.0590592

-0.421875 0.0590591
-0.40625 0.0570324

-0.40625 0.0570325
-0.390625 0.0549979

-2.1875 0.257299
-2.17188 0.25633

0.75 -0.0992705
0.765625 -0.101327

-0.390625 0.054998
-0.375 0.0529553

-2.17188 0.25633
-2.15625 0.255338

-2.15625 0.255338
-2.14062 0.254322

-2.14062 0.254322
-2.125 0.253283

-0.375 0.0529555
-0.359375 0.0509041

-0.359375 0.0509042
-0.34375 0.0488437

-0.328125 0.0467633
-0.328968 0.046875

-2.125 0.253283
-2.10938 0.25222

-2.10938 0.25222
-2.09375 0.251131

0.765625 -0.101327
0.78125 -0.103377

0.78125 -0.103377
0.796875 -0.105419

-0.34375 0.0488443
-0.328885 0.046875

0.796875 -0.105419
0.8125 -0.107455

-2.09375 0.251132
-2.07812 0.250019

0.828125 -0.109831
0.824618 -0.109375

-2.07812 0.25002
-2.07786 0.25

0.8125 -0.107405
0.82766 -0.109375

-0.328125 0.0467698
-0.3125 0.0446904

-0.328125 0.0470036
-0.327158 0.046875

2 -0.255105
2.01562 -0.256592

0.828125 -0.109486
0.84375 -0.111511

-0.3125 0.0446943
-0.296875 0.0426056

2.01562 -0.256592
2.03125 -0.258047

-0.296875 0.0426055
-0.28125 0.0405079

0.84375 -0.111511
0.859375 -0.113532

0.859375 -0.113532
0.875 -0.115548

2.03125 -0.258047
2.04688 -0.259469

2.04688 -0.259469
2.0625 -0.260856

-0.28125 0.0405079
-0.265625 0.0384017

0.953125 -0.125918
0.945998 -0.125

-0.265625 0.0384017
-0.25 0.0362866

2.0625 -0.260857
2.07812 -0.262205

2.07812 -0.262207
2.09375 -0.263513

2.09375 -0.263515
2.10938 -0.264775

0.953125 -0.125605
0.96875 -0.127619

0.96875 -0.127619
0.984375 -0.129635

2.125 -0.265924
2.12114 -0.265625

-0.25 0.0362867
-0.234375 0.0341626

-0.234375 0.0341626
-0.21875 0.0320292

2.10938 -0.2648
2.12004 -0.265625

0.984375 -0.129635
1 -0.131655

0.875 -0.115548
0.890625 -0.117562

2.125 -0.265985
2.14062 -0.267139

0.890625 -0.117561
0.90625 -0.119573

-0.203125 0.0298373
-0.213428 0.03125

0.90625 -0.119572
0.921875 -0.121583

2.14062 -0.26714
2.15625 -0.268237

2.15625 -0.268237
2.17188 -0.269274

-0.203125 0.0298866
-0.1875 0.0277356

2.17188 -0.269274
2.1875 -0.270249

0.921875 -0.121582
0.9375 -0.123593

2.1875 -0.270249
2.20312 -0.27116

2.20312 -0.271161
2.21875 -0.272006

2.21875 -0.272006
2.23438 -0.272785

2.23438 -0.272785
2.25 -0.273496

-0.21875 0.0321124
-0.21246 0.03125

-0.1875 0.0277355
-0.171875 0.0255762

-0.171875 0.0255761
-0.15625 0.0234089

-0.15625 0.0234088
-0.140625 0.0212341

2.25 -0.273496
2.26562 -0.274136

-0.140625 0.0212339
-0.125 0.0190521

0.9375 -0.123432
0.949674 -0.125

2.26562 -0.274137
2.28125 -0.274705

2.28125 -0.274706
2.29688 -0.275201

2.29688 -0.275201
2.3125 -0.275619

-2 0.244076
-1.98438 0.242813

-0.125 0.0190519
-0.109375 0.0168635

-0.09375 0.0146334
-0.100813 0.015625

-1.98438 0.242813
-1.96875 0.241524

-0.109375 0.0168911
-0.100356 0.015625

2.3125 -0.27562
2.32812 -0.275956

-0.09375 0.0146691
-0.078125 0.0124719

-1.96875 0.241524
-1.95312 0.24021

-0.078125 0.0124714
-0.0625 0.0102721

2.32812 -0.275958
2.34375 -0.276209

2.34375 -0.27621
2.35938 -0.276373

-1.95312 0.24021
-1.9375 0.23887

-0.0625 0.0102717
-0.046875 0.00807211

-1.9375 0.238871
-1.92188 0.237505

-1.92188 0.237505
-1.90625 0.236114

-1.90625 0.236114
-1.89062 0.234695

-1.875 0.233245
-1.88721 0.234375

2.35938 -0.276374
2.375 -0.276444

-1.89062 0.234707
-1.88703 0.234375

-0.046875 0.00807179
-0.03125 0.00587347

2.375 -0.276445
2.39062 -0.276418

-1.875 0.233248
-1.85938 0.231773

2.39062 -0.276419
2.40625 -0.276291

-0.03125 0.0058732
-0.015625 0.00367728

-1.85938 0.231773
-1.84375 0.230268

-0.015625 0.00367705
0 0.00148453

-1.84375 0.230268
-1.82812 0.228732

-1.82812 0.228732
-1.8125 0.227164

2.40625 -0.276292
2.42188 -0.276057

-1.8125 0.227165
-1.79688 0.225563

-1.79688 0.225563
-1.78125 0.223927

-1.78125 0.223927
-1.76562 0.222254

2.42188 -0.276059
2.4375 -0.275714

2.4375 -0.275715
2.45312 -0.275254

-1.76562 0.222254
-1.75 0.220542

1 -0.131655
1.01562 -0.133679

2.45312 -0.275255
2.46875 -0.274673

2.46875 -0.274674
2.48438 -0.273964

1.01562 -0.133679
1.03125 -0.135707

1.03125 -0.135707
1.04688 -0.137741

-1.73438 0.218725
-1.73459 0.21875

-1.71875 0.216999
-1.73403 0.21875

2.48438 -0.273966
2.5 -0.273121

1.04688 -0.137741
1.0625 -0.139781

-1.75 0.220543
-1.73438 0.218792

1.07812 -0.141888
1.06848 -0.140625

1.0625 -0.139696
1.06959 -0.140625

-1.73438 0.218848
-1.73352 0.21875

-1.71875 0.217001
-1.70312 0.215171

-1.70312 0.215171
-1.6875 0.213302

1.07812 -0.141827
1.09375 -0.143879

1.09375 -0.143879
1.10938 -0.145937

1.10938 -0.145937
1.125 -0.148

-1.6875 0.213302
-1.67188 0.211394

2.5 -0.273123
2.51562 -0.272138

1.125 -0.148
1.14062 -0.150068

-1.67188 0.211394
-1.65625 0.209449

1.14062 -0.150068
1.15625 -0.15214

2.51562 -0.272139
2.53125 -0.271006

2.53125 -0.271007
2.54688 -0.269718

-1.65625 0.209449
-1.64062 0.207469

1.1875 -0.156642
1.18455 -0.15625

2.54688 -0.26972
2.5625 -0.268267

2.5625 -0.268269
2.57812 -0.266645

-1.64062 0.207469
-1.625 0.205457

2.57812 -0.266909
2.58924 -0.265625

2.5842 -0.265625
2.59375 -0.264521

-1.625 0.205456
-1.60938 0.203415

-1.59375 0.201321
-1.60739 0.203125

2.59375 -0.264843
2.60938 -0.262847

1.15625 -0.152141
1.17188 -0.154217

-1.60938 0.203546
-1.60619 0.203125

-1.59375 0.201347
-1.57812 0.199258

1.17188 -0.15418
1.18742 -0.15625

2.60938 -0.26285
2.625 -0.260656

1.1875 -0.156298
1.20312 -0.158382

1.20312 -0.158382
1.21875 -0.160469

1.21875 -0.160469
1.23438 -0.162558

2.625 -0.260658
2.64062 -0.258255

2.64062 -0.258258
2.65625 -0.255633

1.23438 -0.162559
1.25 -0.164649

2.65625 -0.255636
2.67188 -0.252778

2.67188 -0.252828
2.68611 -0.25

-1.57812 0.199257
-1.5625 0.197151

-1.5625 0.19715
-1.54688 0.19503

-1.54688 0.195029
-1.53125 0.1929

2.68451 -0.25
2.6875 -0.249405

1.25 -0.164649
1.26562 -0.166741

-1.53125 0.192899
-1.51562 0.190764

2.6875 -0.24968
2.70312 -0.246314

1.26562 -0.166741
1.28125 -0.168832

-1.51562 0.190763
-1.5 0.188627

1.28125 -0.168832
1.29688 -0.170923

2.70312 -0.246319
2.71875 -0.242678

1.3125 -0.173111
1.30326 -0.171875

1.29688 -0.170808
1.30485 -0.171875

2.71875 -0.242681
2.73438 -0.238749

1.3125 -0.173014
1.32812 -0.175102

1.32812 -0.175102
1.34375 -0.177188

1.34375 -0.177188
1.35938 -0.17927

2.73438 -0.238757
2.75 -0.234511

1.35938 -0.17927
1.375 -0.181348

2.75 -0.234942
2.75194 -0.234375

2.75036 -0.234375
2.76562 -0.2299

1.42188 -0.187926
1.41865 -0.1875

1.42188 -0.187551
1.4375 -0.189605

1.375 -0.181348
1.39062 -0.183421

-1.48438 0.186479
-1.49185 0.1875

-1.48438 0.18649
-1.46875 0.18436

2.76562 -0.22994
2.78125 -0.225011

2.78125 -0.22502
2.79688 -0.219712

2.79688 -0.22063
2.80202 -0.21875

1.39062 -0.183421
1.40625 -0.185488

2.79879 -0.21875
2.8125 -0.213738

-1.46875 0.184359
-1.45312 0.182236

2.8125 -0.214014
2.82812 -0.207868

1.40625 -0.185445
1.42183 -0.1875

-1.45312 0.182236
-1.4375 0.180123

-1.5 0.188637
-1.49168 0.1875

1.4375 -0.189605
1.45312 -0.191651

1.45312 -0.191651
1.46875 -0.193686

-1.4375 0.180122
-1.42188 0.178021

-1.42188 0.178021
-1.40625 0.175931

2.82812 -0.208157
2.84 -0.203125

2.83786 -0.203125
2.84375 -0.20063

2.84375 -0.201264
2.85938 -0.194124

1.46875 -0.193686
1.48438 -0.195709

2.85938 -0.194205
2.87297 -0.1875

-1.40625 0.175931
-1.39062 0.173854

2.87213 -0.1875
2.875 -0.186086

1.48438 -0.19571
1.5 -0.19772

-1.375 0.171787
-1.37567 0.171875

2.875 -0.186447
2.89062 -0.178122

2.89062 -0.178457
2.90204 -0.171875

2.90035 -0.171875
2.90625 -0.168473

2.90625 -0.169155
2.92188 -0.159382

-1.39062 0.173854
-1.37564 0.171875

-1.375 0.17179
-1.35938 0.169738

-1.35938 0.169738
-1.34375 0.1677

-1.34375 0.1677
-1.32812 0.165677

-1.32812 0.165677
-1.3125 0.163669

2.92188 -0.160126
2.92772 -0.15625

2.92599 -0.15625
2.9375 -0.148417

-1.3125 0.163669
-1.29688 0.161675

-1.29688 0.161675
-1.28125 0.159697

-1.25 0.155738
-1.25411 0.15625

-1.28125 0.159697
-1.26562 0.157733

-1.26562 0.157748
-1.25362 0.15625

2.9375 -0.148871
2.94858 -0.140625

2.94829 -0.140625
2.95312 -0.137064

2.95312 -0.137209
2.96808 -0.125

2.96852 -0.125
2.96875 -0.124807

-1.25 0.155784
-1.23438 0.153851

2.96875 -0.124685
3 -0.0958745

-1.23438 0.153851
-1.21875 0.151935

-1.21875 0.151935
-1.20312 0.150038

-1.20312 0.150038
-1.1875 0.148159

-1.1875 0.148159
-1.17188 0.146299

-1.17188 0.146299
-1.15625 0.144457

-1.15625 0.144458
-1.14062 0.142634

-1.14062 0.142634
-1.125 0.140828

-1.10938 0.139035
-1.12326 0.140625

-1.125 0.140852
-1.12302 0.140625

-1.10938 0.139038
-1.09375 0.137265

-1.09375 0.137265
-1.07812 0.135507

3 -0.0940614
3.00031 -0.09375

3.00039 -0.09375
3.03125 -0.06448

-1.07812 0.135508
-1.0625 0.133764

3.03125 -0.063637
3.03253 -0.0625

3.02714 -0.0625
3.03125 -0.0587952

3.03269 -0.0625
3.0625 -0.0383469

3.0625 -0.0371297
3.125 -0.00225753

-1.0625 0.133764
-1.04688 0.132033

-1.04688 0.132034
-1.03125 0.130313

3.125 -0.000677492
3.12889 0

3.25 -0.00398529
3.4118 0

-1.03125 0.130314
-1.01562 0.128602

-1.01562 0.128603
-1 0.126898

3.12888 0
3.25 0.0208649

3.25 0.00194727
3.5 0.00675664

3.5 -0.00685277
4 -0.00549287

