0 0 
1 0.00296075 
2 0.00887923 
3 0.0166035 
4 0.0262286 
5 0.0374713 
6 0.0457379 
7 0.0552991 
8 0.0604519 
9 0.0590413 
10 0.0498479 
11 0.0441961 
12 0.035755 
13 0.0335891 
14 0.0336547 
15 0.0381185 
16 0.0334887 
17 0.0333647 
18 0.0344962 
19 0.0229792 
20 0.0326928 
21 0.0275463 
22 0.0327696 
23 0.0339667 
24 0.0326549 
25 0.0282473 
26 0.0314773 
27 0.0426729 
28 0.0448004 
29 0.0488803 
30 0.0489418 
31 0.0424766 
32 0.0311751 
33 0.0190709 
34 0.0163771 
35 0.0141554 
36 0.0177028 
37 0.0199452 
38 0.0212738 
39 0.0222301 
40 0.0257636 
41 0.0313348 
42 0.0387125 
43 0.047603 
44 0.055776 
45 0.0566439 
46 0.0584226 
47 0.0555762 
48 0.0535313 
49 0.0491597 
50 0.0483608 
51 0.0434369 
52 0.0446219 
53 0.0466842 
54 0.0408988 
55 0.0507667 
56 0.0356589 
57 0.0397786 
58 0.0339487 
59 0.0365479 
60 0.0357503 
61 0.0292478 
62 0.0306226 
63 0.0377776 
64 0.0376284 
65 0.0407214 
66 0.0399861 
67 0.0378799 
68 0.0351007 
69 0.0321542 
70 0.0274508 
71 0.0210634 
72 0.0266648 
73 0.0217799 
74 0.0233981 
75 0.0274586 
76 0.0281222 
77 0.0350682 
78 0.0334494 
79 0.0336265 
80 0.029798 
81 0.0337311 
82 0.0373651 
83 0.0390083 
84 0.0431217 
85 0.0433114 
86 0.0410095 
87 0.0446321 
88 0.0461182 
89 0.047237 
90 0.0494002 
91 0.0501065 
92 0.044087 
93 0.0896676 
94 0.0420786 
95 0.0408378 
96 0.0356177 
97 0.032321 
98 0.0329461 
99 0.0276488 
100 0.0264604 
