-3.95738 0
-3.5 0.0014629

-3.5 0.000656312
-3.25 0.0017832

-3.25 0.0014513
-3.125 0.00292369

-3.125 0.0023791
-3.0625 0.00396223

-3.0625 0.00324102
-3.03125 0.00509551

-3.03125 0.00574629
-3 0.00880459

-3 0.00880095
-2.98438 0.0102925

-2.98438 0.0102951
-2.96875 0.011751

-2.96875 0.0117507
-2.95312 0.0131663

-2.95312 0.0131662
-2.9375 0.014542

-2.9375 0.0145442
-2.92487 0.015625

-2.92471 0.015625
-2.92188 0.015868

-2.92188 0.0158784
-2.90625 0.0171769

-2.90625 0.0171767
-2.89062 0.0184379

-1.5 0.0419225
-1.48438 0.0416299

-1.48438 0.0416299
-1.46875 0.0413319

-1.46875 0.0413319
-1.45312 0.0410286

-1.45312 0.0410286
-1.4375 0.0407202

-1.4375 0.0407201
-1.42188 0.0404068

-1.42188 0.0404067
-1.40625 0.0400885

-1.40625 0.0400885
-1.39062 0.0397655

-1.39062 0.0397655
-1.375 0.0394379

0.109375 -0.000343309
0.0973468 0

1.5 -0.0423016
1.51562 -0.0427199

-2.89062 0.0184377
-2.875 0.0196621

0.109375 -0.000337409
0.125 -0.000783881

-2.875 0.0196619
-2.85938 0.0208502

0.125 -0.000783855
0.140625 -0.00123078

0.140625 -0.00123078
0.15625 -0.0016782

-2.85938 0.02085
-2.84375 0.022003

-2.84375 0.0220028
-2.82812 0.0231212

0.15625 -0.00167819
0.171875 -0.00212611

0.171875 -0.0021261
0.1875 -0.00257456

-1.375 0.0394379
-1.35938 0.0391058

1.51562 -0.04272
1.53125 -0.0431334

-1.35938 0.0391058
-1.34375 0.0387693

-1.34375 0.0387693
-1.32812 0.0384285

-1.32812 0.0384285
-1.3125 0.0380837

1.53125 -0.0431335
1.54688 -0.0435416

-1.3125 0.0380836
-1.29688 0.0377348

-2.82812 0.023121
-2.8125 0.0242057

-2.8125 0.0242055
-2.79688 0.0252572

-2.79688 0.025257
-2.78125 0.0262766

0.1875 -0.00257455
0.203125 -0.00302358

1.54688 -0.0435417
1.5625 -0.0439443

0.203125 -0.00302357
0.21875 -0.00347322

1.5625 -0.0439444
1.57812 -0.0443412

0.21875 -0.00347321
0.234375 -0.0039235

-1.29688 0.0377348
-1.28125 0.0373819

0.234375 -0.00392349
0.25 -0.00437445

-1.28125 0.0373819
-1.26562 0.0370253

-1.26562 0.0370252
-1.25 0.0366648

-2.78125 0.0262764
-2.76562 0.0272645

1.57812 -0.0443413
1.59375 -0.0447321

1.59375 -0.0447321
1.60938 -0.0451165

0.25 -0.00437445
0.265625 -0.0048261

0.265625 -0.0048261
0.28125 -0.00527847

0.28125 -0.00527847
0.296875 -0.00573159

0.296875 -0.00573158
0.3125 -0.00618547

0.3125 -0.00618547
0.328125 -0.00664014

0.328125 -0.00664014
0.34375 -0.00709563

0.34375 -0.00709563
0.359375 -0.00755195

0.359375 -0.00755195
0.375 -0.00800913

0.375 -0.00800913
0.390625 -0.0084672

0.390625 -0.0084672
0.40625 -0.00892619

0.40625 -0.00892618
0.421875 -0.00938614

0.421875 -0.00938612
0.4375 -0.00984708

0.4375 -0.00984706
0.453125 -0.0103091

0.453125 -0.0103091
0.46875 -0.0107722

0.46875 -0.0107722
0.484375 -0.0112365

0.484375 -0.0112365
0.5 -0.0117021

0 0.00276354
0.015625 0.00232341

0.015625 0.00232343
0.03125 0.00188247

0.03125 0.00188249
0.046875 0.0014406

0.046875 0.00144062
0.0625 0.000997739

-1.25 0.0366648
-1.23438 0.0363006

-1.23438 0.0363006
-1.21875 0.0359327

-1.21875 0.0359327
-1.20312 0.0355612

-1.20312 0.0355612
-1.1875 0.0351862

-1.1875 0.0351862
-1.17188 0.0348076

-1.17188 0.0348076
-1.15625 0.0344253

-1.15625 0.0344253
-1.14062 0.0340395

-1.14062 0.0340395
-1.125 0.0336501

-1.125 0.0336501
-1.10938 0.0332572

-1.10938 0.0332571
-1.09375 0.0328607

-1.09375 0.0328607
-1.07812 0.0324608

-1.07812 0.0324608
-1.0625 0.0320574

-1.03125 0.0312321
-1.03193 0.03125

-1.0625 0.0320574
-1.04688 0.0316507

-1.04688 0.0316511
-1.0316 0.03125

-1.03125 0.0312402
-1.01562 0.0308269

-1.01562 0.0308269
-1 0.0304112

-1 0.0304111
-0.984375 0.0299931

-0.984375 0.029993
-0.96875 0.0295729

-0.96875 0.0295728
-0.953125 0.0291508

-0.953125 0.0291507
-0.9375 0.028727

-0.9375 0.0287269
-0.921875 0.0283017

-0.921875 0.0283016
-0.90625 0.0278751

-0.90625 0.027875
-0.890625 0.0274474

-0.890625 0.0274473
-0.875 0.0270187

-0.875 0.0270186
-0.859375 0.0265892

-0.859375 0.0265891
-0.84375 0.026159

-0.84375 0.026159
-0.828125 0.0257283

-0.828125 0.0257283
-0.8125 0.0252972

-0.8125 0.0252972
-0.796875 0.0248658

-0.796875 0.0248658
-0.78125 0.0244343

-0.78125 0.0244342
-0.765625 0.0240026

-0.765625 0.0240026
-0.75 0.0235709

-2.76562 0.0272643
-2.75 0.0282215

-2.75 0.0282214
-2.73438 0.0291482

-2.73438 0.0291481
-2.71875 0.0300452

-2.71875 0.0300451
-2.70312 0.0309131

-2.70312 0.0309179
-2.69694 0.03125

-2.69679 0.03125
-2.6875 0.0317492

-2.6875 0.0317523
-2.67188 0.0325639

-2.67188 0.0325638
-2.65625 0.0333479

-2.65625 0.0333478
-2.64062 0.0341051

-2.64062 0.034105
-2.625 0.034836

-2.625 0.0348359
-2.60938 0.035541

-2.60938 0.0355408
-2.59375 0.0362205

-2.59375 0.0362204
-2.57812 0.0368752

-2.57812 0.036875
-2.5625 0.0375053

-2.5625 0.0375052
-2.54688 0.0381114

-2.54688 0.0381112
-2.53125 0.0386939

-2.53125 0.0386938
-2.51562 0.0392534

-2.51562 0.0392533
-2.5 0.0397904

-2.5 0.0397903
-2.48438 0.0403053

-2.48438 0.0403052
-2.46875 0.0407986

-2.46875 0.0407985
-2.45312 0.0412707

-2.45312 0.0412707
-2.4375 0.0417221

-2.4375 0.041722
-2.42188 0.0421529

-2.42188 0.0421528
-2.40625 0.0425636

-2.40625 0.0425635
-2.39062 0.0429544

-2.39062 0.0429543
-2.375 0.0433257

-2.375 0.0433256
-2.35938 0.0436777

-2.35938 0.0436776
-2.34375 0.0440107

-2.34375 0.0440107
-2.32812 0.0443252

-2.32812 0.0443251
-2.3125 0.0446213

-2.3125 0.0446212
-2.29688 0.0448995

-2.29688 0.0448994
-2.28125 0.0451603

-2.28125 0.0451602
-2.26562 0.0454039

0.0625 0.000997745
0.078125 0.000553802

0.078125 0.000553831
0.09375 0.000108758

0.09375 0.000125889
0.0981607 0

0.5 -0.0117021
0.515625 -0.0121691

0.515625 -0.0121691
0.53125 -0.0126375

0.53125 -0.0126374
0.546875 -0.0131073

0.546875 -0.0131073
0.5625 -0.0135787

0.5625 -0.0135787
0.578125 -0.0140518

0.578125 -0.0140517
0.59375 -0.0145266

0.59375 -0.0145266
0.609375 -0.0150032

0.609375 -0.0150031
0.625 -0.0154816

0.640625 -0.0159671
0.629484 -0.015625

0.625 -0.0154693
0.630069 -0.015625

0.640625 -0.0159616
0.65625 -0.0164424

1.60938 -0.0451166
1.625 -0.0454943

0.65625 -0.0164423
0.671875 -0.0169241

1.625 -0.0454944
1.64062 -0.0458652

-2.26562 0.0454038
-2.25 0.0456308

1.64062 -0.0458653
1.65625 -0.0462288

1.65625 -0.0462289
1.67188 -0.0465848

0.671875 -0.0169241
0.6875 -0.0174071

-2.25 0.0456307
-2.23438 0.0458414

0.6875 -0.0174071
0.703125 -0.0178911

0.703125 -0.0178911
0.71875 -0.0183763

0.71875 -0.0183763
0.734375 -0.0188628

-0.75 0.0235709
-0.734375 0.0231393

-0.734375 0.0231393
-0.71875 0.0227077

-0.71875 0.0227077
-0.703125 0.0222762

1.6875 -0.0469339
1.68485 -0.046875

1.67188 -0.0465848
1.68491 -0.046875

1.6875 -0.0469331
1.70312 -0.0472723

1.70312 -0.0472723
1.71875 -0.0476022

1.71875 -0.0476023
1.73438 -0.047923

1.73438 -0.047923
1.75 -0.0482342

1.75 -0.0482343
1.76562 -0.0485358

1.76562 -0.0485359
1.78125 -0.0488274

1.78125 -0.0488275
1.79688 -0.0491088

1.79688 -0.0491089
1.8125 -0.0493797

1.8125 -0.0493797
1.82812 -0.0496398

1.82812 -0.0496398
1.84375 -0.0498888

1.84375 -0.0498889
1.85938 -0.0501266

1.85938 -0.0501267
1.875 -0.0503529

1.875 -0.0503529
1.89062 -0.0505672

1.89062 -0.0505672
1.90625 -0.0507692

1.90625 -0.0507693
1.92188 -0.0509588

1.92188 -0.0509589
1.9375 -0.0511355

1.9375 -0.0511356
1.95312 -0.0512989

1.95312 -0.051299
1.96875 -0.0514488

1.96875 -0.0514489
1.98438 -0.0515846

1.98438 -0.0515847
2 -0.051706

2 -0.0517061
2.01562 -0.0518126

2.01562 -0.0518127
2.03125 -0.051904

2.03125 -0.0519041
2.04688 -0.0519798

2.04688 -0.0519799
2.0625 -0.0520397

2.0625 -0.0520398
2.07812 -0.0520831

2.07812 -0.0520832
2.09375 -0.0521098

2.09375 -0.0521099
2.10938 -0.0521193

2.10938 -0.0521194
2.125 -0.0521114

2.125 -0.0521115
2.14062 -0.0520855

2.14062 -0.0520856
2.15625 -0.0520413

2.15625 -0.0520414
2.17188 -0.0519784

2.17188 -0.0519785
2.1875 -0.0518964

2.1875 -0.0518965
2.20312 -0.0517949

2.20312 -0.051795
2.21875 -0.0516734

2.21875 -0.0516735
2.23438 -0.0515316

2.23438 -0.0515317
2.25 -0.051369

2.25 -0.0513691
2.26562 -0.0511852

2.26562 -0.0511853
2.28125 -0.0509797

2.28125 -0.0509798
2.29688 -0.050752

2.29688 -0.0507521
2.3125 -0.0505015

2.3125 -0.0505017
2.32812 -0.0502279

2.32812 -0.050228
2.34375 -0.0499307

2.34375 -0.0499308
2.35938 -0.0496093

2.35938 -0.0496094
2.375 -0.0492635

-2.23438 0.0458413
-2.21875 0.0460359

-2.21875 0.0460358
-2.20312 0.0462147

-2.20312 0.0462146
-2.1875 0.046378

-2.1875 0.0463779
-2.17188 0.0465262

-2.17188 0.0465261
-2.15625 0.0466593

-2.15625 0.0466593
-2.14062 0.0467778

-2.14062 0.0467777
-2.12599 0.046875

-2.12598 0.046875
-2.125 0.0468815

-2.125 0.0468815
-2.10938 0.0469712

-2.10938 0.0469712
-2.09375 0.0470469

-2.09375 0.0470468
-2.07812 0.0471087

-2.07812 0.0471086
-2.0625 0.0471569

-2.0625 0.0471568
-2.04688 0.0471917

-2.04688 0.0471916
-2.03125 0.0472134

-2.03125 0.0472133
-2.01562 0.0472223

-2.01562 0.0472222
-2 0.0472187

-2 0.0472187
-1.98438 0.047203

-1.98438 0.0472029
-1.96875 0.0471754

-1.96875 0.0471753
-1.95312 0.0471363

-1.95312 0.0471363
-1.9375 0.047086

-1.9375 0.047086
-1.92188 0.0470248

-1.92188 0.0470247
-1.90625 0.0469529

-1.89062 0.0468702
-1.89154 0.046875

-1.90625 0.0469528
-1.89149 0.046875

-1.89062 0.0468703
-1.875 0.0467777

-1.875 0.0467776
-1.85938 0.0466751

-1.85938 0.0466751
-1.84375 0.0465628

-1.84375 0.0465628
-1.82812 0.0464409

-1.82812 0.0464408
-1.8125 0.0463095

-1.8125 0.0463094
-1.79688 0.0461687

-1.79688 0.0461687
-1.78125 0.0460189

-1.78125 0.0460188
-1.76562 0.04586

-1.76562 0.0458599
-1.75 0.0456922

-1.75 0.0456921
-1.73438 0.0455155

-1.73438 0.0455155
-1.71875 0.0453303

-1.71875 0.0453302
-1.70312 0.0451364

-1.70312 0.0451364
-1.6875 0.0449342

-1.6875 0.0449341
-1.67188 0.0447236

-1.67188 0.0447236
-1.65625 0.044505

-1.65625 0.0445049
-1.64062 0.0442784

-1.64062 0.0442784
-1.625 0.0440442

-1.625 0.0440441
-1.60938 0.0438025

-1.60938 0.0438024
-1.59375 0.0435535

-0.703125 0.0222762
-0.6875 0.0218449

-0.6875 0.0218449
-0.671875 0.0214137

-0.671875 0.0214137
-0.65625 0.0209827

-0.65625 0.0209827
-0.640625 0.0205518

-0.640625 0.0205518
-0.625 0.0201211

-0.625 0.0201211
-0.609375 0.0196905

-0.609375 0.0196905
-0.59375 0.01926

-0.59375 0.0192601
-0.578125 0.0188296

-0.578125 0.0188296
-0.5625 0.018399

-0.5625 0.018399
-0.546875 0.0179683

-0.546875 0.0179683
-0.53125 0.0175373

-0.53125 0.0175373
-0.515625 0.017106

-0.515625 0.0171061
-0.5 0.0166745

-0.5 0.0166745
-0.484375 0.0162424

-0.484375 0.0162425
-0.46875 0.0158098

-0.453125 0.0153728
-0.462222 0.015625

-0.46875 0.0158149
-0.461901 0.015625

-0.453125 0.0153764
-0.4375 0.014943

-0.4375 0.014943
-0.421875 0.0145096

-0.421875 0.0145096
-0.40625 0.0140762

-0.40625 0.0140762
-0.390625 0.0136428

-0.390625 0.0136428
-0.375 0.0132093

-0.375 0.0132093
-0.359375 0.0127759

-0.359375 0.0127759
-0.34375 0.0123424

-0.34375 0.0123424
-0.328125 0.0119089

-0.328125 0.0119089
-0.3125 0.0114753

-0.3125 0.0114753
-0.296875 0.0110416

-0.296875 0.0110416
-0.28125 0.0106078

-0.28125 0.0106078
-0.265625 0.0101739

-0.265625 0.0101739
-0.25 0.00973988

-0.25 0.00973988
-0.234375 0.00930575

-0.234375 0.00930576
-0.21875 0.00887152

-0.21875 0.00887153
-0.203125 0.00843716

0.734375 -0.0188628
0.75 -0.0193504

-1.59375 0.0435535
-1.57812 0.0432976

-1.57812 0.0432976
-1.5625 0.0430351

-1.5625 0.043035
-1.54688 0.042766

-1.54688 0.042766
-1.53125 0.0424908

-1.53125 0.0424907
-1.51562 0.0422095

-1.51562 0.0422095
-1.5 0.0419225

0.75 -0.0193504
0.765625 -0.0198392

0.765625 -0.0198392
0.78125 -0.0203291

0.78125 -0.0203292
0.796875 -0.0208203

0.796875 -0.0208203
0.8125 -0.0213124

-0.203125 0.00843716
-0.1875 0.00800263

-0.1875 0.00800264
-0.171875 0.00756791

-0.171875 0.00756792
-0.15625 0.00713297

-0.15625 0.00713298
-0.140625 0.00669779

-0.140625 0.0066978
-0.125 0.00626233

0.8125 -0.0213124
0.828125 -0.0218056

0.828125 -0.0218056
0.84375 -0.0222998

0.84375 -0.0222998
0.859375 -0.0227948

0.859375 -0.0227948
0.875 -0.0232906

0.875 -0.0232906
0.890625 -0.0237871

0.890625 -0.0237871
0.90625 -0.0242841

0.90625 -0.0242841
0.921875 -0.0247815

-0.125 0.00626234
-0.109375 0.00582656

-0.109375 0.00582657
-0.09375 0.00539045

-0.09375 0.00539046
-0.078125 0.00495394

-0.078125 0.00495395
-0.0625 0.00451699

-0.0625 0.004517
-0.046875 0.00407953

-0.046875 0.00407955
-0.03125 0.00364151

-0.03125 0.00364153
-0.015625 0.00320286

-0.015625 0.00320288
0 0.00276352

2.375 -0.0492636
2.39062 -0.0488927

2.39062 -0.0488928
2.40625 -0.0484964

2.40625 -0.0484965
2.42188 -0.0480743

2.42188 -0.0480744
2.4375 -0.0476258

2.4375 -0.0476259
2.45312 -0.0471505

2.45312 -0.0471475
2.4616 -0.046875

2.46181 -0.046875
2.46875 -0.0466516

2.46875 -0.0466482
2.48438 -0.0461176

2.48438 -0.0461177
2.5 -0.0455584

2.5 -0.0455585
2.51562 -0.0449699

2.51562 -0.04497
2.53125 -0.0443514

2.53125 -0.0443515
2.54688 -0.0437024

2.54688 -0.0437026
2.5625 -0.0430223

2.5625 -0.0430225
2.57812 -0.0423106

2.57812 -0.0423107
2.59375 -0.0415668

2.59375 -0.0415669
2.60938 -0.0407903

2.60938 -0.0407904
2.625 -0.0399807

2.625 -0.0399808
2.64062 -0.0391374

2.64062 -0.0391375
2.65625 -0.0382598

2.65625 -0.03826
2.67188 -0.0373477

2.67188 -0.0373479
2.6875 -0.0364005

2.6875 -0.0364007
2.70312 -0.0354175

2.70312 -0.0354176
2.71875 -0.034398

2.71875 -0.0343982
2.73438 -0.0333414

2.73438 -0.0333415
2.75 -0.0322472

2.75 -0.0322414
2.76368 -0.03125

2.76452 -0.03125
2.76562 -0.0311698

2.76562 -0.0311153
2.78125 -0.0299444

2.78125 -0.0299445
2.79688 -0.0287345

2.79688 -0.0287346
2.8125 -0.027485

2.8125 -0.0274852
2.82812 -0.0261952

2.82812 -0.0261954
2.84375 -0.0248645

2.84375 -0.0248647
2.85938 -0.023492

2.85938 -0.0234921
2.875 -0.0220773

2.875 -0.0220775
2.89062 -0.02062

2.89062 -0.0206201
2.90625 -0.0191195

2.90625 -0.0191195
2.92188 -0.0175758

2.92188 -0.0175759
2.9375 -0.0159888

2.9375 -0.0159488
2.9406 -0.015625

2.94109 -0.015625
2.95312 -0.0143688

2.95312 -0.0143574
2.96875 -0.0126817

2.96875 -0.0126808
2.98438 -0.0109633

2.98438 -0.0109603
3 -0.00920917

0.921875 -0.0247816
0.9375 -0.0252793

3 -0.00920066
3.03125 -0.00567754

0.9375 -0.0252793
0.953125 -0.0257773

0.953125 -0.0257773
0.96875 -0.0262752

0.96875 -0.0262753
0.984375 -0.0267731

0.984375 -0.0267732
1 -0.0272708

3.03125 -0.00504607
3.0625 -0.00276823

3.0625 -0.00335263
3.125 -0.00147584

3.125 -0.00228677
3.25 -0.000817937

3.25 -0.00138238
3.5 -0.000276916

3.5 -0.000963473
3.81997 0

1 -0.0272708
1.01562 -0.0277682

1.01562 -0.0277682
1.03125 -0.0282652

1.03125 -0.0282652
1.04688 -0.0287617

1.04688 -0.0287617
1.0625 -0.0292575

1.0625 -0.0292575
1.07812 -0.0297526

1.07812 -0.0297526
1.09375 -0.0302469

1.09375 -0.030247
1.10938 -0.0307403

1.10938 -0.0307403
1.125 -0.0312327

1.14062 -0.0317241
1.12552 -0.03125

1.14062 -0.0317234
1.15625 -0.0322115

1.125 -0.0312211
1.12592 -0.03125

1.15625 -0.0322116
1.17188 -0.0326976

1.17188 -0.0326976
1.1875 -0.0331815

1.1875 -0.0331815
1.20312 -0.0336633

1.20312 -0.0336633
1.21875 -0.0341428

1.21875 -0.0341428
1.23438 -0.03462

1.23438 -0.0346201
1.25 -0.035095

1.25 -0.035095
1.26562 -0.0355676

1.26562 -0.0355676
1.28125 -0.0360378

1.28125 -0.0360378
1.29688 -0.0365054

1.29688 -0.0365054
1.3125 -0.0369704

1.3125 -0.0369704
1.32812 -0.0374327

1.32812 -0.0374327
1.34375 -0.0378922

1.34375 -0.0378922
1.35938 -0.0383488

1.35938 -0.0383488
1.375 -0.0388023

1.375 -0.0388023
1.39062 -0.0392526

1.39062 -0.0392527
1.40625 -0.0396996

1.40625 -0.0396996
1.42188 -0.040143

1.42188 -0.0401431
1.4375 -0.0405828

1.4375 -0.0405829
1.45312 -0.0410188

1.45312 -0.0410188
1.46875 -0.0414507

1.46875 -0.0414507
1.48438 -0.0418783

1.48438 -0.0418784
1.5 -0.0423015

