-4 -8.20455e-05
-3.95033 0

-3.99053 0
-3.5 0.00161459

-3.5 0.000820983
-3.25 0.00195991

-3.25 0.00172492
-3.125 0.00314968

0.03125 -0.000582155
0.0246544 0

0.03125 -0.000666202
0.046875 -0.00204524

0.046875 -0.00204537
0.0625 -0.00342398

-3.125 0.00265516
-3.0625 0.00409545

-3.0625 0.00353036
-3.03125 0.00516333

-3.03125 0.00566384
-3 0.0083388

1.5 -0.0939808
1.51562 -0.0942708

-1.5 0.0975306
-1.48438 0.0973653

1.51562 -0.0942708
1.53125 -0.0945399

1.53125 -0.0945399
1.54688 -0.094788

-3 0.00834149
-2.98438 0.00969427

-2.98438 0.00969333
-2.96875 0.0110579

0.0625 -0.00342411
0.078125 -0.0048018

-2.96875 0.0110581
-2.95312 0.012436

-2.95312 0.0124362
-2.9375 0.0138267

0.078125 -0.00480194
0.09375 -0.00617817

1.54688 -0.094788
1.5625 -0.095015

-2.9375 0.013827
-2.92188 0.0152288

1.5625 -0.095015
1.57812 -0.0952207

1.57812 -0.0952207
1.59375 -0.095405

-1.48438 0.0973652
-1.46875 0.0971735

-2.92188 0.0152254
-2.91745 0.015625

-2.91751 0.015625
-2.90625 0.0166428

1.59375 -0.095405
1.60938 -0.0955677

-1.46875 0.0971735
-1.45312 0.0969557

0.09375 -0.0061783
0.109375 -0.00755252

-1.45312 0.0969556
-1.4375 0.0967119

1.60938 -0.0955678
1.625 -0.0957089

-1.4375 0.0967118
-1.42188 0.0964425

1.625 -0.0957089
1.64062 -0.0958281

0.109375 -0.00755265
0.125 -0.00892436

1.64062 -0.0958281
1.65625 -0.0959253

0.125 -0.00892448
0.140625 -0.0102932

0.140625 -0.0102933
0.15625 -0.0116585

0.15625 -0.0116586
0.171875 -0.0130199

-1.42188 0.0964424
-1.40625 0.0961476

-1.40625 0.0961476
-1.39062 0.0958276

-1.39062 0.0958275
-1.375 0.0954826

-2.90625 0.0166416
-2.89062 0.0180633

-1.375 0.0954825
-1.35938 0.0951128

-2.89062 0.0180635
-2.875 0.0194938

-2.875 0.0194941
-2.85938 0.020932

0.171875 -0.01302
0.1875 -0.014377

0.203125 -0.0157015
0.202241 -0.015625

0.1875 -0.0143791
0.201893 -0.015625

0.203125 -0.015729
0.21875 -0.017078

0.21875 -0.0170782
0.234375 -0.0184244

0.234375 -0.0184244
0.25 -0.0197671

-1.35938 0.0951127
-1.34375 0.0947185

0.25 -0.0197673
0.265625 -0.0211062

0.265625 -0.0211063
0.28125 -0.0224408

0.28125 -0.0224409
0.296875 -0.0237704

0.296875 -0.0237706
0.3125 -0.0250946

0.3125 -0.0250947
0.328125 -0.0264129

0.328125 -0.026413
0.34375 -0.0277248

0.34375 -0.0277248
0.359375 -0.0290299

0.359375 -0.0290301
0.375 -0.0303279

1.65625 -0.0959253
1.67188 -0.0960002

0.390625 -0.0315121
0.387453 -0.03125

0.390625 -0.031618
0.40625 -0.0329027

0.375 -0.0303647
0.385717 -0.03125

1.67188 -0.0960003
1.6875 -0.0960528

1.6875 -0.0960528
1.70312 -0.0960826

1.70312 -0.0960827
1.71875 -0.0960894

0.40625 -0.0329029
0.421875 -0.034182

0.421875 -0.0341821
0.4375 -0.0354551

0.4375 -0.0354552
0.453125 -0.0367217

0.453125 -0.0367218
0.46875 -0.0379811

0.46875 -0.0379812
0.484375 -0.0392328

0.484375 -0.0392329
0.5 -0.0404762

1.71875 -0.0960895
1.73438 -0.0960729

1.73438 -0.096073
1.75 -0.096033

0 0.00209277
0.015625 0.000712259

0.015625 0.000635173
0.0228213 0

1.75 -0.096033
1.76562 -0.0959692

1.76562 -0.0959693
1.78125 -0.0958815

1.78125 -0.0958815
1.79688 -0.0957696

1.79688 -0.0957696
1.8125 -0.0956333

1.8125 -0.0956333
1.82812 -0.0954725

1.82812 -0.0954726
1.84375 -0.095287

1.84375 -0.0952871
1.85938 -0.0950767

1.85938 -0.0950767
1.875 -0.0948413

1.875 -0.0948414
1.89062 -0.0945809

1.89062 -0.0945809
1.90625 -0.0942952

1.90625 -0.0942952
1.92188 -0.0939841

1.92188 -0.0939847
1.93279 -0.09375

0.5 -0.0404764
0.515625 -0.0417109

0.515625 -0.041711
0.53125 -0.0429362

1.93266 -0.09375
1.9375 -0.0936459

0.53125 -0.0429364
0.546875 -0.0441519

0.546875 -0.0441519
0.5625 -0.0453574

1.9375 -0.0936479
1.95312 -0.0932878

1.95312 -0.0932878
1.96875 -0.0929033

0.5625 -0.0453579
0.578125 -0.0465526

-2.85938 0.0209322
-2.84375 0.0223768

1.96875 -0.0929033
1.98438 -0.0924944

0.59375 -0.0477001
0.582868 -0.046875

0.578125 -0.0466674
0.580862 -0.046875

0.59375 -0.0477367
0.609375 -0.0489127

0.609375 -0.0489127
0.625 -0.0500796

-2.84375 0.0223771
-2.82812 0.0238273

0.625 -0.0500797
0.640625 -0.0512371

0.640625 -0.0512372
0.65625 -0.0523848

0.65625 -0.0523849
0.671875 -0.0535222

0.671875 -0.0535223
0.6875 -0.0546489

0.6875 -0.054649
0.703125 -0.0557645

0.703125 -0.0557646
0.71875 -0.0568686

0.71875 -0.0568687
0.734375 -0.0579609

0.734375 -0.0579609
0.75 -0.0590409

0.8125 -0.0632142
0.80165 -0.0625

0.75 -0.059041
0.765625 -0.0601083

0.765625 -0.0601084
0.78125 -0.061163

0.78125 -0.0611633
0.796875 -0.0622046

0.796875 -0.0622531
0.800626 -0.0625

0.8125 -0.0632326
0.828125 -0.0642495

0.828125 -0.0642495
0.84375 -0.0652549

0.84375 -0.0652549
0.859375 -0.0662485

0.859375 -0.0662485
0.875 -0.0672301

0.875 -0.0672301
0.890625 -0.0681993

0.890625 -0.0681994
0.90625 -0.069156

0.90625 -0.0691561
0.921875 -0.0700998

0.921875 -0.0700999
0.9375 -0.0710304

0.9375 -0.0710305
0.953125 -0.0719476

0.953125 -0.0719477
0.96875 -0.0728512

0.96875 -0.0728513
0.984375 -0.0737407

0.984375 -0.0737408
1 -0.0746159

1 -0.074616
1.01562 -0.0754765

1.01562 -0.0754766
1.03125 -0.0763223

1.03125 -0.0763223
1.04688 -0.0771528

1.04688 -0.077153
1.0625 -0.0779678

1.07812 -0.0787629
1.06566 -0.078125

1.0625 -0.0779839
1.06526 -0.078125

1.07812 -0.0787667
1.09375 -0.0795515

1.09375 -0.0795515
1.10938 -0.0803217

1.10938 -0.0803218
1.125 -0.0810773

1.125 -0.0810774
1.14062 -0.0818178

1.14062 -0.0818179
1.15625 -0.0825429

1.15625 -0.082543
1.17188 -0.0832522

1.17188 -0.0832523
1.1875 -0.0839454

1.1875 -0.0839455
1.20312 -0.0846222

1.20312 -0.0846223
1.21875 -0.0852821

1.21875 -0.0852822
1.23438 -0.085925

1.23438 -0.0859251
1.25 -0.0865505

1.25 -0.0865505
1.26562 -0.0871583

1.26562 -0.0871583
1.28125 -0.0877482

-2.82812 0.0238276
-2.8125 0.0252825

-2.8125 0.0252828
-2.79688 0.0267414

-2.79688 0.0267416
-2.78125 0.0282028

-2.78125 0.028203
-2.76562 0.0296659

-2.76562 0.0296661
-2.75 0.0311297

1.98438 -0.0924945
2 -0.092061

1.28125 -0.0877482
1.29688 -0.0883199

1.29688 -0.08832
1.3125 -0.0888733

1.3125 -0.0888734
1.32812 -0.089408

1.32812 -0.0894081
1.34375 -0.0899239

-2.75 0.03113
-2.74872 0.03125

-2.74872 0.03125
-2.73438 0.0325936

-2.73438 0.0325938
-2.71875 0.0340567

-2.71875 0.0340569
-2.70312 0.0355183

1.34375 -0.0899239
1.35938 -0.0904205

2 -0.092061
2.01562 -0.0916027

2.01562 -0.0916027
2.03125 -0.0911195

1.35938 -0.0904206
1.375 -0.0908977

2.03125 -0.0911195
2.04688 -0.0906112

-1.34375 0.0947184
-1.32812 0.0942999

-1.32812 0.0942998
-1.3125 0.0938572

-1.29688 0.0933927
-1.30884 0.09375

-1.29688 0.0933904
-1.28125 0.0928996

-1.3125 0.0938499
-1.30916 0.09375

-1.28125 0.0928996
-1.26562 0.0923851

-1.26562 0.092385
-1.25 0.0918474

-2.70312 0.0355186
-2.6875 0.0369776

-1.25 0.0918473
-1.23438 0.0912867

-2.6875 0.0369778
-2.67188 0.0384336

-1.23438 0.0912866
-1.21875 0.0907035

2.04688 -0.0906112
2.0625 -0.0900777

-1.21875 0.0907034
-1.20312 0.0900983

-1.20312 0.0900982
-1.1875 0.0894714

1.375 -0.0908977
1.39062 -0.0913551

-1.1875 0.0894713
-1.17188 0.0888234

-2.67188 0.0384339
-2.65625 0.0398856

-1.17188 0.0888233
-1.15625 0.0881547

1.39062 -0.0913552
1.40625 -0.0917927

2.0625 -0.0900777
2.07812 -0.0895188

1.40625 -0.0917928
1.42188 -0.09221

-2.65625 0.0398858
-2.64062 0.0413326

-2.64062 0.0413328
-2.625 0.0427739

-1.15625 0.0881546
-1.14062 0.0874657

-2.625 0.0427741
-2.60938 0.0442087

-2.60938 0.0442089
-2.59375 0.0456363

2.07812 -0.0895189
2.09375 -0.0889343

-2.59375 0.0456364
-2.58012 0.046875

1.42188 -0.09221
1.4375 -0.0926067

2.09375 -0.0889343
2.10938 -0.0883237

2.10938 -0.0883237
2.125 -0.0876868

1.4375 -0.0926068
1.45312 -0.0929824

1.45312 -0.0929825
1.46875 -0.0933369

-2.58012 0.046875
-2.57812 0.0470562

-1.14062 0.0874655
-1.125 0.0867569

2.125 -0.0876868
2.14062 -0.0870234

1.5 -0.0939803
1.48844 -0.09375

-2.57812 0.0470561
-2.5625 0.0484671

1.46875 -0.093337
1.48438 -0.0936698

1.48438 -0.093672
1.48829 -0.09375

-2.5625 0.0484672
-2.54688 0.049869

-2.54688 0.0498692
-2.53125 0.0512611

2.14062 -0.0870235
2.15625 -0.0863334

2.15625 -0.0863334
2.17188 -0.0856167

-2.53125 0.0512613
-2.51562 0.0526425

-2.51562 0.0526427
-2.5 0.0540126

2.17188 -0.0856168
2.1875 -0.0848731

2.1875 -0.0848731
2.20312 -0.0841024

-1.125 0.0867567
-1.10938 0.0860287

-1.10938 0.0860286
-1.09375 0.0852817

-1.09375 0.0852815
-1.07812 0.0845162

-1.07812 0.0845161
-1.0625 0.0837326

-2.5 0.0540128
-2.48438 0.0553705

-2.48438 0.0553707
-2.46875 0.0567156

-2.46875 0.0567158
-2.45312 0.0580473

2.20312 -0.0841025
2.21875 -0.0833047

-2.45312 0.0580474
-2.4375 0.0593648

-2.4375 0.0593649
-2.42188 0.0606675

-2.42188 0.0606677
-2.40625 0.0619551

-2.40625 0.061952
-2.39952 0.0625

2.21875 -0.0833047
2.23438 -0.0824796

2.23438 -0.0824796
2.25 -0.0816271

-1.0625 0.0837326
-1.04688 0.0829314

2.25 -0.0816272
2.26562 -0.0807471

2.26562 -0.0807471
2.28125 -0.0798393

-1.04688 0.0829313
-1.03125 0.0821126

-1.03125 0.0821125
-1.01562 0.0812765

-1.01562 0.0812765
-1 0.0804235

-2.39959 0.0625
-2.39062 0.0632293

-2.39062 0.0632271
-2.375 0.0644827

2.28125 -0.0798392
2.29688 -0.0789041

2.29688 -0.078906
2.30956 -0.078125

2.30939 -0.078125
2.3125 -0.0779332

-2.375 0.0644828
-2.35938 0.0657218

-2.35938 0.065722
-2.34375 0.0669439

2.3125 -0.0779417
2.32812 -0.0769539

2.32812 -0.076954
2.34375 -0.0759407

-2.34375 0.066944
-2.32812 0.0681483

-1 0.0804235
-0.984375 0.0795537

2.34375 -0.0759407
2.35938 -0.0749019

2.35938 -0.074902
2.375 -0.0738375

-2.32812 0.0681485
-2.3125 0.0693346

-2.3125 0.0693347
-2.29688 0.070502

-0.984375 0.0795536
-0.96875 0.0786673

-0.953125 0.077776
-0.959163 0.078125

-0.96875 0.0786598
-0.959498 0.078125

2.375 -0.0738375
2.39062 -0.072747

2.39062 -0.0727471
2.40625 -0.0716303

-2.29688 0.0705022
-2.28125 0.0716501

-2.28125 0.0716503
-2.26562 0.0727783

-2.26562 0.0727784
-2.25 0.073886

2.40625 -0.0716303
2.42188 -0.0704871

2.42188 -0.0704872
2.4375 -0.0693175

-0.953125 0.0777644
-0.9375 0.0768442

-0.9375 0.0768441
-0.921875 0.0759069

-0.921875 0.0759068
-0.90625 0.0749531

2.4375 -0.0693175
2.45312 -0.0681211

2.45312 -0.0681212
2.46875 -0.0668982

-2.25 0.0738861
-2.23438 0.0749726

2.46875 -0.0668982
2.48438 -0.0656484

2.48438 -0.0656483
2.5 -0.0643717

-0.90625 0.074953
-0.890625 0.0739829

-0.890625 0.0739828
-0.875 0.0729968

-2.23438 0.0749728
-2.21875 0.0760378

-2.21875 0.0760379
-2.20312 0.0770812

-2.20312 0.0770812
-2.1875 0.0781022

-0.875 0.0729967
-0.859375 0.0719951

-2.1875 0.0781019
-2.18714 0.078125

-2.18715 0.078125
-2.17188 0.0791008

-2.17188 0.0791009
-2.15625 0.0800765

2.5 -0.0643716
2.51562 -0.0630683

-2.15625 0.0800765
-2.14062 0.0810289

-0.859375 0.071995
-0.84375 0.0709783

2.51562 -0.0630978
2.52265 -0.0625

-0.84375 0.0709782
-0.828125 0.0699465

-2.14062 0.081029
-2.125 0.0819579

-0.828125 0.0699464
-0.8125 0.0689003

-2.125 0.081958
-2.10938 0.0828632

2.52204 -0.0625
2.53125 -0.0617162

-2.10938 0.0828632
-2.09375 0.0837444

-0.8125 0.0689001
-0.796875 0.0678399

2.53125 -0.0617386
2.54688 -0.0603848

-0.796875 0.0678398
-0.78125 0.066766

-2.09375 0.0837444
-2.07812 0.0846013

-0.78125 0.066766
-0.765625 0.0656789

2.54688 -0.0603848
2.5625 -0.0590064

-0.765625 0.0656788
-0.75 0.0645784

2.5625 -0.0590064
2.57812 -0.0576036

2.57812 -0.0576037
2.59375 -0.0561764

-0.71875 0.0623497
-0.720836 0.0625

-0.71875 0.0623392
-0.703125 0.0612

-2.07812 0.0846013
-2.0625 0.0854336

-0.703125 0.0611998
-0.6875 0.0600474

2.59375 -0.0561763
2.60938 -0.0547243

-0.75 0.0645782
-0.734375 0.0634649

-2.0625 0.0854337
-2.04688 0.0862411

-2.04688 0.0862412
-2.03125 0.0870234

2.60938 -0.0547244
2.625 -0.0532476

-0.734375 0.0634632
-0.721008 0.0625

-2.03125 0.0870235
-2.01562 0.0877803

-2.01562 0.0877804
-2 0.0885114

2.625 -0.0532475
2.64062 -0.051746

2.64062 -0.051746
2.65625 -0.0502198

-0.6875 0.0600472
-0.671875 0.0588822

-0.671875 0.0588821
-0.65625 0.0577051

2.65625 -0.0502198
2.67188 -0.0486688

2.67188 -0.0486688
2.6875 -0.0470933

-0.65625 0.057705
-0.640625 0.0565164

-0.640625 0.0565162
-0.625 0.0553164

-2 0.0885115
-1.98438 0.0892164

-0.625 0.0553162
-0.609375 0.054106

2.6875 -0.0471799
2.69048 -0.046875

-1.98438 0.0892165
-1.96875 0.0898949

-1.96875 0.089895
-1.95312 0.0905467

-0.609375 0.0541059
-0.59375 0.0528857

2.68947 -0.046875
2.70312 -0.0454774

2.70312 -0.0454938
2.71875 -0.0438722

2.71875 -0.0438721
2.73438 -0.0422284

2.73438 -0.0422285
2.75 -0.0405626

-0.59375 0.0528856
-0.578125 0.0516557

2.75 -0.0405625
2.76562 -0.0388744

-0.578125 0.0516556
-0.5625 0.0504166

-1.95312 0.0905467
-1.9375 0.0911715

-1.9375 0.0911715
-1.92188 0.0917691

2.76562 -0.0388747
2.78125 -0.0371643

-1.92188 0.0917691
-1.90625 0.0923393

-0.5625 0.0504165
-0.546875 0.0491688

-1.90625 0.0923393
-1.89062 0.0928821

2.78125 -0.0371644
2.79688 -0.0354311

-1.89062 0.0928821
-1.875 0.0933973

-0.546875 0.0491688
-0.53125 0.047913

-0.515625 0.0466688
-0.518174 0.046875

-0.53125 0.047909
-0.518468 0.046875

2.79688 -0.035431
2.8125 -0.0336748

2.8125 -0.0336746
2.82812 -0.031896

2.82812 -0.0319566
2.83426 -0.03125

2.83342 -0.03125
2.84375 -0.0300605

2.84375 -0.0300955
2.85938 -0.0282751

-1.875 0.0933953
-1.86364 0.09375

-1.86386 0.09375
-1.85938 0.09389

-0.515625 0.0466494
-0.5 0.0453768

2.85938 -0.0282751
2.875 -0.0264345

2.875 -0.0264344
2.89062 -0.0245739

2.89062 -0.024574
2.90625 -0.0226937

-1.85938 0.093885
-1.84375 0.094345

-1.84375 0.094345
-1.82812 0.0947773

2.90625 -0.0226938
2.92188 -0.0207934

2.92188 -0.0207933
2.9375 -0.0188726

-1.82812 0.0947773
-1.8125 0.0951818

2.9375 -0.0188726
2.95312 -0.0169318

-1.8125 0.0951818
-1.79688 0.0955586

-1.79688 0.0955586
-1.78125 0.0959076

2.95312 -0.0169847
2.96395 -0.015625

2.96275 -0.015625
2.96875 -0.0148713

-1.78125 0.0959076
-1.76562 0.096229

-1.76562 0.0962289
-1.75 0.0965227

-0.5 0.0453766
-0.484375 0.0440954

2.96875 -0.0149713
2.98438 -0.0129862

-1.75 0.0965226
-1.73438 0.0967888

2.98438 -0.0129874
3 -0.0109747

-0.484375 0.0440953
-0.46875 0.042806

-1.73438 0.0967888
-1.71875 0.0970276

-1.71875 0.0970275
-1.70312 0.097239

-1.70312 0.0972389
-1.6875 0.0974232

-0.46875 0.0428059
-0.453125 0.0415092

-1.6875 0.0974232
-1.67188 0.0975803

-0.453125 0.041509
-0.4375 0.0402055

-0.4375 0.0402054
-0.421875 0.0388954

3 -0.0110035
3.03125 -0.00680332

-0.421875 0.0388953
-0.40625 0.0375791

-1.67188 0.0975803
-1.65625 0.0977105

-1.65625 0.0977105
-1.64062 0.0978137

3.03125 -0.0059565
3.0625 -0.00320246

-1.64062 0.0978137
-1.625 0.0978899

-0.40625 0.0375789
-0.390625 0.0362572

-0.390625 0.0362571
-0.375 0.0349302

-0.375 0.0349301
-0.359375 0.0335987

-0.359375 0.0335986
-0.34375 0.0322629

-1.625 0.0978899
-1.60938 0.0979392

-1.60938 0.0979393
-1.59375 0.0979616

3.0625 -0.00395401
3.125 -0.00171936

3.125 -0.00270749
3.25 -0.000966078

-0.328125 0.0309565
-0.331547 0.03125

-0.328125 0.0309233
-0.3125 0.0295782

-0.34375 0.0322528
-0.332057 0.03125

3.25 -0.00162428
3.5 -0.000352133

-1.59375 0.0979616
-1.57812 0.097957

-0.3125 0.029578
-0.296875 0.0282277

3.5 -0.00120864
3.84336 0

3.8366 0
4 0.000299594

-1.57812 0.097957
-1.5625 0.0979254

-1.5625 0.0979254
-1.54688 0.097867

-1.54688 0.0978669
-1.53125 0.0977816

-0.296875 0.0282276
-0.28125 0.0268726

-0.28125 0.0268725
-0.265625 0.0255134

-1.53125 0.0977816
-1.51562 0.0976695

-1.51562 0.0976694
-1.5 0.0975306

-0.265625 0.0255132
-0.25 0.0241504

-0.25 0.0241503
-0.234375 0.0227843

-0.234375 0.0227842
-0.21875 0.0214157

-0.21875 0.0214156
-0.203125 0.0200449

-0.203125 0.0200448
-0.1875 0.0186724

-0.1875 0.0186724
-0.171875 0.0172982

-0.171875 0.0172975
-0.15625 0.0159227

-0.140625 0.0145806
-0.152479 0.015625

-0.15625 0.0157628
-0.154686 0.015625

-0.140625 0.0145468
-0.125 0.0131668

-0.125 0.0131668
-0.109375 0.0117847

-0.109375 0.0117845
-0.09375 0.0104007

-0.09375 0.0104006
-0.078125 0.00901569

-0.078125 0.00901554
-0.0625 0.00763013

-0.0625 0.00762999
-0.046875 0.00624461

-0.046875 0.0062445
-0.03125 0.00485967

-0.03125 0.00485955
-0.015625 0.00347572

-0.015625 0.0034757
0 0.00209314

