-3.97868 0
-3.5 0.00148555

-3.5 0.000735155
-3.25 0.00181229

-3.25 0.00157103
-3.125 0.00292693

-3.125 0.00247701
-3.0625 0.00385487

-3.0625 0.00347498
-3.03125 0.00495578

-3.03125 0.00535785
-3 0.00758613

-3 0.00758722
-2.98438 0.00867825

-2.98438 0.00868104
-2.96875 0.00974123

-2.96875 0.00974097
-2.95312 0.0107652

-2.95312 0.0107653
-2.9375 0.0117541

-2.9375 0.0117539
-2.92188 0.0127077

-2.92188 0.0127076
-2.90625 0.0136272

-2.90625 0.0136269
-2.89062 0.0145129

-2.89062 0.0145128
-2.875 0.0153658

-2.875 0.0153769
-2.87028 0.015625

-2.86996 0.015625
-2.85938 0.0161812

-2.85938 0.0161862
-2.84375 0.0169752

-2.84375 0.016975
-2.82812 0.0177329

-2.82812 0.0177327
-2.8125 0.0184603

-2.8125 0.0184601
-2.79688 0.0191579

-2.79688 0.0191578
-2.78125 0.0198265

-2.78125 0.0198263
-2.76562 0.0204666

-2.76562 0.0204665
-2.75 0.0210787

-2.75 0.0210786
-2.73438 0.0216635

-2.73438 0.0216633
-2.71875 0.0222213

-2.71875 0.0222212
-2.70312 0.0227528

-2.70312 0.0227527
-2.6875 0.0232586

-2.6875 0.0232584
-2.67188 0.0237391

-2.67188 0.023739
-2.65625 0.024195

-2.65625 0.0241949
-2.64062 0.0246268

-2.64062 0.0246267
-2.625 0.025035

-2.625 0.0250349
-2.60938 0.02542

-2.60938 0.0254199
-2.59375 0.0257822

-2.59375 0.0257821
-2.57812 0.0261222

-2.57812 0.0261221
-2.5625 0.0264403

-2.5625 0.0264402
-2.54688 0.0267369

-2.54688 0.0267368
-2.53125 0.0270126

-2.53125 0.0270125
-2.51562 0.0272679

-2.51562 0.0272677
-2.5 0.0275031

-2.5 0.027503
-2.48438 0.0277187

-2.48438 0.0277186
-2.46875 0.0279153

-2.46875 0.0279152
-2.45312 0.0280932

-2.45312 0.0280931
-2.4375 0.0282527

-2.4375 0.0282526
-2.42188 0.0283943

-2.42188 0.0283942
-2.40625 0.0285182

-2.40625 0.0285182
-2.39062 0.0286249

-2.39062 0.0286248
-2.375 0.0287145

-2.375 0.0287144
-2.35938 0.0287874

-2.35938 0.0287873
-2.34375 0.0288439

-2.34375 0.0288438
-2.32812 0.0288845

-2.32812 0.0288844
-2.3125 0.0289094

-2.3125 0.0289093
-2.29688 0.028919

-2.29688 0.0289189
-2.28125 0.0289137

-2.28125 0.0289136
-2.26562 0.028894

-2.26562 0.0288939
-2.25 0.0288601

-2.25 0.02886
-2.23438 0.0288125

-2.23438 0.0288124
-2.21875 0.0287515

-2.21875 0.0287514
-2.20312 0.0286775

-2.20312 0.0286774
-2.1875 0.0285906

-2.1875 0.0285906
-2.17188 0.0284913

-2.17188 0.0284913
-2.15625 0.0283798

-1.5 0.0161273
-1.48438 0.0157282

0 -0.0100524
0.015625 -0.0101006

0.015625 -0.0101006
0.03125 -0.0101448

1.5 -0.0107825
1.51562 -0.0108807

1.51562 -0.0108807
1.53125 -0.0109822

1.53125 -0.0109822
1.54688 -0.0110868

1.54688 -0.0110869
1.5625 -0.0111945

1.5625 -0.0111945
1.57812 -0.0113051

1.57812 -0.0113052
1.59375 -0.0114185

1.59375 -0.0114186
1.60938 -0.0115346

1.60938 -0.0115346
1.625 -0.0116532

1.625 -0.0116533
1.64062 -0.0117742

1.64062 -0.0117743
1.65625 -0.0118975

1.65625 -0.0118975
1.67188 -0.0120229

1.67188 -0.0120229
1.6875 -0.0121503

1.6875 -0.0121503
1.70312 -0.0122795

1.70312 -0.0122796
1.71875 -0.0124105

1.71875 -0.0124106
1.73438 -0.0125432

1.73438 -0.0125432
1.75 -0.0126773

1.75 -0.0126774
1.76562 -0.0128129

-1.46875 0.0153268
-1.48037 0.015625

-1.48438 0.0157293
-1.48031 0.015625

-1.46875 0.015327
-1.45312 0.0149248

-1.45312 0.0149248
-1.4375 0.0145219

-1.4375 0.0145218
-1.42188 0.0141184

-1.42188 0.0141184
-1.40625 0.0137147

-1.40625 0.0137146
-1.39062 0.0133108

-1.39062 0.0133107
-1.375 0.0129069

-1.375 0.0129069
-1.35938 0.0125034

-1.35938 0.0125033
-1.34375 0.0121003

-1.34375 0.0121002
-1.32812 0.0116977

-1.32812 0.0116977
-1.3125 0.011296

-1.3125 0.0112959
-1.29688 0.0108951

-1.29688 0.0108951
-1.28125 0.0104953

-1.28125 0.0104953
-1.26562 0.0100967

-1.26562 0.0100967
-1.25 0.00969936

-1.25 0.00969934
-1.23438 0.00930341

-1.23438 0.00930339
-1.21875 0.00890894

-1.21875 0.00890892
-1.20312 0.00851602

-1.20312 0.00851601
-1.1875 0.00812473

-1.1875 0.00812472
-1.17188 0.00773509

-1.17188 0.00773507
-1.15625 0.00734716

-1.15625 0.00734716
-1.14062 0.00696101

-1.14062 0.00696099
-1.125 0.00657664

-1.125 0.00657662
-1.10938 0.00619411

-1.10938 0.0061941
-1.09375 0.0058135

-1.09375 0.00581349
-1.07812 0.00543485

-1.07812 0.00543484
-1.0625 0.00505821

-1.0625 0.00505818
-1.04688 0.00468364

-1.04688 0.00468361
-1.03125 0.00431128

-1.03125 0.00431125
-1.01562 0.00394124

-1.01562 0.00394121
-1 0.00357366

-0.828125 -0.000272799
-0.840956 0

-0.828125 -0.000272729
-0.8125 -0.000600464

-0.8125 -0.00060051
-0.796875 -0.000923279

-0.796875 -0.000923296
-0.78125 -0.00124097

-0.78125 -0.001241
-0.765625 -0.00155348

-0.765625 -0.00155352
-0.75 -0.00186068

0.03125 -0.0101448
0.046875 -0.0101851

0.046875 -0.0101851
0.0625 -0.0102216

0.0625 -0.0102216
0.078125 -0.0102544

0.078125 -0.0102544
0.09375 -0.0102835

0.09375 -0.0102835
0.109375 -0.0103091

0.109375 -0.0103091
0.125 -0.0103312

0.125 -0.0103312
0.140625 -0.0103499

0.140625 -0.0103499
0.15625 -0.0103654

0.15625 -0.0103654
0.171875 -0.0103777

0.171875 -0.0103776
0.1875 -0.0103869

0.1875 -0.0103868
0.203125 -0.010393

0.203125 -0.010393
0.21875 -0.0103963

0.21875 -0.0103963
0.234375 -0.0103967

0.234375 -0.0103967
0.25 -0.0103944

-0.75 -0.00186072
-0.734375 -0.00216242

0.25 -0.0103944
0.265625 -0.0103895

0.265625 -0.0103894
0.28125 -0.010382

0.28125 -0.0103819
0.296875 -0.010372

0.296875 -0.010372
0.3125 -0.0103596

-0.734375 -0.00216244
-0.71875 -0.00245857

0.3125 -0.0103596
0.328125 -0.010345

0.328125 -0.010345
0.34375 -0.0103282

-0.71875 -0.00245858
-0.703125 -0.00274906

0.34375 -0.0103282
0.359375 -0.0103093

1.76562 -0.0128129
1.78125 -0.0129497

0.359375 -0.0103093
0.375 -0.0102885

-0.703125 -0.00274908
-0.6875 -0.00303386

-0.6875 -0.00303387
-0.671875 -0.00331289

-2.15625 0.0283798
-2.14062 0.0282564

0.375 -0.0102885
0.390625 -0.0102658

-2.14062 0.0282563
-2.125 0.0281212

0.390625 -0.0102658
0.40625 -0.0102413

-2.125 0.0281212
-2.10938 0.0279746

-2.10938 0.0279746
-2.09375 0.0278168

1.78125 -0.0129498
1.79688 -0.0130877

0.40625 -0.0102413
0.421875 -0.0102153

1.79688 -0.0130877
1.8125 -0.0132267

-2.09375 0.0278167
-2.07812 0.027648

-2.07812 0.0276479
-2.0625 0.0274685

0.421875 -0.0102152
0.4375 -0.0101877

1.8125 -0.0132268
1.82812 -0.0133666

0.4375 -0.0101877
0.453125 -0.0101588

0.453125 -0.0101588
0.46875 -0.0101288

-2.0625 0.0274684
-2.04688 0.0272785

-2.04688 0.0272784
-2.03125 0.0270784

-2.03125 0.0270783
-2.01562 0.0268684

-2.01562 0.0268683
-2 0.026649

1.82812 -0.0133666
1.84375 -0.0135072

1.84375 -0.0135072
1.85938 -0.0136484

0.46875 -0.0101287
0.484375 -0.0100976

0.484375 -0.0100976
0.5 -0.0100656

1.85938 -0.0136484
1.875 -0.0137899

-2 0.0266489
-1.98438 0.0264203

-1.98438 0.0264202
-1.96875 0.0261828

-1.96875 0.0261827
-1.95312 0.0259368

-1.95312 0.0259367
-1.9375 0.0256826

-1.9375 0.0256825
-1.92188 0.0254204

1.875 -0.01379
1.89062 -0.0139317

1.89062 -0.0139318
1.90625 -0.0140735

-0.671875 -0.0033129
-0.65625 -0.00358609

-0.65625 -0.0035861
-0.640625 -0.00385341

-0.640625 -0.00385342
-0.625 -0.00411484

1.90625 -0.0140735
1.92188 -0.014215

-0.625 -0.00411484
-0.609375 -0.00437034

1.92188 -0.0142151
1.9375 -0.0143561

0.5 -0.0100656
0.515625 -0.0100328

0.515625 -0.0100328
0.53125 -0.0099995

1.9375 -0.0143562
1.95312 -0.0144965

1.95312 -0.0144966
1.96875 -0.0146359

-0.609375 -0.00437035
-0.59375 -0.00461993

1.96875 -0.0146359
1.98438 -0.0147739

0.53125 -0.00999946
0.546875 -0.00996575

0.546875 -0.00996571
0.5625 -0.00993175

-0.59375 -0.00461993
-0.578125 -0.00486359

0.5625 -0.00993171
0.578125 -0.00989766

1.98438 -0.0147739
2 -0.0149103

0.578125 -0.00989762
0.59375 -0.00986363

0.59375 -0.0098636
0.609375 -0.00982982

0.609375 -0.00982979
0.625 -0.00979638

-0.578125 -0.00486359
-0.5625 -0.00510134

0.625 -0.00979634
0.640625 -0.00976344

0.640625 -0.00976341
0.65625 -0.00973114

0.65625 -0.00973111
0.671875 -0.00969962

0.671875 -0.00969959
0.6875 -0.009669

-0.5625 -0.00510134
-0.546875 -0.00533321

2 -0.0149104
2.01562 -0.0150449

-0.546875 -0.0053332
-0.53125 -0.00555921

0.6875 -0.00966897
0.703125 -0.00963938

2.01562 -0.0150449
2.03125 -0.0151775

-0.53125 -0.0055592
-0.515625 -0.00577939

-0.515625 -0.00577938
-0.5 -0.00599379

-1 0.00357363
-0.984375 0.00320863

2.03125 -0.0151776
2.04688 -0.015308

2.04688 -0.0153081
2.0625 -0.0154361

-0.984375 0.0032086
-0.96875 0.00284624

-0.96875 0.0028462
-0.953125 0.00248663

-0.953125 0.00248659
-0.9375 0.00212998

-0.9375 0.00212994
-0.921875 0.00177645

0.703125 -0.00963936
0.71875 -0.00961089

0.71875 -0.00961086
0.734375 -0.00958361

0.734375 -0.00958359
0.75 -0.00955765

-0.921875 0.00177642
-0.90625 0.00142619

0.75 -0.00955763
0.765625 -0.00953308

2.0625 -0.0154362
2.07812 -0.0155616

0.765625 -0.00953306
0.78125 -0.00950999

0.78125 -0.00950997
0.796875 -0.00948844

0.796875 -0.00948843
0.8125 -0.00946849

0.8125 -0.00946848
0.828125 -0.0094502

0.828125 -0.00945019
0.84375 -0.00943361

0.84375 -0.0094336
0.859375 -0.00941876

0.859375 -0.00941875
0.875 -0.00940567

-0.90625 0.00142616
-0.890625 0.0010793

-0.890625 0.00107929
-0.875 0.000735886

-0.875 0.000735861
-0.859375 0.000395974

2.09375 -0.0156841
2.08619 -0.015625

2.07812 -0.0155616
2.08624 -0.015625

2.09375 -0.015684
2.10938 -0.0158022

-1.92188 0.0254204
-1.90625 0.0251507

0.875 -0.00940566
0.890625 -0.00939437

0.890625 -0.00939437
0.90625 -0.00938488

0.90625 -0.00938487
0.921875 -0.0093772

-0.859375 0.000395902
-0.84375 5.97307e-05

-0.84375 6.09077e-05
-0.840885 0

-1.90625 0.0251506
-1.89062 0.0248735

-1.89062 0.0248734
-1.875 0.0245892

2.10938 -0.0158022
2.125 -0.0159164

-1.875 0.0245891
-1.85938 0.024298

-0.5 -0.00599378
-0.484375 -0.00620245

0.921875 -0.0093772
0.9375 -0.00937134

2.125 -0.0159165
2.14062 -0.0160264

-1.85938 0.0242979
-1.84375 0.0240001

2.14062 -0.0160265
2.15625 -0.016132

0.9375 -0.00937134
0.953125 -0.00936732

-0.484375 -0.00620244
-0.46875 -0.00640543

0.953125 -0.00936731
0.96875 -0.00936512

2.15625 -0.016132
2.17188 -0.0162327

-0.46875 -0.00640542
-0.453125 -0.00660276

-0.453125 -0.00660275
-0.4375 -0.00679451

0.96875 -0.00936512
0.984375 -0.00936476

-0.4375 -0.0067945
-0.421875 -0.00698071

0.984375 -0.00936476
1 -0.00936625

2.17188 -0.0162328
2.1875 -0.0163283

-0.421875 -0.0069807
-0.40625 -0.0071614

2.1875 -0.0163284
2.20312 -0.0164186

2.20312 -0.0164187
2.21875 -0.0165032

-1.84375 0.024
-1.82812 0.0236957

2.21875 -0.0165033
2.23438 -0.0165818

2.23438 -0.0165819
2.25 -0.016654

-1.82812 0.0236956
-1.8125 0.023385

-1.8125 0.023385
-1.79688 0.0230682

-1.79688 0.0230682
-1.78125 0.0227455

2.25 -0.0166541
2.26562 -0.0167195

-0.40625 -0.00716139
-0.390625 -0.00733663

1 -0.00936625
1.01562 -0.00936961

1.01562 -0.0093696
1.03125 -0.00937485

1.03125 -0.00937484
1.04688 -0.00938201

-0.390625 -0.00733662
-0.375 -0.00750644

1.04688 -0.009382
1.0625 -0.00939114

2.26562 -0.0167196
2.28125 -0.016778

2.28125 -0.0167781
2.29688 -0.0168289

-0.375 -0.00750643
-0.359375 -0.00767085

-0.359375 -0.00767085
-0.34375 -0.00782991

-0.34375 -0.0078299
-0.328125 -0.00798364

-0.328125 -0.00798363
-0.3125 -0.00813206

-1.78125 0.0227455
-1.76562 0.0224171

-1.76562 0.022417
-1.75 0.022083

2.29688 -0.016829
2.3125 -0.016872

-1.75 0.0220829
-1.73438 0.0217435

-1.73438 0.0217434
-1.71875 0.0213987

-1.71875 0.0213987
-1.70312 0.0210488

-1.70312 0.0210488
-1.6875 0.020694

1.0625 -0.00939112
1.07812 -0.00940229

-0.3125 -0.00813205
-0.296875 -0.00827521

1.07812 -0.00940227
1.09375 -0.00941552

2.3125 -0.0168721
2.32812 -0.0169069

-1.6875 0.0206939
-1.67188 0.0203343

2.32812 -0.016907
2.34375 -0.0169331

1.09375 -0.0094155
1.10938 -0.00943093

-0.296875 -0.00827521
-0.28125 -0.00841313

1.10938 -0.0094309
1.125 -0.00944859

2.34375 -0.0169332
2.35938 -0.0169503

-0.28125 -0.00841312
-0.265625 -0.00854584

1.125 -0.00944857
1.14062 -0.00946861

2.35938 -0.0169504
2.375 -0.016958

-0.265625 -0.00854583
-0.25 -0.00867338

1.14062 -0.00946859
1.15625 -0.0094911

-0.25 -0.00867337
-0.234375 -0.00879579

1.15625 -0.00949107
1.17188 -0.00951616

-0.234375 -0.00879578
-0.21875 -0.0089131

-0.21875 -0.00891309
-0.203125 -0.00902537

2.375 -0.0169581
2.39062 -0.016956

2.39062 -0.0169561
2.40625 -0.0169438

-0.203125 -0.00902536
-0.1875 -0.00913264

-0.1875 -0.00913263
-0.171875 -0.00923497

-0.171875 -0.00923496
-0.15625 -0.00933241

-0.15625 -0.00933239
-0.140625 -0.00942501

-0.140625 -0.009425
-0.125 -0.00951285

2.40625 -0.0169439
2.42188 -0.0169211

2.42188 -0.0169212
2.4375 -0.0168875

2.4375 -0.0168876
2.45312 -0.0168426

2.45312 -0.0168427
2.46875 -0.016786

-0.125 -0.00951283
-0.109375 -0.00959599

-0.109375 -0.00959597
-0.09375 -0.00967449

-0.09375 -0.00967447
-0.078125 -0.00974843

-0.078125 -0.00974841
-0.0625 -0.00981788

-1.67188 0.0203343
-1.65625 0.0199701

-1.65625 0.0199701
-1.64062 0.0196016

-1.64062 0.0196015
-1.625 0.0192289

-1.625 0.0192289
-1.60938 0.0188524

1.17188 -0.00951613
1.1875 -0.0095439

-1.60938 0.0188523
-1.59375 0.0184721

-1.59375 0.018472
-1.57812 0.0180884

1.1875 -0.00954387
1.20312 -0.00957444

-1.57812 0.0180883
-1.5625 0.0177016

-0.0625 -0.00981786
-0.046875 -0.00988293

1.20312 -0.00957441
1.21875 -0.00960789

-1.5625 0.0177015
-1.54688 0.0173118

1.21875 -0.00960786
1.23438 -0.00964434

2.46875 -0.0167861
2.48438 -0.0167173

-0.046875 -0.00988291
-0.03125 -0.00994364

2.48438 -0.0167174
2.5 -0.016636

1.23438 -0.00964432
1.25 -0.00968391

-0.03125 -0.00994362
-0.015625 -0.0100001

-0.015625 -0.0100001
0 -0.0100524

-1.54688 0.0173118
-1.53125 0.0169194

-1.53125 0.0169194
-1.51562 0.0165246

-1.51562 0.0165245
-1.5 0.0161274

1.25 -0.00968388
1.26562 -0.00972666

1.26562 -0.00972664
1.28125 -0.00977269

2.5 -0.0166361
2.51562 -0.0165417

2.51562 -0.0165419
2.53125 -0.016434

2.53125 -0.0164341
2.54688 -0.0163122

1.28125 -0.00977267
1.29688 -0.00982206

1.29688 -0.00982204
1.3125 -0.00987483

1.3125 -0.00987481
1.32812 -0.00993105

1.32812 -0.00993104
1.34375 -0.00999076

1.34375 -0.00999075
1.35938 -0.010054

2.54688 -0.0163123
2.5625 -0.0161759

2.5625 -0.016176
2.57812 -0.0160247

2.57812 -0.0160248
2.59375 -0.015858

2.59375 -0.0158582
2.60938 -0.0156755

1.35938 -0.010054
1.375 -0.0101208

2.60938 -0.0156751
2.6133 -0.015625

1.375 -0.0101208
1.39062 -0.0101911

1.39062 -0.0101911
1.40625 -0.010265

1.40625 -0.010265
1.42188 -0.0103425

1.42188 -0.0103425
1.4375 -0.0104235

2.61336 -0.015625
2.625 -0.0154767

1.4375 -0.0104235
1.45312 -0.010508

1.45312 -0.0105081
1.46875 -0.0105961

1.46875 -0.0105961
1.48438 -0.0106876

2.625 -0.0154767
2.64062 -0.0152607

2.64062 -0.0152608
2.65625 -0.0150271

2.65625 -0.0150273
2.67188 -0.0147755

1.48438 -0.0106876
1.5 -0.0107825

2.67188 -0.0147756
2.6875 -0.0145051

2.6875 -0.0145052
2.70312 -0.0142154

2.70312 -0.0142155
2.71875 -0.0139057

2.71875 -0.0139059
2.73438 -0.0135756

2.73438 -0.0135756
2.75 -0.0132242

2.75 -0.0132244
2.76562 -0.0128515

2.76562 -0.0128515
2.78125 -0.0124566

2.78125 -0.0124567
2.79688 -0.0120396

2.79688 -0.0120398
2.8125 -0.0116

2.8125 -0.0116002
2.82812 -0.0111371

2.82812 -0.0111373
2.84375 -0.0106502

2.84375 -0.0106504
2.85938 -0.0101386

2.85938 -0.0101387
2.875 -0.00960158

2.875 -0.00960174
2.89062 -0.00903869

2.89062 -0.00903879
2.90625 -0.0084493

2.90625 -0.00844935
2.92188 -0.00783312

2.92188 -0.00783324
2.9375 -0.00718996

2.9375 -0.00719017
2.95312 -0.00651917

2.95312 -0.00651874
2.96875 -0.00582047

2.96875 -0.00582002
2.98438 -0.00509622

2.98438 -0.00509347
3 -0.00435054

3 -0.00433411
3.03125 -0.00288675

3.03125 -0.00266423
3.0625 -0.00172645

3.0625 -0.0019302
3.125 -0.0011489

3.125 -0.00151348
3.25 -0.000820683

3.25 -0.00098967
3.5 -0.000373491

3.5 -0.000693933
3.87366 0

