-4 -0.000460128
-3.98705 0

-3.84618 0
-3.5 0.0123001

-3.5 0.000301844
-3.25 0.0288642

-3.25 0.038956
-3.125 0.0666709

-3.125 0.0703982
-3.0625 0.0800648

-3.0625 0.0793358
-3.03125 0.0798024

-3.03125 0.0796041
-3 0.0775587

1.5 -0.0225686
1.51562 -0.0226797

1.51562 -0.0226797
1.53125 -0.0227845

1.53125 -0.0227845
1.54688 -0.022883

1.54688 -0.022883
1.5625 -0.0229755

1.5625 -0.0229754
1.57812 -0.023062

1.57812 -0.0230619
1.59375 -0.0231428

1.59375 -0.0231427
1.60938 -0.0232185

1.60938 -0.0232184
1.625 -0.0232894

1.625 -0.0232893
1.64062 -0.0233563

1.64062 -0.0233561
1.65625 -0.0234196

1.65625 -0.0234193
1.67188 -0.0234802

1.67188 -0.0234799
1.6875 -0.0235389

1.6875 -0.0235387
1.70312 -0.0235968

1.70312 -0.0235965
1.71875 -0.0236545

1.71875 -0.0236543
1.73438 -0.0237131

1.73438 -0.0237129
1.75 -0.0237733

-3 0.07725
-2.98438 0.0755045

-2.98438 0.0754575
-2.96875 0.0737008

-2.96875 0.0737032
-2.95312 0.0720248

-2.95312 0.0720247
-2.9375 0.07042

-2.9375 0.0704217
-2.92188 0.0688876

-2.92188 0.0688882
-2.90625 0.06742

-2.90625 0.0674213
-2.89062 0.0660152

-2.89062 0.0660155
-2.875 0.0646685

-2.84375 0.062117
-2.84859 0.0625

-2.84375 0.0621448
-2.82812 0.0609621

-2.82812 0.060963
-2.8125 0.0598291

-2.875 0.0646694
-2.85938 0.063379

-2.85938 0.0633901
-2.84812 0.0625

-2.8125 0.0598297
-2.79688 0.0587417

-2.79688 0.0587421
-2.78125 0.057698

-2.78125 0.0576987
-2.76562 0.0566962

-2.76562 0.0566968
-2.75 0.0557334

-2.75 0.0557339
-2.73438 0.0548075

-2.73438 0.054808
-2.71875 0.0539167

-2.71875 0.0539171
-2.70312 0.0530588

-2.70312 0.0530593
-2.6875 0.0522323

-2.6875 0.0522328
-2.67188 0.0514351

-2.67188 0.0514356
-2.65625 0.0506653

-2.65625 0.0506656
-2.64062 0.049921

-2.64062 0.0499213
-2.625 0.0492009

-2.625 0.0492012
-2.60938 0.0485039

-2.60938 0.0485043
-2.59375 0.0478287

-2.59375 0.047829
-2.57812 0.0471735

-2.5625 0.0465356
-2.57085 0.046875

-2.57812 0.0471754
-2.57074 0.046875

-2.5625 0.0465385
-2.54688 0.0459226

-2.54688 0.0459228
-2.53125 0.0453242

-2.53125 0.0453244
-2.51562 0.0447422

-2.51562 0.0447425
-2.5 0.0441758

-2.5 0.0441761
-2.48438 0.0436235

-2.48438 0.0436237
-2.46875 0.0430841

-2.46875 0.0430843
-2.45312 0.0425571

-2.45312 0.0425573
-2.4375 0.0420419

-2.4375 0.0420422
-2.42188 0.0415375

-2.42188 0.0415378
-2.40625 0.0410429

-2.40625 0.041043
-2.39062 0.0405572

-2.39062 0.0405572
-2.375 0.0400803

-2.375 0.0400805
-2.35938 0.039612

-2.35938 0.0396122
-2.34375 0.0391517

-2.34375 0.0391517
-2.32812 0.0386988

-2.32812 0.0386987
-2.3125 0.0382536

-2.3125 0.0382536
-2.29688 0.0378163

-2.29688 0.0378164
-2.28125 0.0373867

-2.28125 0.0373869
-2.26562 0.0369642

-2.26562 0.0369643
-2.25 0.0365479

1.75 -0.0237731
1.76562 -0.023836

1.76562 -0.0238358
1.78125 -0.0239019

1.78125 -0.0239018
1.79688 -0.0239715

1.79688 -0.0239714
1.8125 -0.0240453

1.8125 -0.0240453
1.82812 -0.0241235

1.82812 -0.0241235
1.84375 -0.0242063

1.84375 -0.0242063
1.85938 -0.0242936

1.85938 -0.0242936
1.875 -0.0243852

0 -0.00850991
0.015625 -0.00872944

0.015625 -0.00872953
0.03125 -0.00894571

0.03125 -0.0089458
0.046875 -0.00915826

0.046875 -0.00915834
0.0625 -0.00936673

0.0625 -0.00936679
0.078125 -0.00957081

0.078125 -0.00957085
0.09375 -0.0097703

0.09375 -0.00977034
0.109375 -0.00996503

0.109375 -0.00996507
0.125 -0.0101548

1.875 -0.0243853
1.89062 -0.0244811

0.125 -0.0101548
0.140625 -0.0103395

0.140625 -0.0103395
0.15625 -0.0105189

-0.53125 -7.90484e-05
-0.535208 0

-0.53125 -7.58654e-05
-0.515625 -0.000381349

-0.515625 -0.000381323
-0.5 -0.00068044

-1 0.00999535
-0.984375 0.00968314

-0.984375 0.00968322
-0.96875 0.00936847

-0.96875 0.00936855
-0.953125 0.00905096

-0.953125 0.00905104
-0.9375 0.00873027

0.15625 -0.0105188
0.171875 -0.0106931

0.171875 -0.0106931
0.1875 -0.0108624

0.1875 -0.0108623
0.203125 -0.0110269

1.89062 -0.0244811
1.90625 -0.024581

0.203125 -0.0110269
0.21875 -0.011187

-0.9375 0.00873031
-0.921875 0.00840613

0.21875 -0.0111869
0.234375 -0.0113429

1.90625 -0.024581
1.92188 -0.024685

0.234375 -0.0113427
0.25 -0.0114951

-0.921875 0.00840614
-0.90625 0.00807846

-0.90625 0.00807845
-0.890625 0.00774728

-0.890625 0.00774724
-0.875 0.0074127

-2.25 0.0365481
-2.23438 0.0361374

-0.875 0.00741263
-0.859375 0.00707494

-2.23438 0.0361375
-2.21875 0.0357319

-2.21875 0.0357319
-2.20312 0.0353314

-2.20312 0.0353313
-2.1875 0.034936

0.25 -0.011495
0.265625 -0.0116442

-0.859375 0.00707488
-0.84375 0.00673429

0.265625 -0.0116441
0.28125 -0.0117908

-0.84375 0.00673422
-0.828125 0.00639099

0.28125 -0.0117906
0.296875 -0.0119352

0.296875 -0.011935
0.3125 -0.012078

1.92188 -0.0246849
1.9375 -0.0247931

1.9375 -0.024793
1.95312 -0.0249056

1.95312 -0.0249055
1.96875 -0.0250227

1.96875 -0.0250225
1.98438 -0.0251448

1.98438 -0.0251446
2 -0.0252724

0.3125 -0.0120779
0.328125 -0.0122199

0.328125 -0.0122198
0.34375 -0.0123614

0.34375 -0.0123613
0.359375 -0.012503

0.359375 -0.0125029
0.375 -0.0126449

-0.828125 0.00639088
-0.8125 0.00604538

0.375 -0.0126449
0.390625 -0.0127876

-0.8125 0.00604525
-0.796875 0.00569793

-0.796875 0.00569783
-0.78125 0.00534916

-0.78125 0.00534906
-0.765625 0.00499944

-0.765625 0.00499934
-0.75 0.00464917

0.390625 -0.0127876
0.40625 -0.0129313

-2.1875 0.0349359
-2.17188 0.0345459

-2.17188 0.034546
-2.15625 0.0341613

-2.15625 0.0341614
-2.14062 0.0337815

-2.14062 0.0337816
-2.125 0.0334062

-0.75 0.00464906
-0.734375 0.00429876

-0.734375 0.00429866
-0.71875 0.00394865

-0.71875 0.00394855
-0.703125 0.00359923

0.40625 -0.0129312
0.421875 -0.0130759

0.421875 -0.0130759
0.4375 -0.0132217

-2.125 0.0334063
-2.10938 0.0330352

-2.10938 0.0330353
-2.09375 0.032668

-2.09375 0.0326681
-2.07812 0.0323044

-2.07812 0.0323044
-2.0625 0.0319439

-2.03125 0.0312324
-2.03203 0.03125

-2.0625 0.031944
-2.04688 0.0315866

0.4375 -0.0132217
0.453125 -0.0133687

0.453125 -0.0133688
0.46875 -0.0135168

0.46875 -0.0135169
0.484375 -0.0136656

0.484375 -0.0136657
0.5 -0.0138149

-2.04688 0.0315866
-2.03203 0.03125

-2.03125 0.031232
-2.01562 0.0308818

-0.703125 0.00359914
-0.6875 0.00325091

-0.6875 0.00325082
-0.671875 0.00290406

-2.01562 0.0308822
-2 0.0305357

-0.671875 0.00290397
-0.65625 0.00255905

-0.65625 0.00255892
-0.640625 0.00221628

-0.640625 0.00221614
-0.625 0.0018763

-0.625 0.00187615
-0.609375 0.00153969

-0.609375 0.00153959
-0.59375 0.00120698

-0.59375 0.00120686
-0.578125 0.000878557

-0.578125 0.000878458
-0.5625 0.000554897

-0.5625 0.000554735
-0.546875 0.000236439

-0.546875 0.000237144
-0.535003 0

0.5 -0.013815
0.515625 -0.0139642

0.515625 -0.0139643
0.53125 -0.0141131

0.53125 -0.0141132
0.546875 -0.0142609

0.546875 -0.0142611
0.5625 -0.0144075

0.5625 -0.0144076
0.578125 -0.0145522

0.578125 -0.0145523
0.59375 -0.0146947

0.59375 -0.0146948
0.609375 -0.0148347

0.609375 -0.0148347
0.625 -0.0149717

-0.5 -0.000680493
-0.484375 -0.000973188

-0.484375 -0.000973145
-0.46875 -0.0012594

-0.46875 -0.00125938
-0.453125 -0.00153931

-0.453125 -0.00153923
-0.4375 -0.00181302

0.625 -0.0149718
0.640625 -0.0151057

0.640625 -0.0151057
0.65625 -0.0152363

0.65625 -0.0152362
0.671875 -0.0153636

0.671875 -0.0153637
0.6875 -0.0154877

0.6875 -0.0154873
0.703125 -0.0156083

0.71875 -0.0157269
0.705305 -0.015625

0.703125 -0.0156082
0.705336 -0.015625

0.71875 -0.0157269
0.734375 -0.0158426

0.734375 -0.0158424
0.75 -0.0159558

2 -0.0252723
2.01562 -0.025406

2.01562 -0.0254059
2.03125 -0.0255461

2.03125 -0.025546
2.04688 -0.0256927

2.04688 -0.0256927
2.0625 -0.0258459

-2 0.0305357
-1.98438 0.0301923

-1.98438 0.0301924
-1.96875 0.029852

-1.96875 0.0298521
-1.95312 0.0295142

-1.95312 0.0295142
-1.9375 0.0291786

-0.4375 -0.00181294
-0.421875 -0.0020809

-1.9375 0.0291787
-1.92188 0.0288451

-0.421875 -0.00208078
-0.40625 -0.00234332

0.75 -0.0159556
0.765625 -0.0160671

-1.92188 0.0288452
-1.90625 0.0285131

0.765625 -0.0160669
0.78125 -0.0161773

-0.40625 -0.0023432
-0.390625 -0.00260081

0.78125 -0.0161771
0.796875 -0.016287

0.796875 -0.0162868
0.8125 -0.0163969

0.8125 -0.0163967
0.828125 -0.0165075

0.828125 -0.0165073
0.84375 -0.0166193

0.84375 -0.0166192
0.859375 -0.0167329

0.859375 -0.0167328
0.875 -0.0168487

2.0625 -0.0258459
2.07812 -0.0260058

2.07812 -0.0260058
2.09375 -0.0261724

-1.90625 0.0285132
-1.89062 0.0281822

2.09375 -0.0261724
2.10938 -0.0263459

2.10938 -0.0263458
2.125 -0.0265264

-0.390625 -0.0026007
-0.375 -0.00285387

-1.89062 0.0281823
-1.875 0.0278518

-1.875 0.0278519
-1.85938 0.0275213

2.125 -0.0265264
2.14062 -0.0267143

-0.375 -0.00285373
-0.359375 -0.00310298

-1.85938 0.0275214
-1.84375 0.0271905

-1.84375 0.0271905
-1.82812 0.0268592

2.14062 -0.0267143
2.15625 -0.0269098

-1.82812 0.0268592
-1.8125 0.0265275

-0.359375 -0.00310282
-0.34375 -0.00334872

-0.34375 -0.00334856
-0.328125 -0.00359176

-0.328125 -0.00359162
-0.3125 -0.00383271

-0.3125 -0.00383259
-0.296875 -0.00407208

-0.296875 -0.00407197
-0.28125 -0.00431033

0.875 -0.0168486
0.890625 -0.0169669

0.890625 -0.0169668
0.90625 -0.0170878

0.90625 -0.0170878
0.921875 -0.0172117

0.921875 -0.0172117
0.9375 -0.0173385

0.9375 -0.0173385
0.953125 -0.0174683

0.953125 -0.0174683
0.96875 -0.0176009

0.96875 -0.017601
0.984375 -0.0177364

0.984375 -0.0177365
1 -0.0178746

-0.28125 -0.00431024
-0.265625 -0.00454784

-0.265625 -0.00454779
-0.25 -0.00478488

2.15625 -0.0269098
2.17188 -0.027113

-1.8125 0.0265275
-1.79688 0.0261955

-1.79688 0.0261955
-1.78125 0.0258633

2.17188 -0.027113
2.1875 -0.027324

2.1875 -0.027324
2.20312 -0.0275429

2.20312 -0.027543
2.21875 -0.0277695

-1.78125 0.0258633
-1.76562 0.0255312

2.21875 -0.0277696
2.23438 -0.0280035

-0.25 -0.00478485
-0.234375 -0.00502159

2.23438 -0.0280036
2.25 -0.0282445

-1.76562 0.0255312
-1.75 0.0251992

-0.234375 -0.00502156
-0.21875 -0.00525806

-0.21875 -0.00525803
-0.203125 -0.00549439

-0.203125 -0.00549438
-0.1875 -0.00573067

-0.1875 -0.00573067
-0.171875 -0.0059669

-0.171875 -0.00596693
-0.15625 -0.00620301

-0.15625 -0.00620307
-0.140625 -0.00643881

-0.140625 -0.00643887
-0.125 -0.00667402

-1.75 0.0251991
-1.73438 0.0248674

-1.73438 0.0248674
-1.71875 0.024536

-1.71875 0.024536
-1.70312 0.0242051

2.25 -0.0282445
2.26562 -0.0284922

-0.125 -0.00667407
-0.109375 -0.00690841

2.26562 -0.0284922
2.28125 -0.0287469

2.28125 -0.0287468
2.29688 -0.0290088

2.29688 -0.0290086
2.3125 -0.0292785

-1.70312 0.0242051
-1.6875 0.0238747

2.3125 -0.0292785
2.32812 -0.0295565

2.32812 -0.0295564
2.34375 -0.0298427

-0.109375 -0.00690844
-0.09375 -0.0071418

-1.6875 0.0238747
-1.67188 0.023545

-0.09375 -0.00714184
-0.078125 -0.00737409

2.34375 -0.0298427
2.35938 -0.0301375

-0.078125 -0.00737415
-0.0625 -0.00760509

-0.0625 -0.00760516
-0.046875 -0.0078345

-0.046875 -0.00783459
-0.03125 -0.008062

-0.03125 -0.00806209
-0.015625 -0.00828722

-0.015625 -0.00828731
0 -0.00850982

1 -0.0178747
1.01562 -0.0180153

1.01562 -0.0180153
1.03125 -0.0181582

1.03125 -0.0181582
1.04688 -0.0183031

1.04688 -0.0183031
1.0625 -0.0184498

1.0625 -0.0184498
1.07812 -0.0185982

1.07812 -0.0185982
1.09375 -0.0187483

2.35938 -0.0301373
2.375 -0.030441

-1.67188 0.023545
-1.65625 0.023216

2.375 -0.0304408
2.39062 -0.0307541

1.09375 -0.0187483
1.10938 -0.0188999

1.10938 -0.0189
1.125 -0.0190528

-1.65625 0.023216
-1.64062 0.0228875

-1.64062 0.0228875
-1.625 0.0225595

2.39062 -0.0307541
2.40625 -0.0310777

-1.625 0.0225595
-1.60938 0.022232

2.42188 -0.0314108
2.41435 -0.03125

2.42188 -0.0314107
2.4375 -0.0317557

2.40625 -0.0310783
2.41429 -0.03125

1.125 -0.0190529
1.14062 -0.0192067

2.4375 -0.0317554
2.45312 -0.0321138

1.14062 -0.0192068
1.15625 -0.0193613

-1.60938 0.0222319
-1.59375 0.021905

1.15625 -0.0193614
1.17188 -0.0195164

2.45312 -0.0321136
2.46875 -0.0324863

-1.59375 0.021905
-1.57812 0.0215788

1.17188 -0.0195165
1.1875 -0.0196718

-1.57812 0.0215787
-1.5625 0.0212534

2.46875 -0.032486
2.48438 -0.0328741

2.48438 -0.0328738
2.5 -0.0332785

-1.5625 0.0212533
-1.54688 0.020929

-1.54688 0.0209289
-1.53125 0.0206058

1.1875 -0.0196718
1.20312 -0.0198272

1.20312 -0.0198272
1.21875 -0.0199823

-1.53125 0.0206058
-1.51562 0.020284

-1.51562 0.020284
-1.5 0.0199637

1.21875 -0.0199824
1.23438 -0.020137

1.23438 -0.020137
1.25 -0.0202908

1.25 -0.0202908
1.26562 -0.0204434

1.26562 -0.0204435
1.28125 -0.0205947

1.28125 -0.0205948
1.29688 -0.0207445

1.29688 -0.0207444
1.3125 -0.0208927

1.3125 -0.0208925
1.32812 -0.0210403

1.32812 -0.0210398
1.34375 -0.0211885

1.34375 -0.0211887
1.35938 -0.0213391

1.35938 -0.0213397
1.375 -0.0214901

1.375 -0.0214904
1.39062 -0.0216391

1.39062 -0.0216393
1.40625 -0.0217852

1.40625 -0.0217853
1.42188 -0.0219276

1.42188 -0.0219278
1.4375 -0.0220659

1.4375 -0.022066
1.45312 -0.0221995

1.45312 -0.0221997
1.46875 -0.0223281

1.46875 -0.0223282
1.48438 -0.0224512

1.48438 -0.0224513
1.5 -0.0225685

-1.5 0.0199637
-1.48438 0.019645

-1.48438 0.019645
-1.46875 0.019328

-1.46875 0.019328
-1.45312 0.0190124

-1.45312 0.0190125
-1.4375 0.0186979

-1.4375 0.0186981
-1.42188 0.0183843

-1.42188 0.0183844
-1.40625 0.018071

-1.40625 0.0180711
-1.39062 0.0177575

2.5 -0.0332785
2.51562 -0.0337003

2.51562 -0.0337009
2.53125 -0.0341386

-1.39062 0.0177576
-1.375 0.0174437

2.53125 -0.0341393
2.54688 -0.0345907

2.54688 -0.0345909
2.5625 -0.0350542

-1.375 0.0174437
-1.35938 0.0171293

2.5625 -0.0350538
2.57812 -0.0355296

2.57812 -0.0355289
2.59375 -0.0360196

-1.35938 0.0171293
-1.34375 0.0168144

-1.34375 0.0168143
-1.32812 0.016499

-1.32812 0.016499
-1.3125 0.0161833

2.59375 -0.0360189
2.60938 -0.0365274

2.60938 -0.0365271
2.625 -0.0370555

-1.3125 0.0161832
-1.29688 0.0158675

-1.28125 0.0155515
-1.28489 0.015625

-1.29688 0.0158674
-1.28486 0.015625

-1.28125 0.0155518
-1.26562 0.015238

-1.26562 0.0152382
-1.25 0.0149259

2.625 -0.0370553
2.64062 -0.0376046

2.64062 -0.0376046
2.65625 -0.0381754

2.65625 -0.0381752
2.67188 -0.0387679

2.67188 -0.0387677
2.6875 -0.039383

2.6875 -0.0393826
2.70312 -0.0400214

2.70312 -0.0400211
2.71875 -0.0406846

2.71875 -0.040684
2.73438 -0.041374

-1.25 0.014926
-1.23438 0.0146144

-1.23438 0.0146143
-1.21875 0.0143034

-1.21875 0.0143034
-1.20312 0.0139932

2.73438 -0.0413735
2.75 -0.0420924

-1.20312 0.0139933
-1.1875 0.0136836

-1.1875 0.0136835
-1.17188 0.0133743

-1.17188 0.0133743
-1.15625 0.0130657

-1.15625 0.0130658
-1.14062 0.0127579

-1.14062 0.0127579
-1.125 0.0124506

-1.125 0.0124506
-1.10938 0.012144

-1.10938 0.0121441
-1.09375 0.011838

-1.09375 0.011838
-1.07812 0.0115321

-1.07812 0.0115322
-1.0625 0.0112263

-1.0625 0.0112264
-1.04688 0.0109202

-1.04688 0.0109203
-1.03125 0.0106133

-1.03125 0.0106134
-1.01562 0.0103051

2.75 -0.0420914
2.76562 -0.042842

2.76562 -0.0428414
2.78125 -0.0436265

2.78125 -0.0436254
2.79688 -0.0444483

-1.01562 0.0103053
-1 0.00999524

2.79688 -0.0444478
2.8125 -0.0453115

2.8125 -0.0453104
2.82812 -0.0462181

2.84375 -0.0471726
2.83888 -0.046875

2.82812 -0.0462179
2.83888 -0.046875

2.84375 -0.0471714
2.85938 -0.0481748

2.85938 -0.048175
2.875 -0.0492289

2.875 -0.0492273
2.89062 -0.0503343

2.89062 -0.0503348
2.90625 -0.0514971

2.90625 -0.0514951
2.92188 -0.0527158

2.92188 -0.0527165
2.9375 -0.0539981

2.9375 -0.0539956
2.95312 -0.0553417

2.95312 -0.0553431
2.96875 -0.0567562

2.96875 -0.0567529
2.98438 -0.058237

2.98438 -0.0582673
3 -0.0597683

3.03125 -0.0625121
3.03163 -0.0625

3 -0.0601665
3.03125 -0.0614889

3.03125 -0.0615173
3.0625 -0.0602848

3.0625 -0.065434
3.08172 -0.0625

3.0625 -0.0603238
3.125 -0.0507463

3.125 -0.0474424
3.25 -0.0247871

3.25 -0.0178299
3.48633 0

3.5 -0.0121627
4 -0.00170523

