-4 -0.000473285
-3.95862 0

-3.67736 0
-3.5 0.00202835

-3.37075 0
-3.25 0.00521041

-3.21941 0
-3.125 0.0139053

-3.125 0.0120235
-3.0625 0.0349643

1.5 -0.162288
1.51562 -0.163803

1.51562 -0.163804
1.53125 -0.165312

-3.0625 0.0363587
-3.03125 0.0542708

-3.03125 0.0543242
-3.01857 0.0625

-3.02013 0.0625
-3 0.0755786

1.53125 -0.165313
1.54688 -0.166812

1.54688 -0.166812
1.5625 -0.1683

1.5625 -0.1683
1.57812 -0.169776

1.57812 -0.169775
1.59375 -0.17124

1.60938 -0.172708
1.60041 -0.171875

1.59375 -0.17122
1.6008 -0.171875

1.60938 -0.172691
1.625 -0.174129

1.625 -0.174129
1.64062 -0.175555

1.64062 -0.175555
1.65625 -0.176966

1.65625 -0.176966
1.67188 -0.178365

1.67188 -0.178365
1.6875 -0.179751

1.6875 -0.179751
1.70312 -0.181123

1.70312 -0.181123
1.71875 -0.182481

1.71875 -0.182481
1.73438 -0.183824

1.73438 -0.183824
1.75 -0.18515

1.78125 -0.187756
1.77815 -0.1875

1.78125 -0.187751
1.79688 -0.189026

1.79688 -0.189026
1.8125 -0.190283

1.75 -0.18515
1.76562 -0.18646

1.76562 -0.186459
1.77822 -0.1875

1.8125 -0.190283
1.82812 -0.191522

1.82812 -0.191522
1.84375 -0.192743

1.84375 -0.192743
1.85938 -0.193945

1.85938 -0.193945
1.875 -0.195128

1.875 -0.195128
1.89062 -0.19629

1.89062 -0.19629
1.90625 -0.197433

1.90625 -0.197433
1.92188 -0.198555

1.92188 -0.198556
1.9375 -0.199657

1.9375 -0.199657
1.95312 -0.200736

1.95312 -0.200736
1.96875 -0.201795

-3 0.0780998
-2.99996 0.078125

-2.9953 0.078125
-2.98438 0.0853571

1.96875 -0.201795
1.98438 -0.202833

2 -0.203848
1.9889 -0.203125

-2.98438 0.0857229
-2.97198 0.09375

-2.97429 0.09375
-2.96875 0.0972744

-2.96875 0.0875412
-2.95895 0.09375

1.98438 -0.20284
1.98875 -0.203125

-2.96875 0.098162
-2.95312 0.107516

-2.95312 0.103217
-2.94202 0.109375

-2.95063 0.109375
-2.9375 0.115835

-2.9375 0.114193
-2.92188 0.122247

-2.92188 0.121518
-2.91462 0.125

-2.91712 0.125
-2.90625 0.130219

-2.90625 0.12973
-2.89062 0.13671

-2.89062 0.136314
-2.88028 0.140625

-2.88259 0.140625
-2.875 0.143789

-2.875 0.143213
-2.85938 0.149278

-2.85938 0.149267
-2.84375 0.154927

-2.84375 0.153964
-2.83699 0.15625

-2.84106 0.15625
-2.82812 0.160623

-2.82812 0.1602
-2.8125 0.165123

-2.8125 0.165114
-2.79688 0.169709

-2.79688 0.169011
-2.78643 0.171875

-2.79157 0.171875
-2.78125 0.174706

0 -0.00211507
0.015625 -0.00387341

0.015625 -0.0038735
0.03125 -0.00563095

0.03125 -0.00563064
0.046875 -0.00738761

-2.78125 0.171815
-2.78102 0.171875

-1 0.10927
-0.984375 0.107567

0.046875 -0.00738734
0.0625 -0.009145

-0.984375 0.107567
-0.96875 0.105861

-0.96875 0.105861
-0.953125 0.104155

-2.78125 0.173985
-2.76562 0.177975

0.0625 -0.00914468
0.078125 -0.0109042

-2.76562 0.177973
-2.75 0.181693

-0.953125 0.104155
-0.9375 0.10245

-0.9375 0.10245
-0.921875 0.100745

-0.921875 0.100745
-0.90625 0.0990411

-0.90625 0.0990416
-0.890625 0.0973357

-2.75 0.181686
-2.73438 0.18515

-2.73438 0.184593
-2.72027 0.1875

0.078125 -0.0109041
0.09375 -0.0126663

-0.890625 0.0973355
-0.875 0.0956271

0.09375 -0.0126662
0.109375 -0.0144315

-2.71875 0.186132
-2.7116 0.1875

-0.859375 0.0936931
-0.859895 0.09375

-0.84375 0.0922016
-0.857876 0.09375

-0.875 0.095628
-0.859375 0.0939176

-0.859375 0.0939388
-0.857653 0.09375

-0.84375 0.0922032
-0.828125 0.0904898

0.125 -0.0163321
0.118752 -0.015625

0.109375 -0.0143626
0.12053 -0.015625

-2.70312 0.187194
-2.7014 0.1875

0.125 -0.0162007
0.140625 -0.0179703

-2.72807 0.1875
-2.71875 0.189422

-2.71875 0.188677
-2.70312 0.191665

-2.70312 0.191365
-2.6875 0.194142

-2.6875 0.194124
-2.67188 0.196699

-2.67188 0.196697
-2.65625 0.199078

-0.828125 0.0904897
-0.8125 0.0887775

0.140625 -0.0179706
0.15625 -0.0197394

0.15625 -0.0197397
0.171875 -0.0215064

0.171875 -0.0215064
0.1875 -0.0232702

-2.65625 0.199074
-2.64062 0.201271

-2.64062 0.201216
-2.62591 0.203125

-2.62864 0.203125
-2.625 0.203597

-0.8125 0.0887781
-0.796875 0.0870658

-2.625 0.202245
-2.61762 0.203125

-2.625 0.2035
-2.60938 0.205363

-0.796875 0.0870665
-0.78125 0.0853515

-0.78125 0.085352
-0.765625 0.0836318

-0.765625 0.0836318
-0.75 0.0819055

-2.60938 0.205154
-2.59375 0.20686

-2.59375 0.20686
-2.57812 0.208414

-2.57812 0.208409
-2.5625 0.209823

-2.5625 0.20982
-2.54688 0.211111

-2.54688 0.211113
-2.53125 0.212288

-2.53125 0.212292
-2.51562 0.21334

-2.51562 0.213337
-2.5 0.214256

-0.75 0.081905
-0.734375 0.0801735

-0.734375 0.0801735
-0.71875 0.0784377

-0.703125 0.0766892
-0.716025 0.078125

-0.71875 0.0784757
-0.715599 0.078125

-0.703125 0.0766973
-0.6875 0.0749579

0.1875 -0.0232703
0.203125 -0.0250313

-2.5 0.21425
-2.48438 0.215058

0.203125 -0.0250311
0.21875 -0.0267897

0.21875 -0.0267897
0.234375 -0.0285463

0.234375 -0.0285461
0.25 -0.0303011

-2.48438 0.215056
-2.46875 0.215767

-2.46875 0.21577
-2.45312 0.216382

-2.45312 0.216382
-2.4375 0.216887

-0.6875 0.0749576
-0.671875 0.0732201

-2.4375 0.216882
-2.42188 0.21729

2 -0.203851
2.01562 -0.204847

0.265625 -0.0322113
0.257058 -0.03125

-2.42188 0.217287
-2.40625 0.217615

-2.40625 0.217619
-2.39062 0.217864

-2.39062 0.21787
-2.375 0.218014

-0.671875 0.0732201
-0.65625 0.0714854

-0.65625 0.0714856
-0.640625 0.0697534

-0.640625 0.0697534
-0.625 0.0680231

-2.375 0.218012
-2.35938 0.21805

-2.35938 0.21804
-2.34375 0.217995

-2.34375 0.21799
-2.32812 0.217892

0.265625 -0.0320553
0.28125 -0.0338052

0.25 -0.0301655
0.259665 -0.03125

2.01562 -0.204847
2.03125 -0.20582

-2.32812 0.217899
-2.3125 0.217743

2.03125 -0.205821
2.04688 -0.206768

-2.3125 0.217755
-2.29688 0.217503

-2.29688 0.217503
-2.28125 0.217134

-2.28125 0.217119
-2.26562 0.216665

-2.26562 0.21665
-2.25 0.216172

-2.25 0.216175
-2.23438 0.215697

-2.23438 0.215712
-2.21875 0.215201

-2.21875 0.215209
-2.20312 0.214619

-2.20312 0.214607
-2.1875 0.213947

-2.1875 0.213928
-2.17188 0.213259

-2.17188 0.213254
-2.15625 0.212622

2.04688 -0.206769
2.0625 -0.207689

2.0625 -0.207689
2.07812 -0.208579

2.07812 -0.208579
2.09375 -0.209437

0.28125 -0.0338054
0.296875 -0.0355503

0.296875 -0.0355503
0.3125 -0.0372897

-2.15625 0.212633
-2.14062 0.212026

-2.14062 0.212043
-2.125 0.211402

-0.5625 0.0611026
-0.575139 0.0625

-2.125 0.211413
-2.10938 0.210679

2.09375 -0.209438
2.10938 -0.210261

-2.10938 0.210679
-2.09375 0.209831

2.10938 -0.210262
2.125 -0.211049

-0.625 0.068023
-0.609375 0.0662948

-2.09375 0.209821
-2.07812 0.208881

0.3125 -0.0372896
0.328125 -0.0390238

-2.07812 0.208869
-2.0625 0.207883

0.328125 -0.0390237
0.34375 -0.0407532

2.125 -0.211049
2.14062 -0.211797

-0.609375 0.066295
-0.59375 0.0645685

2.14062 -0.211797
2.15625 -0.212504

-0.59375 0.0645691
-0.578125 0.0628428

-0.578125 0.0628914
-0.574585 0.0625

2.15625 -0.212504
2.17188 -0.21317

-0.5625 0.0611151
-0.546875 0.0593865

2.17188 -0.21317
2.1875 -0.213793

-2.0625 0.207877
-2.04688 0.206883

-2.04688 0.206882
-2.03125 0.205893

-0.546875 0.0593868
-0.53125 0.0576571

-0.53125 0.0576571
-0.515625 0.0559258

0.34375 -0.0407529
0.359375 -0.0424782

0.359375 -0.0424779
0.375 -0.0442

0.375 -0.0441991
0.390625 -0.0459204

0.40625 -0.0482235
0.394021 -0.046875

0.390625 -0.0454119
0.403893 -0.046875

0.40625 -0.0476432
0.421875 -0.0493683

0.421875 -0.0493683
0.4375 -0.0510954

0.4375 -0.0510956
0.453125 -0.0528242

0.453125 -0.0528244
0.46875 -0.0545538

2.1875 -0.213794
2.20312 -0.21437

-2.03125 0.205897
-2.01562 0.204906

2.20312 -0.214371
2.21875 -0.214899

-0.515625 0.0559258
-0.5 0.054193

0.46875 -0.0545538
0.484375 -0.0562834

2.21875 -0.2149
2.23438 -0.215375

-2.01562 0.20491
-2 0.203903

2.23438 -0.215376
2.25 -0.215795

0.484375 -0.0562835
0.5 -0.058013

2.25 -0.215796
2.26562 -0.216158

2.26562 -0.216158
2.28125 -0.216459

2.28125 -0.21646
2.29688 -0.216698

2.29688 -0.216699
2.3125 -0.21687

2.3125 -0.216871
2.32812 -0.216973

2.32812 -0.216974
2.34375 -0.217003

2.34375 -0.217004
2.35938 -0.216955

2.35938 -0.216956
2.375 -0.216826

2.375 -0.216826
2.39062 -0.216612

2.39062 -0.216613
2.40625 -0.216313

-0.015625 -0.000634222
-0.0212593 0

-0.015625 -0.000355962
0 -0.00211512

-0.5 0.0541929
-0.484375 0.052459

-0.484375 0.0524593
-0.46875 0.0507237

-0.46875 0.0507239
-0.453125 0.0489859

2.40625 -0.216314
2.42188 -0.215925

2.42188 -0.215927
2.4375 -0.215444

0.546875 -0.0640293
0.533046 -0.0625

0.546875 -0.0633373
0.5625 -0.0650633

-0.453125 0.0489864
-0.4375 0.0472446

-0.421875 0.0454792
-0.43436 0.046875

2.4375 -0.215445
2.45312 -0.214863

-0.4375 0.0473092
-0.433616 0.046875

0.5 -0.0580131
0.515625 -0.0597421

0.515625 -0.0597421
0.53125 -0.0614707

-0.421875 0.0454975
-0.40625 0.043746

2.45312 -0.214864
2.46875 -0.214178

0.53125 -0.0607942
0.546674 -0.0625

0.546875 -0.0618099
0.553123 -0.0625

2.46875 -0.21418
2.48438 -0.213384

2.48438 -0.213385
2.5 -0.212476

-0.40625 0.043746
-0.390625 0.0419908

-0.390625 0.0419908
-0.375 0.0402322

0.5625 -0.0649257
0.578125 -0.066648

0.578125 -0.0666483
0.59375 -0.0683656

-0.375 0.0402321
-0.359375 0.0384706

-0.359375 0.0384703
-0.34375 0.0367068

-0.34375 0.0367069
-0.328125 0.0349421

-0.328125 0.0349417
-0.3125 0.0331761

0.59375 -0.0683657
0.609375 -0.0700769

0.609375 -0.0700769
0.625 -0.0717818

-0.296875 0.0311551
-0.297714 0.03125

-0.28125 0.0296385
-0.295495 0.03125

-0.3125 0.0331791
-0.296875 0.0314126

-0.296875 0.0314434
-0.295166 0.03125

-0.28125 0.0296417
-0.265625 0.0278744

0.625 -0.0717816
0.640625 -0.0734803

0.640625 -0.0734801
0.65625 -0.0751735

-0.265625 0.027874
-0.25 0.0261085

0.65625 -0.075173
0.671875 -0.0768628

0.6875 -0.0790218
0.679197 -0.078125

0.671875 -0.0766361
0.685661 -0.078125

0.6875 -0.0787893
0.703125 -0.0804744

0.6875 -0.0772277
0.69582 -0.078125

0.703125 -0.0802358
0.71875 -0.0819174

0.71875 -0.0819176
0.734375 -0.0835945

0.734375 -0.0835948
0.75 -0.085266

-0.25 0.0261086
-0.234375 0.0243452

-0.234375 0.0243454
-0.21875 0.0225835

-0.21875 0.0225837
-0.203125 0.0208224

-0.203125 0.0208228
-0.1875 0.0190609

-0.1875 0.0190611
-0.171875 0.0172975

-0.15625 0.0153502
-0.15868 0.015625

-0.171875 0.0173181
-0.156904 0.015625

-0.15625 0.0155302
-0.140625 0.0137602

0.75 -0.0852658
0.765625 -0.0869314

0.765625 -0.0869313
0.78125 -0.0885919

-0.140625 0.01376
-0.125 0.0119893

-0.125 0.0119889
-0.109375 0.0102188

2.5 -0.212477
2.51562 -0.211451

0.78125 -0.0885912
0.796875 -0.0902486

2.51562 -0.211452
2.53125 -0.210306

-1.98438 0.202861
-1.98836 0.203125

2.53125 -0.210307
2.54688 -0.209036

-2 0.203909
-1.98813 0.203125

-0.109375 0.0102187
-0.09375 0.00845039

2.54688 -0.209039
2.5625 -0.207635

0.796875 -0.0902484
0.8125 -0.0919042

-1.98438 0.202873
-1.96875 0.201812

0.828125 -0.0937646
0.827987 -0.09375

-1.96875 0.201811
-1.95312 0.200721

-0.09375 0.0084502
-0.078125 0.00668429

0.828125 -0.0937632
0.84375 -0.0954203

-0.078125 0.00668422
-0.0625 0.00492123

0.8125 -0.0919033
0.828125 -0.0935595

-1.95312 0.200721
-1.9375 0.199606

2.5625 -0.207637
2.57812 -0.206092

-1.9375 0.199606
-1.92188 0.19847

2.57812 -0.206094
2.59375 -0.204399

0.828125 -0.0929299
0.835858 -0.09375

-0.0625 0.00492141
-0.046875 0.00316109

0.84375 -0.0952186
0.859375 -0.0968761

0.859375 -0.096875
0.875 -0.0985328

2.59375 -0.204472
2.60502 -0.203125

-0.046875 0.00316139
-0.03125 0.0014028

2.6034 -0.203125
2.60938 -0.202411

-0.03125 0.00149857
-0.017937 0

2.60938 -0.202535
2.625 -0.200491

0.84375 -0.093678
0.844429 -0.09375

-1.92188 0.19847
-1.90625 0.197313

-1.90625 0.197313
-1.89062 0.196137

2.625 -0.200494
2.64062 -0.198275

-1.89062 0.196137
-1.875 0.19494

2.64062 -0.198277
2.65625 -0.195875

-1.875 0.19494
-1.85938 0.193722

-1.85938 0.193721
-1.84375 0.192484

-1.84375 0.192484
-1.82812 0.191228

-1.82812 0.191228
-1.8125 0.189955

0.875 -0.0985328
0.890625 -0.10019

0.890625 -0.10019
0.90625 -0.101846

0.90625 -0.101846
0.921875 -0.103501

0.921875 -0.103501
0.9375 -0.105156

0.9375 -0.105156
0.953125 -0.106811

0.953125 -0.10681
0.96875 -0.108466

0.984375 -0.110235
0.976254 -0.109375

0.96875 -0.108371
0.978231 -0.109375

-1.78125 0.187294
-1.78371 0.1875

0.984375 -0.110122
1 -0.111777

2.65625 -0.195879
2.67188 -0.193283

-1.78125 0.187353
-1.76562 0.186024

2.67188 -0.193281
2.6875 -0.190486

2.6875 -0.190506
2.70304 -0.1875

2.70221 -0.1875
2.70312 -0.187324

2.70312 -0.187473
2.71875 -0.184209

2.71875 -0.184215
2.73438 -0.180709

2.73438 -0.180709
2.75 -0.176951

0.984375 -0.109314
0.984948 -0.109375

-1.76562 0.186024
-1.75 0.184679

-1.8125 0.189955
-1.79688 0.188664

-1.79688 0.188673
-1.78289 0.1875

2.75 -0.176963
2.76562 -0.172929

2.76562 -0.173126
2.77013 -0.171875

2.76919 -0.171875
2.78125 -0.168525

2.78125 -0.168593
2.79688 -0.16394

2.79688 -0.163948
2.8125 -0.158966

2.8125 -0.159263
2.8213 -0.15625

2.81961 -0.15625
2.82812 -0.153335

2.82812 -0.153623
2.84375 -0.147887

2.84375 -0.147904
2.85938 -0.141758

2.85938 -0.141996
2.86262 -0.140625

2.86194 -0.140625
2.875 -0.13511

-1.75 0.184679
-1.73438 0.183319

-1.73438 0.183318
-1.71875 0.181943

2.875 -0.135177
2.89062 -0.128094

2.89062 -0.12844
2.89769 -0.125

2.8965 -0.125
2.90625 -0.120253

2.90625 -0.120511
2.92188 -0.112323

2.92188 -0.112737
2.92783 -0.109375

-1.71875 0.181943
-1.70312 0.180553

-1.70312 0.180553
-1.6875 0.17915

2.92673 -0.109375
2.9375 -0.103295

-1.6875 0.17915
-1.67188 0.177732

2.9375 -0.103536
2.95312 -0.0940072

2.95312 -0.0940174
2.95354 -0.09375

2.95354 -0.09375
2.96875 -0.0837066

2.96875 -0.082688
2.97511 -0.078125

2.97808 -0.078125
2.98438 -0.0736066

-1.67188 0.177732
-1.65625 0.1763

-1.65625 0.176301
-1.64062 0.174854

-1.64062 0.174853
-1.625 0.173392

2.98438 -0.0720826
2.99724 -0.0625

2.99996 -0.0625
3 -0.0624687

-1.60938 0.171808
-1.61009 0.171875

-1.625 0.173393
-1.60938 0.171917

-1.59375 0.170426
-1.60896 0.171875

-1.60938 0.171917
-1.60893 0.171875

-1.59375 0.170426
-1.57812 0.168929

-1.57812 0.168929
-1.5625 0.167425

-1.5625 0.167425
-1.54688 0.165915

1 -0.111776
1.01562 -0.11343

1.01562 -0.11343
1.03125 -0.115083

-1.54688 0.165915
-1.53125 0.164399

-1.53125 0.164399
-1.51562 0.162877

1.03125 -0.115083
1.04688 -0.116733

1.04688 -0.116733
1.0625 -0.118381

-1.51562 0.162877
-1.5 0.161349

1.0625 -0.118382
1.07812 -0.120026

1.07812 -0.120026
1.09375 -0.121666

3 -0.0598469
3.03125 -0.0399124

3.03125 -0.0392106
3.04797 -0.03125

1.09375 -0.121667
1.10938 -0.123303

1.10938 -0.123302
1.125 -0.124934

3.0513 -0.03125
3.0625 -0.0259192

3.0625 -0.0248284
3.125 -0.00601691

3.125 -0.0069571
3.18842 0

3.25 -0.00237265
3.34112 0

1.14062 -0.126588
1.12537 -0.125

1.14062 -0.126561
1.15625 -0.12818

1.15625 -0.12818
1.17188 -0.129793

1.17188 -0.129792
1.1875 -0.131398

1.1875 -0.131398
1.20312 -0.132996

1.20312 -0.132995
1.21875 -0.134587

1.21875 -0.134587
1.23438 -0.136173

1.23438 -0.136173
1.25 -0.137753

3.5 -0.00282045
3.93347 0

1.125 -0.124705
1.12784 -0.125

-1.5 0.161349
-1.48438 0.159815

-1.48438 0.159815
-1.46875 0.158274

-1.4375 0.155149
-1.44852 0.15625

-1.46875 0.158275
-1.45312 0.156724

1.25 -0.137754
1.26562 -0.139327

1.28125 -0.140918
1.27833 -0.140625

-1.45312 0.156757
-1.44805 0.15625

-1.4375 0.155163
-1.42188 0.153592

-1.42188 0.153591
-1.40625 0.152012

1.26562 -0.139321
1.27864 -0.140625

1.28125 -0.140891
1.29688 -0.142447

-1.40625 0.152011
-1.39062 0.150425

-1.39062 0.150424
-1.375 0.148833

1.29688 -0.142447
1.3125 -0.143995

1.3125 -0.143995
1.32812 -0.145536

1.32812 -0.145536
1.34375 -0.14707

1.34375 -0.14707
1.35938 -0.148599

1.35938 -0.148598
1.375 -0.150123

1.375 -0.150123
1.39062 -0.151645

-1.375 0.148833
-1.35938 0.147237

-1.35938 0.147237
-1.34375 0.145637

-1.34375 0.145637
-1.32812 0.144031

1.39062 -0.151644
1.40625 -0.153164

1.40625 -0.153164
1.42188 -0.154683

-1.32812 0.144031
-1.3125 0.142418

-1.3125 0.142418
-1.29688 0.1408

-1.28125 0.139173
-1.29521 0.140625

1.42188 -0.154682
1.4375 -0.156203

1.45312 -0.157736
1.43787 -0.15625

1.45312 -0.157725
1.46875 -0.159246

1.4375 -0.15607
1.43935 -0.15625

-1.29688 0.140817
-1.29503 0.140625

-1.28125 0.139174
-1.26562 0.137542

1.46875 -0.159247
1.48438 -0.160769

1.48438 -0.160769
1.5 -0.162288

-1.26562 0.137541
-1.25 0.135906

-1.14062 0.124333
-1.14693 0.125

-1.14062 0.12441
-1.125 0.122748

-1.25 0.135906
-1.23438 0.134269

-1.23438 0.134269
-1.21875 0.13263

-1.21875 0.13263
-1.20312 0.13099

-1.20312 0.13099
-1.1875 0.12935

-1.1875 0.129351
-1.17188 0.127709

-1.17188 0.127709
-1.15625 0.126063

-1.15625 0.126109
-1.14577 0.125

-1.125 0.122748
-1.10938 0.121079

-1.10938 0.121079
-1.09375 0.119405

-1.09375 0.119405
-1.07812 0.117727

-1.07812 0.117727
-1.0625 0.116044

-1.0625 0.116044
-1.04688 0.114357

-1.04688 0.114357
-1.03125 0.112665

-1.03125 0.112665
-1.01562 0.11097

-1 0.109098
-1.00255 0.109375

-1.01562 0.110992
-1.00076 0.109375

