-4 -5.4914e-05
-3.97314 0

-3.99555 0
-3.5 0.00202384

-3.5 0.00105627
-3.25 0.00246377

-3.25 0.00221247
-3.125 0.0039454

-3.125 0.00339495
-3.0625 0.00509431

-3.0625 0.00424691
-3.03125 0.00620906

-3.03125 0.00692056
-3 0.010267

-1.5 0.108328
-1.48438 0.108381

-1.48438 0.108381
-1.46875 0.10841

-1.46875 0.10841
-1.45312 0.108415

-1.45312 0.108415
-1.4375 0.108396

-1.4375 0.108396
-1.42188 0.108352

-1.42188 0.108352
-1.40625 0.108283

-1.40625 0.108283
-1.39062 0.10819

-1.39062 0.10819
-1.375 0.108073

-1.375 0.108073
-1.35938 0.107932

-1.35938 0.107932
-1.34375 0.107765

-1.34375 0.107765
-1.32812 0.107575

-1.32812 0.107575
-1.3125 0.107359

-1.3125 0.107359
-1.29688 0.107119

-1.29688 0.107119
-1.28125 0.106855

-1.28125 0.106855
-1.26562 0.106566

-1.26562 0.106566
-1.25 0.106253

-3 0.0102627
-2.98438 0.0119221

-2.98438 0.0119215
-2.96875 0.013577

-2.96875 0.0135771
-2.95312 0.0152297

-2.95312 0.0152087
-2.94918 0.015625

-2.94945 0.015625
-2.9375 0.0168859

-2.9375 0.0168792
-2.92188 0.0185246

-2.92188 0.0185247
-2.90625 0.0201657

-1.25 0.106253
-1.23438 0.105915

-1.23438 0.105915
-1.21875 0.105553

-1.21875 0.105553
-1.20312 0.105167

-1.20312 0.105167
-1.1875 0.104756

-2.90625 0.0201658
-2.89062 0.0218018

-2.89062 0.021802
-2.875 0.0234325

-1.1875 0.104756
-1.17188 0.104322

-2.875 0.0234327
-2.85938 0.0250573

-2.85938 0.0250574
-2.84375 0.0266755

-1.17188 0.104322
-1.15625 0.103864

-1.15625 0.103864
-1.14062 0.103382

-1.14062 0.103382
-1.125 0.102876

-1.125 0.102876
-1.10938 0.102347

-1.10938 0.102347
-1.09375 0.101795

-1.09375 0.101795
-1.07812 0.10122

-1.07812 0.10122
-1.0625 0.100621

-2.84375 0.0266756
-2.82812 0.0282866

-2.82812 0.0282868
-2.8125 0.0298901

-2.8125 0.0298865
-2.79914 0.03125

-2.79938 0.03125
-2.79688 0.0315061

-1.0625 0.100621
-1.04688 0.1

-1.04688 0.1
-1.03125 0.0993564

-1.03125 0.0993563
-1.01562 0.0986898

-2.79688 0.0314855
-2.78125 0.033072

-2.78125 0.0330721
-2.76562 0.0346495

-1.01562 0.0986898
-1 0.0980008

-2.76562 0.0346496
-2.75 0.0362177

-2.75 0.0362178
-2.73438 0.0377761

-2.73438 0.0377762
-2.71875 0.0393243

-2.71875 0.0393244
-2.70312 0.0408619

-2.70312 0.040862
-2.6875 0.0423884

-2.6875 0.0423885
-2.67188 0.0439035

-2.67188 0.0439036
-2.65625 0.0454067

-2.65625 0.0454065
-2.64086 0.046875

-2.641 0.046875
-2.64062 0.0469104

-2.64062 0.0468978
-2.625 0.0483762

-2.625 0.0483762
-2.60938 0.0498419

-2.60938 0.049842
-2.59375 0.0512946

0.15625 -0.00114716
0.145696 0

0.15625 -0.00122833
0.171875 -0.00292927

0.171875 -0.00292939
0.1875 -0.00463194

0.1875 -0.00463213
0.203125 -0.00633567

0.203125 -0.00633585
0.21875 -0.00803963

0.21875 -0.00803978
0.234375 -0.00974314

0.234375 -0.0097433
0.25 -0.0114456

-1 0.0980007
-0.984375 0.0972893

0.25 -0.0114456
0.265625 -0.0131464

0.265625 -0.0131468
0.28125 -0.0148451

1.5 -0.114816
1.51562 -0.115335

1.51562 -0.115335
1.53125 -0.115827

1.53125 -0.115827
1.54688 -0.116291

1.54688 -0.116291
1.5625 -0.116726

1.5625 -0.116726
1.57812 -0.117134

1.57812 -0.117134
1.59375 -0.117513

1.59375 -0.117513
1.60938 -0.117863

1.60938 -0.117863
1.625 -0.118183

-0.984375 0.0972892
-0.96875 0.0965555

1.625 -0.118184
1.64062 -0.118475

-2.59375 0.0512947
-2.57812 0.052734

1.64062 -0.118475
1.65625 -0.118737

-2.57812 0.0527341
-2.5625 0.0541598

-2.5625 0.0541599
-2.54688 0.0555717

-2.54688 0.0555718
-2.53125 0.0569694

1.65625 -0.118737
1.67188 -0.11897

1.67188 -0.11897
1.6875 -0.119172

1.6875 -0.119172
1.70312 -0.119343

0.296875 -0.016352
0.290179 -0.015625

-0.96875 0.0965554
-0.953125 0.0957994

0.28125 -0.0150782
0.286287 -0.015625

-0.953125 0.0957994
-0.9375 0.0950213

0.296875 -0.0165409
0.3125 -0.0182364

0.3125 -0.0182366
0.328125 -0.0199306

-2.53125 0.0569694
-2.51562 0.0583525

-2.51562 0.0583526
-2.5 0.0597207

-0.90625 0.0934147
-0.912621 0.09375

1.70312 -0.119344
1.71875 -0.119484

-2.5 0.0597208
-2.48438 0.0610738

0.328125 -0.0199308
0.34375 -0.0216227

1.71875 -0.119484
1.73438 -0.119594

-0.9375 0.0950213
-0.921875 0.0942211

0.34375 -0.0216229
0.359375 -0.0233119

-0.921875 0.0942096
-0.913141 0.09375

-0.90625 0.093399
-0.890625 0.0925543

-0.890625 0.0925543
-0.875 0.0916872

-0.875 0.0916871
-0.859375 0.0907978

-0.859375 0.0907977
-0.84375 0.0898864

-0.84375 0.0898863
-0.828125 0.0889531

-0.828125 0.0889531
-0.8125 0.0879983

-0.8125 0.0879982
-0.796875 0.0870222

-0.796875 0.0870221
-0.78125 0.086025

-0.78125 0.0860249
-0.765625 0.085007

-0.765625 0.0850069
-0.75 0.0839686

-0.75 0.0839685
-0.734375 0.08291

-0.734375 0.0829099
-0.71875 0.0818316

-0.71875 0.0818315
-0.703125 0.0807337

-0.703125 0.0807336
-0.6875 0.0796165

-0.6875 0.0796163
-0.671875 0.0784803

-0.65625 0.0773504
-0.666726 0.078125

-0.671875 0.0784201
-0.667883 0.078125

-0.65625 0.0773253
-0.640625 0.0761504

-0.640625 0.0761503
-0.625 0.0749561

-0.625 0.074956
-0.609375 0.0737431

-0.609375 0.073743
-0.59375 0.0725117

-0.59375 0.0725115
-0.578125 0.0712623

-0.578125 0.0712622
-0.5625 0.0699956

-0.5625 0.0699955
-0.546875 0.068712

-0.546875 0.0687119
-0.53125 0.067412

-0.53125 0.0674119
-0.515625 0.066096

-0.515625 0.0660959
-0.5 0.0647644

-0.46875 0.062097
-0.473374 0.0625

-0.46875 0.0620561
-0.453125 0.0606787

-0.453125 0.0606785
-0.4375 0.0592856

-0.5 0.0647643
-0.484375 0.0634177

-0.484375 0.0633987
-0.474064 0.0625

-0.4375 0.0592855
-0.421875 0.0578776

-0.421875 0.0578775
-0.40625 0.0564553

-0.40625 0.0564551
-0.390625 0.055019

-0.390625 0.0550189
-0.375 0.0535696

-0.375 0.0535694
-0.359375 0.0521074

-0.359375 0.0521072
-0.34375 0.0506329

-0.34375 0.0506328
-0.328125 0.0491467

0.359375 -0.0233121
0.375 -0.0249976

1.73438 -0.119594
1.75 -0.119672

-0.328125 0.0491465
-0.3125 0.047649

1.75 -0.119672
1.76562 -0.119718

1.76562 -0.119718
1.78125 -0.119733

1.78125 -0.119733
1.79688 -0.119714

1.79688 -0.119714
1.8125 -0.119664

1.8125 -0.119664
1.82812 -0.11958

1.82812 -0.11958
1.84375 -0.119464

1.84375 -0.119464
1.85938 -0.119314

-0.296875 0.0462006
-0.303858 0.046875

-0.3125 0.0475923
-0.305073 0.046875

-0.296875 0.0461403
-0.28125 0.044619

-0.28125 0.0446188
-0.265625 0.0430857

-0.265625 0.0430855
-0.25 0.0415411

-2.48438 0.0610738
-2.46875 0.0624114

-2.46875 0.0624093
-2.46768 0.0625

-2.46771 0.0625
-2.45312 0.0637337

-2.45312 0.0637336
-2.4375 0.0650398

-2.4375 0.0650398
-2.42188 0.0663301

-2.42188 0.0663301
-2.40625 0.0676042

-2.40625 0.0676042
-2.39062 0.068862

-2.39062 0.068862
-2.375 0.0701033

-2.375 0.0701033
-2.35938 0.0713279

-2.35938 0.0713279
-2.34375 0.0725356

-2.34375 0.0725357
-2.32812 0.0737264

-2.32812 0.0737264
-2.3125 0.0748999

-2.3125 0.0749
-2.29688 0.076056

-2.29688 0.0760561
-2.28125 0.0771945

-2.28125 0.0771904
-2.26822 0.078125

-2.26855 0.078125
-2.26562 0.0783345

-2.26562 0.0783152
-2.25 0.0794178

-2.25 0.0794178
-2.23438 0.0805021

-2.23438 0.0805021
-2.21875 0.0815679

-2.21875 0.081568
-2.20312 0.0826151

-2.20312 0.0826152
-2.1875 0.0836436

-2.1875 0.0836436
-2.17188 0.0846531

-2.17188 0.0846531
-2.15625 0.0856435

-2.15625 0.0856435
-2.14062 0.0866147

-2.14062 0.0866147
-2.125 0.0875666

-2.125 0.0875666
-2.10938 0.0884991

-2.10938 0.0884991
-2.09375 0.0894121

-2.09375 0.0894121
-2.07812 0.0903055

-2.07812 0.0903056
-2.0625 0.0911794

-2.0625 0.0911794
-2.04688 0.0920335

-2.04688 0.0920335
-2.03125 0.0928677

-2.03125 0.0928677
-2.01562 0.0936819

-2.01562 0.0936779
-2.01421 0.09375

-2.01429 0.09375
-2 0.0944762

-2 0.0944759
-1.98438 0.0952492

-1.98438 0.0952492
-1.96875 0.0960018

-1.96875 0.0960018
-1.95312 0.0967334

-1.95312 0.0967334
-1.9375 0.0974438

-1.9375 0.0974439
-1.92188 0.0981329

0.375 -0.0249977
0.390625 -0.026679

0.390625 -0.0266791
0.40625 -0.0283556

0.4375 -0.0314481
0.435641 -0.03125

0.40625 -0.0283558
0.421875 -0.0300269

0.421875 -0.0300925
0.432734 -0.03125

1.85938 -0.119314
1.875 -0.119131

0.4375 -0.031692
0.453125 -0.0333528

0.453125 -0.0333531
0.46875 -0.0350093

0.46875 -0.0350094
0.484375 -0.0366603

0.484375 -0.0366605
0.5 -0.0383053

0.015625 0.0139874
0.000322184 0.015625

0.015625 0.0139867
0.03125 0.0123091

-1.92188 0.098133
-1.90625 0.0988006

0.03125 0.012309
0.046875 0.0106267

0.046875 0.0106265
0.0625 0.00894017

0.0625 0.00894
0.078125 0.00725026

0.078125 0.00725011
0.09375 0.00555766

0.09375 0.00555748
0.109375 0.00386298

0.109375 0.00386296
0.125 0.00216677

0.125 0.00216626
0.140625 0.000469438

-0.25 0.0415409
-0.234375 0.0399857

-0.234375 0.0399856
-0.21875 0.0384203

-0.21875 0.0384202
-0.203125 0.0368455

-0.203125 0.0368454
-0.1875 0.0352617

-0.1875 0.0352616
-0.171875 0.0336696

-0.171875 0.0336693
-0.15625 0.0320695

-0.140625 0.03054
-0.147524 0.03125

-0.140625 0.0304619
-0.125 0.0288452

-0.15625 0.0319951
-0.149009 0.03125

-0.125 0.028845
-0.109375 0.0272198

-0.109375 0.0272196
-0.09375 0.0255866

-0.09375 0.0255864
-0.078125 0.0239462

-0.078125 0.0239461
-0.0625 0.0222994

-0.0625 0.0222992
-0.046875 0.0206467

-0.046875 0.0206465
-0.03125 0.0189887

-0.03125 0.0189886
-0.015625 0.0173259

-0.015625 0.0173257
0 0.0156586

1.875 -0.119131
1.89062 -0.118915

1.89062 -0.118915
1.90625 -0.118664

1.90625 -0.118664
1.92188 -0.118379

1.92188 -0.118379
1.9375 -0.118059

1.9375 -0.118059
1.95312 -0.117705

1.95312 -0.117705
1.96875 -0.117316

1.96875 -0.117316
1.98438 -0.116891

-1.90625 0.0988006
-1.89062 0.0994466

-1.89062 0.0994466
-1.875 0.100071

0.140625 0.000171456
0.142202 0

-1.875 0.100071
-1.85938 0.100673

-1.85938 0.100673
-1.84375 0.101254

1.98438 -0.116891
2 -0.116432

0.5 -0.0383055
0.515625 -0.0399436

0.515625 -0.0399438
0.53125 -0.0415745

0.53125 -0.0415747
0.546875 -0.0431973

0.546875 -0.0431973
0.5625 -0.0448115

0.5625 -0.044812
0.578125 -0.0464167

0.59375 -0.0479156
0.583561 -0.046875

0.578125 -0.0468322
0.578545 -0.046875

0.59375 -0.048012
0.609375 -0.0496

0.609375 -0.0496001
0.625 -0.0511796

-1.84375 0.101254
-1.82812 0.101812

-1.82812 0.101812
-1.8125 0.102349

0.625 -0.0511798
0.640625 -0.0527502

0.640625 -0.0527504
0.65625 -0.0543111

0.65625 -0.0543112
0.671875 -0.0558615

0.671875 -0.0558617
0.6875 -0.057401

0.75 -0.0633442
0.741151 -0.0625

2 -0.116432
2.01562 -0.115937

2.01562 -0.115937
2.03125 -0.115407

2.03125 -0.115407
2.04688 -0.114841

2.04688 -0.114841
2.0625 -0.11424

0.6875 -0.0574012
0.703125 -0.0589289

-1.8125 0.102349
-1.79688 0.102863

0.703125 -0.058929
0.71875 -0.0604448

2.0625 -0.11424
2.07812 -0.113603

-1.79688 0.102863
-1.78125 0.103355

-1.78125 0.103355
-1.76562 0.103825

0.71875 -0.0604451
0.734375 -0.0619481

2.07812 -0.113603
2.09375 -0.112929

2.09375 -0.112929
2.10938 -0.11222

0.734375 -0.0621293
0.73826 -0.0625

-1.76562 0.103825
-1.75 0.104272

0.75 -0.0634383
0.765625 -0.0649175

0.765625 -0.0649176
0.78125 -0.0663849

0.78125 -0.066385
0.796875 -0.0678399

0.796875 -0.0678401
0.8125 -0.0692821

0.8125 -0.0692823
0.828125 -0.0707109

0.828125 -0.070711
0.84375 -0.0721257

0.84375 -0.0721258
0.859375 -0.0735259

0.859375 -0.073526
0.875 -0.0749111

-1.75 0.104272
-1.73438 0.104697

0.875 -0.0749112
0.890625 -0.0762808

0.890625 -0.0762811
0.90625 -0.0776347

0.921875 -0.0789267
0.912512 -0.078125

0.90625 -0.0777181
0.911002 -0.078125

0.921875 -0.0789722
0.9375 -0.080295

2.10938 -0.11222
2.125 -0.111473

-1.73438 0.104697
-1.71875 0.1051

2.125 -0.111473
2.14062 -0.11069

-1.71875 0.1051
-1.70312 0.10548

0.9375 -0.0802951
0.953125 -0.0816027

-1.70312 0.10548
-1.6875 0.105837

2.14062 -0.11069
2.15625 -0.109869

0.953125 -0.0816028
0.96875 -0.0828947

0.96875 -0.0828949
0.984375 -0.0841707

2.15625 -0.10988
2.16545 -0.109375

2.165 -0.109375
2.17188 -0.108998

2.17188 -0.109012
2.1875 -0.108119

-1.6875 0.105837
-1.67188 0.106172

-1.67188 0.106172
-1.65625 0.106484

-1.65625 0.106484
-1.64062 0.106773

0.984375 -0.0841708
1 -0.0854301

-1.64062 0.106774
-1.625 0.10704

2.1875 -0.108119
2.20312 -0.10719

2.20312 -0.10719
2.21875 -0.106225

-1.625 0.10704
-1.60938 0.107283

-1.60938 0.107283
-1.59375 0.107504

-1.59375 0.107504
-1.57812 0.1077

-1.57812 0.1077
-1.5625 0.107873

1 -0.0854303
1.01562 -0.0866725

1.01562 -0.0866726
1.03125 -0.0878972

2.21875 -0.106225
2.23438 -0.105224

-1.5625 0.107874
-1.54688 0.108023

2.23438 -0.105224
2.25 -0.104186

-1.54688 0.108023
-1.53125 0.108149

2.25 -0.104186
2.26562 -0.10311

2.26562 -0.103111
2.28125 -0.101999

2.28125 -0.101999
2.29688 -0.10085

2.29688 -0.10085
2.3125 -0.0996637

2.3125 -0.0996637
2.32812 -0.0984409

2.32812 -0.0984409
2.34375 -0.0971812

2.34375 -0.0971813
2.35938 -0.0958848

2.35938 -0.0958849
2.375 -0.0945514

-1.53125 0.108149
-1.51562 0.10825

-1.51562 0.10825
-1.5 0.108328

1.03125 -0.0878974
1.04688 -0.089104

1.04688 -0.0891041
1.0625 -0.0902922

1.0625 -0.0902923
1.07812 -0.0914613

2.375 -0.0945737
2.38439 -0.09375

2.38378 -0.09375
2.39062 -0.09315

1.07812 -0.0914614
1.09375 -0.0926109

1.125 -0.0948499
1.10951 -0.09375

1.09375 -0.0926112
1.10938 -0.0937406

2.39062 -0.093181
2.40625 -0.0917748

2.40625 -0.0917747
2.42188 -0.0903326

1.10938 -0.0937431
1.10947 -0.09375

1.125 -0.0948501
1.14062 -0.0959408

2.42188 -0.0903326
2.4375 -0.0888546

2.4375 -0.0888545
2.45312 -0.0873407

2.45312 -0.0873407
2.46875 -0.0857911

1.14062 -0.0959409
1.15625 -0.0970119

1.15625 -0.0970121
1.17188 -0.0980632

1.17188 -0.0980633
1.1875 -0.0990939

2.46875 -0.0857911
2.48438 -0.0842055

2.48438 -0.0842054
2.5 -0.0825838

1.1875 -0.099094
1.20312 -0.100104

1.20312 -0.100104
1.21875 -0.101092

1.21875 -0.101092
1.23438 -0.102059

1.23438 -0.102059
1.25 -0.103004

1.25 -0.103004
1.26562 -0.103926

1.26562 -0.103926
1.28125 -0.104825

1.28125 -0.104825
1.29688 -0.1057

2.5 -0.0825838
2.51562 -0.0809263

2.51562 -0.0809262
2.53125 -0.0792332

1.29688 -0.1057
1.3125 -0.106552

1.3125 -0.106552
1.32812 -0.107379

1.32812 -0.107379
1.34375 -0.108182

2.53125 -0.079254
2.54146 -0.078125

2.54093 -0.078125
2.54688 -0.077468

1.34375 -0.108182
1.35938 -0.10896

1.375 -0.109692
1.36842 -0.109375

1.35938 -0.108976
1.36767 -0.109375

2.54688 -0.0775045
2.5625 -0.0757418

1.375 -0.109712
1.39062 -0.110439

2.5625 -0.0757418
2.57812 -0.073945

2.57812 -0.073945
2.59375 -0.0721142

1.39062 -0.110439
1.40625 -0.111141

1.40625 -0.111141
1.42188 -0.111819

1.42188 -0.111819
1.4375 -0.112471

2.59375 -0.0721141
2.60938 -0.0702494

2.60938 -0.0702494
2.625 -0.0683509

1.4375 -0.112471
1.45312 -0.113097

2.625 -0.0683508
2.64062 -0.0664188

2.64062 -0.0664188
2.65625 -0.0644535

1.45312 -0.113097
1.46875 -0.113697

1.46875 -0.113697
1.48438 -0.11427

1.48438 -0.11427
1.5 -0.114816

2.65625 -0.0644536
2.67152 -0.0625

2.67188 -0.0626134
2.67275 -0.0625

2.67148 -0.0625
2.67188 -0.0624498

2.67188 -0.0624514
2.6875 -0.0604201

2.6875 -0.0604232
2.70312 -0.0583599

2.70312 -0.0583598
2.71875 -0.0562649

2.71875 -0.0562648
2.73438 -0.0541388

2.73438 -0.0541388
2.75 -0.0519819

2.75 -0.0519817
2.76562 -0.0497941

2.76562 -0.0497942
2.78125 -0.0475759

2.78125 -0.0477284
2.78718 -0.046875

2.7856 -0.046875
2.79688 -0.0452519

2.79688 -0.0453266
2.8125 -0.0430475

2.8125 -0.0430474
2.82812 -0.0407387

2.82812 -0.0407386
2.84375 -0.0384009

2.84375 -0.0384008
2.85938 -0.0360348

2.85938 -0.0360347
2.875 -0.0336406

2.875 -0.0336405
2.89042 -0.03125

2.89062 -0.0313529
2.89128 -0.03125

2.8904 -0.03125
2.89062 -0.0312153

2.89062 -0.0312164
2.90625 -0.0287678

2.90625 -0.02877
2.92188 -0.0262947

2.92188 -0.0262946
2.9375 -0.0237929

2.9375 -0.0237928
2.95312 -0.0212652

2.95312 -0.0212655
2.96875 -0.0187117

2.96875 -0.0187125
2.98438 -0.0161301

2.98438 -0.0163112
2.98848 -0.015625

2.98709 -0.015625
3 -0.0134674

3 -0.0135312
3.03125 -0.00820155

3.03125 -0.00713241
3.0625 -0.00379391

3.0625 -0.00485469
3.125 -0.00219354

3.125 -0.00336676
3.25 -0.00126966

3.25 -0.00204724
3.5 -0.000459306

3.5 -0.00145389
3.83138 0

3.91406 0
4 0.000190629

