-3.97974 0
-3.5 0.0019966

-3.5 0.000988506
-3.25 0.00243356

-3.25 0.00211088
-3.125 0.0039308

-3.125 0.00333173
-3.0625 0.00517842

-3.0625 0.00450384
-3.03125 0.00655097

-3.03125 0.00720049
-3 0.0104215

1.5 -0.0449917
1.51562 -0.0452145

1.51562 -0.0452145
1.53125 -0.0454316

1.53125 -0.0454317
1.54688 -0.0456431

1.54688 -0.0456431
1.5625 -0.0458488

1.5625 -0.0458488
1.57812 -0.0460488

1.57812 -0.0460488
1.59375 -0.046243

1.59375 -0.0462431
1.60938 -0.0464315

1.60938 -0.0464316
1.625 -0.046614

1.625 -0.0466141
1.64062 -0.0467901

1.65625 -0.0469599
1.6484 -0.046875

1.64062 -0.04679
1.64848 -0.046875

1.65625 -0.0469595
1.67188 -0.0471211

-3 0.0104134
-2.98438 0.0119771

-2.98438 0.011979
-2.96875 0.0135084

-2.96875 0.0135082
-2.95312 0.0149997

-2.95312 0.0150295
-2.94673 0.015625

-2.94616 0.015625
-2.9375 0.0164314

1.67188 -0.0471211
1.6875 -0.0472752

-2.9375 0.0164535
-2.92188 0.0178709

1.6875 -0.0472753
1.70312 -0.0474218

1.70312 -0.0474219
1.71875 -0.0475607

1.71875 -0.0475608
1.73438 -0.0476918

1.73438 -0.0476918
1.75 -0.0478148

-2.92188 0.0178708
-2.90625 0.0192522

-2.90625 0.019252
-2.89062 0.0205978

-2.89062 0.0205977
-2.875 0.0219087

-2.875 0.0219085
-2.85938 0.0231852

-2.85938 0.023185
-2.84375 0.024428

-2.84375 0.0244278
-2.82812 0.0256376

-2.82812 0.0256375
-2.8125 0.0268149

1.75 -0.0478148
1.76562 -0.0479297

1.76562 -0.0479297
1.78125 -0.0480362

1.78125 -0.0480363
1.79688 -0.0481343

1.79688 -0.0481343
1.8125 -0.0482237

-2.8125 0.0268147
-2.79688 0.0279603

-2.79688 0.0279602
-2.78125 0.0290746

-2.78125 0.0290745
-2.76562 0.0301582

-2.76562 0.0301581
-2.75 0.0312117

-2.75 0.0312243
-2.74961 0.03125

-2.74941 0.03125
-2.73438 0.032235

-2.73438 0.0322353
-2.71875 0.0332297

-2.71875 0.0332296
-2.70312 0.0341951

-1.5 0.0481446
-1.48438 0.0477848

-1.48438 0.0477847
-1.46875 0.0474163

-1.46875 0.0474162
-1.45312 0.0470395

-1.4375 0.0466539
-1.44647 0.046875

-1.45312 0.0470401
-1.44643 0.046875

-1.4375 0.0466543
-1.42188 0.0462613

-1.42188 0.0462613
-1.40625 0.0458605

-1.40625 0.0458605
-1.39062 0.0454522

-1.39062 0.0454522
-1.375 0.0450364

-1.375 0.0450364
-1.35938 0.0446133

-1.35938 0.0446133
-1.34375 0.0441831

-2.70312 0.034195
-2.6875 0.0351321

-2.6875 0.035132
-2.67188 0.0360411

-2.67188 0.036041
-2.65625 0.0369227

-2.65625 0.0369226
-2.64062 0.0377774

-2.64062 0.0377773
-2.625 0.0386055

-2.625 0.0386053
-2.60938 0.0394074

-2.60938 0.0394073
-2.59375 0.0401836

-2.59375 0.0401835
-2.57812 0.0409344

-2.57812 0.0409343
-2.5625 0.0416602

-2.5625 0.0416601
-2.54688 0.0423615

-2.54688 0.0423613
-2.53125 0.0430385

-2.53125 0.0430384
-2.51562 0.0436917

-2.51562 0.0436916
-2.5 0.0443216

-2.5 0.0443215
-2.48438 0.0449286

-2.48438 0.0449285
-2.46875 0.045513

-2.46875 0.0455129
-2.45312 0.0460752

0 -0.00541943
0.015625 -0.00598636

-1.34375 0.044183
-1.32812 0.0437458

0.015625 -0.00598637
0.03125 -0.00655038

0.03125 -0.00655039
0.046875 -0.00711141

0.046875 -0.00711142
0.0625 -0.00766941

0.0625 -0.00766941
0.078125 -0.00822435

0.078125 -0.00822434
0.09375 -0.00877624

0.09375 -0.00877624
0.109375 -0.00932513

-1.32812 0.0437458
-1.3125 0.0433017

-1.3125 0.0433017
-1.29688 0.042851

-1.29688 0.0428509
-1.28125 0.0423936

-1.28125 0.0423936
-1.26562 0.0419298

-1.26562 0.0419297
-1.25 0.0414596

-1.25 0.0414596
-1.23438 0.0409832

-1.23438 0.0409831
-1.21875 0.0405005

1.8125 -0.0482237
1.82812 -0.0483043

-1.21875 0.0405005
-1.20312 0.0400118

-1.20312 0.0400118
-1.1875 0.0395169

-1.1875 0.0395169
-1.17188 0.0390161

-1.17188 0.0390161
-1.15625 0.0385093

0.109375 -0.00932513
0.125 -0.009871

1.82812 -0.0483043
1.84375 -0.0483759

0.125 -0.009871
0.140625 -0.0104139

0.140625 -0.0104138
0.15625 -0.0109537

0.15625 -0.0109537
0.171875 -0.0114905

0.171875 -0.0114905
0.1875 -0.0120243

0.1875 -0.0120243
0.203125 -0.0125552

0.203125 -0.0125552
0.21875 -0.013083

0.21875 -0.013083
0.234375 -0.013608

0.234375 -0.013608
0.25 -0.01413

-2.45312 0.0460751
-2.4375 0.0466154

-2.4375 0.0466166
-2.42972 0.046875

-2.42964 0.046875
-2.42188 0.0471328

-2.42188 0.047134
-2.40625 0.0476313

-2.40625 0.0476312
-2.39062 0.0481073

-2.39062 0.0481073
-2.375 0.0485624

-2.375 0.0485623
-2.35938 0.0489967

-2.35938 0.0489966
-2.34375 0.0494105

-2.34375 0.0494104
-2.32812 0.0498041

-2.32812 0.049804
-2.3125 0.0501779

-2.3125 0.0501778
-2.29688 0.0505321

-2.29688 0.050532
-2.28125 0.0508671

-2.28125 0.0508671
-2.26562 0.0511833

-2.26562 0.0511832
-2.25 0.0514808

0.25 -0.01413
0.265625 -0.0146492

0.265625 -0.0146492
0.28125 -0.0151654

0.296875 -0.0156852
0.295044 -0.015625

0.28125 -0.0151646
0.295261 -0.015625

0.296875 -0.015679
0.3125 -0.016189

0.3125 -0.0161889
0.328125 -0.0166952

1.84375 -0.0483759
1.85938 -0.0484383

1.85938 -0.0484383
1.875 -0.0484913

1.875 -0.0484914
1.89062 -0.0485347

1.89062 -0.0485348
1.90625 -0.0485684

1.90625 -0.0485685
1.92188 -0.048592

1.92188 -0.0485921
1.9375 -0.0486054

-2.25 0.0514808
-2.23438 0.0517601

-2.23438 0.0517601
-2.21875 0.0520215

-2.21875 0.0520214
-2.20312 0.052265

-1.15625 0.0385093
-1.14062 0.0379966

-1.14062 0.0379966
-1.125 0.0374779

0.328125 -0.0166952
0.34375 -0.017198

-1.125 0.0374779
-1.10938 0.0369534

-1.10938 0.0369534
-1.09375 0.0364231

-1.09375 0.0364231
-1.07812 0.0358871

1.9375 -0.0486055
1.95312 -0.0486083

-1.07812 0.0358871
-1.0625 0.0353455

1.95312 -0.0486083
1.96875 -0.0486003

-1.0625 0.0353455
-1.04688 0.0347985

0.34375 -0.017198
0.359375 -0.0176972

1.96875 -0.0486004
1.98438 -0.0485814

0.359375 -0.0176972
0.375 -0.0181929

-2.20312 0.052265
-2.1875 0.0524911

0.375 -0.0181929
0.390625 -0.0186852

0.390625 -0.0186852
0.40625 -0.0191739

0.40625 -0.0191739
0.421875 -0.0196593

-2.1875 0.052491
-2.17188 0.0526999

-2.17188 0.0526998
-2.15625 0.0528916

-2.15625 0.0528916
-2.14062 0.0530664

-2.14062 0.0530664
-2.125 0.0532246

-1.04688 0.0347985
-1.03125 0.0342462

-2.125 0.0532245
-2.10938 0.0533662

0.421875 -0.0196593
0.4375 -0.0201413

-1.03125 0.0342461
-1.01562 0.0336886

-1.01562 0.0336886
-1 0.033126

-2.10938 0.0533661
-2.09375 0.0534914

0.4375 -0.0201412
0.453125 -0.0206199

1.98438 -0.0485815
2 -0.0485511

0.453125 -0.0206199
0.46875 -0.0210953

0.46875 -0.0210953
0.484375 -0.0215674

2 -0.0485512
2.01562 -0.0485092

-2.09375 0.0534914
-2.07812 0.0536005

-2.07812 0.0536004
-2.0625 0.0536935

0.484375 -0.0215674
0.5 -0.0220364

-2.0625 0.0536935
-2.04688 0.0537708

-2.04688 0.0537707
-2.03125 0.0538324

2.01562 -0.0485093
2.03125 -0.0484554

-2.03125 0.0538324
-2.01562 0.0538788

2.03125 -0.0484555
2.04688 -0.0483895

-1 0.033126
-0.984375 0.0325585

-0.984375 0.0325584
-0.96875 0.0319864

-0.9375 0.0308287
-0.94884 0.03125

-0.96875 0.0319864
-0.953125 0.03141

-2.01562 0.0538787
-2 0.0539101

0.5 -0.0220364
0.515625 -0.0225022

2.04688 -0.0483895
2.0625 -0.0483111

2.0625 -0.0483112
2.07812 -0.04822

2.07812 -0.0482201
2.09375 -0.0481159

-0.953125 0.0314117
-0.948773 0.03125

0.515625 -0.0225022
0.53125 -0.022965

0.53125 -0.022965
0.546875 -0.0234248

0.546875 -0.0234248
0.5625 -0.0238816

0.5625 -0.0238816
0.578125 -0.0243355

0.578125 -0.0243355
0.59375 -0.0247865

0.59375 -0.0247865
0.609375 -0.0252346

0.609375 -0.0252346
0.625 -0.0256799

-2 0.05391
-1.98438 0.0539266

-0.9375 0.0308293
-0.921875 0.0302451

-0.921875 0.030245
-0.90625 0.0296575

-0.90625 0.0296575
-0.890625 0.029067

-0.890625 0.0290669
-0.875 0.0284737

-1.98438 0.0539265
-1.96875 0.0539286

-0.875 0.0284736
-0.859375 0.0278778

-1.96875 0.0539285
-1.95312 0.0539164

2.09375 -0.048116
2.10938 -0.0479986

-1.95312 0.0539163
-1.9375 0.0538902

2.10938 -0.0479987
2.125 -0.0478678

0.625 -0.0256799
0.640625 -0.0261224

2.125 -0.0478679
2.14062 -0.0477232

2.14062 -0.0477233
2.15625 -0.0475646

-1.9375 0.0538901
-1.92188 0.0538502

2.15625 -0.0475646
2.17188 -0.0473916

-1.92188 0.0538501
-1.90625 0.0537966

-1.90625 0.0537966
-1.89062 0.0537297

-0.859375 0.0278777
-0.84375 0.0272794

0.640625 -0.0261224
0.65625 -0.0265622

0.65625 -0.0265622
0.671875 -0.0269992

0.671875 -0.0269992
0.6875 -0.0274334

0.6875 -0.0274334
0.703125 -0.0278648

0.703125 -0.0278648
0.71875 -0.0282936

-1.89062 0.0537297
-1.875 0.0536496

2.17188 -0.0473917
2.1875 -0.0472041

-1.875 0.0536496
-1.85938 0.0535565

-1.85938 0.0535565
-1.84375 0.0534505

0.71875 -0.0282936
0.734375 -0.0287195

-1.84375 0.0534505
-1.82812 0.0533318

-1.82812 0.0533318
-1.8125 0.0532005

-1.8125 0.0532005
-1.79688 0.0530568

0.734375 -0.0287195
0.75 -0.0291428

-0.84375 0.0272794
-0.828125 0.0266789

2.1875 -0.0472042
2.20312 -0.0470016

2.20312 -0.047001
2.21217 -0.046875

-0.828125 0.0266788
-0.8125 0.0260763

0.75 -0.0291428
0.765625 -0.0295633

2.21228 -0.046875
2.21875 -0.0467849

0.765625 -0.0295633
0.78125 -0.0299809

-0.8125 0.0260763
-0.796875 0.0254719

-1.79688 0.0530567
-1.78125 0.0529007

-1.78125 0.0529007
-1.76562 0.0527325

-0.796875 0.0254719
-0.78125 0.0248659

-0.78125 0.0248658
-0.765625 0.0242583

-0.765625 0.0242583
-0.75 0.0236494

2.21875 -0.0467842
2.23438 -0.0465511

-0.75 0.0236493
-0.734375 0.0230391

0.78125 -0.0299809
0.796875 -0.0303958

-1.76562 0.0527324
-1.75 0.0525521

0.796875 -0.0303958
0.8125 -0.0308078

-0.734375 0.0230391
-0.71875 0.0224277

0.84375 -0.0316234
0.829362 -0.03125

-1.75 0.0525521
-1.73438 0.0523598

0.8125 -0.0308078
0.828125 -0.0312168

-0.71875 0.0224277
-0.703125 0.0218153

0.828125 -0.0312099
0.829672 -0.03125

-0.703125 0.0218152
-0.6875 0.0212019

0.84375 -0.0316225
0.859375 -0.032024

2.23438 -0.0465512
2.25 -0.0463018

0.859375 -0.032024
0.875 -0.0324218

2.25 -0.0463019
2.26562 -0.0460359

2.26562 -0.046036
2.28125 -0.045753

-0.6875 0.0212019
-0.671875 0.0205878

0.875 -0.0324218
0.890625 -0.0328159

-0.671875 0.0205878
-0.65625 0.0199729

0.890625 -0.0328159
0.90625 -0.0332062

-0.65625 0.0199729
-0.640625 0.0193574

0.90625 -0.0332062
0.921875 -0.0335926

-0.640625 0.0193574
-0.625 0.0187413

0.921875 -0.0335926
0.9375 -0.0339752

2.28125 -0.0457531
2.29688 -0.0454527

-0.625 0.0187413
-0.609375 0.0181247

-0.609375 0.0181247
-0.59375 0.0175075

-0.59375 0.0175075
-0.578125 0.0168899

-0.578125 0.0168899
-0.5625 0.0162717

2.29688 -0.0454528
2.3125 -0.0451346

2.3125 -0.0451346
2.32812 -0.0447983

-1.73438 0.0523598
-1.71875 0.0521556

-1.71875 0.0521556
-1.70312 0.0519396

-1.70312 0.0519396
-1.6875 0.0517121

0.9375 -0.0339752
0.953125 -0.0343539

-0.5625 0.0162716
-0.546875 0.0156529

-0.53125 0.015034
-0.546173 0.015625

-0.546875 0.0156538
-0.546148 0.015625

-0.53125 0.0150339
-0.515625 0.0144154

-0.515625 0.0144154
-0.5 0.0137975

0.953125 -0.0343539
0.96875 -0.0347286

0.96875 -0.0347286
0.984375 -0.0350992

0.984375 -0.0350992
1 -0.0354658

2.32812 -0.0447984
2.34375 -0.0444435

2.34375 -0.0444436
2.35938 -0.04407

-1.6875 0.051712
-1.67188 0.051473

-1.67188 0.0514729
-1.65625 0.0512225

2.35938 -0.04407
2.375 -0.0436774

-0.140625 -0.000209531
-0.146134 0

-0.140625 -0.000189576
-0.125 -0.000781631

-1.65625 0.0512225
-1.64062 0.050961

-0.125 -0.000781505
-0.109375 -0.00137082

2.375 -0.0436774
2.39062 -0.0432655

2.39062 -0.0432655
2.40625 -0.0428341

1 -0.0354658
1.01562 -0.0358284

1.01562 -0.0358284
1.03125 -0.0361868

1.03125 -0.0361868
1.04688 -0.0365411

1.04688 -0.0365411
1.0625 -0.0368913

-1.64062 0.0509609
-1.625 0.0506885

1.0625 -0.0368913
1.07812 -0.0372372

1.07812 -0.0372372
1.09375 -0.037579

1.09375 -0.037579
1.10938 -0.0379166

1.10938 -0.0379166
1.125 -0.0382501

-1.625 0.0506885
-1.60938 0.0504054

-1.60938 0.0504053
-1.59375 0.0501117

1.125 -0.0382501
1.14062 -0.0385794

-0.109375 -0.00137087
-0.09375 -0.00195759

-0.09375 -0.00195759
-0.078125 -0.00254158

-0.078125 -0.0025416
-0.0625 -0.00312282

-0.0625 -0.00312283
-0.046875 -0.00370126

-0.046875 -0.00370127
-0.03125 -0.00427686

-0.03125 -0.00427687
-0.015625 -0.00484959

-0.015625 -0.0048496
0 -0.00541943

-0.5 0.0137974
-0.484375 0.0131799

-1.59375 0.0501117
-1.57812 0.0498079

-0.484375 0.0131799
-0.46875 0.0125629

-0.46875 0.0125629
-0.453125 0.0119465

-0.453125 0.0119465
-0.4375 0.0113306

-0.4375 0.0113306
-0.421875 0.0107153

-0.421875 0.0107153
-0.40625 0.0101006

-1.57812 0.0498079
-1.5625 0.0494942

-0.40625 0.0101006
-0.390625 0.00948669

-1.5625 0.0494941
-1.54688 0.0491707

-1.54688 0.0491707
-1.53125 0.0488378

-1.53125 0.0488378
-1.51562 0.0484957

1.14062 -0.0385794
1.15625 -0.0389047

1.15625 -0.0389047
1.17188 -0.0392258

1.17188 -0.0392258
1.1875 -0.0395429

1.1875 -0.0395429
1.20312 -0.0398558

1.20312 -0.0398558
1.21875 -0.0401647

1.21875 -0.0401647
1.23438 -0.0404695

1.23438 -0.0404695
1.25 -0.0407702

-0.390625 0.00948668
-0.375 0.00887354

1.25 -0.0407702
1.26562 -0.0410669

2.40625 -0.0428342
2.42188 -0.0423828

-0.375 0.00887353
-0.359375 0.00826122

-0.359375 0.00826121
-0.34375 0.00764975

-0.34375 0.00764973
-0.328125 0.00703916

-0.328125 0.00703914
-0.3125 0.00642957

-1.51562 0.0484957
-1.5 0.0481446

1.26562 -0.0410669
1.28125 -0.0413594

1.28125 -0.0413594
1.29688 -0.0416477

2.42188 -0.0423829
2.4375 -0.0419113

1.29688 -0.0416478
1.3125 -0.0419319

2.4375 -0.0419114
2.45312 -0.0414192

2.45312 -0.0414193
2.46875 -0.0409061

2.46875 -0.0409062
2.48438 -0.0403716

2.48438 -0.0403717
2.5 -0.0398155

1.3125 -0.0419319
1.32812 -0.0422119

1.32812 -0.0422119
1.34375 -0.0424875

2.5 -0.0398156
2.51562 -0.0392372

2.51562 -0.0392373
2.53125 -0.0386363

2.53125 -0.0386364
2.54688 -0.0380125

2.54688 -0.0380126
2.5625 -0.0373654

1.34375 -0.0424875
1.35938 -0.0427588

-0.3125 0.00642954
-0.296875 0.00582109

1.35938 -0.0427588
1.375 -0.0430257

2.5625 -0.0373655
2.57812 -0.0366945

1.375 -0.0430257
1.39062 -0.0432881

2.57812 -0.0366945
2.59375 -0.0359994

1.39062 -0.0432881
1.40625 -0.0435459

1.40625 -0.0435459
1.42188 -0.0437991

1.42188 -0.0437991
1.4375 -0.0440475

1.4375 -0.0440476
1.45312 -0.0442912

1.45312 -0.0442912
1.46875 -0.0445298

1.46875 -0.0445299
1.48438 -0.0447634

1.48438 -0.0447634
1.5 -0.0449917

2.59375 -0.0359995
2.60938 -0.0352799

2.60938 -0.0352799
2.625 -0.0345354

-0.296875 0.00582108
-0.28125 0.00521383

-0.28125 0.00521381
-0.265625 0.0046078

-0.265625 0.00460779
-0.25 0.00400308

2.625 -0.0345355
2.64062 -0.0337658

2.64062 -0.0337658
2.65625 -0.0329705

2.65625 -0.0329706
2.67188 -0.0321494

2.67188 -0.0321494
2.6875 -0.0313018

-0.25 0.00400306
-0.234375 0.00339972

-0.234375 0.00339971
-0.21875 0.00279779

-0.21875 0.00279778
-0.203125 0.00219731

-0.203125 0.0021973
-0.1875 0.00159832

-0.1875 0.00159831
-0.171875 0.00100088

-0.171875 0.00100085
-0.15625 0.000405031

-0.15625 0.000414976
-0.145339 0

2.6875 -0.0313
2.68839 -0.03125

2.68843 -0.03125
2.70312 -0.0304275

2.70312 -0.0304275
2.71875 -0.0295252

2.71875 -0.0295254
2.73438 -0.0285949

2.73438 -0.0285949
2.75 -0.0276358

2.75 -0.0276359
2.76562 -0.0266478

2.76562 -0.0266478
2.78125 -0.0256304

2.78125 -0.0256305
2.79688 -0.0245838

2.79688 -0.0245839
2.8125 -0.0235078

2.8125 -0.0235079
2.82812 -0.0224017

2.82812 -0.0224018
2.84375 -0.021265

2.84375 -0.0212651
2.85938 -0.0200973

2.85938 -0.0200973
2.875 -0.018898

2.875 -0.0188981
2.89062 -0.017667

2.89062 -0.017667
2.90625 -0.0164038

2.90625 -0.0163755
2.9153 -0.015625

2.91617 -0.015625
2.92188 -0.0151523

2.92188 -0.0151086
2.9375 -0.0137804

2.9375 -0.0137805
2.95312 -0.0124189

2.95312 -0.0124186
2.96875 -0.011024

2.96875 -0.0110233
2.98438 -0.00959774

2.98438 -0.00959519
3 -0.00814501

3 -0.00813651
3.03125 -0.0052312

3.03125 -0.00472046
3.0625 -0.00283892

3.0625 -0.0033097
3.125 -0.00175402

3.125 -0.00244558
3.25 -0.00114494

3.25 -0.00154793
3.5 -0.000478331

3.5 -0.00108544
3.85141 0

