-4 -0.00992754
-3.77877 0

-3.69094 0
-3.5 0.00856814

-3.5 0.00576868
-3.25 0.0376037

-3.25 0.0447606
-3.125 0.0685519

-3.125 0.0736285
-3.0625 0.0809175

-3.0625 0.0799271
-3.03125 0.0780638

-3.03125 0.0778136
-3.01562 0.0755713

-3.01562 0.0755202
-3 0.0725698

1.5 -0.00721562
1.50781 -0.00722333

1.50781 -0.00722333
1.51562 -0.00723117

1.51562 -0.00723116
1.52344 -0.00723915

1.52344 -0.00723915
1.53125 -0.0072473

1.53125 -0.00724729
1.53906 -0.00725562

1.53906 -0.00725562
1.54688 -0.00726414

1.54688 -0.00726413
1.55469 -0.00727286

1.55469 -0.00727285
1.5625 -0.00728179

1.5625 -0.00728179
1.57031 -0.00729095

1.57031 -0.00729095
1.57812 -0.00730033

1.57812 -0.00730033
1.58594 -0.00730994

1.58594 -0.00730994
1.59375 -0.00731979

1.59375 -0.00731979
1.60156 -0.00732986

1.60156 -0.00732986
1.60938 -0.00734016

1.60938 -0.00734016
1.61719 -0.00735068

1.61719 -0.00735068
1.625 -0.0073614

1.625 -0.00736141
1.63281 -0.00737233

1.63281 -0.00737234
1.64062 -0.00738345

1.64062 -0.00738346
1.64844 -0.00739475

1.64844 -0.00739476
1.65625 -0.00740622

1.65625 -0.00740622
1.66406 -0.00741784

1.66406 -0.00741784
1.67188 -0.00742959

1.67188 -0.0074296
1.67969 -0.00744148

1.67969 -0.00744148
1.6875 -0.00745348

1.6875 -0.00745349
1.69531 -0.00746559

1.69531 -0.00746559
1.70312 -0.00747779

1.70312 -0.00747779
1.71094 -0.00749008

1.71094 -0.00749008
1.71875 -0.00750246

1.71875 -0.00750246
1.72656 -0.0075149

1.72656 -0.00751491
1.73438 -0.00752743

1.73438 -0.00752743
1.74219 -0.00754003

1.74219 -0.00754003
1.75 -0.00755271

1.75 -0.00755271
1.75781 -0.00756548

1.75781 -0.00756547
1.76562 -0.00757833

1.76562 -0.00757833
1.77344 -0.00759128

1.77344 -0.00759128
1.78125 -0.00760434

1.78125 -0.00760434
1.78906 -0.00761752

1.78906 -0.00761752
1.79688 -0.00763083

1.79688 -0.00763083
1.80469 -0.00764429

1.80469 -0.00764429
1.8125 -0.00765791

1.8125 -0.00765791
1.82031 -0.0076717

1.82031 -0.0076717
1.82812 -0.00768568

1.82812 -0.00768568
1.83594 -0.00769987

1.83594 -0.00769986
1.84375 -0.00771427

1.84375 -0.00771426
1.85156 -0.0077289

1.85156 -0.00772889
1.85938 -0.00774377

1.85938 -0.00774376
1.86719 -0.00775889

1.86719 -0.00775889
1.875 -0.00777428

1.875 -0.00777428
1.88281 -0.00778994

1.88281 -0.00778994
1.89062 -0.00780588

1.89844 -0.00782214
1.8938 -0.0078125

1.89062 -0.00780586
1.89382 -0.0078125

1.89844 -0.00782212
1.90625 -0.00783866

1.90625 -0.00783866
1.91406 -0.00785551

1.91406 -0.00785551
1.92188 -0.00787267

1.92188 -0.00787267
1.92969 -0.00789016

1.92969 -0.00789016
1.9375 -0.00790798

1.9375 -0.00790798
1.94531 -0.00792614

1.94531 -0.00792613
1.95312 -0.00794465

1.95312 -0.00794464
1.96094 -0.00796352

1.96094 -0.00796351
1.96875 -0.00798276

1.96875 -0.00798276
1.97656 -0.0080024

1.97656 -0.00800239
1.98438 -0.00802244

1.98438 -0.00802243
1.99219 -0.00804289

1.99219 -0.00804289
2 -0.00806379

-2.94531 0.061313
-2.95156 0.0625

-2.94531 0.0613131
-2.9375 0.0598637

-3 0.0724763
-2.99219 0.0707962

-2.98438 0.0691764
-2.98969 0.0703125

-2.99219 0.0705769
-2.99095 0.0703125

-2.98438 0.0691116
-2.97656 0.0674763

-2.97656 0.0674754
-2.96875 0.0658779

-2.96875 0.0658785
-2.96094 0.0643195

-2.96094 0.0643195
-2.95312 0.0627978

-2.95312 0.0627982
-2.95156 0.0625

-2.9375 0.059864
-2.92969 0.0584495

-2.92969 0.0584497
-2.92188 0.0570691

-2.92188 0.0570694
-2.91406 0.0557219

-2.90625 0.0544071
-2.90792 0.0546875

-2.91406 0.0557219
-2.90792 0.0546875

-2.90625 0.0544069
-2.89844 0.053123

-2.89844 0.0531232
-2.89062 0.05187

-2.89062 0.0518703
-2.88281 0.050647

-2.88281 0.0506472
-2.875 0.0494531

-2.875 0.0494533
-2.86719 0.0482876

-2.86719 0.0482878
-2.85938 0.0471497

-2.85156 0.0460386
-2.85744 0.046875

-2.85156 0.0460388
-2.84375 0.0449541

-2.85938 0.0471501
-2.85744 0.046875

-2.84375 0.0449542
-2.83594 0.0438952

-2.83594 0.0438953
-2.82812 0.0428614

-2.82812 0.0428616
-2.82031 0.041852

-2.82031 0.0418522
-2.8125 0.0408664

-2.8125 0.0408666
-2.80469 0.0399039

-2.79688 0.0389641
-2.79769 0.0390625

-2.80469 0.0399041
-2.79769 0.0390625

-2.79688 0.0389641
-2.78906 0.0380461

-2.78906 0.0380462
-2.78125 0.0371498

-2.78125 0.0371499
-2.77344 0.0362745

-2.77344 0.0362747
-2.76562 0.0354198

-2.76562 0.03542
-2.75781 0.0345852

-2.75781 0.0345853
-2.75 0.03377

-2.71875 0.0306942
-2.7246 0.03125

-2.75 0.0337701
-2.74219 0.0329737

-2.74219 0.0329738
-2.73438 0.032196

-2.73438 0.0321961
-2.72656 0.0314362

-2.72656 0.0314359
-2.72461 0.03125

-2.71875 0.0306942
-2.71094 0.0299691

-2.71094 0.0299692
-2.70312 0.029261

-2.70312 0.0292611
-2.69531 0.0285693

-2.69531 0.0285694
-2.6875 0.0278936

-2.6875 0.0278937
-2.67969 0.0272336

-2.67969 0.0272337
-2.67188 0.0265889

-2.67188 0.026589
-2.66406 0.025959

-2.66406 0.0259591
-2.65625 0.0253436

-2.65625 0.0253437
-2.64844 0.0247424

-2.64844 0.0247424
-2.64062 0.0241548

-2.64062 0.0241549
-2.63281 0.0235807

-2.625 0.0230197
-2.63082 0.0234375

-2.63281 0.0235802
-2.63083 0.0234375

-2.625 0.0230196
-2.61719 0.0224712

-2.61719 0.0224713
-2.60938 0.0219353

-2.60938 0.0219354
-2.60156 0.0214117

-2.60156 0.0214118
-2.59375 0.0209

-2.59375 0.0209001
-2.58594 0.0204

-2.58594 0.0204001
-2.57812 0.0199114

0 -0.00596189
0.0078125 -0.00597194

0.0078125 -0.00597194
0.015625 -0.00598218

-2.57812 0.0199115
-2.57031 0.0194339

-2.57031 0.019434
-2.5625 0.0189673

0.015625 -0.00598218
0.0234375 -0.00599257

0.0234375 -0.00599258
0.03125 -0.00600309

0.03125 -0.0060031
0.0390625 -0.0060137

0.0390625 -0.00601371
0.046875 -0.00602436

0.046875 -0.00602437
0.0546875 -0.00603505

-1 -0.00462054
-0.992188 -0.00465417

-0.992188 -0.00465417
-0.984375 -0.00468763

-0.984375 -0.00468763
-0.976562 -0.00472091

-0.976562 -0.0047209
-0.96875 -0.00475402

-2.5625 0.0189674
-2.55469 0.0185113

-2.55469 0.0185113
-2.54688 0.0180656

0.0546875 -0.00603506
0.0625 -0.00604573

-0.96875 -0.00475402
-0.960938 -0.00478698

-0.960938 -0.00478698
-0.953125 -0.00481979

-2.54688 0.0180657
-2.53906 0.0176301

-2.53906 0.0176302
-2.53125 0.0172045

0.0625 -0.00604574
0.0703125 -0.00605636

0.0703125 -0.00605637
0.078125 -0.00606692

0.078125 -0.00606693
0.0859375 -0.00607737

0.0859375 -0.00607738
0.09375 -0.00608769

-2.53125 0.0172045
-2.52344 0.0167885

-2.52344 0.0167886
-2.51562 0.016382

-2.5 0.0155965
-2.50057 0.015625

-2.51562 0.016382
-2.50781 0.0159847

-2.50781 0.0159847
-2.50058 0.015625

-0.953125 -0.00481979
-0.945312 -0.00485245

-0.945312 -0.00485246
-0.9375 -0.00488496

0.09375 -0.00608769
0.101562 -0.00609783

0.101562 -0.00609784
0.109375 -0.00610777

-0.9375 -0.00488497
-0.929688 -0.0049173

-0.929688 -0.00491731
-0.921875 -0.00494943

-0.921875 -0.00494944
-0.914062 -0.00498133

0.109375 -0.00610778
0.117188 -0.00611749

0.117188 -0.0061175
0.125 -0.00612695

-0.914062 -0.00498134
-0.90625 -0.00501295

-0.90625 -0.00501296
-0.898438 -0.00504425

-0.898438 -0.00504426
-0.890625 -0.00507519

-0.890625 -0.00507519
-0.882812 -0.00510574

-0.882812 -0.00510574
-0.875 -0.00513587

0.125 -0.00612696
0.132812 -0.00613613

0.132812 -0.00613613
0.140625 -0.006145

0.140625 -0.006145
0.148438 -0.00615353

0.148438 -0.00615354
0.15625 -0.00616171

0.15625 -0.00616171
0.164062 -0.00616951

0.164062 -0.00616952
0.171875 -0.00617692

0.171875 -0.00617693
0.179688 -0.00618392

0.179688 -0.00618393
0.1875 -0.0061905

-0.875 -0.00513587
-0.867188 -0.00516558

0.1875 -0.0061905
0.195312 -0.00619664

0.195312 -0.00619664
0.203125 -0.00620233

0.203125 -0.00620233
0.210938 -0.00620756

0.210938 -0.00620756
0.21875 -0.00621233

0.21875 -0.00621233
0.226562 -0.00621664

0.226562 -0.00621664
0.234375 -0.00622047

0.234375 -0.00622047
0.242188 -0.00622384

0.242188 -0.00622384
0.25 -0.00622675

-0.867188 -0.00516558
-0.859375 -0.00519486

-0.859375 -0.00519486
-0.851562 -0.00522371

-0.851562 -0.00522371
-0.84375 -0.00525214

-0.84375 -0.00525214
-0.835938 -0.00528017

-0.835938 -0.00528017
-0.828125 -0.00530779

-0.828125 -0.00530779
-0.820312 -0.00533502

-0.820312 -0.00533502
-0.8125 -0.00536184

-0.8125 -0.00536184
-0.804688 -0.00538825

-0.804688 -0.00538825
-0.796875 -0.00541424

-0.796875 -0.00541424
-0.789062 -0.00543979

-0.789062 -0.00543979
-0.78125 -0.00546488

-0.78125 -0.00546488
-0.773438 -0.0054895

0.25 -0.00622675
0.257812 -0.0062292

-0.773438 -0.0054895
-0.765625 -0.00551362

-2.5 0.0155965
-2.49219 0.015217

-2.49219 0.015217
-2.48438 0.0148461

0.257812 -0.00622919
0.265625 -0.0062312

-2.48438 0.0148462
-2.47656 0.0144838

-0.765625 -0.00551363
-0.757812 -0.00553724

-2.47656 0.0144839
-2.46875 0.0141298

0.265625 -0.00623119
0.273438 -0.00623276

0.273438 -0.00623276
0.28125 -0.00623391

0.28125 -0.00623391
0.289062 -0.00623466

0.289062 -0.00623466
0.296875 -0.00623504

0.296875 -0.00623503
0.304688 -0.00623506

0.304688 -0.00623505
0.3125 -0.00623474

-0.757812 -0.00553725
-0.75 -0.00556033

0.3125 -0.00623474
0.320312 -0.00623413

0.320312 -0.00623413
0.328125 -0.00623325

0.328125 -0.00623324
0.335938 -0.00623213

0.335938 -0.00623212
0.34375 -0.00623081

-2.46875 0.0141299
-2.46094 0.013784

-2.46094 0.013784
-2.45312 0.0134461

-2.45312 0.0134462
-2.44531 0.0131161

0.34375 -0.0062308
0.351562 -0.00622931

0.351562 -0.0062293
0.359375 -0.00622768

0.359375 -0.00622767
0.367188 -0.00622596

0.367188 -0.00622595
0.375 -0.00622419

-2.44531 0.0131161
-2.4375 0.0127937

-2.4375 0.0127937
-2.42969 0.0124787

-2.42969 0.0124787
-2.42188 0.012171

-2.42188 0.012171
-2.41406 0.0118704

-2.41406 0.0118704
-2.40625 0.0115767

-2.40625 0.0115767
-2.39844 0.0112897

-2.39844 0.0112898
-2.39062 0.0110093

-2.39062 0.0110093
-2.38281 0.0107353

-2.38281 0.0107353
-2.375 0.0104674

0.375 -0.00622418
0.382812 -0.00622241

0.382812 -0.0062224
0.390625 -0.00622067

-0.75 -0.00556034
-0.742188 -0.00558288

-0.742188 -0.00558288
-0.734375 -0.00560486

-0.734375 -0.00560487
-0.726562 -0.00562625

-0.726562 -0.00562626
-0.71875 -0.00564704

0.390625 -0.00622066
0.398438 -0.006219

0.398438 -0.00621898
0.40625 -0.00621744

-2.375 0.0104675
-2.36719 0.0102056

-2.36719 0.0102057
-2.35938 0.00994971

-0.71875 -0.00564704
-0.710938 -0.00566718

-2.35938 0.00994975
-2.35156 0.00969947

0.40625 -0.00621743
0.414062 -0.00621605

-2.35156 0.00969951
-2.34375 0.00945477

-0.710938 -0.00566719
-0.703125 -0.00568667

-0.703125 -0.00568667
-0.695312 -0.00570547

0.414062 -0.00621604
0.421875 -0.00621485

-0.695312 -0.00570547
-0.6875 -0.00572356

-2.34375 0.00945481
-2.33594 0.00921544

-2.33594 0.00921548
-2.32812 0.00898133

-2.32812 0.00898137
-2.32031 0.0087523

-0.6875 -0.00572357
-0.679688 -0.00574093

-0.679688 -0.00574094
-0.671875 -0.00575756

0.421875 -0.00621484
0.429688 -0.00621389

-2.32031 0.00875234
-2.3125 0.00852821

0.429688 -0.00621388
0.4375 -0.0062132

-0.671875 -0.00575756
-0.664062 -0.00577344

-2.3125 0.00852824
-2.30469 0.0083089

0.4375 -0.00621319
0.445312 -0.00621281

0.445312 -0.00621281
0.453125 -0.00621276

-0.664062 -0.00577344
-0.65625 -0.00578856

0.453125 -0.00621275
0.460938 -0.00621306

-0.65625 -0.00578856
-0.648438 -0.00580292

-0.648438 -0.00580292
-0.640625 -0.00581651

0.460938 -0.00621305
0.46875 -0.00621373

-2.30469 0.00830894
-2.29688 0.00809427

-2.29688 0.0080943
-2.28906 0.00788417

-0.640625 -0.00581651
-0.632812 -0.00582933

-0.632812 -0.00582933
-0.625 -0.0058414

0.46875 -0.00621372
0.476562 -0.00621479

0.476562 -0.00621479
0.484375 -0.00621625

-2.28125 0.00767851
-2.28634 0.0078125

-2.28906 0.00788415
-2.28634 0.0078125

-2.28125 0.00767849
-2.27344 0.00747707

-0.625 -0.0058414
-0.617188 -0.0058527

0.484375 -0.00621625
0.492188 -0.00621813

-0.617188 -0.0058527
-0.609375 -0.00586326

-2.27344 0.00747709
-2.26562 0.0072799

-0.609375 -0.00586326
-0.601562 -0.00587308

0.492188 -0.00621813
0.5 -0.00622042

-2.26562 0.00727992
-2.25781 0.00708688

-2.25781 0.0070869
-2.25 0.00689793

-0.601562 -0.00587307
-0.59375 -0.00588216

-0.59375 -0.00588216
-0.585938 -0.00589052

-0.585938 -0.00589052
-0.578125 -0.00589818

-0.578125 -0.00589818
-0.570312 -0.00590514

-0.570312 -0.00590514
-0.5625 -0.00591144

-0.5625 -0.00591143
-0.554688 -0.00591707

-0.554688 -0.00591707
-0.546875 -0.00592207

-0.546875 -0.00592207
-0.539062 -0.00592646

-0.539062 -0.00592646
-0.53125 -0.00593026

-0.53125 -0.00593025
-0.523438 -0.00593348

-0.523438 -0.00593348
-0.515625 -0.00593616

-0.515625 -0.00593616
-0.507812 -0.00593831

-0.507812 -0.00593831
-0.5 -0.00593995

-2.25 0.00689795
-2.24219 0.00671297

-2.24219 0.00671299
-2.23438 0.00653192

-2.23438 0.00653194
-2.22656 0.00635467

-2.22656 0.0063547
-2.21875 0.00618115

-2.21875 0.00618118
-2.21094 0.00601126

-2.21094 0.00601129
-2.20312 0.00584491

-2.20312 0.00584494
-2.19531 0.005682

-2.19531 0.00568202
-2.1875 0.00552242

-2.1875 0.00552245
-2.17969 0.00536608

-2.17969 0.00536611
-2.17188 0.00521288

-2.17188 0.00521291
-2.16406 0.00506272

-2.16406 0.00506274
-2.15625 0.00491549

-2.15625 0.00491551
-2.14844 0.00477111

-2.14844 0.00477113
-2.14062 0.00462948

-2.14062 0.0046295
-2.13281 0.00449053

-2.13281 0.00449055
-2.125 0.00435418

2 -0.00806379
2.00781 -0.00808515

2.00781 -0.00808514
2.01562 -0.00810699

2.01562 -0.00810698
2.02344 -0.00812933

2.02344 -0.00812932
2.03125 -0.00815221

2.03125 -0.0081522
2.03906 -0.00817564

2.03906 -0.00817563
2.04688 -0.00819965

-2.125 0.00435419
-2.11719 0.00422035

-2.11719 0.00422036
-2.10938 0.00408899

-2.10938 0.004089
-2.10156 0.00396003

-2.10156 0.00396005
-2.09375 0.00383343

2.04688 -0.00819964
2.05469 -0.00822428

2.05469 -0.00822427
2.0625 -0.00824954

-2.09375 0.00383345
-2.08594 0.00370913

-2.08594 0.00370915
-2.07812 0.00358708

-2.07812 0.00358709
-2.07031 0.00346721

-2.07031 0.00346723
-2.0625 0.00334947

2.0625 -0.00824954
2.07031 -0.00827548

2.07031 -0.00827547
2.07812 -0.00830211

2.07812 -0.0083021
2.08594 -0.00832947

-2.0625 0.00334949
-2.05469 0.00323377

-2.05469 0.0032338
-2.04688 0.00312005

-2.04688 0.00312007
-2.03906 0.00300821

-2.03906 0.00300823
-2.03125 0.00289816

-2.03125 0.00289818
-2.02344 0.00278981

-2.02344 0.00278983
-2.01562 0.0026831

-2.01562 0.00268311
-2.00781 0.00257792

2.08594 -0.00832946
2.09375 -0.00835759

2.09375 -0.00835758
2.10156 -0.0083865

-2.00781 0.00257794
-2 0.00247423

2.10156 -0.00838649
2.10938 -0.00841622

2.10938 -0.00841621
2.11719 -0.00844679

2.11719 -0.00844678
2.125 -0.00847824

2.125 -0.00847823
2.13281 -0.0085106

2.13281 -0.00851059
2.14062 -0.00854389

2.14062 -0.00854388
2.14844 -0.00857815

2.14844 -0.00857814
2.15625 -0.00861341

2.15625 -0.0086134
2.16406 -0.00864969

2.16406 -0.00864969
2.17188 -0.00868704

2.17188 -0.00868704
2.17969 -0.00872549

0.5 -0.00622042
0.507812 -0.00622312

0.507812 -0.00622312
0.515625 -0.00622624

0.515625 -0.00622624
0.523438 -0.00622977

2.17969 -0.00872548
2.1875 -0.00876506

2.1875 -0.00876505
2.19531 -0.00880579

2.19531 -0.00880578
2.20312 -0.00884772

2.20312 -0.00884772
2.21094 -0.00889089

2.21094 -0.00889088
2.21875 -0.00893533

2.21875 -0.00893532
2.22656 -0.00898107

2.22656 -0.00898106
2.23438 -0.00902816

0.523438 -0.00622977
0.53125 -0.00623369

0.53125 -0.00623369
0.539062 -0.006238

2.23438 -0.00902815
2.24219 -0.00907663

2.24219 -0.00907662
2.25 -0.00912651

-0.5 -0.00593995
-0.492188 -0.00594111

-0.492188 -0.0059411
-0.484375 -0.00594179

-0.484375 -0.00594178
-0.476562 -0.00594202

-0.476562 -0.00594201
-0.46875 -0.00594181

0.539062 -0.006238
0.546875 -0.00624268

0.546875 -0.00624269
0.554688 -0.00624772

0.554688 -0.00624773
0.5625 -0.0062531

-0.46875 -0.00594181
-0.460938 -0.00594118

-0.460938 -0.00594118
-0.453125 -0.00594015

0.5625 -0.0062531
0.570312 -0.00625879

0.570312 -0.00625879
0.578125 -0.00626477

0.578125 -0.00626478
0.585938 -0.00627102

0.585938 -0.00627103
0.59375 -0.00627751

-0.453125 -0.00594015
-0.445312 -0.00593873

-0.445312 -0.00593873
-0.4375 -0.00593695

0.59375 -0.00627752
0.601562 -0.00628422

0.601562 -0.00628423
0.609375 -0.00629112

0.609375 -0.00629112
0.617188 -0.00629817

0.617188 -0.00629818
0.625 -0.00630536

-0.4375 -0.00593695
-0.429688 -0.00593482

-0.429688 -0.00593481
-0.421875 -0.00593236

-0.421875 -0.00593235
-0.414062 -0.00592959

-0.414062 -0.00592958
-0.40625 -0.00592654

0.625 -0.00630537
0.632812 -0.00631265

0.632812 -0.00631266
0.640625 -0.00632003

2.25 -0.0091265
2.25781 -0.00917786

2.25781 -0.00917785
2.26562 -0.00923071

2.26562 -0.0092307
2.27344 -0.00928509

2.27344 -0.00928508
2.28125 -0.00934104

2.28125 -0.00934103
2.28906 -0.00939861

-0.40625 -0.00592653
-0.398438 -0.00592323

-0.398438 -0.00592322
-0.390625 -0.00591969

-0.390625 -0.00591968
-0.382812 -0.00591594

-0.382812 -0.00591593
-0.375 -0.00591201

2.28906 -0.0093986
2.29688 -0.00945784

2.29688 -0.00945783
2.30469 -0.00951877

2.30469 -0.00951876
2.3125 -0.00958143

0.640625 -0.00632003
0.648438 -0.00632745

0.648438 -0.00632746
0.65625 -0.00633491

0.65625 -0.00633491
0.664062 -0.00634238

0.664062 -0.00634238
0.671875 -0.00634983

0.671875 -0.00634984
0.679688 -0.00635727

0.679688 -0.00635727
0.6875 -0.00636466

2.3125 -0.00958142
2.32031 -0.00964588

0.6875 -0.00636466
0.695312 -0.006372

-0.375 -0.005912
-0.367188 -0.00590793

0.695312 -0.006372
0.703125 -0.00637927

0.703125 -0.00637927
0.710938 -0.00638648

0.710938 -0.00638648
0.71875 -0.00639361

0.71875 -0.00639361
0.726562 -0.00640066

0.726562 -0.00640066
0.734375 -0.00640763

-0.367188 -0.00590793
-0.359375 -0.00590373

-0.359375 -0.00590372
-0.351562 -0.00589943

-0.351562 -0.00589943
-0.34375 -0.00589507

-0.34375 -0.00589507
-0.335938 -0.00589068

-0.335938 -0.00589067
-0.328125 -0.00588627

-0.328125 -0.00588627
-0.320312 -0.00588189

-0.320312 -0.00588188
-0.3125 -0.00587755

0.734375 -0.00640763
0.742188 -0.00641452

0.742188 -0.00641451
0.75 -0.00642133

2.32031 -0.00964586
2.32812 -0.00971214

2.32812 -0.00971213
2.33594 -0.00978027

2.33594 -0.00978026
2.34375 -0.00985031

2.34375 -0.0098503
2.35156 -0.0099223

2.35156 -0.00992229
2.35938 -0.0099963

2.35938 -0.00999629
2.36719 -0.0100724

2.36719 -0.0100723
2.375 -0.0101505

-0.3125 -0.00587754
-0.304688 -0.00587329

-0.304688 -0.00587328
-0.296875 -0.00586912

-0.296875 -0.00586912
-0.289062 -0.00586508

-0.289062 -0.00586507
-0.28125 -0.00586118

-0.28125 -0.00586118
-0.273438 -0.00585746

-0.273438 -0.00585745
-0.265625 -0.00585392

-0.265625 -0.00585391
-0.257812 -0.0058506

-0.257812 -0.00585059
-0.25 -0.00584751

2.375 -0.0101505
2.38281 -0.0102309

2.38281 -0.0102308
2.39062 -0.0103134

2.39062 -0.0103134
2.39844 -0.0103982

2.39844 -0.0103982
2.40625 -0.0104854

2.40625 -0.0104854
2.41406 -0.010575

2.41406 -0.010575
2.42188 -0.0106671

2.42188 -0.0106671
2.42969 -0.0107617

2.42969 -0.0107617
2.4375 -0.0108589

2.4375 -0.0108589
2.44531 -0.0109588

0.75 -0.00642133
0.757812 -0.00642806

0.757812 -0.00642806
0.765625 -0.00643473

0.765625 -0.00643473
0.773438 -0.00644133

0.773438 -0.00644133
0.78125 -0.00644787

0.78125 -0.00644787
0.789062 -0.00645437

0.789062 -0.00645437
0.796875 -0.00646083

0.796875 -0.00646082
0.804688 -0.00646726

2.44531 -0.0109588
2.45312 -0.0110615

2.45312 -0.0110614
2.46094 -0.0111669

2.46094 -0.0111669
2.46875 -0.0112753

2.46875 -0.0112753
2.47656 -0.0113866

-0.25 -0.0058475
-0.242188 -0.00584468

0.804688 -0.00646726
0.8125 -0.00647368

-0.242188 -0.00584467
-0.234375 -0.00584213

-0.234375 -0.00584212
-0.226562 -0.00583988

0.8125 -0.00647367
0.820312 -0.00648009

-0.226562 -0.00583987
-0.21875 -0.00583796

2.47656 -0.0113866
2.48438 -0.011501

2.48438 -0.011501
2.49219 -0.0116185

0.820312 -0.00648009
0.828125 -0.00648652

0.828125 -0.00648652
0.835938 -0.00649299

-0.21875 -0.00583795
-0.210938 -0.00583638

-0.210938 -0.00583638
-0.203125 -0.00583518

2.49219 -0.0116185
2.5 -0.0117391

-0.203125 -0.00583517
-0.195312 -0.00583437

-0.195312 -0.00583436
-0.1875 -0.00583397

0.835938 -0.00649298
0.84375 -0.0064995

0.84375 -0.00649949
0.851562 -0.00650607

-0.1875 -0.00583397
-0.179688 -0.005834

-0.179688 -0.005834
-0.171875 -0.00583448

-0.171875 -0.00583448
-0.164062 -0.00583543

-0.164062 -0.00583543
-0.15625 -0.00583685

-0.15625 -0.00583685
-0.148438 -0.00583875

-0.148438 -0.00583875
-0.140625 -0.00584115

-0.140625 -0.00584115
-0.132812 -0.00584404

0.851562 -0.00650607
0.859375 -0.00651273

0.859375 -0.00651273
0.867188 -0.0065195

0.867188 -0.00651949
0.875 -0.00652638

-0.132812 -0.00584404
-0.125 -0.00584742

-1.78125 -4.65099e-05
-1.78583 0

-1.78125 -4.65226e-05
-1.77344 -0.00012478

-1.77344 -0.000124798
-1.76562 -0.000201955

-1.76562 -0.000201969
-1.75781 -0.00027796

-1.75781 -0.00027797
-1.75 -0.000352747

-0.125 -0.00584742
-0.117188 -0.0058513

-0.117188 -0.0058513
-0.109375 -0.00585567

-0.109375 -0.00585567
-0.101562 -0.00586053

-0.101562 -0.00586053
-0.09375 -0.00586586

-0.09375 -0.00586586
-0.0859375 -0.00587165

-0.0859375 -0.00587166
-0.078125 -0.00587791

-0.078125 -0.00587791
-0.0703125 -0.00588461

-0.0703125 -0.00588461
-0.0625 -0.00589173

0.875 -0.00652638
0.882812 -0.00653341

0.882812 -0.0065334
0.890625 -0.00654059

-0.0625 -0.00589174
-0.0546875 -0.00589927

-0.0546875 -0.00589928
-0.046875 -0.00590721

0.890625 -0.00654059
0.898438 -0.00654795

0.898438 -0.00654794
0.90625 -0.00655549

0.90625 -0.00655549
0.914062 -0.00656324

0.914062 -0.00656324
0.921875 -0.0065712

0.921875 -0.0065712
0.929688 -0.00657938

0.929688 -0.00657938
0.9375 -0.00658778

-0.046875 -0.00590721
-0.0390625 -0.00591551

0.9375 -0.00658778
0.945312 -0.00659641

0.945312 -0.00659641
0.953125 -0.00660526

0.953125 -0.00660527
0.960938 -0.00661434

0.960938 -0.00661434
0.96875 -0.00662362

-1.75 -0.000352757
-1.74219 -0.000426279

-1.74219 -0.000426288
-1.73438 -0.00049852

-1.73438 -0.000498526
-1.72656 -0.000569439

-1.72656 -0.000569443
-1.71875 -0.000639017

-1.71875 -0.000639019
-1.71094 -0.000707239

-1.71094 -0.000707239
-1.70312 -0.000774101

-0.0390625 -0.00591552
-0.03125 -0.00592418

-0.03125 -0.00592418
-0.0234375 -0.00593317

0.96875 -0.00662362
0.976562 -0.00663311

0.976562 -0.00663311
0.984375 -0.00664278

-1.70312 -0.000774099
-1.69531 -0.000839606

-1.69531 -0.000839602
-1.6875 -0.000903768

-0.0234375 -0.00593318
-0.015625 -0.00594247

-0.015625 -0.00594248
-0.0078125 -0.00595205

-0.0078125 -0.00595206
0 -0.00596188

0.984375 -0.00664278
0.992188 -0.00665262

0.992188 -0.00665262
1 -0.00666261

-1.6875 -0.000903762
-1.67969 -0.000966607

-1.67969 -0.000966599
-1.67188 -0.00102815

-1.67188 -0.00102814
-1.66406 -0.00108844

-1.66406 -0.00108843
-1.65625 -0.00114751

-1.65625 -0.0011475
-1.64844 -0.00120541

-1.64844 -0.0012054
-1.64062 -0.0012622

-1.64062 -0.00126219
-1.63281 -0.00131794

-1.63281 -0.00131793
-1.625 -0.00137269

2.5 -0.0117391
2.50781 -0.0118631

2.50781 -0.0118631
2.51562 -0.0119904

2.51562 -0.0119903
2.52344 -0.0121211

2.52344 -0.012121
2.53125 -0.0122552

2.53125 -0.0122552
2.53906 -0.012393

2.53906 -0.012393
2.54688 -0.0125344

2.54688 -0.0125344
2.55469 -0.0126796

2.55469 -0.0126796
2.5625 -0.0128286

-1.625 -0.00137267
-1.61719 -0.0014265

-1.61719 -0.00142648
-1.60938 -0.00147945

2.5625 -0.0128285
2.57031 -0.0129814

2.57031 -0.0129814
2.57812 -0.0131383

2.57812 -0.0131383
2.58594 -0.0132992

2.58594 -0.0132992
2.59375 -0.0134642

-1.60938 -0.00147943
-1.60156 -0.0015316

-1.60156 -0.00153158
-1.59375 -0.00158302

2.59375 -0.0134642
2.60156 -0.0136335

2.60156 -0.0136335
2.60938 -0.0138071

-1.59375 -0.00158301
-1.58594 -0.00163378

-1.58594 -0.00163376
-1.57812 -0.00168394

-1.57812 -0.00168392
-1.57031 -0.00173356

-1.57031 -0.00173354
-1.5625 -0.00178272

2.60938 -0.0138071
2.61719 -0.0139852

2.61719 -0.0139851
2.625 -0.0141678

-1.5625 -0.0017827
-1.55469 -0.00183147

-1.55469 -0.00183146
-1.54688 -0.00187988

-1.54688 -0.00187987
-1.53906 -0.00192802

-1.53906 -0.001928
-1.53125 -0.00197592

-1.53125 -0.00197591
-1.52344 -0.00202366

-1.52344 -0.00202365
-1.51562 -0.00207128

-1.51562 -0.00207127
-1.50781 -0.00211882

2.625 -0.0141678
2.63281 -0.0143553

2.63281 -0.0143553
2.64062 -0.0145477

2.64062 -0.0145476
2.64844 -0.014745

2.64844 -0.014745
2.65625 -0.0149475

-1.50781 -0.00211881
-1.5 -0.00216631

-2 0.00247425
-1.99219 0.00237194

-1.99219 0.00237196
-1.98438 0.00227101

2.65625 -0.0149475
2.66406 -0.0151551

2.66406 -0.0151551
2.67188 -0.0153681

2.6875 -0.0158101
2.68104 -0.015625

2.67188 -0.015368
2.67969 -0.0155863

2.67969 -0.0155864
2.68103 -0.015625

-1.98438 0.00227102
-1.97656 0.00217135

-1.97656 0.00217137
-1.96875 0.00207291

-1.96875 0.00207293
-1.96094 0.00197563

-1.96094 0.00197565
-1.95312 0.00187944

-1.95312 0.00187945
-1.94531 0.00178426

-1.94531 0.00178428
-1.9375 0.00169006

2.6875 -0.0158101
2.69531 -0.0160395

2.69531 -0.0160394
2.70312 -0.0162745

2.70312 -0.0162745
2.71094 -0.0165155

2.71094 -0.0165154
2.71875 -0.0167623

2.71875 -0.0167623
2.72656 -0.0170154

2.72656 -0.0170153
2.73438 -0.0172746

2.73438 -0.0172746
2.74219 -0.0175404

2.74219 -0.0175403
2.75 -0.0178127

-1.9375 0.00169007
-1.92969 0.00159675

-1.92969 0.00159676
-1.92188 0.00150428

-1.92188 0.0015043
-1.91406 0.0014126

-1.91406 0.00141262
-1.90625 0.00132165

-1.90625 0.00132166
-1.89844 0.00123136

-1.89844 0.00123137
-1.89062 0.00114168

-1.89062 0.00114169
-1.88281 0.00105257

-1.88281 0.00105258
-1.875 0.000963982

2.75 -0.0178126
2.75781 -0.0180918

2.75781 -0.0180917
2.76562 -0.0183778

2.76562 -0.0183777
2.77344 -0.0186709

2.77344 -0.0186709
2.78125 -0.0189714

2.78125 -0.0189714
2.78906 -0.0192794

2.78906 -0.0192794
2.79688 -0.0195952

2.79688 -0.0195951
2.80469 -0.0199188

-1.875 0.000963984
-1.86719 0.000875902

-1.86719 0.000875898
-1.85938 0.000788332

-1.85938 0.000788321
-1.85156 0.000701302

-1.85156 0.000701285
-1.84375 0.00061487

2.80469 -0.0199188
2.8125 -0.0202505

-1.84375 0.00061485
-1.83594 0.000529114

-1.83594 0.000529093
-1.82812 0.000444116

-1.82812 0.000444099
-1.82031 0.000359958

-1.82031 0.000359944
-1.8125 0.000276703

2.8125 -0.0202505
2.82031 -0.0205905

2.82031 -0.0205904
2.82812 -0.0209389

-1.8125 0.000276693
-1.80469 0.0001944

-1.80469 0.000194392
-1.79688 0.000113083

-1.79688 0.000113078
-1.78906 3.27779e-05

-1.78906 3.27887e-05
-1.78583 0

2.82812 -0.0209388
2.83594 -0.021296

2.83594 -0.0212959
2.84375 -0.0216619

2.84375 -0.0216619
2.85156 -0.022037

2.85156 -0.0220369
2.85938 -0.0224214

2.85938 -0.0224214
2.86719 -0.0228154

2.86719 -0.0228154
2.875 -0.0232193

2.88281 -0.0236325
2.87913 -0.0234375

2.875 -0.0232199
2.87911 -0.0234375

2.88281 -0.0236331
2.89062 -0.0240575

2.89062 -0.0240574
2.89844 -0.0244923

2.89844 -0.0244923
2.90625 -0.024938

2.90625 -0.0249379
2.91406 -0.0253947

2.91406 -0.0253946
2.92188 -0.0258627

2.92188 -0.0258626
2.92969 -0.0263422

2.92969 -0.0263422
2.9375 -0.0268336

2.9375 -0.0268335
2.94531 -0.027337

2.94531 -0.027337
2.95312 -0.0278529

2.95312 -0.0278527
2.96094 -0.0283813

2.96094 -0.0283814
2.96875 -0.028923

2.96875 -0.0289227
2.97656 -0.0294779

2.97656 -0.0294787
2.98438 -0.0300464

2.98438 -0.0300455
2.99219 -0.0306258

2.99219 -0.0306289
3 -0.0312174

1 -0.00666261
1.00781 -0.00667273

1.00781 -0.00667274
1.01562 -0.00668296

1.01562 -0.00668297
1.02344 -0.00669328

1.02344 -0.00669328
1.03125 -0.00670365

1.03125 -0.00670366
1.03906 -0.00671407

1.03906 -0.00671408
1.04688 -0.0067245

3 -0.0312837
3.01562 -0.0321995

-1.5 -0.00216631
-1.49219 -0.00221379

-1.49219 -0.00221379
-1.48438 -0.00226127

-1.48438 -0.00226127
-1.47656 -0.00230874

3.01562 -0.0322378
3.03125 -0.0326844

1.04688 -0.00672451
1.05469 -0.00673493

1.05469 -0.00673494
1.0625 -0.00674534

3.03125 -0.0329248
3.0625 -0.0317645

-1.47656 -0.00230874
-1.46875 -0.0023562

-1.46875 -0.00235621
-1.46094 -0.00240362

3.0625 -0.0321237
3.125 -0.022752

3.125 -0.0180101
3.24922 0

3.25 -0.000727302
3.29446 0

3.2317 0
3.25 0.00265387

3.25 0.00554333
3.5 0.00954683

1.0625 -0.00674534
1.07031 -0.0067557

1.07031 -0.0067557
1.07812 -0.006766

1.07812 -0.006766
1.08594 -0.00677622

1.08594 -0.00677622
1.09375 -0.00678636

3.5 -0.0105171
4 -0.0135911

-1.46094 -0.00240363
-1.45312 -0.00245096

-1.45312 -0.00245098
-1.44531 -0.00249817

-1.44531 -0.00249819
-1.4375 -0.00254519

1.09375 -0.00678636
1.10156 -0.00679639

-1.4375 -0.00254521
-1.42969 -0.00259193

-1.42969 -0.00259195
-1.42188 -0.00263833

-1.42188 -0.00263835
-1.41406 -0.00268429

-1.41406 -0.00268431
-1.40625 -0.00272974

-1.40625 -0.00272975
-1.39844 -0.00277459

-1.39844 -0.00277461
-1.39062 -0.00281879

-1.39062 -0.00281881
-1.38281 -0.00286229

-1.38281 -0.00286229
-1.375 -0.00290503

1.10156 -0.00679639
1.10938 -0.00680632

1.10938 -0.00680633
1.11719 -0.00681614

1.11719 -0.00681614
1.125 -0.00682585

-1.375 -0.00290504
-1.36719 -0.00294701

-1.36719 -0.00294701
-1.35938 -0.00298823

-1.35938 -0.00298822
-1.35156 -0.00302869

-1.35156 -0.00302868
-1.34375 -0.00306844

-1.34375 -0.00306842
-1.33594 -0.00310752

1.125 -0.00682585
1.13281 -0.00683543

1.13281 -0.00683543
1.14062 -0.00684489

1.14062 -0.00684489
1.14844 -0.00685424

1.14844 -0.00685424
1.15625 -0.00686347

-1.33594 -0.0031075
-1.32812 -0.00314599

-1.32812 -0.00314597
-1.32031 -0.00318393

-1.32031 -0.00318391
-1.3125 -0.0032214

1.15625 -0.00686347
1.16406 -0.00687258

1.16406 -0.00687258
1.17188 -0.00688159

-1.3125 -0.00322138
-1.30469 -0.00325848

-1.30469 -0.00325846
-1.29688 -0.00329524

-1.29688 -0.00329523
-1.28906 -0.00333177

-1.28906 -0.00333175
-1.28125 -0.00336812

-1.28125 -0.00336811
-1.27344 -0.00340435

-1.27344 -0.00340434
-1.26562 -0.00344051

-1.26562 -0.0034405
-1.25781 -0.00347663

-1.25781 -0.00347663
-1.25 -0.00351274

1.17188 -0.00688159
1.17969 -0.00689049

1.17969 -0.00689049
1.1875 -0.0068993

1.1875 -0.0068993
1.19531 -0.00690802

1.19531 -0.00690802
1.20312 -0.00691666

1.20312 -0.00691666
1.21094 -0.00692522

1.21094 -0.00692522
1.21875 -0.00693371

1.21875 -0.00693371
1.22656 -0.00694215

1.22656 -0.00694215
1.23438 -0.00695054

1.23438 -0.00695053
1.24219 -0.00695888

1.24219 -0.00695888
1.25 -0.00696718

-1.25 -0.00351274
-1.24219 -0.00354885

-1.24219 -0.00354885
-1.23438 -0.00358496

-1.23438 -0.00358496
-1.22656 -0.00362104

-1.22656 -0.00362105
-1.21875 -0.00365709

-1.21875 -0.0036571
-1.21094 -0.00369306

-1.21094 -0.00369307
-1.20312 -0.00372893

-1.20312 -0.00372894
-1.19531 -0.00376465

-1.19531 -0.00376465
-1.1875 -0.00380018

-1.1875 -0.00380019
-1.17969 -0.00383551

1.25 -0.00696718
1.25781 -0.00697546

1.25781 -0.00697546
1.26562 -0.00698371

1.26562 -0.0069837
1.27344 -0.00699193

1.27344 -0.00699193
1.28125 -0.00700013

-1.17969 -0.00383551
-1.17188 -0.0038706

-1.17188 -0.0038706
-1.16406 -0.00390544

-1.16406 -0.00390544
-1.15625 -0.00394002

-1.15625 -0.00394002
-1.14844 -0.00397437

-1.14844 -0.00397436
-1.14062 -0.0040085

-1.14062 -0.00400849
-1.13281 -0.00404245

-1.13281 -0.00404244
-1.125 -0.00407627

1.28125 -0.00700013
1.28906 -0.00700832

1.28906 -0.00700832
1.29688 -0.00701648

1.29688 -0.00701648
1.30469 -0.00702461

1.30469 -0.00702461
1.3125 -0.00703272

1.3125 -0.00703272
1.32031 -0.0070408

1.32031 -0.0070408
1.32812 -0.00704885

1.32812 -0.00704885
1.33594 -0.00705686

1.33594 -0.00705686
1.34375 -0.00706483

1.34375 -0.00706484
1.35156 -0.00707276

1.35156 -0.00707277
1.35938 -0.00708065

1.35938 -0.00708065
1.36719 -0.00708848

1.36719 -0.00708848
1.375 -0.00709626

-1.125 -0.00407625
-1.11719 -0.00410999

-1.11719 -0.00410998
-1.10938 -0.00414368

-1.10938 -0.00414367
-1.10156 -0.00417738

-1.10156 -0.00417738
-1.09375 -0.00421114

-1.09375 -0.00421114
-1.08594 -0.00424499

-1.08594 -0.00424499
-1.07812 -0.00427895

-1.07812 -0.00427895
-1.07031 -0.00431302

-1.07031 -0.00431302
-1.0625 -0.0043472

1.375 -0.00709626
1.38281 -0.00710397

-1.0625 -0.0043472
-1.05469 -0.00438146

-1.05469 -0.00438147
-1.04688 -0.00441578

-1.04688 -0.00441579
-1.03906 -0.00445011

1.38281 -0.00710397
1.39062 -0.00711163

1.39062 -0.00711163
1.39844 -0.00711923

1.39844 -0.00711922
1.40625 -0.00712676

1.40625 -0.00712676
1.41406 -0.00713424

1.41406 -0.00713424
1.42188 -0.00714167

1.42188 -0.00714167
1.42969 -0.00714906

1.42969 -0.00714905
1.4375 -0.00715641

1.4375 -0.0071564
1.44531 -0.00716374

1.44531 -0.00716373
1.45312 -0.00717105

1.45312 -0.00717105
1.46094 -0.00717837

1.46094 -0.00717837
1.46875 -0.00718571

-1.03906 -0.00445012
-1.03125 -0.00448441

-1.03125 -0.00448442
-1.02344 -0.00451864

1.46875 -0.00718571
1.47656 -0.00719309

1.47656 -0.00719309
1.48438 -0.00720052

1.48438 -0.00720052
1.49219 -0.00720803

1.49219 -0.00720802
1.5 -0.00721562

-1.02344 -0.00451864
-1.01562 -0.00455275

-1.01562 -0.00455276
-1.00781 -0.00458673

-1.00781 -0.00458673
-1 -0.00462054

