-4 -0.00597288
-3.81696 0

-3.66495 0
-3.5 0.00538234

-3.49221 0
-3.25 0.0247479

1.50781 -0.19581
1.50373 -0.195312

1.5 -0.194852
1.50378 -0.195312

1.50781 -0.195807
1.51562 -0.196757

1.51562 -0.196757
1.52344 -0.197706

-3.25 0.00682527
-3.125 0.0390402

-3.125 0.0421946
-3.09052 0.0625

1.52344 -0.197706
1.53125 -0.198653

1.53125 -0.198653
1.53906 -0.199598

1.53906 -0.199598
1.54688 -0.200542

1.54688 -0.200542
1.55469 -0.201484

1.55469 -0.201484
1.5625 -0.202425

-3.09152 0.0625
-3.0625 0.079615

1.57031 -0.20337
1.56827 -0.203125

1.57031 -0.203364
1.57812 -0.204301

1.5625 -0.202422
1.56835 -0.203125

-3.0625 0.0806213
-3.04471 0.09375

-3.0464 0.09375
-3.03125 0.104959

-3.03125 0.105071
-3.00454 0.125

-3.00426 0.125
-3 0.128069

1.57812 -0.204301
1.58594 -0.205236

1.58594 -0.205236
1.59375 -0.206169

1.59375 -0.206169
1.60156 -0.2071

1.60156 -0.2071
1.60938 -0.208029

1.60938 -0.208029
1.61719 -0.208956

1.61719 -0.208956
1.625 -0.209881

1.625 -0.209881
1.63281 -0.210804

1.64062 -0.211725
1.63394 -0.210938

1.63281 -0.210803
1.63396 -0.210938

1.64062 -0.211724
1.64844 -0.212643

1.64844 -0.212643
1.65625 -0.213558

1.65625 -0.213559
1.66406 -0.214472

1.66406 -0.214472
1.67188 -0.215383

1.67188 -0.215383
1.67969 -0.216291

1.67969 -0.216291
1.6875 -0.217197

1.70312 -0.219006
1.70091 -0.21875

1.70312 -0.219
1.71094 -0.219898

1.71094 -0.219898
1.71875 -0.220792

1.6875 -0.217197
1.69531 -0.2181

1.69531 -0.218098
1.70097 -0.21875

1.71875 -0.220792
1.72656 -0.221683

1.72656 -0.221683
1.73438 -0.222572

1.73438 -0.222572
1.74219 -0.223457

1.74219 -0.223457
1.75 -0.224339

2 -0.250103
1.99886 -0.25

1.75 -0.224339
1.75781 -0.225217

1.75781 -0.225217
1.76562 -0.226092

1.77344 -0.226965
1.76982 -0.226562

1.76562 -0.22609
1.76986 -0.226562

1.77344 -0.226963
1.78125 -0.227831

1.78125 -0.227831
1.78906 -0.228695

1.78906 -0.228695
1.79688 -0.229554

1.79688 -0.229555
1.80469 -0.23041

1.80469 -0.23041
1.8125 -0.231262

1.8125 -0.231262
1.82031 -0.232109

1.82031 -0.232109
1.82812 -0.232952

1.84375 -0.234626
1.84139 -0.234375

1.82812 -0.232952
1.83594 -0.23379

1.83594 -0.233789
1.84143 -0.234375

1.84375 -0.234624
1.85156 -0.235453

1.85156 -0.235453
1.85938 -0.236277

1.85938 -0.236277
1.86719 -0.237096

1.86719 -0.237096
1.875 -0.23791

1.875 -0.23791
1.88281 -0.238718

1.88281 -0.238718
1.89062 -0.239521

1.89062 -0.239521
1.89844 -0.240318

1.89844 -0.240318
1.90625 -0.24111

1.90625 -0.24111
1.91406 -0.241895

1.92188 -0.242675
1.91699 -0.242188

1.91406 -0.241895
1.91699 -0.242188

1.92188 -0.242675
1.92969 -0.243448

1.92969 -0.243448
1.9375 -0.244214

1.9375 -0.244214
1.94531 -0.244974

1.94531 -0.244974
1.95312 -0.245728

1.95312 -0.245728
1.96094 -0.246475

1.96094 -0.246475
1.96875 -0.247215

1.96875 -0.247215
1.97656 -0.247949

1.97656 -0.247949
1.98438 -0.248675

1.98438 -0.248675
1.99219 -0.249394

1.99219 -0.249395
1.99883 -0.25

-3 0.128367
-2.98438 0.139515

-2.98266 0.140625
-2.96875 0.149958

-2.96875 0.149953
-2.96094 0.154963

-2.96094 0.155436
-2.95961 0.15625

-2.95855 0.15625
-2.95312 0.159638

-2.95312 0.159754
-2.94581 0.164062

-2.94576 0.164062
-2.94531 0.164323

-2.94531 0.164352
-2.9375 0.168771

-2.9375 0.168751
-2.93175 0.171875

-2.93187 0.171875
-2.92969 0.173063

-2.92969 0.173013
-2.92188 0.177094

-2.92188 0.177051
-2.91663 0.179688

-2.91686 0.179688
-2.91406 0.181093

-2.91406 0.181014
-2.90625 0.184788

-2.90625 0.184762
-2.90036 0.1875

-2.90056 0.1875
-2.89844 0.188486

-2.89844 0.188416
-2.89062 0.191911

-2.89062 0.191909
-2.88281 0.195273

-2.88281 0.195209
-2.88256 0.195312

-2.88272 0.195312
-2.875 0.198512

-2.875 0.198509
-2.86719 0.201628

-2.86719 0.201551
-2.86309 0.203125

-2.86348 0.203125
-2.85938 0.204705

-2.85938 0.204629
-2.85156 0.207521

-2.85156 0.20752
-2.84375 0.210305

-2.84375 0.210169
-2.84151 0.210938

-2.84204 0.210938
-2.83594 0.213032

-2.83594 0.212985
-2.82812 0.215568

-2.82812 0.215567
-2.82031 0.218054

-2.82031 0.217933
-2.81765 0.21875

-2.81821 0.21875
-2.8125 0.220501

-2.8125 0.220447
-2.80469 0.222752

-2.80469 0.222751
-2.79688 0.22497

-2.79688 0.224948
-2.79097 0.226562

-2.79126 0.226562
-2.78906 0.227164

-2.78906 0.227104
-2.78125 0.229158

-2.78125 0.229157
-2.77344 0.231133

-2.77344 0.231132
-2.76562 0.233032

-2.76562 0.233007
-2.75977 0.234375

-2.76015 0.234375
-2.75781 0.234921

-2.75781 0.234857
-2.75 0.236612

0 -0.00313169
0.0078125 -0.00415566

0.0078125 -0.00415566
0.015625 -0.00517939

0.015625 -0.00517938
0.0234375 -0.00620288

0.0234375 -0.00620289
0.03125 -0.00722616

0.0390625 -0.00824993
0.035722 -0.0078125

0.03125 -0.00722562
0.0357318 -0.0078125

0.0390625 -0.00824921
0.046875 -0.00927196

0.046875 -0.00927196
0.0546875 -0.0102944

0.0546875 -0.0102944
0.0625 -0.0113165

-2.75 0.236612
-2.74219 0.238297

0.0625 -0.0113165
0.0703125 -0.0123382

0.0703125 -0.0123382
0.078125 -0.0133597

0.078125 -0.0133597
0.0859375 -0.0143808

0.0859375 -0.0143808
0.09375 -0.0154017

-2.74219 0.238297
-2.73438 0.239916

-2.73438 0.239915
-2.72656 0.241469

-2.72656 0.241396
-2.72241 0.242188

0.101562 -0.0164225
0.0954568 -0.015625

0.101562 -0.0164221
0.109375 -0.0174422

0.09375 -0.0154003
0.0954706 -0.015625

0.109375 -0.0174422
0.117188 -0.0184619

0.117188 -0.0184619
0.125 -0.0194811

-2.72315 0.242188
-2.71875 0.243027

-2.71875 0.242958
-2.71094 0.244387

-2.71094 0.244386
-2.70312 0.245755

-2.70312 0.245755
-2.69531 0.247066

-2.69531 0.247066
-2.6875 0.24832

0.125 -0.0194811
0.132812 -0.0205

0.132812 -0.0205
0.140625 -0.0215185

0.140625 -0.0215185
0.148438 -0.0225366

0.15625 -0.0235546
0.155351 -0.0234375

0.148438 -0.0225365
0.155353 -0.0234375

0.15625 -0.0235543
0.164062 -0.0245717

0.164062 -0.0245717
0.171875 -0.0255887

0.171875 -0.0255887
0.179688 -0.0266052

0.179688 -0.0266052
0.1875 -0.0276214

-2.6875 0.24832
-2.67969 0.24952

-2.67969 0.249442
-2.67589 0.25

0.21875 -0.0316836
0.215412 -0.03125

0.1875 -0.0276214
0.195312 -0.0286372

0.195312 -0.0286372
0.203125 -0.0296527

0.203125 -0.0296527
0.210938 -0.0306679

0.210938 -0.0306673
0.215422 -0.03125

0.21875 -0.0316829
0.226562 -0.0326975

0.226562 -0.0326975
0.234375 -0.0337119

0.234375 -0.0337119
0.242188 -0.0347259

0.242188 -0.0347259
0.25 -0.0357397

-2.67681 0.25
-2.67188 0.250725

-2.67188 0.250666
-2.66406 0.251761

-2.66406 0.251761
-2.65625 0.252806

-2.65625 0.252805
-2.64844 0.253801

-2.64844 0.2538
-2.64062 0.254748

-2.64062 0.254748
-2.63281 0.25565

-2.63281 0.255649
-2.625 0.256506

-0.984375 0.124445
-0.988831 0.125

-2.625 0.256505
-2.61719 0.257318

-0.984375 0.124446
-0.976562 0.123473

-0.976562 0.123473
-0.96875 0.122498

-2.61719 0.25727
-2.61168 0.257812

-2.61297 0.257812
-2.60938 0.258166

-2.60938 0.258087
-2.60156 0.258815

-2.60156 0.258815
-2.59375 0.259503

-0.96875 0.122498
-0.960938 0.121523

-0.960938 0.121523
-0.953125 0.120548

-0.953125 0.120548
-0.945312 0.119572

-0.945312 0.119572
-0.9375 0.118595

0.25 -0.0357397
0.257812 -0.0367532

-0.9375 0.118595
-0.929688 0.117618

0.257812 -0.0367532
0.265625 -0.0377665

-2.59375 0.259502
-2.58594 0.260151

-2.58594 0.26015
-2.57812 0.26076

-0.921875 0.116639
-0.926259 0.117188

-0.929688 0.11762
-0.926229 0.117188

0.265625 -0.0377666
0.273438 -0.0387797

0.28125 -0.0397931
0.275615 -0.0390625

-2.57812 0.26076
-2.57031 0.261332

0.273438 -0.0387782
0.27563 -0.0390625

-0.921875 0.11664
-0.914062 0.115662

-0.914062 0.115662
-0.90625 0.114683

-2.57031 0.261332
-2.5625 0.261867

-0.90625 0.114683
-0.898438 0.113703

-0.898438 0.113703
-0.890625 0.112723

-0.890625 0.112723
-0.882812 0.111742

-0.882812 0.111742
-0.875 0.11076

-1 0.126393
-0.992188 0.12542

-2.5625 0.261867
-2.55469 0.262367

-2.55469 0.262367
-2.54688 0.262832

-2.54688 0.262832
-2.53906 0.263264

-2.53906 0.263264
-2.53125 0.263662

-2.53125 0.263662
-2.52344 0.264029

-2.52344 0.264029
-2.51562 0.264364

-2.51562 0.264364
-2.50781 0.264669

-2.50781 0.264669
-2.5 0.264945

-0.992188 0.125422
-0.988802 0.125

0.28125 -0.0397925
0.289062 -0.0408051

0.289062 -0.0408051
0.296875 -0.0418174

0.296875 -0.0418174
0.304688 -0.0428293

0.304688 -0.0428293
0.3125 -0.0438409

0.3125 -0.0438409
0.320312 -0.0448522

0.320312 -0.0448522
0.328125 -0.0458632

0.34375 -0.047884
0.335947 -0.046875

-0.859375 0.108793
-0.863999 0.109375

-0.875 0.11076
-0.867188 0.109778

-0.867188 0.10978
-0.863971 0.109375

-0.859375 0.108795
-0.851562 0.107811

-0.851562 0.107811
-0.84375 0.106826

-0.84375 0.106826
-0.835938 0.105841

-0.835938 0.105841
-0.828125 0.104855

-0.828125 0.104855
-0.820312 0.103868

-0.820312 0.103868
-0.8125 0.102881

0.328125 -0.0458632
0.335938 -0.0468738

0.34375 -0.047884
0.351562 -0.0488937

0.351562 -0.0488937
0.359375 -0.049903

0.359375 -0.049903
0.367188 -0.0509117

-0.8125 0.102881
-0.804688 0.101893

-0.796875 0.100903
-0.802084 0.101562

-0.804688 0.101895
-0.802061 0.101562

-0.796875 0.100904
-0.789062 0.0999145

-0.789062 0.0999145
-0.78125 0.0989242

-0.78125 0.0989242
-0.773438 0.0979332

0.367188 -0.0509117
0.375 -0.0519199

-0.773438 0.0979332
-0.765625 0.0969414

-0.765625 0.0969414
-0.757812 0.0959488

-0.757812 0.0959488
-0.75 0.0949554

0.375 -0.0519199
0.382812 -0.0529276

0.382812 -0.0529276
0.390625 -0.0539348

0.398438 -0.0549422
0.396461 -0.0546875

0.390625 -0.0539346
0.396468 -0.0546875

0.398438 -0.0549415
0.40625 -0.0559476

0.40625 -0.0559476
0.414062 -0.0569531

0.414062 -0.0569531
0.421875 -0.057958

-2.5 0.264944
-2.49219 0.265191

-2.49219 0.265191
-2.48438 0.265409

-2.48438 0.265409
-2.47656 0.265599

-2.47656 0.265599
-2.4753 0.265625

-2.47533 0.265625
-2.46875 0.265763

0.421875 -0.057958
0.429688 -0.0589622

0.429688 -0.0589622
0.4375 -0.0599659

-2.46875 0.265763
-2.46094 0.2659

-2.46094 0.2659
-2.45312 0.266012

0.460938 -0.0629755
0.45723 -0.0625

0.460938 -0.0629737
0.46875 -0.0639752

-2.45312 0.266011
-2.44531 0.266098

-2.44531 0.266098
-2.4375 0.26616

0.46875 -0.0639752
0.476562 -0.0649761

-2.4375 0.26616
-2.42969 0.266198

-0.734375 0.0929657
-0.740533 0.09375

0.476562 -0.0649761
0.484375 -0.0659765

-0.734375 0.0929661
-0.726562 0.0919702

-2.42969 0.266198
-2.42188 0.266213

-2.42188 0.266213
-2.41406 0.266205

0.484375 -0.0659765
0.492188 -0.0669764

-2.41406 0.266205
-2.40625 0.266175

-0.726562 0.0919702
-0.71875 0.0909735

-0.75 0.0949554
-0.742188 0.0939611

-0.742188 0.0939626
-0.740518 0.09375

0.492188 -0.0669764
0.5 -0.0679758

0.4375 -0.0599659
0.445312 -0.060969

-0.71875 0.0909735
-0.710938 0.089976

-0.710938 0.089976
-0.703125 0.0889776

0.445312 -0.060969
0.453125 -0.0619716

0.453125 -0.06197
0.457257 -0.0625

-2.40625 0.266175
-2.39844 0.266123

-2.39844 0.266123
-2.39062 0.266049

-2.39062 0.266049
-2.38281 0.265955

-2.38281 0.265955
-2.375 0.26584

-0.703125 0.0889776
-0.695312 0.0879783

-0.695312 0.0879783
-0.6875 0.0869781

-0.6875 0.0869781
-0.679688 0.0859769

-0.671875 0.0849748
-0.67938 0.0859375

-0.679688 0.0859771
-0.679379 0.0859375

-0.671875 0.0849748
-0.664062 0.0839719

-0.664062 0.0839719
-0.65625 0.082968

-0.65625 0.082968
-0.648438 0.0819633

-0.648438 0.0819633
-0.640625 0.0809576

-0.640625 0.0809576
-0.632812 0.079951

-0.632812 0.079951
-0.625 0.0789434

-2.35938 0.265552
-2.36307 0.265625

-2.375 0.26584
-2.36719 0.265706

-2.36719 0.265705
-2.36312 0.265625

-2.35938 0.265551
-2.35156 0.265378

-2.35156 0.265378
-2.34375 0.265186

-2.34375 0.265186
-2.33594 0.264976

-2.33594 0.264976
-2.32812 0.264748

-2.32812 0.264748
-2.32031 0.264502

-2.32031 0.264502
-2.3125 0.264239

-0.617188 0.0779347
-0.618662 0.078125

-0.617188 0.0779349
-0.609375 0.0769254

-0.625 0.0789435
-0.61866 0.078125

-0.609375 0.0769254
-0.601562 0.0759151

-0.601562 0.0759151
-0.59375 0.0749039

-0.59375 0.0749039
-0.585938 0.0738918

-2.3125 0.264239
-2.30469 0.26396

-2.30469 0.263959
-2.29688 0.263663

-2.29688 0.263663
-2.28906 0.263351

-0.585938 0.0738918
-0.578125 0.0728787

-0.578125 0.0728787
-0.570312 0.0718648

-0.570312 0.0718648
-0.5625 0.07085

-2.28906 0.263351
-2.28125 0.263023

-0.554688 0.0698336
-0.558371 0.0703125

-0.5625 0.0708505
-0.558362 0.0703125

-0.554688 0.0698342
-0.546875 0.0688176

-0.546875 0.0688176
-0.539062 0.0678002

-2.28125 0.263023
-2.27344 0.26268

-2.27344 0.26268
-2.26562 0.262322

-2.26562 0.262322
-2.25781 0.261949

-2.25781 0.261948
-2.25 0.261561

-0.539062 0.0678002
-0.53125 0.0667821

-0.53125 0.0667821
-0.523438 0.0657631

-0.523438 0.0657631
-0.515625 0.0647433

-0.515625 0.0647433
-0.507812 0.0637228

-0.507812 0.0637228
-0.5 0.0627015

2 -0.250106
2.00781 -0.25081

2.00781 -0.25081
2.01562 -0.251506

2.01562 -0.251506
2.02344 -0.252194

2.02344 -0.252194
2.03125 -0.252873

2.03125 -0.252873
2.03906 -0.253543

2.03906 -0.253543
2.04688 -0.254204

2.04688 -0.254204
2.05469 -0.254856

2.05469 -0.254856
2.0625 -0.255499

2.0625 -0.255499
2.07031 -0.256132

2.07031 -0.256132
2.07812 -0.256756

2.07812 -0.256756
2.08594 -0.25737

2.09375 -0.257972
2.09168 -0.257812

2.08594 -0.257371
2.09165 -0.257812

2.09375 -0.257974
2.10156 -0.258569

-2.07812 0.249982
-2.07835 0.25

-2.07812 0.249981
-2.07031 0.24934

-2.07031 0.24934
-2.0625 0.24869

2.10156 -0.258569
2.10938 -0.259153

2.10938 -0.259153
2.11719 -0.259728

2.11719 -0.259728
2.125 -0.260292

-2.0625 0.24869
-2.05469 0.248032

-2.05469 0.248032
-2.04688 0.247366

-2.04688 0.247366
-2.03906 0.246692

-2.03906 0.246692
-2.03125 0.246011

-2.03125 0.246011
-2.02344 0.245322

0.5 -0.0679758
0.507812 -0.0689749

0.507812 -0.0689749
0.515625 -0.0699736

-2.02344 0.245322
-2.01562 0.244626

-2.01562 0.244626
-2.00781 0.243922

2.125 -0.260292
2.13281 -0.260845

2.13281 -0.260845
2.14062 -0.261388

0.523438 -0.070974
0.518262 -0.0703125

-2.00781 0.243922
-2 0.243212

-2.25 0.261561
-2.24219 0.261159

2.14062 -0.261388
2.14844 -0.261919

2.14844 -0.26192
2.15625 -0.26244

0.515625 -0.0699699
0.518306 -0.0703125

0.523438 -0.070972
0.53125 -0.0719702

-2.24219 0.261159
-2.23438 0.260744

-2.23438 0.260744
-2.22656 0.260315

2.15625 -0.26244
2.16406 -0.262948

2.16406 -0.262948
2.17188 -0.263445

0.53125 -0.0719702
0.539062 -0.0729681

2.17188 -0.263445
2.17969 -0.263929

-2.22656 0.260315
-2.21875 0.259873

2.17969 -0.263929
2.1875 -0.264399

0.539062 -0.072968
0.546875 -0.0739657

0.546875 -0.0739657
0.554688 -0.0749633

2.1875 -0.2644
2.19531 -0.264857

2.19531 -0.264857
2.20312 -0.265301

-2.21875 0.259873
-2.21094 0.259418

2.21094 -0.265726
2.20909 -0.265625

0.554688 -0.0749632
0.5625 -0.0759607

2.21094 -0.26573
2.21875 -0.266145

2.20312 -0.265302
2.209 -0.265625

0.5625 -0.0759607
0.570312 -0.0769582

0.570312 -0.0769582
0.578125 -0.0779558

0.585938 -0.0789541
0.579445 -0.078125

0.585938 -0.0789535
0.59375 -0.0799513

0.578125 -0.0779528
0.579473 -0.078125

2.21875 -0.266145
2.22656 -0.266544

2.22656 -0.266544
2.23438 -0.266928

2.23438 -0.266928
2.24219 -0.267296

2.24219 -0.267297
2.25 -0.267648

0.59375 -0.0799512
0.601562 -0.0809492

0.601562 -0.0809492
0.609375 -0.0819473

0.609375 -0.0819473
0.617188 -0.0829457

0.617188 -0.0829457
0.625 -0.0839444

-2.21094 0.259418
-2.20312 0.258951

-2.20312 0.25895
-2.19531 0.258471

-2.19531 0.258471
-2.1875 0.257979

-2.17969 0.257479
-2.18486 0.257812

-2.1875 0.257971
-2.18504 0.257812

0.625 -0.0839444
0.632812 -0.0849435

0.640625 -0.0859434
0.640579 -0.0859375

0.632812 -0.0849435
0.640582 -0.0859375

0.640625 -0.085943
0.648438 -0.0869429

0.648438 -0.0869429
0.65625 -0.0879432

0.65625 -0.0879432
0.664062 -0.0889439

-2.17969 0.257475
-2.17188 0.25696

-2.17188 0.25696
-2.16406 0.256434

-2.16406 0.256434
-2.15625 0.255897

0.664062 -0.0889439
0.671875 -0.0899451

0.671875 -0.0899451
0.679688 -0.0909468

-2.15625 0.255897
-2.14844 0.25535

2.25 -0.267648
2.25781 -0.267983

2.25781 -0.267983
2.26562 -0.268302

-0.0234375 -5.8288e-05
-0.0238818 0

0.679688 -0.0909468
0.6875 -0.0919491

-0.0234375 -5.81664e-05
-0.015625 -0.00108294

-2.14844 0.25535
-2.14062 0.254792

-0.015625 -0.00108295
-0.0078125 -0.00210747

-2.14062 0.254792
-2.13281 0.254224

-2.13281 0.254224
-2.125 0.253646

0.703125 -0.0939625
0.70147 -0.09375

0.703125 -0.0939553
0.710938 -0.0949592

2.26562 -0.268302
2.27344 -0.268602

2.27344 -0.268602
2.28125 -0.268885

-0.0078125 -0.00210746
0 -0.0031317

2.28125 -0.268886
2.28906 -0.269151

-2.125 0.253646
-2.11719 0.253058

-2.11719 0.253058
-2.10938 0.252461

0.710938 -0.0949592
0.71875 -0.0959636

0.6875 -0.0919491
0.695312 -0.0929519

0.695312 -0.09295
0.701541 -0.09375

0.71875 -0.0959636
0.726562 -0.0969685

-2.10938 0.252461
-2.10156 0.251854

-2.10156 0.251854
-2.09375 0.251239

-0.492188 0.0616793
-0.498461 0.0625

-0.492188 0.0616795
-0.484375 0.0606568

-0.484375 0.0606568
-0.476562 0.0596335

-0.476562 0.0596335
-0.46875 0.0586097

0.726562 -0.0969685
0.734375 -0.097974

0.734375 -0.097974
0.742188 -0.0989799

-2.09375 0.251239
-2.08594 0.250614

-2.08594 0.250614
-2.07836 0.25

2.28906 -0.269151
2.29688 -0.269398

2.29688 -0.269398
2.30469 -0.269626

2.30469 -0.269626
2.3125 -0.269835

0.742188 -0.0989799
0.75 -0.0999863

2.3125 -0.269835
2.32031 -0.270025

2.32031 -0.270025
2.32812 -0.270196

2.32812 -0.270196
2.33594 -0.270346

2.33594 -0.270346
2.34375 -0.270476

2.34375 -0.270477
2.35156 -0.270586

2.35156 -0.270586
2.35938 -0.270674

2.35938 -0.270674
2.36719 -0.270741

2.36719 -0.270741
2.375 -0.270785

-0.46875 0.0586097
-0.460938 0.0575852

-0.460938 0.0575852
-0.453125 0.0565602

-0.453125 0.0565602
-0.445312 0.0555347

-0.4375 0.0545089
-0.43886 0.0546875

-0.445312 0.0555346
-0.438862 0.0546875

-0.5 0.062702
-0.498456 0.0625

-0.4375 0.0545086
-0.429688 0.0534821

-0.429688 0.0534821
-0.421875 0.0524552

-0.421875 0.0524552
-0.414062 0.0514279

-0.414062 0.0514279
-0.40625 0.0504003

-0.40625 0.0504003
-0.398438 0.0493723

-0.398438 0.0493723
-0.390625 0.0483439

-0.375 0.0462861
-0.379471 0.046875

-0.390625 0.0483439
-0.382812 0.0473151

2.375 -0.270786
2.38281 -0.270807

2.38281 -0.270808
2.39062 -0.270806

2.39062 -0.270806
2.39844 -0.270781

-0.382812 0.047315
-0.379472 0.046875

0.75 -0.0999863
0.757812 -0.100993

0.765625 -0.102005
0.762196 -0.101562

0.757812 -0.10099
0.762253 -0.101562

0.765625 -0.102
0.773438 -0.103008

0.773438 -0.103008
0.78125 -0.104016

0.78125 -0.104016
0.789062 -0.105024

0.789062 -0.105024
0.796875 -0.106033

0.796875 -0.106033
0.804688 -0.107042

0.804688 -0.107042
0.8125 -0.108051

-0.375 0.046286
-0.367188 0.0452566

0.828125 -0.11007
0.822744 -0.109375

0.8125 -0.108051
0.820312 -0.10906

2.39844 -0.270781
2.40625 -0.270732

0.820312 -0.109058
0.822766 -0.109375

-0.367188 0.0452566
-0.359375 0.044227

-0.359375 0.044227
-0.351562 0.0431971

-0.351562 0.0431971
-0.34375 0.0421669

-0.34375 0.0421669
-0.335938 0.0411365

0.828125 -0.110069
0.835938 -0.111079

0.835938 -0.111079
0.84375 -0.112088

2.40625 -0.270732
2.41406 -0.270658

2.41406 -0.270658
2.42188 -0.270558

2.42188 -0.270558
2.42969 -0.270432

-0.335938 0.0411365
-0.328125 0.0401057

2.42969 -0.270432
2.4375 -0.270279

0.84375 -0.112088
0.851562 -0.113097

0.851562 -0.113097
0.859375 -0.114107

0.859375 -0.114107
0.867188 -0.115116

2.4375 -0.270279
2.44531 -0.270098

2.44531 -0.270098
2.45312 -0.269889

-0.328125 0.0401057
-0.320312 0.0390747

0.867188 -0.115116
0.875 -0.116125

-0.3125 0.0380434
-0.32022 0.0390625

2.45312 -0.269889
2.46094 -0.26965

2.46094 -0.26965
2.46875 -0.269381

2.46875 -0.269381
2.47656 -0.269081

2.47656 -0.269081
2.48438 -0.268749

-0.320312 0.0390747
-0.32022 0.0390625

2.48438 -0.268749
2.49219 -0.268385

0.945312 -0.125198
0.943773 -0.125

-0.3125 0.0380434
-0.304688 0.0370119

-0.304688 0.0370119
-0.296875 0.0359802

0.945312 -0.125194
0.953125 -0.126199

2.49219 -0.268385
2.5 -0.267986

0.953125 -0.126199
0.960938 -0.127204

0.960938 -0.127204
0.96875 -0.128208

0.96875 -0.128208
0.976562 -0.129211

0.976562 -0.129211
0.984375 -0.130214

0.984375 -0.130214
0.992188 -0.131216

0.992188 -0.131216
1 -0.132218

0.875 -0.116125
0.882812 -0.117134

0.890625 -0.118143
0.883226 -0.117188

0.882812 -0.117134
0.883229 -0.117188

0.890625 -0.118143
0.898438 -0.119151

0.898438 -0.119151
0.90625 -0.120159

-0.296875 0.0359802
-0.289062 0.0349484

-0.289062 0.0349484
-0.28125 0.0339163

0.90625 -0.120159
0.914062 -0.121167

0.914062 -0.121167
0.921875 -0.122174

0.921875 -0.122174
0.929688 -0.123181

0.929688 -0.123181
0.9375 -0.124188

-0.257812 0.0308195
-0.26107 0.03125

0.9375 -0.124187
0.943818 -0.125

-0.257812 0.0308193
-0.25 0.0297868

-0.28125 0.0339163
-0.273438 0.0328841

-0.273438 0.0328841
-0.265625 0.0318518

-0.265625 0.0318516
-0.261072 0.03125

-0.25 0.0297868
-0.242188 0.0287543

-0.242188 0.0287543
-0.234375 0.0277218

-0.234375 0.0277218
-0.226562 0.0266894

-0.226562 0.0266894
-0.21875 0.0256572

-0.21875 0.0256571
-0.210938 0.024625

-0.210938 0.024625
-0.203125 0.0235929

-0.195312 0.022561
-0.201949 0.0234375

-0.203125 0.0235931
-0.201947 0.0234375

-0.195312 0.022561
-0.1875 0.0215294

-0.1875 0.0215294
-0.179688 0.0204981

-0.179688 0.0204981
-0.171875 0.0194672

-0.171875 0.0194672
-0.164062 0.0184365

-0.164062 0.0184365
-0.15625 0.0174062

-0.140625 0.0153463
-0.14274 0.015625

-0.15625 0.0174062
-0.148438 0.0163762

-0.148438 0.0163763
-0.142737 0.015625

-0.140625 0.0153465
-0.132812 0.0143172

-0.132812 0.0143172
-0.125 0.0132882

-0.125 0.0132882
-0.117188 0.0122597

-0.117188 0.0122597
-0.109375 0.0112315

-0.109375 0.0112315
-0.101562 0.0102037

-0.101562 0.0102037
-0.09375 0.0091762

-0.09375 0.0091762
-0.0859375 0.00814898

-0.078125 0.00712161
-0.0833811 0.0078125

-0.0859375 0.0081499
-0.0833707 0.0078125

-0.078125 0.00712205
-0.0703125 0.00609544

-0.0703125 0.00609544
-0.0625 0.00506916

-0.0625 0.00506917
-0.0546875 0.0040432

-0.0546875 0.00404321
-0.046875 0.00301752

-0.046875 0.00301753
-0.0390625 0.00199208

-0.0390625 0.00199209
-0.03125 0.000966856

-0.03125 0.00096686
-0.0238807 0

2.5 -0.267986
2.50781 -0.267553

2.50781 -0.267553
2.51562 -0.267085

2.51562 -0.267085
2.52344 -0.266579

2.52344 -0.266579
2.53125 -0.266036

2.53125 -0.266049
2.53694 -0.265625

2.53906 -0.265657
2.53947 -0.265625

2.5364 -0.265625
2.53906 -0.265427

2.53906 -0.265454
2.54688 -0.264832

2.54688 -0.264833
2.55469 -0.264171

2.55469 -0.264171
2.5625 -0.263467

2.5625 -0.263467
2.57031 -0.26272

2.57031 -0.262721
2.57812 -0.261929

2.57812 -0.261929
2.58594 -0.261093

2.58594 -0.261093
2.59375 -0.26021

2.59375 -0.26021
2.60156 -0.259279

2.60156 -0.259279
2.60938 -0.258299

2.60938 -0.258425
2.61402 -0.257812

2.61219 -0.257812
2.61719 -0.257153

2.61719 -0.257269
2.625 -0.256186

2.625 -0.256186
2.63281 -0.255051

2.63281 -0.255051
2.64062 -0.253861

2.64062 -0.253861
2.64844 -0.252615

2.64844 -0.252615
2.65625 -0.251311

2.65625 -0.251313
2.66377 -0.25

2.66406 -0.250049
2.66433 -0.25

2.66366 -0.25
2.66406 -0.249929

2.66406 -0.249948
2.67188 -0.248524

2.67188 -0.248525
2.67969 -0.247039

2.67969 -0.247039
2.6875 -0.245489

2.6875 -0.245489
2.69531 -0.243872

2.69531 -0.243873
2.70312 -0.242188

2.70312 -0.242301
2.70363 -0.242188

2.70312 -0.242185
2.71094 -0.24043

2.71094 -0.240434
2.71875 -0.238607

2.71875 -0.238607
2.72656 -0.236706

2.72656 -0.236707
2.73438 -0.234729

2.73438 -0.23494
2.73652 -0.234375

2.73551 -0.234375
2.74219 -0.232616

2.74219 -0.232673
2.75 -0.230534

2.75 -0.230535
2.75781 -0.228312

2.75781 -0.228369
2.76392 -0.226562

2.76321 -0.226562
2.76562 -0.225847

2.76562 -0.226004
2.77344 -0.223604

2.77344 -0.223605
2.78125 -0.221112

2.78125 -0.22112
2.7884 -0.21875

2.78819 -0.21875
2.78906 -0.218462

2.78906 -0.218525
2.79688 -0.215836

2.79688 -0.215837
2.80469 -0.213044

2.80469 -0.213115
2.81055 -0.210938

2.8099 -0.210938
2.8125 -0.209974

-2 0.243212
-1.99219 0.242494

-1.98438 0.241773
-1.98884 0.242188

-1.99219 0.24249
-1.98892 0.242188

-1.98438 0.24177
-1.97656 0.241039

-1.97656 0.241039
-1.96875 0.240301

-1.96875 0.240301
-1.96094 0.239557

-1.96094 0.239557
-1.95312 0.238806

-1.95312 0.238806
-1.94531 0.238049

-1.94531 0.238049
-1.9375 0.237286

2.8125 -0.210146
2.82031 -0.207134

2.82031 -0.207136
2.82812 -0.204008

2.82812 -0.204212
2.83074 -0.203125

2.83005 -0.203125
2.83594 -0.200676

2.83594 -0.200761
2.84375 -0.197386

-1.9375 0.237286
-1.92969 0.236516

-1.92969 0.236516
-1.92188 0.235741

-1.90625 0.234174
-1.90824 0.234375

-1.92188 0.235741
-1.91406 0.23496

-1.91406 0.234959
-1.90827 0.234375

-1.90625 0.234172
-1.89844 0.233379

-1.89844 0.233379
-1.89062 0.232581

-1.89062 0.232581
-1.88281 0.231777

-1.88281 0.231777
-1.875 0.230967

2.84375 -0.197507
2.84864 -0.195312

2.84799 -0.195312
2.85156 -0.193711

2.85156 -0.193881
2.85938 -0.190236

2.85938 -0.190304
2.86516 -0.1875

2.86469 -0.1875
2.86719 -0.186287

2.86719 -0.18645
2.875 -0.182509

-1.875 0.230967
-1.86719 0.230153

-1.86719 0.230153
-1.85938 0.229333

-1.85938 0.229333
-1.85156 0.228507

-1.85156 0.228507
-1.84375 0.227677

-1.84375 0.227677
-1.83594 0.226842

-1.82812 0.226004
-1.83332 0.226562

-1.83594 0.226839
-1.83337 0.226562

-1.82812 0.226002
-1.82031 0.225158

-1.82031 0.225158
-1.8125 0.224309

2.875 -0.182594
2.88054 -0.179688

2.88005 -0.179688
2.88281 -0.178238

2.88281 -0.178413
2.89062 -0.174145

2.89062 -0.174306
2.8949 -0.171875

2.89433 -0.171875
2.89844 -0.169538

1.00781 -0.133223
1.00461 -0.132812

2.89844 -0.169706
2.90625 -0.165074

-1.8125 0.224309
-1.80469 0.223455

-1.80469 0.223455
-1.79688 0.222597

-1.79688 0.222597
-1.78906 0.221735

-1.78906 0.221735
-1.78125 0.220869

2.90625 -0.165189
2.9081 -0.164062

-1.75781 0.218249
-1.76227 0.21875

-1.75781 0.218247
-1.75 0.217366

-1.78125 0.220869
-1.77344 0.219999

1 -0.132215
1.00467 -0.132812

1.00781 -0.133218
1.01562 -0.134218

2.90784 -0.164062
2.91406 -0.160212

2.91406 -0.160278
2.9203 -0.15625

2.92009 -0.15625
2.92188 -0.155111

2.92188 -0.155212
2.92969 -0.149945

2.92969 -0.150055
2.93206 -0.148438

-1.77344 0.219999
-1.76562 0.219125

-1.76562 0.219123
-1.76231 0.21875

1.01562 -0.134218
1.02344 -0.135218

1.02344 -0.135218
1.03125 -0.136216

2.93176 -0.148438
2.9375 -0.144389

2.9375 -0.1445
2.94275 -0.140625

2.94252 -0.140625
2.94531 -0.138589

2.94531 -0.138684
2.9529 -0.132812

1.03125 -0.136216
1.03906 -0.137214

1.03906 -0.137214
1.04688 -0.138211

1.04688 -0.138211
1.05469 -0.139207

2.9529 -0.132812
2.95312 -0.132638

2.95312 -0.132645
2.96094 -0.126296

1.05469 -0.139207
1.0625 -0.140202

2.96094 -0.126481
2.96268 -0.125

1.07031 -0.1412
1.0658 -0.140625

1.07031 -0.141197
1.07812 -0.142191

1.0625 -0.140198
1.06585 -0.140625

2.96241 -0.125
2.96875 -0.11958

2.96875 -0.119259
2.97109 -0.117188

1.07812 -0.142191
1.08594 -0.143184

1.08594 -0.143184
1.09375 -0.144176

-1.75 0.217366
-1.74219 0.216481

-1.74219 0.216481
-1.73438 0.215593

2.97164 -0.117188
2.97656 -0.112816

2.97656 -0.112182
2.97959 -0.109375

1.09375 -0.144176
1.10156 -0.145167

1.10156 -0.145167
1.10938 -0.146158

-1.73438 0.215593
-1.72656 0.214701

-1.72656 0.214701
-1.71875 0.213807

2.98033 -0.109375
2.98438 -0.105483

-1.71875 0.213807
-1.71094 0.212909

1.10938 -0.146158
1.11719 -0.147148

1.11719 -0.147148
1.125 -0.148137

2.98438 -0.104889
2.99605 -0.09375

2.99745 -0.09375
3 -0.0913119

-1.71094 0.212909
-1.70312 0.212009

-1.70312 0.212008
-1.69531 0.211105

-1.6875 0.2102
-1.69386 0.210938

1.13281 -0.149128
1.12736 -0.148438

1.125 -0.148134
1.1274 -0.148438

1.13281 -0.149126
1.14062 -0.150114

1.14062 -0.150114
1.14844 -0.151101

1.14844 -0.151101
1.15625 -0.152088

1.15625 -0.152088
1.16406 -0.153074

-1.69531 0.211102
-1.6939 0.210938

-1.6875 0.210199
-1.67969 0.20929

1.16406 -0.153074
1.17188 -0.154059

1.17188 -0.154059
1.17969 -0.155044

1.17969 -0.155044
1.1875 -0.156028

1.19531 -0.157012
1.18926 -0.15625

1.19531 -0.157011
1.20312 -0.157994

1.20312 -0.157994
1.21094 -0.158977

1.21094 -0.158977
1.21875 -0.159958

1.1875 -0.156025
1.18929 -0.15625

1.21875 -0.159958
1.22656 -0.160939

-1.67969 0.20929
-1.67188 0.208379

-1.67188 0.208379
-1.66406 0.207466

-1.66406 0.207466
-1.65625 0.20655

1.22656 -0.160939
1.23438 -0.16192

-1.65625 0.20655
-1.64844 0.205632

-1.64844 0.205632
-1.64062 0.204712

-1.625 0.202868
-1.62717 0.203125

-1.64062 0.204712
-1.63281 0.20379

-1.63281 0.20379
-1.62719 0.203125

1.23438 -0.16192
1.24219 -0.1629

1.24219 -0.1629
1.25 -0.16388

-1.625 0.202867
-1.61719 0.201941

-1.61719 0.201941
-1.60938 0.201014

-1.60938 0.201014
-1.60156 0.200085

-1.60156 0.200085
-1.59375 0.199155

-1.59375 0.199155
-1.58594 0.198224

-1.58594 0.198224
-1.57812 0.197291

-1.57812 0.197291
-1.57031 0.196357

-1.57031 0.196357
-1.5625 0.195422

-1.55469 0.194485
-1.56159 0.195312

-1.5625 0.19542
-1.56161 0.195312

-1.55469 0.194485
-1.54688 0.193548

-1.54688 0.193548
-1.53906 0.192609

-1.53906 0.192609
-1.53125 0.19167

-1.53125 0.19167
-1.52344 0.190729

-1.52344 0.190729
-1.51562 0.189788

-1.51562 0.189788
-1.50781 0.188846

-1.50781 0.188846
-1.5 0.187903

3 -0.0897661
3.01232 -0.078125

3.01387 -0.078125
3.01562 -0.0764834

3.01562 -0.0751486
3.02967 -0.0625

3.02947 -0.0625
3.03125 -0.0609192

3.03125 -0.0605872
3.0625 -0.0361554

3.0625 -0.0350119
3.125 -0.000943652

3.125 -0.000141471
3.12584 0

3.25 -0.00352581
3.41006 0

1.25781 -0.164859
1.25146 -0.164062

1.25 -0.163877
1.25148 -0.164062

1.25781 -0.164859
1.26562 -0.165837

1.26562 -0.165837
1.27344 -0.166815

1.27344 -0.166815
1.28125 -0.167792

1.28125 -0.167792
1.28906 -0.168769

1.28906 -0.168769
1.29688 -0.169745

1.29688 -0.169745
1.30469 -0.17072

3.125 0.00107021
3.25 0.0218795

3.25 0.00284957
3.5 0.00683715

1.30469 -0.17072
1.3125 -0.171695

3.5 -0.00648491
4 -0.00553845

1.32031 -0.17267
1.31394 -0.171875

1.32031 -0.17267
1.32812 -0.173643

1.3125 -0.171693
1.31396 -0.171875

1.32812 -0.173643
1.33594 -0.174616

1.33594 -0.174616
1.34375 -0.175589

1.34375 -0.175589
1.35156 -0.17656

1.35156 -0.17656
1.35938 -0.177531

1.35938 -0.177531
1.36719 -0.178502

1.36719 -0.178502
1.375 -0.179471

1.38281 -0.180441
1.37674 -0.179688

1.375 -0.179469
1.37676 -0.179688

1.38281 -0.18044
1.39062 -0.181408

1.39062 -0.181408
1.39844 -0.182375

1.39844 -0.182375
1.40625 -0.183341

1.40625 -0.183341
1.41406 -0.184307

1.41406 -0.184307
1.42188 -0.185271

1.42188 -0.185271
1.42969 -0.186234

1.42969 -0.186234
1.4375 -0.187197

1.44531 -0.18816
1.43995 -0.1875

1.44531 -0.188158
1.45312 -0.189119

1.45312 -0.189119
1.46094 -0.190078

1.46094 -0.190078
1.46875 -0.191036

1.46875 -0.191036
1.47656 -0.191993

1.47656 -0.191993
1.48438 -0.192948

1.48438 -0.192948
1.49219 -0.193902

1.49219 -0.193902
1.5 -0.194855

1.4375 -0.187194
1.43999 -0.1875

-1.49219 0.18696
-1.49666 0.1875

-1.49219 0.186959
-1.48438 0.186015

-1.48438 0.186015
-1.47656 0.185069

-1.47656 0.185069
-1.46875 0.184124

-1.46875 0.184124
-1.46094 0.183177

-1.46094 0.183177
-1.45312 0.18223

-1.45312 0.18223
-1.44531 0.181282

-1.44531 0.181282
-1.4375 0.180333

-1.5 0.187902
-1.49667 0.1875

-1.42969 0.179384
-1.43218 0.179688

-1.4375 0.180333
-1.43219 0.179688

-1.42969 0.179384
-1.42188 0.178434

-1.42188 0.178434
-1.41406 0.177483

-1.41406 0.177483
-1.40625 0.176532

-1.40625 0.176532
-1.39844 0.17558

-1.39844 0.17558
-1.39062 0.174628

-1.39062 0.174628
-1.38281 0.173674

-1.38281 0.173674
-1.375 0.172721

-1.36719 0.171766
-1.36808 0.171875

-1.36719 0.171766
-1.35938 0.170811

-1.375 0.172721
-1.36808 0.171875

-1.35938 0.170811
-1.35156 0.169855

-1.35156 0.169855
-1.34375 0.168899

-1.34375 0.168899
-1.33594 0.167941

-1.33594 0.167941
-1.32812 0.166984

-1.32812 0.166984
-1.32031 0.166025

-1.32031 0.166025
-1.3125 0.165066

-1.3125 0.165066
-1.30469 0.164107

-1.29688 0.163146
-1.30433 0.164062

-1.30469 0.164107
-1.30433 0.164062

-1.29688 0.163146
-1.28906 0.162186

-1.28906 0.162186
-1.28125 0.161224

-1.28125 0.161224
-1.27344 0.160262

-1.27344 0.160262
-1.26562 0.1593

-1.26562 0.1593
-1.25781 0.158337

-1.25781 0.158337
-1.25 0.157374

-1.23438 0.155445
-1.24089 0.15625

-1.23438 0.155445
-1.22656 0.154481

-1.22656 0.154481
-1.21875 0.153516

-1.25 0.157374
-1.24219 0.15641

-1.24219 0.15641
-1.24089 0.15625

-1.21875 0.153516
-1.21094 0.15255

-1.21094 0.15255
-1.20312 0.151585

-1.20312 0.151585
-1.19531 0.150619

-1.19531 0.150619
-1.1875 0.149652

-1.1875 0.149652
-1.17969 0.148686

-1.17188 0.147719
-1.17768 0.148438

-1.17969 0.148687
-1.17767 0.148438

-1.17188 0.147719
-1.16406 0.146752

-1.16406 0.146752
-1.15625 0.145785

-1.15625 0.145785
-1.14844 0.144817

-1.14844 0.144817
-1.14062 0.14385

-1.14062 0.14385
-1.13281 0.142882

-1.13281 0.142882
-1.125 0.141914

-1.10938 0.139976
-1.11461 0.140625

-1.125 0.141914
-1.11719 0.140945

-1.11719 0.140947
-1.11459 0.140625

-1.10938 0.139977
-1.10156 0.139008

-1.10156 0.139008
-1.09375 0.138039

-1.09375 0.138039
-1.08594 0.13707

-1.08594 0.13707
-1.07812 0.136101

-1.07812 0.136101
-1.07031 0.135132

-1.07031 0.135132
-1.0625 0.134162

-1.0625 0.134162
-1.05469 0.133192

-1.04688 0.13222
-1.05164 0.132812

-1.05469 0.133194
-1.05162 0.132812

-1.04688 0.132222
-1.03906 0.131251

-1.03906 0.131251
-1.03125 0.13028

-1.03125 0.13028
-1.02344 0.129309

-1.02344 0.129309
-1.01562 0.128337

-1.01562 0.128337
-1.00781 0.127365

-1.00781 0.127365
-1 0.126393

