-4 -0.00998542
-3.50964 0

-3.5 -0.000656436
-3.48364 0

-3.25 -0.000100576
-3.24835 0

1.5 -0.135437
1.50781 -0.136077

1.50781 -0.136077
1.51562 -0.136715

-3.5 0.0082348
-3.25 0.0182644

-3.25 0.000612199
-3.125 0.00823048

-3.125 0.00780784
-3.0625 0.0269491

-3.0625 0.0281511
-3.05624 0.03125

1.51562 -0.136715
1.52344 -0.137352

1.52344 -0.137352
1.53125 -0.137986

-3.05675 0.03125
-3.03125 0.0438808

-3.03125 0.0442051
-3.02652 0.046875

-3.02651 0.046875
-3.01562 0.0530174

-3.01562 0.053146
-3 0.0621291

1.53125 -0.137986
1.53906 -0.13862

1.53906 -0.13862
1.54688 -0.139251

1.54688 -0.139251
1.55469 -0.13988

1.55469 -0.13988
1.5625 -0.140508

1.57031 -0.141134
1.56396 -0.140625

1.57031 -0.141133
1.57812 -0.141757

1.5625 -0.140506
1.56399 -0.140625

1.57812 -0.141757
1.58594 -0.142378

1.58594 -0.142378
1.59375 -0.142997

1.59375 -0.142997
1.60156 -0.143613

1.60156 -0.143613
1.60938 -0.144227

1.60938 -0.144227
1.61719 -0.144839

1.61719 -0.144839
1.625 -0.145448

1.625 -0.145448
1.63281 -0.146055

1.63281 -0.146055
1.64062 -0.146659

1.64062 -0.146659
1.64844 -0.14726

1.64844 -0.14726
1.65625 -0.147859

1.66406 -0.148455
1.66383 -0.148438

1.65625 -0.147859
1.66383 -0.148438

1.66406 -0.148455
1.67188 -0.149049

1.67188 -0.149049
1.67969 -0.149639

1.67969 -0.149639
1.6875 -0.150227

1.6875 -0.150227
1.69531 -0.150811

1.69531 -0.150811
1.70312 -0.151393

1.70312 -0.151393
1.71094 -0.151971

1.71094 -0.151971
1.71875 -0.152547

1.71875 -0.152547
1.72656 -0.153119

1.72656 -0.153119
1.73438 -0.153688

1.73438 -0.153688
1.74219 -0.154254

1.74219 -0.154254
1.75 -0.154817

1.77344 -0.156486
1.7701 -0.15625

1.77344 -0.156486
1.78125 -0.157035

1.75 -0.154817
1.75781 -0.155376

1.75781 -0.155376
1.76562 -0.155933

1.76562 -0.155932
1.77011 -0.15625

1.78125 -0.157035
1.78906 -0.157581

1.78906 -0.157581
1.79688 -0.158124

1.79688 -0.158124
1.80469 -0.158663

1.80469 -0.158663
1.8125 -0.159198

1.8125 -0.159198
1.82031 -0.159729

1.82031 -0.159729
1.82812 -0.160257

1.82812 -0.160257
1.83594 -0.160781

1.83594 -0.160781
1.84375 -0.161301

1.84375 -0.161301
1.85156 -0.161817

1.85156 -0.161817
1.85938 -0.162329

1.85938 -0.162329
1.86719 -0.162837

1.86719 -0.162837
1.875 -0.163341

1.875 -0.163341
1.88281 -0.16384

1.89062 -0.164336
1.88631 -0.164062

1.88281 -0.16384
1.88632 -0.164062

1.89062 -0.164336
1.89844 -0.164827

1.89844 -0.164827
1.90625 -0.165313

1.90625 -0.165313
1.91406 -0.165795

1.91406 -0.165795
1.92188 -0.166272

1.92188 -0.166272
1.92969 -0.166744

1.92969 -0.166744
1.9375 -0.167211

1.9375 -0.167211
1.94531 -0.167673

1.94531 -0.167673
1.95312 -0.16813

1.95312 -0.16813
1.96094 -0.168582

1.96094 -0.168582
1.96875 -0.169028

1.96875 -0.169028
1.97656 -0.169469

1.97656 -0.169469
1.98438 -0.169904

1.98438 -0.169904
1.99219 -0.170333

1.99219 -0.170333
2 -0.170757

-2.99936 0.0625
-2.99219 0.0665855

-2.99219 0.0666498
-2.98557 0.0703125

-2.98508 0.0703125
-2.98438 0.0707043

-2.98438 0.0709351
-2.97656 0.0751017

-2.97656 0.0751051
-2.97069 0.078125

-2.97067 0.078125
-2.96875 0.0791103

-2.96875 0.0791182
-2.96094 0.0829936

-2.96094 0.082989
-2.95478 0.0859375

-2.95481 0.0859375
-2.95312 0.0867442

-2.95312 0.0867299
-2.94531 0.0903379

-2.94531 0.0903365
-2.93766 0.09375

-2.93766 0.09375
-2.9375 0.0938207

-2.9375 0.0938184
-2.92969 0.0971812

-2.92969 0.0971799
-2.92188 0.100427

-2.92188 0.100403
-2.91899 0.101562

-2.91908 0.101562
-2.91406 0.103576

-2.91406 0.103561
-2.90625 0.106591

-2.90625 0.10659
-2.89881 0.109375

-2.89882 0.109375
-2.89844 0.109519

-2.89844 0.109516
-2.89062 0.112343

-2.89062 0.112342
-2.88281 0.115075

-2.88281 0.115072
-2.87655 0.117188

-2.87658 0.117188
-2.875 0.117722

-2.875 0.117714
-2.86719 0.120265

-2.86719 0.120264
-2.85938 0.12273

-2.85938 0.122729
-2.85193 0.125

-2.85194 0.125
-2.85156 0.125114

-2.85156 0.125112
-2.84375 0.127414

-2.84375 0.127414
-2.83594 0.129639

-2.83594 0.129638
-2.82812 0.131788

-2.82812 0.131778
-2.82423 0.132812

-2.8243 0.132812
-2.82031 0.133873

-2.82031 0.133863
-2.8125 0.135869

-2.8125 0.135869
-2.80469 0.137806

-2.80469 0.137806
-2.79688 0.139677

-2.79688 0.13967
-2.79274 0.140625

-2.7928 0.140625
-2.78906 0.14149

-2.78906 0.141482
-2.78125 0.143226

-2.78125 0.143226
-2.77344 0.144909

-2.77344 0.144908
-2.76562 0.146532

-2.76562 0.146532
-2.75781 0.148098

-2.75781 0.148086
-2.756 0.148438

-2.75607 0.148438
-2.75 0.149612

-2.75 0.149608
-2.74219 0.151065

-2.74219 0.151064
-2.73438 0.152468

-2.73438 0.152468
-2.72656 0.15382

-2.72656 0.15382
-2.71875 0.155122

0 -0.00397436
0.0078125 -0.0046753

0.0078125 -0.00467531
0.015625 -0.00537636

-2.71875 0.155122
-2.71172 0.15625

-2.71173 0.15625
-2.71094 0.156377

-2.71094 0.156376
-2.70312 0.157582

0.015625 -0.00537636
0.0234375 -0.00607749

0.0234375 -0.0060775
0.03125 -0.00677869

-2.70312 0.157582
-2.69531 0.158742

-2.69531 0.158742
-2.6875 0.159857

0.03125 -0.00677869
0.0390625 -0.00747991

-2.6875 0.159857
-2.67969 0.160929

-2.67969 0.160928
-2.67188 0.161957

-2.67188 0.161957
-2.66406 0.162945

-2.66406 0.162944
-2.65625 0.163892

0.046875 -0.00819797
0.0425804 -0.0078125

0.0390625 -0.00746138
0.0429744 -0.0078125

0.046875 -0.00818116
0.0546875 -0.00888231

0.0546875 -0.00888232
0.0625 -0.00958337

-2.65625 0.163887
-2.65474 0.164062

-2.65479 0.164062
-2.64844 0.1648

0.0625 -0.00958337
0.0703125 -0.0102843

0.0703125 -0.0102843
0.078125 -0.0109851

0.078125 -0.0109851
0.0859375 -0.0116857

0.0859375 -0.0116857
0.09375 -0.0123861

-2.64844 0.164799
-2.64062 0.165668

-2.64062 0.165668
-2.63281 0.166499

-2.63281 0.166499
-2.625 0.167294

0.09375 -0.0123861
0.101562 -0.0130863

0.101562 -0.0130863
0.109375 -0.0137864

0.109375 -0.0137864
0.117188 -0.0144862

0.117188 -0.0144862
0.125 -0.0151857

-2.625 0.167294
-2.61719 0.168053

-2.61719 0.168053
-2.60938 0.168778

-2.60938 0.168777
-2.60156 0.169468

-2.60156 0.169468
-2.59375 0.170126

-2.59375 0.170126
-2.58594 0.170752

-2.58594 0.170752
-2.57812 0.171346

-2.57812 0.171346
-2.57079 0.171875

-2.57079 0.171875
-2.57031 0.17191

-2.57031 0.171909
-2.5625 0.172443

0.132812 -0.0158939
0.129809 -0.015625

0.132812 -0.015885
0.140625 -0.016584

0.125 -0.0151804
0.129967 -0.015625

0.140625 -0.016584
0.148438 -0.0172826

0.148438 -0.0172826
0.15625 -0.0179809

0.15625 -0.0179809
0.164062 -0.0186788

-2.5625 0.172443
-2.55469 0.172947

-2.55469 0.172947
-2.54688 0.173423

-2.54688 0.173423
-2.53906 0.173871

-1 0.0843531
-0.992188 0.0836689

0.164062 -0.0186788
0.171875 -0.0193764

0.171875 -0.0193764
0.179688 -0.0200736

0.179688 -0.0200736
0.1875 -0.0207706

-0.992188 0.0836689
-0.984375 0.0829844

0.1875 -0.0207706
0.195312 -0.0214672

0.195312 -0.0214672
0.203125 -0.0221635

-2.53906 0.173871
-2.53125 0.174292

-2.53125 0.174292
-2.52344 0.174686

-2.52344 0.174686
-2.51562 0.175055

0.203125 -0.0221635
0.210938 -0.0228596

-0.984375 0.0829844
-0.976562 0.0822996

-0.976562 0.0822996
-0.96875 0.0816145

-2.51562 0.175055
-2.50781 0.175399

-2.50781 0.175398
-2.5 0.175718

-0.96875 0.0816145
-0.960938 0.0809292

-0.960938 0.0809292
-0.953125 0.0802436

-0.953125 0.0802436
-0.945312 0.0795577

-0.945312 0.0795577
-0.9375 0.0788716

0.21875 -0.0235607
0.217367 -0.0234375

0.210938 -0.0228585
0.217439 -0.0234375

0.21875 -0.0235554
0.226562 -0.0242509

0.226562 -0.0242509
0.234375 -0.0249462

0.234375 -0.0249462
0.242188 -0.0256412

0.242188 -0.0256411
0.25 -0.0263359

-0.921875 0.0774984
-0.929004 0.078125

-0.9375 0.0788716
-0.929688 0.0781852

-0.929688 0.078186
-0.928994 0.078125

-0.921875 0.0774985
-0.914062 0.0768116

-0.914062 0.0768116
-0.90625 0.0761244

-0.90625 0.0761244
-0.898438 0.0754371

-0.898438 0.075437
-0.890625 0.0747495

-0.890625 0.0747495
-0.882812 0.0740619

-0.882812 0.0740619
-0.875 0.0733741

-0.875 0.0733741
-0.867188 0.0726861

-0.867188 0.0726861
-0.859375 0.071998

-0.859375 0.071998
-0.851562 0.0713099

-0.851562 0.0713099
-0.84375 0.0706215

-0.835938 0.0699308
-0.840269 0.0703125

-0.84375 0.0706243
-0.840212 0.0703125

-0.835938 0.0699331
-0.828125 0.0692445

-0.828125 0.0692445
-0.820312 0.0685558

-0.820312 0.0685558
-0.8125 0.0678671

-0.75 0.0623476
-0.751728 0.0625

-0.8125 0.0678671
-0.804688 0.0671783

-0.804688 0.0671783
-0.796875 0.0664894

-0.796875 0.0664894
-0.789062 0.0658006

-0.789062 0.0658006
-0.78125 0.0651116

-0.78125 0.0651116
-0.773438 0.0644227

0.25 -0.0263359
0.257812 -0.0270304

0.257812 -0.0270304
0.265625 -0.0277248

0.265625 -0.0277248
0.273438 -0.0284189

0.273438 -0.0284189
0.28125 -0.029113

-0.773438 0.0644227
-0.765625 0.0637336

-0.765625 0.0637336
-0.757812 0.0630446

-0.757812 0.0630467
-0.751614 0.0625

0.3125 -0.031891
0.30528 -0.03125

0.28125 -0.0291129
0.289062 -0.0298068

0.289062 -0.0298068
0.296875 -0.0305006

0.296875 -0.0305006
0.304688 -0.0311944

-2.5 0.175717
-2.49219 0.176012

-2.49219 0.176012
-2.48438 0.176284

-2.48438 0.176284
-2.47656 0.176533

0.304688 -0.0311665
0.305628 -0.03125

-2.47656 0.176533
-2.46875 0.176759

0.3125 -0.031888
0.320312 -0.0325815

0.320312 -0.0325815
0.328125 -0.033275

-2.46875 0.176759
-2.46094 0.176964

-2.46094 0.176964
-2.45312 0.177147

-2.45312 0.177147
-2.44531 0.177309

-2.44531 0.177309
-2.4375 0.177452

0.328125 -0.033275
0.335938 -0.0339685

-2.4375 0.177452
-2.42969 0.177574

-0.75 0.0623555
-0.742188 0.0616663

-2.42969 0.177574
-2.42188 0.177677

0.335938 -0.0339685
0.34375 -0.0346619

-2.42188 0.177677
-2.41406 0.177761

0.34375 -0.0346619
0.351562 -0.0353554

0.351562 -0.0353554
0.359375 -0.036049

0.359375 -0.036049
0.367188 -0.0367428

0.367188 -0.0367427
0.375 -0.0374367

-2.41406 0.177761
-2.40625 0.177827

-2.40625 0.177827
-2.39844 0.177875

-0.742188 0.0616663
-0.734375 0.0609772

-0.734375 0.0609772
-0.726562 0.0602882

-0.726562 0.0602882
-0.71875 0.0595992

0.375 -0.0374366
0.382812 -0.0381307

0.382812 -0.0381307
0.390625 -0.038825

-2.39844 0.177875
-2.39062 0.177905

-2.39062 0.177905
-2.38281 0.177918

-0.71875 0.0595992
-0.710938 0.0589104

-2.38281 0.177918
-2.375 0.177914

0.398438 -0.0395262
0.393222 -0.0390625

0.390625 -0.0388125
0.393438 -0.0390625

0.398438 -0.0395195
0.40625 -0.0402141

0.40625 -0.0402141
0.414062 -0.0409089

-0.710938 0.0589104
-0.703125 0.0582216

-0.703125 0.0582216
-0.695312 0.0575331

0.414062 -0.0409089
0.421875 -0.0416039

-0.695312 0.0575331
-0.6875 0.0568446

-2.375 0.177914
-2.36719 0.177893

-2.36719 0.177893
-2.35938 0.177857

-2.35938 0.177857
-2.35156 0.177805

-0.6875 0.0568446
-0.679688 0.0561564

-0.679688 0.0561564
-0.671875 0.0554683

0.421875 -0.0416039
0.429688 -0.0422989

-0.671875 0.0554683
-0.664062 0.0547804

-2.35156 0.177805
-2.34375 0.177738

-0.65625 0.0540924
-0.66301 0.0546875

0.429688 -0.0422989
0.4375 -0.0429941

-0.664062 0.0547821
-0.662988 0.0546875

-2.34375 0.177738
-2.33594 0.177656

0.4375 -0.0429941
0.445312 -0.0436895

0.445312 -0.0436895
0.453125 -0.044385

-0.65625 0.0540927
-0.648438 0.0534052

-2.33594 0.177656
-2.32812 0.17756

-0.648438 0.0534052
-0.640625 0.0527179

0.453125 -0.044385
0.460938 -0.0450807

-0.640625 0.0527179
-0.632812 0.0520309

-2.32812 0.17756
-2.32031 0.177449

-2.32031 0.177449
-2.3125 0.177324

0.460938 -0.0450807
0.46875 -0.0457765

0.484375 -0.0471736
0.481024 -0.046875

-0.632812 0.0520309
-0.625 0.0513441

0.46875 -0.0457765
0.476562 -0.0464725

0.476562 -0.0464689
0.48112 -0.046875

0.484375 -0.0471687
0.492188 -0.0478649

0.492188 -0.0478649
0.5 -0.0485612

-0.625 0.0513441
-0.617188 0.0506576

-0.617188 0.0506576
-0.609375 0.0499713

-2.3125 0.177324
-2.30469 0.177186

-2.30469 0.177186
-2.29688 0.177035

-2.29688 0.177035
-2.28906 0.176871

-0.609375 0.0499713
-0.601562 0.0492853

-0.601562 0.0492853
-0.59375 0.0485995

-2.28906 0.176871
-2.28125 0.176695

-2.28125 0.176695
-2.27344 0.176506

-0.59375 0.0485995
-0.585938 0.047914

-0.585938 0.047914
-0.578125 0.0472286

-0.570312 0.0465391
-0.574142 0.046875

2 -0.170757
2.00781 -0.171174

-2.27344 0.176506
-2.26562 0.176306

-2.26562 0.176306
-2.25781 0.176094

-0.570312 0.0465433
-0.5625 0.0458582

-0.578125 0.0472325
-0.574049 0.046875

-2.25781 0.176093
-2.25 0.17587

2.00781 -0.171174
2.01562 -0.171586

2.02344 -0.171991
2.0212 -0.171875

2.02344 -0.171991
2.03125 -0.172389

2.01562 -0.171586
2.0212 -0.171875

2.03125 -0.172389
2.03906 -0.172781

2.03906 -0.172781
2.04688 -0.173166

2.04688 -0.173166
2.05469 -0.173544

2.05469 -0.173544
2.0625 -0.173915

-0.5625 0.0458582
-0.554688 0.0451733

2.0625 -0.173915
2.07031 -0.174279

2.07031 -0.174279
2.07812 -0.174635

2.07812 -0.174635
2.08594 -0.174983

-0.554688 0.0451733
-0.546875 0.0444885

-0.546875 0.0444885
-0.539062 0.0438038

-0.539062 0.0438038
-0.53125 0.0431192

-0.53125 0.0431192
-0.523438 0.0424347

-0.523438 0.0424347
-0.515625 0.0417502

-2.25 0.17587
-2.24219 0.175636

-2.24219 0.175635
-2.23438 0.17539

-2.23438 0.17539
-2.22656 0.175134

-2.22656 0.175134
-2.21875 0.174868

2.08594 -0.174983
2.09375 -0.175323

2.09375 -0.175323
2.10156 -0.175655

-0.515625 0.0417502
-0.507812 0.0410657

-0.507812 0.0410657
-0.5 0.0403811

-2.21875 0.174868
-2.21094 0.174592

-2.21094 0.174592
-2.20312 0.174306

-2.20312 0.174306
-2.19531 0.174011

-2.19531 0.174011
-2.1875 0.173706

2.10156 -0.175656
2.10938 -0.175979

2.10938 -0.175979
2.11719 -0.176295

2.11719 -0.176295
2.125 -0.176601

-2.1875 0.173706
-2.17969 0.173392

-2.17969 0.173392
-2.17188 0.17307

-2.17188 0.17307
-2.16406 0.172738

-2.16406 0.172738
-2.15625 0.172398

-2.14062 0.171693
-2.14461 0.171875

-2.15625 0.172398
-2.14844 0.17205

-2.14844 0.17205
-2.1446 0.171875

-2.14062 0.171693
-2.13281 0.171329

-2.13281 0.171329
-2.125 0.170957

2.125 -0.176601
2.13281 -0.176899

2.13281 -0.176899
2.14062 -0.177188

2.14062 -0.177188
2.14844 -0.177467

2.14844 -0.177467
2.15625 -0.177737

2.15625 -0.177737
2.16406 -0.177996

2.16406 -0.177996
2.17188 -0.178246

2.17188 -0.178246
2.17969 -0.178486

2.17969 -0.178486
2.1875 -0.178715

-2.125 0.170957
-2.11719 0.170577

-2.11719 0.170577
-2.10938 0.17019

-2.10938 0.17019
-2.10156 0.169796

2.1875 -0.178715
2.19531 -0.178933

2.19531 -0.178933
2.20312 -0.17914

2.20312 -0.17914
2.21094 -0.179335

2.21094 -0.179336
2.21875 -0.17952

-2.10156 0.169796
-2.09375 0.169394

-2.09375 0.169394
-2.08594 0.168986

2.22656 -0.179692
2.22637 -0.179688

2.21875 -0.17952
2.22637 -0.179688

2.22656 -0.179692
2.23438 -0.179852

2.23438 -0.179852
2.24219 -0.179999

2.24219 -0.179999
2.25 -0.180134

0.5 -0.0485612
0.507812 -0.0492576

0.507812 -0.0492576
0.515625 -0.0499542

0.515625 -0.0499542
0.523438 -0.0506508

0.523438 -0.0506508
0.53125 -0.0513475

-2.08594 0.168986
-2.07812 0.168572

-2.07812 0.168572
-2.07031 0.168151

-2.07031 0.168151
-2.0625 0.167724

0.53125 -0.0513475
0.539062 -0.0520444

0.539062 -0.0520444
0.546875 -0.0527414

-2.0625 0.167724
-2.05469 0.167291

-2.05469 0.167291
-2.04688 0.166851

-2.04688 0.166851
-2.03906 0.166406

-2.03906 0.166406
-2.03125 0.165956

-2.03125 0.165956
-2.02344 0.1655

-2.02344 0.1655
-2.01562 0.165039

-2.01562 0.165039
-2.00781 0.164572

0.546875 -0.0527414
0.554688 -0.0534385

0.554688 -0.0534386
0.5625 -0.0541358

-2.00781 0.164572
-2 0.1641

0.570312 -0.0548356
0.568653 -0.0546875

0.5625 -0.0541351
0.568688 -0.0546875

0.570312 -0.0548332
0.578125 -0.0555305

0.578125 -0.0555305
0.585938 -0.0562278

0.585938 -0.0562278
0.59375 -0.056925

2.25 -0.180134
2.25781 -0.180255

0.59375 -0.0569251
0.601562 -0.0576222

0.601562 -0.0576222
0.609375 -0.0583191

0.609375 -0.0583191
0.617188 -0.0590159

0.617188 -0.0590159
0.625 -0.0597125

2.25781 -0.180255
2.26562 -0.180363

2.26562 -0.180363
2.27344 -0.180457

2.27344 -0.180457
2.28125 -0.180537

2.28125 -0.180537
2.28906 -0.180603

2.28906 -0.180603
2.29688 -0.180653

2.29688 -0.180654
2.30469 -0.180689

2.30469 -0.180689
2.3125 -0.180709

0.664062 -0.0631917
0.656289 -0.0625

0.664062 -0.0631915
0.671875 -0.0638863

2.3125 -0.180709
2.32031 -0.180713

2.32031 -0.180713
2.32812 -0.1807

2.32812 -0.1807
2.33594 -0.180671

0.671875 -0.0638863
0.679688 -0.0645807

0.679688 -0.0645807
0.6875 -0.0652747

0.625 -0.0597125
0.632812 -0.0604088

2.33594 -0.180671
2.34375 -0.180625

2.34375 -0.180625
2.35156 -0.180561

2.35156 -0.180561
2.35938 -0.180479

0.632812 -0.0604088
0.640625 -0.0611049

0.640625 -0.0611049
0.648438 -0.0618007

0.648438 -0.0618007
0.65625 -0.0624963

-0.0390625 -0.000496207
-0.0446007 0

-0.0390625 -0.000471771
-0.03125 -0.00117195

0.65625 -0.0624831
0.65644 -0.0625

0.6875 -0.0652747
0.695312 -0.0659683

0.695312 -0.0659683
0.703125 -0.0666617

0.703125 -0.0666617
0.710938 -0.0673547

0.710938 -0.0673547
0.71875 -0.0680475

2.35938 -0.180479
2.36719 -0.180378

2.36719 -0.180379
2.375 -0.180259

-0.03125 -0.00117195
-0.0234375 -0.00187231

-0.0234375 -0.00187231
-0.015625 -0.00257284

-0.015625 -0.00257284
-0.0078125 -0.00327353

-0.0078125 -0.00327353
0 -0.00397435

0.71875 -0.0680474
0.726562 -0.06874

0.726562 -0.06874
0.734375 -0.0694323

0.734375 -0.0694323
0.742188 -0.0701244

0.75 -0.0708187
0.744284 -0.0703125

0.742188 -0.0701179
0.744385 -0.0703125

2.375 -0.180259
2.38281 -0.180121

2.38281 -0.180121
2.39062 -0.179962

2.39062 -0.179962
2.39844 -0.179784

2.39844 -0.179784
2.4022 -0.179688

2.4022 -0.179688
2.40625 -0.179584

2.40625 -0.179584
2.41406 -0.179363

2.41406 -0.179363
2.42188 -0.179121

2.42188 -0.179121
2.42969 -0.178856

2.42969 -0.178856
2.4375 -0.178568

-0.5 0.0403811
-0.492188 0.0396965

-0.484375 0.0389977
-0.485115 0.0390625

-0.492188 0.0396978
-0.484939 0.0390625

2.4375 -0.178569
2.44531 -0.178257

2.44531 -0.178257
2.45312 -0.177922

2.45312 -0.177922
2.46094 -0.177562

-0.484375 0.0390118
-0.476562 0.0383269

-0.476562 0.0383269
-0.46875 0.0376418

2.46094 -0.177563
2.46875 -0.177178

0.75 -0.0708163
0.757812 -0.0715079

-0.46875 0.0376418
-0.460938 0.0369566

0.757812 -0.0715079
0.765625 -0.0721992

2.46875 -0.177178
2.47656 -0.176767

2.47656 -0.176767
2.48438 -0.17633

-0.460938 0.0369567
-0.453125 0.0362713

2.48438 -0.17633
2.49219 -0.175865

0.765625 -0.0721992
0.773438 -0.0728902

2.49219 -0.175865
2.5 -0.175373

-0.453125 0.0362713
-0.445312 0.0355857

-0.445312 0.0355857
-0.4375 0.0348999

0.773438 -0.0728902
0.78125 -0.073581

-0.4375 0.0348999
-0.429688 0.0342139

-0.429688 0.0342139
-0.421875 0.0335276

-0.421875 0.0335276
-0.414062 0.032841

-0.414062 0.0328411
-0.40625 0.0321542

0.78125 -0.073581
0.789062 -0.0742714

0.789062 -0.0742714
0.796875 -0.0749616

0.796875 -0.0749616
0.804688 -0.0756515

0.804688 -0.0756515
0.8125 -0.0763411

-0.390625 0.0307774
-0.395994 0.03125

-0.390625 0.0307793
-0.382812 0.0300914

-0.382812 0.0300914
-0.375 0.0294031

-0.40625 0.0321542
-0.398438 0.0314669

0.8125 -0.0763411
0.820312 -0.0770304

0.820312 -0.0770304
0.828125 -0.0777194

0.835938 -0.0784105
0.832698 -0.078125

0.835938 -0.078408
0.84375 -0.0790962

0.828125 -0.0777176
0.832747 -0.078125

0.84375 -0.0790962
0.851562 -0.079784

-0.398438 0.031471
-0.395926 0.03125

0.851562 -0.079784
0.859375 -0.0804712

0.859375 -0.0804712
0.867188 -0.0811579

0.867188 -0.0811579
0.875 -0.0818442

-0.375 0.0294031
-0.367188 0.0287145

-0.367188 0.0287145
-0.359375 0.0280256

-0.359375 0.0280256
-0.351562 0.0273363

-0.351562 0.0273363
-0.34375 0.0266466

-0.34375 0.0266466
-0.335938 0.0259566

-0.335938 0.0259566
-0.328125 0.0252663

-0.328125 0.0252663
-0.320312 0.0245755

-0.320312 0.0245756
-0.3125 0.0238845

0.875 -0.0818442
0.882812 -0.0825299

0.882812 -0.0825299
0.890625 -0.0832151

-0.304688 0.0231829
-0.307564 0.0234375

-0.3125 0.0238901
-0.307386 0.0234375

-0.304688 0.023193
-0.296875 0.0225012

0.890625 -0.083215
0.898438 -0.0838997

0.898438 -0.0838997
0.90625 -0.084584

-0.296875 0.0225012
-0.289062 0.0218091

-0.289062 0.0218091
-0.28125 0.0211167

-0.28125 0.0211167
-0.273438 0.020424

-0.273438 0.020424
-0.265625 0.019731

-0.265625 0.019731
-0.257812 0.0190377

0.90625 -0.084584
0.914062 -0.0852677

0.921875 -0.0859513
0.921717 -0.0859375

0.914062 -0.0852677
0.92172 -0.0859375

-0.257812 0.0190377
-0.25 0.0183442

0.921875 -0.0859511
0.929688 -0.086634

0.929688 -0.086634
0.9375 -0.0873165

0.9375 -0.0873165
0.945312 -0.0879986

0.945312 -0.0879986
0.953125 -0.0886803

0.953125 -0.0886803
0.960938 -0.0893617

0.960938 -0.0893617
0.96875 -0.0900428

0.96875 -0.0900428
0.976562 -0.0907238

0.976562 -0.0907238
0.984375 -0.0914046

0.984375 -0.0914046
0.992188 -0.0920854

0.992188 -0.0920854
1 -0.0927661

-0.25 0.0183442
-0.242188 0.0176503

-0.242188 0.0176503
-0.234375 0.0169563

-0.21875 0.0155423
-0.21968 0.015625

-0.234375 0.0169563
-0.226562 0.0162619

-0.226562 0.0162646
-0.219368 0.015625

-0.21875 0.0155673
-0.210938 0.0148724

-0.210938 0.0148724
-0.203125 0.0141773

-0.203125 0.0141773
-0.195312 0.013482

-0.195312 0.013482
-0.1875 0.0127864

-0.1875 0.0127864
-0.179688 0.0120907

-0.179688 0.0120907
-0.171875 0.0113948

-0.171875 0.0113948
-0.164062 0.0106986

-0.164062 0.0106986
-0.15625 0.0100023

-0.15625 0.0100023
-0.148438 0.00930568

-0.148438 0.00930568
-0.140625 0.00860884

-0.140625 0.00860885
-0.132812 0.00791176

-0.125 0.00721228
-0.131724 0.0078125

-0.132812 0.00792382
-0.131565 0.0078125

2.5 -0.175373
2.50781 -0.174852

2.50781 -0.174852
2.51562 -0.174302

2.51562 -0.174302
2.52344 -0.173721

2.52344 -0.173722
2.53125 -0.17311

2.53125 -0.17311
2.53906 -0.172468

2.53906 -0.172468
2.54593 -0.171875

2.54589 -0.171875
2.54688 -0.17179

2.54688 -0.171793
2.55469 -0.171085

2.55469 -0.171085
2.5625 -0.170343

-0.125 0.0072144
-0.117188 0.00651684

2.5625 -0.170343
2.57031 -0.169566

2.57031 -0.169566
2.57812 -0.168754

2.57812 -0.168754
2.58594 -0.167905

-0.117188 0.00651684
-0.109375 0.00581906

-0.109375 0.00581906
-0.101562 0.00512106

-0.101562 0.00512106
-0.09375 0.00442282

-0.09375 0.00442282
-0.0859375 0.00372435

2.58594 -0.167905
2.59375 -0.167018

2.59375 -0.167018
2.60156 -0.166092

-0.0859375 0.00372435
-0.078125 0.00302563

-0.078125 0.00302563
-0.0703125 0.00232666

-0.0703125 0.00232667
-0.0625 0.00162744

2.60156 -0.166093
2.60938 -0.165127

2.60938 -0.165128
2.61719 -0.164121

2.61719 -0.164122
2.61763 -0.164062

-0.0625 0.00162744
-0.0546875 0.000927964

-0.0546875 0.000927971
-0.046875 0.000228231

-0.046875 0.000275206
-0.0438034 0

2.61763 -0.164062
2.625 -0.163073

-1.99219 0.163624
-1.99938 0.164062

-2 0.164101
-1.99938 0.164062

-1.99219 0.163624
-1.98438 0.163142

-1.98438 0.163142
-1.97656 0.162656

-1.97656 0.162656
-1.96875 0.162165

-1.96875 0.162165
-1.96094 0.16167

-1.96094 0.16167
-1.95312 0.161171

2.625 -0.163074
2.63281 -0.161983

2.63281 -0.161983
2.64062 -0.160848

-1.95312 0.161171
-1.94531 0.160667

-1.94531 0.160667
-1.9375 0.160159

2.64062 -0.160848
2.64844 -0.159668

-1.9375 0.160159
-1.92969 0.159647

-1.92969 0.159647
-1.92188 0.159132

-1.92188 0.159132
-1.91406 0.158612

-1.91406 0.158612
-1.90625 0.158089

-1.875 0.155958
-1.87924 0.15625

-1.90625 0.158089
-1.89844 0.157562

-1.89844 0.157562
-1.89062 0.157031

-1.89062 0.157031
-1.88281 0.156496

-1.88281 0.156497
-1.87922 0.15625

2.64844 -0.159668
2.65625 -0.158441

2.65625 -0.158441
2.66406 -0.157167

2.66406 -0.157171
2.6695 -0.15625

2.66942 -0.15625
2.67188 -0.155834

2.67188 -0.155844
2.67969 -0.15447

2.67969 -0.154471
2.6875 -0.153046

-1.875 0.155958
-1.86719 0.155417

-1.86719 0.155417
-1.85938 0.154872

-1.85938 0.154872
-1.85156 0.154324

2.6875 -0.153046
2.69531 -0.151569

2.69531 -0.151569
2.70312 -0.150037

2.70312 -0.150038
2.71094 -0.148449

2.71094 -0.148449
2.71099 -0.148438

2.71099 -0.148438
2.71875 -0.146802

2.71875 -0.146802
2.72656 -0.145095

2.72656 -0.145095
2.73438 -0.143326

2.73438 -0.143326
2.74219 -0.141493

2.74219 -0.141503
2.7458 -0.140625

-1.85156 0.154324
-1.84375 0.153772

-1.84375 0.153772
-1.83594 0.153217

-1.83594 0.153217
-1.82812 0.152659

-1.82812 0.152659
-1.82031 0.152098

2.74572 -0.140625
2.75 -0.139585

-1.82031 0.152098
-1.8125 0.151534

-1.8125 0.151533
-1.80469 0.150966

-1.80469 0.150966
-1.79688 0.150396

-1.79688 0.150396
-1.78906 0.149823

-1.78906 0.149823
-1.78125 0.149247

-1.78125 0.149247
-1.77344 0.148669

-1.76562 0.148087
-1.77034 0.148438

-1.77344 0.14867
-1.77032 0.148438

-1.76562 0.148087
-1.75781 0.147504

-1.75781 0.147504
-1.75 0.146917

2.75 -0.139594
2.75781 -0.137627

2.75781 -0.137627
2.76562 -0.13559

2.76562 -0.13559
2.77344 -0.133481

2.77344 -0.133493
2.77587 -0.132812

2.77581 -0.132812
2.78125 -0.131292

2.78125 -0.131298
2.78906 -0.129038

2.78906 -0.129039
2.79688 -0.1267

2.79688 -0.126714
2.80241 -0.125

2.80227 -0.125
2.80469 -0.12425

2.80469 -0.124281
2.8125 -0.121777

-1.75 0.146917
-1.74219 0.146328

-1.74219 0.146328
-1.73438 0.145736

2.8125 -0.121778
2.82031 -0.119187

2.82031 -0.119201
2.82618 -0.117188

2.82603 -0.117188
2.82812 -0.116469

2.82812 -0.116508
2.83594 -0.113734

2.83594 -0.113735
2.84375 -0.110866

2.84375 -0.110889
2.84773 -0.109375

-1.73438 0.145736
-1.72656 0.145143

-1.72656 0.145143
-1.71875 0.144547

-1.71875 0.144546
-1.71094 0.143948

-1.71094 0.143948
-1.70312 0.143348

-1.70312 0.143348
-1.69531 0.142745

2.84761 -0.109375
2.85156 -0.107874

2.85156 -0.107898
2.85938 -0.104824

2.85938 -0.104825
2.86719 -0.101644

2.86719 -0.101647
2.86739 -0.101562

2.86738 -0.101562
2.875 -0.0983508

-1.69531 0.142745
-1.6875 0.14214

-1.6875 0.14214
-1.67969 0.141533

-1.67969 0.141533
-1.67188 0.140924

-1.66406 0.140312
-1.66806 0.140625

-1.66406 0.140313
-1.65625 0.1397

-1.67188 0.140925
-1.66804 0.140625

2.875 -0.0983523
2.88281 -0.0949414

2.88281 -0.0949701
2.88551 -0.09375

-1.65625 0.1397
-1.64844 0.139085

-1.64844 0.139085
-1.64062 0.138468

-1.64062 0.138468
-1.63281 0.13785

2.88542 -0.09375
2.89062 -0.0913954

2.89062 -0.091411
2.89844 -0.0877505

2.89844 -0.0877842
2.90224 -0.0859375

2.90211 -0.0859375
2.90625 -0.0839284

-1.63281 0.13785
-1.625 0.13723

2.90625 -0.0839596
2.91406 -0.0800259

2.91406 -0.0800606
2.91777 -0.078125

2.91765 -0.078125
2.92188 -0.0759185

2.92188 -0.0759493
2.92969 -0.071715

2.92969 -0.0717512
2.93224 -0.0703125

2.93215 -0.0703125
2.9375 -0.0673043

2.9375 -0.067323
2.94531 -0.0627555

2.94531 -0.062763
2.94576 -0.0625

-1.625 0.13723
-1.61719 0.136608

2.94574 -0.0625
2.95312 -0.058009

2.95312 -0.0580545
2.95845 -0.0546875

2.95825 -0.0546875
2.96094 -0.0529891

1.01562 -0.0941296
1.01127 -0.09375

-1.61719 0.136608
-1.60938 0.135985

-1.60938 0.135985
-1.60156 0.13536

2.96094 -0.0530754
2.96875 -0.0479317

-1.60156 0.13536
-1.59375 0.134734

1.01562 -0.0941276
1.02344 -0.0948082

1.02344 -0.0948082
1.03125 -0.0954888

2.96875 -0.0479514
2.97039 -0.046875

2.97028 -0.046875
2.97656 -0.0425646

-1.59375 0.134734
-1.58594 0.134106

-1.58594 0.134106
-1.57812 0.133477

1 -0.0927661
1.00781 -0.0934468

-1.57812 0.133477
-1.57031 0.132847

2.97656 -0.0427318
2.98169 -0.0390625

2.98111 -0.0390625
2.98438 -0.0367462

1.00781 -0.0934443
1.01132 -0.09375

2.98438 -0.0369884
2.99206 -0.03125

1.03125 -0.0954888
1.03906 -0.0961693

2.99215 -0.03125
2.99219 -0.0312244

2.99219 -0.0311843
3 -0.02504

-1.5625 0.132215
-1.56989 0.132812

-1.57031 0.132847
-1.56989 0.132812

1.03906 -0.0961693
1.04688 -0.0968497

1.04688 -0.0968497
1.05469 -0.09753

1.05469 -0.09753
1.0625 -0.0982102

-1.5625 0.132215
-1.55469 0.131581

-1.55469 0.131581
-1.54688 0.130947

-1.54688 0.130947
-1.53906 0.130311

-1.53906 0.130311
-1.53125 0.129674

1.0625 -0.0982102
1.07031 -0.0988902

1.07031 -0.0988902
1.07812 -0.0995701

1.07812 -0.0995701
1.08594 -0.10025

1.08594 -0.10025
1.09375 -0.100929

-1.53125 0.129674
-1.52344 0.129036

-1.52344 0.129036
-1.51562 0.128396

1.10156 -0.101609
1.10103 -0.101562

1.09375 -0.100929
1.10103 -0.101562

1.10156 -0.101609
1.10938 -0.102288

1.10938 -0.102288
1.11719 -0.102966

1.11719 -0.102966
1.125 -0.103644

-1.51562 0.128396
-1.50781 0.127755

-1.50781 0.127755
-1.5 0.127114

1.125 -0.103644
1.13281 -0.104322

1.13281 -0.104322
1.14062 -0.104999

1.14062 -0.104999
1.14844 -0.105676

1.14844 -0.105676
1.15625 -0.106352

1.15625 -0.106352
1.16406 -0.107028

1.16406 -0.107028
1.17188 -0.107703

1.17188 -0.107703
1.17969 -0.108378

1.17969 -0.108378
1.1875 -0.109052

1.19531 -0.109728
1.19122 -0.109375

1.19531 -0.109726
1.20312 -0.110399

1.1875 -0.109051
1.19126 -0.109375

1.20312 -0.110399
1.21094 -0.111071

1.21094 -0.111071
1.21875 -0.111743

1.21875 -0.111743
1.22656 -0.112414

1.22656 -0.112414
1.23438 -0.113085

1.23438 -0.113085
1.24219 -0.113754

1.24219 -0.113754
1.25 -0.114423

3 -0.0247456
3.01203 -0.015625

3.01368 -0.015625
3.01562 -0.0141887

3.01562 -0.01295
3.03125 -0.00183253

3.03125 -0.00124856
3.03336 0

3.03372 0
3.0625 0.0170088

3.0625 0.0182234
3.125 0.0401863

3.125 0.0406952
3.25 0.042763

3.25 0.0212684
3.5 0.00571934

3.5 -0.000443198
4 -0.0143001

3.5 0.0020277
3.57317 0

1.375 -0.125036
1.37457 -0.125

1.25 -0.114423
1.25781 -0.115092

1.25781 -0.115092
1.26562 -0.11576

1.26562 -0.11576
1.27344 -0.116427

1.27344 -0.116427
1.28125 -0.117093

1.28906 -0.11776
1.28235 -0.117188

1.28125 -0.117089
1.2824 -0.117188

1.28906 -0.117759
1.29688 -0.118424

1.29688 -0.118424
1.30469 -0.119089

1.30469 -0.119089
1.3125 -0.119752

1.3125 -0.119752
1.32031 -0.120415

1.32031 -0.120415
1.32812 -0.121078

1.32812 -0.121078
1.33594 -0.121739

1.33594 -0.121739
1.34375 -0.1224

1.34375 -0.1224
1.35156 -0.12306

1.35156 -0.12306
1.35938 -0.123719

1.35938 -0.123719
1.36719 -0.124378

1.36719 -0.124378
1.37457 -0.125

1.375 -0.125036
1.38281 -0.125693

1.38281 -0.125693
1.39062 -0.12635

1.39062 -0.12635
1.39844 -0.127005

1.39844 -0.127005
1.40625 -0.12766

1.40625 -0.12766
1.41406 -0.128314

1.41406 -0.128314
1.42188 -0.128967

1.42188 -0.128967
1.42969 -0.129618

1.42969 -0.129619
1.4375 -0.130269

1.4375 -0.130269
1.44531 -0.130919

1.44531 -0.130919
1.45312 -0.131568

1.45312 -0.131568
1.46094 -0.132216

1.46875 -0.132863
1.46814 -0.132812

1.46094 -0.132216
1.46814 -0.132812

1.46875 -0.132863
1.47656 -0.133509

1.47656 -0.133509
1.48438 -0.134153

1.48438 -0.134153
1.49219 -0.134796

1.49219 -0.134796
1.5 -0.135437

-1.46875 0.124535
-1.47437 0.125

-1.46875 0.124535
-1.46094 0.123888

-1.46094 0.123888
-1.45312 0.123239

-1.45312 0.123239
-1.44531 0.12259

-1.44531 0.12259
-1.4375 0.121939

-1.4375 0.121939
-1.42969 0.121288

-1.42969 0.121288
-1.42188 0.120635

-1.42188 0.120635
-1.41406 0.119982

-1.41406 0.119982
-1.40625 0.119328

-1.40625 0.119328
-1.39844 0.118673

-1.39844 0.118673
-1.39062 0.118016

-1.39062 0.118016
-1.38281 0.117359

-1.375 0.116701
-1.38078 0.117188

-1.38281 0.11736
-1.38076 0.117188

-1.5 0.127114
-1.49219 0.126471

-1.49219 0.126471
-1.48438 0.125827

-1.48438 0.125827
-1.47656 0.125181

-1.47656 0.125183
-1.47436 0.125

-1.375 0.116701
-1.36719 0.116042

-1.36719 0.116042
-1.35938 0.115382

-1.35938 0.115382
-1.35156 0.114722

-1.35156 0.114722
-1.34375 0.11406

-1.34375 0.11406
-1.33594 0.113398

-1.33594 0.113398
-1.32812 0.112734

-1.32812 0.112734
-1.32031 0.11207

-1.32031 0.11207
-1.3125 0.111405

-1.3125 0.111405
-1.30469 0.11074

-1.30469 0.11074
-1.29688 0.110073

-1.28125 0.108738
-1.2887 0.109375

-1.29688 0.110073
-1.28906 0.109406

-1.28906 0.109406
-1.2887 0.109375

-1.28125 0.108738
-1.27344 0.108069

-1.27344 0.108069
-1.26562 0.107399

-1.26562 0.107399
-1.25781 0.106729

-1.25781 0.106729
-1.25 0.106058

-1.25 0.106058
-1.24219 0.105387

-1.24219 0.105387
-1.23438 0.104715

-1.23438 0.104715
-1.22656 0.104043

-1.22656 0.104043
-1.21875 0.10337

-1.21875 0.10337
-1.21094 0.102697

-1.21094 0.102697
-1.20312 0.102023

-1.19531 0.101345
-1.19783 0.101562

-1.20312 0.102024
-1.19777 0.101562

-1.19531 0.101348
-1.1875 0.100673

-1.1875 0.100673
-1.17969 0.0999979

-1.17969 0.0999979
-1.17188 0.0993219

-1.17188 0.0993219
-1.16406 0.0986455

-1.16406 0.0986455
-1.15625 0.0979687

-1.15625 0.0979687
-1.14844 0.0972914

-1.14844 0.0972914
-1.14062 0.0966137

-1.14062 0.0966137
-1.13281 0.0959355

-1.13281 0.0959355
-1.125 0.095257

-1.10156 0.0932185
-1.10767 0.09375

-1.10156 0.0932189
-1.09375 0.0925388

-1.125 0.095257
-1.11719 0.0945781

-1.11719 0.0945781
-1.10938 0.0938987

-1.10938 0.0939001
-1.10765 0.09375

-1.09375 0.0925388
-1.08594 0.0918583

-1.08594 0.0918583
-1.07812 0.0911775

-1.07812 0.0911775
-1.07031 0.0904964

-1.07031 0.0904964
-1.0625 0.0898151

-1.0625 0.0898151
-1.05469 0.0891334

-1.05469 0.0891334
-1.04688 0.0884515

-1.04688 0.0884515
-1.03906 0.0877693

-1.03906 0.0877693
-1.03125 0.0870867

-1.03125 0.0870867
-1.02344 0.0864039

-1.01562 0.0857165
-1.01815 0.0859375

-1.02344 0.0864058
-1.01808 0.0859375

-1.01562 0.0857206
-1.00781 0.085037

-1.00781 0.085037
-1 0.0843531

