-4 -0.0132491
-3.66012 0

-3.59031 0
-3.5 0.00352031

1.5 -0.192523
1.51562 -0.194439

1.51562 -0.194439
1.53125 -0.196349

1.53125 -0.19635
1.54688 -0.198254

1.54688 -0.198254
1.5625 -0.200153

1.5625 -0.200153
1.57812 -0.202044

1.59375 -0.203958
1.58683 -0.203125

1.57812 -0.20202
1.58729 -0.203125

1.59375 -0.203927
1.60938 -0.205801

1.60938 -0.205801
1.625 -0.207665

1.625 -0.207665
1.64062 -0.209519

0 -0.00467907
0.015625 -0.00664274

-1 0.123022
-0.984375 0.121019

-0.984375 0.121018
-0.96875 0.119012

-0.96875 0.119012
-0.953125 0.117004

-0.953125 0.117003
-0.9375 0.114996

-0.9375 0.114995
-0.921875 0.11299

-0.921875 0.11299
-0.90625 0.110989

-0.890625 0.108987
-0.89366 0.109375

-0.90625 0.110989
-0.893609 0.109375

-0.890625 0.108992
-0.875 0.107004

-0.875 0.107004
-0.859375 0.105024

-0.859375 0.105024
-0.84375 0.103053

-0.84375 0.103053
-0.828125 0.101093

-0.828125 0.101093
-0.8125 0.0991425

-0.8125 0.0991426
-0.796875 0.097202

-0.796875 0.0972021
-0.78125 0.0952708

-0.765625 0.0933129
-0.769178 0.09375

0.015625 -0.00664274
0.03125 -0.00859458

-0.765625 0.0933485
-0.75 0.0914338

-0.78125 0.0952808
-0.76881 0.09375

0.03125 -0.00859457
0.046875 -0.0105346

0.046875 -0.0105346
0.0625 -0.012463

1.64062 -0.209519
1.65625 -0.211362

-0.75 0.0914341
-0.734375 0.0895266

0.0625 -0.012463
0.078125 -0.0143797

-3.5 0.00154279
-3.25 0.0287609

1.65625 -0.211362
1.67188 -0.213195

-3.25 0.0108418
-3.125 0.0412763

-0.734375 0.0895269
-0.71875 0.0876252

0.09375 -0.0163387
0.0878968 -0.015625

-0.71875 0.0876256
-0.703125 0.0857279

-3.125 0.0443937
-3.0925 0.0625

1.67188 -0.213195
1.6875 -0.215018

-3.09444 0.0625
-3.0625 0.0802931

0.078125 -0.0143504
0.0885791 -0.015625

-0.703125 0.0857284
-0.6875 0.0838329

-3.0625 0.0810656
-3.04408 0.09375

-0.6875 0.0838334
-0.671875 0.0819381

-0.671875 0.0819385
-0.65625 0.0800415

-3.04466 0.09375
-3.03125 0.102985

-3.03125 0.103417
-3.00117 0.125

0.09375 -0.0162849
0.109375 -0.0181782

-0.640625 0.0780426
-0.641303 0.078125

1.6875 -0.215018
1.70312 -0.216831

-3.00131 0.125
-3 0.125896

0.109375 -0.0181781
0.125 -0.0200596

-0.65625 0.0800437
-0.640625 0.0781431

-0.625 0.076236
-0.640489 0.078125

1.70312 -0.216831
1.71875 -0.218633

-0.640625 0.0781433
-0.640475 0.078125

0.125 -0.0200595
0.140625 -0.0219295

0.140625 -0.0219293
0.15625 -0.0237883

1.73438 -0.220428
1.71974 -0.21875

0.15625 -0.0237882
0.171875 -0.0256368

-0.625 0.0762364
-0.609375 0.0743248

0.171875 -0.0256366
0.1875 -0.0274754

1.73438 -0.220425
1.75 -0.222206

1.71875 -0.218594
1.72011 -0.21875

-0.609375 0.0743251
-0.59375 0.0724059

-0.59375 0.0724062
-0.578125 0.0704783

0.1875 -0.0274753
0.203125 -0.0293052

-0.578125 0.0704785
-0.5625 0.0685405

-3 0.126358
-2.96875 0.147332

0.203125 -0.0293052
0.21875 -0.0311262

1.75 -0.222206
1.76562 -0.223976

-0.5 0.0606753
-0.514375 0.0625

0.234375 -0.0329392
0.219818 -0.03125

-2.96875 0.147183
-2.95393 0.15625

0.234375 -0.0329389
0.25 -0.0347451

0.21875 -0.0311209
0.219863 -0.03125

-2.95369 0.15625
-2.95312 0.156584

-0.5625 0.0685407
-0.546875 0.0665919

-0.546875 0.066592
-0.53125 0.0646318

-2.95312 0.156757
-2.9375 0.165654

0.25 -0.0347449
0.265625 -0.0365445

1.76562 -0.223976
1.78125 -0.225734

-2.9375 0.165572
-2.92552 0.171875

1.78125 -0.225734
1.79688 -0.22748

1.79688 -0.22748
1.8125 -0.229213

-0.53125 0.0646318
-0.515625 0.0626599

0.265625 -0.0365442
0.28125 -0.0383381

1.8125 -0.229213
1.82812 -0.230932

1.82812 -0.230932
1.84375 -0.232636

-0.515625 0.0626711
-0.514277 0.0625

-2.92603 0.171875
-2.92188 0.174059

0.28125 -0.0383378
0.296875 -0.040127

1.84375 -0.232636
1.85938 -0.234323

0.296875 -0.0401268
0.3125 -0.0419125

-2.92188 0.173846
-2.90625 0.181455

-2.90625 0.181398
-2.89273 0.1875

1.875 -0.235993
1.85985 -0.234375

1.85938 -0.234317
1.85992 -0.234375

0.3125 -0.0419122
0.328125 -0.0436955

0.328125 -0.0436952
0.34375 -0.0454772

1.875 -0.235993
1.89062 -0.237643

1.89062 -0.237643
1.90625 -0.239271

0.359375 -0.0472923
0.355716 -0.046875

1.90625 -0.239272
1.92188 -0.240877

-2.89336 0.1875
-2.89062 0.188733

-2.89062 0.188484
-2.875 0.195024

0.34375 -0.0454673
0.356092 -0.046875

0.359375 -0.0472588
0.375 -0.049042

1.92188 -0.240877
1.9375 -0.242458

1.9375 -0.242458
1.95312 -0.244012

1.95312 -0.244013
1.96875 -0.245538

1.96875 -0.245539
1.98438 -0.247034

1.98438 -0.247035
2 -0.248499

0.375 -0.0490416
0.390625 -0.0508268

0.390625 -0.0508265
0.40625 -0.0526148

0.40625 -0.0526145
0.421875 -0.0544071

0.421875 -0.0544068
0.4375 -0.0562048

0.5 -0.063484
0.491604 -0.0625

0.4375 -0.0562045
0.453125 -0.0580092

0.453125 -0.0580089
0.46875 -0.0598214

0.46875 -0.0598211
0.484375 -0.0616425

0.484375 -0.0616305
0.491793 -0.0625

-0.03125 -0.000737668
-0.0370213 0

-0.03125 -0.00071685
-0.015625 -0.00270349

-0.015625 -0.00270363
0 -0.00467899

-0.5 0.0606762
-0.484375 0.0586817

-0.484375 0.0586816
-0.46875 0.0566762

-0.46875 0.0566761
-0.453125 0.0546605

-0.453125 0.0546604
-0.4375 0.0526351

0.5 -0.0634736
0.515625 -0.0653156

0.515625 -0.0653154
0.53125 -0.0671687

-2.875 0.195013
-2.85938 0.201082

0.53125 -0.0671686
0.546875 -0.0690338

-0.4375 0.0526349
-0.421875 0.0506004

0.546875 -0.0690337
0.5625 -0.0709113

-2.85938 0.200493
-2.85208 0.203125

0.5625 -0.0709112
0.578125 -0.0728017

-0.421875 0.0506002
-0.40625 0.0485574

0.578125 -0.0728016
0.59375 -0.0747054

-2.85469 0.203125
-2.84375 0.207071

-2.84375 0.206702
-2.82812 0.21193

-0.390625 0.0464903
-0.393557 0.046875

0.59375 -0.0747053
0.609375 -0.0766228

-2.82812 0.211923
-2.8125 0.216776

0.625 -0.0785949
0.621198 -0.078125

-0.40625 0.0485608
-0.393403 0.046875

0.609375 -0.0766107
0.621626 -0.078125

-2.8125 0.216319
-2.80407 0.21875

-2.80691 0.21875
-2.79688 0.221642

0.625 -0.0785543
0.640625 -0.0804993

0.640625 -0.0804993
0.65625 -0.0824577

0.65625 -0.0824577
0.671875 -0.0844293

0.671875 -0.0844293
0.6875 -0.0864137

0.6875 -0.0864138
0.703125 -0.0884106

2.03125 -0.251326
2.0164 -0.25

-2.79688 0.221269
-2.78125 0.225441

2.03125 -0.251326
2.04688 -0.252684

2.04688 -0.252685
2.0625 -0.254004

-2.78125 0.225436
-2.76562 0.2293

0.703125 -0.0884107
0.71875 -0.0904196

2.0625 -0.254004
2.07812 -0.255283

-0.390625 0.0465064
-0.375 0.0444496

-2.76562 0.229295
-2.75 0.23287

-0.375 0.0444494
-0.359375 0.0423871

0.75 -0.0945118
0.744141 -0.09375

-0.359375 0.0423869
-0.34375 0.0403202

-0.34375 0.04032
-0.328125 0.0382497

2.07812 -0.255283
2.09375 -0.256519

-0.328125 0.0382495
-0.3125 0.0361765

-0.3125 0.0361763
-0.296875 0.0341015

-2.75 0.232539
-2.74131 0.234375

-0.296875 0.0341012
-0.28125 0.0320257

-0.265625 0.0299364
-0.275516 0.03125

2.09375 -0.256519
2.10938 -0.257711

-0.265625 0.0299501
-0.25 0.0278764

-0.28125 0.0320485
-0.275238 0.03125

0.71875 -0.0904197
0.734375 -0.0924402

-2.7442 0.234375
-2.73438 0.23645

2.10938 -0.257711
2.125 -0.258856

0.734375 -0.0924181
0.744619 -0.09375

2.125 -0.258857
2.14062 -0.259954

-2.73438 0.236164
-2.71875 0.239207

2.14062 -0.259955
2.15625 -0.261002

-0.25 0.0278762
-0.234375 0.0258049

2.15625 -0.261003
2.17188 -0.261998

2.17188 -0.261999
2.1875 -0.26294

0.75 -0.0944722
0.765625 -0.0965141

2.1875 -0.26294
2.20312 -0.263825

-0.234375 0.0258048
-0.21875 0.0237362

-2.71875 0.239203
-2.70312 0.242002

-0.21875 0.0237361
-0.203125 0.0216705

-0.203125 0.0216705
-0.1875 0.019608

0.765625 -0.0965142
0.78125 -0.0985656

-0.1875 0.0196079
-0.171875 0.0175487

-2.70312 0.241999
-2.6875 0.244569

2.20312 -0.263826
2.21875 -0.264652

-2.6875 0.244566
-2.67188 0.246919

-2.67188 0.246916
-2.65625 0.249065

2.21875 -0.264652
2.23438 -0.265417

0.78125 -0.0985658
0.796875 -0.100626

2.25 -0.266115
2.23907 -0.265625

2.23438 -0.265423
2.23888 -0.265625

-2.65625 0.24889
-2.64737 0.25

2 -0.2485
2.01562 -0.24993

2.01562 -0.249929
2.01642 -0.25

-0.15625 0.0154903
-0.157274 0.015625

-0.171875 0.0175488
-0.157249 0.015625

-2.65005 0.25
-2.64062 0.251178

2.25 -0.266118
2.26562 -0.266752

0.796875 -0.100626
0.8125 -0.102695

2.26562 -0.266752
2.28125 -0.267316

-0.15625 0.0154931
-0.140625 0.0134427

-2.64062 0.251015
-2.625 0.252784

-0.140625 0.0134424
-0.125 0.0113976

-2.625 0.252781
-2.60938 0.254374

-2.60938 0.254372
-2.59375 0.255796

-2.59375 0.255795
-2.57812 0.257059

-2.57812 0.257058
-2.5625 0.25817

-2.5625 0.258168
-2.54688 0.259134

-0.125 0.0113974
-0.109375 0.00935899

-2.54688 0.259133
-2.53125 0.25996

-2.53125 0.259958
-2.51562 0.260652

2.28125 -0.267316
2.29688 -0.267807

-2.51562 0.260651
-2.5 0.261218

2.29688 -0.267808
2.3125 -0.268221

0.8125 -0.102695
0.828125 -0.104771

2.3125 -0.268222
2.32812 -0.268556

-0.109375 0.00935885
-0.09375 0.00732746

2.32812 -0.268557
2.34375 -0.268807

0.828125 -0.104771
0.84375 -0.106855

2.34375 -0.268808
2.35938 -0.268971

-0.09375 0.00732732
-0.078125 0.00530352

2.35938 -0.268972
2.375 -0.269043

0.84375 -0.106855
0.859375 -0.108945

0.875 -0.111051
0.862503 -0.109375

2.375 -0.269044
2.39062 -0.269019

0.859375 -0.108908
0.862858 -0.109375

2.39062 -0.26902
2.40625 -0.268895

-0.078125 0.00530337
-0.0625 0.00328773

-2.5 0.261216
-2.48438 0.261663

-0.0625 0.00328753
-0.046875 0.00128073

0.984375 -0.125797
0.978473 -0.125

2.40625 -0.268896
2.42188 -0.268665

0.984375 -0.125792
1 -0.127901

-2.48438 0.261662
-2.46875 0.261994

-0.046875 0.00129244
-0.0367634 0

-2.46875 0.261993
-2.45312 0.262217

-2.45312 0.262215
-2.4375 0.262337

2.42188 -0.268667
2.4375 -0.268326

-2.4375 0.262335
-2.42188 0.262359

0.875 -0.111041
0.890625 -0.113141

-2.42188 0.262358
-2.40625 0.262289

2.4375 -0.268328
2.45312 -0.267871

-2.40625 0.262288
-2.39062 0.262131

0.890625 -0.113141
0.90625 -0.115245

-2.39062 0.26213
-2.375 0.261889

2.45312 -0.267873
2.46875 -0.267296

2.46875 -0.267297
2.48438 -0.266593

0.90625 -0.115245
0.921875 -0.117351

0.921875 -0.117351
0.9375 -0.11946

-2.375 0.261888
-2.35938 0.261566

-2.35938 0.261566
-2.34375 0.261167

2.48438 -0.266595
2.5 -0.265757

-2.34375 0.261166
-2.32812 0.260692

-2.32812 0.260692
-2.3125 0.260146

0.9375 -0.11946
0.953125 -0.12157

0.953125 -0.12157
0.96875 -0.123681

0.96875 -0.123678
0.97854 -0.125

-2.3125 0.260146
-2.29688 0.259531

-2.29688 0.259531
-2.28125 0.25885

-2.28125 0.258849
-2.26562 0.258104

-2.26562 0.258103
-2.25 0.257298

2.5 -0.265801
2.50282 -0.265625

2.50202 -0.265625
2.51562 -0.264774

2.51562 -0.264784
2.53125 -0.263661

2.53125 -0.263663
2.54688 -0.262386

2.54688 -0.262388
2.5625 -0.26095

-2.125 0.249043
-2.13769 0.25

-2.125 0.24904
-2.10938 0.247828

-2.10938 0.247828
-2.09375 0.246584

-2.09375 0.246583
-2.07812 0.245308

-2.07812 0.245308
-2.0625 0.244002

2.5625 -0.260952
2.57812 -0.259344

2.57812 -0.259347
2.59375 -0.25756

2.59375 -0.257563
2.60938 -0.255588

2.60938 -0.255591
2.625 -0.253418

-2.0625 0.244002
-2.04688 0.242667

-2.04688 0.242667
-2.03125 0.241301

-2.03125 0.241301
-2.01562 0.239906

-2.01562 0.239906
-2 0.238481

-2.25 0.257297
-2.23438 0.256433

-2.23438 0.256433
-2.21875 0.255515

2.625 -0.253421
2.64062 -0.251039

2.64062 -0.251224
2.64797 -0.25

1 -0.127901
1.01562 -0.130008

2.64611 -0.25
2.65625 -0.248311

2.65625 -0.248441
2.67188 -0.245607

-2.21875 0.255514
-2.20312 0.254545

-2.20312 0.254544
-2.1875 0.253527

1.01562 -0.130009
1.03125 -0.132113

2.67188 -0.24561
2.6875 -0.242531

1.03125 -0.132113
1.04688 -0.134214

-2.1875 0.253526
-2.17188 0.252465

-2.17188 0.252464
-2.15625 0.251361

-2.15625 0.25136
-2.14062 0.250219

2.6875 -0.242534
2.70312 -0.239196

-2.14062 0.250206
-2.13789 0.25

1.04688 -0.134214
1.0625 -0.136312

1.0625 -0.136312
1.07812 -0.138405

1.07812 -0.138406
1.09375 -0.140495

1.10938 -0.142581
1.09471 -0.140625

1.09375 -0.140474
1.09488 -0.140625

2.70312 -0.2392
2.71875 -0.235585

2.71875 -0.23584
2.72461 -0.234375

2.72311 -0.234375
2.73438 -0.231557

1.10938 -0.14258
1.125 -0.144659

1.125 -0.144659
1.14062 -0.146731

1.14062 -0.146731
1.15625 -0.148797

1.15625 -0.148797
1.17188 -0.150857

1.17188 -0.150857
1.1875 -0.15291

1.21875 -0.157007
1.21295 -0.15625

2.73438 -0.231685
2.75 -0.227466

1.1875 -0.15291
1.20312 -0.154957

1.20312 -0.154951
1.21308 -0.15625

1.21875 -0.156997
1.23438 -0.159029

2.75 -0.227472
2.76562 -0.222922

2.76562 -0.223024
2.77924 -0.21875

2.77757 -0.21875
2.78125 -0.217594

2.78125 -0.218029
2.79688 -0.212744

2.79688 -0.212752
2.8125 -0.207061

1.23438 -0.159029
1.25 -0.161055

-2 0.238481
-1.98438 0.237026

-1.98438 0.237026
-1.96875 0.235542

2.8125 -0.207342
2.82325 -0.203125

-1.95312 0.234019
-1.95681 0.234375

1.25 -0.161055
1.26562 -0.163072

-1.96875 0.235545
-1.95666 0.234375

2.82138 -0.203125
2.82812 -0.200478

2.82812 -0.200946
2.84375 -0.19434

1.26562 -0.163072
1.28125 -0.165082

2.84375 -0.194359
2.8588 -0.1875

-1.95312 0.234029
-1.9375 0.232489

2.85854 -0.1875
2.85938 -0.187122

1.28125 -0.165082
1.29688 -0.167085

1.29688 -0.167085
1.3125 -0.169082

-1.9375 0.232489
-1.92188 0.230923

-1.92188 0.230922
-1.90625 0.229331

2.85938 -0.187241
2.875 -0.179554

-1.90625 0.229331
-1.89062 0.227718

2.875 -0.179597
2.88952 -0.171875

2.889 -0.171875
2.89062 -0.17101

2.89062 -0.171281
2.90625 -0.162284

-1.89062 0.227717
-1.875 0.226083

2.90625 -0.162481
2.91622 -0.15625

2.9155 -0.15625
2.92188 -0.152263

2.92188 -0.152573
2.9375 -0.141933

2.9375 -0.142406
2.93994 -0.140625

2.9392 -0.140625
2.95312 -0.130259

2.95312 -0.129395
2.95881 -0.125

1.3125 -0.169082
1.32812 -0.171072

1.34375 -0.17307
1.33434 -0.171875

-1.875 0.226083
-1.85938 0.22443

-1.85938 0.22443
-1.84375 0.222762

2.96039 -0.125
2.96875 -0.118233

1.32812 -0.171051
1.33462 -0.171875

2.96875 -0.118278
2.99409 -0.09375

2.99337 -0.09375
3 -0.0859706

1.34375 -0.173055
1.35938 -0.175032

1.35938 -0.175032
1.375 -0.177002

-1.84375 0.222761
-1.82812 0.221079

-1.82812 0.221078
-1.8125 0.219384

-1.79688 0.217668
-1.80679 0.21875

-1.79688 0.217679
-1.78125 0.215966

1.375 -0.177002
1.39062 -0.178964

1.39062 -0.178964
1.40625 -0.180919

1.40625 -0.180919
1.42188 -0.182868

1.42188 -0.182867
1.4375 -0.18481

1.46875 -0.188698
1.45906 -0.1875

1.46875 -0.188677
1.48438 -0.190603

1.48438 -0.190603
1.5 -0.192523

1.4375 -0.184809
1.45312 -0.186746

1.45312 -0.186713
1.45949 -0.1875

3 -0.0847635
3.02075 -0.0625

3.02059 -0.0625
3.03125 -0.0519204

-1.8125 0.219402
-1.80653 0.21875

-1.78125 0.215966
-1.76562 0.214246

-1.76562 0.214246
-1.75 0.212521

3.03125 -0.0513566
3.05452 -0.03125

3.05556 -0.03125
3.0625 -0.0257601

3.0625 -0.0230961
3.10258 0

3.5 -0.000178955
3.48431 0

3.10606 0
3.125 0.0103562

-1.75 0.212521
-1.73438 0.210789

-1.73438 0.210789
-1.71875 0.209053

-1.71875 0.209053
-1.70312 0.20731

3.125 0.0133069
3.25 0.0357853

3.25 0.0166609
3.5 0.0119596

3.5 -0.00615197
4 -0.0142007

-1.70312 0.20731
-1.6875 0.20556

-1.6875 0.205561
-1.67188 0.203803

-1.65625 0.202015
-1.66607 0.203125

-1.67188 0.203838
-1.66556 0.203125

-1.65625 0.202038
-1.64062 0.200262

-1.64062 0.200263
-1.625 0.198477

-1.625 0.198478
-1.60938 0.196681

-1.60938 0.196681
-1.59375 0.194872

-1.59375 0.194872
-1.57812 0.19305

-1.57812 0.19305
-1.5625 0.191214

-1.51562 0.185628
-1.53123 0.1875

-1.51562 0.185627
-1.5 0.183743

-1.5625 0.191214
-1.54688 0.189365

-1.54688 0.189365
-1.53125 0.187502

-1.5 0.183742
-1.48438 0.181849

-1.48438 0.181848
-1.46875 0.179948

-1.46875 0.179948
-1.45312 0.178043

-1.45312 0.178043
-1.4375 0.176136

-1.4375 0.176135
-1.42188 0.174229

-1.42188 0.174228
-1.40625 0.172324

-1.39062 0.170414
-1.40264 0.171875

-1.40625 0.172356
-1.40229 0.171875

-1.39062 0.170424
-1.375 0.168531

-1.375 0.168531
-1.35938 0.166646

-1.35938 0.166646
-1.34375 0.164771

-1.34375 0.164771
-1.32812 0.162903

-1.32812 0.162904
-1.3125 0.161044

-1.3125 0.161045
-1.29688 0.159192

-1.29688 0.159192
-1.28125 0.157345

-1.26562 0.155463
-1.27229 0.15625

-1.26562 0.155501
-1.25 0.153659

-1.28125 0.157372
-1.27175 0.15625

-1.25 0.153659
-1.23438 0.151816

-1.23438 0.151817
-1.21875 0.149971

-1.21875 0.149972
-1.20312 0.148121

-1.20312 0.148122
-1.1875 0.146263

-1.1875 0.146264
-1.17188 0.144396

-1.17188 0.144396
-1.15625 0.142517

-1.14062 0.140562
-1.14114 0.140625

-1.15625 0.142518
-1.14062 0.140626

-1.125 0.13872
-1.14062 0.140625

-1 0.123023
-1.01546 0.125

-1.125 0.13872
-1.10938 0.136802

-1.10938 0.136802
-1.09375 0.134869

-1.09375 0.134869
-1.07812 0.132924

-1.07812 0.132923
-1.0625 0.130965

-1.0625 0.130965
-1.04688 0.128994

-1.04688 0.128994
-1.03125 0.127012

-1.03125 0.127012
-1.01562 0.125021

-1.01562 0.125029
-1.0154 0.125

