-4 -0.00922445
-3.73924 0

-3.63053 0
-3.5 0.00461752

1.5 -0.192071
1.51562 -0.19394

1.51562 -0.19394
1.53125 -0.195806

1.53125 -0.195806
1.54688 -0.197667

1.54688 -0.197667
1.5625 -0.199525

1.5625 -0.199525
1.57812 -0.201379

1.59375 -0.203235
1.59282 -0.203125

1.57812 -0.201378
1.59288 -0.203125

1.59375 -0.203228
1.60938 -0.205072

1.60938 -0.205072
1.625 -0.206911

1.625 -0.206911
1.64062 -0.208744

1.64062 -0.208744
1.65625 -0.21057

-3.5 0.0010614
-3.25 0.0270156

-3.25 0.0091658
-3.125 0.0397732

-3.125 0.0430539
-3.0904 0.0625

0 -0.000562747
0.015625 -0.0023624

1.65625 -0.21057
1.67188 -0.212389

1.67188 -0.21239
1.6875 -0.214202

0.015625 -0.00236227
0.03125 -0.00417115

-3.09227 0.0625
-3.0625 0.0792319

0.03125 -0.00417108
0.046875 -0.00598961

1.6875 -0.214202
1.70312 -0.216006

0.046875 -0.00598952
0.0625 -0.00781799

1.70312 -0.216006
1.71875 -0.217802

-1 0.123445
-0.984375 0.121612

-0.984375 0.121612
-0.96875 0.119774

-0.96875 0.119774
-0.953125 0.11793

-0.953125 0.11793
-0.9375 0.116077

1.73438 -0.219652
1.72648 -0.21875

1.73438 -0.219589
1.75 -0.221365

-3.0625 0.0800094
-3.04271 0.09375

-3.04324 0.09375
-3.03125 0.102057

-3.03125 0.102489
-3.00006 0.125

-3.00038 0.125
-3 0.12526

-0.9375 0.116077
-0.921875 0.114214

-0.921875 0.114214
-0.90625 0.112338

-0.90625 0.112339
-0.890625 0.11045

-0.875 0.108518
-0.882032 0.109375

-0.890625 0.110472
-0.881624 0.109375

-0.875 0.108546
-0.859375 0.106626

-0.859375 0.106627
-0.84375 0.10469

-0.84375 0.10469
-0.828125 0.102736

0.0625 -0.00781798
0.078125 -0.00965661

-0.828125 0.102736
-0.8125 0.100763

1.71875 -0.217746
1.72753 -0.21875

-0.8125 0.100764
-0.796875 0.0987717

-0.796875 0.0987718
-0.78125 0.0967607

-3 0.125557
-2.96875 0.14666

-2.96875 0.14651
-2.95312 0.156133

0.078125 -0.00965657
0.09375 -0.0115055

-2.95312 0.156198
-2.95303 0.15625

-0.75 0.0926541
-0.758355 0.09375

1.75 -0.221366
1.76562 -0.223131

-0.78125 0.0967606
-0.765625 0.0947302

-0.765625 0.0947589
-0.757932 0.09375

0.09375 -0.0115054
0.109375 -0.0133647

-2.95296 0.15625
-2.9375 0.165105

0.109375 -0.0133646
0.125 -0.0152344

1.76562 -0.223131
1.78125 -0.224884

1.78125 -0.224885
1.79688 -0.226625

-0.75 0.0926805
-0.734375 0.0906131

1.79688 -0.226625
1.8125 -0.228352

-0.734375 0.0906128
-0.71875 0.0885282

-2.9375 0.165046
-2.9246 0.171875

-0.71875 0.0885279
-0.703125 0.086427

-2.92503 0.171875
-2.92188 0.173547

0.140625 -0.0171171
0.128227 -0.015625

-2.92188 0.173344
-2.90625 0.180991

-2.90625 0.180963
-2.89183 0.1875

-0.703125 0.0864267
-0.6875 0.0843109

-2.89219 0.1875
-2.89062 0.188209

-2.89062 0.188051
-2.875 0.194615

-0.6875 0.0843104
-0.671875 0.0821813

1.8125 -0.228352
1.82812 -0.230064

-2.875 0.194604
-2.85938 0.200692

1.82812 -0.230064
1.84375 -0.231761

-2.85938 0.200166
-2.85119 0.203125

0.125 -0.0152261
0.128315 -0.015625

-2.85376 0.203125
-2.84375 0.206743

-2.84375 0.206326
-2.82812 0.211567

1.84375 -0.231761
1.85938 -0.233442

-2.82812 0.211559
-2.8125 0.216424

0.140625 -0.0171149
0.15625 -0.0190056

-0.671875 0.0821807
-0.65625 0.0800401

0.15625 -0.0190057
0.171875 -0.0209066

0.171875 -0.0209066
0.1875 -0.0228175

-2.8125 0.216036
-2.8031 0.21875

0.1875 -0.0228176
0.203125 -0.0247385

-2.80583 0.21875
-2.79688 0.221336

1.875 -0.235146
1.86776 -0.234375

-2.79688 0.220927
-2.78125 0.225112

1.85938 -0.233409
1.86845 -0.234375

-0.640625 0.077891
-0.642326 0.078125

-0.65625 0.0800393
-0.642336 0.078125

-2.78125 0.225106
-2.76562 0.228983

-0.640625 0.0778891
-0.625 0.0757327

-2.76562 0.228979
-2.75 0.232569

-0.625 0.075732
-0.609375 0.0735718

-0.609375 0.0735711
-0.59375 0.0714098

1.875 -0.235105
1.89062 -0.236748

1.89062 -0.236748
1.90625 -0.238371

1.90625 -0.238372
1.92188 -0.239973

-0.59375 0.0714092
-0.578125 0.0692495

-0.578125 0.0692488
-0.5625 0.0670934

-0.515625 0.060678
-0.529015 0.0625

-0.515625 0.0606775
-0.5 0.0585666

-0.5625 0.0670927
-0.546875 0.0649442

-0.546875 0.0649435
-0.53125 0.0628049

-0.53125 0.0628053
-0.529006 0.0625

0.203125 -0.0247385
0.21875 -0.0266693

0.21875 -0.0266693
0.234375 -0.0286102

0.234375 -0.0286102
0.25 -0.0305612

1.92188 -0.239973
1.9375 -0.241551

1.9375 -0.241552
1.95312 -0.243106

0.265625 -0.0325363
0.255377 -0.03125

0 -0.000581294
-0.00507221 0

-2.75 0.232297
-2.74022 0.234375

-0.5 0.058566
-0.484375 0.0564729

1.95312 -0.243106
1.96875 -0.244634

0.265625 -0.0325224
0.28125 -0.0344935

1.96875 -0.244634
1.98438 -0.246135

1.98438 -0.246136
2 -0.247608

-2.74296 0.234375
-2.73438 0.236199

-2.73438 0.235882
-2.71875 0.238945

-0.484375 0.0564725
-0.46875 0.0543988

-2.71875 0.238942
-2.70312 0.241763

0.25 -0.0305359
0.25569 -0.03125

-2.70312 0.24176
-2.6875 0.244354

-0.46875 0.0543985
-0.453125 0.0523458

-0.453125 0.0523456
-0.4375 0.0503147

0.28125 -0.0344935
0.296875 -0.0364744

-0.4375 0.0503145
-0.421875 0.0483061

-2.6875 0.244351
-2.67188 0.246729

-0.40625 0.0463032
-0.41075 0.046875

0.296875 -0.0364744
0.3125 -0.0384651

-0.421875 0.0483129
-0.410559 0.046875

-2.67188 0.246727
-2.65625 0.2489

-0.40625 0.0463205
-0.390625 0.0443586

0.3125 -0.0384651
0.328125 -0.0404656

-0.390625 0.0443586
-0.375 0.0424202

-2.65625 0.248764
-2.64648 0.25

0.328125 -0.0404656
0.34375 -0.0424757

-2.64884 0.25
-2.64062 0.25104

-2.64062 0.250874
-2.625 0.252665

-0.375 0.0424204
-0.359375 0.0405052

-0.359375 0.0405055
-0.34375 0.0386126

0.34375 -0.0424758
0.359375 -0.0444956

0.359375 -0.0444956
0.375 -0.0465248

-2.625 0.252663
-2.60938 0.254276

-2.60938 0.254274
-2.59375 0.255718

-0.34375 0.038613
-0.328125 0.036741

-0.328125 0.0367415
-0.3125 0.0348888

-2.59375 0.255716
-2.57812 0.256999

0.390625 -0.0485733
0.377606 -0.046875

-2.57812 0.256997
-2.5625 0.258125

-0.28125 0.0311498
-0.282111 0.03125

-2.5625 0.258123
-2.54688 0.259104

0.375 -0.0464791
0.378035 -0.046875

-2.54688 0.259102
-2.53125 0.259942

-0.3125 0.0348892
-0.296875 0.0330542

-2.53125 0.259941
-2.51562 0.260646

0.390625 -0.0485633
0.40625 -0.0506098

0.40625 -0.0506099
0.421875 -0.0526642

-0.296875 0.0330574
-0.28135 0.03125

0.421875 -0.0526643
0.4375 -0.054726

-2.51562 0.260645
-2.5 0.261221

0.5 -0.0630477
0.495899 -0.0625

-0.28125 0.0312359
-0.265625 0.0294314

-0.265625 0.0294319
-0.25 0.0276406

0.4375 -0.0547261
0.453125 -0.0567948

0.453125 -0.0567949
0.46875 -0.0588701

0.46875 -0.0588702
0.484375 -0.0609516

0.484375 -0.0609486
0.49599 -0.0625

2.03125 -0.250452
2.02624 -0.25

2.03125 -0.25046
2.04688 -0.251836

2.04688 -0.251836
2.0625 -0.253176

-2.5 0.26122
-2.48438 0.261674

-2.48438 0.261673
-2.46875 0.262011

-2.46875 0.262009
-2.45312 0.262236

-0.25 0.027641
-0.234375 0.0258611

-2.45312 0.262234
-2.4375 0.262355

2.0625 -0.253176
2.07812 -0.254478

-2.4375 0.262354
-2.42188 0.262375

-0.234375 0.0258616
-0.21875 0.0240913

0.5 -0.0630389
0.515625 -0.0651307

2.07812 -0.254478
2.09375 -0.25574

0.515625 -0.0651308
0.53125 -0.0672269

0.53125 -0.067227
0.546875 -0.0693269

-2.42188 0.262373
-2.40625 0.262299

-0.21875 0.0240918
-0.203125 0.0223293

0.546875 -0.069327
0.5625 -0.0714305

2.09375 -0.25574
2.10938 -0.25696

-2.40625 0.262297
-2.39062 0.262133

2.10938 -0.256961
2.125 -0.258136

-2.39062 0.262132
-2.375 0.261882

2.125 -0.258136
2.14062 -0.259266

-2.375 0.261881
-2.35938 0.261552

0.5625 -0.0714305
0.578125 -0.0735373

-2.35938 0.26155
-2.34375 0.261145

0.578125 -0.0735374
0.59375 -0.0756472

-0.203125 0.0223298
-0.1875 0.0205732

0.59375 -0.0756473
0.609375 -0.0777595

0.625 -0.0798789
0.612036 -0.078125

-2.34375 0.261144
-2.32812 0.260668

0.609375 -0.0777358
0.612252 -0.078125

-2.32812 0.260667
-2.3125 0.260123

0.625 -0.079874
0.640625 -0.0819888

-2.3125 0.260122
-2.29688 0.259515

2.14062 -0.259266
2.15625 -0.260347

-0.1875 0.0205736
-0.171875 0.0188212

-2.29688 0.259514
-2.28125 0.258847

0.640625 -0.0819889
0.65625 -0.0841039

2.15625 -0.260347
2.17188 -0.261377

0.65625 -0.084104
0.671875 -0.0862187

-2.28125 0.258846
-2.26562 0.258122

-0.171875 0.0188216
-0.15625 0.0170716

-2.26562 0.258121
-2.25 0.257342

-0.140625 0.0152922
-0.143598 0.015625

2.17188 -0.261378
2.1875 -0.262354

-0.15625 0.0170788
-0.143262 0.015625

0.671875 -0.0862187
0.6875 -0.0883328

0.6875 -0.0883329
0.703125 -0.0904461

0.703125 -0.0904462
0.71875 -0.0925582

0.734375 -0.0946764
0.727515 -0.09375

0.734375 -0.0946688
0.75 -0.0967765

0.71875 -0.0925523
0.727618 -0.09375

-2.125 0.249322
-2.13408 0.25

-2.125 0.249318
-2.10938 0.248107

2.1875 -0.262355
2.20312 -0.263275

-2.10938 0.248107
-2.09375 0.246853

-0.140625 0.0153232
-0.125 0.0135738

0.75 -0.0967767
0.765625 -0.0988814

-0.125 0.0135742
-0.109375 0.0118234

0.765625 -0.0988814
0.78125 -0.100983

0.78125 -0.100983
0.796875 -0.103081

-0.109375 0.0118236
-0.09375 0.0100702

0.796875 -0.103081
0.8125 -0.105175

-0.09375 0.0100705
-0.078125 0.00831331

2.20312 -0.263276
2.21875 -0.264137

-0.078125 0.00831358
-0.0625 0.00655157

2.21875 -0.264138
2.23438 -0.264938

-2.09375 0.246853
-2.07812 0.245558

2.25 -0.265634
2.2498 -0.265625

-2.07812 0.245557
-2.0625 0.244222

0.8125 -0.105175
0.828125 -0.107266

-2.0625 0.244222
-2.04688 0.242849

0.828125 -0.107266
0.84375 -0.109354

-0.0625 0.0065518
-0.046875 0.00478398

0.859375 -0.111437
0.843906 -0.109375

-0.046875 0.00478421
-0.03125 0.00300966

-2.04688 0.242848
-2.03125 0.24144

-0.03125 0.00300987
-0.015625 0.00122771

0.84375 -0.109333
0.844064 -0.109375

2.23438 -0.264941
2.2489 -0.265625

-2.03125 0.241439
-2.01562 0.239997

2 -0.247608
2.01562 -0.24905

2.01562 -0.249054
2.02611 -0.25

-0.015625 0.00123656
-0.00483515 0

-2.01562 0.239996
-2 0.238522

-2.25 0.257341
-2.23438 0.256509

0.859375 -0.111437
0.875 -0.113515

0.96875 -0.125885
0.961995 -0.125

0.96875 -0.125873
0.984375 -0.127913

0.984375 -0.127913
1 -0.129947

2.25 -0.265676
2.26562 -0.266344

0.875 -0.113515
0.890625 -0.115588

-2.23438 0.256509
-2.21875 0.255626

-2.21875 0.255626
-2.20312 0.254693

2.26562 -0.266345
2.28125 -0.266943

-2.20312 0.254693
-2.1875 0.253712

0.890625 -0.115588
0.90625 -0.117656

0.90625 -0.117656
0.921875 -0.119718

-2.1875 0.253712
-2.17188 0.252683

2.28125 -0.266944
2.29688 -0.267468

2.29688 -0.267469
2.3125 -0.267915

0.921875 -0.119718
0.9375 -0.121775

2.3125 -0.267916
2.32812 -0.268282

-2.17188 0.252683
-2.15625 0.251607

-2.15625 0.251607
-2.14062 0.250486

2.32812 -0.268283
2.34375 -0.268563

0.9375 -0.121775
0.953125 -0.123827

0.953125 -0.123818
0.962151 -0.125

-2.14062 0.25048
-2.13419 0.25

2.34375 -0.268564
2.35938 -0.268755

2.35938 -0.268757
2.375 -0.268855

2.375 -0.268856
2.39062 -0.268857

2.39062 -0.268858
2.40625 -0.268757

2.40625 -0.268759
2.42188 -0.268551

2.42188 -0.268552
2.4375 -0.268233

2.4375 -0.268234
2.45312 -0.267798

2.45312 -0.2678
2.46875 -0.267241

2.46875 -0.267242
2.48438 -0.266555

2.48438 -0.266557
2.5 -0.265735

2.5 -0.265769
2.50233 -0.265625

2.50174 -0.265625
2.51562 -0.26477

2.51562 -0.264776
2.53125 -0.263667

2.53125 -0.263668
2.54688 -0.262404

2.54688 -0.262406
2.5625 -0.26098

2.5625 -0.260982
2.57812 -0.259386

2.57812 -0.259388
2.59375 -0.257613

2.59375 -0.257615
2.60938 -0.255651

2.60938 -0.255654
2.625 -0.253491

1 -0.129947
1.01562 -0.131975

2.625 -0.253494
2.64062 -0.251122

2.64062 -0.251335
2.64867 -0.25

1.01562 -0.131974
1.03125 -0.133995

1.03125 -0.133995
1.04688 -0.13601

1.04688 -0.13601
1.0625 -0.138019

1.0625 -0.138019
1.07812 -0.140022

2.6464 -0.25
2.65625 -0.248365

2.65625 -0.248535
2.67188 -0.24571

2.67188 -0.245714
2.6875 -0.242645

2.6875 -0.242649
2.70312 -0.239322

2.70312 -0.239326
2.71875 -0.235723

1.09375 -0.142032
1.08274 -0.140625

2.71875 -0.236042
2.72544 -0.234375

-2 0.238521
-1.98438 0.237019

-1.98438 0.237018
-1.96875 0.23549

1.07812 -0.139992
1.08308 -0.140625

1.09375 -0.142019
1.10938 -0.144009

2.72345 -0.234375
2.73438 -0.231652

1.10938 -0.144009
1.125 -0.145993

1.125 -0.145993
1.14062 -0.147971

1.14062 -0.147971
1.15625 -0.149942

1.15625 -0.149942
1.17188 -0.151908

1.17188 -0.151907
1.1875 -0.153868

1.21875 -0.157786
1.20644 -0.15625

1.1875 -0.153868
1.20312 -0.155822

1.20312 -0.155775
1.20693 -0.15625

1.21875 -0.157772
1.23438 -0.159715

1.23438 -0.159715
1.25 -0.161653

-1.95312 0.233937
-1.95753 0.234375

-1.96875 0.23549
-1.95752 0.234375

-1.95312 0.233937
-1.9375 0.232365

2.73438 -0.231837
2.75 -0.227633

-1.9375 0.232364
-1.92188 0.230774

1.25 -0.161653
1.26562 -0.163586

1.26562 -0.163586
1.28125 -0.165513

1.28125 -0.165513
1.29688 -0.167435

1.29688 -0.167435
1.3125 -0.169354

1.3125 -0.169354
1.32812 -0.171268

1.34375 -0.173206
1.33286 -0.171875

1.32812 -0.171211
1.33356 -0.171875

1.34375 -0.173178
1.35938 -0.175084

1.35938 -0.175084
1.375 -0.176986

2.75 -0.227639
2.76562 -0.223107

2.76562 -0.223184
2.7798 -0.21875

1.375 -0.176986
1.39062 -0.178884

1.39062 -0.178884
1.40625 -0.180777

1.40625 -0.180777
1.42188 -0.182668

1.42188 -0.182668
1.4375 -0.184555

1.46875 -0.188378
1.46146 -0.1875

1.46875 -0.18832
1.48438 -0.190197

1.48438 -0.190197
1.5 -0.192071

1.4375 -0.184555
1.45312 -0.186439

1.45312 -0.186394
1.46231 -0.1875

-1.92188 0.230774
-1.90625 0.229168

-1.90625 0.229167
-1.89062 0.227548

-1.89062 0.227547
-1.875 0.225916

2.77823 -0.21875
2.78125 -0.217805

2.78125 -0.218233
2.79688 -0.212971

2.79688 -0.212979
2.8125 -0.207313

2.8125 -0.207588
2.82393 -0.203125

2.82189 -0.203125
2.82812 -0.20069

2.82812 -0.201227
2.84375 -0.194656

2.84375 -0.194669
2.85938 -0.187586

2.85938 -0.187622
2.85962 -0.1875

2.85957 -0.1875
2.875 -0.179953

-1.875 0.225916
-1.85938 0.224273

2.875 -0.179974
2.89033 -0.171875

2.89022 -0.171875
2.89062 -0.17166

2.89062 -0.171731
2.90625 -0.162793

-1.85938 0.224273
-1.84375 0.222621

-1.84375 0.222621
-1.82812 0.220961

-1.82812 0.220961
-1.8125 0.219293

-1.79688 0.217606
-1.80754 0.21875

-1.79688 0.217617
-1.78125 0.215935

-1.8125 0.219315
-1.80723 0.21875

2.90625 -0.163008
2.91714 -0.15625

2.91621 -0.15625
2.92188 -0.152734

2.92188 -0.153147
2.9375 -0.142591

2.9375 -0.143096
2.94093 -0.140625

2.94005 -0.140625
2.95312 -0.130973

2.95312 -0.130486
2.96016 -0.125

2.96128 -0.125
2.96875 -0.119027

2.96875 -0.118976
2.99548 -0.09375

-1.78125 0.215935
-1.76562 0.214246

-1.76562 0.214246
-1.75 0.212551

2.99568 -0.09375
3 -0.0889642

-1.75 0.212552
-1.73438 0.21085

-1.73438 0.21085
-1.71875 0.20914

-1.71875 0.209141
-1.70312 0.207423

-1.70312 0.207423
-1.6875 0.205696

-1.6875 0.205696
-1.67188 0.203958

-1.65625 0.202182
-1.66467 0.203125

-1.67188 0.203988
-1.66416 0.203125

-1.65625 0.20221
-1.64062 0.200448

-1.64062 0.200449
-1.625 0.198675

-1.625 0.198675
-1.60938 0.196886

-1.60938 0.196887
-1.59375 0.195084

-1.59375 0.195084
-1.57812 0.193265

-1.57812 0.193265
-1.5625 0.19143

3 -0.0866836
3.02418 -0.0625

3.02302 -0.0625
3.03125 -0.0547995

3.03125 -0.0553689
3.06095 -0.03125

3.0625 -0.0287428
3.11441 0

3.25 -0.000199871
3.26673 0

3.11887 0
3.125 0.0031664

-1.51562 0.185828
-1.52951 0.1875

-1.51562 0.185829
-1.5 0.183933

-1.5625 0.19143
-1.54688 0.189579

-1.54688 0.189578
-1.53125 0.187711

-1.53125 0.187721
-1.52942 0.1875

3.125 0.00699232
3.25 0.028793

3.25 0.00982728
3.5 0.00786394

3.5 -0.00584417
4 -0.00995564

-1.5 0.183932
-1.48438 0.182024

-1.48438 0.182023
-1.46875 0.180103

-1.46875 0.180103
-1.45312 0.178174

-1.45312 0.178173
-1.4375 0.176236

-1.4375 0.176235
-1.42188 0.174292

-1.42188 0.174291
-1.40625 0.172344

-1.39062 0.170384
-1.40258 0.171875

-1.40625 0.172379
-1.40221 0.171875

-1.39062 0.170395
-1.375 0.168447

-1.375 0.168446
-1.35938 0.166501

-1.35938 0.1665
-1.34375 0.164559

-1.34375 0.164559
-1.32812 0.162623

-1.32812 0.162623
-1.3125 0.160693

-1.3125 0.160693
-1.29688 0.158771

-1.29688 0.15877
-1.28125 0.156855

-1.26562 0.154935
-1.27639 0.15625

-1.26562 0.154947
-1.25 0.153047

-1.28125 0.15688
-1.27609 0.15625

-1.25 0.153047
-1.23438 0.151155

-1.23438 0.151155
-1.21875 0.14927

-1.21875 0.14927
-1.20312 0.147393

-1.20312 0.147393
-1.1875 0.145523

-1.1875 0.145523
-1.17188 0.143658

-1.17188 0.143658
-1.15625 0.1418

-1.14062 0.139902
-1.14672 0.140625

-1.15625 0.141826
-1.14612 0.140625

-1.14062 0.139947
-1.125 0.138099

-1 0.123443
-1.01329 0.125

-1.125 0.138099
-1.10938 0.136257

-1.10938 0.136257
-1.09375 0.13442

-1.09375 0.13442
-1.07812 0.132587

-1.07812 0.132587
-1.0625 0.130757

-1.0625 0.130758
-1.04688 0.12893

-1.04688 0.12893
-1.03125 0.127102

-1.03125 0.127103
-1.01562 0.125275

-1.01562 0.125287
-1.01318 0.125

