-4 -0.00472464
-3.89003 0

-3.72689 0
-3.5 0.00974785

1.5 -0.137708
1.51562 -0.13903

1.51562 -0.13903
1.53125 -0.140353

1.54688 -0.141674
1.53447 -0.140625

1.53125 -0.140353
1.53446 -0.140625

1.54688 -0.141675
1.5625 -0.142996

1.5625 -0.142996
1.57812 -0.144316

1.57812 -0.144316
1.59375 -0.145634

1.59375 -0.145635
1.60938 -0.146951

1.60938 -0.146951
1.625 -0.148266

1.625 -0.148266
1.64062 -0.149578

0 -0.00529981
0.015625 -0.00677344

0.015625 -0.00677346
0.03125 -0.00824494

0.03125 -0.00824496
0.046875 -0.0097142

0.046875 -0.00971421
0.0625 -0.0111812

0.0625 -0.0111812
0.078125 -0.0126458

-1 0.0875849
-0.984375 0.0861428

-0.984375 0.0861428
-0.96875 0.0847003

-0.96875 0.0847003
-0.953125 0.0832575

-0.953125 0.0832576
-0.9375 0.0818144

0.078125 -0.0126458
0.09375 -0.0141079

0.09375 -0.014108
0.109375 -0.0155674

0.125 -0.0170238
0.109994 -0.015625

0.109375 -0.015569
0.109976 -0.015625

-3.4935 0
-3.25 0.0334147

-3.25 0.0248727
-3.125 0.0634177

-3.125 0.0703599
-3.0625 0.102246

-3.0625 0.102807
-3.03125 0.118017

-3.03125 0.118452
-3.01518 0.125

-3.01408 0.125
-3 0.131116

0.125 -0.017024
0.140625 -0.0184771

0.140625 -0.0184772
0.15625 -0.0199267

0.15625 -0.0199268
0.171875 -0.0213726

0.171875 -0.0213725
0.1875 -0.0228146

0.1875 -0.0228146
0.203125 -0.024253

0.203125 -0.024253
0.21875 -0.025688

0.21875 -0.0256879
0.234375 -0.0271196

0.234375 -0.0271196
0.25 -0.0285482

1.64062 -0.149578
1.65625 -0.150887

1.65625 -0.150887
1.67188 -0.152192

1.67188 -0.152192
1.6875 -0.153494

-3 0.130732
-2.96875 0.141033

1.6875 -0.153494
1.70312 -0.154792

0.28125 -0.0313866
0.27975 -0.03125

1.70312 -0.154792
1.71875 -0.156086

1.73438 -0.157374
1.72074 -0.15625

-2.96875 0.140852
-2.95312 0.145365

1.73438 -0.157374
1.75 -0.158657

1.71875 -0.156086
1.72074 -0.15625

0.25 -0.0285482
0.265625 -0.0299739

-0.9375 0.0818144
-0.921875 0.0803708

-2.95312 0.14537
-2.9375 0.149598

1.75 -0.158658
1.76562 -0.159935

0.265625 -0.029975
0.279627 -0.03125

1.76562 -0.159935
1.78125 -0.161205

1.78125 -0.161205
1.79688 -0.162467

-0.921875 0.0803707
-0.90625 0.0789267

1.79688 -0.162467
1.8125 -0.163721

0.28125 -0.0313967
0.296875 -0.0328166

-2.9375 0.149593
-2.92188 0.153537

0.296875 -0.0328166
0.3125 -0.0342337

-2.92188 0.153387
-2.90971 0.15625

-2.91186 0.15625
-2.90625 0.15757

0.3125 -0.0342337
0.328125 -0.0356478

1.8125 -0.163721
1.82812 -0.164966

-0.890625 0.0774868
-0.89753 0.078125

1.82812 -0.164966
1.84375 -0.166201

1.84375 -0.166202
1.85938 -0.167426

-2.90625 0.157209
-2.89062 0.160636

1.85938 -0.167426
1.875 -0.168639

-2.89062 0.160632
-2.875 0.163822

0.328125 -0.0356477
0.34375 -0.0370591

0.34375 -0.037059
0.359375 -0.0384679

1.875 -0.168639
1.89062 -0.16984

-2.875 0.163818
-2.85938 0.166783

-0.90625 0.0789233
-0.897613 0.078125

0.359375 -0.0384678
0.375 -0.0398744

-0.890625 0.0774824
-0.875 0.0760383

1.89062 -0.169841
1.90625 -0.171029

-2.85938 0.16678
-2.84375 0.169535

-2.84375 0.169482
-2.82912 0.171875

-2.83135 0.171875
-2.82812 0.172402

-2.82812 0.172085
-2.8125 0.174451

-2.8125 0.174448
-2.79688 0.176633

-2.79688 0.176631
-2.78125 0.178645

-2.78125 0.178642
-2.76562 0.180495

1.92188 -0.172202
1.91753 -0.171875

-2.76562 0.180493
-2.75 0.182192

1.90625 -0.17103
1.91749 -0.171875

-0.875 0.0760382
-0.859375 0.0745947

1.92188 -0.172204
1.9375 -0.173364

0.375 -0.0398744
0.390625 -0.0412792

-0.859375 0.0745946
-0.84375 0.073152

-0.84375 0.073152
-0.828125 0.0717103

1.9375 -0.173364
1.95312 -0.174508

0.390625 -0.0412791
0.40625 -0.0426824

1.95312 -0.174509
1.96875 -0.175637

-2.75 0.18219
-2.73438 0.183743

-0.828125 0.0717104
-0.8125 0.0702697

1.96875 -0.175637
1.98438 -0.176747

0.40625 -0.0426823
0.421875 -0.0440844

1.98438 -0.176747
2 -0.177839

-2.73438 0.183741
-2.71875 0.185157

-0.8125 0.0702698
-0.796875 0.0688301

-2.71875 0.185155
-2.70312 0.186439

0.421875 -0.0440844
0.4375 -0.0454855

-2.70312 0.186431
-2.68872 0.1875

-0.796875 0.0688302
-0.78125 0.0673914

-0.78125 0.0673914
-0.765625 0.0659534

0.4375 -0.0454855
0.453006 -0.046875

-0.765625 0.0659534
-0.75 0.064516

0.453125 -0.0468856
0.46875 -0.0482849

0.46875 -0.0482849
0.484375 -0.0496833

-2.68956 0.1875
-2.6875 0.187653

0.484375 -0.0496833
0.5 -0.0510807

-0.71875 0.0616466
-0.728035 0.0625

-0.71875 0.0616431
-0.703125 0.0602079

-2.6875 0.187596
-2.67188 0.188637

-2.67188 0.188636
-2.65625 0.189562

-2.65625 0.189561
-2.64062 0.190379

-0.703125 0.0602078
-0.6875 0.0587737

-0.75 0.064516
-0.734375 0.0630793

-0.734375 0.0630742
-0.728127 0.0625

-0.6875 0.0587737
-0.671875 0.0573407

-0.671875 0.0573408
-0.65625 0.0559088

-0.65625 0.0559089
-0.640625 0.0544777

-0.640625 0.0544778
-0.625 0.053047

-0.625 0.0530471
-0.609375 0.0516165

-0.609375 0.0516165
-0.59375 0.0501856

-0.59375 0.0501856
-0.578125 0.0487541

-0.578125 0.0487541
-0.5625 0.0473218

-0.546875 0.0458913
-0.5576 0.046875

-0.5625 0.0473158
-0.557694 0.046875

-0.546875 0.0458886
-0.53125 0.0444546

-0.53125 0.0444546
-0.515625 0.04302

-0.515625 0.04302
-0.5 0.0415848

-2.64062 0.190378
-2.625 0.191093

-2.625 0.191092
-2.60938 0.191709

-2.60938 0.191708
-2.59375 0.192232

-2.59375 0.192231
-2.57812 0.192666

0.5 -0.0510807
0.515625 -0.0524772

0.515625 -0.0524772
0.53125 -0.0538729

0.53125 -0.0538729
0.546875 -0.0552681

2 -0.177839
2.01562 -0.17891

2.01562 -0.17891
2.03125 -0.17996

-2.57812 0.192665
-2.5625 0.193016

2.03125 -0.179961
2.04688 -0.180988

0.546875 -0.0552681
0.5625 -0.0566629

2.04688 -0.180988
2.0625 -0.181993

2.0625 -0.181993
2.07812 -0.182972

-0.046875 -0.000860653
-0.055962 0

0.5625 -0.0566628
0.578125 -0.0580574

-2.5625 0.193015
-2.54688 0.193286

0.578125 -0.0580574
0.59375 -0.0594517

0.59375 -0.0594517
0.609375 -0.0608459

-0.046875 -0.000867523
-0.03125 -0.00234645

-2.54688 0.193285
-2.53125 0.193479

2.07812 -0.182973
2.09375 -0.183926

-2.53125 0.193478
-2.51562 0.193599

0.609375 -0.0608459
0.625 -0.0622398

-0.03125 -0.00234658
-0.015625 -0.00382406

0.640625 -0.0636326
0.627924 -0.0625

-0.015625 -0.00382412
0 -0.00529977

2.09375 -0.183926
2.10938 -0.184853

-2.51562 0.193598
-2.5 0.19365

2.10938 -0.184853
2.125 -0.185751

0.640625 -0.0636333
0.65625 -0.065026

2.17188 -0.188261
2.15709 -0.1875

2.17188 -0.188261
2.1875 -0.189031

2.125 -0.185751
2.14062 -0.186619

2.14062 -0.18662
2.15625 -0.187456

2.15625 -0.187457
2.15709 -0.1875

2.1875 -0.189031
2.20312 -0.189765

2.20312 -0.189765
2.21875 -0.190461

2.21875 -0.190462
2.23438 -0.191118

2.23438 -0.191119
2.25 -0.191733

0.65625 -0.065026
0.671875 -0.0664179

-2.5 0.193649
-2.48438 0.193634

2.25 -0.191734
2.26562 -0.192305

-2.48438 0.193633
-2.46875 0.193556

-2.46875 0.193555
-2.45312 0.193418

2.26562 -0.192306
2.28125 -0.192831

-0.5 0.0415849
-0.484375 0.0401488

-2.45312 0.193417
-2.4375 0.193223

-2.4375 0.193222
-2.42188 0.192973

-0.484375 0.0401489
-0.46875 0.0387117

-0.46875 0.0387117
-0.453125 0.037273

-2.42188 0.192973
-2.40625 0.192672

0.671875 -0.0664179
0.6875 -0.0678087

2.28125 -0.192832
2.29688 -0.19331

-2.40625 0.192672
-2.39062 0.192322

-0.453125 0.0372731
-0.4375 0.0358326

0.625 -0.0622423
0.627889 -0.0625

-0.4375 0.0358326
-0.421875 0.0343899

-0.421875 0.03439
-0.40625 0.0329447

-2.39062 0.192322
-2.375 0.191925

-0.375 0.0300481
-0.387947 0.03125

-0.40625 0.0329447
-0.390625 0.0314969

-2.375 0.191925
-2.35938 0.191484

-0.390625 0.0314885
-0.388055 0.03125

-2.35938 0.191484
-2.34375 0.191

0.6875 -0.0678087
0.703125 -0.0691984

-2.34375 0.191
-2.32812 0.190476

0.703125 -0.0691984
0.71875 -0.0705869

-0.375 0.0300463
-0.359375 0.0285932

0.71875 -0.0705869
0.734375 -0.0719743

-0.359375 0.0285932
-0.34375 0.0271378

2.29688 -0.193311
2.3125 -0.193739

-0.34375 0.0271378
-0.328125 0.0256801

-0.328125 0.0256801
-0.3125 0.02422

-2.32812 0.190475
-2.3125 0.189913

-0.3125 0.0242201
-0.296875 0.0227575

-0.296875 0.0227576
-0.28125 0.0212925

-2.25 0.187309
-2.25425 0.1875

2.3125 -0.193739
2.32812 -0.194115

0.734375 -0.0719743
0.75 -0.0733604

2.32812 -0.194116
2.34375 -0.194438

2.34375 -0.194438
2.35938 -0.194703

-0.28125 0.0212925
-0.265625 0.019825

-2.3125 0.189912
-2.29688 0.189313

-2.29688 0.189312
-2.28125 0.188678

-2.28125 0.188677
-2.26562 0.188009

-2.26562 0.188008
-2.2543 0.1875

0.75 -0.0733604
0.765625 -0.0747452

0.765625 -0.0747452
0.78125 -0.0761285

-2.25 0.187307
-2.23438 0.186575

0.78125 -0.0761285
0.796875 -0.0775102

0.8125 -0.0788899
0.803838 -0.078125

2.35938 -0.194703
2.375 -0.194908

0.796875 -0.0775104
0.803835 -0.078125

0.8125 -0.0788901
0.828125 -0.0802679

2.375 -0.194909
2.39062 -0.195051

0.828125 -0.0802679
0.84375 -0.0816434

2.39062 -0.195052
2.40625 -0.195128

-0.265625 0.0198249
-0.25 0.0183548

2.40625 -0.195129
2.42188 -0.195138

2.42188 -0.195138
2.4375 -0.195076

0.84375 -0.0816434
0.859375 -0.0830164

0.859375 -0.0830164
0.875 -0.0843869

-2.23438 0.186575
-2.21875 0.185814

0.875 -0.0843869
0.890625 -0.0857547

-0.25 0.0183548
-0.234375 0.0168823

0.890625 -0.0857548
0.90625 -0.0871201

-0.21875 0.015411
-0.221018 0.015625

2.4375 -0.195076
2.45312 -0.194939

-0.234375 0.0168816
-0.22106 0.015625

-0.21875 0.0154075
-0.203125 0.013931

0.90625 -0.0871201
0.921875 -0.0884828

-0.203125 0.0139308
-0.1875 0.012453

0.921875 -0.0884828
0.9375 -0.0898429

-2.21875 0.185813
-2.20312 0.185024

0.9375 -0.0898429
0.953125 -0.0912004

-0.1875 0.012453
-0.171875 0.0109743

0.953125 -0.0912004
0.96875 -0.0925554

0.984375 -0.0939159
0.982458 -0.09375

2.45312 -0.19494
2.46875 -0.194724

0.984375 -0.0939077
1 -0.0952575

0.96875 -0.0925543
0.982565 -0.09375

-0.171875 0.0109742
-0.15625 0.00949489

-0.15625 0.00949486
-0.140625 0.00801506

2.46875 -0.194725
2.48438 -0.194428

2.48438 -0.194429
2.5 -0.194046

-0.140625 0.00801503
-0.125 0.00653486

-2.20312 0.185024
-2.1875 0.184208

-2.1875 0.184208
-2.17188 0.183367

-2.17188 0.183367
-2.15625 0.182502

-0.125 0.00653484
-0.109375 0.00505441

-0.109375 0.00505437
-0.09375 0.00357376

-0.09375 0.00357372
-0.078125 0.00209308

-0.078125 0.00209299
-0.0625 0.000612563

2.5 -0.194047
2.51562 -0.193574

2.51562 -0.193575
2.53125 -0.193009

2.53125 -0.19301
2.54688 -0.192346

2.54688 -0.192347
2.5625 -0.19158

2.5625 -0.191581
2.57812 -0.190706

2.57812 -0.190707
2.59375 -0.189719

-2.15625 0.182502
-2.14062 0.181614

-2.14062 0.181614
-2.125 0.180704

-0.0625 0.000602902
-0.0561344 0

1 -0.0952575
1.01562 -0.0966046

2.59375 -0.189721
2.60938 -0.188615

2.60938 -0.188617
2.62357 -0.1875

-2.125 0.180704
-2.10938 0.179774

-2.10938 0.179773
-2.09375 0.178823

1.01562 -0.0966046
1.03125 -0.097949

1.03125 -0.097949
1.04688 -0.0992908

2.62349 -0.1875
2.625 -0.187381

1.04688 -0.0992908
1.0625 -0.10063

-2.09375 0.178823
-2.07812 0.177852

-2.07812 0.177852
-2.0625 0.176863

-2.0625 0.176863
-2.04688 0.175856

-2.04688 0.175856
-2.03125 0.174831

-2.03125 0.174831
-2.01562 0.173788

-2.01562 0.173788
-2 0.172729

2.625 -0.187388
2.64062 -0.18603

2.64062 -0.186032
2.65625 -0.184537

2.65625 -0.184539
2.67188 -0.182902

2.67188 -0.182904
2.6875 -0.181116

2.6875 -0.181118
2.70312 -0.179171

2.70312 -0.179173
2.71875 -0.177059

2.71875 -0.177061
2.73438 -0.174772

1.0625 -0.10063
1.07812 -0.101967

1.07812 -0.101967
1.09375 -0.103302

1.09375 -0.103302
1.10938 -0.104634

1.10938 -0.104634
1.125 -0.105965

2.73438 -0.174775
2.75 -0.1723

1.125 -0.105965
1.14062 -0.107294

2.75 -0.172578
2.75411 -0.171875

2.75209 -0.171875
2.76562 -0.169564

2.76562 -0.169635
2.78125 -0.166762

2.78125 -0.166765
2.79688 -0.163674

2.79688 -0.163677
2.8125 -0.160357

2.8125 -0.160361
2.82812 -0.156796

2.82812 -0.157449
2.83303 -0.15625

2.82968 -0.15625
2.84375 -0.152808

2.84375 -0.152982
2.85938 -0.148888

2.85938 -0.148893
2.875 -0.144507

1.14062 -0.107294
1.15625 -0.108621

2.875 -0.14459
2.88819 -0.140625

2.88688 -0.140625
2.89062 -0.1395

2.89062 -0.141895
2.89457 -0.140625

1.17188 -0.109949
1.16511 -0.109375

1.15625 -0.108619
1.16516 -0.109375

1.17188 -0.109947
1.1875 -0.111272

-1.98438 0.171655
-1.98757 0.171875

-2 0.172728
-1.9876 0.171875

2.89062 -0.139661
2.90625 -0.134634

-1.98438 0.171653
-1.96875 0.170561

1.1875 -0.111272
1.20312 -0.112595

1.20312 -0.112595
1.21875 -0.113918

2.90625 -0.134801
2.92188 -0.129421

1.21875 -0.113918
1.23438 -0.11524

-1.96875 0.170561
-1.95312 0.169455

-1.95312 0.169455
-1.9375 0.168334

2.92188 -0.12955
2.93422 -0.125

-1.9375 0.168333
-1.92188 0.167199

1.23438 -0.11524
1.25 -0.116561

-1.92188 0.167199
-1.90625 0.166051

-1.90625 0.166051
-1.89062 0.16489

-1.89062 0.16489
-1.875 0.163718

1.35938 -0.125804
1.34987 -0.125

1.35938 -0.125803
1.375 -0.127125

1.25 -0.116561
1.26562 -0.117882

1.26562 -0.117882
1.28125 -0.119202

1.28125 -0.119202
1.29688 -0.120522

2.9375 -0.126039
2.94013 -0.125

1.29688 -0.120522
1.3125 -0.121842

-1.875 0.163718
-1.85938 0.162533

-1.85938 0.162533
-1.84375 0.161337

2.93291 -0.125
2.9375 -0.123308

1.3125 -0.121842
1.32812 -0.123162

2.9375 -0.123587
2.95312 -0.117418

-1.84375 0.161337
-1.82812 0.160129

-1.82812 0.160129
-1.8125 0.15891

1.32812 -0.123162
1.34375 -0.124482

1.34375 -0.124482
1.34988 -0.125

2.95312 -0.117516
2.96875 -0.110904

2.96875 -0.111161
3 -0.0959831

-1.8125 0.15891
-1.79688 0.15768

-1.79688 0.15768
-1.78125 0.156439

-1.76562 0.15519
-1.77886 0.15625

1.375 -0.127125
1.39062 -0.128447

1.39062 -0.128447
1.40625 -0.12977

1.40625 -0.12977
1.42188 -0.131092

1.42188 -0.131093
1.4375 -0.132415

1.4375 -0.132416
1.45312 -0.133739

1.45312 -0.133739
1.46875 -0.135062

3 -0.0954642
3.00309 -0.09375

3.00364 -0.09375
3.03125 -0.0783786

3.03125 -0.0778112
3.05758 -0.0625

3.05819 -0.0625
3.0625 -0.0599994

3.0625 -0.0585587
3.125 -0.0271125

3.125 -0.0222212
3.22141 0

3.25 -0.00627299
3.37466 0

3.22988 0
3.25 0.00463749

1.46875 -0.135062
1.48438 -0.136385

1.48438 -0.136385
1.5 -0.137708

-1.76562 0.155188
-1.75 0.153928

-1.78125 0.15643
-1.779 0.15625

3.33159 0
3.5 0.00839406

3.5 -0.0104934
4 -0.00597496

-1.75 0.153928
-1.73438 0.152658

-1.73438 0.152658
-1.71875 0.15138

-1.71875 0.15138
-1.70312 0.150094

-1.70312 0.150094
-1.6875 0.1488

-1.6875 0.1488
-1.67188 0.147499

-1.67188 0.147499
-1.65625 0.146191

-1.65625 0.146191
-1.64062 0.144876

-1.64062 0.144876
-1.625 0.143554

-1.625 0.143554
-1.60938 0.142226

-1.60938 0.142226
-1.59375 0.140891

-1.57812 0.139552
-1.59063 0.140625

-1.59375 0.140883
-1.59075 0.140625

-1.57812 0.13955
-1.5625 0.138203

-1.5625 0.138203
-1.54688 0.136852

-1.54688 0.136852
-1.53125 0.135496

-1.53125 0.135495
-1.51562 0.134135

-1.51562 0.134135
-1.5 0.132771

-1.40625 0.124506
-1.41182 0.125

-1.40625 0.124502
-1.39062 0.123111

-1.39062 0.123111
-1.375 0.121717

-1.5 0.132771
-1.48438 0.131403

-1.48438 0.131403
-1.46875 0.13003

-1.46875 0.13003
-1.45312 0.128654

-1.45312 0.128654
-1.4375 0.127274

-1.4375 0.127274
-1.42188 0.12589

-1.42188 0.125888
-1.41187 0.125

-1.375 0.121717
-1.35938 0.12032

-1.35938 0.12032
-1.34375 0.118922

-1.34375 0.118922
-1.32812 0.11752

-1.32812 0.11752
-1.3125 0.116117

-1.3125 0.116117
-1.29688 0.114711

-1.29688 0.114711
-1.28125 0.113302

-1.28125 0.113302
-1.26562 0.111891

-1.26562 0.111891
-1.25 0.110477

-1.23438 0.109064
-1.23781 0.109375

-1.25 0.110476
-1.23785 0.109375

-1.23438 0.109061
-1.21875 0.107642

-1.21875 0.107642
-1.20312 0.10622

-1.20312 0.10622
-1.1875 0.104797

-1.1875 0.104797
-1.17188 0.103373

-1.17188 0.103373
-1.15625 0.101946

-1.15625 0.101946
-1.14062 0.100518

-1.14062 0.100518
-1.125 0.0990885

-1.125 0.0990885
-1.10938 0.0976565

-1.10938 0.0976565
-1.09375 0.0962225

-1.0625 0.0933522
-1.06682 0.09375

-1.09375 0.0962225
-1.07812 0.0947864

-1.07812 0.094785
-1.06688 0.09375

-1.0625 0.0933484
-1.04688 0.0919088

-1.04688 0.0919087
-1.03125 0.0904681

-1.03125 0.090468
-1.01562 0.0890267

-1.01562 0.0890266
-1 0.0875849

