-3.5 -0.000378405
-3.77352 0

-4 0.000587687
-3.5 6.98947e-05

1.01562 0.0343886
1.03125 0.0354241

1.03125 0.0354241
1.04688 0.0364601

1.04688 0.0364602
1.0625 0.0374964

1.0625 0.0374965
1.07812 0.0385327

1.07812 0.0385328
1.09375 0.0395688

1.09375 0.0395689
1.10938 0.0406043

1.10938 0.0406044
1.125 0.041639

-3.25 -0.000346057
-3.39039 0

1.125 0.0416391
1.14062 0.0426725

1.14062 0.0426726
1.15625 0.0437042

1.15625 0.0437043
1.17188 0.0447338

1.17188 0.0447338
1.1875 0.0457611

-3.125 -0.000800051
-3.22187 0

-3.125 -0.000783397
-3.0625 -0.00202773

1.1875 0.0457614
1.20312 0.0467859

-3.0625 -0.00151712
-3.03125 -0.0026481

-3.03125 -0.00309509
-3 -0.00486213

-3.5 0.000462592
-3.31233 0

-3.25 0.000324298
-3.21074 0

1.20312 0.0467903
1.20442 0.046875

-1.01562 -0.0610272
-1 -0.0608401

1.2045 0.046875
1.21875 0.0478067

1.21875 0.0478073
1.23438 0.0488257

1.23438 0.0488257
1.25 0.0498407

1.25 0.0498407
1.26562 0.0508523

1.26562 0.0508524
1.28125 0.0518604

1.28125 0.0518605
1.29688 0.0528645

1.29688 0.0528646
1.3125 0.0538641

1.3125 0.0538642
1.32812 0.0548589

1.32812 0.054859
1.34375 0.0558484

-3 -0.00482604
-2.98438 -0.00562084

-2.98438 -0.00561761
-2.96875 -0.00640234

-1 -0.0608401
-0.984375 -0.0606414

-0.984375 -0.0606414
-0.96875 -0.0604314

-0.96875 -0.0604314
-0.953125 -0.0602099

-2.96875 -0.00640228
-2.95312 -0.00718352

0 -0.0275504
0.015625 -0.0267536

0.015625 -0.0267535
0.03125 -0.0259496

-2.95312 -0.00718278
-2.9375 -0.00796211

0.03125 -0.0259495
0.046875 -0.0251387

1.34375 0.0558485
1.35938 0.0568323

-0.953125 -0.0602099
-0.9375 -0.0599772

-2.9375 -0.00796224
-2.92188 -0.00874089

-2.92188 -0.00874072
-2.90625 -0.00951877

1.35938 0.0568324
1.375 0.0578102

-2.90625 -0.00951885
-2.89062 -0.0102965

-0.9375 -0.0599772
-0.921875 -0.0597331

0.046875 -0.0251386
0.0625 -0.024321

-2.89062 -0.0102964
-2.875 -0.0110737

1.375 0.0578103
1.39062 0.0587816

-2.875 -0.0110738
-2.85938 -0.0118507

-2.85938 -0.0118507
-2.84375 -0.0126273

0.0625 -0.024321
0.078125 -0.0234968

-0.921875 -0.0597331
-0.90625 -0.0594777

0.078125 -0.0234968
0.09375 -0.0226662

-0.90625 -0.0594777
-0.890625 -0.0592111

-2.84375 -0.0126273
-2.82812 -0.0134036

-0.890625 -0.0592111
-0.875 -0.0589333

1.39062 0.0587817
1.40625 0.059746

0.09375 -0.0226662
0.109375 -0.0218293

1.40625 0.0597462
1.42188 0.060703

-2.82812 -0.0134036
-2.8125 -0.0141792

-0.875 -0.0589333
-0.859375 -0.0586442

-2.8125 -0.0141793
-2.79688 -0.0149542

0.109375 -0.0218293
0.125 -0.0209861

1.42188 0.0607031
1.4375 0.0616521

1.4375 0.0616553
1.45154 0.0625

-0.859375 -0.0586442
-0.84375 -0.058344

0.125 -0.0209861
0.140625 -0.0201368

0.140625 -0.0201368
0.15625 -0.0192816

0.15625 -0.0192816
0.171875 -0.0184208

0.171875 -0.0184207
0.1875 -0.0175543

0.1875 -0.0175543
0.203125 -0.0166825

0.203125 -0.0166825
0.21875 -0.0158054

-2.78125 -0.01575
-2.78377 -0.015625

-2.79688 -0.0149505
-2.78326 -0.015625

-2.78125 -0.0157285
-2.76562 -0.0165013

-2.76562 -0.0165013
-2.75 -0.0172725

-2.75 -0.0172725
-2.73438 -0.0180419

-2.73438 -0.0180419
-2.71875 -0.0188093

0.21875 -0.0157843
0.22157 -0.015625

0.222039 -0.015625
0.234375 -0.0149282

0.234375 -0.0149231
0.25 -0.0140344

-2.71875 -0.0188093
-2.70312 -0.0195747

-2.70312 -0.0195747
-2.6875 -0.0203379

1.45213 0.0625
1.45312 0.0625596

-2.6875 -0.020338
-2.67188 -0.0210988

-2.67188 -0.0210988
-2.65625 -0.0218571

1.45312 0.0625922
1.46875 0.0635237

-2.65625 -0.0218571
-2.64062 -0.0226127

0.25 -0.0140344
0.265625 -0.0131395

0.265625 -0.0131395
0.28125 -0.0122385

-2.64062 -0.0226127
-2.625 -0.0233656

0.28125 -0.0122385
0.296875 -0.0113316

1.46875 0.0635239
1.48438 0.064447

-2.625 -0.0233656
-2.60938 -0.0241155

-2.60938 -0.0241155
-2.59375 -0.0248623

-2.59375 -0.0248624
-2.57812 -0.0256061

1.48438 0.064447
1.5 0.0653609

0.296875 -0.0113316
0.3125 -0.0104189

-2.57812 -0.0256062
-2.5625 -0.0263467

-2.5625 -0.0263467
-2.54688 -0.0270839

-2.54688 -0.0270839
-2.53125 -0.0278177

-2.53125 -0.0278177
-2.51562 -0.0285479

-2.51562 -0.0285479
-2.5 -0.0292743

0.3125 -0.0104188
0.328125 -0.00950056

0.328125 -0.00950052
0.34375 -0.00857683

0.34375 -0.0085768
0.359375 -0.00764783

0.359375 -0.0076478
0.375 -0.00671365

0.375 -0.00671361
0.390625 -0.00577442

0.390625 -0.00577434
0.40625 -0.00483039

0.40625 -0.00483029
0.421875 -0.00388192

0.421875 -0.00388189
0.4375 -0.00292937

0.4375 -0.00292937
0.453125 -0.00197275

0.453125 -0.00197273
0.46875 -0.00101202

0.46875 -0.00101186
0.484375 -4.7405e-05

0.484375 -4.2512e-05
0.485061 0

0.485148 0
0.5 0.000920501

-0.84375 -0.058344
-0.828125 -0.0580326

-0.828125 -0.0580326
-0.8125 -0.05771

-0.8125 -0.05771
-0.796875 -0.0573764

1.5 0.065361
1.51562 0.0662654

-0.796875 -0.0573764
-0.78125 -0.0570317

1.51562 0.0662655
1.53125 0.0671602

-0.78125 -0.0570316
-0.765625 -0.0566759

1.53125 0.0671603
1.54688 0.0680447

-0.765625 -0.0566759
-0.75 -0.0563091

-2.5 -0.0292743
-2.48438 -0.0299969

0.5 0.000920838
0.515625 0.00189363

1.54688 0.0680448
1.5625 0.0689186

0.515625 0.00189365
0.53125 0.00287059

-2.48438 -0.0299969
-2.46875 -0.0307155

-0.75 -0.0563091
-0.734375 -0.0559314

1.5625 0.0689187
1.57812 0.0697815

-2.45312 -0.0314418
-2.45732 -0.03125

0.53125 0.00287058
0.546875 0.00385165

-2.45312 -0.0314304
-2.4375 -0.0321404

-2.46875 -0.0307115
-2.45698 -0.03125

-0.734375 -0.0559314
-0.71875 -0.0555428

-2.4375 -0.0321405
-2.42188 -0.0328454

-2.42188 -0.0328454
-2.40625 -0.033545

0.546875 0.00385165
0.5625 0.00483685

1.57812 0.0697816
1.59375 0.070633

0.5625 0.00483693
0.578125 0.0058261

-0.71875 -0.0555428
-0.703125 -0.0551434

0.578125 0.00582618
0.59375 0.00681903

1.59375 0.0706331
1.60938 0.0714725

-2.40625 -0.033545
-2.39062 -0.0342392

1.60938 0.0714726
1.625 0.0722998

-0.703125 -0.0551434
-0.6875 -0.0547333

1.625 0.0722999
1.64062 0.0731144

1.64062 0.0731145
1.65625 0.0739158

-2.39062 -0.0342392
-2.375 -0.0349278

1.65625 0.0739159
1.67188 0.0747037

0.59375 0.0068191
0.609375 0.00781531

-0.6875 -0.0547332
-0.671875 -0.0543124

-2.375 -0.0349278
-2.35938 -0.0356107

1.67188 0.0747038
1.6875 0.0754773

-2.35938 -0.0356107
-2.34375 -0.0362879

-0.671875 -0.0543124
-0.65625 -0.053881

0.609375 0.00781538
0.625 0.00881469

-0.65625 -0.053881
-0.640625 -0.0534392

1.6875 0.0754775
1.70312 0.0762363

0.625 0.00881475
0.640625 0.00981691

1.70312 0.0762364
1.71875 0.0769797

-0.640625 -0.0534391
-0.625 -0.0529869

0.640625 0.00981697
0.65625 0.0108217

-2.34375 -0.0362879
-2.32812 -0.0369592

0.65625 0.0108218
0.671875 0.0118289

1.71875 0.0769799
1.73438 0.077707

-0.625 -0.0529869
-0.609375 -0.0525244

-2.32812 -0.0369592
-2.3125 -0.0376245

-0.609375 -0.0525243
-0.59375 -0.0520517

0.671875 0.011829
0.6875 0.0128382

1.73438 0.0777117
1.74347 0.078125

0.6875 0.0128383
0.703125 0.0138494

1.74371 0.078125
1.75 0.0784106

0.703125 0.0138495
0.71875 0.0148623

-0.59375 -0.0520516
-0.578125 -0.051569

-2.3125 -0.0376245
-2.29688 -0.0382836

-0.578125 -0.051569
-0.5625 -0.0510764

0.71875 0.0148782
0.730257 0.015625

-0.5625 -0.0510764
-0.546875 -0.0505741

0.731315 0.015625
0.734375 0.0158236

-0.546875 -0.0505741
-0.53125 -0.0500623

-2.29688 -0.0382837
-2.28125 -0.0389364

0.734375 0.0158759
0.75 0.0168917

-0.53125 -0.0500623
-0.515625 -0.0495411

0.75 0.016892
0.765625 0.0179105

1.75 0.0784171
1.76562 0.0791095

0.765625 0.0179105
0.78125 0.018931

1.76562 0.0791097
1.78125 0.079784

-0.515625 -0.049541
-0.5 -0.0490107

1.78125 0.0797841
1.79688 0.0804396

0.78125 0.0189311
0.796875 0.0199537

-2.28125 -0.0389365
-2.26562 -0.0395828

0.796875 0.0199537
0.8125 0.0209782

1.79688 0.0804398
1.8125 0.0810759

1.8125 0.0810761
1.82812 0.0816921

0.8125 0.0209782
0.828125 0.0220044

1.82812 0.0816923
1.84375 0.0822875

-2.26562 -0.0395829
-2.25 -0.0402227

1.84375 0.0822877
1.85938 0.0828614

0.828125 0.0220045
0.84375 0.0230322

0.84375 0.0230323
0.859375 0.0240613

1.85938 0.0828616
1.875 0.0834132

0.859375 0.0240614
0.875 0.0250916

-2.25 -0.0402227
-2.23438 -0.0408558

1.875 0.0834134
1.89062 0.0839422

0.875 0.0250916
0.890625 0.0261228

0.890625 0.0261228
0.90625 0.0271547

1.89062 0.0839424
1.90625 0.0844476

0.90625 0.0271548
0.921875 0.0281873

0.921875 0.0281874
0.9375 0.0292203

0.9375 0.0292204
0.953125 0.0302535

0.953125 0.0302542
0.968188 0.03125

0.96875 0.0312861
0.984375 0.0323194

0.984375 0.0323195
1 0.0333536

1.90625 0.0844478
1.92188 0.0849285

1.92188 0.0849287
1.9375 0.0853843

-2.23438 -0.0408558
-2.21875 -0.0414822

-2.21875 -0.0414822
-2.20312 -0.0421018

-0.5 -0.0490106
-0.484375 -0.0484712

-0.484375 -0.0484712
-0.46875 -0.0479229

-0.46875 -0.0479229
-0.453125 -0.0473658

-0.453125 -0.0473628
-0.439652 -0.046875

-2.20312 -0.0421018
-2.1875 -0.0427143

-2.1875 -0.0427144
-2.17188 -0.0433199

1 0.0333536
1.01562 0.0343885

-2.17188 -0.0433199
-2.15625 -0.0439183

-0.438956 -0.046875
-0.4375 -0.0468223

1.9375 0.0853845
1.95312 0.0858141

1.95312 0.0858143
1.96875 0.0862173

1.96875 0.0862175
1.98438 0.0865931

-0.4375 -0.0468003
-0.421875 -0.0462254

-0.421875 -0.0462253
-0.40625 -0.0456408

-2.15625 -0.0439183
-2.14062 -0.0445096

-2.14062 -0.0445097
-2.125 -0.0450938

1.98438 0.0865933
2 0.0869409

-2.125 -0.0450938
-2.10938 -0.0456708

-0.40625 -0.0456408
-0.390625 -0.045047

-0.390625 -0.045047
-0.375 -0.044444

-2.10938 -0.0456708
-2.09375 -0.0462406

-2.09375 -0.0462406
-2.07812 -0.0468033

-2.0625 -0.0473588
-2.07612 -0.046875

-2.07812 -0.0468018
-2.07606 -0.046875

-0.375 -0.044444
-0.359375 -0.0438321

-0.359375 -0.043832
-0.34375 -0.0432113

-2.0625 -0.0473588
-2.04688 -0.0479058

-2.04688 -0.0479058
-2.03125 -0.0484441

2 0.086941
2.01562 0.0872599

-2.03125 -0.0484442
-2.01562 -0.0489737

2.01562 0.0872601
2.03125 0.0875497

-0.34375 -0.0432113
-0.328125 -0.0425818

2.03125 0.0875499
2.04688 0.0878095

-0.328125 -0.0425818
-0.3125 -0.0419437

-0.3125 -0.0419437
-0.296875 -0.0412972

-0.296875 -0.0412972
-0.28125 -0.0406424

2.04688 0.0878097
2.0625 0.0880385

2.0625 0.0880387
2.07812 0.0882361

2.07812 0.0882363
2.09375 0.0884012

-0.28125 -0.0406424
-0.265625 -0.0399793

-0.265625 -0.0399793
-0.25 -0.0393081

-2.01562 -0.0489738
-2 -0.0494945

2.09375 0.0884014
2.10938 0.088533

2.10938 0.0885332
2.125 0.0886303

2.125 0.0886306
2.14062 0.0886923

-0.25 -0.0393081
-0.234375 -0.0386289

-0.234375 -0.0386289
-0.21875 -0.0379418

-0.21875 -0.0379418
-0.203125 -0.0372469

-0.203125 -0.0372468
-0.1875 -0.0365443

2.14062 0.0886926
2.15625 0.0887179

-2 -0.0494945
-1.98438 -0.0500062

-1.98438 -0.0500062
-1.96875 -0.0505087

-1.96875 -0.0505087
-1.95312 -0.0510018

2.15625 0.0887181
2.17188 0.088706

-1.95312 -0.0510019
-1.9375 -0.0514855

-0.1875 -0.0365442
-0.171875 -0.0358341

-1.9375 -0.0514855
-1.92188 -0.0519595

2.17188 0.0887062
2.1875 0.0886558

-1.92188 -0.0519595
-1.90625 -0.0524238

-0.171875 -0.0358341
-0.15625 -0.0351166

-1.90625 -0.0524238
-1.89062 -0.0528783

2.1875 0.088656
2.20312 0.0885662

2.20312 0.0885665
2.21875 0.0884364

-0.15625 -0.0351166
-0.140625 -0.0343918

-0.140625 -0.0343918
-0.125 -0.03366

-1.89062 -0.0528784
-1.875 -0.053323

-0.125 -0.0336599
-0.109375 -0.0329211

2.21875 0.0884367
2.23438 0.0882655

-1.875 -0.053323
-1.85938 -0.0537576

-0.109375 -0.0329211
-0.09375 -0.0321754

2.23438 0.0882657
2.25 0.0880524

-1.85938 -0.0537576
-1.84375 -0.0541821

-1.84375 -0.0541821
-1.82812 -0.0545965

2.25 0.0880526
2.26562 0.0877964

2.26562 0.0877966
2.28125 0.0874965

-1.82812 -0.0545965
-1.8125 -0.0550007

-0.09375 -0.0321754
-0.078125 -0.031423

-0.078125 -0.0313937
-0.0751684 -0.03125

2.28125 0.0874967
2.29688 0.087152

2.29688 0.0871521
2.3125 0.0867621

-1.8125 -0.0550007
-1.79688 -0.0553946

2.3125 0.0867623
2.32812 0.0863262

-0.0743958 -0.03125
-0.0625 -0.0306719

2.32812 0.0863264
2.34375 0.0858435

-1.79688 -0.0553946
-1.78125 -0.0557782

2.34375 0.0858437
2.35938 0.0853132

-0.0625 -0.0306639
-0.046875 -0.0298969

2.35938 0.0853135
2.375 0.0847346

-0.046875 -0.0298969
-0.03125 -0.0291222

-1.78125 -0.0557782
-1.76562 -0.0561515

2.375 0.0847348
2.39062 0.0841066

2.39062 0.0841069
2.40625 0.0834284

-0.03125 -0.0291222
-0.015625 -0.0283401

-1.76562 -0.0561515
-1.75 -0.0565143

2.40625 0.0834287
2.42188 0.0826991

2.42188 0.0826993
2.4375 0.0819178

-1.75 -0.0565143
-1.73438 -0.0568668

-1.73438 -0.0568668
-1.71875 -0.0572088

2.4375 0.081918
2.45312 0.0810838

2.45312 0.081084
2.46875 0.0801964

-0.015625 -0.02834
0 -0.0275505

-1.71875 -0.0572088
-1.70312 -0.0575404

-1.70312 -0.0575404
-1.6875 -0.0578616

2.46875 0.0801966
2.48438 0.0792548

2.48438 0.079255
2.5 0.0782584

-1.6875 -0.0578616
-1.67188 -0.0581723

-1.67188 -0.0581723
-1.65625 -0.0584725

-1.65625 -0.0584725
-1.64062 -0.0587621

-1.64062 -0.0587621
-1.625 -0.0590411

-1.625 -0.0590411
-1.60938 -0.0593095

-1.60938 -0.0593095
-1.59375 -0.0595672

-1.59375 -0.0595672
-1.57812 -0.0598141

-1.57812 -0.0598141
-1.5625 -0.06005

-1.5625 -0.0600501
-1.54688 -0.0602751

2.51562 0.0772034
2.50194 0.078125

2.5 0.0782782
2.50228 0.078125

2.51562 0.0772066
2.53125 0.0760985

2.53125 0.0760987
2.54688 0.074934

2.54688 0.0749341
2.5625 0.0737123

2.5625 0.0737124
2.57812 0.0724331

2.57812 0.0724332
2.59375 0.0710957

2.59375 0.0710958
2.60938 0.0696997

2.60938 0.0696998
2.625 0.0682445

-1.54688 -0.0602751
-1.53125 -0.0604891

-1.53125 -0.0604891
-1.51562 -0.0606921

-1.51562 -0.0606921
-1.5 -0.0608839

2.6875 0.061807
2.68111 0.0625

2.625 0.0682446
2.64062 0.0667298

2.64062 0.0667299
2.65625 0.0651552

2.65625 0.0651553
2.67188 0.0635204

2.67188 0.0635326
2.68139 0.0625

2.6875 0.0618253
2.70312 0.0600695

2.70312 0.0600695
2.71875 0.058253

2.71875 0.058253
2.73438 0.0563757

2.73438 0.0563758
2.75 0.0544376

2.75 0.0544376
2.76562 0.0524384

2.76562 0.0524384
2.78125 0.0503781

2.78125 0.0503781
2.79688 0.0482566

2.8125 0.0460428
2.80654 0.046875

2.79688 0.0482748
2.8069 0.046875

2.8125 0.0460739
2.82812 0.0438305

2.82812 0.0438304
2.84375 0.0415266

2.84375 0.0415265
2.85938 0.0391625

-1.5 -0.0608839
-1.48438 -0.0610645

-1.48438 -0.0610645
-1.46875 -0.0612339

-1.46875 -0.0612339
-1.45312 -0.061392

-1.45312 -0.061392
-1.4375 -0.0615388

2.85938 0.0391624
2.875 0.0367387

-1.4375 -0.0615388
-1.42188 -0.0616742

2.875 0.0367386
2.89062 0.0342555

2.89062 0.0342554
2.90625 0.0317132

2.92188 0.0290946
2.90893 0.03125

2.92188 0.029112
2.9375 0.026453

-1.42188 -0.0616742
-1.40625 -0.0617982

-1.40625 -0.0617983
-1.39062 -0.0619109

2.90625 0.0317884
2.90948 0.03125

2.9375 0.0264529
2.95312 0.0237364

2.95312 0.0237363
2.96875 0.0209626

2.96875 0.0209622
2.98438 0.0181321

3 0.0152113
2.99776 0.015625

-1.39062 -0.0619109
-1.375 -0.062012

2.98438 0.0181369
2.99798 0.015625

-1.375 -0.062012
-1.35938 -0.0621016

-1.35938 -0.0621016
-1.34375 -0.0621797

3.25 -0.000707093
3.21567 0

3.5 -0.000602348
3.39284 0

3 0.0152722
3.03125 0.00930042

3.03125 0.0084753
3.0625 0.00387395

3.0625 0.00407599
3.125 0.000106487

-1.34375 -0.0621797
-1.32812 -0.0622461

-1.32812 -0.0622461
-1.3125 -0.0623009

3.125 0.00193535
3.21893 0

3.25 0.000865817
3.40282 0

-1.3125 -0.0623009
-1.29688 -0.0623441

-1.29688 -0.062344
-1.28125 -0.0623755

-1.28125 -0.0623755
-1.26562 -0.0623953

-1.26562 -0.0623954
-1.25 -0.0624034

4 -0.000485077
3.7085 0

3.5 0.000734961
3.73182 0

-1.25 -0.0624035
-1.23438 -0.062399

-1.23438 -0.062399
-1.21875 -0.0623816

-1.21875 -0.0623815
-1.20312 -0.0623511

-1.20312 -0.0623511
-1.1875 -0.062308

-1.1875 -0.0623079
-1.17188 -0.0622523

-1.17188 -0.0622522
-1.15625 -0.0621841

-1.15625 -0.062184
-1.14062 -0.0621035

-1.14062 -0.0621035
-1.125 -0.0620108

-1.125 -0.0620108
-1.10938 -0.0619059

-1.10938 -0.0619059
-1.09375 -0.0617889

-1.09375 -0.0617889
-1.07812 -0.0616601

-1.07812 -0.0616601
-1.0625 -0.0615194

-1.0625 -0.0615194
-1.04688 -0.061367

-1.04688 -0.061367
-1.03125 -0.0612029

-1.03125 -0.0612029
-1.01562 -0.0610272

