-4 0.0008548
-3.5 0.00491617

-3.5 0.00327295
-3.25 0.00596092

-3.25 0.0061344
-3.125 0.00898648

-3.125 0.00780922
-3.0625 0.0101706

-3.0625 0.0086887
-3.03125 0.0117781

-3.03125 0.0129978
-3 0.0185204

-3 0.0185218
-2.98438 0.0212802

-2.98438 0.0212806
-2.96875 0.0240322

-2.96875 0.0240324
-2.95312 0.0267757

-2.95312 0.026776
-2.9375 0.02951

1.5 -0.14599
1.51562 -0.146733

1.51562 -0.146734
1.53125 -0.147452

1.53125 -0.147452
1.54688 -0.148145

-2.9375 0.0295846
-2.92795 0.03125

-2.92672 0.03125
-2.92188 0.0320953

-2.92188 0.032234
-2.90625 0.0349466

-1.5 0.156166
-1.48438 0.155621

-1.48438 0.155621
-1.46875 0.155036

-1.46875 0.155036
-1.45312 0.154411

-1.45312 0.154411
-1.4375 0.153748

-1.4375 0.153747
-1.42188 0.153045

-1.42188 0.153045
-1.40625 0.152305

1.54688 -0.148145
1.5625 -0.148812

1.5625 -0.148812
1.57812 -0.149453

1.57812 -0.149453
1.59375 -0.150068

1.59375 -0.150069
1.60938 -0.150657

-2.90625 0.0349467
-2.89062 0.0376476

-2.89062 0.0376477
-2.875 0.0403362

-2.875 0.0403364
-2.85938 0.0430117

-1.40625 0.152305
-1.39062 0.151528

-1.39062 0.151528
-1.375 0.150715

-2.85938 0.0430119
-2.84375 0.0456732

-2.84375 0.0458798
-2.83787 0.046875

-2.83567 0.046875
-2.82812 0.0481534

-2.82812 0.0483201
-2.8125 0.0509511

0.015625 -0.000306615
0.013223 0

-1.375 0.150715
-1.35938 0.149866

0.015625 -0.000366603
0.03125 -0.0023583

0.03125 -0.00235847
0.046875 -0.00434741

0.046875 -0.0043475
0.0625 -0.00633313

-1.35938 0.149866
-1.34375 0.148982

-1.34375 0.148982
-1.32812 0.148064

-1.32812 0.148063
-1.3125 0.147111

-1.3125 0.147111
-1.29688 0.146126

-1.29688 0.146125
-1.28125 0.145107

-1.28125 0.145107
-1.26562 0.144057

-1.26562 0.144057
-1.25 0.142975

1.60938 -0.150657
1.625 -0.151218

1.625 -0.151218
1.64062 -0.151752

1.64062 -0.151753
1.65625 -0.152259

1.65625 -0.152259
1.67188 -0.152737

1.67188 -0.152737
1.6875 -0.153187

1.6875 -0.153187
1.70312 -0.153607

1.70312 -0.153607
1.71875 -0.153997

1.71875 -0.153997
1.73438 -0.154355

1.73438 -0.154355
1.75 -0.154682

1.75 -0.154682
1.76562 -0.154976

1.76562 -0.154976
1.78125 -0.155237

1.78125 -0.155237
1.79688 -0.155465

1.79688 -0.155465
1.8125 -0.155659

1.8125 -0.155659
1.82812 -0.155819

1.82812 -0.155819
1.84375 -0.155944

1.84375 -0.155944
1.85938 -0.156033

1.85938 -0.156033
1.875 -0.156088

1.875 -0.156088
1.89062 -0.156106

1.89062 -0.156106
1.90625 -0.156087

1.90625 -0.156088
1.92188 -0.156031

1.92188 -0.156031
1.9375 -0.155937

1.9375 -0.155937
1.95312 -0.155803

1.95312 -0.155803
1.96875 -0.15563

1.96875 -0.15563
1.98438 -0.155418

1.98438 -0.155418
2 -0.155165

-2.8125 0.0509513
-2.79688 0.0535662

2 -0.155165
2.01562 -0.154871

2.01562 -0.154871
2.03125 -0.154537

-2.79688 0.0535664
-2.78125 0.0561643

-2.78125 0.0561645
-2.76562 0.0587448

-2.76562 0.058745
-2.75 0.0613069

-2.75 0.0615258
-2.74401 0.0625

0.0625 -0.00633324
0.078125 -0.00831514

2.03125 -0.154537
2.04688 -0.154161

0.078125 -0.00831524
0.09375 -0.010293

0.09375 -0.010293
0.109375 -0.0122663

0.109375 -0.0122664
0.125 -0.0142347

2.04688 -0.154161
2.0625 -0.153742

-1.25 0.142975
-1.23438 0.141862

-1.23438 0.141862
-1.21875 0.140719

-1.20312 0.139549
-1.21747 0.140625

-1.21875 0.140682
-1.21798 0.140625

2.0625 -0.153743
2.07812 -0.153281

2.07812 -0.153282
2.09375 -0.152775

2.09375 -0.152776
2.10938 -0.152223

2.10938 -0.152223
2.125 -0.151623

-1.20312 0.139546
-1.1875 0.138344

2.125 -0.151623
2.14062 -0.150975

2.14062 -0.150975
2.15625 -0.150277

-1.1875 0.138344
-1.17188 0.137113

2.15625 -0.150277
2.17188 -0.14953

-1.17188 0.137113
-1.15625 0.135855

-1.15625 0.135855
-1.14062 0.134571

2.17188 -0.14953
2.1875 -0.148733

-1.14062 0.134571
-1.125 0.133261

0.140625 -0.0160974
0.136865 -0.015625

2.1875 -0.148733
2.20312 -0.147884

0.125 -0.0142729
0.135762 -0.015625

2.20312 -0.147885
2.21875 -0.146985

0.140625 -0.0161976
0.15625 -0.0181562

-1.03125 0.1249
-1.03232 0.125

-2.74151 0.0625
-2.73438 0.063661

0.15625 -0.0181564
0.171875 -0.0201104

0.171875 -0.0201105
0.1875 -0.0220594

0.1875 -0.0220595
0.203125 -0.024003

-2.73438 0.06385
-2.71875 0.0663731

-2.71875 0.0663733
-2.70312 0.0688762

-2.70312 0.0688764
-2.6875 0.0713583

0.203125 -0.0240031
0.21875 -0.0259406

-2.6875 0.0713585
-2.67188 0.0738187

0.21875 -0.0259407
0.234375 -0.0278719

0.234375 -0.027872
0.25 -0.0297966

2.21875 -0.146985
2.23438 -0.146032

-2.67188 0.0738189
-2.65625 0.0762566

-2.65625 0.0763318
-2.64465 0.078125

-2.64162 0.078125
-2.64062 0.0782794

2.23438 -0.146032
2.25 -0.145024

-2.64062 0.0786715
-2.625 0.0810623

0.265625 -0.0316045
0.262737 -0.03125

-2.625 0.0810625
-2.60938 0.083429

2.25 -0.145024
2.26562 -0.14396

-2.60938 0.0834292
-2.59375 0.0857708

0.265625 -0.0317141
0.28125 -0.0336255

-2.59375 0.085771
-2.57812 0.0880871

0.25 -0.0298279
0.261587 -0.03125

-2.57812 0.0880873
-2.5625 0.0903771

2.26562 -0.14396
2.28125 -0.142838

2.28125 -0.142838
2.29688 -0.141659

0.28125 -0.0336257
0.296875 -0.0355308

0.296875 -0.0355309
0.3125 -0.0374294

-2.5625 0.0903773
-2.54688 0.0926403

0.3125 -0.0374295
0.328125 -0.0393209

0.328125 -0.039321
0.34375 -0.0412048

-1.03125 0.124896
-1.01562 0.123423

-2.54688 0.0929803
-2.54149 0.09375

-2.53679 0.09375
-2.53125 0.0945429

0.34375 -0.0412049
0.359375 -0.0430808

0.359375 -0.0430809
0.375 -0.0449486

2.29688 -0.141664
2.30999 -0.140625

0.375 -0.0449488
0.390625 -0.0468078

-1.01562 0.123422
-1 0.121928

-1.125 0.13326
-1.10938 0.131925

-1.10938 0.131925
-1.09375 0.130566

0.40625 -0.0486574
0.391202 -0.046875

-1.09375 0.130566
-1.07812 0.129182

0.390625 -0.0468302
0.391004 -0.046875

-2.53125 0.0948759
-2.51562 0.0970831

2.30967 -0.140625
2.3125 -0.140401

-2.51562 0.0970832
-2.5 0.0992616

-1.07812 0.129182
-1.0625 0.127776

2.3125 -0.140422
2.32812 -0.139128

-1.0625 0.127776
-1.04688 0.126347

2.32812 -0.139128
2.34375 -0.137777

0.40625 -0.0486583
0.421875 -0.0505014

-1.04688 0.126346
-1.03238 0.125

2.34375 -0.137777
2.35938 -0.136368

2.35938 -0.136368
2.375 -0.134899

0.421875 -0.0505015
0.4375 -0.0523363

0.4375 -0.0523364
0.453125 -0.0541627

0.453125 -0.0541628
0.46875 -0.0559799

-2.5 0.0992618
-2.48438 0.101411

-2.48438 0.101411
-2.46875 0.10353

-2.46875 0.10353
-2.45312 0.105618

-2.45312 0.105618
-2.4375 0.107675

0.46875 -0.0559801
0.484375 -0.0577878

-2.4375 0.107704
-2.42461 0.109375

-2.42256 0.109375
-2.42188 0.109464

0.484375 -0.0577878
0.5 -0.0595857

0 0.00161521
0.0126534 0

-1 0.121927
-0.984375 0.120412

-0.984375 0.120412
-0.96875 0.118876

-0.96875 0.118875
-0.953125 0.11732

-0.953125 0.11732
-0.9375 0.115744

-0.9375 0.115744
-0.921875 0.11415

-2.42188 0.1097
-2.40625 0.111692

-0.921875 0.11415
-0.90625 0.112537

2.375 -0.1349
2.39062 -0.133369

-0.90625 0.112537
-0.890625 0.110907

-0.875 0.109264
-0.87605 0.109375

-0.890625 0.110906
-0.876111 0.109375

-2.40625 0.111693
-2.39062 0.113652

2.39062 -0.133369
2.40625 -0.131776

0.53125 -0.0629801
0.527029 -0.0625

-2.39062 0.113652
-2.375 0.115578

0.53125 -0.0631505
0.546875 -0.0649181

0.546875 -0.0649182
0.5625 -0.0666761

2.40625 -0.131776
2.42188 -0.130119

-2.375 0.115578
-2.35938 0.117469

-0.875 0.109258
-0.859375 0.107592

0.5 -0.0595859
0.515625 -0.0613736

-0.859375 0.107592
-0.84375 0.105909

-2.35938 0.117469
-2.34375 0.119326

2.42188 -0.130119
2.4375 -0.128398

-2.34375 0.119326
-2.32812 0.121148

0.515625 -0.0614625
0.524746 -0.0625

-0.84375 0.105909
-0.828125 0.104209

0.5625 -0.0666762
0.578125 -0.068424

2.4375 -0.128398
2.45312 -0.126613

-0.828125 0.104209
-0.8125 0.102493

2.45312 -0.12662
2.4668 -0.125

-0.8125 0.102493
-0.796875 0.100762

2.4664 -0.125
2.46875 -0.124722

-2.32812 0.121148
-2.3125 0.122933

2.46875 -0.124762
2.48438 -0.122846

0.578125 -0.0684241
0.59375 -0.0701614

-2.3125 0.122933
-2.29688 0.124682

-0.796875 0.100762
-0.78125 0.099016

2.48438 -0.122846
2.5 -0.120864

-0.78125 0.0990159
-0.765625 0.0972555

-2.29688 0.1249
-2.29596 0.125

0.59375 -0.0701615
0.609375 -0.0718878

0.609375 -0.0718879
0.625 -0.0736029

-0.765625 0.0972553
-0.75 0.0954807

0.625 -0.0736029
0.640625 -0.0753062

-2.29367 0.125
-2.28125 0.12636

-2.28125 0.126393
-2.26562 0.128066

0.640625 -0.0753064
0.65625 -0.0769976

0.671875 -0.0785199
0.6682 -0.078125

0.65625 -0.0770653
0.666112 -0.078125

-0.734375 0.0936963
-0.734844 0.09375

-2.26562 0.128066
-2.25 0.129701

-0.734375 0.0936925
-0.71875 0.0918908

0.671875 -0.0786763
0.6875 -0.0803438

-0.75 0.0954805
-0.734879 0.09375

-2.25 0.129701
-2.23438 0.131297

-0.71875 0.0918906
-0.703125 0.0900755

-0.703125 0.0900754
-0.6875 0.0882479

-2.23438 0.131297
-2.21875 0.132853

-2.21875 0.132853
-2.20312 0.134369

2.5 -0.120864
2.51562 -0.118815

2.51562 -0.118815
2.53125 -0.116699

0.6875 -0.0803439
0.703125 -0.082

0.703125 -0.082
0.71875 -0.0836443

-0.6875 0.0882477
-0.671875 0.0864083

-0.671875 0.0864082
-0.65625 0.0845574

-2.20312 0.13437
-2.1875 0.135845

-2.1875 0.135845
-2.17188 0.137279

2.53125 -0.116699
2.54688 -0.114514

2.54688 -0.114514
2.5625 -0.112262

0.71875 -0.0836444
0.734375 -0.0852765

0.734375 -0.0852766
0.75 -0.0868961

-0.65625 0.0845573
-0.640625 0.0826955

-0.640625 0.0826954
-0.625 0.0808232

-2.17188 0.137279
-2.15625 0.138671

-2.15625 0.138671
-2.14062 0.140021

-0.625 0.0808229
-0.609375 0.0789409

-2.14062 0.140033
-2.13355 0.140625

2.5625 -0.112262
2.57812 -0.109942

-0.59375 0.0770914
-0.602287 0.078125

0.75 -0.0868962
0.765625 -0.0885029

-0.609375 0.0788846
-0.603101 0.078125

0.765625 -0.088503
0.78125 -0.0900964

-2.13329 0.140625
-2.125 0.141318

0.78125 -0.0900965
0.796875 -0.0916764

0.796875 -0.0916765
0.8125 -0.0932425

2.57812 -0.110201
2.58353 -0.109375

0.828125 -0.0947656
0.817902 -0.09375

0.828125 -0.0947944
0.84375 -0.0963335

2.5812 -0.109375
2.59375 -0.107455

-2.125 0.141329
-2.10938 0.142593

2.59375 -0.107552
2.60938 -0.105093

-2.10938 0.142593
-2.09375 0.143814

-0.59375 0.0770491
-0.578125 0.0751474

-2.09375 0.143814
-2.07812 0.144991

2.60938 -0.105093
2.625 -0.102564

0.8125 -0.0933045
0.816985 -0.09375

2.625 -0.102564
2.64062 -0.0999662

0.84375 -0.0963335
0.859375 -0.0978594

-0.578125 0.0751472
-0.5625 0.0732362

-2.07812 0.144991
-2.0625 0.146123

-0.5625 0.0732361
-0.546875 0.0713165

-2.0625 0.146123
-2.04688 0.147212

2.64062 -0.0999666
2.65625 -0.0972985

-0.546875 0.0713164
-0.53125 0.0693889

2.65625 -0.0972988
2.67188 -0.0945595

-0.53125 0.0693887
-0.515625 0.0674538

-2.04688 0.147212
-2.03125 0.148255

-0.515625 0.0674537
-0.5 0.0655118

2.67188 -0.0948035
2.67773 -0.09375

2.67576 -0.09375
2.6875 -0.0916377

0.859375 -0.0978595
0.875 -0.0993719

2.6875 -0.0917483
2.70312 -0.0888663

2.70312 -0.0888663
2.71875 -0.0859134

-2.03125 0.148255
-2.01562 0.149253

2.71875 -0.0859134
2.73438 -0.0828897

0.875 -0.099372
0.890625 -0.100871

2.73438 -0.0828899
2.75 -0.079795

2.75 -0.0798905
2.75871 -0.078125

2.75772 -0.078125
2.76562 -0.0765226

2.76562 -0.0766287
2.78125 -0.0733915

2.78125 -0.0733921
2.79688 -0.0700827

0.890625 -0.100871
0.90625 -0.102355

2.79688 -0.0700827
2.8125 -0.0667

-2.01562 0.149253
-2 0.150205

2.8125 -0.0666999
2.82812 -0.0632445

2.82812 -0.0629721
2.83022 -0.0625

0.90625 -0.102355
0.921875 -0.103825

0.921875 -0.103825
0.9375 -0.10528

2.83169 -0.0625
2.84375 -0.0597768

2.84375 -0.0597167
2.85938 -0.0561172

-0.46875 0.061664
-0.475433 0.0625

-0.46875 0.0616088
-0.453125 0.0596477

-2 0.150205
-1.98438 0.151111

-0.453125 0.0596475
-0.4375 0.0576804

-1.98438 0.151111
-1.96875 0.151971

0.9375 -0.10528
0.953125 -0.10672

-1.96875 0.151971
-1.95312 0.152784

-1.95312 0.152784
-1.9375 0.15355

0.953125 -0.10672
0.96875 -0.108144

-1.9375 0.15355
-1.92188 0.154269

0.96875 -0.108157
0.98226 -0.109375

-0.5 0.0655116
-0.484375 0.0635632

-1.92188 0.154269
-1.90625 0.15494

-0.484375 0.0635177
-0.47624 0.0625

-1.90625 0.15494
-1.89062 0.155564

0.984375 -0.109552
1 -0.110946

2.85938 -0.0561173
2.875 -0.0524459

-0.4375 0.0576803
-0.421875 0.0557078

-1.89062 0.155564
-1.875 0.156141

-0.421875 0.0557077
-0.40625 0.0537304

2.875 -0.0524458
2.89062 -0.0487025

2.89062 -0.0486094
2.89773 -0.046875

-1.875 0.156139
-1.87172 0.15625

-1.87179 0.15625
-1.85938 0.156671

-1.85938 0.15667
-1.84375 0.157152

1 -0.110946
1.01562 -0.112324

1.01562 -0.112324
1.03125 -0.113687

1.03125 -0.113687
1.04688 -0.115035

1.04688 -0.115035
1.0625 -0.116367

-0.40625 0.0537303
-0.390625 0.0517486

1.0625 -0.116368
1.07812 -0.117683

-1.84375 0.157152
-1.82812 0.157586

-0.390625 0.0517486
-0.375 0.0497629

1.07812 -0.117684
1.09375 -0.118983

1.09375 -0.118983
1.10938 -0.120265

-1.82812 0.157586
-1.8125 0.157974

1.10938 -0.120265
1.125 -0.12153

2.89846 -0.046875
2.90625 -0.0449726

1.17188 -0.125091
1.1707 -0.125

-0.375 0.0497627
-0.359375 0.0477737

-1.8125 0.157974
-1.79688 0.158314

-0.34375 0.0458486
-0.351799 0.046875

-1.79688 0.158314
-1.78125 0.158607

-0.359375 0.0476911
-0.352975 0.046875

1.17188 -0.125214
1.1875 -0.126405

-0.34375 0.0457814
-0.328125 0.0437851

2.90625 -0.0448878
2.92188 -0.0410008

-1.78125 0.158607
-1.76562 0.158853

2.92188 -0.0410007
2.9375 -0.0370412

1.1875 -0.126406
1.20312 -0.127579

-0.328125 0.043785
-0.3125 0.0417854

-1.76562 0.158853
-1.75 0.159053

-0.3125 0.0417853
-0.296875 0.039783

1.20312 -0.127579
1.21875 -0.128734

-0.296875 0.0397829
-0.28125 0.0377783

2.9375 -0.037041
2.95312 -0.0330099

-0.28125 0.0377782
-0.265625 0.0357718

-0.265625 0.0357719
-0.25 0.0337639

1.21875 -0.128734
1.23438 -0.12987

1.23438 -0.129871
1.25 -0.130988

2.95312 -0.0326638
2.95851 -0.03125

-0.21875 0.0298003
-0.230021 0.03125

2.96077 -0.03125
2.96875 -0.0291551

-0.25 0.0337635
-0.234375 0.0317549

-0.234375 0.0315576
-0.231983 0.03125

2.96875 -0.0289093
2.98438 -0.0247316

-0.21875 0.0297455
-0.203125 0.027734

1.125 -0.12153
1.14062 -0.122777

-0.203125 0.0277339
-0.1875 0.0257216

2.98438 -0.0247297
3 -0.020477

-1.75 0.159053
-1.73438 0.159206

1.14062 -0.122777
1.15625 -0.124005

-1.73438 0.159206
-1.71875 0.159313

-0.1875 0.0257214
-0.171875 0.0237086

1.15625 -0.124025
1.16885 -0.125

-1.71875 0.159313
-1.70312 0.159375

-0.171875 0.0237085
-0.15625 0.0216957

3 -0.020499
3.03125 -0.0117632

-0.15625 0.0216956
-0.140625 0.0196833

3.03125 -0.00932523
3.0625 -0.00515557

-0.140625 0.0196832
-0.125 0.0176717

3.0625 -0.00843682
3.125 -0.00585661

3.125 -0.00719163
3.25 -0.00452643

1.25 -0.130988
1.26562 -0.132086

3.25 -0.00475712
3.5 -0.00207192

1.26562 -0.132086
1.28125 -0.133164

-0.125 0.0176715
-0.109375 0.0156611

-1.70312 0.159375
-1.6875 0.159391

-0.09375 0.0136523
-0.10909 0.015625

-1.6875 0.159391
-1.67188 0.159363

-0.09375 0.0136518
-0.078125 0.0116431

-1.67188 0.159363
-1.65625 0.159289

3.5 -0.00332339
3.89334 0

-1.65625 0.159289
-1.64062 0.159172

3.94792 0
4 0.000220936

-1.64062 0.159172
-1.625 0.15901

1.28125 -0.133164
1.29688 -0.134222

1.29688 -0.134223
1.3125 -0.13526

-0.078125 0.011643
-0.0625 0.00963568

-0.0625 0.00963555
-0.046875 0.00762996

-0.046875 0.00762986
-0.03125 0.00562649

-0.03125 0.0056264
-0.015625 0.00362563

1.3125 -0.13526
1.32812 -0.136277

1.32812 -0.136277
1.34375 -0.137272

-1.625 0.15901
-1.60938 0.158805

1.34375 -0.137272
1.35938 -0.138246

-0.015625 0.00362553
0 0.00162775

-1.60938 0.158805
-1.59375 0.158556

-1.59375 0.158556
-1.57812 0.158264

1.35938 -0.138246
1.375 -0.139197

-1.57812 0.158264
-1.5625 0.157929

-1.5625 0.157929
-1.54688 0.157551

-1.54688 0.157551
-1.53125 0.157131

-1.5 0.156167
-1.50258 0.15625

-1.53125 0.157131
-1.51562 0.156669

-1.51562 0.156669
-1.50262 0.15625

1.375 -0.139197
1.39062 -0.140126

1.40625 -0.141002
1.39976 -0.140625

1.39062 -0.140151
1.3988 -0.140625

1.40625 -0.141032
1.42188 -0.141915

1.42188 -0.141916
1.4375 -0.142777

1.4375 -0.142777
1.45312 -0.143615

1.45312 -0.143615
1.46875 -0.144431

1.46875 -0.144431
1.48438 -0.145223

1.48438 -0.145223
1.5 -0.14599

