-4 -0.0104307
-3.5 -0.00649125

-3.25 -0.00050078
-3.27869 0

1.5 -0.00130198
1.51562 -0.00121506

1.51562 -0.00121507
1.53125 -0.00112718

1.53125 -0.00112719
1.54688 -0.00103825

1.54688 -0.00103827
1.5625 -0.000948211

1.5625 -0.000948234
1.57812 -0.000856961

1.57812 -0.000856981
1.59375 -0.000764409

1.59375 -0.000764426
1.60938 -0.000670481

1.60938 -0.0006705
1.625 -0.000575108

-3.125 -0.014743
-3.21553 0

-3.125 -0.0190167
-3.0625 -0.0294512

-3.03125 -0.0314685
-3.03471 -0.03125

-3.0625 -0.0292623
-3.03125 -0.0312342

-3.03125 -0.0311265
-3 -0.0304448

-3.5 0.0164122
-3.25 0.0123835

-3.25 0.00819788
-3.19966 0

1.625 -0.000575133
1.64062 -0.000478206

0 -0.00747211
0.015625 -0.00752965

-3 -0.030018
-2.98438 -0.0288823

-2.98438 -0.0288826
-2.96875 -0.027805

1.64062 -0.000478237
1.65625 -0.000379663

1.65625 -0.000379705
1.67188 -0.000279337

1.67188 -0.000279391
1.6875 -0.00017704

-2.96875 -0.0278079
-2.95312 -0.0267818

1.6875 -0.000177107
1.70312 -7.25328e-05

1.70312 -7.26261e-05
1.71372 0

-2.95312 -0.0267809
-2.9375 -0.0258021

-2.9375 -0.0258044
-2.92188 -0.0248699

-2.92188 -0.0248695
-2.90625 -0.0239759

-2.90625 -0.0239774
-2.89062 -0.0231224

-1 -0.00583753
-0.984375 -0.00586916

-0.984375 -0.0058692
-0.96875 -0.00590113

-0.96875 -0.00590117
-0.953125 -0.00593324

-0.953125 -0.00593328
-0.9375 -0.00596532

-0.9375 -0.00596537
-0.921875 -0.00599723

-0.921875 -0.00599727
-0.90625 -0.00602877

-0.90625 -0.00602882
-0.890625 -0.00605979

-0.890625 -0.00605983
-0.875 -0.00609011

1.71372 0
1.71875 3.45039e-05

1.71875 3.44041e-05
1.73438 0.00014433

1.73438 0.000144252
1.75 0.000257318

0.015625 -0.00752972
0.03125 -0.00758711

1.75 0.000257238
1.76562 0.000373762

-2.89062 -0.0231223
-2.875 -0.0223033

1.76562 0.000373688
1.78125 0.000493977

1.78125 0.000493908
1.79688 0.000618245

1.79688 0.000618182
1.8125 0.000746831

0.03125 -0.00758718
0.046875 -0.00764412

-0.875 -0.00609015
-0.859375 -0.00611958

-0.859375 -0.00611962
-0.84375 -0.00614804

1.8125 0.000746772
1.82812 0.000879977

1.82812 0.000879928
1.84375 0.0010179

1.84375 0.00101787
1.85938 0.00116079

1.85938 0.00116077
1.875 0.00130873

1.875 0.00130872
1.89062 0.00146181

-0.84375 -0.00614807
-0.828125 -0.00617534

1.89062 0.00146179
1.90625 0.00162006

-0.828125 -0.00617537
-0.8125 -0.00620134

-2.875 -0.0223045
-2.85938 -0.0215194

-0.8125 -0.00620137
-0.796875 -0.00622592

-0.796875 -0.00622595
-0.78125 -0.00624895

1.90625 0.00162004
1.92188 0.00178357

0.046875 -0.00764421
0.0625 -0.00770037

0.0625 -0.00770046
0.078125 -0.00775551

1.92188 0.00178354
1.9375 0.00195245

-0.78125 -0.00624897
-0.765625 -0.00627032

1.9375 0.00195241
1.95312 0.00212686

-0.765625 -0.00627034
-0.75 -0.00628994

1.95312 0.00212682
1.96875 0.00230693

1.96875 0.00230691
1.98438 0.0024928

0.078125 -0.00775561
0.09375 -0.00780917

-0.75 -0.00628995
-0.734375 -0.00630775

0.09375 -0.00780926
0.109375 -0.00786095

-2.85938 -0.0215195
-2.84375 -0.0207657

-0.734375 -0.00630775
-0.71875 -0.00632369

-2.84375 -0.0207663
-2.82812 -0.0200426

1.98438 0.00249276
2 0.00268454

-2.82812 -0.0200425
-2.8125 -0.0193481

-2.8125 -0.0193485
-2.79688 -0.018683

-2.79688 -0.018683
-2.78125 -0.0180456

0.109375 -0.00786105
0.125 -0.00791048

-0.71875 -0.00632369
-0.703125 -0.00633776

-0.703125 -0.00633775
-0.6875 -0.00634998

-0.6875 -0.00634996
-0.671875 -0.00636042

-2.78125 -0.018046
-2.76562 -0.0174356

0.125 -0.00791057
0.140625 -0.00795738

-0.671875 -0.00636039
-0.65625 -0.00636919

-0.65625 -0.00636915
-0.640625 -0.00637644

0.140625 -0.00795746
0.15625 -0.00800129

0.15625 -0.00800137
0.171875 -0.00804191

0.171875 -0.00804198
0.1875 -0.00807896

0.1875 -0.00807902
0.203125 -0.0081122

-0.640625 -0.00637639
-0.625 -0.00638234

-0.625 -0.00638229
-0.609375 -0.00638712

-0.609375 -0.00638706
-0.59375 -0.006391

-2.76562 -0.0174358
-2.75 -0.0168511

0.203125 -0.00811225
0.21875 -0.0081414

0.21875 -0.00814145
0.234375 -0.00816637

0.234375 -0.00816642
0.25 -0.00818691

-2.75 -0.0168513
-2.73438 -0.0162914

-2.73438 -0.0162912
-2.71875 -0.015756

-2.71875 -0.0157554
-2.71476 -0.015625

-2.71473 -0.015625
-2.70312 -0.0152461

-2.70312 -0.0152461
-2.6875 -0.014761

-2.6875 -0.0147614
-2.67188 -0.0142999

-2.67188 -0.0143003
-2.65625 -0.0138606

-2.65625 -0.013861
-2.64062 -0.0134414

-2.64062 -0.0134417
-2.625 -0.0130406

2 0.00268447
2.01562 0.00288234

-0.59375 -0.00639093
-0.578125 -0.00639422

2.01562 0.00288224
2.03125 0.00308652

0.25 -0.00818696
0.265625 -0.00820282

2.03125 0.00308641
2.04688 0.00329752

2.04688 0.00329741
2.0625 0.00351579

2.0625 0.00351567
2.07812 0.00374178

0.265625 -0.00820287
0.28125 -0.00821392

-2.625 -0.0130409
-2.60938 -0.0126572

0.28125 -0.00821396
0.296875 -0.00822001

-2.60938 -0.0126575
-2.59375 -0.0122901

2.07812 0.00374167
2.09375 0.00397595

-2.59375 -0.0122904
-2.57812 -0.0119384

-2.57812 -0.0119387
-2.5625 -0.0116009

-0.578125 -0.00639416
-0.5625 -0.00639706

-2.5625 -0.0116012
-2.54688 -0.0112766

-0.5625 -0.006397
-0.546875 -0.00639978

-0.546875 -0.00639972
-0.53125 -0.00640265

2.09375 0.00397585
2.10938 0.00421872

0.296875 -0.00822005
0.3125 -0.00822092

2.10938 0.0042186
2.125 0.00447049

-0.53125 -0.00640259
-0.515625 -0.00640593

2.125 0.00447034
2.14062 0.00473179

0.3125 -0.00822096
0.328125 -0.00821648

2.14062 0.00473163
2.15625 0.00500329

0.328125 -0.00821652
0.34375 -0.00820654

-2.54688 -0.0112768
-2.53125 -0.0109647

0.34375 -0.00820658
0.359375 -0.00819096

-2.53125 -0.0109648
-2.51562 -0.0106645

2.15625 0.00500314
2.17188 0.00528564

-2.51562 -0.0106646
-2.5 -0.0103758

2.17188 0.0052855
2.1875 0.00557939

-0.515625 -0.00640586
-0.5 -0.00640986

2.1875 0.00557924
2.20312 0.0058851

2.20312 0.00588493
2.21875 0.00620338

2.21875 0.00620321
2.23438 0.00653494

2.23438 0.00653476
2.25 0.00688047

0.359375 -0.00819098
0.375 -0.0081696

2.25 0.00688025
2.26562 0.00724076

2.26562 0.0072405
2.28125 0.00761675

2.28125 0.00761649
2.29688 0.00800952

-2.5 -0.0103758
-2.48438 -0.0100981

2.29688 0.00800929
2.3125 0.00842009

-0.5 -0.0064098
-0.484375 -0.00641469

-2.48438 -0.0100981
-2.46875 -0.00983152

-0.484375 -0.00641464
-0.46875 -0.00642064

-0.46875 -0.0064206
-0.453125 -0.00642792

2.3125 0.00841986
2.32812 0.00884933

-2.46875 -0.00983147
-2.45312 -0.00957617

2.32812 0.00884906
2.34375 0.00929822

2.34375 0.00929791
2.35938 0.00976792

-2.45312 -0.00957611
-2.4375 -0.00933228

-0.453125 -0.00642788
-0.4375 -0.00643671

2.35938 0.00976763
2.375 0.0102597

-0.4375 -0.00643667
-0.421875 -0.00644717

0.375 -0.00816962
0.390625 -0.00814238

2.375 0.0102594
2.39062 0.0107746

0.390625 -0.00814239
0.40625 -0.00810924

-2.4375 -0.00933225
-2.42188 -0.00910007

0.40625 -0.00810924
0.421875 -0.00807018

-2.42188 -0.00910009
-2.40625 -0.0088796

2.39062 0.0107743
2.40625 0.0113136

-2.40625 -0.00887965
-2.39062 -0.00867074

-2.39062 -0.0086708
-2.375 -0.00847326

-0.421875 -0.00644713
-0.40625 -0.00645945

0.421875 -0.00807017
0.4375 -0.00802523

-2.375 -0.00847333
-2.35938 -0.00828691

0.4375 -0.00802521
0.453125 -0.00797444

-0.40625 -0.00645942
-0.390625 -0.00647367

0.453125 -0.00797442
0.46875 -0.00791787

0.46875 -0.00791786
0.484375 -0.00785561

-2.35938 -0.00828702
-2.34375 -0.00811137

-0.390625 -0.00647365
-0.375 -0.00648993

-2.34375 -0.00811152
-2.32812 -0.00794611

-2.32812 -0.00794628
-2.3125 -0.00779048

-2.3125 -0.00779064
-2.29688 -0.0076438

-0.375 -0.00648992
-0.359375 -0.0065083

-2.29688 -0.00764394
-2.28125 -0.00750545

-0.359375 -0.00650829
-0.34375 -0.00652881

2.40625 0.0113133
2.42188 0.0118782

-2.28125 -0.0075056
-2.26562 -0.00737489

-2.26562 -0.00737507
-2.25 -0.00725151

-0.34375 -0.0065288
-0.328125 -0.00655147

2.42188 0.0118778
2.4375 0.0124697

0.484375 -0.00785559
0.5 -0.00778773

2.4375 0.0124693
2.45312 0.0130896

2.45312 0.0130893
2.46875 0.0137394

2.46875 0.013739
2.48438 0.0144203

-0.328125 -0.00655147
-0.3125 -0.0065763

-2.25 -0.00725171
-2.23438 -0.00713453

-2.23438 -0.00713472
-2.21875 -0.00702313

2.48438 0.0144199
2.5 0.0151339

-0.3125 -0.00657631
-0.296875 -0.00660329

-2.21875 -0.00702327
-2.20312 -0.00691657

-2.20312 -0.00691665
-2.1875 -0.00681441

-2.1875 -0.00681442
-2.17188 -0.00671648

-2.17188 -0.00671645
-2.15625 -0.00662284

-2.15625 -0.00662279
-2.14062 -0.00653369

-2.14062 -0.00653363
-2.125 -0.00644928

-0.296875 -0.00660329
-0.28125 -0.00663242

-0.28125 -0.00663242
-0.265625 -0.00666367

-0.265625 -0.00666367
-0.25 -0.00669703

2.5 0.0151316
2.51029 0.015625

-0.25 -0.00669704
-0.234375 -0.00673248

2.51019 0.015625
2.51562 0.0158854

2.51562 0.015882
2.53125 0.0166678

2.53125 0.0166674
2.54688 0.0174912

2.54688 0.0174907
2.5625 0.0183545

0.5 -0.00778769
0.515625 -0.00771436

0.515625 -0.0077143
0.53125 -0.00763569

0.53125 -0.0076356
0.546875 -0.00755202

0.546875 -0.00755192
0.5625 -0.00746374

0.5625 -0.00746364
0.578125 -0.00737128

0.578125 -0.0073712
0.59375 -0.00727504

-2.125 -0.00644921
-2.10938 -0.00636988

0.59375 -0.00727499
0.609375 -0.00717531

0.609375 -0.00717529
0.625 -0.0070722

2.5625 0.0183539
2.57812 0.0192599

-0.234375 -0.00673249
-0.21875 -0.00676999

0.625 -0.00707221
0.640625 -0.00696572

-0.21875 -0.00677
-0.203125 -0.00680951

-0.203125 -0.00680952
-0.1875 -0.006851

2.57812 0.0192594
2.59375 0.0202096

-0.1875 -0.00685102
-0.171875 -0.0068944

0.640625 -0.00696573
0.65625 -0.00685581

-0.171875 -0.00689442
-0.15625 -0.00693966

-0.15625 -0.00693967
-0.140625 -0.00698669

-2.10938 -0.00636982
-2.09375 -0.00629575

2.59375 0.020209
2.60938 0.0212056

0.65625 -0.00685579
0.671875 -0.00674247

2.60938 0.021205
2.625 0.0222504

0.671875 -0.00674241
0.6875 -0.00662584

2.625 0.0222497
2.64062 0.0233468

-2.09375 -0.0062957
-2.07812 -0.00622709

2.64062 0.0233461
2.65625 0.0244974

2.65625 0.0244966
2.67188 0.0257049

0.6875 -0.00662573
0.703125 -0.00650627

-0.140625 -0.00698671
-0.125 -0.00703544

0.703125 -0.00650613
0.71875 -0.00638427

0.71875 -0.00638411
0.734375 -0.00626047

0.734375 -0.00626031
0.75 -0.00613553

-0.125 -0.00703546
-0.109375 -0.0070858

-2.07812 -0.00622707
-2.0625 -0.00616404

0.75 -0.00613539
0.765625 -0.00601007

0.765625 -0.00600995
0.78125 -0.00588463

0.78125 -0.00588454
0.796875 -0.00575963

-0.109375 -0.00708583
-0.09375 -0.00713769

-2.0625 -0.00616405
-2.04688 -0.00610663

-2.04688 -0.00610666
-2.03125 -0.00605478

2.67188 0.0257042
2.6875 0.0269723

-2.03125 -0.00605484
-2.01562 -0.00600832

-0.09375 -0.00713773
-0.078125 -0.00719097

2.6875 0.0269714
2.70312 0.0283025

0.796875 -0.00575957
0.8125 -0.00563539

2.70312 0.0283019
2.71875 0.029699

-2.01562 -0.00600841
-2 -0.00596694

-0.078125 -0.00719101
-0.0625 -0.00724548

-0.0625 -0.00724553
-0.046875 -0.00730106

0.8125 -0.00563536
0.828125 -0.00551208

-0.046875 -0.00730111
-0.03125 -0.0073575

-0.03125 -0.00735755
-0.015625 -0.00741457

-0.015625 -0.00741464
0 -0.00747204

2.71875 0.0296976
2.73438 0.0311645

2.73438 0.031161
2.73528 0.03125

0.828125 -0.00551208
0.84375 -0.00538976

0.84375 -0.00538977
0.859375 -0.00526839

0.859375 -0.00526841
0.875 -0.00514789

2.73524 0.03125
2.75 0.0327046

2.75 0.0327036
2.76562 0.0343199

0.875 -0.00514792
0.890625 -0.00502817

0.890625 -0.00502818
0.90625 -0.00490913

0.90625 -0.00490914
0.921875 -0.00479075

0.921875 -0.00479074
0.9375 -0.00467301

2.76562 0.0343191
2.78125 0.036015

2.78125 0.0360137
2.79688 0.0377935

0.9375 -0.004673
0.953125 -0.00455596

0.953125 -0.00455594
0.96875 -0.00443967

0.96875 -0.00443963
0.984375 -0.00432425

0.984375 -0.0043242
1 -0.00420984

2.79688 0.0377924
2.8125 0.0396607

2.8125 0.0396594
2.82812 0.0416211

2.82812 0.04162
2.84375 0.0436798

2.84375 0.0436785
2.85938 0.0458413

2.85938 0.0458017
2.86676 0.046875

2.86628 0.046875
2.875 0.0481433

2.875 0.04811
2.89062 0.0504949

2.89062 0.0504936
2.90625 0.052997

2.90625 0.0529948
2.92188 0.0556237

2.92188 0.0556227
2.9375 0.0583836

2.9375 0.0583808
2.95312 0.0612813

2.95312 0.0613427
2.95906 0.0625

2.95958 0.0625
2.96875 0.0642865

2.96875 0.0643219
2.98438 0.0675196

2.98438 0.0675972
3 0.0708021

-2 -0.00596706
-1.98438 -0.00593026

-1.98438 -0.0059304
-1.96875 -0.00589777

-1.96875 -0.00589792
-1.95312 -0.00586887

-1.95312 -0.00586904
-1.9375 -0.00584292

-1.9375 -0.00584309
-1.92188 -0.00581919

-1.92188 -0.00581937
-1.90625 -0.00579699

-1.90625 -0.00579715
-1.89062 -0.00577562

-1.89062 -0.00577577
-1.875 -0.00575448

3 0.0712217
3.03125 0.0756571

3.03125 0.0758013
3.0625 0.0770606

3.0625 0.0779671
3.125 0.0699314

3.125 0.0651148
3.25 0.0401107

-1.875 -0.00575461
-1.85938 -0.00573304

-1.85938 -0.00573313
-1.84375 -0.00571085

-1.84375 -0.00571092
-1.82812 -0.00568758

3.25 0.0326907
3.49746 0

4 -0.0205862
3.57453 0

-1.82812 -0.00568762
-1.8125 -0.005663

-1.8125 -0.00566301
-1.79688 -0.00563697

-1.79688 -0.00563696
-1.78125 -0.00560948

3.5 0.0033139
3.56849 0

-1.78125 -0.00560944
-1.76562 -0.00558063

-1.76562 -0.00558056
-1.75 -0.00555062

1 -0.00420979
1.01562 -0.00409666

1.01562 -0.0040966
1.03125 -0.00398491

-1.75 -0.00555053
-1.73438 -0.00551975

-1.73438 -0.00551965
-1.71875 -0.0054884

-1.71875 -0.0054883
-1.70312 -0.00545698

-1.70312 -0.00545687
-1.6875 -0.00542592

-1.6875 -0.0054258
-1.67188 -0.00539567

1.03125 -0.00398485
1.04688 -0.00387485

1.04688 -0.0038748
1.0625 -0.00376672

1.0625 -0.00376668
1.07812 -0.0036607

1.07812 -0.00366069
1.09375 -0.00355688

1.09375 -0.00355689
1.10938 -0.00345528

1.10938 -0.00345531
1.125 -0.00335581

-1.67188 -0.00539556
-1.65625 -0.0053667

1.125 -0.00335584
1.14062 -0.00325834

1.14062 -0.00325837
1.15625 -0.00316273

1.15625 -0.00316275
1.17188 -0.00306887

1.17188 -0.00306888
1.1875 -0.00297668

-1.65625 -0.00536659
-1.64062 -0.00533945

-1.64062 -0.00533935
-1.625 -0.00531434

-1.625 -0.00531425
-1.60938 -0.00529171

-1.60938 -0.00529165
-1.59375 -0.00527188

-1.59375 -0.00527183
-1.57812 -0.00525504

-1.57812 -0.00525502
-1.5625 -0.00524135

-1.5625 -0.00524135
-1.54688 -0.00523088

-1.54688 -0.00523089
-1.53125 -0.00522359

-1.53125 -0.00522362
-1.51562 -0.00521942

-1.51562 -0.00521946
-1.5 -0.0052182

1.1875 -0.00297669
1.20312 -0.00288614

1.20312 -0.00288615
1.21875 -0.00279719

1.21875 -0.00279722
1.23438 -0.00270978

1.23438 -0.00270982
1.25 -0.00262379

1.25 -0.00262383
1.26562 -0.00253907

1.26562 -0.00253911
1.28125 -0.00245545

1.28125 -0.00245549
1.29688 -0.00237277

1.29688 -0.00237281
1.3125 -0.00229086

-1.5 -0.00521825
-1.48438 -0.00521976

-1.48438 -0.00521981
-1.46875 -0.00522387

-1.46875 -0.00522393
-1.45312 -0.0052303

-1.45312 -0.00523036
-1.4375 -0.00523882

-1.4375 -0.00523888
-1.42188 -0.00524917

1.3125 -0.00229091
1.32812 -0.00220955

1.32812 -0.0022096
1.34375 -0.00212865

1.34375 -0.0021287
1.35938 -0.00204794

1.35938 -0.00204799
1.375 -0.00196723

-1.42188 -0.00524923
-1.40625 -0.00526113

1.375 -0.00196728
1.39062 -0.00188633

1.39062 -0.00188638
1.40625 -0.00180506

1.40625 -0.0018051
1.42188 -0.00172322

1.42188 -0.00172325
1.4375 -0.00164068

1.4375 -0.00164069
1.45312 -0.00155731

1.45312 -0.00155731
1.46875 -0.00147306

1.46875 -0.00147307
1.48438 -0.00138795

-1.40625 -0.00526118
-1.39062 -0.00527448

-1.39062 -0.00527452
-1.375 -0.005289

-1.375 -0.00528904
-1.35938 -0.00530452

-1.35938 -0.00530456
-1.34375 -0.00532087

-1.34375 -0.0053209
-1.32812 -0.00533792

-1.32812 -0.00533794
-1.3125 -0.00535554

-1.3125 -0.00535556
-1.29688 -0.00537366

-1.29688 -0.00537367
-1.28125 -0.00539222

-1.28125 -0.00539222
-1.26562 -0.00541121

-1.26562 -0.00541121
-1.25 -0.00543064

1.48438 -0.00138796
1.5 -0.00130196

-1.25 -0.00543063
-1.23438 -0.00545054

-1.23438 -0.00545052
-1.21875 -0.00547096

-1.21875 -0.00547095
-1.20312 -0.00549197

-1.20312 -0.00549195
-1.1875 -0.00551363

-1.1875 -0.00551361
-1.17188 -0.005536

-1.17188 -0.00553599
-1.15625 -0.00555915

-1.15625 -0.00555914
-1.14062 -0.00558312

-1.14062 -0.00558311
-1.125 -0.00560796

-1.125 -0.00560796
-1.10938 -0.0056337

-1.10938 -0.0056337
-1.09375 -0.00566035

-1.09375 -0.00566035
-1.07812 -0.0056879

-1.07812 -0.00568791
-1.0625 -0.00571633

-1.0625 -0.00571634
-1.04688 -0.00574558

-1.04688 -0.0057456
-1.03125 -0.00577558

-1.03125 -0.00577561
-1.01562 -0.00580626

-1.01562 -0.00580629
-1 -0.00583749

