-4 -0.0116513
-3.74457 0

-3.67269 0
-3.5 0.00787687

-3.5 0.00538204
-3.25 0.0373405

-3.25 0.0441685
-3.125 0.0680685

1.5 -0.00591002
1.51562 -0.00589846

1.51562 -0.00589837
1.53125 -0.00588683

1.53125 -0.00588674
1.54688 -0.00587559

1.54688 -0.0058755
1.5625 -0.00586506

1.5625 -0.00586499
1.57812 -0.00585558

1.57812 -0.00585552
1.59375 -0.00584737

1.59375 -0.00584734
1.60938 -0.00584064

-3.125 0.0730206
-3.0625 0.0806955

0 -0.0070814
0.015625 -0.0070542

1.60938 -0.00584062
1.625 -0.00583546

0.015625 -0.00705418
0.03125 -0.00702688

-3.0625 0.0798175
-3.03125 0.0783346

-3.03125 0.0781515
-3 0.0734702

0.03125 -0.00702687
0.046875 -0.00699954

0.046875 -0.00699953
0.0625 -0.00697221

0.0625 -0.00697221
0.078125 -0.00694492

0.078125 -0.00694491
0.09375 -0.00691766

1.625 -0.00583547
1.64062 -0.00583184

1.64062 -0.00583187
1.65625 -0.0058297

1.65625 -0.00582974
1.67188 -0.00582888

1.67188 -0.00582893
1.6875 -0.00582917

0.09375 -0.00691766
0.109375 -0.00689046

0.109375 -0.00689046
0.125 -0.00686332

0.125 -0.00686331
0.140625 -0.00683628

0.140625 -0.00683626
0.15625 -0.00680937

0.15625 -0.00680935
0.171875 -0.00678266

0.171875 -0.00678264
0.1875 -0.00675622

0.1875 -0.00675619
0.203125 -0.00673013

0.203125 -0.00673011
0.21875 -0.0067045

0.21875 -0.00670447
0.234375 -0.0066794

0.234375 -0.00667938
0.25 -0.00665496

1.6875 -0.00582923
1.70312 -0.00583033

0.25 -0.00665493
0.265625 -0.00663125

0.265625 -0.00663123
0.28125 -0.00660839

0.28125 -0.00660836
0.296875 -0.00658646

-2.9375 0.0601982
-2.94949 0.0625

0.296875 -0.00658644
0.3125 -0.00656559

0.3125 -0.00656556
0.328125 -0.00654586

-1 -0.0053123
-0.984375 -0.00539026

-0.984375 -0.00539026
-0.96875 -0.00546669

1.70312 -0.00583039
1.71875 -0.00583212

1.71875 -0.00583217
1.73438 -0.00583433

1.73438 -0.00583436
1.75 -0.00583679

0.328125 -0.00654584
0.34375 -0.0065274

0.34375 -0.00652737
0.359375 -0.00651031

0.359375 -0.00651028
0.375 -0.00649468

0.375 -0.00649466
0.390625 -0.00648061

0.390625 -0.0064806
0.40625 -0.00646819

0.40625 -0.00646818
0.421875 -0.00645747

-0.96875 -0.00546669
-0.953125 -0.0055416

-3 0.073068
-2.98438 0.0697554

-0.953125 -0.00554159
-0.9375 -0.00561501

-2.98438 0.069671
-2.96875 0.0663597

-0.9375 -0.005615
-0.921875 -0.00568698

0.421875 -0.00645746
0.4375 -0.00644852

-0.921875 -0.00568696
-0.90625 -0.00575756

1.75 -0.0058368
1.76562 -0.00583942

-2.96875 0.0663643
-2.95312 0.0632138

1.76562 -0.00583941
1.78125 -0.00584222

0.4375 -0.00644851
0.453125 -0.00644135

1.78125 -0.00584218
1.79688 -0.00584528

-2.95312 0.063266
-2.94913 0.0625

1.79688 -0.00584521
1.8125 -0.0058488

-0.90625 -0.00575754
-0.890625 -0.00582684

0.453125 -0.00644135
0.46875 -0.006436

-0.890625 -0.00582682
-0.875 -0.00589489

1.8125 -0.00584871
1.82812 -0.00585308

-2.9375 0.060218
-2.92188 0.0573656

1.82812 -0.00585297
1.84375 -0.0058585

0.46875 -0.00643601
0.484375 -0.00643247

1.84375 -0.00585838
1.85938 -0.00586552

1.85938 -0.00586538
1.875 -0.00587466

-2.92188 0.0573666
-2.90625 0.0546527

-2.90625 0.0546551
-2.89062 0.0520729

-0.875 -0.00589487
-0.859375 -0.00596181

-0.859375 -0.00596179
-0.84375 -0.00602768

-0.84375 -0.00602766
-0.828125 -0.00609257

-2.89062 0.0520741
-2.875 0.0496163

0.484375 -0.00643248
0.5 -0.00643075

1.875 -0.00587451
1.89062 -0.00588648

1.89062 -0.00588633
1.90625 -0.00590156

-0.828125 -0.00609256
-0.8125 -0.00615655

-0.8125 -0.00615654
-0.796875 -0.00621967

-0.796875 -0.00621966
-0.78125 -0.00628195

-2.875 0.0496182
-2.85938 0.0472786

-2.84375 0.0450309
-2.85669 0.046875

-2.85938 0.047369
-2.85591 0.046875

-2.84375 0.045055
-2.82812 0.0429375

-2.82812 0.0429385
-2.8125 0.0409237

-2.8125 0.0409251
-2.79688 0.0390084

-2.79688 0.0390094
-2.78125 0.0371859

-2.78125 0.0371872
-2.76562 0.0354522

-2.76562 0.035453
-2.75 0.0338022

1.90625 -0.00590142
1.92188 -0.00592048

-2.71875 0.0307272
-2.72422 0.03125

-0.78125 -0.00628195
-0.765625 -0.0063434

-2.75 0.0338033
-2.73438 0.0322328

-2.73438 0.0322402
-2.72401 0.03125

-0.765625 -0.0063434
-0.75 -0.00640402

-2.71875 0.0307414
-2.70312 0.029322

-2.70312 0.0293229
-2.6875 0.0279733

0.5 -0.00643076
0.515625 -0.00643079

0.515625 -0.00643081
0.53125 -0.00643255

-0.75 -0.00640402
-0.734375 -0.0064638

0.53125 -0.00643257
0.546875 -0.00643594

-2.6875 0.027974
-2.67188 0.0266907

0.546875 -0.00643597
0.5625 -0.00644086

0.5625 -0.0064409
0.578125 -0.00644718

1.92188 -0.00592035
1.9375 -0.00594377

-2.67188 0.0266913
-2.65625 0.0254714

1.9375 -0.00594366
1.95312 -0.00597192

0.578125 -0.00644722
0.59375 -0.00645476

-0.734375 -0.0064638
-0.71875 -0.00652275

-2.65625 0.0254721
-2.64062 0.0243128

-0.71875 -0.00652275
-0.703125 -0.00658086

0.59375 -0.0064548
0.609375 -0.00646343

1.95312 -0.00597184
1.96875 -0.00600532

0.609375 -0.00646347
0.625 -0.00647303

-2.64062 0.0243135
-2.625 0.0232119

-0.703125 -0.00658086
-0.6875 -0.00663814

-0.6875 -0.00663815
-0.671875 -0.00669457

1.96875 -0.00600527
1.98438 -0.00604424

-0.671875 -0.00669459
-0.65625 -0.00675009

1.98438 -0.00604423
2 -0.00608879

-2.625 0.0232126
-2.60938 0.022166

-0.65625 -0.00675012
-0.640625 -0.00680461

0.625 -0.00647307
0.640625 -0.00648341

-0.640625 -0.00680465
-0.625 -0.00685798

-2.60938 0.0221667
-2.59375 0.0211721

-2.59375 0.0211728
-2.57812 0.0202277

-2.57812 0.0202283
-2.5625 0.0193302

-0.625 -0.00685803
-0.609375 -0.00691003

-0.609375 -0.00691009
-0.59375 -0.00696056

0.640625 -0.00648345
0.65625 -0.00649438

0.65625 -0.00649442
0.671875 -0.00650579

-2.5625 0.0193308
-2.54688 0.0184769

-2.54688 0.0184774
-2.53125 0.0176653

-2.53125 0.0176658
-2.51562 0.0168933

-0.59375 -0.00696061
-0.578125 -0.00700934

0.671875 -0.00650583
0.6875 -0.00651746

-0.578125 -0.0070094
-0.5625 -0.00705616

-2.51562 0.0168938
-2.5 0.016159

-0.5625 -0.00705622
-0.546875 -0.0071008

-0.546875 -0.00710085
-0.53125 -0.00714303

-0.53125 -0.00714308
-0.515625 -0.00718266

-0.515625 -0.0071827
-0.5 -0.00721952

0.6875 -0.0065175
0.703125 -0.00652925

0.703125 -0.00652929
0.71875 -0.00654097

0.71875 -0.00654101
0.734375 -0.00655246

0.734375 -0.00655251
0.75 -0.00656356

0.75 -0.00656361
0.765625 -0.00657409

0.765625 -0.00657414
0.78125 -0.00658386

0.78125 -0.00658392
0.796875 -0.00659266

0.796875 -0.00659272
0.8125 -0.00660028

0.8125 -0.00660034
0.828125 -0.00660647

0.828125 -0.00660653
0.84375 -0.00661098

0.84375 -0.00661105
0.859375 -0.00661358

0.859375 -0.00661364
0.875 -0.00661401

0.875 -0.00661406
0.890625 -0.00661203

0.890625 -0.00661208
0.90625 -0.00660743

0.90625 -0.00660747
0.921875 -0.00660002

0.921875 -0.00660005
0.9375 -0.00658967

0.9375 -0.00658969
0.953125 -0.00657629

0.953125 -0.00657629
0.96875 -0.00655983

0.96875 -0.00655981
0.984375 -0.00654033

0.984375 -0.00654029
1 -0.00651788

-2.48438 0.0154594
-2.48808 0.015625

-2.5 0.0161597
-2.48804 0.015625

-2.48438 0.0154612
-2.46875 0.0147966

-2.46875 0.0147971
-2.45312 0.0141644

-2.45312 0.0141648
-2.4375 0.0135624

-0.5 -0.00721955
-0.484375 -0.00725349

-0.484375 -0.0072535
-0.46875 -0.00728448

-0.46875 -0.0072845
-0.453125 -0.00731246

-0.453125 -0.00731247
-0.4375 -0.00733738

-2.4375 0.0135629
-2.42188 0.0129889

-2.42188 0.0129893
-2.40625 0.012442

-2.40625 0.0124423
-2.39062 0.0119201

-2.39062 0.0119204
-2.375 0.0114221

-0.4375 -0.00733739
-0.421875 -0.00735919

-0.421875 -0.0073592
-0.40625 -0.00737786

-0.40625 -0.00737787
-0.390625 -0.00739335

-0.390625 -0.00739335
-0.375 -0.00740564

-2.375 0.0114225
-2.35938 0.0109467

-2.35938 0.0109471
-2.34375 0.0104924

-0.375 -0.00740562
-0.359375 -0.00741478

-0.359375 -0.00741474
-0.34375 -0.00742088

-0.34375 -0.00742083
-0.328125 -0.00742413

-0.328125 -0.00742406
-0.3125 -0.00742475

-0.3125 -0.00742469
-0.296875 -0.00742302

-0.296875 -0.00742296
-0.28125 -0.00741916

-0.28125 -0.00741912
-0.265625 -0.00741336

-0.265625 -0.00741333
-0.25 -0.00740575

-2.34375 0.0104927
-2.32812 0.0100574

-2.32812 0.0100577
-2.3125 0.00964076

1 -0.00651783
1.01562 -0.00649266

1.01562 -0.00649259
1.03125 -0.00646491

1.03125 -0.00646482
1.04688 -0.00643495

-0.25 -0.00740574
-0.234375 -0.00739639

1.04688 -0.00643485
1.0625 -0.00640317

1.0625 -0.00640305
1.07812 -0.00636999

1.07812 -0.00636987
1.09375 -0.00633591

1.09375 -0.00633578
1.10938 -0.00630143

1.10938 -0.0063013
1.125 -0.00626708

1.125 -0.00626695
1.14062 -0.00623337

1.14062 -0.00623325
1.15625 -0.00620081

1.15625 -0.00620071
1.17188 -0.00616986

1.17188 -0.00616977
1.1875 -0.00614092

1.1875 -0.00614085
1.20312 -0.00611431

1.20312 -0.00611426
1.21875 -0.00609028

2 -0.00608882
2.01562 -0.00613893

1.21875 -0.00609026
1.23438 -0.00606898

-2.3125 0.00964104
-2.29688 0.00924133

2.01562 -0.006139
2.03125 -0.00619443

-2.29688 0.00924161
-2.28125 0.00885801

1.23438 -0.00606898
1.25 -0.00605044

-2.28125 0.00885825
-2.26562 0.00848973

-2.26562 0.00848993
-2.25 0.00813563

2.03125 -0.00619453
2.04688 -0.00625496

2.04688 -0.00625507
2.0625 -0.00632007

-0.234375 -0.0073964
-0.21875 -0.0073853

-2.25 0.00813585
-2.23438 0.00779494

1.25 -0.00605047
1.26562 -0.00603462

-2.23438 0.00779519
-2.21875 0.0074667

1.26562 -0.00603467
1.28125 -0.00602135

2.0625 -0.00632017
2.07812 -0.00638935

-2.21875 0.00746693
-2.20312 0.00714993

2.07812 -0.00638941
2.09375 -0.00646248

-2.20312 0.00715011
-2.1875 0.00684375

1.28125 -0.00602142
1.29688 -0.00601037

-2.1875 0.00684394
-2.17188 0.00654748

-0.21875 -0.0073853
-0.203125 -0.00737246

2.09375 -0.00646248
2.10938 -0.0065393

-0.203125 -0.00737245
-0.1875 -0.00735785

2.10938 -0.00653925
2.125 -0.00661992

-2.17188 0.00654768
-2.15625 0.00626034

1.29688 -0.00601047
1.3125 -0.00600137

-0.1875 -0.00735784
-0.171875 -0.00734152

1.3125 -0.00600147
1.32812 -0.00599394

-2.15625 0.00626053
-2.14062 0.00598154

2.125 -0.00661981
2.14062 -0.00670464

1.32812 -0.00599405
1.34375 -0.00598765

2.14062 -0.00670449
2.15625 -0.006794

1.34375 -0.00598776
1.35938 -0.00598205

2.15625 -0.00679382
2.17188 -0.00688869

-2.14062 0.00598169
-2.125 0.00571038

2.17188 -0.0068885
2.1875 -0.00698947

-0.171875 -0.00734149
-0.15625 -0.0073235

-2.125 0.00571053
-2.10938 0.00544626

-0.15625 -0.00732347
-0.140625 -0.00730391

1.35938 -0.00598215
1.375 -0.0059767

-0.140625 -0.00730387
-0.125 -0.00728288

-2.10938 0.00544642
-2.09375 0.00518858

-0.125 -0.00728284
-0.109375 -0.00726056

1.375 -0.00597679
1.39062 -0.00597119

2.1875 -0.00698929
2.20312 -0.00709709

1.39062 -0.00597127
1.40625 -0.00596519

2.20312 -0.00709694
2.21875 -0.00721224

-0.109375 -0.00726052
-0.09375 -0.00723711

-0.09375 -0.00723707
-0.078125 -0.0072127

-0.078125 -0.00721266
-0.0625 -0.00718749

-0.0625 -0.00718746
-0.046875 -0.00716163

2.21875 -0.00721213
2.23438 -0.00733545

-0.046875 -0.00716159
-0.03125 -0.00713524

-0.03125 -0.00713521
-0.015625 -0.00710847

-2.09375 0.00518871
-2.07812 0.00493671

-0.015625 -0.00710844
0 -0.00708142

-2.07812 0.00493682
-2.0625 0.0046902

1.40625 -0.00596524
1.42188 -0.0059584

2.23438 -0.00733539
2.25 -0.00746707

1.42188 -0.00595843
1.4375 -0.00595065

-2.0625 0.00469029
-2.04688 0.00444864

-2.04688 0.00444872
-2.03125 0.00421168

1.4375 -0.00595066
1.45312 -0.00594187

1.45312 -0.00594185
1.46875 -0.00593207

1.46875 -0.00593203
1.48438 -0.0059214

1.48438 -0.00592134
1.5 -0.0059101

-2.03125 0.00421174
-2.01562 0.00397904

-2.01562 0.00397909
-2 0.00375049

2.25 -0.00746706
2.26562 -0.00760723

2.26562 -0.00760726
2.28125 -0.00775588

2.28125 -0.00775593
2.29688 -0.00791282

2.29688 -0.00791287
2.3125 -0.0080778

2.3125 -0.00807783
2.32812 -0.00825065

2.32812 -0.00825063
2.34375 -0.00843132

2.34375 -0.00843123
2.35938 -0.00862

2.35938 -0.00861986
2.375 -0.00881716

2.375 -0.00881696
2.39062 -0.0090235

2.39062 -0.00902327
2.40625 -0.0092399

2.40625 -0.00923966
2.42188 -0.00946731

2.42188 -0.00946709
2.4375 -0.00970669

2.4375 -0.0097065
2.45312 -0.0099589

2.45312 -0.00995876
2.46875 -0.0102246

2.46875 -0.0102245
2.48438 -0.0105042

2.48438 -0.0105042
2.5 -0.010798

2.5 -0.010798
2.51562 -0.0111063

2.51562 -0.0111062
2.53125 -0.011429

2.53125 -0.0114289
2.54688 -0.0117666

2.54688 -0.0117664
2.5625 -0.0121195

2.5625 -0.0121193
2.57812 -0.0124887

2.57812 -0.0124884
2.59375 -0.0128751

2.59375 -0.0128747
2.60938 -0.01328

2.60938 -0.0132796
2.625 -0.0137052

2.625 -0.0137049
2.64062 -0.0141522

2.64062 -0.0141519
2.65625 -0.0146225

2.65625 -0.0146221
2.67188 -0.0151175

2.6875 -0.0156396
2.68706 -0.015625

2.67188 -0.0151171
2.68709 -0.015625

2.6875 -0.0156384
2.70312 -0.0161869

2.70312 -0.0161868
2.71875 -0.0167631

2.71875 -0.0167629
2.73438 -0.017368

2.73438 -0.0173678
2.75 -0.0180026

2.75 -0.0180021
2.76562 -0.0186679

2.76562 -0.0186676
2.78125 -0.0193656

2.78125 -0.019365
2.79688 -0.0200971

-1.6875 -0.000118415
-1.69879 0

-1.6875 -0.000118375
-1.67188 -0.000279547

-1.67188 -0.000279549
-1.65625 -0.000438004

2.79688 -0.0200968
2.8125 -0.0208648

2.8125 -0.0208641
2.82812 -0.0216701

2.82812 -0.0216698
2.84375 -0.0225158

-1.65625 -0.000437998
-1.64062 -0.000593745

-1.64062 -0.000593729
-1.625 -0.000746812

2.84375 -0.0225149
2.85938 -0.0234032

2.85938 -0.0234032
2.875 -0.0243358

-1.625 -0.000746795
-1.60938 -0.00089728

-1.60938 -0.000897253
-1.59375 -0.00104523

-1.59375 -0.00104518
-1.57812 -0.00119079

-1.57812 -0.00119073
-1.5625 -0.00133416

2.875 -0.0243346
2.89062 -0.025314

2.89062 -0.0253142
2.90625 -0.026342

2.90625 -0.0263404
2.92188 -0.0274192

2.92188 -0.0274196
2.9375 -0.0285519

2.9375 -0.0285494
2.95312 -0.0297393

2.95312 -0.0297407
2.96875 -0.0309905

-1.5625 -0.0013341
-1.54688 -0.00147559

-1.54688 -0.00147554
-1.53125 -0.00161529

-1.53125 -0.00161524
-1.51562 -0.00175347

-1.51562 -0.00175343
-1.5 -0.0018903

-2 0.00375054
-1.98438 0.00352582

-1.98438 0.00352587
-1.96875 0.00330482

-1.96875 0.00330486
-1.95312 0.00308729

-1.95312 0.00308731
-1.9375 0.00287311

2.98438 -0.0322964
2.97192 -0.03125

2.98438 -0.0323
3 -0.0336825

2.96875 -0.0310037
2.97168 -0.03125

-1.9375 0.00287312
-1.92188 0.00266223

-1.92188 0.00266223
-1.90625 0.00245463

-1.90625 0.00245464
-1.89062 0.00225034

-1.89062 0.00225036
-1.875 0.00204929

-1.875 0.00204931
-1.85938 0.00185138

-1.85938 0.00185139
-1.84375 0.00165652

-1.84375 0.0016565
-1.82812 0.00146471

-1.82812 0.00146468
-1.8125 0.00127604

-1.8125 0.00127601
-1.79688 0.00109066

-1.79688 0.00109066
-1.78125 0.000908661

-1.78125 0.000908687
-1.76562 0.000729999

-1.76562 0.000730046
-1.75 0.000554521

-1.75 0.000554565
-1.73438 0.000382019

3 -0.0341437
3.03125 -0.0352046

3.03125 -0.0352682
3.0625 -0.0336104

3.0625 -0.0339176
3.125 -0.0236812

-1.73438 0.000382033
-1.71875 0.000212351

-1.71875 0.000212335
-1.70312 4.55225e-05

-1.70312 4.55617e-05
-1.69878 0

3.125 -0.0189252
3.24716 0

3.25 -0.000752101
3.29552 0

3.23051 0
3.25 0.00301924

3.25 0.00617959
3.5 0.0102128

3.5 -0.0113975
4 -0.0149233

-1.5 -0.00189026
-1.48438 -0.00202594

-1.48438 -0.00202592
-1.46875 -0.00216053

-1.46875 -0.00216053
-1.45312 -0.00229411

-1.45312 -0.00229413
-1.4375 -0.00242663

-1.4375 -0.00242668
-1.42188 -0.00255795

-1.42188 -0.00255802
-1.40625 -0.00268784

-1.40625 -0.00268791
-1.39062 -0.00281603

-1.39062 -0.0028161
-1.375 -0.00294223

-1.375 -0.0029423
-1.35938 -0.00306617

-1.35938 -0.00306623
-1.34375 -0.00318757

-1.34375 -0.00318763
-1.32812 -0.00330621

-1.32812 -0.00330625
-1.3125 -0.00342189

-1.3125 -0.0034219
-1.29688 -0.00353452

-1.29688 -0.00353449
-1.28125 -0.00364411

-1.28125 -0.00364404
-1.26562 -0.00375085

-1.26562 -0.00375075
-1.25 -0.00385508

-1.25 -0.00385496
-1.23438 -0.00395725

-1.23438 -0.00395714
-1.21875 -0.00405786

-1.21875 -0.00405779
-1.20312 -0.00415728

-1.20312 -0.00415727
-1.1875 -0.00425568

-1.1875 -0.00425573
-1.17188 -0.00435299

-1.17188 -0.00435307
-1.15625 -0.00444893

-1.15625 -0.004449
-1.14062 -0.00454316

-1.14062 -0.0045432
-1.125 -0.00463546

-1.125 -0.00463545
-1.10938 -0.00472573

-1.10938 -0.0047257
-1.09375 -0.00481409

-1.09375 -0.00481404
-1.07812 -0.00490072

-1.07812 -0.00490068
-1.0625 -0.00498583

-1.0625 -0.00498581
-1.04688 -0.00506953

-1.04688 -0.00506953
-1.03125 -0.00515186

-1.03125 -0.00515187
-1.01562 -0.0052328

-1.01562 -0.00523282
-1 -0.00531229

