0 0 
1 0.00566747 
2 0.0214049 
3 0.0459289 
4 0.0758659 
5 0.105417 
6 0.124532 
7 0.132008 
8 0.12722 
9 0.111516 
10 0.0863538 
11 0.0739337 
12 0.0625851 
13 0.0592342 
14 0.0540653 
15 0.0538334 
16 0.0544036 
17 0.0522459 
18 0.0549083 
19 0.0487492 
20 0.0544139 
21 0.0527342 
22 0.0565985 
23 0.0574247 
24 0.0568548 
25 0.0540985 
26 0.0560251 
27 0.0670173 
28 0.0778387 
29 0.084437 
30 0.0820183 
31 0.0742162 
32 0.058345 
33 0.046291 
34 0.0378622 
35 0.0317432 
36 0.0327266 
37 0.0385521 
38 0.0457761 
39 0.0506159 
40 0.0563109 
41 0.0663302 
42 0.0742679 
43 0.0853576 
44 0.104631 
45 0.117035 
46 0.12792 
47 0.133034 
48 0.1406 
49 0.143971 
50 0.148158 
51 0.14649 
52 0.148447 
53 0.149163 
54 0.14747 
55 0.153162 
56 0.152145 
57 0.15899 
58 0.175721 
59 0.167698 
60 0.171121 
61 0.164426 
62 0.155071 
63 0.152532 
64 0.143967 
65 0.139806 
66 0.13452 
67 0.126189 
68 0.118989 
69 0.112428 
70 0.105435 
71 0.0996295 
72 0.0947619 
73 0.0890658 
74 0.0800196 
75 0.077226 
76 0.06998 
77 0.0835327 
78 0.0905861 
79 0.0953151 
80 0.0948105 
81 0.0932532 
82 0.0865949 
83 0.0770443 
84 0.0714609 
85 0.0659588 
86 0.060263 
87 0.0618901 
88 0.0636906 
89 0.0662262 
90 0.0675842 
91 0.0717874 
92 0.0698635 
93 0.117201 
94 0.0692373 
95 0.0690631 
96 0.0702841 
97 0.0607 
98 0.0602957 
99 0.0580263 
100 0.0556691 
101 0.0565318 
102 0.0626447 
103 0.055104 
104 0.0569005 
105 0.0519564 
106 0.0488251 
107 0.0486984 
108 0.0500594 
109 0.0432323 
110 0.0480514 
111 0.0486791 
112 0.0537969 
113 0.0579678 
114 0.0635948 
115 0.0655 
116 0.0643572 
117 0.0659803 
118 0.0598369 
119 0.052738 
120 0.0534841 
121 0.0622924 
122 0.0750002 
123 0.088292 
124 0.0961419 
125 0.103502 
126 0.111152 
127 0.116843 
128 0.128062 
129 0.135321 
130 0.143941 
131 0.151479 
132 0.154178 
133 0.165668 
134 0.159872 
135 0.163153 
136 0.164476 
137 0.163518 
138 0.156177 
139 0.15621 
140 0.151301 
141 0.149058 
142 0.147095 
143 0.144638 
144 0.141141 
145 0.137239 
146 0.135102 
147 0.133859 
148 0.129127 
149 0.121117 
150 0.111232 
151 0.109919 
152 0.0957565 
153 0.0885005 
154 0.0784775 
155 0.071468 
156 0.0674096 
157 0.0660632 
158 0.0651907 
159 0.0655637 
160 0.0651814 
161 0.067434 
162 0.072097 
163 0.0770795 
164 0.0821267 
165 0.0847927 
166 0.083369 
167 0.0812598 
168 0.0799742 
169 0.0774605 
170 0.0719718 
171 0.0695036 
172 0.0683427 
173 0.0632906 
174 0.0621659 
175 0.0604875 
176 0.0602631 
177 0.0624792 
178 0.0571797 
179 0.0568689 
180 0.0562663 
181 0.0570238 
182 0.0602069 
183 0.0561243 
184 0.0520366 
185 0.0558863 
186 0.0547636 
187 0.0530254 
188 0.0553049 
189 0.0595935 
190 0.0522023 
191 0.0558317 
192 0.052665 
193 0.0524317 
194 0.0512721 
195 0.0556806 
196 0.052166 
197 0.0536996 
198 0.0575545 
199 0.0563517 
200 0.0548669 
201 0.060413 
202 0.0723531 
203 0.0858435 
204 0.100589 
205 0.108705 
206 0.115981 
207 0.123186 
208 0.13133 
209 0.138369 
210 0.143164 
211 0.147286 
212 0.151682 
213 0.153399 
214 0.1549 
215 0.15799 
216 0.162139 
217 0.174363 
218 0.156513 
219 0.159661 
220 0.1574 
221 0.157715 
222 0.150286 
223 0.147167 
224 0.141906 
225 0.138089 
226 0.133875 
227 0.129066 
228 0.123436 
229 0.116916 
230 0.113887 
231 0.104186 
232 0.0983954 
233 0.087595 
234 0.0800489 
235 0.070112 
236 0.0721833 
237 0.0745236 
238 0.0740111 
239 0.0771457 
240 0.0762594 
241 0.0761093 
242 0.075442 
243 0.0748648 
244 0.0751506 
245 0.0780194 
246 0.0747987 
247 0.0752266 
248 0.0741981 
249 0.0738949 
250 0.0708911 
251 0.0695088 
252 0.0698103 
253 0.0696909 
254 0.0647618 
255 0.0641957 
256 0.0637993 
257 0.0629085 
258 0.0594118 
259 0.0569441 
260 0.05527 
261 0.0536403 
262 0.0524551 
263 0.0593941 
264 0.0520328 
265 0.05586 
266 0.0527657 
267 0.0517305 
268 0.050189 
269 0.0549499 
270 0.0493716 
271 0.0553086 
272 0.0544519 
273 0.0570137 
274 0.0545614 
275 0.0588667 
276 0.056392 
277 0.0550282 
278 0.0577253 
279 0.0542666 
280 0.0519009 
281 0.0613155 
282 0.0717002 
283 0.0846656 
284 0.0997788 
285 0.106256 
286 0.114826 
287 0.122268 
288 0.130841 
289 0.137885 
290 0.14442 
291 0.148832 
292 0.153356 
293 0.160433 
294 0.157673 
295 0.158143 
296 0.159293 
297 0.167905 
298 0.159769 
299 0.162758 
300 0.154369 
301 0.155168 
302 0.148716 
303 0.146022 
304 0.142037 
305 0.136949 
306 0.135641 
307 0.13225 
308 0.125217 
309 0.117859 
310 0.113746 
311 0.104746 
312 0.0975821 
313 0.0876374 
314 0.0799081 
315 0.0702336 
316 0.0696 
317 0.0704003 
318 0.0700104 
319 0.0737388 
320 0.073006 
321 0.0740586 
322 0.0757398 
323 0.0771863 
324 0.0780889 
325 0.0812401 
326 0.0776852 
327 0.0764973 
328 0.0751713 
329 0.074487 
330 0.0714024 
331 0.0686611 
332 0.0687579 
333 0.0655701 
334 0.0644348 
335 0.0636877 
336 0.0623861 
337 0.0682625 
338 0.059982 
339 0.0575251 
340 0.0558887 
341 0.0551045 
342 0.059868 
343 0.0595201 
344 0.0517849 
345 0.0572346 
346 0.0540978 
347 0.0530121 
348 0.0531098 
349 0.0537761 
350 0.0529211 
351 0.0537102 
352 0.0529377 
353 0.0533474 
354 0.0552237 
355 0.0558082 
356 0.0558812 
357 0.0544597 
358 0.0569366 
359 0.0560541 
360 0.0523436 
361 0.0611313 
362 0.0709324 
363 0.0844718 
364 0.09957 
365 0.1084 
366 0.115184 
367 0.122668 
368 0.131341 
369 0.137955 
370 0.144289 
371 0.148228 
372 0.15281 
373 0.159983 
374 0.156877 
375 0.157002 
376 0.160023 
377 0.172785 
378 0.16118 
379 0.162549 
380 0.155922 
381 0.157723 
382 0.14858 
383 0.145857 
384 0.142018 
385 0.137138 
386 0.136078 
387 0.131747 
388 0.123257 
389 0.117562 
390 0.114028 
391 0.104165 
392 0.0978212 
393 0.0880493 
394 0.0804432 
395 0.0701863 
396 0.0706852 
397 0.071673 
398 0.0714516 
399 0.0750492 
400 0.0739786 
401 0.0743371 
402 0.0760161 
403 0.0758697 
404 0.0768514 
405 0.0798165 
406 0.076744 
407 0.0759082 
408 0.0746344 
409 0.0743909 
410 0.0715543 
411 0.0691212 
412 0.0689667 
413 0.0667669 
414 0.0642785 
415 0.0643723 
416 0.0625804 
417 0.0675724 
418 0.0596694 
419 0.057518 
420 0.05605 
421 0.0540698 
422 0.0599754 
423 0.0584148 
424 0.0510256 
425 0.0571441 
426 0.0540553 
427 0.0531394 
428 0.0523809 
429 0.053245 
430 0.0533508 
431 0.0540131 
432 0.0530331 
433 0.0534797 
434 0.0560179 
435 0.0563804 
436 0.0566142 
437 0.0548581 
438 0.05641 
439 0.0555653 
440 0.0516714 
441 0.0613655 
442 0.0712684 
443 0.0843477 
444 0.0989113 
445 0.107797 
446 0.11511 
447 0.122383 
448 0.131345 
449 0.137869 
450 0.144287 
451 0.148224 
452 0.152806 
453 0.157146 
454 0.156987 
455 0.156842 
456 0.161887 
457 0.176317 
458 0.160188 
459 0.162214 
460 0.155184 
461 0.157175 
462 0.149064 
463 0.146059 
464 0.142036 
465 0.137007 
466 0.136232 
467 0.13204 
468 0.122796 
469 0.11796 
470 0.114182 
471 0.104031 
472 0.0977529 
473 0.0878409 
474 0.0802307 
475 0.0702406 
476 0.0702325 
477 0.0709705 
478 0.0708116 
479 0.0746897 
480 0.0738644 
481 0.0741572 
482 0.0762749 
483 0.0764159 
484 0.0773803 
485 0.0801222 
486 0.0770006 
487 0.076065 
488 0.0747062 
489 0.0747202 
490 0.0714243 
491 0.0687852 
492 0.0690606 
493 0.0668378 
494 0.0639426 
495 0.0644886 
496 0.0622591 
497 0.0681771 
498 0.0599075 
499 0.0576351 
500 0.056469 
