-3.5 2.56661e-06
-3.25 3.952e-05

-3.25 4.6001e-06
-3.125 7.15745e-05

-3.125 2.4674e-05
-3.0625 0.000124256

-1.5 0.00149069
-1.48438 0.00146982

0 -5.85879e-06
0.015625 -1.73754e-05

-1.48438 0.00146982
-1.46875 0.00144899

-3.0625 9.36135e-05
-3.03125 0.00021962

-1.46875 0.00144899
-1.45312 0.00142821

0.015625 -1.73746e-05
0.03125 -2.88901e-05

-3.03125 0.000253281
-3 0.000449469

0.03125 -2.88892e-05
0.046875 -4.04069e-05

0.046875 -4.04061e-05
0.0625 -5.19292e-05

0.0625 -5.19284e-05
0.078125 -6.34602e-05

0.078125 -6.34594e-05
0.09375 -7.5003e-05

0.09375 -7.50023e-05
0.109375 -8.65609e-05

0.109375 -8.65602e-05
0.125 -9.81368e-05

-3 0.000450868
-2.98438 0.000549546

-2.98438 0.000549853
-2.96875 0.000645703

-2.96875 0.000645662
-2.95312 0.00073815

-2.95312 0.000738178
-2.9375 0.000827332

-2.9375 0.000827317
-2.92188 0.000913108

1.5 -0.00148352
1.51562 -0.00150425

1.51562 -0.00150425
1.53125 -0.00152502

-2.92188 0.000913105
-2.90625 0.000995571

-2.90625 0.000995554
-2.89062 0.00107474

0.125 -9.81361e-05
0.140625 -0.000109733

-2.89062 0.00107473
-2.875 0.00115068

1.53125 -0.00152502
1.54688 -0.0015458

-2.875 0.00115066
-2.85938 0.00122344

-2.85938 0.00122343
-2.84375 0.00129309

0.140625 -0.000109733
0.15625 -0.000121354

-2.84375 0.00129308
-2.82812 0.00135969

0.15625 -0.000121353
0.171875 -0.000133

1.54688 -0.00154581
1.5625 -0.0015666

0.171875 -0.000132999
0.1875 -0.000144674

-2.82812 0.00135967
-2.8125 0.0014233

-2.8125 0.00142328
-2.79688 0.001484

-2.79688 0.00148398
-2.78125 0.00154185

0.1875 -0.000144673
0.203125 -0.000156379

0.203125 -0.000156378
0.21875 -0.000168115

0.21875 -0.000168115
0.234375 -0.000179886

-1.45312 0.00142821
-1.4375 0.00140749

1.5625 -0.0015666
1.57812 -0.00158739

-1.4375 0.00140749
-1.42188 0.00138683

-2.78125 0.00154183
-2.76562 0.00159692

-1.42188 0.00138683
-1.40625 0.00136625

-1.40625 0.00136624
-1.39062 0.00134573

-1.39062 0.00134573
-1.375 0.0013253

-1.375 0.0013253
-1.35938 0.00130496

-1.35938 0.00130496
-1.34375 0.00128471

0.234375 -0.000179885
0.25 -0.000191691

1.57812 -0.00158739
1.59375 -0.00160816

1.59375 -0.00160817
1.60938 -0.0016289

1.60938 -0.0016289
1.625 -0.00164959

-2.76562 0.0015969
-2.75 0.00164928

0.25 -0.000191691
0.265625 -0.000203534

0.265625 -0.000203533
0.28125 -0.000215413

0.28125 -0.000215413
0.296875 -0.000227331

0.296875 -0.000227331
0.3125 -0.000239289

0.3125 -0.000239288
0.328125 -0.000251286

0.328125 -0.000251286
0.34375 -0.000263325

0.34375 -0.000263325
0.359375 -0.000275407

0.359375 -0.000275407
0.375 -0.000287534

-2.75 0.00164927
-2.73438 0.001699

0.375 -0.000287533
0.390625 -0.000299707

0.390625 -0.000299706
0.40625 -0.00031193

0.40625 -0.000311929
0.421875 -0.000324206

0.421875 -0.000324205
0.4375 -0.00033654

0.4375 -0.000336539
0.453125 -0.000348937

0.453125 -0.000348935
0.46875 -0.000361402

0.46875 -0.0003614
0.484375 -0.000373942

0.484375 -0.00037394
0.5 -0.000386564

1.625 -0.00164959
1.64062 -0.00167022

1.64062 -0.00167022
1.65625 -0.00169077

1.65625 -0.00169077
1.67188 -0.00171122

1.67188 -0.00171123
1.6875 -0.00173158

1.6875 -0.00173158
1.70312 -0.00175181

1.70312 -0.00175181
1.71875 -0.00177192

1.71875 -0.00177192
1.73438 -0.00179188

1.73438 -0.00179189
1.75 -0.0018117

-2.73438 0.00169899
-2.71875 0.00174615

-2.71875 0.00174613
-2.70312 0.00179078

-2.70312 0.00179076
-2.6875 0.00183296

-2.6875 0.00183295
-2.67188 0.00187278

-2.67188 0.00187276
-2.65625 0.00191028

-2.65625 0.00191026
-2.64062 0.00194553

-2.64062 0.00194552
-2.625 0.00197861

1.75 -0.0018117
1.76562 -0.00183135

-2.625 0.00197859
-2.60938 0.00200956

-2.60938 0.00200955
-2.59375 0.00203846

-2.59375 0.00203845
-2.57812 0.00206535

-2.57812 0.00206534
-2.5625 0.00209031

-1.34375 0.00128471
-1.32812 0.00126456

1.76562 -0.00183135
1.78125 -0.00185082

-1.32812 0.00126456
-1.3125 0.00124451

-1.3125 0.00124451
-1.29688 0.00122456

-1.29688 0.00122456
-1.28125 0.00120473

-1.28125 0.00120473
-1.26562 0.00118501

-1.26562 0.00118501
-1.25 0.00116541

-1.25 0.00116541
-1.23438 0.00114592

1.78125 -0.00185083
1.79688 -0.00187011

1.79688 -0.00187011
1.8125 -0.0018892

1.8125 -0.0018892
1.82812 -0.00190807

1.82812 -0.00190807
1.84375 -0.00192671

1.84375 -0.00192671
1.85938 -0.0019451

1.85938 -0.0019451
1.875 -0.00196323

1.875 -0.00196323
1.89062 -0.00198107

1.89062 -0.00198108
1.90625 -0.00199862

1.90625 -0.00199862
1.92188 -0.00201585

1.92188 -0.00201585
1.9375 -0.00203273

1.9375 -0.00203274
1.95312 -0.00204925

1.95312 -0.00204926
1.96875 -0.00206539

1.96875 -0.00206539
1.98438 -0.00208111

1.98438 -0.00208112
2 -0.00209639

2 -0.0020964
2.01562 -0.00211121

2.01562 -0.00211122
2.03125 -0.00212553

2.03125 -0.00212554
2.04688 -0.00213934

-1.23438 0.00114592
-1.21875 0.00112655

-1.21875 0.00112655
-1.20312 0.00110729

-1.20312 0.00110729
-1.1875 0.00108815

-1.1875 0.00108815
-1.17188 0.00106913

-1.17188 0.00106913
-1.15625 0.00105021

-1.15625 0.00105021
-1.14062 0.00103141

-1.14062 0.00103141
-1.125 0.00101271

-1.125 0.00101271
-1.10938 0.000994109

-1.10938 0.000994109
-1.09375 0.000975613

-1.09375 0.000975613
-1.07812 0.000957218

-1.07812 0.000957218
-1.0625 0.000938923

-1.0625 0.000938923
-1.04688 0.00092073

-1.04688 0.000920729
-1.03125 0.00090264

-1.03125 0.000902639
-1.01562 0.000884656

-1.01562 0.000884655
-1 0.000866783

-1 0.000866782
-0.984375 0.000849027

-0.984375 0.000849025
-0.96875 0.000831392

-0.96875 0.000831391
-0.953125 0.000813886

-0.953125 0.000813885
-0.9375 0.000796516

-0.9375 0.000796514
-0.921875 0.000779287

-0.921875 0.000779285
-0.90625 0.000762207

-0.90625 0.000762205
-0.890625 0.000745282

-0.890625 0.00074528
-0.875 0.000728518

-2.5625 0.00209029
-2.54688 0.00211337

-2.54688 0.00211335
-2.53125 0.0021346

-2.53125 0.00213459
-2.51562 0.00215406

-2.51562 0.00215405
-2.5 0.0021718

-2.5 0.00217179
-2.48438 0.00218788

-2.48438 0.00218787
-2.46875 0.00220236

-2.46875 0.00220235
-2.45312 0.00221528

-2.45312 0.00221527
-2.4375 0.00222669

-2.4375 0.00222668
-2.42188 0.00223665

-2.42188 0.00223664
-2.40625 0.00224519

-2.40625 0.00224518
-2.39062 0.00225238

-2.39062 0.00225237
-2.375 0.00225824

-2.375 0.00225823
-2.35938 0.00226282

-2.35938 0.00226281
-2.34375 0.00226617

-2.34375 0.00226616
-2.32812 0.00226832

-2.32812 0.00226831
-2.3125 0.00226932

-2.3125 0.00226931
-2.29688 0.00226921

-2.29688 0.0022692
-2.28125 0.00226803

-2.28125 0.00226802
-2.26562 0.00226583

-2.26562 0.00226582
-2.25 0.00226263

-2.25 0.00226262
-2.23438 0.00225848

-2.23438 0.00225847
-2.21875 0.00225342

-2.21875 0.00225341
-2.20312 0.00224748

-2.20312 0.00224747
-2.1875 0.00224069

-2.1875 0.00224068
-2.17188 0.00223309

-2.17188 0.00223308
-2.15625 0.00222471

-2.15625 0.0022247
-2.14062 0.00221558

-2.14062 0.00221557
-2.125 0.00220573

-2.125 0.00220572
-2.10938 0.00219518

-2.10938 0.00219517
-2.09375 0.00218396

-2.09375 0.00218395
-2.07812 0.00217211

-2.07812 0.0021721
-2.0625 0.00215964

-2.0625 0.00215963
-2.04688 0.00214658

-2.04688 0.00214657
-2.03125 0.00213296

-2.03125 0.00213296
-2.01562 0.00211881

-2.01562 0.00211881
-2 0.00210416

2.04688 -0.00213934
2.0625 -0.00215259

2.0625 -0.0021526
2.07812 -0.00216527

2.07812 -0.00216528
2.09375 -0.00217734

2.09375 -0.00217735
2.10938 -0.00218879

2.10938 -0.0021888
2.125 -0.00219958

2.125 -0.00219959
2.14062 -0.00220968

-2 0.00210415
-1.98438 0.00208903

2.14062 -0.00220969
2.15625 -0.00221908

2.15625 -0.00221908
2.17188 -0.00222773

2.17188 -0.00222773
2.1875 -0.00223561

2.1875 -0.00223561
2.20312 -0.00224268

2.20312 -0.00224269
2.21875 -0.00224892

-1.98438 0.00208902
-1.96875 0.00207345

-1.96875 0.00207344
-1.95312 0.00205744

-1.95312 0.00205744
-1.9375 0.00204104

-1.9375 0.00204103
-1.92188 0.00202426

-1.92188 0.00202425
-1.90625 0.00200713

-1.90625 0.00200712
-1.89062 0.00198966

-1.89062 0.00198966
-1.875 0.00197189

2.21875 -0.00224893
2.23438 -0.00225429

2.23438 -0.0022543
2.25 -0.00225875

-1.875 0.00197188
-1.85938 0.00195382

2.25 -0.00225876
2.26562 -0.00226227

2.26562 -0.00226227
2.28125 -0.0022648

2.28125 -0.00226481
2.29688 -0.00226631

2.29688 -0.00226632
2.3125 -0.00226677

2.3125 -0.00226678
2.32812 -0.00226611

2.32812 -0.00226612
2.34375 -0.00226431

2.34375 -0.00226432
2.35938 -0.00226132

2.35938 -0.00226133
2.375 -0.00225709

-0.875 0.000728517
-0.859375 0.00071192

-0.859375 0.000711919
-0.84375 0.000695494

-0.84375 0.000695493
-0.828125 0.000679243

-0.828125 0.000679242
-0.8125 0.00066317

-0.8125 0.000663169
-0.796875 0.000647278

-0.796875 0.000647278
-0.78125 0.000631569

-0.78125 0.000631569
-0.765625 0.000616044

-0.765625 0.000616044
-0.75 0.000600703

-0.75 0.000600703
-0.734375 0.000585546

-0.734375 0.000585546
-0.71875 0.000570571

-0.71875 0.000570572
-0.703125 0.000555777

-0.703125 0.000555778
-0.6875 0.000541161

-0.6875 0.000541161
-0.671875 0.000526719

-0.671875 0.00052672
-0.65625 0.000512448

-0.65625 0.00051245
-0.640625 0.000498344

-0.640625 0.000498346
-0.625 0.000484401

-0.625 0.000484403
-0.609375 0.000470613

-0.609375 0.000470615
-0.59375 0.000456975

-0.59375 0.000456977
-0.578125 0.000443479

-0.578125 0.000443481
-0.5625 0.000430117

-0.5625 0.000430119
-0.546875 0.000416884

-0.546875 0.000416886
-0.53125 0.000403769

-0.53125 0.000403771
-0.515625 0.000390766

-0.515625 0.000390768
-0.5 0.000377867

0 -5.35315e-06
-0.00726039 0

-0.5 0.000377869
-0.484375 0.000365063

-0.484375 0.000365065
-0.46875 0.000352347

-0.46875 0.000352348
-0.453125 0.000339711

-0.453125 0.000339713
-0.4375 0.00032715

-0.4375 0.000327152
-0.421875 0.000314657

-0.421875 0.000314659
-0.40625 0.000302228

-0.40625 0.000302229
-0.390625 0.000289857

-0.390625 0.000289858
-0.375 0.000277541

-0.375 0.000277542
-0.359375 0.000265278

-0.359375 0.000265278
-0.34375 0.000253065

-0.34375 0.000253065
-0.328125 0.0002409

-0.328125 0.0002409
-0.3125 0.000228782

-0.3125 0.000228782
-0.296875 0.000216709

-0.296875 0.00021671
-0.28125 0.000204682

-0.28125 0.000204682
-0.265625 0.000192699

-0.265625 0.000192699
-0.25 0.000180758

0.5 -0.000386562
0.515625 -0.000399276

-0.25 0.000180759
-0.234375 0.00016886

-0.234375 0.00016886
-0.21875 0.000157002

-0.21875 0.000157003
-0.203125 0.000145184

-0.203125 0.000145185
-0.1875 0.000133404

0.515625 -0.000399274
0.53125 -0.000412087

0.53125 -0.000412084
0.546875 -0.000425003

0.546875 -0.000425001
0.5625 -0.000438033

2.375 -0.00225711
2.39062 -0.0022516

2.39062 -0.00225161
2.40625 -0.00224478

2.40625 -0.00224479
2.42188 -0.0022366

2.42188 -0.00223661
2.4375 -0.00222701

-0.1875 0.000133405
-0.171875 0.00012166

2.4375 -0.00222702
2.45312 -0.00221596

2.45312 -0.00221598
2.46875 -0.00220341

2.46875 -0.00220343
2.48438 -0.00218931

2.48438 -0.00218932
2.5 -0.00217359

-0.171875 0.000121661
-0.15625 0.00010995

-0.15625 0.000109951
-0.140625 9.82722e-05

-0.140625 9.82728e-05
-0.125 8.66233e-05

-0.125 8.6624e-05
-0.109375 7.50012e-05

-0.109375 7.50019e-05
-0.09375 6.34028e-05

2.5 -0.0021736
2.51562 -0.00215621

2.51562 -0.00215622
2.53125 -0.0021371

2.53125 -0.00213712
2.54688 -0.00211622

-0.09375 6.34035e-05
-0.078125 5.18252e-05

-0.078125 5.1826e-05
-0.0625 4.02653e-05

-0.0625 4.02661e-05
-0.046875 2.872e-05

-0.046875 2.87208e-05
-0.03125 1.71862e-05

2.54688 -0.00211624
2.5625 -0.00209351

2.5625 -0.00209352
2.57812 -0.00206889

-0.03125 1.7187e-05
-0.015625 5.66064e-06

-0.015625 5.13526e-06
-0.00866012 0

2.57812 -0.00206891
2.59375 -0.00204233

2.59375 -0.00204234
2.60938 -0.00201375

2.60938 -0.00201376
2.625 -0.0019831

2.625 -0.00198312
2.64062 -0.00195032

2.64062 -0.00195033
2.65625 -0.00191534

2.65625 -0.00191536
2.67188 -0.0018781

2.67188 -0.00187812
2.6875 -0.00183854

2.6875 -0.00183855
2.70312 -0.00179657

2.70312 -0.00179659
2.71875 -0.00175214

2.71875 -0.00175216
2.73438 -0.00170518

2.73438 -0.0017052
2.75 -0.00165561

-1.85938 0.00195381
-1.84375 0.00193547

-1.84375 0.00193547
-1.82812 0.00191687

-1.82812 0.00191687
-1.8125 0.00189803

-1.8125 0.00189802
-1.79688 0.00187895

2.75 -0.00165563
2.76562 -0.00160337

0.5625 -0.000438031
0.578125 -0.000451185

0.578125 -0.000451183
0.59375 -0.000464467

0.59375 -0.000464465
0.609375 -0.000477886

0.609375 -0.000477885
0.625 -0.00049145

2.76562 -0.00160338
2.78125 -0.00154838

0.625 -0.000491448
0.640625 -0.000505164

0.640625 -0.000505163
0.65625 -0.000519035

0.65625 -0.000519034
0.671875 -0.000533069

0.671875 -0.000533067
0.6875 -0.000547268

0.6875 -0.000547267
0.703125 -0.000561639

0.703125 -0.000561638
0.71875 -0.000576184

0.71875 -0.000576184
0.734375 -0.000590906

0.734375 -0.000590906
0.75 -0.000605808

0.75 -0.000605808
0.765625 -0.00062089

0.765625 -0.00062089
0.78125 -0.000636153

0.78125 -0.000636153
0.796875 -0.000651598

0.796875 -0.000651598
0.8125 -0.000667223

0.8125 -0.000667223
0.828125 -0.000683027

0.828125 -0.000683027
0.84375 -0.000699007

0.84375 -0.000699008
0.859375 -0.000715162

0.859375 -0.000715163
0.875 -0.000731485

0.875 -0.000731487
0.890625 -0.000747975

0.890625 -0.000747976
0.90625 -0.000764624

0.90625 -0.000764626
0.921875 -0.000781428

0.921875 -0.000781429
0.9375 -0.00079838

0.9375 -0.000798381
0.953125 -0.000815473

0.953125 -0.000815475
0.96875 -0.000832702

0.96875 -0.000832704
0.984375 -0.000850059

0.984375 -0.00085006
1 -0.000867538

1 -0.000867539
1.01562 -0.000885133

1.01562 -0.000885134
1.03125 -0.000902839

1.03125 -0.00090284
1.04688 -0.000920653

1.04688 -0.000920653
1.0625 -0.000938569

1.0625 -0.00093857
1.07812 -0.000956588

-1.79688 0.00187895
-1.78125 0.00185967

-1.78125 0.00185967
-1.76562 0.00184019

-1.76562 0.00184018
-1.75 0.00182052

1.07812 -0.000956588
1.09375 -0.000974707

-1.75 0.00182052
-1.73438 0.00180068

-1.73438 0.00180067
-1.71875 0.00178067

1.09375 -0.000974707
1.10938 -0.000992927

1.10938 -0.000992927
1.125 -0.00101125

1.125 -0.00101125
1.14062 -0.00102968

1.14062 -0.00102968
1.15625 -0.00104821

1.15625 -0.00104821
1.17188 -0.00106685

2.78125 -0.0015484
2.79688 -0.00149057

-1.71875 0.00178067
-1.70312 0.00176051

-1.70312 0.00176051
-1.6875 0.00174022

2.79688 -0.00149059
2.8125 -0.00142988

2.8125 -0.0014299
2.82812 -0.00136623

2.82812 -0.00136625
2.84375 -0.00129955

-1.6875 0.00174021
-1.67188 0.0017198

-1.67188 0.00171979
-1.65625 0.00169926

-1.65625 0.00169925
-1.64062 0.00167862

-1.64062 0.00167862
-1.625 0.00165789

-1.625 0.00165789
-1.60938 0.0016371

-1.60938 0.00163709
-1.59375 0.00161624

-1.59375 0.00161624
-1.57812 0.00159534

-1.57812 0.00159534
-1.5625 0.00157441

-1.5625 0.00157441
-1.54688 0.00155347

-1.54688 0.00155347
-1.53125 0.00153253

-1.53125 0.00153253
-1.51562 0.0015116

2.84375 -0.00129957
2.85938 -0.00122975

1.17188 -0.00106685
1.1875 -0.00108561

2.85938 -0.00122976
2.875 -0.00115677

2.875 -0.00115679
2.89062 -0.00108054

2.89062 -0.00108055
2.90625 -0.00100099

-1.51562 0.0015116
-1.5 0.0014907

1.1875 -0.00108561
1.20312 -0.00110448

1.20312 -0.00110448
1.21875 -0.00112347

2.90625 -0.00100101
2.92188 -0.000918058

1.21875 -0.00112347
1.23438 -0.00114257

1.23438 -0.00114257
1.25 -0.0011618

2.92188 -0.000918065
2.9375 -0.000831668

2.9375 -0.000831694
2.95312 -0.000741785

2.95312 -0.00074176
2.96875 -0.000648339

1.25 -0.0011618
1.26562 -0.00118114

1.26562 -0.00118115
1.28125 -0.00120061

2.96875 -0.000648379
2.98438 -0.000551417

2.98438 -0.000551138
3 -0.000451114

1.28125 -0.00120061
1.29688 -0.00122019

1.29688 -0.00122019
1.3125 -0.00123989

1.3125 -0.00123989
1.32812 -0.00125969

1.32812 -0.0012597
1.34375 -0.00127961

1.34375 -0.00127961
1.35938 -0.00129962

3 -0.000449767
3.03125 -0.000250099

3.03125 -0.000215557
3.0625 -8.67959e-05

3.0625 -0.00011749
3.125 -1.71752e-05

3.125 -6.61537e-05
3.25 -1.24019e-06

1.35938 -0.00129963
1.375 -0.00131974

3.25 -3.74431e-05
3.5 -4.137e-06

1.375 -0.00131974
1.39062 -0.00133994

1.39062 -0.00133995
1.40625 -0.00136024

1.40625 -0.00136024
1.42188 -0.00138061

1.42188 -0.00138061
1.4375 -0.00140106

3.5 -3.93238e-05
4 -8.60947e-07

1.4375 -0.00140107
1.45312 -0.00142159

1.45312 -0.00142159
1.46875 -0.00144217

1.46875 -0.00144218
1.48438 -0.00146282

1.48438 -0.00146282
1.5 -0.00148351

