-3.95651 0
-3.5 0.000487307

-3.5 5.20618e-05
-3.25 0.000494638

-1.5 0.0345942
-1.48438 0.0344378

-1.48438 0.0344378
-1.46875 0.0342759

-1.46875 0.0342758
-1.45312 0.0341085

-1.45312 0.0341084
-1.4375 0.0339357

-1.4375 0.0339356
-1.42188 0.0337575

-1.42188 0.0337575
-1.40625 0.0335742

-1.40625 0.0335742
-1.39062 0.0333856

-3.25 8.4544e-05
-3.125 0.000888351

-3.125 0.000367098
-3.0625 0.00153858

-3.0625 0.00124301
-3.03125 0.00267182

-1.39062 0.0333856
-1.375 0.033192

-1.375 0.0331919
-1.35938 0.0329932

-1.35938 0.0329932
-1.34375 0.0327895

-1.34375 0.0327895
-1.32812 0.0325809

-1.32812 0.0325809
-1.3125 0.0323674

-3.03125 0.00304322
-3 0.00516345

0.09375 -0.000180445
0.0874132 0

0.09375 -0.000160648
0.109375 -0.000606067

0.109375 -0.000606058
0.125 -0.00105187

-3 0.00516241
-2.98438 0.00620238

-2.98438 0.00620369
-2.96875 0.00722295

0.125 -0.00105188
0.140625 -0.00149806

0.140625 -0.00149807
0.15625 -0.00194458

0.15625 -0.00194459
0.171875 -0.00239137

0.171875 -0.00239138
0.1875 -0.0028384

-1.3125 0.0323674
-1.29688 0.0321492

0.1875 -0.00283841
0.203125 -0.00328561

-1.29688 0.0321491
-1.28125 0.0319262

0.203125 -0.00328562
0.21875 -0.00373296

-2.96875 0.0072228
-2.95312 0.00821903

0.21875 -0.00373297
0.234375 -0.0041804

0.234375 -0.00418041
0.25 -0.00462787

-2.95312 0.00821906
-2.9375 0.00919249

1.5 -0.0353887
1.51562 -0.0356283

1.51562 -0.0356283
1.53125 -0.0358617

1.53125 -0.0358617
1.54688 -0.0360889

1.54688 -0.0360889
1.5625 -0.0363097

1.5625 -0.0363098
1.57812 -0.036524

1.57812 -0.0365241
1.59375 -0.0367317

1.59375 -0.0367317
1.60938 -0.0369326

1.60938 -0.0369326
1.625 -0.0371266

1.625 -0.0371266
1.64062 -0.0373136

1.64062 -0.0373136
1.65625 -0.0374934

1.65625 -0.0374934
1.67188 -0.0376658

1.67188 -0.0376659
1.6875 -0.0378309

1.6875 -0.0378309
1.70312 -0.0379884

1.70312 -0.0379884
1.71875 -0.0381381

1.71875 -0.0381382
1.73438 -0.0382801

1.73438 -0.0382801
1.75 -0.038414

1.75 -0.0384141
1.76562 -0.0385399

1.76562 -0.0385399
1.78125 -0.0386575

1.78125 -0.0386575
1.79688 -0.0387667

1.79688 -0.0387667
1.8125 -0.0388674

1.8125 -0.0388674
1.82812 -0.0389593

1.82812 -0.0389594
1.84375 -0.0390425

1.84375 -0.0390425
1.85938 -0.0391166

1.85938 -0.0391166
1.875 -0.0391816

1.875 -0.0391816
1.89062 -0.0392372

1.89062 -0.0392373
1.90625 -0.0392834

1.90625 -0.0392835
1.92188 -0.03932

1.92188 -0.03932
1.9375 -0.0393467

1.9375 -0.0393467
1.95312 -0.0393634

1.95312 -0.0393635
1.96875 -0.03937

1.96875 -0.03937
1.98438 -0.0393662

0.25 -0.00462789
0.265625 -0.00507533

0.265625 -0.00507534
0.28125 -0.00552272

0.28125 -0.00552273
0.296875 -0.00596998

0.296875 -0.00596999
0.3125 -0.00641706

0.3125 -0.00641707
0.328125 -0.00686391

0.328125 -0.00686392
0.34375 -0.00731047

0.34375 -0.00731048
0.359375 -0.00775668

0.359375 -0.0077567
0.375 -0.00820251

0.375 -0.00820252
0.390625 -0.00864788

0.390625 -0.00864789
0.40625 -0.00909275

0.40625 -0.00909277
0.421875 -0.00953708

0.421875 -0.00953709
0.4375 -0.00998081

0.4375 -0.00998082
0.453125 -0.0104239

0.453125 -0.0104239
0.46875 -0.0108663

0.46875 -0.0108663
0.484375 -0.011308

0.484375 -0.011308
0.5 -0.0117489

0 0.00249863
0.015625 0.00205732

0.015625 0.00205731
0.03125 0.00161519

0.03125 0.00161518
0.046875 0.00117229

0.046875 0.00117228
0.0625 0.000728662

0.0625 0.000728649
0.078125 0.000284352

0.078125 0.00029601
0.0885203 0

0.5 -0.0117489
0.515625 -0.012189

0.515625 -0.012189
0.53125 -0.0126282

0.53125 -0.0126282
0.546875 -0.0130665

0.546875 -0.0130665
0.5625 -0.0135039

0.5625 -0.013504
0.578125 -0.0139404

0.578125 -0.0139404
0.59375 -0.0143758

0.59375 -0.0143758
0.609375 -0.0148102

1.98438 -0.0393662
2 -0.0393518

-1.28125 0.0319261
-1.26562 0.0316985

-1.26562 0.0316985
-1.25 0.0314662

-1.23438 0.0312276
-1.23585 0.03125

-1.23438 0.0312293
-1.21875 0.030988

-1.25 0.0314664
-1.23573 0.03125

-1.21875 0.030988
-1.20312 0.0307422

-1.20312 0.0307422
-1.1875 0.0304921

-1.1875 0.0304921
-1.17188 0.0302376

-1.17188 0.0302376
-1.15625 0.0299789

-1.15625 0.0299789
-1.14062 0.0297159

-1.14062 0.0297159
-1.125 0.0294487

-2.9375 0.00919241
-2.92188 0.0101432

-2.92188 0.0101431
-2.90625 0.0110715

-2.90625 0.0110714
-2.89062 0.0119777

-2.89062 0.0119776
-2.875 0.0128621

-2.875 0.012862
-2.85938 0.013725

-2.85938 0.0137249
-2.84375 0.0145668

-2.84375 0.0145667
-2.82812 0.0153877

-2.82812 0.015393
-2.8236 0.015625

-2.82345 0.015625
-2.8125 0.0161858

-2.8125 0.0161879
-2.79688 0.0169681

-2.79688 0.0169681
-2.78125 0.0177283

-2.78125 0.0177282
-2.76562 0.0184688

-2.76562 0.0184687
-2.75 0.0191899

-2.75 0.0191898
-2.73438 0.0198919

-2.73438 0.0198918
-2.71875 0.0205751

-2.71875 0.0205751
-2.70312 0.0212398

-2.70312 0.0212398
-2.6875 0.0218864

-2.6875 0.0218863
-2.67188 0.022515

-2.67188 0.0225149
-2.65625 0.023126

-2.65625 0.0231259
-2.64062 0.0237197

-2.64062 0.0237196
-2.625 0.0242964

-2.625 0.0242963
-2.60938 0.0248563

-2.60938 0.0248563
-2.59375 0.0253998

-2.59375 0.0253997
-2.57812 0.025927

-2.57812 0.0259269
-2.5625 0.0264383

-2.5625 0.0264382
-2.54688 0.0269339

-2.54688 0.0269338
-2.53125 0.027414

-2.53125 0.027414
-2.51562 0.027879

-2.51562 0.027879
-2.5 0.0283291

-2.5 0.028329
-2.48438 0.0287645

-2.48438 0.0287644
-2.46875 0.0291855

-2.46875 0.0291854
-2.45312 0.0295923

-2.45312 0.0295923
-2.4375 0.0299852

-2.4375 0.0299852
-2.42188 0.0303644

-2.42188 0.0303643
-2.40625 0.0307301

-2.40625 0.03073
-2.39062 0.0310825

-2.39062 0.0310831
-2.38294 0.03125

0.609375 -0.0148102
0.625 -0.0152435

-2.38288 0.03125
-2.375 0.0314211

2 -0.0393519
2.01562 -0.0393268

0.640625 -0.0156776
0.638722 -0.015625

0.625 -0.0152432
0.638804 -0.015625

0.640625 -0.0156757
0.65625 -0.0161065

0.65625 -0.0161065
0.671875 -0.0165359

0.671875 -0.0165359
0.6875 -0.0169639

0.6875 -0.0169639
0.703125 -0.0173904

0.703125 -0.0173904
0.71875 -0.0178153

0.71875 -0.0178153
0.734375 -0.0182386

0.734375 -0.0182386
0.75 -0.0186602

0.75 -0.0186602
0.765625 -0.0190801

0.765625 -0.0190801
0.78125 -0.0194982

0.78125 -0.0194982
0.796875 -0.0199144

0.796875 -0.0199145
0.8125 -0.0203288

0.8125 -0.0203288
0.828125 -0.0207411

0.828125 -0.0207411
0.84375 -0.0211513

0.84375 -0.0211513
0.859375 -0.0215593

0.859375 -0.0215593
0.875 -0.0219651

0.875 -0.0219652
0.890625 -0.0223686

0.890625 -0.0223687
0.90625 -0.0227697

0.90625 -0.0227698
0.921875 -0.0231683

0.921875 -0.0231683
0.9375 -0.0235643

0.9375 -0.0235644
0.953125 -0.0239577

0.953125 -0.0239577
0.96875 -0.0243483

0.96875 -0.0243483
0.984375 -0.024736

0.984375 -0.024736
1 -0.0251208

1 -0.0251208
1.01562 -0.0255026

1.01562 -0.0255026
1.03125 -0.0258813

1.03125 -0.0258813
1.04688 -0.0262568

1.04688 -0.0262568
1.0625 -0.026629

1.0625 -0.0266291
1.07812 -0.0269979

1.07812 -0.0269979
1.09375 -0.0273634

1.09375 -0.0273634
1.10938 -0.0277253

1.10938 -0.0277254
1.125 -0.0280837

2.01562 -0.0393268
2.03125 -0.0392908

2.03125 -0.0392908
2.04688 -0.0392437

2.04688 -0.0392438
2.0625 -0.0391853

2.0625 -0.0391854
2.07812 -0.0391155

2.07812 -0.0391155
2.09375 -0.039034

2.09375 -0.039034
2.10938 -0.0389406

2.10938 -0.0389406
2.125 -0.0388351

-2.375 0.0314217
-2.35938 0.0317482

2.125 -0.0388352
2.14062 -0.0387174

2.14062 -0.0387174
2.15625 -0.0385872

2.15625 -0.0385873
2.17188 -0.0384444

2.17188 -0.0384444
2.1875 -0.0382886

-2.35938 0.0317482
-2.34375 0.032062

-2.34375 0.032062
-2.32812 0.0323633

-2.32812 0.0323632
-2.3125 0.0326523

-2.3125 0.0326522
-2.29688 0.0329291

-2.29688 0.0329291
-2.28125 0.0331941

-2.28125 0.0331941
-2.26562 0.0334474

-2.26562 0.0334474
-2.25 0.0336892

2.1875 -0.0382887
2.20312 -0.0381198

-2.25 0.0336891
-2.23438 0.0339196

-2.23438 0.0339196
-2.21875 0.0341389

2.20312 -0.0381199
2.21875 -0.0379377

-1.125 0.0294486
-1.10938 0.0291772

2.21875 -0.0379377
2.23438 -0.037742

-1.10938 0.0291772
-1.09375 0.0289017

2.23438 -0.037742
2.25 -0.0375325

-1.09375 0.0289017
-1.07812 0.028622

-2.21875 0.0341389
-2.20312 0.0343472

-2.20312 0.0343472
-2.1875 0.0345447

-2.1875 0.0345446
-2.17188 0.0347315

-2.17188 0.0347315
-2.15625 0.0349079

-1.07812 0.028622
-1.0625 0.0283383

-1.0625 0.0283383
-1.04688 0.0280506

-1.04688 0.0280506
-1.03125 0.027759

-1.03125 0.0277589
-1.01562 0.0274634

-1.01562 0.0274634
-1 0.0271641

-2.15625 0.0349078
-2.14062 0.0350738

-2.14062 0.0350738
-2.125 0.0352296

2.25 -0.0375326
2.26562 -0.0373091

2.26562 -0.0373091
2.28125 -0.0370714

-2.125 0.0352296
-2.10938 0.0353754

-2.10938 0.0353753
-2.09375 0.0355112

-2.09375 0.0355112
-2.07812 0.0356373

-2.07812 0.0356372
-2.0625 0.0357537

2.28125 -0.0370715
2.29688 -0.0368193

-1 0.0271641
-0.984375 0.026861

2.29688 -0.0368193
2.3125 -0.0365524

-2.0625 0.0357537
-2.04688 0.0358606

2.3125 -0.0365525
2.32812 -0.0362706

-0.984375 0.026861
-0.96875 0.0265543

-2.04688 0.0358606
-2.03125 0.0359582

-0.96875 0.0265543
-0.953125 0.0262439

2.32812 -0.0362707
2.34375 -0.0359736

-0.953125 0.0262439
-0.9375 0.0259301

-2.03125 0.0359582
-2.01562 0.0360466

-0.9375 0.02593
-0.921875 0.0256127

2.34375 -0.0359736
2.35938 -0.0356611

2.35938 -0.0356612
2.375 -0.0353329

-2.01562 0.0360466
-2 0.0361259

2.375 -0.035333
2.39062 -0.0349888

2.39062 -0.0349889
2.40625 -0.0346285

1.125 -0.0280837
1.14062 -0.0284385

2.40625 -0.0346285
2.42188 -0.0342517

-0.921875 0.0256127
-0.90625 0.025292

-0.90625 0.025292
-0.890625 0.024968

2.42188 -0.0342517
2.4375 -0.0338581

-0.890625 0.024968
-0.875 0.0246407

1.14062 -0.0284385
1.15625 -0.0287895

-0.875 0.0246407
-0.859375 0.0243102

-0.859375 0.0243102
-0.84375 0.0239766

-0.84375 0.0239766
-0.828125 0.02364

1.15625 -0.0287895
1.17188 -0.0291367

1.17188 -0.0291367
1.1875 -0.02948

1.1875 -0.02948
1.20312 -0.0298194

1.20312 -0.0298194
1.21875 -0.0301548

1.21875 -0.0301548
1.23438 -0.030486

1.23438 -0.030486
1.25 -0.0308131

-2 0.0361259
-1.98438 0.0361963

-1.98438 0.0361963
-1.96875 0.036258

-1.96875 0.036258
-1.95312 0.036311

-1.95312 0.036311
-1.9375 0.0363556

2.4375 -0.0338582
2.45312 -0.0334476

2.45312 -0.0334477
2.46875 -0.0330198

2.46875 -0.0330199
2.48438 -0.0325745

2.48438 -0.0325745
2.5 -0.0321113

-0.828125 0.02364
-0.8125 0.0233004

-0.8125 0.0233004
-0.796875 0.0229578

1.28125 -0.0314556
1.27116 -0.03125

-1.9375 0.0363556
-1.92188 0.0363918

1.25 -0.0308131
1.26562 -0.0311359

1.26562 -0.0311337
1.27133 -0.03125

2.5 -0.0321113
2.51562 -0.0316299

1.28125 -0.0314544
1.29688 -0.0317682

1.29688 -0.0317682
1.3125 -0.0320773

-1.92188 0.0363917
-1.90625 0.0364197

1.3125 -0.0320774
1.32812 -0.0323818

1.32812 -0.0323818
1.34375 -0.0326813

1.34375 -0.0326814
1.35938 -0.032976

1.35938 -0.032976
1.375 -0.0332656

-1.90625 0.0364197
-1.89062 0.0364396

1.375 -0.0332656
1.39062 -0.03355

2.51562 -0.0316284
2.52745 -0.03125

1.39062 -0.03355
1.40625 -0.0338292

-0.796875 0.0229578
-0.78125 0.0226123

-1.89062 0.0364396
-1.875 0.0364514

-0.78125 0.0226123
-0.765625 0.022264

2.52766 -0.03125
2.53125 -0.0311353

1.40625 -0.0338293
1.42188 -0.0341031

-0.765625 0.022264
-0.75 0.0219129

1.42188 -0.0341031
1.4375 -0.0343716

2.53125 -0.0311302
2.54688 -0.0306116

2.54688 -0.0306116
2.5625 -0.0300739

1.4375 -0.0343716
1.45312 -0.0346344

1.45312 -0.0346345
1.46875 -0.0348917

1.46875 -0.0348917
1.48438 -0.0351431

1.48438 -0.0351432
1.5 -0.0353887

2.5625 -0.0300739
2.57812 -0.0295167

2.57812 -0.0295168
2.59375 -0.0289398

-1.875 0.0364514
-1.85938 0.0364554

-0.75 0.0219129
-0.734375 0.0215591

2.59375 -0.0289399
2.60938 -0.0283429

-1.85938 0.0364554
-1.84375 0.0364516

-1.84375 0.0364516
-1.82812 0.0364401

-0.734375 0.0215591
-0.71875 0.0212026

-0.71875 0.0212025
-0.703125 0.0208434

2.60938 -0.028343
2.625 -0.0277256

-1.82812 0.0364401
-1.8125 0.0364211

2.625 -0.0277257
2.64062 -0.0270876

2.64062 -0.0270877
2.65625 -0.0264286

-0.703125 0.0208433
-0.6875 0.0204815

2.65625 -0.0264287
2.67188 -0.0257483

-0.6875 0.0204815
-0.671875 0.0201171

-1.8125 0.0364211
-1.79688 0.0363946

-0.671875 0.0201171
-0.65625 0.0197502

2.67188 -0.0257484
2.6875 -0.0250464

-0.65625 0.0197502
-0.640625 0.0193807

-1.79688 0.0363946
-1.78125 0.0363607

2.6875 -0.0250465
2.70312 -0.0243224

-1.78125 0.0363607
-1.76562 0.0363196

-0.640625 0.0193807
-0.625 0.0190088

-1.76562 0.0363196
-1.75 0.0362713

2.70312 -0.0243225
2.71875 -0.0235761

2.71875 -0.0235762
2.73438 -0.0228072

-0.625 0.0190088
-0.609375 0.0186344

-0.609375 0.0186344
-0.59375 0.0182575

-1.75 0.0362712
-1.73438 0.0362158

-1.73438 0.0362158
-1.71875 0.0361534

-1.71875 0.0361534
-1.70312 0.036084

-1.70312 0.036084
-1.6875 0.0360078

2.73438 -0.0228072
2.75 -0.0220151

-0.59375 0.0182575
-0.578125 0.0178783

2.75 -0.0220152
2.76562 -0.0211998

2.76562 -0.0211999
2.78125 -0.0203607

-1.6875 0.0360078
-1.67188 0.0359248

2.78125 -0.0203608
2.79688 -0.0194975

-0.578125 0.0178783
-0.5625 0.0174967

2.79688 -0.0194976
2.8125 -0.0186099

-1.67188 0.0359248
-1.65625 0.0358352

2.8125 -0.01861
2.82812 -0.0176975

-0.5625 0.0174967
-0.546875 0.0171127

2.82812 -0.0176976
2.84375 -0.0167599

-1.65625 0.0358352
-1.64062 0.035739

-1.64062 0.035739
-1.625 0.0356363

-0.546875 0.0171127
-0.53125 0.0167264

-0.53125 0.0167264
-0.515625 0.0163377

-1.625 0.0356363
-1.60938 0.0355273

-1.60938 0.0355273
-1.59375 0.035412

-0.515625 0.0163377
-0.5 0.0159468

2.84375 -0.01676
2.85938 -0.0157967

2.85938 -0.0157905
2.86199 -0.015625

2.86211 -0.015625
2.875 -0.014809

-1.59375 0.035412
-1.57812 0.0352905

2.875 -0.0148078
2.89062 -0.0137923

2.89062 -0.0137924
2.90625 -0.0127503

2.90625 -0.0127504
2.92188 -0.0116813

2.92188 -0.0116813
2.9375 -0.010585

2.9375 -0.0105851
2.95312 -0.00946119

-1.57812 0.0352905
-1.5625 0.035163

-1.5625 0.035163
-1.54688 0.0350295

-1.54688 0.0350295
-1.53125 0.0348902

2.95312 -0.0094611
2.96875 -0.00830953

-0.484375 0.0155436
-0.487609 0.015625

-1.53125 0.0348901
-1.51562 0.034745

-0.5 0.0159492
-0.487118 0.015625

2.96875 -0.00830956
2.98438 -0.0071305

-0.484375 0.0155535
-0.46875 0.0151582

-1.51562 0.034745
-1.5 0.0345942

-0.46875 0.0151582
-0.453125 0.0147607

2.98438 -0.00712888
3 -0.00592552

-0.453125 0.0147607
-0.4375 0.0143611

-0.4375 0.0143611
-0.421875 0.0139595

-0.421875 0.0139595
-0.40625 0.0135559

-0.40625 0.0135559
-0.390625 0.0131503

-0.390625 0.0131503
-0.375 0.0127427

3 -0.00592595
3.03125 -0.00347534

3.03125 -0.0030464
3.0625 -0.00139839

3.0625 -0.00174169
3.125 -0.000393406

-0.375 0.0127427
-0.359375 0.0123333

-0.359375 0.0123333
-0.34375 0.011922

3.125 -0.000994982
3.25 -7.48391e-05

-0.34375 0.011922
-0.328125 0.0115089

-0.328125 0.0115089
-0.3125 0.0110941

3.25 -0.000550341
3.5 -4.59836e-05

3.5 -0.000542541
3.94754 0

-0.3125 0.011094
-0.296875 0.0106775

-0.296875 0.0106775
-0.28125 0.0102592

-0.28125 0.0102592
-0.265625 0.00983939

-0.265625 0.00983938
-0.25 0.00941797

-0.25 0.00941796
-0.234375 0.00899503

-0.234375 0.00899501
-0.21875 0.00857061

-0.21875 0.00857059
-0.203125 0.00814476

-0.203125 0.00814475
-0.1875 0.00771752

-0.1875 0.00771751
-0.171875 0.00728895

-0.171875 0.00728894
-0.15625 0.00685909

-0.15625 0.00685908
-0.140625 0.00642797

-0.140625 0.00642796
-0.125 0.00599565

-0.125 0.00599564
-0.109375 0.00556217

-0.109375 0.00556215
-0.09375 0.00512756

-0.09375 0.00512755
-0.078125 0.00469187

-0.078125 0.00469186
-0.0625 0.00425514

-0.0625 0.00425513
-0.046875 0.00381741

-0.046875 0.00381741
-0.03125 0.00337873

-0.03125 0.00337872
-0.015625 0.00293913

-0.015625 0.00293912
0 0.00249864

