-3.97288 0
-3.5 0.000740374

-1.5 0.0527621
-1.48438 0.052566

-1.48438 0.052566
-1.46875 0.052361

-3.5 0.000100768
-3.25 0.000748946

-3.25 0.000161164
-3.125 0.00133476

-3.125 0.000604028
-3.0625 0.00229314

-3.0625 0.00188263
-3.03125 0.0039169

0.109375 -0.000182963
0.105293 0

0.109375 -0.000170369
0.125 -0.000871636

0.125 -0.000871643
0.140625 -0.00157368

0.140625 -0.0015737
0.15625 -0.00227644

0.15625 -0.00227646
0.171875 -0.00297983

0.171875 -0.00297985
0.1875 -0.00368376

0.1875 -0.00368378
0.203125 -0.00438815

0.203125 -0.00438818
0.21875 -0.00509292

0.21875 -0.00509294
0.234375 -0.00579798

0.234375 -0.005798
0.25 -0.00650323

-3.03125 0.00444259
-3 0.00743622

-1.46875 0.052361
-1.45312 0.0521472

-1.45312 0.0521472
-1.4375 0.0519246

0.25 -0.00650326
0.265625 -0.00720859

0.265625 -0.00720862
0.28125 -0.00791397

0.28125 -0.00791399
0.296875 -0.00861927

0.296875 -0.00861929
0.3125 -0.0093244

0.3125 -0.00932442
0.328125 -0.0100293

-1.4375 0.0519245
-1.42188 0.0516933

-1.42188 0.0516933
-1.40625 0.0514534

-1.40625 0.0514534
-1.39062 0.051205

0.328125 -0.0100293
0.34375 -0.0107338

0.34375 -0.0107338
0.359375 -0.0114378

0.359375 -0.0114378
0.375 -0.0121413

-1.39062 0.051205
-1.375 0.0509483

0.375 -0.0121413
0.390625 -0.0128442

-1.375 0.0509483
-1.35938 0.0506832

-3 0.00743126
-2.98438 0.00889326

0.390625 -0.0128442
0.40625 -0.0135463

-2.98438 0.00889465
-2.96875 0.010329

-2.96875 0.0103288
-2.95312 0.011733

0.40625 -0.0135463
0.421875 -0.0142476

0.421875 -0.0142476
0.4375 -0.014948

0.453125 -0.0156485
0.452601 -0.015625

-1.35938 0.0506832
-1.34375 0.0504099

-1.34375 0.0504099
-1.32812 0.0501285

-2.95312 0.011733
-2.9375 0.0131074

-2.9375 0.0131073
-2.92188 0.0144522

-2.92188 0.0144522
-2.90795 0.015625

-2.90794 0.015625
-2.90625 0.0157672

-2.90625 0.0157677
-2.89062 0.0170546

-2.89062 0.0170545
-2.875 0.0183129

-2.875 0.0183128
-2.85938 0.019543

-2.85938 0.0195429
-2.84375 0.0207454

-2.84375 0.0207453
-2.82812 0.0219203

-2.82812 0.0219202
-2.8125 0.0230681

0.4375 -0.0149479
0.452627 -0.015625

0.453125 -0.0156474
0.46875 -0.0163455

0.46875 -0.0163455
0.484375 -0.0170424

-1.32812 0.0501284
-1.3125 0.049839

-2.8125 0.023068
-2.79688 0.0241894

-2.79688 0.0241893
-2.78125 0.0252844

-2.78125 0.0252843
-2.76562 0.0263536

-2.76562 0.0263535
-2.75 0.0273973

-2.75 0.0273972
-2.73438 0.0284159

-2.73438 0.0284158
-2.71875 0.0294099

-2.71875 0.0294098
-2.70312 0.0303795

-2.70312 0.0303794
-2.68874 0.03125

-2.68875 0.03125
-2.6875 0.0313255

-2.6875 0.0313251
-2.67188 0.0322472

-2.67188 0.0322472
-2.65625 0.033146

-2.65625 0.0331459
-2.64062 0.0340218

-2.64062 0.0340217
-2.625 0.0348749

0.484375 -0.0170424
0.5 -0.0177379

-1.3125 0.049839
-1.29688 0.0495415

-1.29688 0.0495415
-1.28125 0.0492362

0 0.00470788
0.015625 0.00401495

0.015625 0.00401493
0.03125 0.00332055

-2.625 0.0348748
-2.60938 0.0357056

1.5 -0.0543217
1.51562 -0.0546754

1.51562 -0.0546754
1.53125 -0.0550191

1.53125 -0.0550191
1.54688 -0.0553526

1.54688 -0.0553526
1.5625 -0.0556757

1.5625 -0.0556757
1.57812 -0.0559882

1.57812 -0.0559882
1.59375 -0.05629

-2.60938 0.0357055
-2.59375 0.0365144

1.59375 -0.05629
1.60938 -0.0565808

1.60938 -0.0565808
1.625 -0.0568605

1.625 -0.0568605
1.64062 -0.0571288

1.64062 -0.0571289
1.65625 -0.0573856

1.65625 -0.0573857
1.67188 -0.0576308

1.67188 -0.0576308
1.6875 -0.057864

1.6875 -0.0578641
1.70312 -0.0580852

1.70312 -0.0580852
1.71875 -0.058294

1.71875 -0.0582941
1.73438 -0.0584904

1.73438 -0.0584905
1.75 -0.0586742

-2.59375 0.0365143
-2.57812 0.0373014

-2.57812 0.0373013
-2.5625 0.038067

-2.5625 0.0380669
-2.54688 0.0388116

-2.54688 0.0388115
-2.53125 0.0395353

-2.53125 0.0395352
-2.51562 0.0402386

-2.51562 0.0402385
-2.5 0.0409217

0.03125 0.00332053
0.046875 0.00262478

0.046875 0.00262476
0.0625 0.00192772

-1.28125 0.0492362
-1.26562 0.0489231

-1.26562 0.0489231
-1.25 0.0486023

-2.5 0.0409216
-2.48438 0.041585

-2.48438 0.0415849
-2.46875 0.0422286

-2.46875 0.0422286
-2.45312 0.042853

-2.45312 0.0428529
-2.4375 0.0434584

-2.4375 0.0434583
-2.42188 0.044045

-2.42188 0.044045
-2.40625 0.0446132

-2.40625 0.0446131
-2.39062 0.0451631

-2.39062 0.0451631
-2.375 0.0456951

0.0625 0.0019277
0.078125 0.00122946

-1.25 0.0486023
-1.23438 0.0482739

-2.375 0.045695
-2.35938 0.0462093

-2.35938 0.0462093
-2.34375 0.046706

-2.34375 0.0467066
-2.33826 0.046875

-2.33823 0.046875
-2.32812 0.0471852

-1.23438 0.0482739
-1.21875 0.0479379

1.75 -0.0586742
1.76562 -0.058845

-1.21875 0.0479379
-1.20312 0.0475945

-1.20312 0.0475944
-1.1875 0.0472436

1.76562 -0.0588451
1.78125 -0.0590028

-2.32812 0.0471854
-2.3125 0.0476479

1.78125 -0.0590028
1.79688 -0.0591473

-2.3125 0.0476478
-2.29688 0.0480935

0.078125 0.00122944
0.09375 0.000530083

-1.1875 0.0472436
-1.17188 0.0468854

0.09375 0.000534262
0.105669 0

1.79688 -0.0591473
1.8125 -0.0592782

1.8125 -0.0592783
1.82812 -0.0593955

1.82812 -0.0593956
1.84375 -0.0594988

-2.29688 0.0480934
-2.28125 0.0485224

-2.28125 0.0485224
-2.26562 0.0489351

-2.26562 0.048935
-2.25 0.0493315

-2.25 0.0493315
-2.23438 0.049712

-2.23438 0.049712
-2.21875 0.0500768

-2.21875 0.0500768
-2.20312 0.0504261

0.5 -0.0177379
0.515625 -0.0184319

0.515625 -0.0184319
0.53125 -0.0191244

-2.20312 0.0504261
-2.1875 0.0507601

0.53125 -0.0191244
0.546875 -0.0198152

-1.15625 0.0465199
-1.17143 0.046875

1.84375 -0.0594989
1.85938 -0.059588

-2.1875 0.05076
-2.17188 0.0510789

-1.17188 0.0468854
-1.17143 0.046875

-1.15625 0.0465199
-1.14062 0.0461472

1.85938 -0.0595881
1.875 -0.0596629

-1.14062 0.0461472
-1.125 0.0457674

0.546875 -0.0198152
0.5625 -0.0205043

-2.17188 0.0510789
-2.15625 0.0513828

-1.125 0.0457674
-1.10938 0.0453805

-2.15625 0.0513828
-2.14062 0.051672

1.875 -0.0596629
1.89062 -0.0597231

-2.14062 0.0516719
-2.125 0.0519465

1.89062 -0.0597231
1.90625 -0.0597685

1.90625 -0.0597686
1.92188 -0.0597989

-2.125 0.0519465
-2.10938 0.0522067

1.92188 -0.0597989
1.9375 -0.059814

-2.10938 0.0522067
-2.09375 0.0524526

1.9375 -0.059814
1.95312 -0.0598135

-2.09375 0.0524526
-2.07812 0.0526845

1.95312 -0.0598136
1.96875 -0.0597973

-2.07812 0.0526844
-2.0625 0.0529024

1.96875 -0.0597974
1.98438 -0.0597651

0.5625 -0.0205043
0.578125 -0.0211916

1.98438 -0.0597652
2 -0.0597166

-1.10938 0.0453805
-1.09375 0.0449866

0.578125 -0.0211916
0.59375 -0.021877

-2.0625 0.0529024
-2.04688 0.0531067

0.59375 -0.021877
0.609375 -0.0225604

-1.09375 0.0449865
-1.07812 0.0445857

-2.04688 0.0531066
-2.03125 0.0532973

-2.03125 0.0532973
-2.01562 0.0534746

-2.01562 0.0534746
-2 0.0536386

0.609375 -0.0225604
0.625 -0.0232416

2 -0.0597167
2.01562 -0.0596517

-1.07812 0.0445857
-1.0625 0.0441779

0.625 -0.0232417
0.640625 -0.0239207

0.640625 -0.0239208
0.65625 -0.0245975

-1.0625 0.0441779
-1.04688 0.0437634

-1.04688 0.0437633
-1.03125 0.0433421

0.65625 -0.0245976
0.671875 -0.025272

2.01562 -0.0596517
2.03125 -0.0595699

-1.03125 0.043342
-1.01562 0.0429141

2.03125 -0.05957
2.04688 -0.0594712

-1.01562 0.0429141
-1 0.0424797

0.671875 -0.025272
0.6875 -0.0259439

0.6875 -0.0259439
0.703125 -0.0266132

0.703125 -0.0266132
0.71875 -0.0272798

0.71875 -0.0272798
0.734375 -0.0279435

0.734375 -0.0279436
0.75 -0.0286044

2.04688 -0.0594712
2.0625 -0.0593551

-2 0.0536386
-1.98438 0.0537897

2.0625 -0.0593552
2.07812 -0.0592216

0.75 -0.0286044
0.765625 -0.0292622

-1.98438 0.0537896
-1.96875 0.0539278

2.07812 -0.0592216
2.09375 -0.0590702

2.09375 -0.0590703
2.10938 -0.0589008

0.765625 -0.0292622
0.78125 -0.0299168

2.10938 -0.0589009
2.125 -0.0587131

0.78125 -0.0299169
0.796875 -0.0305682

0.796875 -0.0305682
0.8125 -0.0312162

-1.96875 0.0539278
-1.95312 0.0540532

-1.95312 0.0540532
-1.9375 0.0541661

2.125 -0.0587132
2.14062 -0.0585068

2.14062 -0.0585069
2.15625 -0.0582817

0.828125 -0.0318614
0.813301 -0.03125

-1 0.0424796
-0.984375 0.0420387

-1.9375 0.0541661
-1.92188 0.0542666

-0.984375 0.0420387
-0.96875 0.0415914

-1.92188 0.0542666
-1.90625 0.0543548

-0.96875 0.0415914
-0.953125 0.0411378

-1.90625 0.0543548
-1.89062 0.054431

-0.953125 0.0411378
-0.9375 0.0406781

2.15625 -0.0582818
2.17188 -0.0580375

0.828125 -0.0318607
0.84375 -0.0325013

0.8125 -0.0312053
0.813583 -0.03125

0.84375 -0.0325014
0.859375 -0.0331382

0.859375 -0.0331382
0.875 -0.033771

-1.89062 0.0544309
-1.875 0.0544952

-1.875 0.0544951
-1.85938 0.0545475

2.17188 -0.0580375
2.1875 -0.0577738

-1.85938 0.0545475
-1.84375 0.0545881

0.875 -0.0337711
0.890625 -0.0343998

-0.9375 0.0406781
-0.921875 0.0402122

2.1875 -0.0577739
2.20312 -0.0574904

-0.921875 0.0402122
-0.90625 0.0397404

0.890625 -0.0343999
0.90625 -0.0350244

-0.90625 0.0397404
-0.890625 0.0392627

2.20312 -0.0574905
2.21875 -0.0571871

-0.890625 0.0392627
-0.875 0.0387791

2.21875 -0.0571871
2.23438 -0.0568634

0.90625 -0.0350244
0.921875 -0.0356446

-1.84375 0.0545881
-1.82812 0.0546172

-0.875 0.0387791
-0.859375 0.0382899

-0.859375 0.0382898
-0.84375 0.0377949

0.921875 -0.0356446
0.9375 -0.0362603

0.9375 -0.0362604
0.953125 -0.0368715

2.23438 -0.0568635
2.25 -0.0565192

2.25 -0.0565193
2.26562 -0.0561541

2.26562 -0.0561542
2.28125 -0.0557679

2.28125 -0.055768
2.29688 -0.0553601

2.29688 -0.0553602
2.3125 -0.0549306

2.3125 -0.0549307
2.32812 -0.0544789

2.32812 -0.054479
2.34375 -0.0540047

2.34375 -0.0540048
2.35938 -0.0535078

2.35938 -0.0535079
2.375 -0.0529878

-0.84375 0.0377949
-0.828125 0.0372945

-0.828125 0.0372944
-0.8125 0.0367885

0.953125 -0.0368715
0.96875 -0.0374779

0.96875 -0.0374779
0.984375 -0.0380795

-1.82812 0.0546172
-1.8125 0.0546349

-1.8125 0.0546348
-1.79688 0.0546412

2.375 -0.0529879
2.39062 -0.0524444

2.39062 -0.0524445
2.40625 -0.0518772

-0.8125 0.0367885
-0.796875 0.0362772

-0.796875 0.0362772
-0.78125 0.0357605

0.984375 -0.0380795
1 -0.038676

-1.79688 0.0546412
-1.78125 0.0546363

-1.78125 0.0546363
-1.76562 0.0546204

2.40625 -0.0518773
2.42188 -0.051286

2.42188 -0.0512861
2.4375 -0.0506703

-0.78125 0.0357605
-0.765625 0.0352386

-0.765625 0.0352386
-0.75 0.0347115

1 -0.0386761
1.01562 -0.0392675

1.01562 -0.0392675
1.03125 -0.0398537

-0.75 0.0347115
-0.734375 0.0341794

-1.76562 0.0546203
-1.75 0.0545935

2.4375 -0.0506704
2.45312 -0.0500298

1.03125 -0.0398537
1.04688 -0.0404345

2.45312 -0.0500299
2.46875 -0.0493642

-0.734375 0.0341794
-0.71875 0.0336422

1.04688 -0.0404345
1.0625 -0.0410098

-0.71875 0.0336422
-0.703125 0.0331001

1.0625 -0.0410098
1.07812 -0.0415794

-0.703125 0.0331001
-0.6875 0.0325531

-0.6875 0.0325531
-0.671875 0.0320013

2.46875 -0.0493643
2.48438 -0.0486731

-0.671875 0.0320013
-0.65625 0.0314448

1.07812 -0.0415795
1.09375 -0.0421433

2.48438 -0.0486732
2.5 -0.0479561

1.09375 -0.0421433
1.10938 -0.0427013

1.10938 -0.0427013
1.125 -0.0432532

-0.640625 0.030882
-0.650872 0.03125

1.125 -0.0432533
1.14062 -0.0437991

-0.640625 0.0308836
-0.625 0.0303179

-0.65625 0.0314478
-0.650742 0.03125

1.14062 -0.0437991
1.15625 -0.0443386

-0.625 0.0303179
-0.609375 0.0297477

1.15625 -0.0443386
1.17188 -0.0448717

-1.75 0.0545934
-1.73438 0.0545557

1.17188 -0.0448717
1.1875 -0.0453983

2.5 -0.0479562
2.51562 -0.0472128

-0.609375 0.0297477
-0.59375 0.0291731

-1.73438 0.0545556
-1.71875 0.0545071

1.1875 -0.0453983
1.20312 -0.0459182

-1.71875 0.0545071
-1.70312 0.054448

-0.59375 0.0291731
-0.578125 0.0285941

-1.70312 0.0544479
-1.6875 0.0543783

-0.578125 0.028594
-0.5625 0.0280107

-1.6875 0.0543782
-1.67188 0.0542981

-0.5625 0.0280107
-0.546875 0.0274231

-0.546875 0.0274231
-0.53125 0.0268313

-0.53125 0.0268313
-0.515625 0.0262353

2.51562 -0.0472087
2.5224 -0.046875

-0.515625 0.0262353
-0.5 0.0256352

-1.67188 0.0542981
-1.65625 0.0542077

1.20312 -0.0459182
1.21875 -0.0464312

-1.65625 0.0542076
-1.64062 0.054107

-1.64062 0.054107
-1.625 0.0539963

2.52255 -0.046875
2.53125 -0.0464461

2.53125 -0.0464429
2.54688 -0.0456458

2.54688 -0.0456459
2.5625 -0.0448212

-1.625 0.0539962
-1.60938 0.0538756

2.5625 -0.0448213
2.57812 -0.0439688

2.57812 -0.0439689
2.59375 -0.0430881

2.59375 -0.0430882
2.60938 -0.0421787

-1.60938 0.0538756
-1.59375 0.0537451

2.60938 -0.0421788
2.625 -0.0412404

2.625 -0.0412405
2.64062 -0.0402725

2.64062 -0.0402726
2.65625 -0.0392749

1.23438 -0.0469387
1.23241 -0.046875

-0.5 0.0256352
-0.484375 0.0250311

-0.484375 0.0250311
-0.46875 0.024423

2.65625 -0.039275
2.67188 -0.0382469

2.67188 -0.038247
2.6875 -0.0371883

1.21875 -0.0464311
1.23246 -0.046875

1.23438 -0.0469374
1.25 -0.0474364

-1.59375 0.053745
-1.57812 0.0536048

-1.57812 0.0536048
-1.5625 0.053455

1.25 -0.0474364
1.26562 -0.047928

1.26562 -0.047928
1.28125 -0.0484121

1.28125 -0.0484122
1.29688 -0.0488887

-0.46875 0.024423
-0.453125 0.0238111

2.6875 -0.0371884
2.70312 -0.0360985

-0.453125 0.023811
-0.4375 0.0231952

2.70312 -0.0360986
2.71875 -0.0349771

-0.4375 0.0231952
-0.421875 0.0225756

-0.421875 0.0225756
-0.40625 0.0219523

-0.40625 0.0219523
-0.390625 0.0213254

2.71875 -0.0349772
2.73438 -0.0338236

-0.390625 0.0213254
-0.375 0.0206949

2.73438 -0.0338237
2.75 -0.0326376

-1.5625 0.053455
-1.54688 0.0532957

2.75 -0.0326377
2.76562 -0.0314186

-0.375 0.0206949
-0.359375 0.0200609

2.76562 -0.0314143
2.76767 -0.03125

1.29688 -0.0488887
1.3125 -0.0493575

1.3125 -0.0493575
1.32812 -0.0498184

1.32812 -0.0498184
1.34375 -0.0502712

1.34375 -0.0502712
1.35938 -0.0507158

2.76774 -0.03125
2.78125 -0.0301668

2.78125 -0.0301662
2.79688 -0.0288797

-1.54688 0.0532957
-1.53125 0.053127

-1.53125 0.053127
-1.51562 0.0529491

-1.51562 0.0529491
-1.5 0.0527621

1.35938 -0.0507158
1.375 -0.051152

2.79688 -0.0288798
2.8125 -0.0275589

1.375 -0.051152
1.39062 -0.0515797

1.39062 -0.0515798
1.40625 -0.0519988

1.40625 -0.0519988
1.42188 -0.052409

-0.359375 0.0200609
-0.34375 0.0194235

2.8125 -0.027559
2.82812 -0.0262031

1.42188 -0.052409
1.4375 -0.0528102

-0.34375 0.0194235
-0.328125 0.0187828

2.82812 -0.0262033
2.84375 -0.0248121

2.84375 -0.0248122
2.85938 -0.0233853

1.4375 -0.0528102
1.45312 -0.0532022

1.45312 -0.0532022
1.46875 -0.0535849

2.85938 -0.0233854
2.875 -0.0219221

-0.328125 0.0187828
-0.3125 0.0181388

2.875 -0.0219223
2.89062 -0.0204223

2.89062 -0.0204224
2.90625 -0.0188852

1.46875 -0.053585
1.48438 -0.0539581

1.48438 -0.0539582
1.5 -0.0543217

-0.3125 0.0181388
-0.296875 0.0174917

2.90625 -0.0188853
2.92188 -0.0173105

2.92188 -0.0173105
2.9375 -0.0156975

-0.296875 0.0174917
-0.28125 0.0168415

-0.28125 0.0168415
-0.265625 0.0161883

2.9375 -0.0156887
2.9381 -0.015625

2.93819 -0.015625
2.95312 -0.0140465

2.95312 -0.0140461
2.96875 -0.0123556

2.96875 -0.0123557
2.98438 -0.0106263

2.98438 -0.0106247
3 -0.00885977

-0.25 0.0155066
-0.25282 0.015625

-0.265625 0.016193
-0.252098 0.015625

3 -0.00886656
3.03125 -0.00524464

3.03125 -0.00459253
3.0625 -0.00215303

3.0625 -0.0026789
3.125 -0.000669681

-0.25 0.0155321
-0.234375 0.0148732

-0.234375 0.0148732
-0.21875 0.0142116

3.125 -0.00154315
3.25 -0.000153561

3.25 -0.000857038
3.5 -8.91505e-05

-0.21875 0.0142116
-0.203125 0.0135473

-0.203125 0.0135473
-0.1875 0.0128806

3.5 -0.000842287
3.95428 0

-0.1875 0.0128805
-0.171875 0.0122113

-0.171875 0.0122113
-0.15625 0.0115396

-0.15625 0.0115396
-0.140625 0.0108656

-0.140625 0.0108656
-0.125 0.0101894

-0.125 0.0101894
-0.109375 0.00951099

-0.109375 0.00951097
-0.09375 0.00883049

-0.09375 0.00883047
-0.078125 0.00814796

-0.078125 0.00814794
-0.0625 0.00746351

-0.0625 0.00746349
-0.046875 0.00677719

-0.046875 0.00677717
-0.03125 0.0060891

-0.03125 0.00608908
-0.015625 0.00539931

-0.015625 0.00539929
0 0.0047079

