-3.94647 0
-3.5 0.000254834

-3.5 2.16907e-05
-3.25 0.000258951

-3.25 3.42497e-05
-3.125 0.000467101

-3.125 0.000174158
-3.0625 0.00081321

-3.0625 0.000639024
-3.03125 0.00143163

-3.03125 0.00164197
-3 0.00283535

-1.5 0.0168418
-1.48438 0.016737

-1.48438 0.016737
-1.46875 0.0166298

-1.46875 0.0166298
-1.45312 0.0165203

-1.45312 0.0165203
-1.4375 0.0164085

-1.4375 0.0164085
-1.42188 0.0162945

-1.42188 0.0162944
-1.40625 0.0161782

-1.40625 0.0161782
-1.39062 0.0160598

-1.39062 0.0160598
-1.375 0.0159393

-3 0.00283657
-2.98438 0.00342481

-2.98438 0.00342577
-2.96875 0.00400121

-2.96875 0.00400109
-2.95312 0.00456207

-2.95312 0.00456212
-2.9375 0.00510877

-2.9375 0.00510871
-2.92188 0.00564103

-2.92188 0.00564101
-2.90625 0.00615918

-2.90625 0.00615912
-2.89062 0.0066633

-2.89062 0.00666327
-2.875 0.00715365

-1.375 0.0159393
-1.35938 0.0158167

-2.875 0.00715359
-2.85938 0.00763036

-2.85938 0.00763032
-2.84375 0.00809369

-2.84375 0.00809363
-2.82812 0.00854379

-2.82812 0.00854374
-2.8125 0.00898092

-1.35938 0.0158167
-1.34375 0.0156921

0.046875 -4.91417e-05
0.0430829 0

0.046875 -3.62271e-05
0.0625 -0.000238814

0.0625 -0.000238806
0.078125 -0.000441442

0.078125 -0.000441449
0.09375 -0.000644135

0.09375 -0.000644138
0.109375 -0.000846855

0.109375 -0.000846859
0.125 -0.00104959

0.125 -0.0010496
0.140625 -0.00125234

0.140625 -0.00125234
0.15625 -0.00145507

0.15625 -0.00145507
0.171875 -0.00165777

0.171875 -0.00165778
0.1875 -0.00186044

0.1875 -0.00186044
0.203125 -0.00206304

0.203125 -0.00206305
0.21875 -0.00226557

0.21875 -0.00226558
0.234375 -0.00246801

0.234375 -0.00246802
0.25 -0.00267034

1.5 -0.0169585
1.51562 -0.0170826

1.51562 -0.0170826
1.53125 -0.0172042

1.53125 -0.0172042
1.54688 -0.0173232

1.54688 -0.0173232
1.5625 -0.0174396

1.5625 -0.0174396
1.57812 -0.0175533

1.57812 -0.0175533
1.59375 -0.0176642

1.59375 -0.0176642
1.60938 -0.0177722

1.60938 -0.0177723
1.625 -0.0178774

1.625 -0.0178774
1.64062 -0.0179795

1.64062 -0.0179795
1.65625 -0.0180785

1.65625 -0.0180785
1.67188 -0.0181743

1.67188 -0.0181744
1.6875 -0.018267

1.6875 -0.018267
1.70312 -0.0183563

1.70312 -0.0183563
1.71875 -0.0184422

1.71875 -0.0184423
1.73438 -0.0185247

1.73438 -0.0185248
1.75 -0.0186037

-1.32812 0.0155653
-1.33549 0.015625

-1.34375 0.0156923
-1.33545 0.015625

1.75 -0.0186038
1.76562 -0.0186791

1.76562 -0.0186791
1.78125 -0.0187508

1.78125 -0.0187509
1.79688 -0.0188188

1.79688 -0.0188188
1.8125 -0.018883

1.8125 -0.018883
1.82812 -0.0189432

1.82812 -0.0189432
1.84375 -0.0189994

1.84375 -0.0189995
1.85938 -0.0190516

1.85938 -0.0190516
1.875 -0.0190996

0.25 -0.00267034
0.265625 -0.00287253

1.875 -0.0190996
1.89062 -0.0191433

0.265625 -0.00287254
0.28125 -0.00307458

0.28125 -0.00307458
0.296875 -0.00327645

0.296875 -0.00327646
0.3125 -0.00347813

1.89062 -0.0191434
1.90625 -0.0191827

1.90625 -0.0191827
1.92188 -0.0192176

1.92188 -0.0192177
1.9375 -0.019248

1.9375 -0.0192481
1.95312 -0.0192738

1.95312 -0.0192738
1.96875 -0.0192947

1.96875 -0.0192948
1.98438 -0.0193109

1.98438 -0.0193109
2 -0.019322

2 -0.019322
2.01562 -0.019328

2.01562 -0.019328
2.03125 -0.0193288

2.03125 -0.0193289
2.04688 -0.0193243

2.04688 -0.0193243
2.0625 -0.0193144

2.0625 -0.0193144
2.07812 -0.0192989

2.07812 -0.0192989
2.09375 -0.0192777

2.09375 -0.0192777
2.10938 -0.0192507

2.10938 -0.0192507
2.125 -0.0192178

-2.8125 0.00898087
-2.79688 0.00940528

-2.79688 0.00940523
-2.78125 0.0098171

-2.78125 0.00981705
-2.76562 0.0102166

-2.76562 0.0102165
-2.75 0.010604

-2.75 0.0106039
-2.73438 0.0109794

-2.73438 0.0109794
-2.71875 0.0113432

-2.71875 0.0113431
-2.70312 0.0116954

-2.70312 0.0116954
-2.6875 0.0120364

-2.6875 0.0120364
-2.67188 0.0123664

-2.67188 0.0123663
-2.65625 0.0126854

-2.65625 0.0126854
-2.64062 0.0129939

-2.64062 0.0129938
-2.625 0.0132919

-2.625 0.0132918
-2.60938 0.0135796

-2.60938 0.0135795
-2.59375 0.0138573

-2.59375 0.0138572
-2.57812 0.014125

-2.57812 0.014125
-2.5625 0.0143831

-2.5625 0.0143831
-2.54688 0.0146317

-2.54688 0.0146317
-2.53125 0.014871

2.125 -0.0192179
2.14062 -0.0191789

2.14062 -0.0191789
2.15625 -0.0191338

2.15625 -0.0191339
2.17188 -0.0190825

-2.53125 0.014871
-2.51562 0.0151011

-2.51562 0.0151011
-2.5 0.0153223

2.17188 -0.0190825
2.1875 -0.0190247

2.1875 -0.0190248
2.20312 -0.0189605

-2.5 0.0153223
-2.48438 0.0155347

-2.48438 0.0155352
-2.47749 0.015625

-2.47742 0.015625
-2.46875 0.0157381

-2.46875 0.0157385
-2.45312 0.0159339

-1.32812 0.0155655
-1.3125 0.0154369

-2.45312 0.0159338
-2.4375 0.016121

2.20312 -0.0189605
2.21875 -0.0188895

0.3125 -0.00347814
0.328125 -0.00367961

2.21875 -0.0188895
2.23438 -0.0188117

0.328125 -0.00367961
0.34375 -0.00388085

0.34375 -0.00388086
0.359375 -0.00408185

-2.4375 0.016121
-2.42188 0.0163

-2.42188 0.0163
-2.40625 0.0164711

0.359375 -0.00408185
0.375 -0.00428258

-1.3125 0.0154369
-1.29688 0.0153065

0.375 -0.00428258
0.390625 -0.00448302

-2.40625 0.016471
-2.39062 0.0166343

0.390625 -0.00448303
0.40625 -0.00468317

0.40625 -0.00468318
0.421875 -0.00488301

0.421875 -0.00488301
0.4375 -0.00508253

0.4375 -0.00508253
0.453125 -0.00528172

0.453125 -0.00528172
0.46875 -0.00548057

-2.39062 0.0166342
-2.375 0.0167899

0.46875 -0.00548057
0.484375 -0.00567907

-2.375 0.0167898
-2.35938 0.0169379

0.484375 -0.00567907
0.5 -0.00587723

0 0.000570738
0.015625 0.000368606

0.015625 0.0003686
0.03125 0.000166289

0.03125 0.000169581
0.0443361 0

2.23438 -0.0188118
2.25 -0.018727

0.5 -0.00587723
0.515625 -0.00607504

0.515625 -0.00607504
0.53125 -0.00627249

0.53125 -0.00627249
0.546875 -0.00646959

0.546875 -0.00646959
0.5625 -0.00666632

-2.35938 0.0169379
-2.34375 0.0170785

-2.34375 0.0170785
-2.32812 0.0172119

-1.29688 0.0153065
-1.28125 0.0151743

-2.32812 0.0172119
-2.3125 0.0173382

-2.3125 0.0173382
-2.29688 0.0174576

-1.28125 0.0151743
-1.26562 0.0150403

0.5625 -0.00666633
0.578125 -0.0068627

-2.29688 0.0174575
-2.28125 0.0175701

0.578125 -0.0068627
0.59375 -0.00705871

-1.26562 0.0150403
-1.25 0.0149045

0.59375 -0.00705871
0.609375 -0.00725435

-1.25 0.0149045
-1.23438 0.014767

-2.28125 0.01757
-2.26562 0.0176759

-1.23438 0.014767
-1.21875 0.0146278

-1.21875 0.0146278
-1.20312 0.014487

0.609375 -0.00725435
0.625 -0.00744961

-2.26562 0.0176759
-2.25 0.0177752

0.625 -0.00744961
0.640625 -0.00764449

0.640625 -0.00764449
0.65625 -0.00783897

-2.25 0.0177751
-2.23438 0.017868

-2.23438 0.017868
-2.21875 0.0179545

0.65625 -0.00783898
0.671875 -0.00803306

-1.20312 0.0144869
-1.1875 0.0143444

0.671875 -0.00803306
0.6875 -0.00822672

-1.1875 0.0143444
-1.17188 0.0142003

-1.17188 0.0142003
-1.15625 0.0140545

0.6875 -0.00822672
0.703125 -0.00841995

0.703125 -0.00841996
0.71875 -0.00861274

0.71875 -0.00861275
0.734375 -0.00880506

2.25 -0.018727
2.26562 -0.0186352

2.26562 -0.0186352
2.28125 -0.0185361

2.28125 -0.0185361
2.29688 -0.0184296

2.29688 -0.0184296
2.3125 -0.0183156

2.3125 -0.0183156
2.32812 -0.0181938

2.32812 -0.0181939
2.34375 -0.0180642

2.34375 -0.0180642
2.35938 -0.0179266

2.35938 -0.0179266
2.375 -0.0177807

-1.15625 0.0140545
-1.14062 0.0139072

-1.14062 0.0139072
-1.125 0.0137582

0.734375 -0.00880507
0.75 -0.0089969

-2.21875 0.0179545
-2.20312 0.0180349

-2.20312 0.0180349
-2.1875 0.0181092

-2.1875 0.0181092
-2.17188 0.0181776

-2.17188 0.0181775
-2.15625 0.0182401

-1.125 0.0137582
-1.10938 0.0136077

-1.10938 0.0136077
-1.09375 0.0134557

-1.09375 0.0134557
-1.07812 0.0133021

-1.07812 0.0133021
-1.0625 0.0131471

-1.0625 0.0131471
-1.04688 0.0129906

-2.15625 0.01824
-2.14062 0.0182969

2.375 -0.0177808
2.39062 -0.0176265

2.39062 -0.0176266
2.40625 -0.0174638

2.40625 -0.0174639
2.42188 -0.0172925

2.42188 -0.0172925
2.4375 -0.0171122

2.4375 -0.0171123
2.45312 -0.016923

2.45312 -0.016923
2.46875 -0.0167245

0.75 -0.00899691
0.765625 -0.00918823

0.765625 -0.00918824
0.78125 -0.00937903

0.78125 -0.00937904
0.796875 -0.00956927

0.796875 -0.00956928
0.8125 -0.00975892

0.8125 -0.00975893
0.828125 -0.00994796

0.828125 -0.00994797
0.84375 -0.0101363

-1.04688 0.0129905
-1.03125 0.0128326

0.84375 -0.0101364
0.859375 -0.010324

0.859375 -0.0103241
0.875 -0.010511

0.875 -0.010511
0.890625 -0.0106972

0.890625 -0.0106973
0.90625 -0.0108827

0.90625 -0.0108827
0.921875 -0.0110672

0.921875 -0.0110673
0.9375 -0.0112509

0.9375 -0.0112509
0.953125 -0.0114337

-2.14062 0.0182969
-2.125 0.0183481

-2.125 0.018348
-2.10938 0.0183937

-2.10938 0.0183937
-2.09375 0.018434

-2.09375 0.018434
-2.07812 0.0184689

-2.07812 0.0184689
-2.0625 0.0184986

-2.0625 0.0184986
-2.04688 0.0185232

-2.04688 0.0185232
-2.03125 0.0185428

-2.03125 0.0185428
-2.01562 0.0185575

-2.01562 0.0185574
-2 0.0185673

-2 0.0185673
-1.98438 0.0185725

-1.98438 0.0185724
-1.96875 0.018573

-1.96875 0.018573
-1.95312 0.018569

-1.95312 0.018569
-1.9375 0.0185607

-1.9375 0.0185607
-1.92188 0.018548

-1.92188 0.018548
-1.90625 0.0185311

-1.90625 0.0185311
-1.89062 0.01851

-1.89062 0.01851
-1.875 0.0184849

-1.875 0.0184849
-1.85938 0.0184558

-1.85938 0.0184558
-1.84375 0.0184228

-1.84375 0.0184228
-1.82812 0.018386

-1.82812 0.0183859
-1.8125 0.0183454

-1.8125 0.0183453
-1.79688 0.0183011

-1.79688 0.0183011
-1.78125 0.0182532

-1.78125 0.0182532
-1.76562 0.0182017

-1.76562 0.0182017
-1.75 0.0181467

-1.75 0.0181467
-1.73438 0.0180883

-1.73438 0.0180883
-1.71875 0.0180265

-1.71875 0.0180265
-1.70312 0.0179614

-1.70312 0.0179614
-1.6875 0.0178931

-1.6875 0.017893
-1.67188 0.0178215

-1.67188 0.0178215
-1.65625 0.0177468

-1.65625 0.0177468
-1.64062 0.017669

-1.64062 0.017669
-1.625 0.0175882

-1.625 0.0175882
-1.60938 0.0175045

-1.60938 0.0175045
-1.59375 0.0174179

-1.59375 0.0174179
-1.57812 0.0173285

-1.57812 0.0173285
-1.5625 0.0172364

-1.5625 0.0172363
-1.54688 0.0171416

-1.54688 0.0171416
-1.53125 0.0170442

-1.53125 0.0170442
-1.51562 0.0169443

-1.51562 0.0169442
-1.5 0.0168419

2.46875 -0.0167246
2.48438 -0.0165167

2.48438 -0.0165168
2.5 -0.0162993

-1.03125 0.0128326
-1.01562 0.0126732

2.5 -0.0162994
2.51562 -0.0160722

2.51562 -0.0160722
2.53125 -0.0158351

2.53125 -0.0158348
2.5445 -0.015625

-1.01562 0.0126732
-1 0.0125125

0.953125 -0.0114337
0.96875 -0.0116155

0.96875 -0.0116155
0.984375 -0.0117963

2.54465 -0.015625
2.54688 -0.0155897

2.54688 -0.0155879
2.5625 -0.0153302

2.5625 -0.0153302
2.57812 -0.015062

2.57812 -0.015062
2.59375 -0.0147829

-1 0.0125125
-0.984375 0.0123504

-0.984375 0.0123504
-0.96875 0.0121871

0.984375 -0.0117963
1 -0.011976

2.59375 -0.014783
2.60938 -0.0144929

2.60938 -0.014493
2.625 -0.0141917

2.625 -0.0141918
2.64062 -0.0138791

2.64062 -0.0138791
2.65625 -0.0135548

2.65625 -0.0135549
2.67188 -0.0132187

2.67188 -0.0132187
2.6875 -0.0128705

-0.96875 0.012187
-0.953125 0.0120225

2.6875 -0.0128706
2.70312 -0.01251

2.70312 -0.0125101
2.71875 -0.012137

-0.953125 0.0120225
-0.9375 0.0118567

1 -0.011976
1.01562 -0.0121546

2.71875 -0.0121371
2.73438 -0.0117513

2.73438 -0.0117513
2.75 -0.0113525

1.01562 -0.0121546
1.03125 -0.0123321

2.75 -0.0113526
2.76562 -0.0109406

1.03125 -0.0123321
1.04688 -0.0125084

-0.9375 0.0118567
-0.921875 0.0116897

-0.921875 0.0116897
-0.90625 0.0115217

-0.90625 0.0115217
-0.890625 0.0113526

-0.890625 0.0113525
-0.875 0.0111824

2.76562 -0.0109407
2.78125 -0.0105153

-0.875 0.0111824
-0.859375 0.0110113

2.78125 -0.0105153
2.79688 -0.0100763

-0.859375 0.0110113
-0.84375 0.0108392

-0.84375 0.0108392
-0.828125 0.0106662

2.79688 -0.0100763
2.8125 -0.00962335

1.04688 -0.0125084
1.0625 -0.0126834

1.0625 -0.0126834
1.07812 -0.0128573

1.07812 -0.0128573
1.09375 -0.0130298

1.09375 -0.0130298
1.10938 -0.013201

1.10938 -0.013201
1.125 -0.0133709

1.125 -0.0133709
1.14062 -0.0135394

1.14062 -0.0135394
1.15625 -0.0137066

1.15625 -0.0137066
1.17188 -0.0138723

1.17188 -0.0138723
1.1875 -0.0140365

1.1875 -0.0140365
1.20312 -0.0141993

1.20312 -0.0141993
1.21875 -0.0143605

1.21875 -0.0143605
1.23438 -0.0145203

1.23438 -0.0145203
1.25 -0.0146784

1.25 -0.0146784
1.26562 -0.014835

1.26562 -0.014835
1.28125 -0.0149899

1.28125 -0.0149899
1.29688 -0.0151431

1.29688 -0.0151431
1.3125 -0.0152946

1.3125 -0.0152947
1.32812 -0.0154444

1.32812 -0.0154444
1.34375 -0.0155923

1.35938 -0.0157386
1.34722 -0.015625

1.34375 -0.0155917
1.34731 -0.015625

1.35938 -0.0157384
1.375 -0.0158825

1.375 -0.0158825
1.39062 -0.0160246

1.39062 -0.0160246
1.40625 -0.0161646

1.40625 -0.0161646
1.42188 -0.0163025

1.42188 -0.0163025
1.4375 -0.0164382

1.4375 -0.0164382
1.45312 -0.0165717

1.45312 -0.0165717
1.46875 -0.016703

1.46875 -0.016703
1.48438 -0.0168319

1.48438 -0.0168319
1.5 -0.0169584

2.8125 -0.00962341
2.82812 -0.00915632

2.82812 -0.00915638
2.84375 -0.00867494

2.84375 -0.008675
2.85938 -0.00817896

2.85938 -0.008179
2.875 -0.00766814

2.875 -0.00766821
2.89062 -0.00714231

2.89062 -0.00714235
2.90625 -0.0066012

2.90625 -0.00660127
2.92188 -0.00604467

2.92188 -0.0060447
2.9375 -0.00547246

-0.828125 0.0106661
-0.8125 0.0104923

2.9375 -0.00547253
2.95312 -0.00488447

-0.8125 0.0104922
-0.796875 0.0103175

-0.796875 0.0103175
-0.78125 0.0101419

-0.78125 0.0101419
-0.765625 0.00996553

-0.765625 0.00996553
-0.75 0.00978837

2.95312 -0.00488439
2.96875 -0.00428052

2.96875 -0.00428059
2.98438 -0.00366096

-0.75 0.00978836
-0.734375 0.00961044

-0.734375 0.00961044
-0.71875 0.00943178

-0.71875 0.00943178
-0.703125 0.0092524

-0.703125 0.0092524
-0.6875 0.00907231

-0.6875 0.00907231
-0.671875 0.00889153

-0.671875 0.00889153
-0.65625 0.00871007

-0.65625 0.00871007
-0.640625 0.00852794

-0.640625 0.00852794
-0.625 0.00834515

-0.625 0.00834515
-0.609375 0.00816171

2.98438 -0.00365989
3 -0.00302652

-0.609375 0.00816171
-0.59375 0.00797761

3 -0.00302474
3.03125 -0.00174186

3.03125 -0.00151729
3.0625 -0.000665165

-0.59375 0.00797761
-0.578125 0.00779287

-0.578125 0.00779287
-0.5625 0.00760748

3.0625 -0.000850183
3.125 -0.000165605

3.125 -0.000482646
3.25 -2.44928e-05

3.25 -0.000267799
3.5 -2.16941e-05

3.5 -0.000269059
3.95949 0

-0.5625 0.00760748
-0.546875 0.00742145

-0.546875 0.00742145
-0.53125 0.00723478

-0.53125 0.00723478
-0.515625 0.00704746

-0.515625 0.00704746
-0.5 0.0068595

-0.5 0.0068595
-0.484375 0.0066709

-0.484375 0.0066709
-0.46875 0.00648166

-0.46875 0.00648166
-0.453125 0.00629178

-0.453125 0.00629178
-0.4375 0.00610127

-0.4375 0.00610127
-0.421875 0.00591014

-0.421875 0.00591014
-0.40625 0.00571839

-0.40625 0.00571838
-0.390625 0.00552603

-0.390625 0.00552602
-0.375 0.00533307

-0.375 0.00533307
-0.359375 0.00513954

-0.359375 0.00513954
-0.34375 0.00494545

-0.34375 0.00494545
-0.328125 0.00475081

-0.328125 0.00475081
-0.3125 0.00455565

-0.3125 0.00455565
-0.296875 0.00435998

-0.296875 0.00435998
-0.28125 0.00416383

-0.28125 0.00416382
-0.265625 0.00396721

-0.265625 0.0039672
-0.25 0.00377014

-0.25 0.00377014
-0.234375 0.00357265

-0.234375 0.00357265
-0.21875 0.00337475

-0.21875 0.00337475
-0.203125 0.00317647

-0.203125 0.00317646
-0.1875 0.00297781

-0.1875 0.00297781
-0.171875 0.0027788

-0.171875 0.0027788
-0.15625 0.00257946

-0.15625 0.00257945
-0.140625 0.0023798

-0.140625 0.00237979
-0.125 0.00217983

-0.125 0.00217983
-0.109375 0.00197957

-0.109375 0.00197957
-0.09375 0.00177904

-0.09375 0.00177904
-0.078125 0.00157825

-0.078125 0.00157824
-0.0625 0.0013772

-0.0625 0.0013772
-0.046875 0.00117592

-0.046875 0.00117592
-0.03125 0.000974408

-0.03125 0.000974406
-0.015625 0.000772678

-0.015625 0.000772675
0 0.00057074

