-3.95733 0
-3.5 0.00159448

-3.5 0.00073994
-3.25 0.00195846

-3.25 0.00165065
-3.125 0.00320542

-3.125 0.00270892
-3.0625 0.00430936

-3.0625 0.00358158
-3.03125 0.00539935

-3.03125 0.00604628
-3 0.00904327

1.5 -0.0542362
1.51562 -0.054591

1.51562 -0.054591
1.53125 -0.054936

1.53125 -0.054936
1.54688 -0.0552709

1.54688 -0.0552709
1.5625 -0.0555956

-3 0.00903542
-2.98438 0.0104912

1.5625 -0.0555957
1.57812 -0.05591

1.57812 -0.05591
1.59375 -0.0562137

1.59375 -0.0562137
1.60938 -0.0565066

1.60938 -0.0565066
1.625 -0.0567885

-2.98438 0.0104925
-2.96875 0.0119187

-2.96875 0.0119186
-2.95312 0.0133126

-2.95312 0.0133125
-2.9375 0.0146749

-2.9375 0.0146755
-2.92635 0.015625

1.625 -0.0567886
1.64062 -0.0570593

1.64062 -0.0570593
1.65625 -0.0573187

1.65625 -0.0573188
1.67188 -0.0575666

-2.92632 0.015625
-2.92188 0.0160041

-2.92188 0.0160058
-2.90625 0.0173063

1.67188 -0.0575666
1.6875 -0.0578027

1.6875 -0.0578027
1.70312 -0.0580268

1.70312 -0.0580269
1.71875 -0.0582389

-2.90625 0.0173061
-2.89062 0.0185764

-2.89062 0.0185762
-2.875 0.0198166

1.71875 -0.0582389
1.73438 -0.0584386

-2.875 0.0198165
-2.85938 0.0210276

-2.85938 0.0210275
-2.84375 0.0222096

-2.84375 0.0222095
-2.82812 0.0233633

-2.82812 0.0233632
-2.8125 0.0244891

1.73438 -0.0584387
1.75 -0.0586258

-2.8125 0.024489
-2.79688 0.0255876

-2.79688 0.0255874
-2.78125 0.0266592

-2.78125 0.026659
-2.76562 0.0277043

1.75 -0.0586259
1.76562 -0.0588003

1.76562 -0.0588004
1.78125 -0.0589619

1.78125 -0.058962
1.79688 -0.0591104

-2.76562 0.0277042
-2.75 0.0287236

-2.75 0.0287235
-2.73438 0.0297173

-2.73438 0.0297172
-2.71875 0.030686

-2.71875 0.0306852
-2.7094 0.03125

-2.70943 0.03125
-2.70312 0.0316309

-2.70312 0.0316299
-2.6875 0.0325496

-2.6875 0.0325496
-2.67188 0.0334454

0.109375 -0.000509765
0.0978533 0

-1.5 0.052357
-1.48438 0.0521494

-1.48438 0.0521493
-1.46875 0.0519331

-1.46875 0.051933
-1.45312 0.0517082

-1.45312 0.0517082
-1.4375 0.051475

-1.4375 0.0514749
-1.42188 0.0512333

-1.42188 0.0512333
-1.40625 0.0509834

-2.67188 0.0334453
-2.65625 0.0343177

-1.40625 0.0509834
-1.39062 0.0507254

1.79688 -0.0591105
1.8125 -0.0592456

1.8125 -0.0592456
1.82812 -0.0593672

1.82812 -0.0593672
1.84375 -0.0594751

-1.39062 0.0507254
-1.375 0.0504593

0.109375 -0.000503793
0.125 -0.00119596

1.84375 -0.0594751
1.85938 -0.059569

1.85938 -0.0595691
1.875 -0.0596488

1.875 -0.0596489
1.89062 -0.0597142

1.89062 -0.0597143
1.90625 -0.0597651

1.90625 -0.0597651
1.92188 -0.0598011

1.92188 -0.0598011
1.9375 -0.059822

1.9375 -0.0598221
1.95312 -0.0598277

1.95312 -0.0598277
1.96875 -0.0598178

1.96875 -0.0598178
1.98438 -0.0597921

0.125 -0.00119598
0.140625 -0.00188892

0.140625 -0.00188894
0.15625 -0.0025826

1.98438 -0.0597922
2 -0.0597504

0.15625 -0.00258262
0.171875 -0.00327691

0.171875 -0.00327693
0.1875 -0.00397179

2 -0.0597504
2.01562 -0.0596923

2.01562 -0.0596924
2.03125 -0.0596177

2.03125 -0.0596178
2.04688 -0.0595263

2.04688 -0.0595264
2.0625 -0.0594178

2.0625 -0.0594179
2.07812 -0.059292

2.07812 -0.0592921
2.09375 -0.0591486

0.1875 -0.00397181
0.203125 -0.00466715

-1.375 0.0504592
-1.35938 0.0501851

2.09375 -0.0591487
2.10938 -0.0589874

-1.35938 0.0501851
-1.34375 0.0499031

0.203125 -0.00466717
0.21875 -0.00536291

2.10938 -0.0589874
2.125 -0.058808

-1.34375 0.049903
-1.32812 0.0496132

-1.32812 0.0496132
-1.3125 0.0493156

0.21875 -0.00536293
0.234375 -0.006059

0.234375 -0.00605902
0.25 -0.00675532

2.125 -0.0588081
2.14062 -0.0586102

-2.65625 0.0343176
-2.64062 0.0351667

-2.64062 0.0351666
-2.625 0.035993

2.14062 -0.0586103
2.15625 -0.0583938

2.15625 -0.0583939
2.17188 -0.0581585

2.17188 -0.0581586
2.1875 -0.0579039

2.1875 -0.057904
2.20312 -0.0576299

-2.625 0.0359929
-2.60938 0.0367967

0.25 -0.00675534
0.265625 -0.0074518

-1.3125 0.0493155
-1.29688 0.0490103

-1.29688 0.0490102
-1.28125 0.0486974

-1.28125 0.0486974
-1.26562 0.048377

-1.26562 0.048377
-1.25 0.0480492

0.265625 -0.00745182
0.28125 -0.00814835

-1.25 0.0480492
-1.23438 0.047714

0.28125 -0.00814837
0.296875 -0.00884489

-1.23438 0.047714
-1.21875 0.0473715

-1.21875 0.0473715
-1.20312 0.0470218

-1.1875 0.0466644
-1.19672 0.046875

-1.20312 0.0470225
-1.19667 0.046875

-1.1875 0.0466649
-1.17188 0.046301

-1.17188 0.0463009
-1.15625 0.0459299

-1.15625 0.0459299
-1.14062 0.045552

-1.14062 0.0455519
-1.125 0.045167

-1.125 0.045167
-1.10938 0.0447752

-1.10938 0.0447752
-1.09375 0.0443766

-1.09375 0.0443766
-1.07812 0.0439712

-1.07812 0.0439712
-1.0625 0.0435591

-1.0625 0.0435591
-1.04688 0.0431404

0.296875 -0.00884491
0.3125 -0.00954132

0.3125 -0.00954134
0.328125 -0.0102376

0.328125 -0.0102376
0.34375 -0.0109335

0.34375 -0.0109336
0.359375 -0.0116292

0.359375 -0.0116292
0.375 -0.0123243

0.375 -0.0123243
0.390625 -0.013019

0.390625 -0.013019
0.40625 -0.013713

0.40625 -0.013713
0.421875 -0.0144063

0.421875 -0.0144063
0.4375 -0.0150988

0.453125 -0.0157975
0.449229 -0.015625

0.4375 -0.0150966
0.449438 -0.015625

0.453125 -0.0157905
0.46875 -0.0164811

0.46875 -0.0164811
0.484375 -0.0171705

0.484375 -0.0171705
0.5 -0.0178586

0 0.0043114
0.015625 0.00362741

0.015625 0.00362739
0.03125 0.00294197

0.03125 0.00294196
0.046875 0.0022552

0.046875 0.00225518
0.0625 0.00156715

0.0625 0.00156713
0.078125 0.00087792

0.078125 0.000877903
0.09375 0.000187585

0.09375 0.000203108
0.0983406 0

2.20312 -0.05763
2.21875 -0.0573361

2.21875 -0.0573361
2.23438 -0.0570222

2.23438 -0.0570223
2.25 -0.056688

2.25 -0.056688
2.26562 -0.0563331

2.26562 -0.0563331
2.28125 -0.0559572

0.5 -0.0178587
0.515625 -0.0185455

0.515625 -0.0185455
0.53125 -0.0192309

0.53125 -0.0192309
0.546875 -0.0199149

0.546875 -0.0199149
0.5625 -0.0205972

0.5625 -0.0205973
0.578125 -0.0212779

0.578125 -0.021278
0.59375 -0.0219569

0.59375 -0.0219569
0.609375 -0.022634

0.609375 -0.022634
0.625 -0.0233091

0.625 -0.0233091
0.640625 -0.0239822

0.640625 -0.0239822
0.65625 -0.0246531

0.65625 -0.0246531
0.671875 -0.0253218

0.671875 -0.0253218
0.6875 -0.0259881

0.6875 -0.0259881
0.703125 -0.026652

0.703125 -0.026652
0.71875 -0.0273133

0.71875 -0.0273133
0.734375 -0.0279719

0.734375 -0.0279719
0.75 -0.0286277

0.75 -0.0286277
0.765625 -0.0292806

0.765625 -0.0292806
0.78125 -0.0299305

0.78125 -0.0299305
0.796875 -0.0305772

0.796875 -0.0305772
0.8125 -0.0312207

0.828125 -0.0318614
0.813198 -0.03125

0.828125 -0.0318608
0.84375 -0.0324972

0.8125 -0.0312094
0.813492 -0.03125

0.84375 -0.0324972
0.859375 -0.0331299

0.859375 -0.0331299
0.875 -0.0337587

0.875 -0.0337587
0.890625 -0.0343835

0.890625 -0.0343835
0.90625 -0.0350042

0.90625 -0.0350042
0.921875 -0.0356207

0.921875 -0.0356207
0.9375 -0.0362328

0.9375 -0.0362328
0.953125 -0.0368403

0.953125 -0.0368404
0.96875 -0.0374433

0.96875 -0.0374433
0.984375 -0.0380415

0.984375 -0.0380415
1 -0.0386348

1 -0.0386348
1.01562 -0.039223

1.01562 -0.039223
1.03125 -0.0398061

1.03125 -0.0398061
1.04688 -0.0403839

1.04688 -0.0403839
1.0625 -0.0409562

1.0625 -0.0409563
1.07812 -0.0415231

1.07812 -0.0415231
1.09375 -0.0420842

1.09375 -0.0420842
1.10938 -0.0426395

1.10938 -0.0426396
1.125 -0.043189

1.125 -0.043189
1.14062 -0.0437323

1.14062 -0.0437323
1.15625 -0.0442695

1.15625 -0.0442695
1.17188 -0.0448004

1.17188 -0.0448004
1.1875 -0.0453248

1.1875 -0.0453249
1.20312 -0.0458427

1.20312 -0.0458428
1.21875 -0.0463539

1.21875 -0.046354
1.23438 -0.0468583

1.25 -0.0473561
1.23489 -0.046875

1.23438 -0.0468501
1.23516 -0.046875

-2.60938 0.0367966
-2.59375 0.0375784

-2.59375 0.0375783
-2.57812 0.0383382

-2.57812 0.0383382
-2.5625 0.0390766

-2.5625 0.0390766
-2.54688 0.0397939

-2.54688 0.0397938
-2.53125 0.0404904

-2.53125 0.0404903
-2.51562 0.0411665

-2.51562 0.0411664
-2.5 0.0418224

-2.5 0.0418223
-2.48438 0.0424586

-2.48438 0.0424585
-2.46875 0.0430753

-2.46875 0.0430752
-2.45312 0.0436728

-2.45312 0.0436727
-2.4375 0.0442514

-2.4375 0.0442514
-2.42188 0.0448114

-2.42188 0.0448114
-2.40625 0.0453531

-2.40625 0.0453531
-2.39062 0.0458767

-2.39062 0.0458766
-2.375 0.0463824

-2.375 0.0463823
-2.35938 0.0468705

-2.35922 0.046875
-2.34375 0.0473412

-2.34375 0.0473411
-2.32812 0.0477947

-1.04688 0.0431404
-1.03125 0.0427152

-1.03125 0.0427152
-1.01562 0.0422836

-1.01562 0.0422835
-1 0.0418456

-1 0.0418455
-0.984375 0.0414013

-0.984375 0.0414013
-0.96875 0.0409509

-0.96875 0.0409508
-0.953125 0.0404944

-0.953125 0.0404943
-0.9375 0.0400319

-0.9375 0.0400319
-0.921875 0.0395635

-0.921875 0.0395635
-0.90625 0.0390894

-0.90625 0.0390894
-0.890625 0.0386096

-0.890625 0.0386096
-0.875 0.0381242

-0.875 0.0381242
-0.859375 0.0376333

-0.859375 0.0376333
-0.84375 0.037137

-0.84375 0.0371369
-0.828125 0.0366353

-0.828125 0.0366353
-0.8125 0.0361284

-0.8125 0.0361284
-0.796875 0.0356163

-0.796875 0.0356163
-0.78125 0.0350992

-0.78125 0.0350992
-0.765625 0.0345771

-0.765625 0.0345771
-0.75 0.03405

-0.75 0.03405
-0.734375 0.0335181

-0.734375 0.0335181
-0.71875 0.0329814

-0.71875 0.0329814
-0.703125 0.0324401

-0.703125 0.0324401
-0.6875 0.0318941

-0.65625 0.0307882
-0.669252 0.03125

-0.6875 0.0318941
-0.671875 0.0313436

-0.671875 0.0313454
-0.669189 0.03125

-0.65625 0.0307886
-0.640625 0.0302293

-0.640625 0.0302292
-0.625 0.0296656

-0.625 0.0296656
-0.609375 0.0290978

-0.609375 0.0290978
-0.59375 0.0285257

-0.59375 0.0285257
-0.578125 0.0279496

-0.578125 0.0279496
-0.5625 0.0273693

-0.5625 0.0273693
-0.546875 0.0267851

-0.546875 0.0267851
-0.53125 0.0261969

-0.53125 0.0261969
-0.515625 0.0256048

-0.515625 0.0256048
-0.5 0.0250089

1.25 -0.0473558
1.26562 -0.0478459

1.26562 -0.0478459
1.28125 -0.0483287

-2.32812 0.0477947
-2.3125 0.0482314

-2.3125 0.0482313
-2.29688 0.0486513

-2.29688 0.0486513
-2.28125 0.0490548

-2.28125 0.0490548
-2.26562 0.0494422

-2.26562 0.0494421
-2.25 0.0498136

-2.25 0.0498135
-2.23438 0.0501693

-2.23438 0.0501693
-2.21875 0.0505095

-2.21875 0.0505095
-2.20312 0.0508345

-2.20312 0.0508344
-2.1875 0.0511444

-2.1875 0.0511443
-2.17188 0.0514394

-2.17188 0.0514393
-2.15625 0.0517197

-2.15625 0.0517196
-2.14062 0.0519855

-2.14062 0.0519855
-2.125 0.052237

-2.125 0.0522369
-2.10938 0.0524743

-2.10938 0.0524742
-2.09375 0.0526976

-2.09375 0.0526975
-2.07812 0.052907

-2.07812 0.052907
-2.0625 0.0531028

-2.0625 0.0531028
-2.04688 0.0532851

-2.04688 0.0532851
-2.03125 0.0534541

-2.03125 0.0534541
-2.01562 0.05361

-2.01562 0.0536099
-2 0.0537528

-2 0.0537528
-1.98438 0.053883

-1.98438 0.0538829
-1.96875 0.0540005

-1.96875 0.0540004
-1.95312 0.0541056

-1.95312 0.0541056
-1.9375 0.0541985

-1.9375 0.0541985
-1.92188 0.0542793

-1.92188 0.0542793
-1.90625 0.0543482

-1.90625 0.0543482
-1.89062 0.0544053

-1.89062 0.0544053
-1.875 0.0544508

-1.875 0.0544508
-1.85938 0.0544848

-1.85938 0.0544848
-1.84375 0.0545075

-1.84375 0.0545075
-1.82812 0.0545189

-1.82812 0.0545189
-1.8125 0.0545192

-1.8125 0.0545191
-1.79688 0.0545085

-1.79688 0.0545084
-1.78125 0.0544868

-1.78125 0.0544868
-1.76562 0.0544544

-1.76562 0.0544544
-1.75 0.0544114

-1.75 0.0544113
-1.73438 0.0543577

-1.73438 0.0543577
-1.71875 0.0542936

-1.71875 0.0542935
-1.70312 0.054219

-1.70312 0.054219
-1.6875 0.0541342

-1.6875 0.0541342
-1.67188 0.0540392

-1.67188 0.0540392
-1.65625 0.0539342

-1.65625 0.0539342
-1.64062 0.0538192

-1.64062 0.0538192
-1.625 0.0536944

-1.625 0.0536943
-1.60938 0.0535598

-1.60938 0.0535598
-1.59375 0.0534157

-1.59375 0.0534157
-1.57812 0.0532622

-1.57812 0.0532621
-1.5625 0.0530993

-1.5625 0.0530993
-1.54688 0.0529272

-1.54688 0.0529272
-1.53125 0.0527461

-1.53125 0.0527461
-1.51562 0.052556

-1.51562 0.052556
-1.5 0.052357

-0.5 0.0250089
-0.484375 0.0244092

-0.484375 0.0244092
-0.46875 0.0238058

-0.46875 0.0238058
-0.453125 0.0231987

-0.453125 0.0231987
-0.4375 0.022588

-0.4375 0.022588
-0.421875 0.0219738

-0.421875 0.0219738
-0.40625 0.0213561

-0.40625 0.021356
-0.390625 0.0207349

-0.390625 0.0207349
-0.375 0.0201104

-0.375 0.0201104
-0.359375 0.0194826

-0.359375 0.0194826
-0.34375 0.0188517

-0.34375 0.0188516
-0.328125 0.0182175

-0.328125 0.0182175
-0.3125 0.0175803

-0.3125 0.0175803
-0.296875 0.0169401

-0.296875 0.0169401
-0.28125 0.016297

-0.28125 0.0162969
-0.265625 0.015651

-0.25 0.0150022
-0.265002 0.015625

-0.265625 0.0156527
-0.264958 0.015625

-0.25 0.0150023
-0.234375 0.0143509

-0.234375 0.0143509
-0.21875 0.013697

-0.21875 0.013697
-0.203125 0.0130406

-0.203125 0.0130406
-0.1875 0.0123818

-0.1875 0.0123817
-0.171875 0.0117206

-0.171875 0.0117205
-0.15625 0.011057

-0.15625 0.011057
-0.140625 0.0103913

-0.140625 0.0103913
-0.125 0.00972342

-0.125 0.0097234
-0.109375 0.00905345

-0.109375 0.00905344
-0.09375 0.00838147

-0.09375 0.00838145
-0.078125 0.00770755

1.28125 -0.0483288
1.29688 -0.0488041

1.29688 -0.0488041
1.3125 -0.0492718

-0.078125 0.00770753
-0.0625 0.00703177

1.3125 -0.0492718
1.32812 -0.0497318

1.32812 -0.0497318
1.34375 -0.0501838

2.28125 -0.0559573
2.29688 -0.0555601

2.29688 -0.0555601
2.3125 -0.0551413

1.34375 -0.0501839
1.35938 -0.0506278

1.35938 -0.0506279
1.375 -0.0510636

-0.0625 0.00703175
-0.046875 0.00635419

1.375 -0.0510637
1.39062 -0.0514911

1.39062 -0.0514911
1.40625 -0.05191

-0.046875 0.00635417
-0.03125 0.00567489

-0.03125 0.00567487
-0.015625 0.00499394

-0.015625 0.00499392
0 0.00431142

1.40625 -0.0519101
1.42188 -0.0523203

1.42188 -0.0523204
1.4375 -0.0527218

1.4375 -0.0527218
1.45312 -0.0531143

1.45312 -0.0531143
1.46875 -0.0534976

1.46875 -0.0534976
1.48438 -0.0538716

1.48438 -0.0538716
1.5 -0.0542361

2.3125 -0.0551414
2.32812 -0.0547006

2.32812 -0.0547007
2.34375 -0.0542377

2.34375 -0.0542377
2.35938 -0.0537521

2.35938 -0.0537522
2.375 -0.0532436

2.375 -0.0532437
2.39062 -0.0527119

2.39062 -0.052712
2.40625 -0.0521566

2.40625 -0.0521567
2.42188 -0.0515775

2.42188 -0.0515776
2.4375 -0.050974

2.4375 -0.0509741
2.45312 -0.050346

2.45312 -0.0503461
2.46875 -0.049693

2.46875 -0.0496931
2.48438 -0.0490147

2.48438 -0.0490148
2.5 -0.0483108

2.5 -0.0483109
2.51562 -0.0475808

2.51562 -0.04758
2.53019 -0.046875

2.53051 -0.046875
2.53125 -0.0468392

2.53125 -0.0468245
2.54688 -0.0460411

2.54688 -0.0460412
2.5625 -0.0452305

2.5625 -0.0452306
2.57812 -0.0443922

2.57812 -0.0443923
2.59375 -0.0435257

2.59375 -0.0435258
2.60938 -0.0426308

2.60938 -0.0426309
2.625 -0.041707

2.625 -0.0417071
2.64062 -0.0407539

2.64062 -0.040754
2.65625 -0.0397711

2.65625 -0.0397712
2.67188 -0.0387583

2.67188 -0.0387584
2.6875 -0.0377149

2.6875 -0.0377151
2.70312 -0.0366407

2.70312 -0.0366408
2.71875 -0.035535

2.71875 -0.0355351
2.73438 -0.0343973

2.73438 -0.0343974
2.75 -0.0332272

2.75 -0.0332274
2.76562 -0.0320244

2.76562 -0.0320073
2.7752 -0.03125

2.77579 -0.03125
2.78125 -0.0308177

2.78125 -0.0307883
2.79688 -0.0295185

2.79688 -0.0295186
2.8125 -0.0282146

2.8125 -0.0282148
2.82812 -0.0268762

2.82812 -0.0268764
2.84375 -0.0255027

2.84375 -0.0255029
2.85938 -0.0240936

2.85938 -0.0240937
2.875 -0.0226483

2.875 -0.0226484
2.89062 -0.0211663

2.89062 -0.0211664
2.90625 -0.0196472

2.90625 -0.0196473
2.92188 -0.0180905

2.92188 -0.0180907
2.9375 -0.0164959

2.9375 -0.0164453
2.94535 -0.015625

2.94639 -0.015625
2.95312 -0.0149213

2.95312 -0.0148627
2.96875 -0.0131906

2.96875 -0.0131903
2.98438 -0.0114799

2.98438 -0.0114784
3 -0.00973319

3 -0.00973978
3.03125 -0.00615931

3.03125 -0.00549341
3.0625 -0.00312559

3.0625 -0.00371115
3.125 -0.00172217

3.125 -0.00254914
3.25 -0.000958789

3.25 -0.00154348
3.5 -0.00033913

3.5 -0.0010932
3.83056 0

