-3.973 0
-3.5 0.00214011

-3.5 0.00107866
-3.25 0.00263698

-3.25 0.00235489
-3.125 0.00426692

-3.125 0.00379432
-3.0625 0.00561819

-3.0625 0.00475085
-3.03125 0.00673493

-3.03125 0.00747209
-3 0.0107887

-3 0.0107774
-2.98438 0.0123835

-2.98438 0.0123843
-2.96875 0.0139591

-2.96875 0.0139525
-2.95312 0.0154946

-2.95457 0.015625
-2.95312 0.0157674

-2.95312 0.0154793
-2.95162 0.015625

-2.95187 0.015625
-2.9375 0.0170128

-2.9375 0.0170106
-2.92188 0.0184878

-2.92188 0.0184878
-2.90625 0.019933

-2.90625 0.0199329
-2.89062 0.0213463

-2.89062 0.0213462
-2.875 0.0227282

-2.875 0.0227282
-2.85938 0.024079

-2.85938 0.024079
-2.84375 0.0253991

-2.84375 0.025399
-2.82812 0.0266886

-2.82812 0.0266885
-2.8125 0.0279481

-2.8125 0.027948
-2.79688 0.0291778

-2.79688 0.0291777
-2.78125 0.0303782

-2.78125 0.0303569
-2.76934 0.03125

-2.77038 0.03125
-2.76562 0.0316065

-2.76562 0.0315494
-2.75 0.0326921

-2.75 0.032692
-2.73438 0.0338061

-2.73438 0.0338061
-2.71875 0.034892

-2.71875 0.034892
-2.70312 0.0359501

-2.70312 0.03595
-2.6875 0.0369805

-2.6875 0.0369804
-2.67188 0.0379837

-2.67188 0.0379836
-2.65625 0.0389598

-1.5 0.0549398
-1.48438 0.0546113

-1.48438 0.0546112
-1.46875 0.054273

-2.65625 0.0389597
-2.64062 0.0399092

-2.64062 0.0399092
-2.625 0.0408323

-2.625 0.0408322
-2.60938 0.0417292

-2.60938 0.0417292
-2.59375 0.0426004

-2.59375 0.0426003
-2.57812 0.0434461

-1.46875 0.0542729
-1.45312 0.0539252

-1.45312 0.0539251
-1.4375 0.0535679

-2.57812 0.043446
-2.5625 0.0442667

-1.4375 0.0535679
-1.42188 0.0532015

-1.42188 0.0532015
-1.40625 0.052826

-2.5625 0.0442666
-2.54688 0.0450624

-2.54688 0.0450623
-2.53125 0.0458336

-2.53125 0.0458335
-2.51562 0.0465805

-1.40625 0.052826
-1.39062 0.0524417

-1.39062 0.0524416
-1.375 0.0520486

-2.51562 0.0465733
-2.5091 0.046875

-2.50937 0.046875
-2.5 0.0473084

-1.375 0.0520485
-1.35938 0.0516469

-1.35938 0.0516468
-1.34375 0.0512368

-1.34375 0.0512367
-1.32812 0.0508183

-1.32812 0.0508183
-1.3125 0.0503918

-2.5 0.0473034
-2.48438 0.0480027

-2.48438 0.0480026
-2.46875 0.0486784

-2.46875 0.0486784
-2.45312 0.0493309

-2.45312 0.0493309
-2.4375 0.0499605

-2.4375 0.0499604
-2.42188 0.0505674

-2.42188 0.0505673
-2.40625 0.0511518

-2.40625 0.0511518
-2.39062 0.0517141

-2.39062 0.0517141
-2.375 0.0522545

-2.375 0.0522545
-2.35938 0.0527734

-2.35938 0.0527733
-2.34375 0.0532708

-2.34375 0.0532708
-2.32812 0.0537472

-2.32812 0.0537471
-2.3125 0.0542028

-2.3125 0.0542027
-2.29688 0.0546377

-1.3125 0.0503917
-1.29688 0.0499572

-1.29688 0.0499572
-1.28125 0.0495148

-2.29688 0.0546377
-2.28125 0.0550524

-2.28125 0.0550523
-2.26562 0.0554469

-2.26562 0.0554469
-2.25 0.0558216

-1.28125 0.0495148
-1.26562 0.0490647

-1.26562 0.0490647
-1.25 0.0486071

1.5 -0.0545967
1.51562 -0.0548446

-2.25 0.0558216
-2.23438 0.0561767

1.51562 -0.0548446
1.53125 -0.0550829

1.53125 -0.0550829
1.54688 -0.0553114

1.54688 -0.0553114
1.5625 -0.0555299

1.5625 -0.0555299
1.57812 -0.0557384

1.57812 -0.0557384
1.59375 -0.0559367

1.59375 -0.0559368
1.60938 -0.0561247

1.60938 -0.0561248
1.625 -0.0563023

1.625 -0.0563023
1.64062 -0.0564693

1.64062 -0.0564694
1.65625 -0.0566256

1.65625 -0.0566256
1.67188 -0.0567711

1.67188 -0.0567711
1.6875 -0.0569055

1.6875 -0.0569055
1.70312 -0.0570288

1.70312 -0.0570288
1.71875 -0.0571408

1.71875 -0.0571408
1.73438 -0.0572413

1.73438 -0.0572413
1.75 -0.0573302

1.75 -0.0573302
1.76562 -0.0574073

1.76562 -0.0574074
1.78125 -0.0574725

-2.23438 0.0561767
-2.21875 0.0565125

1.78125 -0.0574725
1.79688 -0.0575256

1.79688 -0.0575256
1.8125 -0.0575664

1.8125 -0.0575664
1.82812 -0.0575948

1.82812 -0.0575948
1.84375 -0.0576106

-2.21875 0.0565124
-2.20312 0.0568291

-2.20312 0.0568291
-2.1875 0.0571269

-2.1875 0.0571269
-2.17188 0.0574061

-2.17188 0.0574061
-2.15625 0.0576669

-2.15625 0.0576669
-2.14062 0.0579096

-1.25 0.0486071
-1.23438 0.048142

-1.23438 0.048142
-1.21875 0.0476698

0 -0.00212785
0.015625 -0.00282896

1.84375 -0.0576106
1.85938 -0.0576136

0.015625 -0.00282898
0.03125 -0.00352946

0.03125 -0.00352948
0.046875 -0.00422924

0.046875 -0.00422926
0.0625 -0.00492822

0.0625 -0.00492824
0.078125 -0.0056263

0.078125 -0.00562632
0.09375 -0.0063234

0.09375 -0.00632342
0.109375 -0.00701943

0.109375 -0.00701945
0.125 -0.0077143

0.125 -0.00771432
0.140625 -0.00840794

0.140625 -0.00840796
0.15625 -0.00910025

0.15625 -0.00910027
0.171875 -0.00979114

0.171875 -0.00979116
0.1875 -0.0104805

-2.14062 0.0579096
-2.125 0.0581345

0.1875 -0.0104806
0.203125 -0.0111684

0.203125 -0.0111684
0.21875 -0.0118545

0.21875 -0.0118545
0.234375 -0.0125389

-2.125 0.0581344
-2.10938 0.0583416

-2.10938 0.0583416
-2.09375 0.0585314

-2.09375 0.0585314
-2.07812 0.0587041

-2.07812 0.058704
-2.0625 0.0588598

-2.0625 0.0588598
-2.04688 0.0589989

-2.04688 0.0589989
-2.03125 0.0591215

-2.03125 0.0591215
-2.01562 0.0592279

-2.01562 0.0592278
-2 0.0593182

0.234375 -0.0125389
0.25 -0.0132214

-2 0.0593181
-1.98438 0.0593926

-1.98438 0.0593926
-1.96875 0.0594515

-1.96875 0.0594514
-1.95312 0.0594948

-1.95312 0.0594948
-1.9375 0.059523

-1.9375 0.0595229
-1.92188 0.0595361

-1.92188 0.059536
-1.90625 0.0595343

-1.90625 0.0595343
-1.89062 0.059518

-1.21875 0.0476697
-1.20312 0.0471904

1.85938 -0.0576137
1.875 -0.0576038

-1.1875 0.0467076
-1.19288 0.046875

-1.20312 0.0471884
-1.19306 0.046875

1.875 -0.0576038
1.89062 -0.0575808

0.25 -0.0132215
0.265625 -0.013902

-1.1875 0.046704
-1.17188 0.0462108

1.89062 -0.0575809
1.90625 -0.0575447

1.90625 -0.0575447
1.92188 -0.0574951

1.92188 -0.0574951
1.9375 -0.0574319

1.9375 -0.0574319
1.95312 -0.0573549

1.95312 -0.0573549
1.96875 -0.057264

1.96875 -0.057264
1.98438 -0.057159

1.98438 -0.057159
2 -0.0570397

-1.89062 0.0595179
-1.875 0.0594872

-1.875 0.0594871
-1.85938 0.0594422

-1.85938 0.0594421
-1.84375 0.0593832

-1.17188 0.0462107
-1.15625 0.0457108

-1.15625 0.0457107
-1.14062 0.0452042

-1.14062 0.0452041
-1.125 0.0446911

-1.125 0.0446911
-1.10938 0.0441718

-1.10938 0.0441717
-1.09375 0.0436462

2 -0.0570397
2.01562 -0.0569059

2.01562 -0.056906
2.03125 -0.0567576

0.265625 -0.013902
0.28125 -0.0145806

2.03125 -0.0567576
2.04688 -0.0565944

0.28125 -0.0145806
0.296875 -0.015257

2.04688 -0.0565944
2.0625 -0.0564162

0.3125 -0.0158852
0.306469 -0.015625

2.0625 -0.0564162
2.07812 -0.0562228

2.07812 -0.0562228
2.09375 -0.056014

2.09375 -0.056014
2.10938 -0.0557896

2.10938 -0.0557896
2.125 -0.0555494

-1.84375 0.0593832
-1.82812 0.0593104

2.125 -0.0555494
2.14062 -0.0552932

-1.09375 0.0436462
-1.07812 0.0431147

2.14062 -0.0552932
2.15625 -0.0550208

-1.07812 0.0431147
-1.0625 0.0425773

2.15625 -0.0550208
2.17188 -0.0547319

-1.82812 0.0593104
-1.8125 0.0592241

2.17188 -0.054732
2.1875 -0.0544264

-1.0625 0.0425773
-1.04688 0.0420342

-1.04688 0.0420342
-1.03125 0.0414854

2.1875 -0.0544265
2.20312 -0.0541041

-1.8125 0.059224
-1.79688 0.0591243

-1.79688 0.0591242
-1.78125 0.0590113

0.296875 -0.0152942
0.304541 -0.015625

0.3125 -0.0159312
0.328125 -0.0166033

0.328125 -0.0166033
0.34375 -0.0172733

0.34375 -0.0172733
0.359375 -0.0179411

0.359375 -0.0179411
0.375 -0.0186066

-1.03125 0.0414854
-1.01562 0.0409311

0.375 -0.0186066
0.390625 -0.0192697

-1.01562 0.0409311
-1 0.0403715

0.390625 -0.0192697
0.40625 -0.0199304

-1.78125 0.0590113
-1.76562 0.0588854

-1.76562 0.0588853
-1.75 0.0587466

2.20312 -0.0541041
2.21875 -0.0537647

0.40625 -0.0199304
0.421875 -0.0205885

0.421875 -0.0205885
0.4375 -0.0212439

-1.75 0.0587466
-1.73438 0.0585953

-1.73438 0.0585952
-1.71875 0.0584316

-1.71875 0.0584315
-1.70312 0.0582557

2.21875 -0.0537648
2.23438 -0.0534081

-1.70312 0.0582556
-1.6875 0.0580678

-1.6875 0.0580677
-1.67188 0.057868

0.4375 -0.0212439
0.453125 -0.0218966

0.453125 -0.0218966
0.46875 -0.0225464

0.46875 -0.0225465
0.484375 -0.0231933

0.484375 -0.0231934
0.5 -0.0238372

2.23438 -0.0534081
2.25 -0.0530339

-1.67188 0.057868
-1.65625 0.0576567

-1.65625 0.0576567
-1.64062 0.0574339

-1 0.0403714
-0.984375 0.0398065

2.25 -0.053034
2.26562 -0.0526421

-1.64062 0.0574339
-1.625 0.0571998

2.26562 -0.0526421
2.28125 -0.0522323

-1.625 0.0571998
-1.60938 0.0569546

-1.60938 0.0569546
-1.59375 0.0566985

-1.59375 0.0566984
-1.57812 0.0564315

-1.57812 0.0564315
-1.5625 0.0561539

-1.5625 0.0561538
-1.54688 0.0558657

-1.54688 0.0558657
-1.53125 0.0555672

-1.53125 0.0555672
-1.51562 0.0552586

-1.51562 0.0552585
-1.5 0.0549399

-0.984375 0.0398065
-0.96875 0.0392363

-0.96875 0.0392363
-0.953125 0.038661

0.5 -0.0238372
0.515625 -0.0244779

0.515625 -0.024478
0.53125 -0.0251155

0.53125 -0.0251155
0.546875 -0.0257496

0.546875 -0.0257497
0.5625 -0.0263804

-0.953125 0.038661
-0.9375 0.0380808

-0.9375 0.0380807
-0.921875 0.0374956

-0.921875 0.0374956
-0.90625 0.0369056

-0.90625 0.0369056
-0.890625 0.036311

0.5625 -0.0263804
0.578125 -0.0270076

0.578125 -0.0270076
0.59375 -0.0276312

0.59375 -0.0276312
0.609375 -0.028251

0.609375 -0.028251
0.625 -0.028867

-0.890625 0.036311
-0.875 0.0357117

0.625 -0.028867
0.640625 -0.029479

0.640625 -0.0294791
0.65625 -0.030087

-0.875 0.0357117
-0.859375 0.035108

-0.859375 0.035108
-0.84375 0.0344999

-0.84375 0.0344999
-0.828125 0.0338875

2.28125 -0.0522324
2.29688 -0.0518044

2.29688 -0.0518044
2.3125 -0.0513581

0.6875 -0.0312683
0.687023 -0.03125

0.65625 -0.030087
0.671875 -0.0306908

0.671875 -0.030692
0.686419 -0.03125

0.6875 -0.0312903
0.703125 -0.0318855

0.703125 -0.0318856
0.71875 -0.0324766

0.71875 -0.0324766
0.734375 -0.0330633

0.734375 -0.0330633
0.75 -0.0336456

-0.828125 0.0338875
-0.8125 0.0332709

-0.8125 0.0332709
-0.796875 0.0326503

2.3125 -0.0513581
2.32812 -0.0508932

2.32812 -0.0508933
2.34375 -0.0504095

2.34375 -0.0504095
2.35938 -0.0499067

2.35938 -0.0499068
2.375 -0.0493846

-0.796875 0.0326503
-0.78125 0.0320257

2.375 -0.0493847
2.39062 -0.0488429

0.75 -0.0336457
0.765625 -0.0342235

2.39062 -0.048843
2.40625 -0.0482814

2.40625 -0.0482815
2.42188 -0.0476998

0.765625 -0.0342235
0.78125 -0.0347968

0.78125 -0.0347968
0.796875 -0.0353654

0.796875 -0.0353654
0.8125 -0.0359293

2.42188 -0.0476999
2.4375 -0.0470979

2.4375 -0.0471077
2.44334 -0.046875

2.44296 -0.046875
2.45312 -0.0464699

2.45312 -0.0464755
2.46875 -0.0458323

-0.75 0.030771
-0.761838 0.03125

2.46875 -0.0458323
2.48438 -0.0451682

2.48438 -0.0451683
2.5 -0.044483

-0.78125 0.0320257
-0.765625 0.0313973

-0.765625 0.0313767
-0.762493 0.03125

-0.75 0.0307651
-0.734375 0.0301291

0.8125 -0.0359293
0.828125 -0.0364883

2.5 -0.044483
2.51562 -0.0437763

-0.734375 0.0301291
-0.71875 0.0294894

2.51562 -0.0437763
2.53125 -0.0430479

2.53125 -0.0430479
2.54688 -0.0422975

2.54688 -0.0422975
2.5625 -0.0415248

2.5625 -0.0415249
2.57812 -0.0407297

2.57812 -0.0407298
2.59375 -0.0399117

-0.71875 0.0294893
-0.703125 0.028846

-0.703125 0.028846
-0.6875 0.0281992

0.828125 -0.0364883
0.84375 -0.0370424

0.84375 -0.0370424
0.859375 -0.0375915

0.859375 -0.0375915
0.875 -0.0381354

2.59375 -0.0399117
2.60938 -0.0390705

0.875 -0.0381354
0.890625 -0.0386742

0.890625 -0.0386742
0.90625 -0.0392077

-0.6875 0.0281992
-0.671875 0.027549

0.90625 -0.0392077
0.921875 -0.0397358

2.60938 -0.0390706
2.625 -0.038206

0.921875 -0.0397358
0.9375 -0.0402585

-0.671875 0.027549
-0.65625 0.0268956

0.9375 -0.0402585
0.953125 -0.0407756

2.625 -0.0382061
2.64062 -0.0373177

-0.65625 0.0268956
-0.640625 0.0262391

-0.640625 0.026239
-0.625 0.0255795

0.953125 -0.0407757
0.96875 -0.0412872

0.96875 -0.0412872
0.984375 -0.041793

-0.625 0.0255794
-0.609375 0.024917

-0.609375 0.024917
-0.59375 0.0242517

2.64062 -0.0373178
2.65625 -0.0364054

2.65625 -0.0364054
2.67188 -0.0354687

2.67188 -0.0354688
2.6875 -0.0345073

2.6875 -0.0345074
2.70312 -0.033521

2.70312 -0.0335211
2.71875 -0.0325093

2.71875 -0.0325094
2.73438 -0.031472

2.73438 -0.0315183
2.73832 -0.03125

2.73744 -0.03125
2.75 -0.0303954

-0.59375 0.0242517
-0.578125 0.0235838

-0.578125 0.0235837
-0.5625 0.0229132

0.984375 -0.041793
1 -0.042293

2.75 -0.0304088
2.76562 -0.0293195

2.76562 -0.0293195
2.78125 -0.0282038

-0.5625 0.0229132
-0.546875 0.0222403

-0.546875 0.0222402
-0.53125 0.0215649

-0.53125 0.0215649
-0.515625 0.0208874

2.78125 -0.0282038
2.79688 -0.0270613

2.79688 -0.0270614
2.8125 -0.0258918

2.8125 -0.0258919
2.82812 -0.0246949

2.82812 -0.024695
2.84375 -0.0234703

2.84375 -0.0234704
2.85938 -0.0222175

2.85938 -0.0222177
2.875 -0.0209363

-0.515625 0.0208874
-0.5 0.0202077

1 -0.042293
1.01562 -0.0427871

1.01562 -0.0427871
1.03125 -0.0432752

1.03125 -0.0432752
1.04688 -0.0437572

1.04688 -0.0437572
1.0625 -0.044233

1.0625 -0.044233
1.07812 -0.0447025

1.07812 -0.0447025
1.09375 -0.0451655

1.09375 -0.0451655
1.10938 -0.045622

-0.046875 -1.81819e-05
-0.0472792 0

1.10938 -0.045622
1.125 -0.0460718

2.875 -0.0209364
2.89062 -0.0196261

1.125 -0.0460718
1.14062 -0.0465148

2.89062 -0.0196262
2.90625 -0.0182865

2.90625 -0.0182866
2.92188 -0.0169172

2.92188 -0.0169185
2.93632 -0.015625

-0.046875 -2.15449e-05
-0.03125 -0.000724021

2.93615 -0.015625
2.9375 -0.015504

2.9375 -0.0157252
2.9386 -0.015625

2.9375 -0.0155142
2.95312 -0.0140841

2.95312 -0.0140878
2.96875 -0.0126268

2.96875 -0.0126269
2.98438 -0.0111345

2.98438 -0.0111342
3 -0.00961081

1.15625 -0.0469379
1.154 -0.046875

1.14062 -0.0465173
1.15344 -0.046875

-0.03125 -0.000724054
-0.015625 -0.00142616

-0.015625 -0.00142618
0 -0.00212783

1.15625 -0.0469508
1.17188 -0.0473798

3 -0.00962581
3.03125 -0.00645817

-0.5 0.0202077
-0.484375 0.0195261

-0.484375 0.019526
-0.46875 0.0188425

3.03125 -0.00585935
3.0625 -0.0037233

1.17188 -0.0473799
1.1875 -0.0478019

3.0625 -0.00424054
3.125 -0.00235791

3.125 -0.00306286
3.25 -0.00141703

1.1875 -0.047802
1.20312 -0.048217

3.25 -0.00190005
3.5 -0.000564926

1.20312 -0.048217
1.21875 -0.0486248

-0.46875 0.0188425
-0.453125 0.0181572

-0.453125 0.0181571
-0.4375 0.0174702

3.5 -0.00135616
3.85504 0

3.97391 0
4 4.98845e-05

-0.4375 0.0174701
-0.421875 0.0167816

-0.421875 0.0167816
-0.40625 0.0160916

-0.390625 0.0154136
-0.395402 0.015625

-0.40625 0.0160853
-0.395847 0.015625

-0.390625 0.0154003
-0.375 0.0147075

1.21875 -0.0486248
1.23438 -0.0490253

1.23438 -0.0490253
1.25 -0.0494184

-0.375 0.0147075
-0.359375 0.0140133

-0.359375 0.0140133
-0.34375 0.0133179

-0.34375 0.0133179
-0.328125 0.0126212

-0.328125 0.0126212
-0.3125 0.0119235

-0.3125 0.0119234
-0.296875 0.0112247

-0.296875 0.0112247
-0.28125 0.010525

1.25 -0.0494184
1.26562 -0.0498039

1.26562 -0.0498039
1.28125 -0.0501817

-0.28125 0.010525
-0.265625 0.00982444

-0.265625 0.00982442
-0.25 0.00912315

1.28125 -0.0501817
1.29688 -0.0505517

1.29688 -0.0505518
1.3125 -0.0509138

1.3125 -0.0509139
1.32812 -0.0512679

1.32812 -0.0512679
1.34375 -0.0516138

1.34375 -0.0516138
1.35938 -0.0519514

1.35938 -0.0519514
1.375 -0.0522806

-0.25 0.00912313
-0.234375 0.0084212

-0.234375 0.00842118
-0.21875 0.00771867

1.375 -0.0522806
1.39062 -0.0526012

1.39062 -0.0526013
1.40625 -0.0529133

-0.21875 0.00771865
-0.203125 0.00701566

-0.203125 0.00701563
-0.1875 0.00631224

1.40625 -0.0529133
1.42188 -0.0532165

1.42188 -0.0532165
1.4375 -0.0535108

1.4375 -0.0535109
1.45312 -0.0537962

1.45312 -0.0537962
1.46875 -0.0540723

-0.1875 0.00631222
-0.171875 0.00560851

-0.171875 0.00560849
-0.15625 0.00490455

-0.15625 0.00490453
-0.140625 0.00420047

-0.140625 0.00420044
-0.125 0.00349634

1.46875 -0.0540724
1.48438 -0.0543392

-0.125 0.00349631
-0.109375 0.00279226

-0.109375 0.00279223
-0.09375 0.00208833

-0.09375 0.0020883
-0.078125 0.00138465

-0.078125 0.00138463
-0.0625 0.000681314

1.48438 -0.0543392
1.5 -0.0545967

-0.0625 0.000681182
-0.0473573 0

