-3.93691 0
-3.5 0.000314776

-3.5 0.000132912
-3.25 0.000388067

-3.25 0.000306424
-3.125 0.000642167

-3.125 0.00051322
-3.0625 0.000881251

-3.0625 0.000730497
-3.03125 0.00115803

-3.03125 0.00129676
-3 0.00199187

0.03125 -8.11037e-05
0.0168615 0

0.03125 -8.10138e-05
0.046875 -0.000169096

0.046875 -0.000169095
0.0625 -0.000257188

0.0625 -0.000257187
0.078125 -0.000345292

0.078125 -0.000345291
0.09375 -0.000433411

0.09375 -0.00043341
0.109375 -0.000521547

0.109375 -0.000521546
0.125 -0.000609702

-3 0.00199331
-2.98438 0.00233633

-2.98438 0.00233702
-2.96875 0.00267128

-2.96875 0.0026712
-2.95312 0.00299549

-2.95312 0.00299553
-2.9375 0.00330994

0.125 -0.000609702
0.140625 -0.00069788

0.140625 -0.000697879
0.15625 -0.000786081

0.15625 -0.000786081
0.171875 -0.000874308

0.171875 -0.000874308
0.1875 -0.000962562

-2.9375 0.00330988
-2.92188 0.00361446

0.1875 -0.000962561
0.203125 -0.00105084

0.203125 -0.00105084
0.21875 -0.00113915

0.21875 -0.00113915
0.234375 -0.00122749

0.234375 -0.00122749
0.25 -0.00131585

-2.92188 0.00361443
-2.90625 0.00390934

-2.90625 0.00390929
-2.89062 0.00419468

-2.89062 0.00419465
-2.875 0.0044707

-2.875 0.00447065
-2.85938 0.00473753

-2.85938 0.00473749
-2.84375 0.00499538

-2.84375 0.00499533
-2.82812 0.00524441

-2.82812 0.00524436
-2.8125 0.00548483

-2.8125 0.00548479
-2.79688 0.00571684

-2.79688 0.0057168
-2.78125 0.00594062

0.25 -0.00131585
0.265625 -0.00140424

0.265625 -0.00140424
0.28125 -0.00149265

0.28125 -0.00149265
0.296875 -0.00158109

0.296875 -0.00158109
0.3125 -0.00166955

-2.78125 0.00594057
-2.76562 0.00615634

-2.76562 0.0061563
-2.75 0.00636419

0.3125 -0.00166955
0.328125 -0.00175804

-2.75 0.00636414
-2.73438 0.00656431

0.328125 -0.00175804
0.34375 -0.00184655

0.34375 -0.00184655
0.359375 -0.00193508

0.359375 -0.00193508
0.375 -0.00202363

-2.73438 0.00656427
-2.71875 0.00675688

-2.71875 0.00675684
-2.70312 0.00694206

-2.70312 0.00694202
-2.6875 0.00712002

0.375 -0.00202363
0.390625 -0.00211222

0.390625 -0.00211221
0.40625 -0.00220082

0.40625 -0.00220082
0.421875 -0.00228947

-2.6875 0.00711997
-2.67188 0.00729091

-2.67188 0.00729087
-2.65625 0.00745492

-2.65625 0.00745488
-2.64062 0.00761218

-2.64062 0.00761215
-2.625 0.00776287

-1.5 0.00825636
-1.48438 0.00818651

1.5 -0.00830342
1.51562 -0.0083779

-2.625 0.00776283
-2.60938 0.0079071

1.51562 -0.00837791
1.53125 -0.00845151

1.53125 -0.00845153
1.54688 -0.00852422

1.54688 -0.00852423
1.5625 -0.00859597

1.5625 -0.00859598
1.57812 -0.00866671

0.421875 -0.00228947
0.4375 -0.00237815

0.4375 -0.00237815
0.453125 -0.00246688

0.453125 -0.00246687
0.46875 -0.00255565

0.46875 -0.00255565
0.484375 -0.00264449

-2.60938 0.00790707
-2.59375 0.00804504

-2.59375 0.008045
-2.57812 0.00817681

-2.57812 0.00817678
-2.5625 0.00830255

-2.5625 0.00830252
-2.54688 0.0084224

-2.54688 0.00842237
-2.53125 0.0085365

-2.53125 0.00853647
-2.51562 0.00864498

-2.51562 0.00864495
-2.5 0.00874798

0.484375 -0.00264449
0.5 -0.0027334

0 9.5118e-05
0.015625 7.06731e-06

0.015625 8.01278e-06
0.0170465 0

-2.5 0.00874795
-2.48438 0.00884564

-2.48438 0.00884561
-2.46875 0.00893807

-2.46875 0.00893804
-2.45312 0.00902542

-2.45312 0.00902539
-2.4375 0.00910778

1.57812 -0.00866672
1.59375 -0.0087364

1.59375 -0.00873641
1.60938 -0.00880498

1.60938 -0.00880499
1.625 -0.00887241

0.5 -0.0027334
0.515625 -0.00282238

1.625 -0.00887242
1.64062 -0.00893863

-1.48438 0.0081865
-1.46875 0.00811583

1.64062 -0.00893864
1.65625 -0.00900359

0.515625 -0.00282238
0.53125 -0.00291145

-1.46875 0.00811582
-1.45312 0.00804434

0.53125 -0.00291145
0.546875 -0.00300062

1.65625 -0.00900361
1.67188 -0.00906726

-1.45312 0.00804434
-1.4375 0.0079721

0.546875 -0.00300062
0.5625 -0.00308989

-1.4375 0.00797209
-1.42188 0.00789912

-2.4375 0.00910775
-2.42188 0.00918527

0.5625 -0.00308988
0.578125 -0.00317926

-2.42188 0.00918525
-2.40625 0.00925801

-1.42188 0.00789912
-1.40625 0.00782544

0.578125 -0.00317926
0.59375 -0.00326876

1.67188 -0.00906727
1.6875 -0.00912958

-2.40625 0.00925798
-2.39062 0.00932608

-2.39062 0.00932606
-2.375 0.0093896

-2.375 0.00938957
-2.35938 0.00944866

-2.35938 0.00944863
-2.34375 0.00950335

-2.34375 0.00950333
-2.32812 0.00955379

-2.32812 0.00955377
-2.3125 0.00960008

-2.3125 0.00960005
-2.29688 0.00964232

-2.29688 0.00964229
-2.28125 0.00968061

-2.28125 0.00968058
-2.26562 0.00971506

-2.26562 0.00971504
-2.25 0.00974577

-2.25 0.00974575
-2.23438 0.00977285

-2.23438 0.00977283
-2.21875 0.00979638

-2.21875 0.00979636
-2.20312 0.00981645

-2.20312 0.00981643
-2.1875 0.00983316

-2.1875 0.00983313
-2.17188 0.00984657

-2.17188 0.00984655
-2.15625 0.00985677

-2.15625 0.00985675
-2.14062 0.00986383

-2.14062 0.00986382
-2.125 0.00986783

-2.125 0.00986782
-2.10938 0.00986883

-2.10938 0.00986882
-2.09375 0.00986691

-2.09375 0.00986689
-2.07812 0.00986212

-2.07812 0.00986211
-2.0625 0.00985455

-2.0625 0.00985453
-2.04688 0.00984425

-2.04688 0.00984423
-2.03125 0.00983131

-2.03125 0.00983129
-2.01562 0.0098158

-2.01562 0.00981578
-2 0.0097978

-2 0.00979778
-1.98438 0.00977738

-1.98438 0.00977736
-1.96875 0.00975462

-1.96875 0.0097546
-1.95312 0.0097296

-1.95312 0.00972958
-1.9375 0.00970238

-1.9375 0.00970236
-1.92188 0.00967304

-1.92188 0.00967303
-1.90625 0.00964165

-1.90625 0.00964163
-1.89062 0.00960825

-1.89062 0.00960824
-1.875 0.00957292

-1.875 0.00957291
-1.85938 0.0095357

-1.85938 0.00953569
-1.84375 0.00949665

1.6875 -0.00912959
1.70312 -0.00919051

1.70312 -0.00919052
1.71875 -0.00925

1.71875 -0.00925001
1.73438 -0.00930802

1.73438 -0.00930803
1.75 -0.00936452

1.75 -0.00936453
1.76562 -0.00941945

1.76562 -0.00941946
1.78125 -0.00947279

1.78125 -0.0094728
1.79688 -0.00952447

1.79688 -0.00952449
1.8125 -0.00957447

1.8125 -0.00957448
1.82812 -0.00962273

1.82812 -0.00962274
1.84375 -0.00966919

1.84375 -0.00966921
1.85938 -0.00971383

1.85938 -0.00971384
1.875 -0.00975657

1.875 -0.00975658
1.89062 -0.00979736

1.89062 -0.00979738
1.90625 -0.00983615

1.90625 -0.00983617
1.92188 -0.00987287

-1.40625 0.00782543
-1.39062 0.00775107

1.92188 -0.00987289
1.9375 -0.00990745

1.9375 -0.00990747
1.95312 -0.00993983

1.95312 -0.00993985
1.96875 -0.00996993

1.96875 -0.00996995
1.98438 -0.00999767

1.98438 -0.00999769
2 -0.010023

-1.84375 0.00949664
-1.82812 0.00945581

-1.39062 0.00775107
-1.375 0.00767606

0.59375 -0.00326876
0.609375 -0.00335837

-1.82812 0.0094558
-1.8125 0.00941323

-1.8125 0.00941322
-1.79688 0.00936895

-1.79688 0.00936894
-1.78125 0.00932302

-1.375 0.00767605
-1.35938 0.00760041

-1.78125 0.00932301
-1.76562 0.00927546

2 -0.010023
2.01562 -0.0100457

-1.76562 0.00927545
-1.75 0.00922632

0.609375 -0.00335837
0.625 -0.00344811

-1.75 0.00922631
-1.73438 0.00917564

-1.73438 0.00917563
-1.71875 0.00912344

-1.71875 0.00912343
-1.70312 0.00906976

2.01562 -0.0100458
2.03125 -0.0100659

2.03125 -0.0100659
2.04688 -0.0100834

2.04688 -0.0100834
2.0625 -0.0100981

2.0625 -0.0100982
2.07812 -0.01011

2.07812 -0.01011
2.09375 -0.010119

2.09375 -0.010119
2.10938 -0.0101249

2.10938 -0.010125
2.125 -0.0101278

2.125 -0.0101278
2.14062 -0.0101275

2.14062 -0.0101275
2.15625 -0.010124

2.15625 -0.010124
2.17188 -0.0101171

2.17188 -0.0101171
2.1875 -0.0101068

2.1875 -0.0101069
2.20312 -0.0100931

2.20312 -0.0100931
2.21875 -0.0100757

2.21875 -0.0100757
2.23438 -0.0100546

2.23438 -0.0100547
2.25 -0.0100298

2.25 -0.0100298
2.26562 -0.0100011

2.26562 -0.0100011
2.28125 -0.00996834

2.28125 -0.00996837
2.29688 -0.00993151

2.29688 -0.00993154
2.3125 -0.00989046

2.3125 -0.00989049
2.32812 -0.00984508

2.32812 -0.00984511
2.34375 -0.00979526

2.34375 -0.00979528
2.35938 -0.00974087

2.35938 -0.00974089
2.375 -0.0096818

2.375 -0.00968183
2.39062 -0.00961795

2.39062 -0.00961798
2.40625 -0.0095492

2.40625 -0.00954923
2.42188 -0.00947544

2.42188 -0.00947547
2.4375 -0.00939655

2.4375 -0.00939659
2.45312 -0.00931242

2.45312 -0.00931245
2.46875 -0.00922292

2.46875 -0.00922296
2.48438 -0.00912794

2.48438 -0.00912797
2.5 -0.00902733

2.5 -0.00902736
2.51562 -0.00892096

2.51562 -0.008921
2.53125 -0.00880869

2.53125 -0.00880873
2.54688 -0.00869038

2.54688 -0.00869042
2.5625 -0.00856587

-1.70312 0.00906975
-1.6875 0.00901464

-1.6875 0.00901463
-1.67188 0.00895812

-1.67188 0.00895811
-1.65625 0.00890023

-1.65625 0.00890022
-1.64062 0.00884102

-1.64062 0.00884101
-1.625 0.00878053

-1.625 0.00878052
-1.60938 0.00871881

-1.60938 0.0087188
-1.59375 0.00865591

-1.59375 0.0086559
-1.57812 0.00859188

-1.57812 0.00859186
-1.5625 0.00852676

-1.5625 0.00852675
-1.54688 0.0084606

-1.54688 0.00846059
-1.53125 0.00839346

-1.53125 0.00839345
-1.51562 0.00832537

-1.51562 0.00832536
-1.5 0.00825637

-1.35938 0.0076004
-1.34375 0.00752415

-1.34375 0.00752414
-1.32812 0.00744731

-1.32812 0.0074473
-1.3125 0.0073699

-1.3125 0.0073699
-1.29688 0.00729195

-1.29688 0.00729195
-1.28125 0.00721347

-1.28125 0.00721347
-1.26562 0.00713448

-1.26562 0.00713448
-1.25 0.00705499

-1.25 0.00705499
-1.23438 0.00697502

-1.23438 0.00697501
-1.21875 0.00689456

-1.21875 0.00689456
-1.20312 0.00681364

-1.20312 0.00681364
-1.1875 0.00673225

-1.1875 0.00673225
-1.17188 0.00665041

-1.17188 0.00665041
-1.15625 0.00656811

-1.15625 0.00656811
-1.14062 0.00648536

-1.14062 0.00648535
-1.125 0.00640216

-1.125 0.00640215
-1.10938 0.00631851

-1.10938 0.00631851
-1.09375 0.00623443

-1.09375 0.00623443
-1.07812 0.00614992

-1.07812 0.00614991
-1.0625 0.00606498

-1.0625 0.00606498
-1.04688 0.00597965

-1.04688 0.00597964
-1.03125 0.00589392

-1.03125 0.00589392
-1.01562 0.00580782

-1.01562 0.00580782
-1 0.00572138

-1 0.00572137
-0.984375 0.00563461

-0.984375 0.0056346
-0.96875 0.00554754

-0.96875 0.00554754
-0.953125 0.0054602

-0.953125 0.0054602
-0.9375 0.00537262

-0.9375 0.00537262
-0.921875 0.00528483

-0.921875 0.00528482
-0.90625 0.00519685

-0.90625 0.00519684
-0.890625 0.0051087

-0.890625 0.0051087
-0.875 0.00502043

2.5625 -0.00856591
2.57812 -0.00843501

2.57812 -0.00843504
2.59375 -0.00829766

2.59375 -0.0082977
2.60938 -0.00815367

2.60938 -0.00815371
2.625 -0.00800289

2.625 -0.00800293
2.64062 -0.00784519

-0.875 0.00502042
-0.859375 0.00493205

-0.859375 0.00493204
-0.84375 0.00484358

-0.84375 0.00484357
-0.828125 0.00475505

-0.828125 0.00475505
-0.8125 0.00466648

-0.8125 0.00466648
-0.796875 0.00457789

-0.796875 0.00457788
-0.78125 0.00448929

2.64062 -0.00784522
2.65625 -0.00768038

0.625 -0.00344811
0.640625 -0.00353798

-0.78125 0.00448928
-0.765625 0.0044007

0.640625 -0.00353798
0.65625 -0.00362797

2.65625 -0.00768043
2.67188 -0.00750835

-0.765625 0.00440069
-0.75 0.00431213

0.65625 -0.00362797
0.671875 -0.0037181

0.671875 -0.0037181
0.6875 -0.00380835

-0.75 0.00431213
-0.734375 0.0042236

-0.734375 0.0042236
-0.71875 0.00413511

-0.71875 0.00413511
-0.703125 0.00404668

2.67188 -0.00750839
2.6875 -0.0073289

2.6875 -0.00732895
2.70312 -0.00714189

2.70312 -0.00714193
2.71875 -0.0069471

2.71875 -0.00694716
2.73438 -0.00674438

0.6875 -0.00380835
0.703125 -0.00389873

0.703125 -0.00389873
0.71875 -0.00398922

0.71875 -0.00398922
0.734375 -0.00407983

0.734375 -0.00407983
0.75 -0.00417054

-0.703125 0.00404668
-0.6875 0.00395831

-0.6875 0.00395831
-0.671875 0.00387

-0.671875 0.00387
-0.65625 0.00378177

-0.65625 0.00378177
-0.640625 0.0036936

-0.640625 0.0036936
-0.625 0.00360551

-0.625 0.00360551
-0.609375 0.0035175

-0.609375 0.0035175
-0.59375 0.00342955

-0.59375 0.00342955
-0.578125 0.00334167

0.75 -0.00417055
0.765625 -0.00426135

0.765625 -0.00426136
0.78125 -0.00435225

-0.578125 0.00334167
-0.5625 0.00325385

-0.5625 0.00325385
-0.546875 0.00316608

-0.546875 0.00316608
-0.53125 0.00307837

-0.53125 0.00307837
-0.515625 0.0029907

-0.515625 0.0029907
-0.5 0.00290306

0.78125 -0.00435225
0.796875 -0.00444322

0.796875 -0.00444322
0.8125 -0.00453424

0.8125 -0.00453425
0.828125 -0.00462531

0.828125 -0.00462532
0.84375 -0.0047164

0.84375 -0.00471641
0.859375 -0.0048075

0.859375 -0.00480751
0.875 -0.00489858

0.875 -0.00489859
0.890625 -0.00498963

0.890625 -0.00498963
0.90625 -0.00508061

0.90625 -0.00508061
0.921875 -0.0051715

0.921875 -0.00517151
0.9375 -0.00526228

-0.5 0.00290306
-0.484375 0.00281545

-0.484375 0.00281545
-0.46875 0.00272785

-0.46875 0.00272785
-0.453125 0.00264027

-0.453125 0.00264027
-0.4375 0.00255269

-0.4375 0.00255269
-0.421875 0.0024651

-0.421875 0.0024651
-0.40625 0.00237751

-0.40625 0.00237751
-0.390625 0.0022899

-0.390625 0.0022899
-0.375 0.00220228

0.9375 -0.00526229
0.953125 -0.00535292

0.953125 -0.00535293
0.96875 -0.00544339

0.96875 -0.0054434
0.984375 -0.00553367

0.984375 -0.00553368
1 -0.00562373

-0.375 0.00220228
-0.359375 0.00211464

-0.359375 0.00211464
-0.34375 0.00202699

-0.34375 0.00202699
-0.328125 0.00193931

2.73438 -0.00674441
2.75 -0.00653353

-0.328125 0.00193931
-0.3125 0.00185162

-0.3125 0.00185162
-0.296875 0.00176391

-0.296875 0.00176391
-0.28125 0.00167619

-0.28125 0.00167619
-0.265625 0.00158845

-0.265625 0.00158845
-0.25 0.00150071

1 -0.00562374
1.01562 -0.00571355

2.75 -0.00653358
2.76562 -0.00631443

-0.25 0.00150071
-0.234375 0.00141295

-0.234375 0.00141295
-0.21875 0.00132518

1.01562 -0.00571356
1.03125 -0.0058031

2.76562 -0.00631445
2.78125 -0.00608688

-0.21875 0.00132518
-0.203125 0.00123741

1.03125 -0.00580311
1.04688 -0.00589237

2.78125 -0.00608692
2.79688 -0.00585082

1.04688 -0.00589237
1.0625 -0.00598132

-0.203125 0.00123741
-0.1875 0.00114963

-0.1875 0.00114963
-0.171875 0.00106184

2.79688 -0.00585087
2.8125 -0.00560607

1.0625 -0.00598133
1.07812 -0.00606996

1.07812 -0.00606997
1.09375 -0.00615827

1.09375 -0.00615827
1.10938 -0.00624622

1.10938 -0.00624623
1.125 -0.00633383

-0.171875 0.00106184
-0.15625 0.000974038

1.125 -0.00633383
1.14062 -0.00642107

1.14062 -0.00642107
1.15625 -0.00650794

2.8125 -0.00560613
2.82812 -0.00535243

1.15625 -0.00650794
1.17188 -0.00659444

-0.15625 0.000974038
-0.140625 0.00088623

-0.140625 0.00088623
-0.125 0.00079841

2.82812 -0.00535248
2.84375 -0.00508965

-0.125 0.000798411
-0.109375 0.000710577

-0.109375 0.000710578
-0.09375 0.000622729

-0.09375 0.000622729
-0.078125 0.000534861

-0.078125 0.000534862
-0.0625 0.000446971

2.84375 -0.00508971
2.85938 -0.00481752

2.85938 -0.00481756
2.875 -0.00453581

1.17188 -0.00659444
1.1875 -0.00668056

1.1875 -0.00668056
1.20312 -0.00676629

1.20312 -0.0067663
1.21875 -0.00685163

2.875 -0.00453587
2.89062 -0.00424436

2.89062 -0.0042444
2.90625 -0.00394295

-0.0625 0.000446972
-0.046875 0.000359055

-0.046875 0.000359056
-0.03125 0.000271109

1.21875 -0.00685164
1.23438 -0.00693657

2.90625 -0.00394299
2.92188 -0.00363144

1.23438 -0.00693658
1.25 -0.0070211

-0.03125 0.00027111
-0.015625 0.00018313

-0.015625 0.00018313
0 9.51163e-05

2.92188 -0.00363149
2.9375 -0.0033097

2.9375 -0.00330976
2.95312 -0.0029775

2.95312 -0.00297745
2.96875 -0.00263473

1.25 -0.0070211
1.26562 -0.00710521

1.26562 -0.00710521
1.28125 -0.00718888

1.28125 -0.00718888
1.29688 -0.0072721

1.29688 -0.00727211
1.3125 -0.00735486

2.96875 -0.0026347
2.98438 -0.00228169

2.98438 -0.00228104
3 -0.00191909

1.3125 -0.00735486
1.32812 -0.00743713

1.32812 -0.00743713
1.34375 -0.00751889

1.34375 -0.0075189
1.35938 -0.00760013

1.35938 -0.00760014
1.375 -0.00768082

3 -0.00191688
3.03125 -0.00118653

3.03125 -0.00106198
3.0625 -0.000574911

1.375 -0.00768083
1.39062 -0.00776094

1.39062 -0.00776095
1.40625 -0.00784046

1.40625 -0.00784047
1.42188 -0.00791936

1.42188 -0.00791936
1.4375 -0.0079976

1.4375 -0.00799761
1.45312 -0.00807516

1.45312 -0.00807517
1.46875 -0.008152

1.46875 -0.00815201
1.48438 -0.0082281

1.48438 -0.00822811
1.5 -0.00830341

3.0625 -0.000677552
3.125 -0.000277647

3.125 -0.000461151
3.25 -0.000157608

3.25 -0.000279888
3.5 -5.73411e-05

3.5 -0.000200964
3.83185 0

