-4 -5.87926e-05
-3.97292 0

-3.97613 0
-3.5 0.00206493

-3.5 0.00105927
-3.25 0.0025471

-3.25 0.00230505
-3.125 0.00411176

-3.125 0.00370415
-3.0625 0.00538931

-3.0625 0.00464462
-3.03125 0.00642388

-1.5 0.046139
-1.48438 0.0458124

-1.48438 0.0458124
-1.46875 0.0454775

-1.46875 0.0454775
-1.45312 0.0451346

-1.45312 0.0451345
-1.4375 0.0447837

-1.4375 0.0447837
-1.42188 0.0444251

-3.03125 0.00706472
-3 0.00998834

-1.42188 0.044425
-1.40625 0.0440589

-1.40625 0.0440588
-1.39062 0.0436852

-1.39062 0.0436852
-1.375 0.0433043

-1.375 0.0433043
-1.35938 0.0429163

-1.35938 0.0429163
-1.34375 0.0425213

-1.34375 0.0425213
-1.32812 0.0421195

-3 0.00997683
-2.98438 0.0113883

-2.98438 0.0113888
-2.96875 0.0127721

-2.96875 0.0127721
-2.95312 0.0141262

-2.95312 0.014126
-2.9375 0.0154512

-2.93771 0.015625
-2.9375 0.0156426

-2.9375 0.0154346
-2.9352 0.015625

-1.32812 0.0421195
-1.3125 0.0417111

-1.3125 0.041711
-1.29688 0.0412961

-2.93544 0.015625
-2.92188 0.0167505

-2.92188 0.0167477
-2.90625 0.0180157

-2.90625 0.0180157
-2.89062 0.0192553

-1.29688 0.041296
-1.28125 0.0408747

-1.28125 0.0408747
-1.26562 0.0404471

-1.26562 0.0404471
-1.25 0.0400134

-2.89062 0.0192552
-2.875 0.0204668

-2.875 0.0204667
-2.85938 0.0216504

-2.85938 0.0216504
-2.84375 0.0228065

-1.25 0.0400134
-1.23438 0.0395738

-1.23438 0.0395737
-1.21875 0.0391284

-1.21875 0.0391283
-1.20312 0.0386773

-1.20312 0.0386773
-1.1875 0.0382208

-2.84375 0.0228064
-2.82812 0.0239352

-2.82812 0.0239351
-2.8125 0.0250367

-1.1875 0.0382208
-1.17188 0.037759

-1.17188 0.037759
-1.15625 0.037292

-1.15625 0.037292
-1.14062 0.03682

-1.14062 0.0368199
-1.125 0.0363431

-2.8125 0.0250367
-2.79688 0.0261114

-2.79688 0.0261113
-2.78125 0.0271595

-1.125 0.0363431
-1.10938 0.0358615

-1.10938 0.0358615
-1.09375 0.0353753

-2.78125 0.0271594
-2.76562 0.0281812

-2.76562 0.0281811
-2.75 0.0291769

-1.09375 0.0353753
-1.07812 0.0348847

-1.07812 0.0348847
-1.0625 0.0343897

-2.75 0.0291769
-2.73438 0.0301469

-1.0625 0.0343897
-1.04688 0.0338906

-1.04688 0.0338906
-1.03125 0.0333874

-1.03125 0.0333874
-1.01562 0.0328802

-1.01562 0.0328802
-1 0.0323691

-2.73438 0.0301469
-2.71875 0.0310915

-2.71875 0.0310856
-2.71596 0.03125

-2.71608 0.03125
-2.70312 0.0320121

-2.70312 0.0320108
-2.6875 0.0329052

-2.6875 0.0329052
-2.67188 0.0337749

-2.67188 0.0337748
-2.65625 0.03462

-2.65625 0.0346199
-2.64062 0.0354408

-2.64062 0.0354408
-2.625 0.0362376

-2.625 0.0362376
-2.60938 0.0370107

-2.60938 0.0370106
-2.59375 0.0377602

-2.59375 0.0377601
-2.57812 0.0384864

-2.57812 0.0384863
-2.5625 0.0391897

-2.5625 0.0391896
-2.54688 0.0398702

-2.54688 0.0398701
-2.53125 0.0405282

-2.53125 0.0405281
-2.51562 0.041164

-2.51562 0.0411639
-2.5 0.0417778

0 -0.00453535
0.015625 -0.00511803

0.015625 -0.00511804
0.03125 -0.00569937

0.03125 -0.00569939
0.046875 -0.0062793

0.046875 -0.00627932
0.0625 -0.00685773

0.0625 -0.00685775
0.078125 -0.00743461

0.078125 -0.00743463
0.09375 -0.00800985

0.09375 -0.00800987
0.109375 -0.0085834

0.109375 -0.00858342
0.125 -0.00915519

0.125 -0.00915521
0.140625 -0.00972515

0.140625 -0.00972516
0.15625 -0.0102932

0.15625 -0.0102932
0.171875 -0.0108593

0.171875 -0.0108593
0.1875 -0.0114234

0.1875 -0.0114234
0.203125 -0.0119853

0.203125 -0.0119853
0.21875 -0.0125451

0.21875 -0.0125451
0.234375 -0.0131027

0.234375 -0.0131027
0.25 -0.0136579

0.25 -0.0136579
0.265625 -0.0142107

0.265625 -0.0142107
0.28125 -0.0147611

0.28125 -0.0147611
0.296875 -0.0153089

-2.5 0.0417777
-2.48438 0.0423698

-2.48438 0.0423698
-2.46875 0.0429404

-2.46875 0.0429403
-2.45312 0.0434897

-2.45312 0.0434896
-2.4375 0.044018

-2.4375 0.0440179
-2.42188 0.0445256

-2.42188 0.0445255
-2.40625 0.0450127

-2.40625 0.0450127
-2.39062 0.0454797

-2.39062 0.0454796
-2.375 0.0459267

-2.375 0.0459267
-2.35938 0.0463541

-2.35938 0.046354
-2.34375 0.0467621

-2.34375 0.0467607
-2.33916 0.046875

-2.33924 0.046875
-2.32812 0.0471516

-2.32812 0.047151
-2.3125 0.047521

-2.3125 0.0475209
-2.29688 0.0478722

-2.29688 0.0478721
-2.28125 0.0482049

-2.28125 0.0482049
-2.26562 0.0485194

-2.26562 0.0485193
-2.25 0.0488158

-2.25 0.0488157
-2.23438 0.0490944

-2.23438 0.0490943
-2.21875 0.0493554

-2.21875 0.0493553
-2.20312 0.049599

-2.20312 0.049599
-2.1875 0.0498256

-2.1875 0.0498255
-2.17188 0.0500352

-2.17188 0.0500351
-2.15625 0.0502281

-2.15625 0.0502281
-2.14062 0.0504047

-2.14062 0.0504046
-2.125 0.0505651

-2.125 0.050565
-2.10938 0.0507095

-2.10938 0.0507095
-2.09375 0.0508383

-2.09375 0.0508382
-2.07812 0.0509516

-2.07812 0.0509515
-2.0625 0.0510496

-2.0625 0.0510496
-2.04688 0.0511327

-2.04688 0.0511327
-2.03125 0.051201

-2.03125 0.0512009
-2.01562 0.0512547

-2.01562 0.0512546
-2 0.051294

-2 0.0512939
-1.98438 0.0513191

-1.98438 0.051319
-1.96875 0.0513302

-1.96875 0.0513301
-1.95312 0.0513275

-1.95312 0.0513274
-1.9375 0.0513111

-1.9375 0.0513111
-1.92188 0.0512813

-1.92188 0.0512813
-1.90625 0.0512383

-1.90625 0.0512383
-1.89062 0.0511823

-1.89062 0.0511823
-1.875 0.0511135

-1.875 0.0511135
-1.85938 0.0510321

-1.85938 0.0510321
-1.84375 0.0509383

-1.84375 0.0509382
-1.82812 0.0508323

-1.82812 0.0508322
-1.8125 0.0507143

-1.8125 0.0507142
-1.79688 0.0505845

-1.79688 0.0505845
-1.78125 0.0504432

0.3125 -0.015825
0.306769 -0.015625

0.296875 -0.0153293
0.30535 -0.015625

0.3125 -0.0158541
0.328125 -0.0163968

0.328125 -0.0163968
0.34375 -0.0169371

0.34375 -0.0169371
0.359375 -0.0174748

0.359375 -0.0174748
0.375 -0.01801

0.375 -0.01801
0.390625 -0.0185424

0.390625 -0.0185425
0.40625 -0.0190722

0.40625 -0.0190722
0.421875 -0.0195991

0.421875 -0.0195991
0.4375 -0.0201231

0.4375 -0.0201232
0.453125 -0.0206442

0.453125 -0.0206442
0.46875 -0.0211622

0.46875 -0.0211623
0.484375 -0.0216771

0.484375 -0.0216772
0.5 -0.0221889

0.5 -0.0221889
0.515625 -0.0226973

0.515625 -0.0226973
0.53125 -0.0232023

0.53125 -0.0232024
0.546875 -0.023704

0.546875 -0.023704
0.5625 -0.0242021

0.5625 -0.0242021
0.578125 -0.0246966

0.578125 -0.0246966
0.59375 -0.0251875

0.59375 -0.0251875
0.609375 -0.0256746

0.609375 -0.0256746
0.625 -0.0261578

0.625 -0.0261579
0.640625 -0.0266372

0.640625 -0.0266372
0.65625 -0.0271126

1.5 -0.0452053
1.51562 -0.0453634

-1.78125 0.0504431
-1.76562 0.0502905

-1.76562 0.0502904
-1.75 0.0501266

-1 0.0323691
-0.984375 0.0318543

-1.75 0.0501266
-1.73438 0.0499518

-1.73438 0.0499517
-1.71875 0.0497662

-1.71875 0.0497662
-1.70312 0.0495701

-1.70312 0.0495701
-1.6875 0.0493636

0.65625 -0.0271127
0.671875 -0.027584

-1.6875 0.0493636
-1.67188 0.049147

-1.67188 0.049147
-1.65625 0.0489204

0.671875 -0.027584
0.6875 -0.0280512

1.51562 -0.0453634
1.53125 -0.0455135

-1.65625 0.0489203
-1.64062 0.048684

-0.984375 0.0318543
-0.96875 0.0313358

-0.953125 0.0308163
-0.966103 0.03125

-0.953125 0.0308137
-0.9375 0.0302879

1.53125 -0.0455135
1.54688 -0.0456555

-0.96875 0.0313216
-0.966606 0.03125

0.6875 -0.0280513
0.703125 -0.0285143

1.54688 -0.0456555
1.5625 -0.0457893

-0.9375 0.0302878
-0.921875 0.0297584

-0.921875 0.0297584
-0.90625 0.0292254

0.703125 -0.0285143
0.71875 -0.028973

-0.90625 0.0292254
-0.890625 0.0286891

-0.890625 0.028689
-0.875 0.0281494

-1.64062 0.0486839
-1.625 0.0484379

0.71875 -0.0289731
0.734375 -0.0294275

0.734375 -0.0294275
0.75 -0.0298775

-1.625 0.0484378
-1.60938 0.0481823

-1.60938 0.0481823
-1.59375 0.0479174

-1.59375 0.0479173
-1.57812 0.0476432

-1.57812 0.0476432
-1.5625 0.04736

-0.875 0.0281493
-0.859375 0.0276064

-1.5625 0.04736
-1.54688 0.0470679

1.5625 -0.0457894
1.57812 -0.0459149

0.75 -0.0298775
0.765625 -0.0303229

1.57812 -0.0459149
1.59375 -0.0460322

-1.53125 0.046768
-1.53681 0.046875

-0.859375 0.0276064
-0.84375 0.0270603

-1.54688 0.0470673
-1.53689 0.046875

0.765625 -0.030323
0.78125 -0.0307639

-1.53125 0.0467669
-1.51562 0.0464573

1.59375 -0.0460322
1.60938 -0.046141

-1.51562 0.0464572
-1.5 0.0461391

0.8125 -0.0316314
0.798693 -0.03125

0.78125 -0.0307639
0.796875 -0.0312001

1.60938 -0.046141
1.625 -0.0462413

0.796875 -0.0312024
0.798598 -0.03125

1.625 -0.0462413
1.64062 -0.046333

0.8125 -0.0316317
0.828125 -0.0320587

0.828125 -0.0320587
0.84375 -0.0324811

0.84375 -0.0324811
0.859375 -0.0328989

0.859375 -0.0328989
0.875 -0.033312

-0.84375 0.0270603
-0.828125 0.0265112

-0.828125 0.0265112
-0.8125 0.0259591

1.64062 -0.0463331
1.65625 -0.0464161

1.65625 -0.0464161
1.67188 -0.0464903

1.67188 -0.0464904
1.6875 -0.0465557

0.875 -0.033312
0.890625 -0.0337204

0.890625 -0.0337204
0.90625 -0.0341239

1.6875 -0.0465557
1.70312 -0.0466121

1.70312 -0.0466121
1.71875 -0.0466594

-0.8125 0.0259591
-0.796875 0.0254042

1.71875 -0.0466594
1.73438 -0.0466975

-0.796875 0.0254042
-0.78125 0.0248465

1.73438 -0.0466976
1.75 -0.0467264

0.90625 -0.0341239
0.921875 -0.0345226

1.75 -0.0467264
1.76562 -0.0467459

-0.78125 0.0248464
-0.765625 0.0242861

0.921875 -0.0345226
0.9375 -0.0349163

1.76562 -0.0467459
1.78125 -0.0467559

1.78125 -0.0467559
1.79688 -0.0467564

1.79688 -0.0467564
1.8125 -0.0467471

0.9375 -0.0349163
0.953125 -0.0353051

0.953125 -0.0353051
0.96875 -0.0356888

-0.765625 0.0242861
-0.75 0.0237231

0.96875 -0.0356888
0.984375 -0.0360675

1.8125 -0.0467472
1.82812 -0.0467281

-0.75 0.0237231
-0.734375 0.0231577

-0.734375 0.0231577
-0.71875 0.0225899

0.984375 -0.0360675
1 -0.036441

1.82812 -0.0467282
1.84375 -0.0466993

1.84375 -0.0466993
1.85938 -0.0466604

-0.71875 0.0225898
-0.703125 0.0220197

-0.703125 0.0220197
-0.6875 0.0214474

1.85938 -0.0466604
1.875 -0.0466115

-0.6875 0.0214474
-0.671875 0.0208731

1.875 -0.0466115
1.89062 -0.0465524

1.89062 -0.0465524
1.90625 -0.0464831

1.90625 -0.0464831
1.92188 -0.0464034

-0.671875 0.020873
-0.65625 0.0202967

-0.65625 0.0202967
-0.640625 0.0197184

-0.640625 0.0197184
-0.625 0.0191384

1 -0.036441
1.01562 -0.0368093

1.01562 -0.0368093
1.03125 -0.0371723

1.92188 -0.0464034
1.9375 -0.0463132

1.9375 -0.0463133
1.95312 -0.0462125

1.95312 -0.0462125
1.96875 -0.046101

1.96875 -0.046101
1.98438 -0.0459787

-0.625 0.0191384
-0.609375 0.0185567

-0.609375 0.0185567
-0.59375 0.0179734

-0.59375 0.0179734
-0.578125 0.0173888

-0.578125 0.0173887
-0.5625 0.0168028

1.98438 -0.0459787
2 -0.0458454

1.03125 -0.0371723
1.04688 -0.03753

1.04688 -0.03753
1.0625 -0.0378823

-0.5625 0.0168027
-0.546875 0.0162155

1.0625 -0.0378823
1.07812 -0.0382291

1.07812 -0.0382291
1.09375 -0.0385704

1.09375 -0.0385704
1.10938 -0.038906

1.10938 -0.038906
1.125 -0.0392359

-0.546875 0.0162155
-0.53125 0.015627

-0.515625 0.0150375
-0.531195 0.015625

2 -0.0458454
2.01562 -0.0457011

2.01562 -0.0457012
2.03125 -0.0455457

2.03125 -0.0455457
2.04688 -0.045379

2.04688 -0.045379
2.0625 -0.0452009

-0.515625 0.0150375
-0.5 0.0144468

1.125 -0.0392359
1.14062 -0.03956

1.14062 -0.03956
1.15625 -0.0398782

1.15625 -0.0398782
1.17188 -0.0401904

1.17188 -0.0401904
1.1875 -0.0404965

2.0625 -0.0452009
2.07812 -0.0450113

2.07812 -0.0450113
2.09375 -0.04481

1.1875 -0.0404965
1.20312 -0.0407964

1.20312 -0.0407965
1.21875 -0.0410901

2.09375 -0.04481
2.10938 -0.044597

2.10938 -0.044597
2.125 -0.044372

1.21875 -0.0410901
1.23438 -0.0413775

1.23438 -0.0413775
1.25 -0.0416583

-0.109375 -0.000406412
-0.120125 0

-0.109375 -0.000425006
-0.09375 -0.00101503

2.125 -0.044372
2.14062 -0.0441349

2.14062 -0.044135
2.15625 -0.0438857

1.25 -0.0416584
1.26562 -0.0419327

1.26562 -0.0419327
1.28125 -0.0422004

-0.09375 -0.00101504
-0.078125 -0.00160423

-0.078125 -0.00160425
-0.0625 -0.00219254

2.15625 -0.0438857
2.17188 -0.0436241

2.17188 -0.0436242
2.1875 -0.0433501

1.28125 -0.0422004
1.29688 -0.0424614

2.1875 -0.0433501
2.20312 -0.0430634

2.20312 -0.0430635
2.21875 -0.042764

-0.0625 -0.00219256
-0.046875 -0.00277988

1.29688 -0.0424615
1.3125 -0.0427157

2.21875 -0.042764
2.23438 -0.0424517

2.23438 -0.0424517
2.25 -0.0421263

-0.046875 -0.0027799
-0.03125 -0.00336618

-0.03125 -0.0033662
-0.015625 -0.00395135

-0.015625 -0.00395137
0 -0.00453533

1.3125 -0.0427157
1.32812 -0.042963

2.25 -0.0421263
2.26562 -0.0417877

-0.5 0.0144468
-0.484375 0.0138551

-0.484375 0.0138551
-0.46875 0.0132624

1.32812 -0.042963
1.34375 -0.0432034

-0.46875 0.0132624
-0.453125 0.0126689

2.26562 -0.0417877
2.28125 -0.0414358

-0.453125 0.0126689
-0.4375 0.0120747

-0.4375 0.0120746
-0.421875 0.0114798

2.28125 -0.0414358
2.29688 -0.0410704

2.29688 -0.0410705
2.3125 -0.0406915

1.34375 -0.0432034
1.35938 -0.0434367

1.35938 -0.0434367
1.375 -0.0436629

2.3125 -0.0406915
2.32812 -0.0402987

1.375 -0.0436629
1.39062 -0.0438819

-0.421875 0.0114797
-0.40625 0.0108843

2.32812 -0.0402987
2.34375 -0.0398921

1.39062 -0.0438819
1.40625 -0.0440936

-0.40625 0.0108843
-0.390625 0.0102885

-0.390625 0.0102884
-0.375 0.00969224

2.34375 -0.0398921
2.35938 -0.0394714

2.35938 -0.0394714
2.375 -0.0390365

1.40625 -0.0440936
1.42188 -0.0442979

1.42188 -0.0442979
1.4375 -0.0444947

-0.375 0.00969222
-0.359375 0.00909573

-0.359375 0.00909571
-0.34375 0.00849902

2.375 -0.0390365
2.39062 -0.0385872

2.39062 -0.0385872
2.40625 -0.0381233

1.4375 -0.0444947
1.45312 -0.0446839

1.45312 -0.0446839
1.46875 -0.0448655

-0.34375 0.008499
-0.328125 0.00790219

-0.328125 0.00790217
-0.3125 0.00730531

2.40625 -0.0381234
2.42188 -0.0376447

2.42188 -0.0376448
2.4375 -0.0371513

1.46875 -0.0448655
1.48438 -0.0450393

1.48438 -0.0450393
1.5 -0.0452053

-0.3125 0.00730529
-0.296875 0.00670844

-0.296875 0.00670843
-0.28125 0.00611168

2.4375 -0.0371513
2.45312 -0.0366427

2.45312 -0.0366428
2.46875 -0.036119

-0.28125 0.00611166
-0.265625 0.00551508

-0.265625 0.00551506
-0.25 0.00491873

2.46875 -0.036119
2.48438 -0.0355798

2.48438 -0.0355799
2.5 -0.0350251

-0.25 0.00491871
-0.234375 0.00432268

-0.234375 0.00432266
-0.21875 0.00372703

-0.21875 0.00372701
-0.203125 0.00313184

-0.203125 0.00313182
-0.1875 0.0025372

-0.1875 0.00253718
-0.171875 0.00194318

-0.171875 0.00194316
-0.15625 0.00134987

-0.15625 0.00134986
-0.140625 0.000757337

-0.140625 0.000757258
-0.125 0.000165667

-0.125 0.000109869
-0.122094 0

2.5 -0.0350251
2.51562 -0.0344546

2.51562 -0.0344546
2.53125 -0.0338682

2.53125 -0.0338682
2.54688 -0.0332657

2.54688 -0.0332657
2.5625 -0.0326469

2.5625 -0.032647
2.57812 -0.0320117

2.57812 -0.0320118
2.59375 -0.0313599

2.59375 -0.031377
2.59672 -0.03125

2.59623 -0.03125
2.60938 -0.0306876

2.60938 -0.0306913
2.625 -0.0300058

2.625 -0.0300058
2.64062 -0.0293033

2.64062 -0.0293034
2.65625 -0.0285836

2.65625 -0.0285837
2.67188 -0.0278466

2.67188 -0.0278466
2.6875 -0.0270919

2.6875 -0.0270919
2.70312 -0.0263194

2.70312 -0.0263195
2.71875 -0.025529

2.71875 -0.025529
2.73438 -0.0247204

2.73438 -0.0247204
2.75 -0.0238934

2.75 -0.0238934
2.76562 -0.0230477

2.76562 -0.0230478
2.78125 -0.0221832

2.78125 -0.0221833
2.79688 -0.0212996

2.79688 -0.0212996
2.8125 -0.0203965

2.8125 -0.0203966
2.82812 -0.0194739

2.82812 -0.0194739
2.84375 -0.0185314

2.84375 -0.0185314
2.85938 -0.0175688

2.85938 -0.0175689
2.875 -0.016586

2.875 -0.0165862
2.88997 -0.015625

2.88991 -0.015625
2.89062 -0.0155793

2.89062 -0.0156675
2.89127 -0.015625

2.89062 -0.0155817
2.90625 -0.0145575

2.90625 -0.0145584
2.92188 -0.0135133

2.92188 -0.0135134
2.9375 -0.012447

2.9375 -0.012447
2.95312 -0.0113593

2.95312 -0.0113595
2.96875 -0.0102499

2.96875 -0.01025
2.98438 -0.00911767

2.98438 -0.00911788
3 -0.00796215

3 -0.00797693
3.03125 -0.00555873

3.03125 -0.00511686
3.0625 -0.00343419

3.0625 -0.00378754
3.125 -0.00224726

3.125 -0.00279283
3.25 -0.00138594

3.25 -0.0017491
3.5 -0.000575682

3.5 -0.00126025
3.86838 0

3.93314 0
4 0.000115145

