-3.9384 0
-3.5 0.00041532

-3.5 0.00017611
-3.25 0.000511508

-3.25 0.000404984
-3.125 0.000846085

-3.125 0.000678764
-3.0625 0.00116082

-3.0625 0.000964329
-3.03125 0.00152241

-3.03125 0.00170396
-3 0.00260899

-3 0.00261015
-2.98438 0.00305574

-2.98438 0.00305656
-2.96875 0.00349127

-2.96875 0.00349118
-2.95312 0.00391358

-2.95312 0.00391362
-2.9375 0.00432381

-2.9375 0.00432374
-2.92188 0.00472179

-2.92188 0.00472176
-2.90625 0.00510789

-2.90625 0.00510782
-2.89062 0.00548221

-2.89062 0.00548217
-2.875 0.00584503

-2.875 0.00584496
-2.85938 0.00619648

-2.85938 0.00619644
-2.84375 0.00653684

-2.84375 0.00653678
-2.82812 0.00686629

-2.82812 0.00686623
-2.8125 0.00718508

-2.8125 0.00718502
-2.79688 0.00749344

-2.79688 0.00749338
-2.78125 0.00779159

-2.78125 0.00779154
-2.76562 0.00807974

-2.76562 0.00807969
-2.75 0.0083581

-2.75 0.00835805
-2.73438 0.00862686

-2.73438 0.00862681
-2.71875 0.0088862

-2.71875 0.00888615
-2.70312 0.00913633

-2.70312 0.00913628
-2.6875 0.00937745

-2.6875 0.0093774
-2.67188 0.00960974

-2.67188 0.0096097
-2.65625 0.00983341

-2.65625 0.00983337
-2.64062 0.0100486

-2.64062 0.0100486
-2.625 0.0102556

-2.625 0.0102556
-2.60938 0.0104545

-2.60938 0.0104544
-2.59375 0.0106454

-2.59375 0.0106454
-2.57812 0.0108286

-1.5 0.0116896
-1.48438 0.0116027

-1.48438 0.0116027
-1.46875 0.0115144

-2.57812 0.0108286
-2.5625 0.0110042

-1.46875 0.0115144
-1.45312 0.0114247

-2.5625 0.0110042
-2.54688 0.0111724

-2.54688 0.0111723
-2.53125 0.0113332

-2.53125 0.0113332
-2.51562 0.011487

-2.51562 0.0114869
-2.5 0.0116338

1.5 -0.0117928
1.51562 -0.011889

1.51562 -0.011889
1.53125 -0.0119837

-2.5 0.0116337
-2.48438 0.0117738

-2.48438 0.0117737
-2.46875 0.0119071

-2.46875 0.0119071
-2.45312 0.012034

-2.45312 0.012034
-2.4375 0.0121545

-2.4375 0.0121545
-2.42188 0.0122688

-2.42188 0.0122687
-2.40625 0.0123769

-2.40625 0.0123769
-2.39062 0.0124791

-2.39062 0.0124791
-2.375 0.0125754

1.53125 -0.0119837
1.54688 -0.012077

1.54688 -0.012077
1.5625 -0.0121686

1.5625 -0.0121686
1.57812 -0.0122587

1.57812 -0.0122587
1.59375 -0.012347

1.59375 -0.012347
1.60938 -0.0124336

1.60938 -0.0124336
1.625 -0.0125184

1.625 -0.0125184
1.64062 -0.0126013

1.64062 -0.0126013
1.65625 -0.0126822

1.65625 -0.0126822
1.67188 -0.0127612

1.67188 -0.0127612
1.6875 -0.0128381

1.6875 -0.0128381
1.70312 -0.0129128

1.70312 -0.0129128
1.71875 -0.0129854

1.71875 -0.0129854
1.73438 -0.0130558

1.73438 -0.0130558
1.75 -0.0131239

1.75 -0.0131239
1.76562 -0.0131897

1.76562 -0.0131897
1.78125 -0.013253

1.78125 -0.013253
1.79688 -0.0133139

1.79688 -0.013314
1.8125 -0.0133724

1.8125 -0.0133724
1.82812 -0.0134282

1.82812 -0.0134282
1.84375 -0.0134814

1.84375 -0.0134814
1.85938 -0.013532

1.85938 -0.013532
1.875 -0.0135797

1.875 -0.0135797
1.89062 -0.0136247

-1.45312 0.0114247
-1.4375 0.0113338

-2.375 0.0125754
-2.35938 0.012666

-2.35938 0.012666
-2.34375 0.012751

-2.34375 0.0127509
-2.32812 0.0128304

-2.32812 0.0128304
-2.3125 0.0129045

-1.4375 0.0113338
-1.42188 0.0112416

-1.42188 0.0112415
-1.40625 0.0111481

-1.40625 0.0111481
-1.39062 0.0110535

-1.39062 0.0110535
-1.375 0.0109577

-1.375 0.0109577
-1.35938 0.0108607

-1.35938 0.0108607
-1.34375 0.0107627

-1.34375 0.0107627
-1.32812 0.0106636

-1.32812 0.0106636
-1.3125 0.0105634

-1.3125 0.0105634
-1.29688 0.0104623

-1.29688 0.0104622
-1.28125 0.0103601

-1.28125 0.0103601
-1.26562 0.0102569

-1.26562 0.0102569
-1.25 0.0101528

-1.25 0.0101528
-1.23438 0.0100478

-1.23438 0.0100478
-1.21875 0.00994181

-1.21875 0.0099418
-1.20312 0.00983492

-1.20312 0.00983492
-1.1875 0.00972714

-1.1875 0.00972713
-1.17188 0.00961845

-1.17188 0.00961845
-1.15625 0.00950888

-1.15625 0.00950888
-1.14062 0.00939843

-1.14062 0.00939843
-1.125 0.00928711

-1.125 0.00928711
-1.10938 0.00917492

-1.10938 0.00917492
-1.09375 0.00906187

-1.09375 0.00906187
-1.07812 0.00894799

-1.07812 0.00894798
-1.0625 0.00883327

-1.0625 0.00883327
-1.04688 0.00871775

-1.04688 0.00871774
-1.03125 0.00860144

-1.03125 0.00860144
-1.01562 0.00848438

-1.01562 0.00848437
-1 0.00836658

-1 0.00836658
-0.984375 0.00824809

-0.984375 0.00824808
-0.96875 0.00812894

-0.96875 0.00812893
-0.953125 0.00800915

-0.953125 0.00800914
-0.9375 0.00788878

-0.9375 0.00788877
-0.921875 0.00776785

-0.921875 0.00776784
-0.90625 0.0076464

-0.90625 0.00764639
-0.890625 0.00752446

-0.890625 0.00752445
-0.875 0.00740208

-0.875 0.00740207
-0.859375 0.00727928

-0.859375 0.00727927
-0.84375 0.0071561

-0.84375 0.00715609
-0.828125 0.00703256

-0.828125 0.00703255
-0.8125 0.00690869

-0.8125 0.00690868
-0.796875 0.00678451

-0.796875 0.00678451
-0.78125 0.00666006

-0.78125 0.00666006
-0.765625 0.00653535

-0.765625 0.00653535
-0.75 0.0064104

-0.75 0.0064104
-0.734375 0.00628523

-0.734375 0.00628523
-0.71875 0.00615986

-0.71875 0.00615985
-0.703125 0.00603429

-0.703125 0.00603429
-0.6875 0.00590854

-0.6875 0.00590854
-0.671875 0.00578263

-0.671875 0.00578262
-0.65625 0.00565655

-0.65625 0.00565655
-0.640625 0.00553032

-0.640625 0.00553032
-0.625 0.00540394

0.03125 -4.68094e-05
0.0257103 0

0.03125 -3.91516e-05
0.046875 -0.000171226

0.046875 -0.000171221
0.0625 -0.000303318

0.0625 -0.00030332
0.078125 -0.000435444

0.078125 -0.000435445
0.09375 -0.000567591

0.09375 -0.000567592
0.109375 -0.000699759

0.109375 -0.00069976
0.125 -0.000831946

0.125 -0.000831946
0.140625 -0.000964149

0.140625 -0.000964149
0.15625 -0.00109637

0.15625 -0.00109637
0.171875 -0.00122859

0.171875 -0.00122859
0.1875 -0.00136083

0.1875 -0.00136083
0.203125 -0.00149306

0.203125 -0.00149306
0.21875 -0.0016253

0.21875 -0.0016253
0.234375 -0.00175753

0.234375 -0.00175753
0.25 -0.00188974

0.25 -0.00188974
0.265625 -0.00202194

0.265625 -0.00202194
0.28125 -0.00215412

0.28125 -0.00215412
0.296875 -0.00228626

0.296875 -0.00228626
0.3125 -0.00241837

0.3125 -0.00241837
0.328125 -0.00255043

0.328125 -0.00255043
0.34375 -0.00268245

0.34375 -0.00268245
0.359375 -0.00281442

0.359375 -0.00281442
0.375 -0.00294633

0.375 -0.00294633
0.390625 -0.00307818

0.390625 -0.00307818
0.40625 -0.00320997

0.40625 -0.00320997
0.421875 -0.00334171

0.421875 -0.0033417
0.4375 -0.00347338

0.4375 -0.00347338
0.453125 -0.003605

0.453125 -0.003605
0.46875 -0.00373656

0.46875 -0.00373656
0.484375 -0.00386808

0.484375 -0.00386808
0.5 -0.00399955

0 0.000224839
0.015625 9.28939e-05

0.015625 9.63786e-05
0.0270311 0

-0.625 0.00540394
-0.609375 0.00527742

0.5 -0.00399955
0.515625 -0.00413098

0.515625 -0.00413098
0.53125 -0.00426237

0.53125 -0.00426237
0.546875 -0.00439374

0.546875 -0.00439374
0.5625 -0.00452508

0.5625 -0.00452508
0.578125 -0.00465639

0.578125 -0.00465639
0.59375 -0.00478769

0.59375 -0.00478769
0.609375 -0.00491896

0.609375 -0.00491896
0.625 -0.00505021

0.625 -0.00505022
0.640625 -0.00518144

0.640625 -0.00518144
0.65625 -0.00531265

0.65625 -0.00531265
0.671875 -0.00544382

0.671875 -0.00544382
0.6875 -0.00557495

0.6875 -0.00557495
0.703125 -0.00570603

-2.3125 0.0129044
-2.29688 0.0129733

0.703125 -0.00570604
0.71875 -0.00583706

0.71875 -0.00583706
0.734375 -0.00596802

0.734375 -0.00596802
0.75 -0.00609889

-2.29688 0.0129732
-2.28125 0.0130369

-2.28125 0.0130369
-2.26562 0.0130956

-2.26562 0.0130955
-2.25 0.0131493

-2.25 0.0131493
-2.23438 0.0131983

-2.23438 0.0131983
-2.21875 0.0132426

0.75 -0.00609889
0.765625 -0.00622966

0.765625 -0.00622967
0.78125 -0.00636032

1.89062 -0.0136247
1.90625 -0.0136667

1.90625 -0.0136667
1.92188 -0.0137057

1.92188 -0.0137058
1.9375 -0.0137417

0.78125 -0.00636033
0.796875 -0.00649085

0.796875 -0.00649085
0.8125 -0.00662121

0.8125 -0.00662122
0.828125 -0.0067514

0.828125 -0.0067514
0.84375 -0.00688138

0.84375 -0.00688138
0.859375 -0.00701112

0.859375 -0.00701113
0.875 -0.00714061

1.9375 -0.0137417
1.95312 -0.0137745

-0.609375 0.00527742
-0.59375 0.00515075

-0.59375 0.00515075
-0.578125 0.00502394

-0.578125 0.00502394
-0.5625 0.00489698

-0.5625 0.00489698
-0.546875 0.00476988

-0.546875 0.00476988
-0.53125 0.00464262

-0.53125 0.00464262
-0.515625 0.00451521

-0.515625 0.00451521
-0.5 0.00438765

-0.5 0.00438765
-0.484375 0.00425991

-0.484375 0.00425991
-0.46875 0.00413201

-0.46875 0.00413201
-0.453125 0.00400394

-0.453125 0.00400394
-0.4375 0.00387569

-0.4375 0.00387569
-0.421875 0.00374726

-0.421875 0.00374726
-0.40625 0.00361865

-0.40625 0.00361865
-0.390625 0.00348986

-0.390625 0.00348986
-0.375 0.00336089

-0.375 0.00336089
-0.359375 0.00323174

-0.359375 0.00323174
-0.34375 0.00310242

-0.34375 0.00310242
-0.328125 0.00297294

0.875 -0.00714062
0.890625 -0.00726981

0.890625 -0.00726981
0.90625 -0.00739868

0.90625 -0.00739869
0.921875 -0.00752719

-0.328125 0.00297294
-0.3125 0.00284329

-2.21875 0.0132426
-2.20312 0.0132824

-2.20312 0.0132824
-2.1875 0.0133177

-2.1875 0.0133177
-2.17188 0.0133487

-2.17188 0.0133487
-2.15625 0.0133754

-2.15625 0.0133753
-2.14062 0.0133979

-0.3125 0.00284329
-0.296875 0.00271349

1.95312 -0.0137746
1.96875 -0.0138041

0.921875 -0.0075272
0.9375 -0.00765532

0.9375 -0.00765532
0.953125 -0.00778301

0.953125 -0.00778302
0.96875 -0.00791025

0.96875 -0.00791026
0.984375 -0.00803699

0.984375 -0.008037
1 -0.00816321

-2.14062 0.0133979
-2.125 0.0134163

-2.125 0.0134163
-2.10938 0.0134307

-2.10938 0.0134307
-2.09375 0.0134412

-2.09375 0.0134412
-2.07812 0.0134479

-2.07812 0.0134479
-2.0625 0.0134508

-2.0625 0.0134507
-2.04688 0.01345

-2.04688 0.0134499
-2.03125 0.0134456

-2.03125 0.0134456
-2.01562 0.0134377

-2.01562 0.0134377
-2 0.0134264

-2 0.0134264
-1.98438 0.0134118

-1.98438 0.0134118
-1.96875 0.013394

-1.96875 0.0133939
-1.95312 0.013373

-1.95312 0.013373
-1.9375 0.013349

-1.9375 0.013349
-1.92188 0.013322

-1.92188 0.013322
-1.90625 0.0132922

-1.90625 0.0132922
-1.89062 0.0132595

-1.89062 0.0132595
-1.875 0.0132241

-1.875 0.0132241
-1.85938 0.013186

-1.85938 0.013186
-1.84375 0.0131453

-1.84375 0.0131453
-1.82812 0.0131021

-1.82812 0.0131021
-1.8125 0.0130563

-1.8125 0.0130563
-1.79688 0.0130081

-1.79688 0.0130081
-1.78125 0.0129575

-1.78125 0.0129575
-1.76562 0.0129045

-1.76562 0.0129045
-1.75 0.0128493

-1.75 0.0128493
-1.73438 0.0127917

-1.73438 0.0127917
-1.71875 0.012732

-1.71875 0.012732
-1.70312 0.01267

-1.70312 0.01267
-1.6875 0.012606

-1.6875 0.0126059
-1.67188 0.0125398

-1.67188 0.0125398
-1.65625 0.0124716

-1.65625 0.0124716
-1.64062 0.0124014

-1.64062 0.0124014
-1.625 0.0123292

-1.625 0.0123292
-1.60938 0.0122552

-1.60938 0.0122552
-1.59375 0.0121794

-1.59375 0.0121794
-1.57812 0.0121018

-1.57812 0.0121018
-1.5625 0.0120225

-1.5625 0.0120225
-1.54688 0.0119416

-1.54688 0.0119416
-1.53125 0.0118591

-1.53125 0.0118591
-1.51562 0.0117751

-1.51562 0.0117751
-1.5 0.0116896

1.96875 -0.0138041
1.98438 -0.0138304

1.98438 -0.0138304
2 -0.0138532

2 -0.0138532
2.01562 -0.0138724

2.01562 -0.0138725
2.03125 -0.0138881

2.03125 -0.0138881
2.04688 -0.0139

2.04688 -0.0139
2.0625 -0.0139081

2.0625 -0.0139081
2.07812 -0.0139122

2.07812 -0.0139122
2.09375 -0.0139123

2.09375 -0.0139123
2.10938 -0.0139083

2.10938 -0.0139083
2.125 -0.0139

2.125 -0.0139
2.14062 -0.0138875

2.14062 -0.0138875
2.15625 -0.0138705

2.15625 -0.0138705
2.17188 -0.0138489

2.17188 -0.013849
2.1875 -0.0138228

2.1875 -0.0138228
2.20312 -0.0137919

-0.296875 0.00271348
-0.28125 0.00258353

-0.28125 0.00258353
-0.265625 0.00245344

-0.265625 0.00245344
-0.25 0.00232321

1 -0.00816322
1.01562 -0.00828886

-0.25 0.00232321
-0.234375 0.00219285

-0.234375 0.00219285
-0.21875 0.00206236

-0.21875 0.00206236
-0.203125 0.00193176

-0.203125 0.00193176
-0.1875 0.00180105

-0.1875 0.00180105
-0.171875 0.00167023

1.01562 -0.00828887
1.03125 -0.00841393

1.03125 -0.00841393
1.04688 -0.00853837

1.04688 -0.00853838
1.0625 -0.00866217

2.20312 -0.0137919
2.21875 -0.0137561

-0.171875 0.00167023
-0.15625 0.0015393

-0.15625 0.0015393
-0.140625 0.00140828

1.0625 -0.00866217
1.07812 -0.0087853

-0.140625 0.00140828
-0.125 0.00127715

2.21875 -0.0137562
2.23438 -0.0137154

2.23438 -0.0137155
2.25 -0.0136696

1.07812 -0.00878531
1.09375 -0.00890774

1.09375 -0.00890775
1.10938 -0.00902948

1.10938 -0.00902949
1.125 -0.0091505

1.125 -0.0091505
1.14062 -0.00927078

1.14062 -0.00927078
1.15625 -0.00939031

1.15625 -0.00939031
1.17188 -0.00950908

1.17188 -0.00950908
1.1875 -0.00962707

-0.125 0.00127715
-0.109375 0.00114594

-0.109375 0.00114594
-0.09375 0.00101463

-0.09375 0.00101463
-0.078125 0.000883225

-0.078125 0.000883225
-0.0625 0.000751731

1.1875 -0.00962708
1.20312 -0.00974428

1.20312 -0.00974428
1.21875 -0.00986068

1.21875 -0.00986069
1.23438 -0.00997627

1.23438 -0.00997628
1.25 -0.010091

-0.0625 0.000751731
-0.046875 0.000620145

-0.046875 0.000620146
-0.03125 0.000488468

2.25 -0.0136697
2.26562 -0.0136186

2.26562 -0.0136187
2.28125 -0.0135623

2.28125 -0.0135623
2.29688 -0.0135005

1.25 -0.010091
1.26562 -0.0102049

1.26562 -0.0102049
1.28125 -0.010318

1.28125 -0.010318
1.29688 -0.0104301

1.29688 -0.0104301
1.3125 -0.0105413

2.29688 -0.0135005
2.3125 -0.0134331

2.3125 -0.0134331
2.32812 -0.0133599

-0.03125 0.000488468
-0.015625 0.0003567

2.32812 -0.01336
2.34375 -0.0132809

1.3125 -0.0105413
1.32812 -0.0106516

2.34375 -0.0132809
2.35938 -0.0131958

2.35938 -0.0131958
2.375 -0.0131046

1.32812 -0.0106516
1.34375 -0.0107609

1.34375 -0.0107609
1.35938 -0.0108691

2.375 -0.0131046
2.39062 -0.0130071

2.39062 -0.0130071
2.40625 -0.0129032

1.35938 -0.0108692
1.375 -0.0109764

2.40625 -0.0129032
2.42188 -0.0127927

-0.015625 0.000356699
0 0.000224841

2.42188 -0.0127927
2.4375 -0.0126755

2.4375 -0.0126755
2.45312 -0.0125514

1.375 -0.0109764
1.39062 -0.0110826

1.39062 -0.0110826
1.40625 -0.0111876

2.45312 -0.0125514
2.46875 -0.0124204

2.46875 -0.0124204
2.48438 -0.0122822

1.40625 -0.0111877
1.42188 -0.0112916

1.42188 -0.0112916
1.4375 -0.0113943

2.48438 -0.0122822
2.5 -0.0121367

1.4375 -0.0113943
1.45312 -0.0114959

1.45312 -0.0114959
1.46875 -0.0115962

1.46875 -0.0115962
1.48438 -0.0116951

1.48438 -0.0116951
1.5 -0.0117927

2.5 -0.0121368
2.51562 -0.0119838

2.51562 -0.0119838
2.53125 -0.0118232

2.53125 -0.0118233
2.54688 -0.0116548

2.54688 -0.0116549
2.5625 -0.0114785

2.5625 -0.0114785
2.57812 -0.011294

2.57812 -0.011294
2.59375 -0.0111011

2.59375 -0.0111012
2.60938 -0.0108998

2.60938 -0.0108998
2.625 -0.0106898

2.625 -0.0106898
2.64062 -0.0104709

2.64062 -0.0104709
2.65625 -0.0102429

2.65625 -0.010243
2.67188 -0.0100058

2.67188 -0.0100058
2.6875 -0.0097592

2.6875 -0.00975926
2.70312 -0.00950302

2.70312 -0.00950306
2.71875 -0.00923698

2.71875 -0.00923705
2.73438 -0.00896092

2.73438 -0.00896095
2.75 -0.00867458

2.75 -0.00867464
2.76562 -0.00837783

2.76562 -0.00837785
2.78125 -0.00807043

2.78125 -0.00807048
2.79688 -0.00775232

2.79688 -0.00775237
2.8125 -0.00742327

2.8125 -0.00742334
2.82812 -0.00708306

2.82812 -0.00708313
2.84375 -0.0067314

2.84375 -0.00673147
2.85938 -0.00636804

2.85938 -0.00636809
2.875 -0.00599273

2.875 -0.00599279
2.89062 -0.00560525

2.89062 -0.0056053
2.90625 -0.00520537

2.90625 -0.00520541
2.92188 -0.00479292

2.92188 -0.00479298
2.9375 -0.00436775

2.9375 -0.00436782
2.95312 -0.0039296

2.95312 -0.00392953
2.96875 -0.00347831

2.96875 -0.00347826
2.98438 -0.00301431

2.98438 -0.00301351
3 -0.00253851

3 -0.00253622
3.03125 -0.00157648

3.03125 -0.0014127
3.0625 -0.0007706

3.0625 -0.000904626
3.125 -0.000374687

3.125 -0.000615154
3.25 -0.00021102

3.25 -0.000372842
3.5 -7.57141e-05

3.5 -0.000266725
3.83003 0

