-3.96755 0
-3.5 0.00203592

-3.5 0.000993605
-3.25 0.00250281

-3.25 0.00218341
-3.125 0.00406786

-3.125 0.00353416
-3.0625 0.00539732

-3.0625 0.00448502
-3.03125 0.00657686

-3.03125 0.00735863
-3 0.0108718

-3 0.0108609
-2.98438 0.0125649

-2.98438 0.0125661
-2.96875 0.0142369

-2.96875 0.0142355
-2.95547 0.015625

-2.95556 0.015625
-2.95312 0.0158795

-2.95312 0.0158722
-2.9375 0.0174726

-2.9375 0.0174725
-2.92188 0.0190383

-2.92188 0.0190382
-2.90625 0.0205699

-2.90625 0.0205698
-2.89062 0.0220677

-2.89062 0.0220675
-2.875 0.0235322

-2.875 0.023532
-2.85938 0.0249638

-2.85938 0.0249637
-2.84375 0.0263632

-2.84375 0.0263631
-2.82812 0.0277307

-2.82812 0.0277306
-2.8125 0.0290669

-2.8125 0.0290668
-2.79688 0.0303723

-2.79688 0.0303593
-2.78596 0.03125

-2.78646 0.03125
-2.78125 0.0316751

-2.78125 0.0316472
-2.76562 0.0328923

-2.76562 0.0328922
-2.75 0.0341078

-2.75 0.0341077
-2.73438 0.0352939

-2.73438 0.0352938
-2.71875 0.0364512

-2.71875 0.0364511
-2.70312 0.0375801

-2.70312 0.03758
-2.6875 0.0386808

-2.6875 0.0386807
-2.67188 0.0397539

-2.67188 0.0397538
-2.65625 0.0407996

-2.65625 0.0407995
-2.64062 0.0418185

-2.64062 0.0418184
-2.625 0.0428108

-2.625 0.0428107
-2.60938 0.043777

-2.60938 0.0437769
-2.59375 0.0447174

-2.59375 0.0447173
-2.57812 0.0456323

-2.57812 0.0456322
-2.5625 0.0465222

-2.5625 0.046506
-2.55584 0.046875

-2.55633 0.046875
-2.54688 0.0473984

-2.54688 0.0473872
-2.53125 0.0482278

-2.53125 0.0482277
-2.51562 0.0490442

-2.51562 0.0490442
-2.5 0.0498368

-2.5 0.0498367
-2.48438 0.0506058

-2.48438 0.0506057
-2.46875 0.0513515

-2.46875 0.0513514
-2.45312 0.0520743

-2.45312 0.0520742
-2.4375 0.0527743

-2.4375 0.0527743
-2.42188 0.053452

0.0625 -0.00034122
0.0559374 0

0.0625 -0.000355326
0.078125 -0.00116829

0.078125 -0.00116831
0.09375 -0.00198175

1.5 -0.063345
1.51562 -0.0637163

1.51562 -0.0637164
1.53125 -0.0640761

1.53125 -0.0640762
1.54688 -0.0644243

1.54688 -0.0644243
1.5625 -0.0647606

-1.5 0.0620984
-1.48438 0.0618273

-2.42188 0.053452
-2.40625 0.0541076

-2.40625 0.0541075
-2.39062 0.0547413

-2.39062 0.0547412
-2.375 0.0553534

-1.48438 0.0618273
-1.46875 0.0615455

-2.375 0.0553534
-2.35938 0.0559442

-2.35938 0.0559442
-2.34375 0.056514

-2.34375 0.0565139
-2.32812 0.057063

-1.46875 0.0615455
-1.45312 0.061253

0.09375 -0.00198177
0.109375 -0.00279559

-1.45312 0.061253
-1.4375 0.06095

-2.32812 0.0570629
-2.3125 0.0575914

-1.4375 0.0609499
-1.42188 0.0606365

-1.42188 0.0606365
-1.40625 0.0603128

-1.40625 0.0603128
-1.39062 0.059979

-1.39062 0.0599789
-1.375 0.0596351

-1.375 0.059635
-1.35938 0.0592812

-1.35938 0.0592812
-1.34375 0.0589176

-1.34375 0.0589176
-1.32812 0.0585444

-1.32812 0.0585443
-1.3125 0.0581615

-1.3125 0.0581615
-1.29688 0.0577692

-1.29688 0.0577692
-1.28125 0.0573676

0.109375 -0.00279561
0.125 -0.00360971

1.5625 -0.0647606
1.57812 -0.0650848

1.57812 -0.0650848
1.59375 -0.0653967

1.59375 -0.0653968
1.60938 -0.0656962

1.60938 -0.0656963
1.625 -0.0659831

-2.3125 0.0575913
-2.29688 0.0580996

1.625 -0.0659831
1.64062 -0.066257

1.64062 -0.0662571
1.65625 -0.0665179

1.65625 -0.066518
1.67188 -0.0667656

1.67188 -0.0667656
1.6875 -0.0669998

1.6875 -0.0669998
1.70312 -0.0672203

1.70312 -0.0672203
1.71875 -0.0674269

1.71875 -0.0674269
1.73438 -0.0676193

1.73438 -0.0676194
1.75 -0.0677975

-2.29688 0.0580995
-2.28125 0.0585878

-2.28125 0.0585877
-2.26562 0.0590562

0.125 -0.00360974
0.140625 -0.00442403

1.75 -0.0677976
1.76562 -0.0679612

1.76562 -0.0679612
1.78125 -0.0681101

1.78125 -0.0681101
1.79688 -0.068244

1.79688 -0.068244
1.8125 -0.0683627

1.8125 -0.0683628
1.82812 -0.068466

1.82812 -0.0684661
1.84375 -0.0685537

-1.28125 0.0573676
-1.26562 0.0569568

-1.26562 0.0569568
-1.25 0.0565369

0.140625 -0.00442406
0.15625 -0.00523845

-1.25 0.0565369
-1.23438 0.056108

-2.26562 0.0590562
-2.25 0.0595052

-1.23438 0.056108
-1.21875 0.0556702

-1.21875 0.0556702
-1.20312 0.0552237

-1.20312 0.0552237
-1.1875 0.0547685

-1.1875 0.0547684
-1.17188 0.0543047

-2.25 0.0595051
-2.23438 0.0599349

-1.17188 0.0543047
-1.15625 0.0538325

-1.15625 0.0538325
-1.14062 0.053352

-1.14062 0.053352
-1.125 0.0528633

0.15625 -0.00523848
0.171875 -0.00605286

0.171875 -0.00605288
0.1875 -0.00686716

-1.125 0.0528632
-1.10938 0.0523664

0.1875 -0.00686718
0.203125 -0.00768125

-2.23438 0.0599348
-2.21875 0.0603456

1.84375 -0.0685537
1.85938 -0.0686255

-1.10938 0.0523664
-1.09375 0.0518616

1.85938 -0.0686255
1.875 -0.0686811

0.203125 -0.00768128
0.21875 -0.00849503

-2.21875 0.0603456
-2.20312 0.0607376

0.21875 -0.00849505
0.234375 -0.00930838

1.875 -0.0686812
1.89062 -0.0687205

-2.20312 0.0607376
-2.1875 0.0611111

1.89062 -0.0687206
1.90625 -0.0687433

-1.09375 0.0518615
-1.07812 0.0513488

1.90625 -0.0687433
1.92188 -0.0687493

-1.07812 0.0513488
-1.0625 0.0508283

0.234375 -0.00930841
0.25 -0.0101212

-2.1875 0.061111
-2.17188 0.0614662

1.92188 -0.0687493
1.9375 -0.0687382

0.25 -0.0101212
0.265625 -0.0109334

0.265625 -0.0109334
0.28125 -0.0117449

-2.17188 0.0614661
-2.15625 0.0618032

-2.15625 0.0618032
-2.14062 0.0621224

-1.0625 0.0508283
-1.04688 0.0503001

-2.14062 0.0621223
-2.125 0.0624239

-1.04688 0.0503001
-1.03125 0.0497643

-2.125 0.0624209
-2.12065 0.0625

0.28125 -0.0117449
0.296875 -0.0125555

-1.03125 0.0497643
-1.01562 0.0492211

0.296875 -0.0125555
0.3125 -0.0133651

0.3125 -0.0133652
0.328125 -0.0141737

0.328125 -0.0141737
0.34375 -0.0149811

0.359375 -0.0157769
0.35643 -0.015625

-1.01562 0.0492211
-1 0.0486706

-2.12087 0.0625
-2.10938 0.062709

-2.10938 0.0627078
-2.09375 0.0629746

-2.09375 0.0629746
-2.07812 0.0632242

1.9375 -0.0687382
1.95312 -0.0687098

1.95312 -0.0687099
1.96875 -0.0686639

1.96875 -0.0686639
1.98438 -0.0686001

1.98438 -0.0686002
2 -0.0685183

-1 0.0486706
-0.984375 0.0481129

-0.984375 0.0481129
-0.96875 0.0475481

-2.07812 0.0632242
-2.0625 0.0634569

-0.96875 0.0475481
-0.953125 0.0469763

-0.9375 0.0464019
-0.950275 0.046875

-2.0625 0.0634569
-2.04688 0.0636729

-0.953125 0.0469538
-0.950998 0.046875

2 -0.0685184
2.01562 -0.0684181

-2.04688 0.0636729
-2.03125 0.0638724

-2.03125 0.0638724
-2.01562 0.0640556

-2.01562 0.0640555
-2 0.0642226

-0.9375 0.0463976
-0.921875 0.0458122

-0.921875 0.0458121
-0.90625 0.04522

-0.90625 0.04522
-0.890625 0.0446212

-0.890625 0.0446212
-0.875 0.0440159

2.01562 -0.0684182
2.03125 -0.0682994

0.34375 -0.0149836
0.356182 -0.015625

-0.875 0.0440159
-0.859375 0.0434043

0.359375 -0.0157872
0.375 -0.0165919

-0.859375 0.0434042
-0.84375 0.0427863

0.375 -0.0165919
0.390625 -0.0173952

-0.84375 0.0427863
-0.828125 0.0421622

-2 0.0642226
-1.98438 0.0643738

-0.828125 0.0421621
-0.8125 0.041532

-1.98438 0.0643738
-1.96875 0.0645092

-0.8125 0.0415319
-0.796875 0.0408958

0.390625 -0.0173953
0.40625 -0.018197

-1.96875 0.0645092
-1.95312 0.0646291

0.40625 -0.0181971
0.421875 -0.0189972

0.421875 -0.0189973
0.4375 -0.0197957

0.4375 -0.0197957
0.453125 -0.0205924

0.453125 -0.0205924
0.46875 -0.0213871

0.46875 -0.0213871
0.484375 -0.0221797

0.484375 -0.0221798
0.5 -0.0229702

0 0.0028905
0.015625 0.00208014

0.015625 0.00208011
0.03125 0.00126896

0.03125 0.00126894
0.046875 0.000457111

0.046875 0.000446224
0.0554571 0

-1.95312 0.0646291
-1.9375 0.0647337

-1.9375 0.0647337
-1.92188 0.0648231

-1.92188 0.0648231
-1.90625 0.0648976

-1.90625 0.0648976
-1.89062 0.0649572

-1.89062 0.0649572
-1.875 0.0650023

-0.796875 0.0408958
-0.78125 0.0402538

-1.875 0.0650022
-1.85938 0.0650328

-1.85938 0.0650328
-1.84375 0.0650491

-0.78125 0.0402537
-0.765625 0.039606

2.03125 -0.0682994
2.04688 -0.0681618

2.04688 -0.0681618
2.0625 -0.068005

2.0625 -0.0680051
2.07812 -0.0678288

2.07812 -0.0678289
2.09375 -0.067633

2.09375 -0.0676331
2.10938 -0.0674172

2.10938 -0.0674173
2.125 -0.0671811

-0.765625 0.0396059
-0.75 0.0389525

2.125 -0.0671812
2.14062 -0.0669246

2.14062 -0.0669246
2.15625 -0.0666471

-0.75 0.0389525
-0.734375 0.0382935

-0.734375 0.0382935
-0.71875 0.0376291

2.15625 -0.0666472
2.17188 -0.0663486

2.17188 -0.0663487
2.1875 -0.0660287

2.1875 -0.0660287
2.20312 -0.065687

2.20312 -0.0656871
2.21875 -0.0653234

-1.84375 0.0650491
-1.82812 0.0650513

-1.82812 0.0650512
-1.8125 0.0650394

-0.71875 0.0376291
-0.703125 0.0369594

-0.703125 0.0369593
-0.6875 0.0362844

2.21875 -0.0653235
2.23438 -0.0649374

2.23438 -0.0649375
2.25 -0.0645289

-1.8125 0.0650394
-1.79688 0.0650138

2.25 -0.0645289
2.26562 -0.0640974

-0.6875 0.0362843
-0.671875 0.0356043

2.26562 -0.0640974
2.28125 -0.0636426

-1.79688 0.0650138
-1.78125 0.0649745

2.28125 -0.0636427
2.29688 -0.0631642

0.5 -0.0229703
0.515625 -0.0237585

-1.78125 0.0649745
-1.76562 0.0649217

0.515625 -0.0237585
0.53125 -0.0245443

2.29688 -0.0631643
2.3125 -0.0626619

0.53125 -0.0245443
0.546875 -0.0253276

2.3125 -0.0626963
2.31832 -0.0625

-1.76562 0.0649216
-1.75 0.0648555

2.31682 -0.0625
2.32812 -0.0621189

0.546875 -0.0253277
0.5625 -0.0261083

-0.671875 0.0356042
-0.65625 0.0349191

0.5625 -0.0261084
0.578125 -0.0268863

2.32812 -0.0621355
2.34375 -0.0615843

0.578125 -0.0268863
0.59375 -0.0276614

2.34375 -0.0615844
2.35938 -0.0610083

0.59375 -0.0276614
0.609375 -0.0284334

2.35938 -0.0610084
2.375 -0.0604071

0.609375 -0.0284335
0.625 -0.0292024

-1.75 0.0648554
-1.73438 0.0647761

-1.73438 0.064776
-1.71875 0.0646836

2.375 -0.0604072
2.39062 -0.0597803

0.625 -0.0292024
0.640625 -0.029968

2.39062 -0.0597804
2.40625 -0.0591276

0.640625 -0.0299681
0.65625 -0.0307303

2.40625 -0.0591277
2.42188 -0.0584486

0.671875 -0.0314742
0.667258 -0.03125

2.42188 -0.0584487
2.4375 -0.057743

0.671875 -0.0314891
0.6875 -0.0322443

-0.65625 0.0349191
-0.640625 0.0342291

-0.640625 0.0342291
-0.625 0.0335342

-1.71875 0.0646836
-1.70312 0.0645782

-1.70312 0.0645782
-1.6875 0.06446

-0.625 0.0335342
-0.609375 0.0328347

-0.609375 0.0328347
-0.59375 0.0321306

0.65625 -0.030737
0.666814 -0.03125

2.4375 -0.0577431
2.45312 -0.0570104

0.6875 -0.0322443
0.703125 -0.0329958

-1.6875 0.06446
-1.67188 0.0643292

0.703125 -0.0329958
0.71875 -0.0337435

2.45312 -0.0570105
2.46875 -0.0562505

0.71875 -0.0337435
0.734375 -0.0344873

-0.5625 0.0307169
-0.574183 0.03125

-0.59375 0.0321306
-0.578125 0.031422

-1.67188 0.0643292
-1.65625 0.0641859

-0.578125 0.0313955
-0.574937 0.03125

2.46875 -0.0562506
2.48438 -0.0554628

0.734375 -0.0344874
0.75 -0.0352271

2.48438 -0.0554629
2.5 -0.0546471

-1.65625 0.0641859
-1.64062 0.0640303

-1.64062 0.0640302
-1.625 0.0638624

-0.5625 0.030709
-0.546875 0.0299918

-1.625 0.0638624
-1.60938 0.0636826

-1.60938 0.0636825
-1.59375 0.0634908

-1.59375 0.0634907
-1.57812 0.0632872

-1.57812 0.0632872
-1.5625 0.0630721

-1.51562 0.062361
-1.52434 0.0625

-1.51562 0.0623585
-1.5 0.0620984

-1.5625 0.0630721
-1.54688 0.0628455

0.75 -0.0352272
0.765625 -0.0359628

-0.546875 0.0299917
-0.53125 0.0292702

-0.53125 0.0292702
-0.515625 0.0285445

0.765625 -0.0359628
0.78125 -0.0366941

0.78125 -0.0366942
0.796875 -0.0374211

0.796875 -0.0374211
0.8125 -0.0381435

-1.54688 0.0628455
-1.53125 0.0626076

-1.53125 0.0626042
-1.52471 0.0625

-0.515625 0.0285445
-0.5 0.0278147

2.5 -0.0546472
2.51562 -0.0538028

2.51562 -0.0538029
2.53125 -0.0529297

2.53125 -0.0529298
2.54688 -0.0520273

2.54688 -0.0520275
2.5625 -0.0510953

-0.5 0.0278147
-0.484375 0.027081

0.8125 -0.0381435
0.828125 -0.0388612

2.5625 -0.0510954
2.57812 -0.0501331

2.57812 -0.0501332
2.59375 -0.0491404

2.59375 -0.0491405
2.60938 -0.0481167

2.60938 -0.0481168
2.625 -0.0470616

0.828125 -0.0388612
0.84375 -0.0395741

0.84375 -0.0395742
0.859375 -0.0402822

0.859375 -0.0402822
0.875 -0.0409851

-0.484375 0.0270809
-0.46875 0.0263433

0.875 -0.0409851
0.890625 -0.0416828

2.625 -0.0471567
2.62905 -0.046875

2.62733 -0.046875
2.64062 -0.0459502

0.890625 -0.0416829
0.90625 -0.0423753

0.90625 -0.0423753
0.921875 -0.0430622

0.921875 -0.0430622
0.9375 -0.0437436

0.9375 -0.0437436
0.953125 -0.0444191

0.953125 -0.0444192
0.96875 -0.0450889

0.96875 -0.0450889
0.984375 -0.0457525

0.984375 -0.0457526
1 -0.04641

-0.46875 0.0263433
-0.453125 0.0256019

-0.453125 0.0256019
-0.4375 0.0248569

-0.4375 0.0248568
-0.421875 0.0241082

2.64062 -0.0459747
2.65625 -0.0448555

2.65625 -0.0448556
2.67188 -0.0437038

2.67188 -0.0437039
2.6875 -0.0425191

2.6875 -0.0425193
2.70312 -0.041301

2.70312 -0.0413012
2.71875 -0.040049

2.71875 -0.0400492
2.73438 -0.0387627

2.73438 -0.0387628
2.75 -0.0374414

-0.421875 0.0241082
-0.40625 0.0233561

-0.40625 0.023356
-0.390625 0.0226005

-0.390625 0.0226005
-0.375 0.0218417

1.01562 -0.0470458
1.01153 -0.046875

-0.375 0.0218417
-0.359375 0.0210797

-0.359375 0.0210797
-0.34375 0.0203146

1 -0.046416
1.01101 -0.046875

1.01562 -0.0470612
1.03125 -0.047706

1.03125 -0.047706
1.04688 -0.0483442

1.04688 -0.0483443
1.0625 -0.0489758

1.0625 -0.0489759
1.07812 -0.0496006

1.07812 -0.0496007
1.09375 -0.0502185

1.09375 -0.0502185
1.10938 -0.0508293

1.10938 -0.0508293
1.125 -0.0514328

2.75 -0.0374415
2.76562 -0.0360848

2.76562 -0.0360848
2.78125 -0.0346923

2.78125 -0.0346924
2.79688 -0.0332636

2.79688 -0.0332637
2.8125 -0.0317982

2.8125 -0.0319118
2.81938 -0.03125

2.81748 -0.03125
2.82812 -0.0302263

2.82812 -0.0302957
2.84375 -0.0287553

2.84375 -0.0287554
2.85938 -0.0271767

2.85938 -0.0271769
2.875 -0.0255595

-0.34375 0.0203146
-0.328125 0.0195465

-0.328125 0.0195465
-0.3125 0.0187756

-0.3125 0.0187755
-0.296875 0.0180018

1.125 -0.0514329
1.14062 -0.052029

1.14062 -0.052029
1.15625 -0.0526177

1.15625 -0.0526177
1.17188 -0.0531986

1.17188 -0.0531987
1.1875 -0.0537718

-0.296875 0.0180018
-0.28125 0.0172254

-0.28125 0.0172253
-0.265625 0.0164464

-0.265625 0.0164463
-0.25 0.0156649

2.875 -0.0255596
2.89062 -0.023903

-0.234375 0.0148819
-0.249187 0.015625

-0.25 0.01564
-0.249701 0.015625

2.89062 -0.0239031
2.90625 -0.0222067

2.90625 -0.0222068
2.92188 -0.0204702

2.92188 -0.0204703
2.9375 -0.0186928

-0.234375 0.014881
-0.21875 0.0140948

-0.21875 0.0140947
-0.203125 0.0133062

-0.203125 0.0133062
-0.1875 0.0125155

-0.1875 0.0125155
-0.171875 0.0117227

-0.171875 0.0117226
-0.15625 0.0109278

-0.15625 0.0109278
-0.140625 0.0101311

-0.140625 0.010131
-0.125 0.00933251

2.9375 -0.018693
2.95312 -0.0168741

-0.125 0.00933248
-0.109375 0.00853222

1.1875 -0.0537718
1.20312 -0.0543369

1.20312 -0.054337
1.21875 -0.0548939

1.21875 -0.054894
1.23438 -0.0554427

1.23438 -0.0554427
1.25 -0.055983

2.95312 -0.0168011
2.963 -0.015625

1.25 -0.055983
1.26562 -0.0565146

1.26562 -0.0565147
1.28125 -0.0570375

1.28125 -0.0570376
1.29688 -0.0575515

1.29688 -0.0575516
1.3125 -0.0580564

-0.109375 0.0085322
-0.09375 0.00773032

-0.09375 0.00773029
-0.078125 0.00692689

-0.078125 0.00692687
-0.0625 0.00612205

2.96502 -0.015625
2.96875 -0.0151811

1.3125 -0.0580564
1.32812 -0.058552

-0.0625 0.00612202
-0.046875 0.00531589

1.32812 -0.0585521
1.34375 -0.0590383

2.96875 -0.0150132
2.98438 -0.0131106

-0.046875 0.00531586
-0.03125 0.00450851

2.98438 -0.0131096
3 -0.0111676

1.34375 -0.0590383
1.35938 -0.0595149

1.35938 -0.0595149
1.375 -0.0599818

-0.03125 0.00450848
-0.015625 0.00370002

-0.015625 0.00369999
0 0.00289053

3 -0.0111805
3.03125 -0.00717033

1.375 -0.0599818
1.39062 -0.0604387

1.39062 -0.0604388
1.40625 -0.0608856

1.40625 -0.0608857
1.42188 -0.0613222

1.42188 -0.0613223
1.4375 -0.0617484

1.46875 -0.0625518
1.46675 -0.0625

1.46875 -0.0625686
1.48438 -0.0629624

1.48438 -0.0629624
1.5 -0.063345

1.4375 -0.0617484
1.45312 -0.0621639

1.45312 -0.062167
1.46598 -0.0625

3.03125 -0.00639415
3.0625 -0.00376555

3.0625 -0.00447398
3.125 -0.00225097

3.125 -0.00314186
3.25 -0.00130095

3.25 -0.00192193
3.5 -0.000487109

3.5 -0.00136466
3.84043 0

