-3.96934 0
-3.5 0.00209636

-3.5 0.00103293
-3.25 0.00257832

-3.25 0.00226457
-3.125 0.00418499

-3.125 0.00365933
-3.0625 0.0055399

-3.0625 0.00461288
-3.03125 0.00671265

-3.03125 0.00750208
-3 0.0110365

0.046875 -0.000626749
0.034679 0

0.046875 -0.000639262
0.0625 -0.00144255

0.0625 -0.00144257
0.078125 -0.00224609

0.078125 -0.00224611
0.09375 -0.00304977

0.09375 -0.00304979
0.109375 -0.00385349

0.109375 -0.00385352
0.125 -0.00465717

-3 0.0110254
-2.98438 0.0127393

-2.98438 0.0127404
-2.96875 0.0144212

-2.96875 0.0144093
-2.95721 0.015625

0.125 -0.00465719
0.140625 -0.00546069

0.140625 -0.00546071
0.15625 -0.00626396

-2.95762 0.015625
-2.95312 0.0160979

-2.95312 0.0160666
-2.9375 0.0176772

-2.9375 0.0176771
-2.92188 0.0192531

-2.92188 0.019253
-2.90625 0.0207949

0.15625 -0.00626399
0.171875 -0.00706688

0.171875 -0.00706691
0.1875 -0.00786935

-2.90625 0.0207948
-2.89062 0.0223029

0.1875 -0.00786937
0.203125 -0.00867126

0.203125 -0.00867129
0.21875 -0.00947252

-2.89062 0.0223028
-2.875 0.0237776

0.21875 -0.00947255
0.234375 -0.010273

-2.875 0.0237774
-2.85938 0.0252193

-2.85938 0.0252192
-2.84375 0.0266287

-2.84375 0.0266286
-2.82812 0.028006

-2.82812 0.0280059
-2.8125 0.0293519

-1.5 0.0618081
-1.48438 0.0615183

1.5 -0.0626423
1.51562 -0.0629927

-1.48438 0.0615182
-1.46875 0.0612176

1.51562 -0.0629928
1.53125 -0.0633319

0.234375 -0.010273
0.25 -0.0110726

1.53125 -0.0633319
1.54688 -0.0636596

1.54688 -0.0636597
1.5625 -0.0639757

0.25 -0.0110727
0.265625 -0.0118713

1.5625 -0.0639758
1.57812 -0.06428

-2.8125 0.0293518
-2.79688 0.0306668

1.57812 -0.06428
1.59375 -0.0645723

0.265625 -0.0118713
0.28125 -0.0126689

0.28125 -0.0126689
0.296875 -0.0134653

0.296875 -0.0134653
0.3125 -0.0142604

1.59375 -0.0645723
1.60938 -0.0648524

-2.79688 0.0305925
-2.78888 0.03125

-2.79054 0.03125
-2.78125 0.0320139

-2.78125 0.031951
-2.76562 0.0332051

-2.76562 0.033205
-2.75 0.0344292

-2.75 0.0344292
-2.73438 0.0356239

-2.73438 0.0356238
-2.71875 0.0367893

-2.71875 0.0367892
-2.70312 0.0379259

-2.70312 0.0379258
-2.6875 0.0390341

1.60938 -0.0648524
1.625 -0.0651201

-1.46875 0.0612175
-1.45312 0.0609062

1.625 -0.0651201
1.64062 -0.0653752

1.64062 -0.0653752
1.65625 -0.0656176

0.3125 -0.0142604
0.328125 -0.015054

0.34375 -0.0158172
0.33996 -0.015625

0.328125 -0.0150647
0.339178 -0.015625

0.34375 -0.0158462
0.359375 -0.0166368

0.359375 -0.0166368
0.375 -0.0174259

1.65625 -0.0656176
1.67188 -0.065847

-2.6875 0.039034
-2.67188 0.0401143

-2.67188 0.0401142
-2.65625 0.0411668

-2.65625 0.0411667
-2.64062 0.042192

-1.45312 0.0609061
-1.4375 0.0605842

0.375 -0.0174259
0.390625 -0.0182132

0.390625 -0.0182133
0.40625 -0.0189989

0.40625 -0.0189989
0.421875 -0.0197826

0.421875 -0.0197826
0.4375 -0.0205644

0.4375 -0.0205644
0.453125 -0.021344

0.453125 -0.0213441
0.46875 -0.0221215

0.46875 -0.0221215
0.484375 -0.0228967

0.484375 -0.0228967
0.5 -0.0236694

0 0.00176863
0.015625 0.000966372

0.015625 0.000966333
0.03125 0.000163706

0.03125 0.000104888
0.033291 0

-2.64062 0.0421919
-2.625 0.0431903

-1.4375 0.0605842
-1.42188 0.0602518

0.5 -0.0236694
0.515625 -0.0244396

0.515625 -0.0244396
0.53125 -0.0252072

-1.42188 0.0602518
-1.40625 0.0599092

1.67188 -0.065847
1.6875 -0.0660633

-2.625 0.0431902
-2.60938 0.044162

1.6875 -0.0660633
1.70312 -0.0662662

0.53125 -0.0252072
0.546875 -0.0259719

1.70312 -0.0662662
1.71875 -0.0664555

-1.40625 0.0599092
-1.39062 0.0595564

1.71875 -0.0664556
1.73438 -0.0666311

-1.39062 0.0595564
-1.375 0.0591936

0.546875 -0.025972
0.5625 -0.0267338

0.5625 -0.0267338
0.578125 -0.0274927

-2.60938 0.0441619
-2.59375 0.0451075

0.578125 -0.0274927
0.59375 -0.0282484

-1.375 0.0591936
-1.35938 0.058821

0.59375 -0.0282484
0.609375 -0.0290009

0.609375 -0.0290009
0.625 -0.0297499

1.73438 -0.0666311
1.75 -0.0667927

0.625 -0.02975
0.640625 -0.0304955

0.640625 -0.0304955
0.65625 -0.0312374

-2.59375 0.0451074
-2.57812 0.0460271

0.671875 -0.0319754
0.65652 -0.03125

0.671875 -0.0319756
0.6875 -0.03271

-2.57812 0.0460259
-2.56329 0.046875

-1.35938 0.0588209
-1.34375 0.0584385

-1.34375 0.0584385
-1.32812 0.0580465

-1.32812 0.0580465
-1.3125 0.057645

-1.3125 0.057645
-1.29688 0.0572341

-1.29688 0.0572341
-1.28125 0.056814

-1.28125 0.056814
-1.26562 0.0563847

-1.26562 0.0563847
-1.25 0.0559465

-1.25 0.0559465
-1.23438 0.0554994

-1.23438 0.0554994
-1.21875 0.0550436

-1.21875 0.0550436
-1.20312 0.0545792

-1.20312 0.0545791
-1.1875 0.0541062

-1.1875 0.0541062
-1.17188 0.0536249

-1.17188 0.0536249
-1.15625 0.0531354

-1.15625 0.0531354
-1.14062 0.0526377

-1.14062 0.0526377
-1.125 0.0521321

-2.56361 0.046875
-2.5625 0.0469387

-2.5625 0.0469212
-2.54688 0.0477901

-2.54688 0.0477901
-2.53125 0.0486341

-2.53125 0.048634
-2.51562 0.0494534

-2.51562 0.0494533
-2.5 0.0502483

-2.5 0.0502483
-2.48438 0.0510192

-2.48438 0.0510192
-2.46875 0.0517664

-2.46875 0.0517663
-2.45312 0.0524901

-2.45312 0.05249
-2.4375 0.0531906

-2.4375 0.0531905
-2.42188 0.0538682

-2.42188 0.0538682
-2.40625 0.0545232

-2.40625 0.0545232
-2.39062 0.0551559

-2.39062 0.0551558
-2.375 0.0557665

-2.375 0.0557664
-2.35938 0.0563553

-2.35938 0.0563552
-2.34375 0.0569226

0.6875 -0.03271
0.703125 -0.0334406

0.703125 -0.0334406
0.71875 -0.0341672

0.71875 -0.0341673
0.734375 -0.0348898

0.734375 -0.0348898
0.75 -0.0356081

0.75 -0.0356082
0.765625 -0.0363222

0.765625 -0.0363222
0.78125 -0.0370318

0.78125 -0.0370318
0.796875 -0.0377368

0.796875 -0.0377368
0.8125 -0.0384371

0.8125 -0.0384371
0.828125 -0.0391326

0.828125 -0.0391327
0.84375 -0.0398232

0.84375 -0.0398232
0.859375 -0.0405087

0.859375 -0.0405088
0.875 -0.0411891

0.875 -0.0411891
0.890625 -0.0418641

0.890625 -0.0418641
0.90625 -0.0425337

0.90625 -0.0425337
0.921875 -0.0431977

0.921875 -0.0431978
0.9375 -0.0438561

0.9375 -0.0438561
0.953125 -0.0445086

0.953125 -0.0445086
0.96875 -0.0451551

0.96875 -0.0451551
0.984375 -0.0457956

0.984375 -0.0457956
1 -0.0464297

1.75 -0.0667928
1.76562 -0.0669401

1.76562 -0.0669402
1.78125 -0.0670732

1.78125 -0.0670732
1.79688 -0.0671916

1.79688 -0.0671916
1.8125 -0.0672952

1.8125 -0.0672952
1.82812 -0.0673837

1.82812 -0.0673838
1.84375 -0.0674571

1.84375 -0.0674571
1.85938 -0.0675149

1.85938 -0.067515
1.875 -0.0675571

1.01562 -0.0469706
1.01325 -0.046875

1 -0.0464578
1.01038 -0.046875

1.01562 -0.0470576
1.03125 -0.0476789

1.03125 -0.047679
1.04688 -0.0482938

1.04688 -0.0482939
1.0625 -0.0489021

1.0625 -0.0489021
1.07812 -0.0495036

1.07812 -0.0495036
1.09375 -0.0500981

1.09375 -0.0500982
1.10938 -0.0506857

1.10938 -0.0506857
1.125 -0.051266

1.875 -0.0675571
1.89062 -0.0675833

1.89062 -0.0675834
1.90625 -0.0675934

1.90625 -0.0675935
1.92188 -0.0675871

1.92188 -0.0675872
1.9375 -0.0675643

1.9375 -0.0675643
1.95312 -0.0675245

1.95312 -0.0675246
1.96875 -0.0674677

-2.34375 0.0569225
-2.32812 0.0574686

-2.32812 0.0574685
-2.3125 0.0579936

-2.3125 0.0579935
-2.29688 0.0584978

-2.29688 0.0584978
-2.28125 0.0589816

-1.125 0.0521321
-1.10938 0.0516186

-1.10938 0.0516185
-1.09375 0.0510973

-1.09375 0.0510973
-1.07812 0.0505684

-1.07812 0.0505684
-1.0625 0.050032

1.125 -0.051266
1.14062 -0.051839

1.14062 -0.051839
1.15625 -0.0524045

1.15625 -0.0524045
1.17188 -0.0529623

1.17188 -0.0529624
1.1875 -0.0535124

1.1875 -0.0535124
1.20312 -0.0540545

1.20312 -0.0540546
1.21875 -0.0545886

1.21875 -0.0545886
1.23438 -0.0551144

1.23438 -0.0551145
1.25 -0.0556319

1.25 -0.0556319
1.26562 -0.0561408

1.26562 -0.0561408
1.28125 -0.056641

1.28125 -0.056641
1.29688 -0.0571324

1.29688 -0.0571324
1.3125 -0.0576147

1.3125 -0.0576148
1.32812 -0.0580879

1.32812 -0.058088
1.34375 -0.0585518

1.34375 -0.0585519
1.35938 -0.0590063

1.35938 -0.0590063
1.375 -0.059451

1.375 -0.0594511
1.39062 -0.059886

1.39062 -0.0598861
1.40625 -0.060311

1.40625 -0.0603111
1.42188 -0.0607259

1.42188 -0.060726
1.4375 -0.0611305

1.5 -0.0626356
1.49414 -0.0625

1.4375 -0.0611306
1.45312 -0.0615246

1.96875 -0.0674678
1.98438 -0.0673936

1.98438 -0.0673937
2 -0.0673019

1.45312 -0.0615246
1.46875 -0.061908

1.46875 -0.0619081
1.48438 -0.0622807

1.48438 -0.062285
1.49367 -0.0625

2 -0.067302
2.01562 -0.0671924

2.01562 -0.0671924
2.03125 -0.0670648

2.03125 -0.0670648
2.04688 -0.0669189

2.04688 -0.0669189
2.0625 -0.0667544

-1.0625 0.050032
-1.04688 0.0494882

-1.04688 0.0494882
-1.03125 0.0489372

-1.03125 0.0489372
-1.01562 0.048379

-1.01562 0.048379
-1 0.0478138

-1 0.0478138
-0.984375 0.0472417

-0.96875 0.0466709
-0.974259 0.046875

-0.984375 0.047237
-0.974603 0.046875

-0.96875 0.0466628
-0.953125 0.0460771

-0.953125 0.0460771
-0.9375 0.0454849

-0.9375 0.0454848
-0.921875 0.044886

-2.28125 0.0589816
-2.26562 0.0594452

-2.26562 0.0594451
-2.25 0.0598888

-2.25 0.0598887
-2.23438 0.0603127

-2.23438 0.0603126
-2.21875 0.0607171

-2.21875 0.0607171
-2.20312 0.0611023

-0.921875 0.044886
-0.90625 0.0442807

-2.20312 0.0611023
-2.1875 0.0614685

-0.90625 0.0442807
-0.890625 0.0436691

-2.1875 0.0614685
-2.17188 0.061816

-2.17188 0.0618159
-2.15625 0.0621449

2.0625 -0.0667544
2.07812 -0.066571

2.07812 -0.0665711
2.09375 -0.0663686

2.09375 -0.0663686
2.10938 -0.0661467

-2.15625 0.0621448
-2.14062 0.0624554

-2.14062 0.0624388
-2.13736 0.0625

-0.890625 0.0436691
-0.875 0.0430513

2.10938 -0.0661468
2.125 -0.0659052

2.125 -0.0659053
2.14062 -0.0656438

2.14062 -0.0656439
2.15625 -0.0653622

2.15625 -0.0653622
2.17188 -0.0650601

2.17188 -0.0650601
2.1875 -0.0647372

2.1875 -0.0647372
2.20312 -0.0643932

-2.13843 0.0625
-2.125 0.0627514

2.20312 -0.0643933
2.21875 -0.0640279

-0.875 0.0430513
-0.859375 0.0424274

-2.125 0.0627479
-2.10938 0.0630225

-2.10938 0.0630224
-2.09375 0.0632793

2.21875 -0.064028
2.23438 -0.063641

-0.859375 0.0424274
-0.84375 0.0417975

-2.09375 0.0632793
-2.07812 0.0635187

2.23438 -0.0636411
2.25 -0.0632321

-2.07812 0.0635186
-2.0625 0.0637407

-0.84375 0.0417974
-0.828125 0.0411616

-0.828125 0.0411616
-0.8125 0.04052

2.25 -0.0632322
2.26562 -0.062801

2.26562 -0.0628033
2.27607 -0.0625

2.27584 -0.0625
2.28125 -0.062343

2.28125 -0.0623474
2.29688 -0.0618709

2.29688 -0.061871
2.3125 -0.0613713

-2.0625 0.0637407
-2.04688 0.0639457

-2.04688 0.0639456
-2.03125 0.0641338

-0.8125 0.04052
-0.796875 0.0398727

-0.796875 0.0398727
-0.78125 0.0392199

2.3125 -0.0613714
2.32812 -0.0608484

2.32812 -0.0608484
2.34375 -0.0603017

2.34375 -0.0603018
2.35938 -0.059731

2.35938 -0.0597311
2.375 -0.0591359

-2.03125 0.0641337
-2.01562 0.0643052

-2.01562 0.0643051
-2 0.0644601

-0.78125 0.0392199
-0.765625 0.0385616

-0.765625 0.0385616
-0.75 0.0378979

2.375 -0.059136
2.39062 -0.0585161

2.39062 -0.0585161
2.40625 -0.0578712

-0.75 0.0378979
-0.734375 0.037229

-0.734375 0.037229
-0.71875 0.036555

-0.71875 0.036555
-0.703125 0.035876

-0.703125 0.035876
-0.6875 0.0351921

-2 0.0644601
-1.98438 0.0645988

-1.98438 0.0645987
-1.96875 0.0647214

-1.96875 0.0647213
-1.95312 0.0648281

-0.6875 0.035192
-0.671875 0.0345033

-0.671875 0.0345033
-0.65625 0.0338099

2.40625 -0.0578713
2.42188 -0.0572009

2.42188 -0.057201
2.4375 -0.056505

2.4375 -0.056505
2.45312 -0.0557829

2.45312 -0.055783
2.46875 -0.0550344

2.46875 -0.0550344
2.48438 -0.0542591

2.48438 -0.0542592
2.5 -0.0534566

-1.95312 0.064828
-1.9375 0.0649191

-1.9375 0.064919
-1.92188 0.0649946

2.5 -0.0534567
2.51562 -0.0526267

2.51562 -0.0526268
2.53125 -0.0517688

-1.92188 0.0649945
-1.90625 0.0650548

-0.65625 0.0338099
-0.640625 0.033112

2.53125 -0.0517689
2.54688 -0.0508827

-0.640625 0.033112
-0.625 0.0324096

-1.90625 0.0650547
-1.89062 0.0650998

-1.89062 0.0650998
-1.875 0.06513

-1.875 0.0651299
-1.85938 0.0651454

-1.85938 0.0651453
-1.84375 0.0651461

-1.84375 0.0651461
-1.82812 0.0651325

-1.82812 0.0651325
-1.8125 0.0651047

2.54688 -0.0508828
2.5625 -0.0499679

2.5625 -0.049968
2.57812 -0.049024

-0.59375 0.0310045
-0.599146 0.03125

2.57812 -0.0490241
2.59375 -0.0480506

-1.8125 0.0651046
-1.79688 0.0650627

2.59375 -0.0480508
2.60938 -0.0470474

-0.625 0.0324095
-0.609375 0.0317028

-0.609375 0.0316958
-0.599578 0.03125

-0.59375 0.0309919
-0.578125 0.0302768

-0.578125 0.0302767
-0.5625 0.0295575

-0.5625 0.0295575
-0.546875 0.0288342

-0.546875 0.0288342
-0.53125 0.028107

-0.53125 0.028107
-0.515625 0.027376

-0.515625 0.027376
-0.5 0.0266413

2.60938 -0.0471176
2.61304 -0.046875

2.61173 -0.046875
2.625 -0.045997

-1.79688 0.0650627
-1.78125 0.0650069

-1.78125 0.0650068
-1.76562 0.0649373

-1.76562 0.0649373
-1.75 0.0648542

2.625 -0.0460139
2.64062 -0.0449496

2.64062 -0.0449497
2.65625 -0.0438545

2.65625 -0.0438546
2.67188 -0.0427281

-0.5 0.0266413
-0.484375 0.025903

-1.75 0.0648541
-1.73438 0.0647576

2.67188 -0.0427282
2.6875 -0.0415699

-1.73438 0.0647576
-1.71875 0.0646478

-0.484375 0.025903
-0.46875 0.0251613

-0.46875 0.0251612
-0.453125 0.0244161

-0.453125 0.0244161
-0.4375 0.0236676

-0.4375 0.0236676
-0.421875 0.022916

-1.71875 0.0646478
-1.70312 0.064525

-1.70312 0.0645249
-1.6875 0.0643892

2.6875 -0.04157
2.70312 -0.0403795

2.70312 -0.0403796
2.71875 -0.0391564

2.71875 -0.0391566
2.73438 -0.0379003

2.73438 -0.0379004
2.75 -0.0366106

-1.6875 0.0643891
-1.67188 0.0642406

-1.67188 0.0642406
-1.65625 0.0640794

-1.65625 0.0640794
-1.64062 0.0639058

-1.64062 0.0639058
-1.625 0.0637199

2.75 -0.0366107
2.76562 -0.0352868

2.76562 -0.0352869
2.78125 -0.0339286

2.78125 -0.0339287
2.79688 -0.0325354

2.79688 -0.0325378
2.81096 -0.03125

-1.625 0.0637198
-1.60938 0.0635218

-1.60938 0.0635218
-1.59375 0.0633118

-1.59375 0.0633117
-1.57812 0.0630899

-1.57812 0.0630899
-1.5625 0.0628563

2.81073 -0.03125
2.8125 -0.0310878

2.8125 -0.0313979
2.81408 -0.03125

-0.421875 0.022916
-0.40625 0.0221613

2.8125 -0.0310994
2.82812 -0.0296349

-1.53125 0.0623574
-1.53994 0.0625

-1.53125 0.0623547
-1.51562 0.062087

2.82812 -0.0296425
2.84375 -0.0281418

-1.51562 0.062087
-1.5 0.0618081

-0.40625 0.0221613
-0.390625 0.0214036

-1.5625 0.0628563
-1.54688 0.0626112

2.84375 -0.0281419
2.85938 -0.0266045

2.85938 -0.0266046
2.875 -0.02503

-0.390625 0.0214036
-0.375 0.020643

-0.375 0.020643
-0.359375 0.0198797

-0.359375 0.0198797
-0.34375 0.0191137

-0.34375 0.0191137
-0.328125 0.0183451

-0.328125 0.0183451
-0.3125 0.0175741

-1.54688 0.0626078
-1.54031 0.0625

2.875 -0.0250301
2.89062 -0.0234177

2.89062 -0.0234179
2.90625 -0.0217673

2.90625 -0.0217674
2.92188 -0.020078

2.92188 -0.0200782
2.9375 -0.0183495

-0.3125 0.0175741
-0.296875 0.0168007

-0.296875 0.0168007
-0.28125 0.0160251

-0.265625 0.0152649
-0.272858 0.015625

-0.28125 0.0160085
-0.273545 0.015625

-0.265625 0.0152473
-0.25 0.0144674

2.9375 -0.0183497
2.95312 -0.0165812

2.95312 -0.0165302
2.96094 -0.015625

2.96188 -0.015625
2.96875 -0.0148301

2.96875 -0.0147723
2.98438 -0.012923

-0.25 0.0144674
-0.234375 0.0136853

-0.234375 0.0136853
-0.21875 0.0129013

-0.21875 0.0129013
-0.203125 0.0121153

-0.203125 0.0121153
-0.1875 0.0113276

-0.1875 0.0113276
-0.171875 0.0105381

-0.171875 0.0105381
-0.15625 0.00974699

-0.15625 0.00974696
-0.140625 0.00895436

-0.140625 0.00895433
-0.125 0.0081603

-0.125 0.00816028
-0.109375 0.00736492

-0.109375 0.00736489
-0.09375 0.00656831

-0.09375 0.00656828
-0.078125 0.00577057

-0.078125 0.00577055
-0.0625 0.00497182

2.98438 -0.0129221
3 -0.0110344

-0.0625 0.00497179
-0.046875 0.00417214

-0.046875 0.00417211
-0.03125 0.00337165

-0.03125 0.00337162
-0.015625 0.00257045

-0.015625 0.00257042
0 0.00176865

3 -0.0110482
3.03125 -0.00714411

3.03125 -0.0063884
3.0625 -0.00382097

3.0625 -0.00450785
3.125 -0.0023217

3.125 -0.00318595
3.25 -0.00135467

3.25 -0.00195505
3.5 -0.000514994

3.5 -0.00138939
3.84354 0

