-1.5 8.57101e-05
-1.48438 8.42032e-05

-1.48438 8.42033e-05
-1.46875 8.27373e-05

-3.5 5.82971e-06
-3.25 1.69501e-05

-3.25 1.45205e-05
-3.125 2.80889e-05

-1.46875 8.27374e-05
-1.45312 8.13117e-05

-1.45312 8.1312e-05
-1.4375 7.99257e-05

-3.125 2.38303e-05
-3.0625 3.74649e-05

-3.0625 3.12505e-05
-3.03125 4.67006e-05

-1.4375 7.9926e-05
-1.42188 7.85782e-05

-1.42188 7.85785e-05
-1.40625 7.72678e-05

-1.40625 7.72682e-05
-1.39062 7.59931e-05

-1.39062 7.59936e-05
-1.375 7.47526e-05

-3.03125 5.11259e-05
-3 7.87869e-05

-1.375 7.4753e-05
-1.35938 7.35445e-05

-1.35938 7.3545e-05
-1.34375 7.23671e-05

-1.34375 7.23676e-05
-1.32812 7.12185e-05

-1.32812 7.12191e-05
-1.3125 7.00969e-05

-1.3125 7.00974e-05
-1.29688 6.90001e-05

-1.29688 6.90007e-05
-1.28125 6.7926e-05

-1.28125 6.79266e-05
-1.26562 6.68723e-05

-1.26562 6.68729e-05
-1.25 6.58365e-05

-3 7.95126e-05
-2.98438 9.43968e-05

-2.98438 9.45069e-05
-2.96875 0.000108773

-2.96875 0.000108759
-2.95312 0.000122216

-2.95312 0.000122228
-2.9375 0.000134879

-1.25 6.58371e-05
-1.23438 6.4816e-05

-1.23438 6.48167e-05
-1.21875 6.38081e-05

-2.9375 0.000134873
-2.92188 0.000146706

-2.92188 0.000146704
-2.90625 0.000157736

-1.21875 6.38088e-05
-1.20312 6.281e-05

-1.20312 6.28107e-05
-1.1875 6.18187e-05

-2.90625 0.000157728
-2.89062 0.000167978

-1.1875 6.18194e-05
-1.17188 6.08314e-05

-1.17188 6.08321e-05
-1.15625 5.9845e-05

-1.15625 5.98457e-05
-1.14062 5.88569e-05

-2.89062 0.000167974
-2.875 0.000177463

-2.875 0.000177455
-2.85938 0.000186209

-2.85938 0.000186204
-2.84375 0.00019425

0 -9.02666e-07
0.015625 -1.45345e-06

0.015625 -1.45334e-06
0.03125 -2.00446e-06

0.03125 -2.00436e-06
0.046875 -2.55624e-06

1.5 -8.60027e-05
1.51562 -8.75544e-05

1.51562 -8.75544e-05
1.53125 -8.91505e-05

1.53125 -8.91506e-05
1.54688 -9.07908e-05

1.54688 -9.0791e-05
1.5625 -9.24748e-05

1.5625 -9.2475e-05
1.57812 -9.42018e-05

1.57812 -9.4202e-05
1.59375 -9.5971e-05

1.59375 -9.59711e-05
1.60938 -9.77815e-05

1.60938 -9.77816e-05
1.625 -9.96326e-05

1.625 -9.96327e-05
1.64062 -0.000101524

1.64062 -0.000101524
1.65625 -0.000103455

1.65625 -0.000103455
1.67188 -0.000105426

1.67188 -0.000105426
1.6875 -0.000107438

1.6875 -0.000107438
1.70312 -0.000109492

1.70312 -0.000109491
1.71875 -0.000111589

1.71875 -0.000111588
1.73438 -0.00011373

1.73438 -0.00011373
1.75 -0.000115919

-2.84375 0.000194241
-2.82812 0.000201606

-2.82812 0.000201599
-2.8125 0.000208316

-1.14062 5.88576e-05
-1.125 5.78645e-05

-1.125 5.7865e-05
-1.10938 5.68652e-05

-1.10938 5.68657e-05
-1.09375 5.58573e-05

-1.09375 5.58576e-05
-1.07812 5.48389e-05

-1.07812 5.48391e-05
-1.0625 5.38089e-05

-1.0625 5.3809e-05
-1.04688 5.27667e-05

-1.04688 5.27667e-05
-1.03125 5.1712e-05

-1.03125 5.17119e-05
-1.01562 5.06451e-05

-1.01562 5.06449e-05
-1 4.95668e-05

-1 4.95665e-05
-0.984375 4.84782e-05

-0.984375 4.84777e-05
-0.96875 4.73807e-05

-0.96875 4.73802e-05
-0.953125 4.62762e-05

-0.953125 4.62757e-05
-0.9375 4.51667e-05

-0.9375 4.51662e-05
-0.921875 4.40542e-05

-0.921875 4.40537e-05
-0.90625 4.29409e-05

-0.90625 4.29404e-05
-0.890625 4.18291e-05

-0.890625 4.18286e-05
-0.875 4.07208e-05

-0.875 4.07203e-05
-0.859375 3.96182e-05

-0.859375 3.96177e-05
-0.84375 3.85232e-05

-0.84375 3.85227e-05
-0.828125 3.74377e-05

-0.828125 3.74373e-05
-0.8125 3.63635e-05

-0.8125 3.63631e-05
-0.796875 3.5302e-05

-0.796875 3.53017e-05
-0.78125 3.42549e-05

-0.78125 3.42546e-05
-0.765625 3.32232e-05

-0.765625 3.32229e-05
-0.75 3.22081e-05

-0.75 3.22079e-05
-0.734375 3.12106e-05

-0.734375 3.12105e-05
-0.71875 3.02315e-05

-0.71875 3.02314e-05
-0.703125 2.92714e-05

-0.703125 2.92713e-05
-0.6875 2.83307e-05

-0.6875 2.83306e-05
-0.671875 2.74098e-05

-0.671875 2.74098e-05
-0.65625 2.65089e-05

-0.65625 2.65089e-05
-0.640625 2.5628e-05

-0.640625 2.5628e-05
-0.625 2.4767e-05

-0.625 2.4767e-05
-0.609375 2.39255e-05

-0.609375 2.39257e-05
-0.59375 2.31033e-05

-0.59375 2.31035e-05
-0.578125 2.22998e-05

-0.578125 2.23e-05
-0.5625 2.15143e-05

-0.5625 2.15145e-05
-0.546875 2.0746e-05

-0.546875 2.07463e-05
-0.53125 1.99941e-05

-0.53125 1.99943e-05
-0.515625 1.92575e-05

-0.515625 1.92578e-05
-0.5 1.85353e-05

-0.015625 -3.51891e-07
0 -9.02776e-07

-0.5 1.85355e-05
-0.484375 1.78262e-05

-0.484375 1.78265e-05
-0.46875 1.71293e-05

-0.46875 1.71296e-05
-0.453125 1.64434e-05

-0.453125 1.64437e-05
-0.4375 1.57676e-05

-0.4375 1.57678e-05
-0.421875 1.51007e-05

-0.421875 1.51009e-05
-0.40625 1.44419e-05

-0.40625 1.44421e-05
-0.390625 1.37906e-05

-0.390625 1.37907e-05
-0.375 1.3146e-05

-0.375 1.31461e-05
-0.359375 1.25076e-05

-0.359375 1.25077e-05
-0.34375 1.1875e-05

-0.34375 1.18751e-05
-0.328125 1.1248e-05

-0.328125 1.1248e-05
-0.3125 1.06263e-05

-0.3125 1.06263e-05
-0.296875 1.00097e-05

-0.296875 1.00097e-05
-0.28125 9.3982e-06

-0.28125 9.39821e-06
-0.265625 8.79169e-06

-0.265625 8.79171e-06
-0.25 8.19011e-06

-0.25 8.19013e-06
-0.234375 7.59339e-06

-0.234375 7.59341e-06
-0.21875 7.00145e-06

-0.21875 7.00148e-06
-0.203125 6.41418e-06

-0.203125 6.41422e-06
-0.1875 5.83146e-06

-0.1875 5.83151e-06
-0.171875 5.25311e-06

-0.171875 5.25316e-06
-0.15625 4.67892e-06

-0.15625 4.67899e-06
-0.140625 4.10866e-06

-0.140625 4.10873e-06
-0.125 3.54204e-06

-0.125 3.54212e-06
-0.109375 2.97874e-06

-0.109375 2.97883e-06
-0.09375 2.41844e-06

-0.09375 2.41853e-06
-0.078125 1.86074e-06

-0.078125 1.86084e-06
-0.0625 1.30526e-06

-0.0625 1.30537e-06
-0.046875 7.51598e-07

-0.046875 7.51706e-07
-0.03125 1.99321e-07

1.75 -0.000115918
1.76562 -0.000118157

1.76562 -0.000118156
1.78125 -0.000120446

1.78125 -0.000120445
1.79688 -0.000122788

1.79688 -0.000122788
1.8125 -0.000125186

1.8125 -0.000125186
1.82812 -0.000127642

1.82812 -0.000127641
1.84375 -0.000130156

1.84375 -0.000130155
1.85938 -0.00013273

1.85938 -0.000132729
1.875 -0.000135364

1.875 -0.000135364
1.89062 -0.000138059

1.89062 -0.000138059
1.90625 -0.000140815

1.90625 -0.000140815
1.92188 -0.00014363

1.92188 -0.00014363
1.9375 -0.000146503

1.9375 -0.000146503
1.95312 -0.000149431

1.95312 -0.000149432
1.96875 -0.000152412

1.96875 -0.000152413
1.98438 -0.000155442

1.98438 -0.000155443
2 -0.000158517

0.046875 -2.55614e-06
0.0625 -3.10919e-06

2 -0.000158518
2.01562 -0.000161632

2.01562 -0.000161633
2.03125 -0.000164784

2.03125 -0.000164785
2.04688 -0.000167968

2.04688 -0.000167969
2.0625 -0.000171179

-2.8125 0.000208308
-2.79688 0.000214405

-2.79688 0.000214398
-2.78125 0.000219905

-2.78125 0.000219899
-2.76562 0.000224842

-2.76562 0.000224836
-2.75 0.00022924

0.0625 -3.1091e-06
0.078125 -3.66372e-06

0.078125 -3.66363e-06
0.09375 -4.22021e-06

0.09375 -4.22013e-06
0.109375 -4.77901e-06

0.109375 -4.77893e-06
0.125 -5.34045e-06

0.125 -5.34038e-06
0.140625 -5.90482e-06

0.140625 -5.90476e-06
0.15625 -6.47239e-06

0.15625 -6.47234e-06
0.171875 -7.04339e-06

0.171875 -7.04334e-06
0.1875 -7.61801e-06

0.1875 -7.61797e-06
0.203125 -8.19642e-06

0.203125 -8.19639e-06
0.21875 -8.77876e-06

0.21875 -8.77874e-06
0.234375 -9.36512e-06

0.234375 -9.3651e-06
0.25 -9.95559e-06

2.0625 -0.00017118
2.07812 -0.000174413

2.07812 -0.000174414
2.09375 -0.000177668

2.09375 -0.000177669
2.10938 -0.00018094

2.10938 -0.000180941
2.125 -0.000184225

2.125 -0.000184226
2.14062 -0.000187521

2.14062 -0.000187522
2.15625 -0.000190824

2.15625 -0.000190825
2.17188 -0.00019413

2.17188 -0.000194131
2.1875 -0.000197435

0.25 -9.95558e-06
0.265625 -1.05503e-05

-2.75 0.000229234
-2.73438 0.000233125

-2.73438 0.000233119
-2.71875 0.000236518

-2.71875 0.000236512
-2.70312 0.000239444

2.1875 -0.000197437
2.20312 -0.000200735

0.265625 -1.05502e-05
0.28125 -1.11492e-05

2.20312 -0.000200737
2.21875 -0.000204024

-2.70312 0.000239438
-2.6875 0.000241927

0.28125 -1.11491e-05
0.296875 -1.17524e-05

2.21875 -0.000204026
2.23438 -0.000207296

-2.6875 0.000241921
-2.67188 0.00024399

0.296875 -1.17524e-05
0.3125 -1.23601e-05

2.23438 -0.000207298
2.25 -0.000210543

2.25 -0.000210546
2.26562 -0.000213758

2.26562 -0.000213761
2.28125 -0.000216932

2.28125 -0.000216934
2.29688 -0.000220054

2.29688 -0.000220057
2.3125 -0.000223115

2.3125 -0.000223118
2.32812 -0.000226105

2.32812 -0.000226107
2.34375 -0.000229012

2.34375 -0.000229015
2.35938 -0.000231827

-2.67188 0.000243985
-2.65625 0.000245658

-2.65625 0.000245652
-2.64062 0.00024695

-2.64062 0.000246946
-2.625 0.000247889

-2.625 0.000247884
-2.60938 0.000248492

-2.60938 0.000248488
-2.59375 0.00024878

-2.59375 0.000248775
-2.57812 0.000248767

-2.57812 0.000248763
-2.5625 0.000248474

-2.5625 0.000248469
-2.54688 0.000247915

-2.54688 0.000247911
-2.53125 0.000247109

-2.53125 0.000247105
-2.51562 0.000246073

-2.51562 0.000246069
-2.5 0.000244824

-2.5 0.00024482
-2.48438 0.000243378

-2.48438 0.000243375
-2.46875 0.00024175

-2.46875 0.000241747
-2.45312 0.000239953

-2.45312 0.00023995
-2.4375 0.000238

-2.4375 0.000237997
-2.42188 0.000235902

-2.42188 0.0002359
-2.40625 0.00023367

-2.40625 0.000233668
-2.39062 0.000231313

-2.39062 0.000231311
-2.375 0.000228842

-2.375 0.00022884
-2.35938 0.000226264

-2.35938 0.000226262
-2.34375 0.00022359

-2.34375 0.000223588
-2.32812 0.000220828

-2.32812 0.000220825
-2.3125 0.000217988

-2.3125 0.000217985
-2.29688 0.000215079

-2.29688 0.000215077
-2.28125 0.000212112

-2.28125 0.000212109
-2.26562 0.000209095

-2.26562 0.000209093
-2.25 0.000206039

-2.25 0.000206037
-2.23438 0.000202951

-2.23438 0.000202949
-2.21875 0.000199838

-2.21875 0.000199837
-2.20312 0.000196708

-2.20312 0.000196707
-2.1875 0.000193567

-2.1875 0.000193565
-2.17188 0.000190418

-2.17188 0.000190417
-2.15625 0.000187268

-2.15625 0.000187267
-2.14062 0.000184119

-2.14062 0.000184118
-2.125 0.000180975

-2.125 0.000180975
-2.10938 0.00017784

-2.10938 0.000177839
-2.09375 0.000174716

-2.09375 0.000174715
-2.07812 0.000171605

-2.07812 0.000171604
-2.0625 0.000168512

-2.0625 0.000168511
-2.04688 0.000165438

-2.04688 0.000165437
-2.03125 0.000162389

-2.03125 0.000162388
-2.01562 0.000159368

-2.01562 0.000159367
-2 0.000156378

0.3125 -1.23601e-05
0.328125 -1.29724e-05

0.328125 -1.29723e-05
0.34375 -1.35895e-05

0.34375 -1.35895e-05
0.359375 -1.42118e-05

0.359375 -1.42116e-05
0.375 -1.48395e-05

0.375 -1.48394e-05
0.390625 -1.54733e-05

0.390625 -1.54731e-05
0.40625 -1.61137e-05

0.40625 -1.61135e-05
0.421875 -1.67616e-05

0.421875 -1.67613e-05
0.4375 -1.74177e-05

0.4375 -1.74174e-05
0.453125 -1.80831e-05

0.453125 -1.80828e-05
0.46875 -1.87588e-05

0.46875 -1.87585e-05
0.484375 -1.9446e-05

0.484375 -1.94457e-05
0.5 -2.01457e-05

2.35938 -0.000231829
2.375 -0.00023454

-2 0.000156377
-1.98438 0.000153425

2.375 -0.000234542
2.39062 -0.000237141

-1.98438 0.000153424
-1.96875 0.000150512

-1.96875 0.000150511
-1.95312 0.000147644

-1.95312 0.000147643
-1.9375 0.000144823

-1.9375 0.000144822
-1.92188 0.000142053

-1.92188 0.000142052
-1.90625 0.000139335

-1.90625 0.000139335
-1.89062 0.000136673

-1.89062 0.000136672
-1.875 0.000134066

2.39062 -0.000237143
2.40625 -0.00023962

0.5 -2.01454e-05
0.515625 -2.08592e-05

0.515625 -2.08589e-05
0.53125 -2.15875e-05

0.53125 -2.15873e-05
0.546875 -2.23318e-05

0.546875 -2.23315e-05
0.5625 -2.30928e-05

0.5625 -2.30926e-05
0.578125 -2.38714e-05

-1.875 0.000134066
-1.85938 0.000131515

-1.85938 0.000131515
-1.84375 0.00012902

-1.84375 0.00012902
-1.82812 0.00012658

-1.82812 0.000126581
-1.8125 0.000124196

-1.8125 0.000124196
-1.79688 0.000121865

0.578125 -2.38713e-05
0.59375 -2.46684e-05

2.40625 -0.000239623
2.42188 -0.000241968

-1.79688 0.000121865
-1.78125 0.000119585

-1.78125 0.000119586
-1.76562 0.000117356

2.42188 -0.000241971
2.4375 -0.000244175

0.59375 -2.46683e-05
0.609375 -2.54844e-05

0.609375 -2.54843e-05
0.625 -2.63197e-05

-1.76562 0.000117356
-1.75 0.000115174

0.625 -2.63196e-05
0.640625 -2.71746e-05

0.640625 -2.71746e-05
0.65625 -2.80492e-05

-1.75 0.000115175
-1.73438 0.000113038

-1.73438 0.000113039
-1.71875 0.000110946

-1.71875 0.000110947
-1.70312 0.000108896

-1.70312 0.000108896
-1.6875 0.000106885

-1.6875 0.000106886
-1.67188 0.000104913

-1.67188 0.000104914
-1.65625 0.000102979

-1.65625 0.000102979
-1.64062 0.000101081

-1.64062 0.000101081
-1.625 9.92197e-05

-1.625 9.92196e-05
-1.60938 9.73952e-05

-1.60938 9.7395e-05
-1.59375 9.5608e-05

-1.59375 9.56078e-05
-1.57812 9.38588e-05

-1.57812 9.38586e-05
-1.5625 9.21485e-05

-1.5625 9.21483e-05
-1.54688 9.04779e-05

-1.54688 9.04777e-05
-1.53125 8.88476e-05

-1.53125 8.88475e-05
-1.51562 8.72582e-05

-1.51562 8.72582e-05
-1.5 8.57101e-05

0.65625 -2.80493e-05
0.671875 -2.89436e-05

0.671875 -2.89437e-05
0.6875 -2.98576e-05

0.6875 -2.98577e-05
0.703125 -3.07908e-05

0.703125 -3.07909e-05
0.71875 -3.17427e-05

0.71875 -3.17429e-05
0.734375 -3.27128e-05

2.4375 -0.000244178
2.45312 -0.00024623

2.45312 -0.000246233
2.46875 -0.000248121

2.46875 -0.000248124
2.48438 -0.000249835

2.48438 -0.000249839
2.5 -0.00025136

0.734375 -3.2713e-05
0.75 -3.37003e-05

0.75 -3.37005e-05
0.765625 -3.47043e-05

0.765625 -3.47046e-05
0.78125 -3.57237e-05

2.5 -0.000251364
2.51562 -0.000252678

2.51562 -0.000252682
2.53125 -0.000253773

0.78125 -3.5724e-05
0.796875 -3.67573e-05

0.796875 -3.67577e-05
0.8125 -3.78038e-05

0.8125 -3.78042e-05
0.828125 -3.88618e-05

2.53125 -0.000253778
2.54688 -0.000254628

2.54688 -0.000254633
2.5625 -0.000255225

0.828125 -3.88622e-05
0.84375 -3.99296e-05

0.84375 -3.993e-05
0.859375 -4.10054e-05

0.859375 -4.10058e-05
0.875 -4.20874e-05

2.5625 -0.00025523
2.57812 -0.000255545

2.57812 -0.000255549
2.59375 -0.000255569

2.59375 -0.000255574
2.60938 -0.000255281

0.875 -4.20879e-05
0.890625 -4.31736e-05

0.890625 -4.31741e-05
0.90625 -4.42619e-05

0.90625 -4.42625e-05
0.921875 -4.53503e-05

0.921875 -4.53508e-05
0.9375 -4.64366e-05

2.60938 -0.000255285
2.625 -0.000254661

2.625 -0.000254666
2.64062 -0.000253691

2.64062 -0.000253696
2.65625 -0.000252351

0.9375 -4.64371e-05
0.953125 -4.75186e-05

0.953125 -4.75191e-05
0.96875 -4.85944e-05

0.96875 -4.85948e-05
0.984375 -4.9662e-05

2.65625 -0.000252356
2.67188 -0.00025062

2.67188 -0.000250626
2.6875 -0.000248476

0.984375 -4.96624e-05
1 -5.07197e-05

2.6875 -0.000248483
2.70312 -0.000245894

2.70312 -0.0002459
2.71875 -0.000242847

2.71875 -0.000242855
2.73438 -0.000239312

2.73438 -0.000239316
2.75 -0.000235259

2.75 -0.000235267
2.76562 -0.000230671

2.76562 -0.000230675
2.78125 -0.000225518

2.78125 -0.000225525
2.79688 -0.000219788

2.79688 -0.000219795
2.8125 -0.000213451

1 -5.072e-05
1.01562 -5.17662e-05

2.8125 -0.00021346
2.82812 -0.000206474

2.82812 -0.000206484
2.84375 -0.000198819

2.84375 -0.000198829
2.85938 -0.000190447

2.85938 -0.000190456
2.875 -0.00018132

2.875 -0.00018133
2.89062 -0.000171404

2.89062 -0.000171412
2.90625 -0.000160661

1.01562 -5.17664e-05
1.03125 -5.28004e-05

1.03125 -5.28005e-05
1.04688 -5.38216e-05

2.90625 -0.00016067
2.92188 -0.000149061

2.92188 -0.00014907
2.9375 -0.000136567

2.9375 -0.00013658
2.95312 -0.000123139

1.04688 -5.38216e-05
1.0625 -5.48296e-05

1.0625 -5.48295e-05
1.07812 -5.58247e-05

2.95312 -0.000123133
2.96875 -0.000108738

2.96875 -0.000108743
2.98438 -9.33951e-05

2.98438 -9.33245e-05
3 -7.71567e-05

1.07812 -5.58245e-05
1.09375 -5.68078e-05

1.09375 -5.68074e-05
1.10938 -5.778e-05

1.10938 -5.77796e-05
1.125 -5.87432e-05

3 -7.64223e-05
3.03125 -4.56663e-05

3.03125 -4.13331e-05
3.0625 -2.19526e-05

3.0625 -2.61433e-05
3.125 -1.07028e-05

3.125 -1.83203e-05
3.25 -6.88942e-06

1.125 -5.87427e-05
1.14062 -5.96995e-05

3.25 -1.15308e-05
3.5 -3.49384e-06

1.14062 -5.96988e-05
1.15625 -6.06513e-05

1.15625 -6.06506e-05
1.17188 -6.16014e-05

1.17188 -6.16007e-05
1.1875 -6.25527e-05

1.1875 -6.2552e-05
1.20312 -6.35083e-05

1.20312 -6.35075e-05
1.21875 -6.44712e-05

1.21875 -6.44704e-05
1.23438 -6.54444e-05

1.23438 -6.54437e-05
1.25 -6.6431e-05

1.25 -6.64304e-05
1.26562 -6.74339e-05

1.26562 -6.74333e-05
1.28125 -6.84558e-05

1.28125 -6.84552e-05
1.29688 -6.94994e-05

1.29688 -6.94988e-05
1.3125 -7.0567e-05

1.3125 -7.05665e-05
1.32812 -7.16611e-05

1.32812 -7.16606e-05
1.34375 -7.27839e-05

1.34375 -7.27834e-05
1.35938 -7.39375e-05

1.35938 -7.3937e-05
1.375 -7.51239e-05

1.375 -7.51235e-05
1.39062 -7.63451e-05

1.39062 -7.63447e-05
1.40625 -7.76029e-05

1.40625 -7.76025e-05
1.42188 -7.8899e-05

1.42188 -7.88986e-05
1.4375 -8.0235e-05

1.4375 -8.02347e-05
1.45312 -8.16124e-05

1.45312 -8.16121e-05
1.46875 -8.30322e-05

1.46875 -8.3032e-05
1.48438 -8.44954e-05

1.48438 -8.44953e-05
1.5 -8.60027e-05

