-2.66667 0.00168346
-2.33333 0.00067479

-2.33333 -0.000846244
-2.16667 -0.00154911

0.833333 -0.00180764
0.84375 -0.0018288

0.84375 -0.0018288
0.854167 -0.00184985

0.854167 -0.00184985
0.864583 -0.00187079

-2.16667 -0.00109289
-2.08333 -0.000489397

0.0208333 -9.72829e-06
0.0165617 7.45931e-17

0.0208333 -1.014e-05
0.03125 -3.38544e-05

-0.833333 0.0019015
-0.822917 0.00188054

-0.822917 0.00188054
-0.8125 0.00185943

-0.8125 0.00185943
-0.802083 0.00183817

-2.08333 -0.000501962
-2.04167 -0.000178194

-2.04167 -0.000172596
-2.02152 3.81639e-17

-2.02139 7.28584e-17
-2.02083 4.77196e-06

-2.02083 6.49908e-06
-2 0.000189302

-2 0.000190444
-1.98958 0.000282614

-1.98958 0.000282766
-1.97917 0.000373116

-1.97917 0.000373101
-1.96875 0.000461357

-1.96875 0.000461384
-1.95833 0.000547522

-1.95833 0.000547518
-1.94792 0.00063149

-1.94792 0.000631495
-1.9375 0.000713297

-1.9375 0.000713294
-1.92708 0.000792925

-1.92708 0.000792925
-1.91667 0.000870392

-1.91667 0.000870386
-1.90625 0.000945698

-1.90625 0.000945696
-1.89583 0.00101887

-1.89583 0.00101886
-1.88542 0.00108992

-1.88542 0.00108991
-1.875 0.00115887

-1.875 0.00115886
-1.86458 0.00122574

-1.86458 0.00122574
-1.85417 0.00129057

-1.85417 0.00129056
-1.84375 0.00135338

-1.84375 0.00135337
-1.83333 0.00141419

0.864583 -0.00187079
0.875 -0.00189159

-1.83333 0.00141418
-1.82292 0.00147303

0.875 -0.00189159
0.885417 -0.00191227

0.885417 -0.00191228
0.895833 -0.00193282

0.895833 -0.00193282
0.90625 -0.00195323

-0.802083 0.00183817
-0.791667 0.00181676

-0.791667 0.00181676
-0.78125 0.0017952

-0.78125 0.0017952
-0.770833 0.0017735

-0.770833 0.0017735
-0.760417 0.00175166

0.03125 -3.38544e-05
0.0416667 -5.75587e-05

0.90625 -0.00195323
0.916667 -0.0019735

-1.82292 0.00147303
-1.8125 0.00152994

-1.8125 0.00152994
-1.80208 0.00158494

-1.80208 0.00158493
-1.79167 0.00163806

0.916667 -0.0019735
0.927083 -0.00199362

0.927083 -0.00199362
0.9375 -0.00201358

-0.760417 0.00175166
-0.75 0.00172968

0.9375 -0.00201358
0.947917 -0.00203339

-1.79167 0.00163806
-1.78125 0.00168934

0.947917 -0.00203339
0.958333 -0.00205302

-0.75 0.00172968
-0.739583 0.00170756

0.958333 -0.00205303
0.96875 -0.00207249

0.96875 -0.00207249
0.979167 -0.00209178

0.0416667 -5.75587e-05
0.0520833 -8.12528e-05

0.0520833 -8.12528e-05
0.0625 -0.000104937

-1.78125 0.00168933
-1.77083 0.0017388

0.979167 -0.00209178
0.989583 -0.00211088

0.989583 -0.00211089
1 -0.0021298

-1.77083 0.00173879
-1.76042 0.00178648

-1.76042 0.00178647
-1.75 0.00183241

0.0625 -0.000104937
0.0729167 -0.00012861

-0.739583 0.00170756
-0.729167 0.00168531

-0.729167 0.00168531
-0.71875 0.00166293

-1.75 0.0018324
-1.73958 0.00187661

1 -0.0021298
1.01042 -0.00214851

-1.73958 0.00187661
-1.72917 0.00191913

-1.72917 0.00191912
-1.71875 0.00195999

-1.71875 0.00195998
-1.70833 0.00199921

1.01042 -0.00214851
1.02083 -0.00216702

1.02083 -0.00216702
1.03125 -0.00218531

1.03125 -0.00218531
1.04167 -0.00220337

-0.71875 0.00166293
-0.708333 0.00164043

1.04167 -0.00220337
1.05208 -0.0022212

1.05208 -0.0022212
1.0625 -0.00223878

-1.70833 0.0019992
-1.69792 0.00203684

1.0625 -0.00223878
1.07292 -0.0022561

-1.69792 0.00203683
-1.6875 0.00207289

-0.708333 0.00164043
-0.697917 0.0016178

-1.6875 0.00207288
-1.67708 0.0021074

1.07292 -0.0022561
1.08333 -0.00227315

-1.67708 0.0021074
-1.66667 0.00214041

-0.697917 0.0016178
-0.6875 0.00159505

1.08333 -0.00227315
1.09375 -0.00228991

0.0729167 -0.00012861
0.0833333 -0.000152273

-0.6875 0.00159505
-0.677083 0.0015722

-0.677083 0.0015722
-0.666667 0.00154924

1.09375 -0.00228992
1.10417 -0.00230639

-1.66667 0.0021404
-1.65625 0.00217193

-1.65625 0.00217193
-1.64583 0.00220201

-1.64583 0.00220201
-1.63542 0.00223067

0.0833333 -0.000152273
0.09375 -0.000175925

0.09375 -0.000175925
0.104167 -0.000199566

1.10417 -0.00230639
1.11458 -0.00232256

-0.666667 0.00154924
-0.65625 0.00152618

-1.63542 0.00223066
-1.625 0.00225794

0.104167 -0.000199566
0.114583 -0.000223195

-0.65625 0.00152618
-0.645833 0.00150304

-1.625 0.00225793
-1.61458 0.00228385

-0.645833 0.00150304
-0.635417 0.00147981

-0.635417 0.00147981
-0.625 0.00145651

-1.61458 0.00228384
-1.60417 0.00230842

-1.60417 0.00230841
-1.59375 0.00233168

-1.59375 0.00233167
-1.58333 0.00235366

0.114583 -0.000223195
0.125 -0.000246812

-1.58333 0.00235365
-1.57292 0.00237438

-1.57292 0.00237437
-1.5625 0.00239386

-0.625 0.00145651
-0.614583 0.00143315

-1.5625 0.00239386
-1.55208 0.00241215

1.11458 -0.00232256
1.125 -0.00233842

-1.55208 0.00241214
-1.54167 0.00242925

1.125 -0.00233842
1.13542 -0.00235395

-0.614583 0.00143315
-0.604167 0.00140973

1.13542 -0.00235396
1.14583 -0.00236916

-1.54167 0.00242924
-1.53125 0.00244519

1.14583 -0.00236916
1.15625 -0.00238402

-1.53125 0.00244519
-1.52083 0.00246001

0.125 -0.000246812
0.135417 -0.000270416

0.135417 -0.000270416
0.145833 -0.000294005

0.145833 -0.000294006
0.15625 -0.00031758

1.15625 -0.00238402
1.16667 -0.00239853

0.15625 -0.00031758
0.166667 -0.000341138

-1.52083 0.00246
-1.51042 0.00247372

-0.604167 0.00140973
-0.59375 0.00138626

-1.51042 0.00247372
-1.5 0.00248636

-0.59375 0.00138626
-0.583333 0.00136275

1.47451e-16 3.73145e-05
0.0104167 1.35844e-05

0.0104167 1.32797e-05
0.0162477 3.64292e-17

1.16667 -0.00239854
1.17708 -0.00241269

-0.583333 0.00136275
-0.572917 0.00133921

1.17708 -0.00241269
1.1875 -0.00242648

1.1875 -0.00242648
1.19792 -0.00243989

0.166667 -0.000341138
0.177083 -0.000364678

1.19792 -0.00243989
1.20833 -0.00245292

-1.5 0.00248635
-1.48958 0.00249794

1.20833 -0.00245292
1.21875 -0.00246555

-1.48958 0.00249793
-1.47917 0.00250849

0.177083 -0.000364679
0.1875 -0.000388199

-0.572917 0.00133921
-0.5625 0.00131564

0.1875 -0.000388199
0.197917 -0.000411698

0.197917 -0.000411699
0.208333 -0.000435175

1.21875 -0.00246555
1.22917 -0.00247777

0.208333 -0.000435176
0.21875 -0.000458628

-0.5625 0.00131564
-0.552083 0.00129205

-0.552083 0.00129204
-0.541667 0.00126844

-1.47917 0.00250848
-1.46875 0.00251803

-0.541667 0.00126844
-0.53125 0.00124482

-1.46875 0.00251803
-1.45833 0.00252659

0.21875 -0.000458628
0.229167 -0.000482054

-1.45833 0.00252658
-1.44792 0.00253418

-1.44792 0.00253418
-1.4375 0.00254084

1.22917 -0.00247778
1.23958 -0.00248958

-1.4375 0.00254083
-1.42708 0.00254657

1.23958 -0.00248959
1.25 -0.00250097

0.229167 -0.000482054
0.239583 -0.000505453

-1.42708 0.00254657
-1.41667 0.0025514

0.239583 -0.000505453
0.25 -0.000528824

1.25 -0.00250097
1.26042 -0.00251191

1.26042 -0.00251191
1.27083 -0.0025224

-1.41667 0.0025514
-1.40625 0.00255535

1.27083 -0.00252241
1.28125 -0.00253244

-1.40625 0.00255535
-1.39583 0.00255844

-0.53125 0.00124481
-0.520833 0.00122119

-0.520833 0.00122119
-0.510417 0.00119756

-0.510417 0.00119756
-0.5 0.00117393

0.25 -0.000528824
0.260417 -0.000552166

-1.39583 0.00255844
-1.38542 0.00256069

1.28125 -0.00253244
1.29167 -0.00254199

-1.38542 0.00256069
-1.375 0.00256211

1.29167 -0.00254199
1.30208 -0.00255105

0.260417 -0.000552166
0.270833 -0.000575478

-1.375 0.00256211
-1.36458 0.00256273

-0.5 0.00117393
-0.489583 0.0011503

-1.36458 0.00256273
-1.35417 0.00256257

-0.489583 0.0011503
-0.479167 0.00112668

1.30208 -0.00255106
1.3125 -0.00255961

1.3125 -0.00255962
1.32292 -0.00256765

0.270833 -0.000575478
0.28125 -0.000598761

-0.479167 0.00112668
-0.46875 0.00110306

0.28125 -0.000598761
0.291667 -0.000622016

1.32292 -0.00256766
1.33333 -0.00257516

0.291667 -0.000622015
0.302083 -0.000645243

0.302083 -0.000645243
0.3125 -0.000668445

-0.46875 0.00110306
-0.458333 0.00107945

-0.458333 0.00107945
-0.447917 0.00105586

-1.35417 0.00256256
-1.34375 0.00256164

0.3125 -0.000668445
0.322917 -0.000691625

0.322917 -0.000691624
0.333333 -0.000714783

-0.447917 0.00105586
-0.4375 0.00103227

-0.4375 0.00103227
-0.427083 0.00100869

-1.34375 0.00256163
-1.33333 0.00255996

-0.427083 0.00100869
-0.416667 0.000985123

1.33333 -0.00257516
1.34375 -0.00258211

0.333333 -0.000714783
0.34375 -0.000737925

0.34375 -0.000737924
0.354167 -0.000761053

0.354167 -0.000761052
0.364583 -0.00078417

0.364583 -0.000784169
0.375 -0.00080728

1.34375 -0.00258212
1.35417 -0.00258849

1.35417 -0.0025885
1.36458 -0.00259429

-0.416667 0.000985123
-0.40625 0.000961562

1.36458 -0.0025943
1.375 -0.00259949

0.375 -0.000807279
0.385417 -0.000830386

-1.33333 0.00255996
-1.32292 0.00255757

-1.32292 0.00255756
-1.3125 0.00255446

0.385417 -0.000830385
0.395833 -0.000853491

0.395833 -0.00085349
0.40625 -0.000876598

0.40625 -0.000876598
0.416667 -0.00089971

-0.40625 0.000961563
-0.395833 0.000938008

0.416667 -0.00089971
0.427083 -0.000922829

-1.3125 0.00255446
-1.30208 0.00255068

0.427083 -0.000922828
0.4375 -0.000945956

1.375 -0.0025995
1.38542 -0.00260408

-0.395833 0.000938009
-0.385417 0.000914459

1.38542 -0.00260408
1.39583 -0.00260803

1.39583 -0.00260803
1.40625 -0.00261133

-1.30208 0.00255067
-1.29167 0.00254623

-0.385417 0.00091446
-0.375 0.000890913

1.40625 -0.00261134
1.41667 -0.00261398

0.4375 -0.000945956
0.447917 -0.000969093

-0.375 0.000890913
-0.364583 0.000867367

1.41667 -0.00261398
1.42708 -0.00261595

0.447917 -0.000969093
0.458333 -0.000992241

-1.29167 0.00254622
-1.28125 0.00254113

0.458333 -0.000992241
0.46875 -0.0010154

-1.28125 0.00254113
-1.27083 0.0025354

-0.364583 0.000867367
-0.354167 0.000843818

-0.354167 0.000843819
-0.34375 0.000820265

0.46875 -0.0010154
0.479167 -0.00103857

0.479167 -0.00103857
0.489583 -0.00106175

-1.27083 0.0025354
-1.26042 0.00252906

0.489583 -0.00106175
0.5 -0.00108495

1.42708 -0.00261595
1.4375 -0.00261722

1.4375 -0.00261723
1.44792 -0.0026178

-1.26042 0.00252906
-1.25 0.00252212

0.5 -0.00108495
0.510417 -0.00110815

-0.34375 0.000820266
-0.333333 0.000796704

-1.25 0.00252212
-1.23958 0.0025146

1.44792 -0.0026178
1.45833 -0.00261765

-1.23958 0.0025146
-1.22917 0.00250651

-1.22917 0.00250651
-1.21875 0.00249787

-1.21875 0.00249787
-1.20833 0.00248869

-0.333333 0.000796705
-0.322917 0.000773133

-0.322917 0.000773134
-0.3125 0.00074955

-0.3125 0.00074955
-0.302083 0.000725951

0.510417 -0.00110815
0.520833 -0.00113136

1.45833 -0.00261765
1.46875 -0.00261676

-1.20833 0.00248868
-1.19792 0.00247898

1.46875 -0.00261677
1.47917 -0.00261512

-1.19792 0.00247898
-1.1875 0.00246876

0.520833 -0.00113136
0.53125 -0.00115457

0.53125 -0.00115457
0.541667 -0.00117779

-0.302083 0.000725952
-0.291667 0.000702336

0.541667 -0.00117779
0.552083 -0.001201

0.552083 -0.001201
0.5625 -0.00122421

-0.291667 0.000702337
-0.28125 0.000678703

1.47917 -0.00261513
1.48958 -0.00261271

-0.28125 0.000678704
-0.270833 0.000655052

-1.1875 0.00246876
-1.17708 0.00245804

0.5625 -0.00122421
0.572917 -0.00124741

-1.17708 0.00245803
-1.16667 0.00244683

0.572917 -0.00124741
0.583333 -0.00127059

1.48958 -0.00261271
1.5 -0.00260951

-0.270833 0.000655052
-0.260417 0.000631382

-0.260417 0.000631382
-0.25 0.000607693

0.583333 -0.00127059
0.59375 -0.00129375

0.59375 -0.00129375
0.604167 -0.00131689

-0.25 0.000607693
-0.239583 0.000583986

-0.239583 0.000583986
-0.229167 0.000560263

0.604167 -0.00131689
0.614583 -0.00133999

-1.16667 0.00244682
-1.15625 0.00243514

-0.229167 0.000560262
-0.21875 0.000536524

1.5 -0.00260951
1.51042 -0.0026055

0.614583 -0.00133999
0.625 -0.00136306

0.625 -0.00136306
0.635417 -0.00138607

0.635417 -0.00138608
0.645833 -0.00140904

1.51042 -0.0026055
1.52083 -0.00260066

1.52083 -0.00260066
1.53125 -0.00259497

1.53125 -0.00259498
1.54167 -0.00258842

0.645833 -0.00140904
0.65625 -0.00143194

1.54167 -0.00258843
1.55208 -0.00258098

-1.15625 0.00243514
-1.14583 0.00242299

1.55208 -0.00258099
1.5625 -0.00257264

-1.14583 0.00242298
-1.13542 0.00241038

0.65625 -0.00143195
0.666667 -0.00145478

1.5625 -0.00257264
1.57292 -0.00256337

1.57292 -0.00256337
1.58333 -0.00255315

-1.13542 0.00241038
-1.125 0.00239733

1.58333 -0.00255315
1.59375 -0.00254197

1.59375 -0.00254197
1.60417 -0.0025298

1.60417 -0.0025298
1.61458 -0.00251663

1.61458 -0.00251663
1.625 -0.00250244

1.625 -0.00250244
1.63542 -0.0024872

0.666667 -0.00145478
0.677083 -0.00147755

-1.125 0.00239733
-1.11458 0.00238385

-1.11458 0.00238385
-1.10417 0.00236995

0.677083 -0.00147755
0.6875 -0.00150023

0.6875 -0.00150023
0.697917 -0.00152283

1.63542 -0.00248721
1.64583 -0.00247091

0.697917 -0.00152283
0.708333 -0.00154534

1.64583 -0.00247091
1.65625 -0.00245352

0.708333 -0.00154534
0.71875 -0.00156776

0.71875 -0.00156776
0.729167 -0.00159008

0.729167 -0.00159008
0.739583 -0.0016123

1.65625 -0.00245353
1.66667 -0.00243503

0.739583 -0.0016123
0.75 -0.00163442

-1.10417 0.00236995
-1.09375 0.00235565

0.75 -0.00163442
0.760417 -0.00165644

0.760417 -0.00165644
0.770833 -0.00167836

0.770833 -0.00167836
0.78125 -0.00170017

-1.09375 0.00235565
-1.08333 0.00234096

1.66667 -0.00243504
1.67708 -0.00241541

-1.08333 0.00234095
-1.07292 0.00232588

0.78125 -0.00170017
0.791667 -0.00172187

-1.07292 0.00232588
-1.0625 0.00231045

-1.0625 0.00231044
-1.05208 0.00229466

-1.05208 0.00229465
-1.04167 0.00227853

0.791667 -0.00172187
0.802083 -0.00174348

0.802083 -0.00174348
0.8125 -0.00176497

0.8125 -0.00176497
0.822917 -0.00178636

0.822917 -0.00178636
0.833333 -0.00180764

-1.04167 0.00227853
-1.03125 0.00226209

-1.03125 0.00226208
-1.02083 0.00224533

-1.02083 0.00224532
-1.01042 0.00222827

-1.01042 0.00222827
-1 0.00221093

-0.21875 0.000536524
-0.208333 0.000512772

-1 0.00221092
-0.989583 0.0021933

-0.989583 0.0021933
-0.979167 0.00217542

-0.979167 0.00217541
-0.96875 0.00215727

-0.96875 0.00215727
-0.958333 0.00213887

-0.958333 0.00213887
-0.947917 0.00212024

-0.947917 0.00212024
-0.9375 0.00210137

-0.9375 0.00210137
-0.927083 0.00208227

-0.927083 0.00208227
-0.916667 0.00206296

-0.916667 0.00206296
-0.90625 0.00204344

-0.90625 0.00204344
-0.895833 0.00202371

-0.208333 0.000512772
-0.197917 0.000489008

1.67708 -0.00241542
1.6875 -0.00239464

1.6875 -0.00239464
1.69792 -0.00237269

-0.895833 0.00202371
-0.885417 0.00200379

-0.885417 0.00200379
-0.875 0.00198368

-0.197917 0.000489008
-0.1875 0.000465235

-0.1875 0.000465235
-0.177083 0.000441454

-0.177083 0.000441454
-0.166667 0.000417667

1.69792 -0.00237269
1.70833 -0.00234954

1.70833 -0.00234954
1.71875 -0.00232517

-0.166667 0.000417667
-0.15625 0.000393877

-0.875 0.00198368
-0.864583 0.00196339

1.71875 -0.00232517
1.72917 -0.00229955

-0.864583 0.00196339
-0.854167 0.00194293

-0.854167 0.00194293
-0.84375 0.0019223

1.72917 -0.00229956
1.73958 -0.00227268

1.73958 -0.00227268
1.75 -0.00224452

-0.15625 0.000393876
-0.145833 0.000370084

-0.145833 0.000370084
-0.135417 0.000346291

-0.84375 0.00192229
-0.833333 0.0019015

-0.135417 0.00034629
-0.125 0.000322498

1.75 -0.00224452
1.76042 -0.00221505

1.76042 -0.00221505
1.77083 -0.00218426

1.77083 -0.00218426
1.78125 -0.00215211

1.78125 -0.00215212
1.79167 -0.0021186

1.79167 -0.00211861
1.80208 -0.0020837

1.80208 -0.00208371
1.8125 -0.00204738

1.8125 -0.00204739
1.82292 -0.00200964

1.82292 -0.00200964
1.83333 -0.00197044

-0.125 0.000322498
-0.114583 0.000298707

-0.114583 0.000298707
-0.104167 0.00027492

-0.104167 0.000274919
-0.09375 0.000251136

-0.09375 0.000251136
-0.0833333 0.000227356

1.83333 -0.00197044
1.84375 -0.00192977

1.84375 -0.00192977
1.85417 -0.00188762

1.85417 -0.00188763
1.86458 -0.00184398

1.86458 -0.00184398
1.875 -0.00179883

-0.0833333 0.000227356
-0.0729167 0.000203582

-0.0729167 0.000203582
-0.0625 0.000179813

1.875 -0.00179883
1.88542 -0.00175216

1.88542 -0.00175216
1.89583 -0.00170395

-0.0625 0.000179813
-0.0520833 0.000156049

-0.0520833 0.000156049
-0.0416667 0.000132291

1.89583 -0.00170396
1.90625 -0.00165422

1.90625 -0.00165421
1.91667 -0.00160293

-0.0416667 0.000132291
-0.03125 0.000108539

1.91667 -0.00160294
1.92708 -0.00155013

1.92708 -0.00155012
1.9375 -0.0014958

1.9375 -0.0014958
1.94792 -0.00144

1.94792 -0.00143998
1.95833 -0.00138272

-0.03125 0.000108539
-0.0208333 8.47917e-05

-0.0208333 8.47918e-05
-0.0104167 6.10504e-05

-0.0104167 6.10503e-05
-1.47451e-16 3.73145e-05

1.95833 -0.00138271
1.96875 -0.00132405

1.96875 -0.00132398
1.97917 -0.00126405

1.97917 -0.00126407
1.98958 -0.00120297

1.98958 -0.00120269
2 -0.00114094

2 -0.00113704
2.02083 -0.00102899

2.02083 -0.00102714
2.04167 -0.000946017

2.04167 -0.000937426
2.08333 -0.000870814

2.08333 -0.000844209
2.16667 -0.00107366

2.16667 -0.00165791
2.33333 -0.000739688

2.33333 0.000593137
2.66667 0.00170955

