-3.5 -0.000723879
-3.62498 0

-4 0.0016936
-3.70759 0

-3.25 -0.00402021
-3.46101 0

-3.25 -0.00990484
-3.125 -0.0125592

-3.125 -0.0124906
-3.0625 -0.00924656

-3.0625 -0.00886259
-3.03125 -0.00562065

-3.03125 -0.00552599
-3 -0.00162136

-3.5 0.00240554
-3.37372 0

-3 -0.00149517
-2.98889 0

-2.98806 0
-2.98438 0.000496089

-2.98438 0.000576568
-2.96875 0.00264001

-2.96875 0.00264053
-2.95312 0.00466721

-2.95312 0.00466766
-2.9375 0.00665566

-2.9375 0.00665575
-2.92188 0.008604

-2.92188 0.00860412
-2.90625 0.0105122

-2.90625 0.0105121
-2.89062 0.0123799

-2.89062 0.0123798
-2.875 0.0142073

-2.875 0.0142084
-2.86262 0.015625

-2.86257 0.015625
-2.85938 0.0159901

-2.85938 0.0159947
-2.84375 0.0177428

-2.84375 0.0177427
-2.82812 0.019452

-2.82812 0.0194518
-2.8125 0.0211229

-2.8125 0.0211227
-2.79688 0.0227561

-2.79688 0.022756
-2.78125 0.0243522

-2.78125 0.0243521
-2.76562 0.0259114

-2.76562 0.0259113
-2.75 0.0274342

-2.75 0.0274341
-2.73438 0.028921

-2.73438 0.0289208
-2.71875 0.0303721

-2.71875 0.0303742
-2.70909 0.03125

-2.70902 0.03125
-2.70312 0.0317846

-2.70312 0.0317881
-2.6875 0.0331698

-2.6875 0.0331697
-2.67188 0.0345174

-2.67188 0.0345173
-2.65625 0.0358313

-2.65625 0.0358312
-2.64062 0.037112

-2.64062 0.0371119
-2.625 0.0383599

-2.625 0.0383598
-2.60938 0.0395754

1.5 -0.0648916
1.51562 -0.0652079

1.51562 -0.0652079
1.53125 -0.0655113

1.53125 -0.0655114
1.54688 -0.0658016

1.54688 -0.0658016
1.5625 -0.0660785

1.5625 -0.0660785
1.57812 -0.0663418

1.57812 -0.0663418
1.59375 -0.0665913

1.59375 -0.0665914
1.60938 -0.0668269

1.60938 -0.066827
1.625 -0.0670483

1.625 -0.0670483
1.64062 -0.0672553

1.64062 -0.0672553
1.65625 -0.0674476

-2.60938 0.0395753
-2.59375 0.040759

-2.59375 0.0407589
-2.57812 0.041911

-2.57812 0.0419109
-2.5625 0.043032

-2.5625 0.0430319
-2.54688 0.0441223

-2.54688 0.0441222
-2.53125 0.0451824

-2.53125 0.0451823
-2.51562 0.0462126

1.65625 -0.0674477
1.67188 -0.0676251

1.67188 -0.0676252
1.6875 -0.0677875

1.6875 -0.0677876
1.70312 -0.0679347

1.70312 -0.0679347
1.71875 -0.0680663

-2.51562 0.0462133
-2.5053 0.046875

-2.50526 0.046875
-2.5 0.0472118

1.71875 -0.0680663
1.73438 -0.0681821

1.73438 -0.0681822
1.75 -0.068282

1.75 -0.068282
1.76562 -0.0683656

1.76562 -0.0683657
1.78125 -0.0684327

1.78125 -0.0684328
1.79688 -0.0684832

-2.5 0.0472134
-2.48438 0.0481856

-2.48438 0.0481855
-2.46875 0.0491291

-2.46875 0.049129
-2.45312 0.0500445

-2.45312 0.0500444
-2.4375 0.050932

1.79688 -0.0684832
1.8125 -0.0685166

0.03125 -0.000386066
0.0242109 0

0.03125 -0.000368475
0.046875 -0.0012255

0.046875 -0.00122548
0.0625 -0.0020823

0.0625 -0.00208234
0.078125 -0.00293891

0.078125 -0.00293893
0.09375 -0.0037951

0.09375 -0.00379513
0.109375 -0.0046508

0.109375 -0.00465082
0.125 -0.00550587

0.125 -0.0055059
0.140625 -0.00636024

0.140625 -0.00636026
0.15625 -0.00721378

0.15625 -0.00721381
0.171875 -0.00806642

0.171875 -0.00806645
0.1875 -0.00891805

0.1875 -0.00891808
0.203125 -0.00976859

0.203125 -0.00976861
0.21875 -0.010618

0.21875 -0.010618
0.234375 -0.011466

0.234375 -0.0114661
0.25 -0.0123128

0.25 -0.0123128
0.265625 -0.0131581

0.265625 -0.0131581
0.28125 -0.0140019

0.28125 -0.014002
0.296875 -0.0148442

0.3125 -0.015686
0.311367 -0.015625

0.296875 -0.0148441
0.311393 -0.015625

0.3125 -0.0156848
0.328125 -0.0165231

0.328125 -0.0165231
0.34375 -0.017359

0.34375 -0.017359
0.359375 -0.0181925

0.359375 -0.0181925
0.375 -0.0190235

0.375 -0.0190235
0.390625 -0.0198518

0.390625 -0.0198519
0.40625 -0.0206776

0.40625 -0.0206776
0.421875 -0.0215006

0.421875 -0.0215006
0.4375 -0.0223208

0.4375 -0.0223208
0.453125 -0.0231381

0.453125 -0.0231382
0.46875 -0.0239525

0.46875 -0.0239526
0.484375 -0.0247639

0.484375 -0.0247639
0.5 -0.0255722

0 0.00134519
0.015625 0.000488703

0.015625 0.00050214
0.0247805 0

0.5 -0.0255722
0.515625 -0.0263773

0.515625 -0.0263773
0.53125 -0.0271791

0.53125 -0.0271791
0.546875 -0.0279775

0.546875 -0.0279775
0.5625 -0.0287725

0.5625 -0.0287725
0.578125 -0.0295639

0.578125 -0.029564
0.59375 -0.0303517

0.625 -0.0319169
0.611639 -0.03125

0.59375 -0.0303518
0.609375 -0.0311358

0.609375 -0.0311305
0.611769 -0.03125

0.625 -0.0319159
0.640625 -0.0326913

0.640625 -0.0326913
0.65625 -0.0334622

0.65625 -0.0334622
0.671875 -0.0342286

0.671875 -0.0342286
0.6875 -0.0349902

0.6875 -0.0349903
0.703125 -0.0357471

0.703125 -0.0357472
0.71875 -0.0364992

0.71875 -0.0364992
0.734375 -0.0372462

0.734375 -0.0372462
0.75 -0.0379882

0.75 -0.0379882
0.765625 -0.0387249

0.765625 -0.038725
0.78125 -0.0394564

0.78125 -0.0394564
0.796875 -0.0401824

0.796875 -0.0401824
0.8125 -0.0409028

0.8125 -0.0409028
0.828125 -0.0416175

0.828125 -0.0416176
0.84375 -0.0423265

0.84375 -0.0423265
0.859375 -0.0430295

0.859375 -0.0430295
0.875 -0.0437264

0.875 -0.0437264
0.890625 -0.0444171

0.890625 -0.0444171
0.90625 -0.0451015

0.90625 -0.0451016
0.921875 -0.0457795

0.921875 -0.0457796
0.9375 -0.046451

0.953125 -0.0471165
0.947445 -0.046875

0.9375 -0.0464506
0.947481 -0.046875

0.953125 -0.0471156
0.96875 -0.0477728

0.96875 -0.0477728
0.984375 -0.0484226

0.984375 -0.0484226
1 -0.049065

-2.4375 0.0509319
-2.42188 0.0517921

-2.42188 0.051792
-2.40625 0.0526251

-2.40625 0.052625
-2.39062 0.0534314

-2.39062 0.0534313
-2.375 0.0542113

-1 0.0500429
-0.984375 0.0494465

-0.984375 0.0494465
-0.96875 0.0488423

-0.96875 0.0488423
-0.953125 0.0482304

-0.953125 0.0482303
-0.9375 0.0476108

-0.9375 0.0476107
-0.921875 0.0469836

-0.90625 0.046349
-0.919204 0.046875

-0.921875 0.0469841
-0.919189 0.046875

-0.90625 0.046349
-0.890625 0.0457075

-0.890625 0.0457074
-0.875 0.0450592

-0.875 0.0450592
-0.859375 0.0444045

-0.859375 0.0444044
-0.84375 0.0437432

-0.84375 0.0437432
-0.828125 0.0430756

-0.828125 0.0430756
-0.8125 0.0424018

-0.8125 0.0424017
-0.796875 0.0417219

-0.796875 0.0417219
-0.78125 0.041036

-0.78125 0.041036
-0.765625 0.0403443

-0.765625 0.0403443
-0.75 0.0396468

1 -0.049065
1.01562 -0.0496998

1.01562 -0.0496998
1.03125 -0.0503269

1.03125 -0.0503269
1.04688 -0.0509462

1.04688 -0.0509463
1.0625 -0.0515577

1.0625 -0.0515577
1.07812 -0.0521611

-0.75 0.0396468
-0.734375 0.0389437

-0.734375 0.0389437
-0.71875 0.0382351

-0.71875 0.0382351
-0.703125 0.037521

-0.703125 0.037521
-0.6875 0.0368016

-0.6875 0.0368016
-0.671875 0.0360768

1.07812 -0.0521611
1.09375 -0.0527564

1.09375 -0.0527565
1.10938 -0.0533434

1.10938 -0.0533434
1.125 -0.0539219

1.125 -0.0539219
1.14062 -0.0544918

1.14062 -0.0544918
1.15625 -0.0550529

1.15625 -0.0550529
1.17188 -0.055605

1.17188 -0.055605
1.1875 -0.0561481

-0.671875 0.0360768
-0.65625 0.0353469

-0.65625 0.0353468
-0.640625 0.0346118

-0.640625 0.0346118
-0.625 0.0338716

-2.375 0.0542112
-2.35938 0.0549651

-2.35938 0.0549651
-2.34375 0.0556933

-2.34375 0.0556932
-2.32812 0.0563959

-2.32812 0.0563959
-2.3125 0.0570734

-2.3125 0.0570733
-2.29688 0.0577258

-2.29688 0.0577258
-2.28125 0.0583535

-2.28125 0.0583535
-2.26562 0.0589568

-2.26562 0.0589567
-2.25 0.0595358

-2.25 0.0595357
-2.23438 0.0600909

-2.23438 0.0600908
-2.21875 0.0606224

-2.21875 0.0606223
-2.20312 0.0611305

-2.20312 0.0611304
-2.1875 0.0616157

-2.1875 0.0616156
-2.17188 0.0620783

-2.17188 0.0620782
-2.15691 0.0625

-2.1569 0.0625
-2.15625 0.0625183

-2.15625 0.0625184
-2.14062 0.0629371

-2.14062 0.062937
-2.125 0.0633343

-2.125 0.0633342
-2.10938 0.0637102

-2.10938 0.0637101
-2.09375 0.064065

-2.09375 0.064065
-2.07812 0.0643992

-2.07812 0.0643991
-2.0625 0.0647128

1.8125 -0.0685167
1.82812 -0.0685329

1.82812 -0.068533
1.84375 -0.0685317

1.84375 -0.0685318
1.85938 -0.0685128

1.85938 -0.0685129
1.875 -0.068476

1.875 -0.068476
1.89062 -0.0684209

1.89062 -0.0684209
1.90625 -0.0683473

1.1875 -0.0561482
1.20312 -0.0566821

1.90625 -0.0683474
1.92188 -0.068255

1.92188 -0.0682551
1.9375 -0.0681438

1.20312 -0.0566822
1.21875 -0.0572069

-0.625 0.0338716
-0.609375 0.0331265

-0.609375 0.0331265
-0.59375 0.0323765

1.21875 -0.0572069
1.23438 -0.0577223

1.23438 -0.0577223
1.25 -0.0582282

1.9375 -0.0681438
1.95312 -0.0680132

1.95312 -0.0680133
1.96875 -0.0678632

-0.5625 0.0308598
-0.570526 0.03125

-0.59375 0.0323765
-0.578125 0.0316217

-0.578125 0.0316239
-0.570434 0.03125

-0.5625 0.0308619
-0.546875 0.0300978

-0.546875 0.0300978
-0.53125 0.0293296

-0.53125 0.0293296
-0.515625 0.0285574

-0.515625 0.0285574
-0.5 0.0277813

-2.0625 0.0647127
-2.04688 0.0650062

-2.04688 0.0650061
-2.03125 0.0652795

-2.03125 0.0652795
-2.01562 0.0655331

1.25 -0.0582282
1.26562 -0.0587244

1.26562 -0.0587245
1.28125 -0.059211

1.28125 -0.059211
1.29688 -0.0596876

1.29688 -0.0596876
1.3125 -0.0601541

1.3125 -0.0601542
1.32812 -0.0606104

-2.01562 0.0655331
-2 0.0657672

-0.5 0.0277812
-0.484375 0.0270012

-0.484375 0.0270012
-0.46875 0.0262174

-0.46875 0.0262174
-0.453125 0.0254299

-0.453125 0.0254299
-0.4375 0.0246388

1.32812 -0.0606104
1.34375 -0.0610563

1.34375 -0.0610563
1.35938 -0.0614916

1.35938 -0.0614916
1.375 -0.061916

-0.4375 0.0246388
-0.421875 0.0238441

-0.421875 0.0238441
-0.40625 0.0230458

1.96875 -0.0678632
1.98438 -0.0676933

1.98438 -0.0676934
2 -0.0675034

1.40625 -0.0627319
1.39724 -0.0625

1.40625 -0.0627316
1.42188 -0.0631218

1.42188 -0.0631218
1.4375 -0.0635002

1.375 -0.0619161
1.39062 -0.0623295

1.39062 -0.0623294
1.39726 -0.0625

1.4375 -0.0635002
1.45312 -0.0638665

1.45312 -0.0638665
1.46875 -0.0642206

1.46875 -0.0642206
1.48438 -0.0645623

1.48438 -0.0645624
1.5 -0.0648915

-0.40625 0.0230458
-0.390625 0.0222441

-2 0.0657672
-1.98438 0.0659821

-1.98438 0.065982
-1.96875 0.0661779

-1.96875 0.0661778
-1.95312 0.066355

-1.95312 0.0663549
-1.9375 0.0665135

-1.9375 0.0665134
-1.92188 0.0666538

-1.92188 0.0666537
-1.90625 0.066776

-1.90625 0.0667759
-1.89062 0.0668804

-1.89062 0.0668803
-1.875 0.0669672

-1.875 0.0669671
-1.85938 0.0670367

-1.85938 0.0670366
-1.84375 0.067089

-1.84375 0.067089
-1.82812 0.0671245

-1.82812 0.0671245
-1.8125 0.0671434

-1.8125 0.0671433
-1.79688 0.0671457

-0.390625 0.0222441
-0.375 0.0214389

-1.79688 0.0671457
-1.78125 0.0671319

-1.78125 0.0671319
-1.76562 0.0671021

-1.76562 0.067102
-1.75 0.0670565

-0.375 0.0214389
-0.359375 0.0206304

-0.359375 0.0206304
-0.34375 0.0198186

-0.34375 0.0198186
-0.328125 0.0190036

-1.75 0.0670564
-1.73438 0.0669953

-1.73438 0.0669952
-1.71875 0.0669188

-1.71875 0.0669187
-1.70312 0.0668271

-1.70312 0.066827
-1.6875 0.0667204

-1.6875 0.0667204
-1.67188 0.0665991

-1.67188 0.066599
-1.65625 0.0664632

-1.65625 0.0664631
-1.64062 0.066313

-1.64062 0.0663129
-1.625 0.0661486

-0.328125 0.0190036
-0.3125 0.0181853

-0.3125 0.0181853
-0.296875 0.0173638

-1.625 0.0661485
-1.60938 0.0659703

-1.60938 0.0659702
-1.59375 0.0657782

-0.296875 0.0173638
-0.28125 0.0165394

-0.28125 0.0165394
-0.265625 0.015712

2 -0.0675035
2.01562 -0.0672932

2.01562 -0.0672933
2.03125 -0.0670624

2.03125 -0.0670624
2.04688 -0.0668107

2.04688 -0.0668108
2.0625 -0.0665379

2.0625 -0.066538
2.07812 -0.0662438

2.07812 -0.0662438
2.09375 -0.0659279

2.09375 -0.065928
2.10938 -0.0655901

2.10938 -0.0655902
2.125 -0.0652301

-0.25 0.0148815
-0.263995 0.015625

2.125 -0.0652301
2.14062 -0.0648475

2.14062 -0.0648476
2.15625 -0.0644421

-0.265625 0.0157141
-0.263948 0.015625

2.15625 -0.0644421
2.17188 -0.0640135

2.17188 -0.0640136
2.1875 -0.0635614

-1.59375 0.0657781
-1.57812 0.0655725

2.1875 -0.0635615
2.20312 -0.0630857

-0.25 0.0148817
-0.234375 0.0140491

-1.57812 0.0655725
-1.5625 0.0653535

2.20312 -0.0630857
2.21875 -0.062586

2.21875 -0.0625857
2.22131 -0.0625

-0.234375 0.0140491
-0.21875 0.0132142

2.22132 -0.0625
2.23438 -0.0620621

-1.5625 0.0653535
-1.54688 0.0651213

2.23438 -0.0620622
2.25 -0.0615134

-0.21875 0.0132141
-0.203125 0.0123771

-0.203125 0.0123771
-0.1875 0.011538

-0.1875 0.011538
-0.171875 0.010697

-0.171875 0.010697
-0.15625 0.00985415

2.25 -0.0615135
2.26562 -0.0609396

2.26562 -0.0609397
2.28125 -0.0603405

-1.54688 0.0651212
-1.53125 0.064876

-1.53125 0.064876
-1.51562 0.0646179

-1.51562 0.0646179
-1.5 0.0643471

2.28125 -0.0603406
2.29688 -0.0597155

2.29688 -0.0597156
2.3125 -0.0590646

2.3125 -0.0590646
2.32812 -0.0583872

2.32812 -0.0583873
2.34375 -0.0576831

2.34375 -0.0576832
2.35938 -0.056952

2.35938 -0.0569521
2.375 -0.0561935

-0.15625 0.00985412
-0.140625 0.0090095

-0.140625 0.00900948
-0.125 0.00816318

-1.5 0.0643471
-1.48438 0.0640638

-0.125 0.00816315
-0.109375 0.0073153

-0.109375 0.00731527
-0.09375 0.00646595

-1.48438 0.0640638
-1.46875 0.0637682

-0.09375 0.00646593
-0.078125 0.00561525

2.375 -0.0561936
2.39062 -0.0554073

-1.46875 0.0637682
-1.45312 0.0634604

-0.078125 0.00561523
-0.0625 0.00476331

2.39062 -0.0554073
2.40625 -0.0545929

2.40625 -0.054593
2.42188 -0.0537502

-1.45312 0.0634604
-1.4375 0.0631406

-0.0625 0.00476328
-0.046875 0.00391023

-0.046875 0.0039102
-0.03125 0.00305611

-1.40625 0.0624653
-1.40783 0.0625

-1.40625 0.0624656
-1.39062 0.0621107

2.42188 -0.0537502
2.4375 -0.0528786

2.4375 -0.0528787
2.45312 -0.0519778

2.45312 -0.0519779
2.46875 -0.0510476

2.46875 -0.0510476
2.48438 -0.0500874

2.48438 -0.0500875
2.5 -0.049097

-0.03125 0.00305608
-0.015625 0.00220107

-0.015625 0.00220104
0 0.00134523

-1.39062 0.0621107
-1.375 0.0617448

-1.4375 0.0631406
-1.42188 0.062809

-1.42188 0.0628091
-1.40781 0.0625

-1.375 0.0617447
-1.35938 0.0613681

-1.35938 0.061368
-1.34375 0.0609808

-1.34375 0.0609807
-1.32812 0.0605831

-1.32812 0.060583
-1.3125 0.0601751

-1.3125 0.0601751
-1.29688 0.0597571

-1.29688 0.0597571
-1.28125 0.0593291

-1.28125 0.0593291
-1.26562 0.0588912

-1.26562 0.0588912
-1.25 0.0584436

2.5 -0.0490971
2.51562 -0.048076

2.51562 -0.0480761
2.53125 -0.0470239

2.53125 -0.0470229
2.53338 -0.046875

-1.25 0.0584436
-1.23438 0.0579863

-1.23438 0.0579863
-1.21875 0.0575195

-1.21875 0.0575194
-1.20312 0.0570431

-1.20312 0.057043
-1.1875 0.0565573

-1.1875 0.0565572
-1.17188 0.0560622

-1.17188 0.0560622
-1.15625 0.055558

2.5334 -0.046875
2.54688 -0.0459406

2.54688 -0.0459406
2.5625 -0.044825

-1.15625 0.055558
-1.14062 0.0550448

-1.14062 0.0550448
-1.125 0.0545228

2.5625 -0.0448251
2.57812 -0.0436769

-1.125 0.0545228
-1.10938 0.0539921

-1.10938 0.0539921
-1.09375 0.0534529

-1.09375 0.0534528
-1.07812 0.0529051

-1.07812 0.0529051
-1.0625 0.052349

2.57812 -0.043677
2.59375 -0.0424959

2.59375 -0.042496
2.60938 -0.0412814

2.60938 -0.0412815
2.625 -0.0400331

-1.0625 0.052349
-1.04688 0.0517847

-1.04688 0.0517846
-1.03125 0.0512121

2.625 -0.0400332
2.64062 -0.0387505

2.64062 -0.0387506
2.65625 -0.0374331

-1.03125 0.0512121
-1.01562 0.0506315

-1.01562 0.0506315
-1 0.0500429

2.65625 -0.0374332
2.67188 -0.0360804

2.67188 -0.0360805
2.6875 -0.0346921

2.6875 -0.0346922
2.70312 -0.0332676

2.70312 -0.0332677
2.71875 -0.0318066

2.71875 -0.0318028
2.72452 -0.03125

2.72458 -0.03125
2.73438 -0.0303111

2.73438 -0.030309
2.75 -0.0287738

2.75 -0.0287739
2.76562 -0.0272006

2.76562 -0.0272008
2.78125 -0.0255889

2.78125 -0.0255891
2.79688 -0.023938

2.79688 -0.0239381
2.8125 -0.0222473

2.8125 -0.0222474
2.82812 -0.0205161

2.82812 -0.0205163
2.84375 -0.0187441

2.84375 -0.0187442
2.85938 -0.0169306

2.85938 -0.0169233
2.87031 -0.015625

2.87052 -0.015625
2.875 -0.0150928

2.875 -0.0150753
2.89062 -0.0131773

2.89062 -0.0131773
2.90625 -0.0112362

2.90625 -0.0112363
2.92188 -0.00925163

2.92188 -0.00925162
2.9375 -0.00722328

2.9375 -0.00722329
2.95312 -0.00515126

2.95312 -0.00515077
2.96875 -0.00303603

2.96875 -0.00303526
2.98438 -0.000880342

2.98438 -0.000777441
2.98991 0

2.99113 0
3 0.00124702

3.5 -0.00246997
3.3737 0

3 0.00141432
3.03125 0.0054949

3.03125 0.00559568
3.0625 0.0089853

3.0625 0.00938562
3.125 0.0127785

3.125 0.0128291
3.25 0.0101463

3.25 0.00408424
3.45884 0

4 -0.0018734
3.68737 0

3.5 0.000614684
3.60258 0

