-4 -0.000629535
-3.93012 0

-3.75017 0
-3.5 0.00236504

-3.5 -0.00601013
-3.34607 0

-3.30725 0
-3.25 0.00224359

-3.25 0.00100548
-3.125 0.0170142

-3.125 0.0185984
-3.0625 0.0318746

-3.0625 0.0321244
-3.03125 0.0395039

-3.03125 0.0395975
-3 0.0470317

-3 0.0470363
-2.98438 0.0506986

-2.98438 0.0507029
-2.96875 0.0542928

-2.96875 0.0542923
-2.95312 0.0578024

-2.95312 0.0578023
-2.9375 0.0612336

-2.9375 0.0611048
-2.931 0.0625

-2.93197 0.0625
-2.92188 0.064667

-2.92188 0.0645864
-2.90625 0.067862

-2.90625 0.0678617
-2.89062 0.0710606

-2.89062 0.0710604
-2.875 0.0741836

-2.875 0.0741833
-2.85938 0.077232

-2.85938 0.0771228
-2.85411 0.078125

-2.85494 0.078125
-2.84375 0.080256

1.5 -0.142079
1.51562 -0.142825

1.51562 -0.142825
1.53125 -0.143547

-2.84375 0.0802068
-2.82812 0.0831089

-2.82812 0.0831087
-2.8125 0.0859389

-2.8125 0.0859386
-2.79688 0.0886979

-2.79688 0.0886977
-2.78125 0.0913872

-2.78125 0.0913479
-2.76693 0.09375

-2.76862 0.09375
-2.76562 0.0942522

1.53125 -0.143547
1.54688 -0.144246

1.54688 -0.144246
1.5625 -0.144921

-2.76562 0.0940076
-2.75 0.0965605

1.5625 -0.144921
1.57812 -0.145571

1.57812 -0.145571
1.59375 -0.146197

1.59375 -0.146197
1.60938 -0.146798

-2.75 0.0965602
-2.73438 0.0990458

-2.73438 0.0990455
-2.71875 0.101465

-2.71875 0.101465
-2.70312 0.103818

-2.70312 0.103818
-2.6875 0.106108

-2.6875 0.106107
-2.67188 0.108334

-2.67188 0.108301
-2.66412 0.109375

-2.66457 0.109375
-2.65625 0.110527

-2.65625 0.110497
-2.64062 0.112599

-2.64062 0.112599
-2.625 0.114639

0 -0.0011684
0.015625 -0.00298588

0.015625 -0.00298598
0.03125 -0.00480327

0.03125 -0.00480336
0.046875 -0.0066201

0.046875 -0.0066202
0.0625 -0.00843602

0.0625 -0.00843611
0.078125 -0.0102506

0.078125 -0.0102507
0.09375 -0.0120636

0.09375 -0.0120637
0.109375 -0.0138745

0.109375 -0.0138756
0.124489 -0.015625

0.125 -0.0156828
0.140625 -0.0174893

0.140625 -0.0174895
0.15625 -0.0192943

0.15625 -0.0192943
0.171875 -0.0210969

0.171875 -0.021097
0.1875 -0.0228972

0.1875 -0.0228973
0.203125 -0.0246946

0.203125 -0.0246947
0.21875 -0.0264888

0.21875 -0.0264889
0.234375 -0.0282795

0.234375 -0.0282796
0.25 -0.0300662

0.265625 -0.0315125
0.263324 -0.03125

0.265625 -0.0318484
0.28125 -0.0336271

0.25 -0.0301956
0.259243 -0.03125

0.28125 -0.0336273
0.296875 -0.0354025

0.296875 -0.0354026
0.3125 -0.0371737

0.3125 -0.0371738
0.328125 -0.0389405

0.328125 -0.0389406
0.34375 -0.0407026

0.34375 -0.0407027
0.359375 -0.0424596

0.359375 -0.0424597
0.375 -0.0442111

0.375 -0.0442112
0.390625 -0.0459568

0.40625 -0.0476002
0.399737 -0.046875

0.390625 -0.0460416
0.398111 -0.046875

0.40625 -0.0476962
0.421875 -0.0494302

0.421875 -0.0494303
0.4375 -0.0511588

0.4375 -0.0511588
0.453125 -0.0528813

0.453125 -0.0528814
0.46875 -0.0545976

0.46875 -0.0545977
0.484375 -0.0563072

0.484375 -0.0563073
0.5 -0.0580098

-1 0.106666
-0.984375 0.105262

1.60938 -0.146798
1.625 -0.147373

-0.984375 0.105262
-0.96875 0.103843

-0.96875 0.103843
-0.953125 0.102411

-2.625 0.114639
-2.60938 0.116619

-2.60938 0.116619
-2.59375 0.11854

-2.59375 0.11854
-2.57812 0.120402

-2.57812 0.120402
-2.5625 0.122206

1.625 -0.147373
1.64062 -0.147923

-2.5625 0.122206
-2.54688 0.123953

1.64062 -0.147923
1.65625 -0.148446

0.546875 -0.062972
0.542484 -0.0625

-0.953125 0.102411
-0.9375 0.100965

1.65625 -0.148446
1.67188 -0.148944

-0.9375 0.100965
-0.921875 0.0995066

1.67188 -0.148944
1.6875 -0.149414

0.546875 -0.0630717
0.5625 -0.0647435

-0.921875 0.0995065
-0.90625 0.0980353

0.5 -0.0580099
0.515625 -0.0597051

-0.90625 0.0980352
-0.890625 0.0965516

0.515625 -0.0597052
0.53125 -0.0613925

1.6875 -0.149414
1.70312 -0.149858

0.53125 -0.0614407
0.541105 -0.0625

1.70312 -0.149858
1.71875 -0.150274

1.71875 -0.150274
1.73438 -0.150662

1.73438 -0.150662
1.75 -0.151022

1.75 -0.151022
1.76562 -0.151354

1.76562 -0.151354
1.78125 -0.151657

1.78125 -0.151657
1.79688 -0.151931

1.79688 -0.151931
1.8125 -0.152175

1.8125 -0.152175
1.82812 -0.152389

1.82812 -0.152389
1.84375 -0.152573

1.84375 -0.152573
1.85938 -0.152726

1.85938 -0.152726
1.875 -0.152848

1.875 -0.152848
1.89062 -0.152939

1.89062 -0.152939
1.90625 -0.152997

1.90625 -0.152997
1.92188 -0.153024

1.92188 -0.153024
1.9375 -0.153017

1.9375 -0.153017
1.95312 -0.152978

-0.890625 0.0965515
-0.875 0.0950559

-2.54688 0.123936
-2.53705 0.125

-2.53746 0.125
-2.53125 0.125672

-0.859375 0.0935607
-0.861337 0.09375

-0.859375 0.0935487
-0.84375 0.0920292

-2.53125 0.125645
-2.51562 0.12728

-2.51562 0.12728
-2.5 0.128861

-0.875 0.0950541
-0.861482 0.09375

-0.84375 0.0920291
-0.828125 0.0904976

-0.828125 0.0904975
-0.8125 0.0889543

1.95312 -0.152978
1.96875 -0.152905

0.5625 -0.0647436
0.578125 -0.0664079

-0.8125 0.0889542
-0.796875 0.0873997

0.578125 -0.0664079
0.59375 -0.0680643

1.96875 -0.152905
1.98438 -0.152798

0.59375 -0.0680644
0.609375 -0.0697126

1.98438 -0.152798
2 -0.152657

0.609375 -0.0697127
0.625 -0.0713523

-0.796875 0.0873996
-0.78125 0.0858342

0.625 -0.0713523
0.640625 -0.072983

0.640625 -0.0729831
0.65625 -0.0746045

-0.78125 0.0858341
-0.765625 0.0842581

-0.765625 0.084258
-0.75 0.0826717

-0.75 0.0826716
-0.734375 0.0810755

-0.734375 0.0810754
-0.71875 0.0794698

0.65625 -0.0746046
0.671875 -0.0762163

-0.703125 0.0778746
-0.705548 0.078125

0.671875 -0.0762164
0.6875 -0.0778181

-2.5 0.128861
-2.48438 0.130388

-0.71875 0.0794659
-0.705777 0.078125

0.703125 -0.0794045
0.690565 -0.078125

-2.48438 0.130387
-2.46875 0.13186

-2.46875 0.13186
-2.45312 0.13328

0.6875 -0.0778406
0.690292 -0.078125

-0.703125 0.0778549
-0.6875 0.0762302

-2.45312 0.13328
-2.4375 0.134648

0.703125 -0.0794097
0.71875 -0.0809918

-0.6875 0.0762301
-0.671875 0.0745957

-0.671875 0.0745956
-0.65625 0.072952

-2.4375 0.134648
-2.42188 0.135965

-2.42188 0.135965
-2.40625 0.137231

-0.65625 0.0729519
-0.640625 0.0712994

-0.640625 0.0712993
-0.625 0.0696382

-2.40625 0.137231
-2.39062 0.138447

-0.625 0.0696381
-0.609375 0.0679689

0.71875 -0.0809919
0.734375 -0.0825641

-0.609375 0.0679688
-0.59375 0.0662918

-2.39062 0.138447
-2.375 0.139614

-0.59375 0.0662918
-0.578125 0.0646073

-0.578125 0.0646072
-0.5625 0.0629157

-0.546875 0.0612479
-0.558392 0.0625

-2.375 0.139611
-2.36083 0.140625

-0.546875 0.0612171
-0.53125 0.0595106

-0.53125 0.0595105
-0.515625 0.0577968

-2.36121 0.140625
-2.35938 0.140756

-2.35938 0.140732
-2.34375 0.141803

-2.34375 0.141803
-2.32812 0.142826

-2.32812 0.142826
-2.3125 0.143802

-2.3125 0.143801
-2.29688 0.144731

0.734375 -0.0825642
0.75 -0.0841263

-0.515625 0.0577967
-0.5 0.0560762

-0.5625 0.0628087
-0.559661 0.0625

-2.29688 0.144731
-2.28125 0.145615

0.75 -0.0841264
0.765625 -0.0856781

0.765625 -0.0856781
0.78125 -0.087219

-2.28125 0.145615
-2.26562 0.146453

-2.26562 0.146453
-2.25 0.147247

0.78125 -0.0872191
0.796875 -0.0887487

0.796875 -0.0887488
0.8125 -0.0902669

-2.25 0.147247
-2.23438 0.147997

0.8125 -0.090267
0.828125 -0.0917732

0 -0.000981769
-0.00844101 0

2 -0.152657
2.01562 -0.152481

-2.23438 0.147997
-2.21875 0.148704

2.01562 -0.152481
2.03125 -0.152269

0.828125 -0.0917733
0.84375 -0.0932672

2.03125 -0.152269
2.04688 -0.152022

0.859375 -0.094738
0.848955 -0.09375

-2.21875 0.148704
-2.20312 0.149368

0.859375 -0.0947485
0.875 -0.096218

2.04688 -0.152022
2.0625 -0.151739

0.84375 -0.0932894
0.848608 -0.09375

-2.20312 0.149368
-2.1875 0.149989

-0.5 0.0560761
-0.484375 0.054349

-0.484375 0.0543489
-0.46875 0.0526157

2.0625 -0.151739
2.07812 -0.15142

0.875 -0.096218
0.890625 -0.0976753

2.07812 -0.15142
2.09375 -0.151063

0.890625 -0.0976754
0.90625 -0.0991201

0.90625 -0.0991202
0.921875 -0.100552

0.921875 -0.100552
0.9375 -0.101971

2.09375 -0.151063
2.10938 -0.150668

2.10938 -0.150669
2.125 -0.150236

-0.46875 0.0526156
-0.453125 0.0508766

-0.453125 0.0508766
-0.4375 0.0491322

0.9375 -0.101971
0.953125 -0.103377

-2.1875 0.149989
-2.17188 0.150569

0.953125 -0.103377
0.96875 -0.104769

-0.4375 0.049132
-0.421875 0.0473826

0.96875 -0.104769
0.984375 -0.106146

-0.40625 0.0456752
-0.416935 0.046875

2.125 -0.150236
2.14062 -0.149765

2.14062 -0.149765
2.15625 -0.149255

2.15625 -0.149256
2.17188 -0.148706

2.17188 -0.148706
2.1875 -0.148117

2.1875 -0.148117
2.20312 -0.147487

2.20312 -0.147487
2.21875 -0.146816

2.21875 -0.146816
2.23438 -0.146104

2.23438 -0.146104
2.25 -0.145349

-0.421875 0.0472536
-0.418503 0.046875

-0.40625 0.0456282
-0.390625 0.043868

-2.17188 0.150569
-2.15625 0.151108

-0.390625 0.0438679
-0.375 0.0421025

-2.15625 0.151108
-2.14062 0.151606

-0.375 0.0421024
-0.359375 0.040332

-0.359375 0.040332
-0.34375 0.0385571

-0.34375 0.038557
-0.328125 0.036778

0.984375 -0.106146
1 -0.107509

2.25 -0.145349
2.26562 -0.144552

2.26562 -0.144552
2.28125 -0.143711

-2.14062 0.151606
-2.125 0.152063

-2.125 0.152063
-2.10938 0.152482

-2.10938 0.152481
-2.09375 0.15286

-2.09375 0.15286
-2.07812 0.153201

2.28125 -0.143712
2.29688 -0.142827

2.29688 -0.142827
2.3125 -0.141899

-0.328125 0.0367779
-0.3125 0.0349952

-0.3125 0.0349951
-0.296875 0.0332089

-2.07812 0.153201
-2.0625 0.153503

-0.296875 0.0332088
-0.28125 0.0314195

2.3125 -0.141899
2.32812 -0.140925

-2.0625 0.153503
-2.04688 0.153767

2.32812 -0.140936
2.33289 -0.140625

2.33266 -0.140625
2.34375 -0.139902

-2.04688 0.153767
-2.03125 0.153994

-2.03125 0.153994
-2.01562 0.154185

-2.01562 0.154185
-2 0.154339

2.34375 -0.139907
2.35938 -0.138842

2.35938 -0.138842
2.375 -0.137731

-0.265625 0.0296362
-0.279692 0.03125

-0.265625 0.0296271
-0.25 0.0278307

2.375 -0.137731
2.39062 -0.136574

2.39062 -0.136574
2.40625 -0.135368

-0.25 0.0278307
-0.234375 0.0260311

-0.234375 0.026031
-0.21875 0.0242285

1 -0.107509
1.01562 -0.108857

2.40625 -0.135368
2.42188 -0.134115

-0.21875 0.0242284
-0.203125 0.0224233

1.03125 -0.11018
1.02181 -0.109375

2.42188 -0.134115
2.4375 -0.132812

1.01562 -0.108873
1.02151 -0.109375

-0.203125 0.0224232
-0.1875 0.020616

-0.1875 0.0206159
-0.171875 0.0188069

-0.171875 0.0188068
-0.15625 0.0169963

-0.140625 0.0152992
-0.143435 0.015625

-2 0.154339
-1.98438 0.154457

1.03125 -0.11019
1.04688 -0.111508

2.4375 -0.132812
2.45312 -0.13146

1.04688 -0.111508
1.0625 -0.112811

-1.98438 0.154457
-1.96875 0.15454

-0.15625 0.0169639
-0.144703 0.015625

-0.140625 0.0151848
-0.125 0.0133714

2.45312 -0.13146
2.46875 -0.130058

-0.125 0.0133712
-0.109375 0.011556

1.0625 -0.112811
1.07812 -0.1141

2.46875 -0.130058
2.48438 -0.128604

1.07812 -0.1141
1.09375 -0.115372

-1.96875 0.15454
-1.95312 0.154589

-0.109375 0.0115559
-0.09375 0.00973936

2.48438 -0.128605
2.5 -0.127099

1.09375 -0.115372
1.10938 -0.116629

-1.95312 0.154588
-1.9375 0.154602

-0.09375 0.00973926
-0.078125 0.00792172

1.10938 -0.116629
1.125 -0.11787

-1.9375 0.154602
-1.92188 0.154582

-1.92188 0.154581
-1.90625 0.154527

-1.90625 0.154527
-1.89062 0.15444

-0.078125 0.00792164
-0.0625 0.00610348

-0.0625 0.00610338
-0.046875 0.00428499

-0.046875 0.00428494
-0.03125 0.00246661

-0.03125 0.00246639
-0.015625 0.000648668

-0.015625 0.000141474
-0.0144086 0

-1.89062 0.15444
-1.875 0.15432

2.5 -0.1271
2.51562 -0.125542

2.51562 -0.125564
2.5211 -0.125

1.23438 -0.126077
1.21934 -0.125

2.52077 -0.125
2.53125 -0.123919

-1.875 0.15432
-1.85938 0.154168

-1.85938 0.154168
-1.84375 0.153983

-1.84375 0.153983
-1.82812 0.153767

2.53125 -0.123931
2.54688 -0.122267

2.54688 -0.122267
2.5625 -0.120548

-1.82812 0.153767
-1.8125 0.15352

-1.8125 0.15352
-1.79688 0.153242

-1.79688 0.153242
-1.78125 0.152934

-1.78125 0.152934
-1.76562 0.152596

-1.76562 0.152596
-1.75 0.152229

1.23438 -0.126077
1.25 -0.127177

-1.75 0.152229
-1.73438 0.151832

2.5625 -0.120548
2.57812 -0.118775

1.125 -0.11787
1.14062 -0.119095

-1.73438 0.151832
-1.71875 0.151406

1.14062 -0.119095
1.15625 -0.120302

2.57812 -0.118775
2.59375 -0.116946

-1.71875 0.151406
-1.70312 0.150953

-1.70312 0.150952
-1.6875 0.150471

-1.6875 0.15047
-1.67188 0.149961

-1.67188 0.149961
-1.65625 0.149424

-1.65625 0.149424
-1.64062 0.14886

-1.64062 0.14886
-1.625 0.14827

2.59375 -0.116946
2.60938 -0.11506

1.15625 -0.120302
1.17188 -0.121493

2.60938 -0.11506
2.625 -0.113117

1.17188 -0.121493
1.1875 -0.122666

1.1875 -0.122666
1.20312 -0.123821

-1.625 0.14827
-1.60938 0.147653

1.20312 -0.123821
1.21875 -0.124958

1.21875 -0.12496
1.21931 -0.125

-1.60938 0.147653
-1.59375 0.147011

-1.59375 0.147011
-1.57812 0.146343

2.625 -0.113117
2.64062 -0.111115

2.64062 -0.111117
2.65383 -0.109375

2.65373 -0.109375
2.65625 -0.109043

2.65625 -0.109054
2.67188 -0.106933

-1.57812 0.146343
-1.5625 0.14565

-1.5625 0.14565
-1.54688 0.144932

-1.54688 0.144932
-1.53125 0.14419

-1.53125 0.14419
-1.51562 0.143424

-1.51562 0.143424
-1.5 0.142635

1.25 -0.127178
1.26562 -0.12826

1.26562 -0.12826
1.28125 -0.129324

2.67188 -0.106933
2.6875 -0.104752

2.6875 -0.104752
2.70312 -0.102509

2.70312 -0.102509
2.71875 -0.100204

2.71875 -0.100205
2.73438 -0.0978363

2.73438 -0.0978366
2.75 -0.095404

1.28125 -0.129324
1.29688 -0.130369

1.29688 -0.130369
1.3125 -0.131394

-1.5 0.142635
-1.48438 0.141822

-1.48438 0.141822
-1.46875 0.140986

1.3125 -0.131395
1.32812 -0.132401

1.32812 -0.132401
1.34375 -0.133387

1.34375 -0.133387
1.35938 -0.134353

1.35938 -0.134353
1.375 -0.135298

1.375 -0.135299
1.39062 -0.136223

1.39062 -0.136223
1.40625 -0.137126

1.40625 -0.137126
1.42188 -0.138008

-1.45312 0.140133
-1.46208 0.140625

1.42188 -0.138008
1.4375 -0.138867

1.4375 -0.138867
1.45312 -0.139704

1.45312 -0.139705
1.46875 -0.140519

1.48438 -0.14131
1.47085 -0.140625

-1.46875 0.140979
-1.46231 0.140625

1.46875 -0.140521
1.4708 -0.140625

1.48438 -0.141311
1.5 -0.142079

-1.45312 0.140128
-1.4375 0.139247

-1.4375 0.139247
-1.42188 0.138343

-1.42188 0.138343
-1.40625 0.137417

-1.40625 0.137417
-1.39062 0.13647

-1.39062 0.13647
-1.375 0.135501

2.75 -0.0954195
2.76044 -0.09375

2.76016 -0.09375
2.76562 -0.0928769

-1.375 0.135501
-1.35938 0.134512

-1.35938 0.134512
-1.34375 0.133501

-1.34375 0.133501
-1.32812 0.132471

2.76562 -0.0929066
2.78125 -0.090343

2.78125 -0.0903433
2.79688 -0.087713

-1.32812 0.132471
-1.3125 0.13142

-1.3125 0.13142
-1.29688 0.13035

-1.29688 0.13035
-1.28125 0.129261

-1.28125 0.129261
-1.26562 0.128153

-1.26562 0.128153
-1.25 0.127026

2.79688 -0.0877133
2.8125 -0.0850153

2.8125 -0.0850156
2.82812 -0.0822489

-1.21875 0.124727
-1.22242 0.125

-1.21875 0.124718
-1.20312 0.123537

-1.20312 0.123537
-1.1875 0.122338

-1.1875 0.122338
-1.17188 0.121121

-1.17188 0.121121
-1.15625 0.119886

2.82812 -0.0822492
2.84375 -0.0794126

2.84375 -0.0794849
2.85106 -0.078125

-1.15625 0.119886
-1.14062 0.118635

-1.14062 0.118635
-1.125 0.117367

-1.25 0.127026
-1.23438 0.125881

2.85036 -0.078125
2.85938 -0.0764474

2.85938 -0.0765055
2.875 -0.0735264

-1.23438 0.125878
-1.22257 0.125

2.875 -0.0735267
2.89062 -0.0704748

2.89062 -0.0704751
2.90625 -0.0673495

2.90625 -0.0673498
2.92188 -0.0641491

2.92188 -0.0642625
2.93028 -0.0625

-1.125 0.117367
-1.10938 0.116083

-1.10938 0.116083
-1.09375 0.114783

-1.09375 0.114783
-1.07812 0.113467

-1.07812 0.113467
-1.0625 0.112136

-1.0625 0.112136
-1.04688 0.110791

-1.04688 0.110791
-1.03125 0.109431

-1.01562 0.108057
-1.0306 0.109375

2.92919 -0.0625
2.9375 -0.0607579

2.9375 -0.0608728
2.95312 -0.0575188

2.95312 -0.0575189
2.96875 -0.0540867

2.96875 -0.0540871
2.98438 -0.0505757

2.98438 -0.0505725
3 -0.0469875

-1.01562 0.108056
-1 0.106666

3 -0.046986
3.03125 -0.0396882

3.03125 -0.0395983
3.0625 -0.0323217

3.0625 -0.0320805
3.125 -0.0188935

3.125 -0.0172884
3.25 -0.00123279

3.25 -0.00235472
3.31047 0

3.348 0
3.5 0.00589747

3.5 -0.00268863
3.78618 0

3.9559 0
4 0.000394717

