-4 -0.000303379
-3.83984 0

-3.9563 0
-3.5 0.00125421

-3.5 -0.00393302
-3.25 -0.000819016

-3.25 -0.00632775
-3.16082 0

-3.30174 0
-3.25 0.000707024

-3.15455 0
-3.125 0.00209665

-3.125 0.00363736
-3.0625 0.0151752

-3.0625 0.0155769
-3.03125 0.0229637

-3.03125 0.0231116
-3 0.0310169

1.5 -0.146392
1.51562 -0.147165

1.51562 -0.147166
1.53125 -0.147913

1.53125 -0.147913
1.54688 -0.148635

1.54688 -0.148635
1.5625 -0.149329

-2.9993 0.03125
-2.98438 0.0350895

-2.98438 0.0351011
-2.96875 0.0390536

-2.96875 0.0390533
-2.95312 0.0429253

-2.95312 0.0429258
-2.9375 0.0467171

-2.9375 0.0467517
-2.93698 0.046875

-2.93683 0.046875
-2.92188 0.0504257

-2.92188 0.050427
-2.90625 0.054056

1.5625 -0.149329
1.57812 -0.149996

1.57812 -0.149997
1.59375 -0.150636

1.59375 -0.150636
1.60938 -0.151248

1.60938 -0.151248
1.625 -0.151832

-2.90625 0.0540558
-2.89062 0.0576043

-2.89062 0.0576041
-2.875 0.0610729

1.625 -0.151832
1.64062 -0.152386

-2.875 0.0610701
-2.86841 0.0625

-2.86843 0.0625
-2.85938 0.0644643

1.64062 -0.152387
1.65625 -0.152912

-1 0.111461
-0.984375 0.11007

-0.96875 0.108671
-0.976572 0.109375

-0.984375 0.110063
-0.976726 0.109375

-0.96875 0.108664
-0.953125 0.107243

0.015625 -0.000131187
0.0145368 0

-2.85938 0.0644621
-2.84375 0.0677736

0.015625 -0.000139186
0.03125 -0.00202314

1.65625 -0.152912
1.67188 -0.153409

-0.953125 0.107243
-0.9375 0.105807

1.67188 -0.153409
1.6875 -0.153875

-2.84375 0.0677734
-2.82812 0.0710077

0.03125 -0.00202323
0.046875 -0.00390742

-2.82812 0.0710074
-2.8125 0.0741655

0.046875 -0.00390747
0.0625 -0.00579162

1.6875 -0.153875
1.70312 -0.154311

0.0625 -0.00579168
0.078125 -0.00767556

0.078125 -0.00767562
0.09375 -0.00955896

0.09375 -0.00955903
0.109375 -0.0114416

0.109375 -0.0114417
0.125 -0.0133232

0.125 -0.0133232
0.140625 -0.0152034

0.15625 -0.0170759
0.144184 -0.015625

0.140625 -0.0152256
0.143947 -0.015625

0.15625 -0.0170822
0.171875 -0.0189594

0.171875 -0.0189595
0.1875 -0.0208349

0.1875 -0.020835
0.203125 -0.0227084

0.203125 -0.0227085
0.21875 -0.0245796

0.21875 -0.0245797
0.234375 -0.0264483

0.234375 -0.0264484
0.25 -0.0283142

0.28125 -0.0320214
0.274768 -0.03125

0.25 -0.0283143
0.265625 -0.030177

0.265625 -0.0301881
0.274548 -0.03125

0.28125 -0.0320365
0.296875 -0.0338926

0.296875 -0.0338927
0.3125 -0.0357452

0.3125 -0.0357453
0.328125 -0.037594

0.328125 -0.0375941
0.34375 -0.0394387

0.34375 -0.0394388
0.359375 -0.0412791

0.359375 -0.0412791
0.375 -0.0431148

0.375 -0.0431148
0.390625 -0.0449456

0.390625 -0.0449457
0.40625 -0.0467712

0.421875 -0.0485907
0.407147 -0.046875

0.40625 -0.0467829
0.407041 -0.046875

0.421875 -0.0485915
0.4375 -0.0504063

0.4375 -0.0504064
0.453125 -0.0522155

0.453125 -0.0522156
0.46875 -0.0540187

0.46875 -0.0540188
0.484375 -0.0558157

0.484375 -0.0558158
0.5 -0.0576061

0 0.00174376
0.0144648 0

0.546875 -0.0629269
0.543105 -0.0625

0.546875 -0.0629352
0.5625 -0.0646967

0.5 -0.0576062
0.515625 -0.0593897

0.515625 -0.0593897
0.53125 -0.0611661

0.53125 -0.0611689
0.543007 -0.0625

0.5625 -0.0646968
0.578125 -0.0664507

0.578125 -0.0664508
0.59375 -0.0681967

0.59375 -0.0681968
0.609375 -0.0699345

0.609375 -0.0699346
0.625 -0.0716637

0.625 -0.0716638
0.640625 -0.0733842

0.640625 -0.0733842
0.65625 -0.0750955

0.65625 -0.0750955
0.671875 -0.0767974

0.6875 -0.0784835
0.68419 -0.078125

0.671875 -0.0767991
0.684118 -0.078125

0.6875 -0.0784896
0.703125 -0.080172

0.703125 -0.080172
0.71875 -0.0818445

0.71875 -0.0818445
0.734375 -0.0835066

0.734375 -0.0835067
0.75 -0.0851583

0.75 -0.0851583
0.765625 -0.086799

0.765625 -0.0867991
0.78125 -0.0884286

0.78125 -0.0884287
0.796875 -0.0900467

0.796875 -0.0900468
0.8125 -0.0916531

-0.9375 0.105807
-0.921875 0.104356

-0.921875 0.104356
-0.90625 0.10289

-2.8125 0.0741653
-2.79688 0.0772482

-2.79688 0.0772459
-2.79231 0.078125

-2.79232 0.078125
-2.78125 0.0802575

-2.78125 0.0802564
-2.76562 0.0831914

-2.76562 0.0831913
-2.75 0.0860535

1.70312 -0.154311
1.71875 -0.154717

1.71875 -0.154717
1.73438 -0.155091

0.84375 -0.0948244
0.833139 -0.09375

1.73438 -0.155091
1.75 -0.155434

0.8125 -0.0916532
0.828125 -0.0932474

0.828125 -0.0932582
0.832982 -0.09375

-2.75 0.0860533
-2.73438 0.0888434

1.75 -0.155434
1.76562 -0.155745

1.76562 -0.155745
1.78125 -0.156024

0.84375 -0.0948294
0.859375 -0.096399

0.859375 -0.0963991
0.875 -0.0979561

0.875 -0.0979561
0.890625 -0.0995001

0.890625 -0.0995001
0.90625 -0.101031

0.90625 -0.101031
0.921875 -0.102548

0.921875 -0.102548
0.9375 -0.104051

0.9375 -0.104051
0.953125 -0.10554

-0.90625 0.10289
-0.890625 0.101411

-0.890625 0.101411
-0.875 0.0999171

0.953125 -0.10554
0.96875 -0.107015

0.96875 -0.107015
0.984375 -0.108475

-2.73438 0.0888431
-2.71875 0.0915621

-2.71875 0.0915617
-2.70584 0.09375

-2.70585 0.09375
-2.70312 0.0942115

-2.70312 0.0942106
-2.6875 0.0967906

-0.875 0.099917
-0.859375 0.0984098

-0.859375 0.0984098
-0.84375 0.0968893

1 -0.109914
0.994166 -0.109375

0.984375 -0.108477
0.994084 -0.109375

-2.6875 0.0967903
-2.67188 0.0993024

-2.67188 0.0993021
-2.65625 0.101747

-2.65625 0.101747
-2.64062 0.104126

-2.64062 0.104126
-2.625 0.10644

-2.625 0.10644
-2.60938 0.10869

-2.60938 0.108688
-2.60446 0.109375

-2.60449 0.109375
-2.59375 0.110878

1.79688 -0.15627
1.7956 -0.15625

-0.84375 0.0968892
-0.828125 0.0953556

-2.59375 0.110877
-2.57812 0.113001

-2.57812 0.113001
-2.5625 0.115064

-0.828125 0.0953555
-0.8125 0.0938091

1.79688 -0.15627
1.8125 -0.156483

-0.796875 0.0922503
-0.811907 0.09375

-0.796875 0.0922502
-0.78125 0.0906789

-0.8125 0.0938077
-0.811922 0.09375

-0.78125 0.0906788
-0.765625 0.0890954

-0.765625 0.0890953
-0.75 0.0875

1.78125 -0.156024
1.79559 -0.15625

-0.75 0.0875
-0.734375 0.085893

1.8125 -0.156483
1.82812 -0.156663

1.82812 -0.156663
1.84375 -0.156808

-2.5625 0.115063
-2.54688 0.117065

-2.54688 0.117065
-2.53125 0.119007

-0.734375 0.0858929
-0.71875 0.0842745

-0.71875 0.0842744
-0.703125 0.0826449

-0.703125 0.0826449
-0.6875 0.0810046

1 -0.109919
1.01562 -0.111349

-0.6875 0.0810045
-0.671875 0.0793538

-2.53125 0.119006
-2.51562 0.120889

-0.65625 0.0777289
-0.659977 0.078125

-0.671875 0.0793415
-0.660431 0.078125

1.01562 -0.111349
1.03125 -0.112762

-2.51562 0.120889
-2.5 0.122713

1.03125 -0.112763
1.04688 -0.114161

-0.65625 0.0776929
-0.640625 0.0760219

1.84375 -0.156809
1.85938 -0.15692

1.04688 -0.114161
1.0625 -0.115542

1.0625 -0.115543
1.07812 -0.116908

1.07812 -0.116908
1.09375 -0.118257

-0.640625 0.0760218
-0.625 0.0743408

-2.5 0.122712
-2.48438 0.124479

-2.48438 0.124477
-2.47959 0.125

1.09375 -0.118257
1.10938 -0.119588

1.10938 -0.119588
1.125 -0.120902

-0.625 0.0743408
-0.609375 0.0726501

-0.609375 0.07265
-0.59375 0.07095

-2.47962 0.125
-2.46875 0.12619

-2.46875 0.126188
-2.45312 0.127842

-2.45312 0.127842
-2.4375 0.12944

-2.4375 0.12944
-2.42188 0.130983

-2.42188 0.130982
-2.40625 0.132472

-2.40625 0.132471
-2.39062 0.133907

-2.39062 0.133907
-2.375 0.13529

-2.375 0.13529
-2.35938 0.136621

-2.35938 0.136621
-2.34375 0.1379

1.1875 -0.125976
1.17521 -0.125

1.1875 -0.125978
1.20312 -0.1272

1.20312 -0.1272
1.21875 -0.128404

1.21875 -0.128404
1.23438 -0.129587

-2.34375 0.1379
-2.32812 0.139129

1.23438 -0.129587
1.25 -0.130751

-2.32812 0.139129
-2.3125 0.140309

1.125 -0.120902
1.14062 -0.122199

-0.59375 0.0709499
-0.578125 0.0692407

1.14062 -0.122199
1.15625 -0.123477

-2.3125 0.140307
-2.3081 0.140625

-0.578125 0.0692406
-0.5625 0.0675225

-2.30813 0.140625
-2.29688 0.141439

-2.29688 0.141438
-2.28125 0.142519

1.85938 -0.15692
1.875 -0.156996

1.15625 -0.123477
1.17188 -0.124737

-0.515625 0.0623665
-0.516822 0.0625

-2.28125 0.142519
-2.26562 0.143552

-0.515625 0.0623179
-0.5 0.0605671

-0.5625 0.0675224
-0.546875 0.0657958

1.17188 -0.124744
1.1751 -0.125

-2.26562 0.143552
-2.25 0.144537

-0.546875 0.0657957
-0.53125 0.0640608

-0.53125 0.0640557
-0.517303 0.0625

1.875 -0.156996
1.89062 -0.157037

1.89062 -0.157037
1.90625 -0.157042

1.90625 -0.157042
1.92188 -0.157011

1.92188 -0.157011
1.9375 -0.156943

-2.25 0.144537
-2.23438 0.145476

-2.23438 0.145475
-2.21875 0.146367

-2.21875 0.146367
-2.20312 0.147213

-2.20312 0.147213
-2.1875 0.148014

-2.1875 0.148014
-2.17188 0.14877

1.25 -0.130751
1.26562 -0.131895

1.9375 -0.156943
1.95312 -0.156838

-0.5 0.060567
-0.484375 0.0588084

-2.17188 0.14877
-2.15625 0.149482

-0.484375 0.0588084
-0.46875 0.0570423

1.26562 -0.131895
1.28125 -0.133018

-0.46875 0.0570422
-0.453125 0.0552689

1.28125 -0.133018
1.29688 -0.13412

-2.15625 0.149482
-2.14062 0.150151

1.29688 -0.13412
1.3125 -0.135201

-2.14062 0.150151
-2.125 0.150776

-0.453125 0.0552688
-0.4375 0.0534885

1.95312 -0.156838
1.96875 -0.156695

1.3125 -0.135201
1.32812 -0.13626

-2.125 0.150776
-2.10938 0.15136

1.32812 -0.13626
1.34375 -0.137298

1.96875 -0.156695
1.98438 -0.156514

1.34375 -0.137298
1.35938 -0.138313

-2.10938 0.15136
-2.09375 0.151901

-0.4375 0.0534885
-0.421875 0.0517014

1.35938 -0.138313
1.375 -0.139305

1.98438 -0.156514
2 -0.156294

-2.09375 0.151901
-2.07812 0.152401

1.375 -0.139305
1.39062 -0.140275

1.40625 -0.141219
1.39643 -0.140625

-2.07812 0.152401
-2.0625 0.152861

-2.0625 0.15286
-2.04688 0.15328

-0.421875 0.0517014
-0.40625 0.0499079

-2.04688 0.153279
-2.03125 0.153659

1.39062 -0.140277
1.39636 -0.140625

-0.40625 0.0499078
-0.390625 0.0481083

-0.375 0.0463367
-0.379659 0.046875

-2.03125 0.153659
-2.01562 0.153999

-0.390625 0.0480928
-0.380086 0.046875

1.40625 -0.141221
1.42188 -0.142144

-0.375 0.0463028
-0.359375 0.0444916

-0.359375 0.0444914
-0.34375 0.0426745

-0.34375 0.0426744
-0.328125 0.0408521

1.42188 -0.142144
1.4375 -0.143042

-0.328125 0.040852
-0.3125 0.0390245

-2.01562 0.153999
-2 0.1543

-0.3125 0.0390244
-0.296875 0.037192

-0.296875 0.0371919
-0.28125 0.0353549

1.4375 -0.143043
1.45312 -0.143917

1.45312 -0.143917
1.46875 -0.144767

-0.28125 0.0353548
-0.265625 0.0335134

-0.265625 0.0335134
-0.25 0.0316679

1.46875 -0.144767
1.48438 -0.145592

1.48438 -0.145592
1.5 -0.146392

-0.234375 0.0298235
-0.246428 0.03125

-0.234375 0.0298185
-0.21875 0.0279653

-0.25 0.0316508
-0.246613 0.03125

-0.21875 0.0279652
-0.203125 0.0261084

-0.203125 0.0261083
-0.1875 0.0242481

-0.1875 0.024248
-0.171875 0.0223846

-0.171875 0.0223845
-0.15625 0.0205183

-0.15625 0.0205182
-0.140625 0.0186493

-0.140625 0.0186492
-0.125 0.016778

-0.109375 0.0149309
-0.115164 0.015625

-0.125 0.0167617
-0.115519 0.015625

-0.109375 0.0149046
-0.09375 0.0130292

-0.09375 0.0130291
-0.078125 0.0111517

-0.078125 0.0111517
-0.0625 0.00927264

-0.0625 0.00927258
-0.046875 0.00739211

-0.046875 0.00739204
-0.03125 0.00551039

-0.03125 0.00551032
-0.015625 0.00362775

-0.015625 0.00362769
0 0.00174446

-2 0.1543
-1.98438 0.154563

-1.98438 0.154563
-1.96875 0.154788

-1.96875 0.154788
-1.95312 0.154975

-1.95312 0.154975
-1.9375 0.155126

-1.9375 0.155126
-1.92188 0.15524

-1.92188 0.15524
-1.90625 0.155318

-1.90625 0.155318
-1.89062 0.155361

-1.89062 0.155361
-1.875 0.155368

-1.875 0.155368
-1.85938 0.155341

-1.85938 0.155341
-1.84375 0.15528

-1.84375 0.15528
-1.82812 0.155185

-1.82812 0.155184
-1.8125 0.155056

-1.8125 0.155056
-1.79688 0.154894

-1.79688 0.154894
-1.78125 0.1547

-1.78125 0.1547
-1.76562 0.154473

-1.76562 0.154473
-1.75 0.154215

-1.75 0.154215
-1.73438 0.153925

-1.73438 0.153925
-1.71875 0.153604

-1.71875 0.153604
-1.70312 0.153253

-1.70312 0.153253
-1.6875 0.152871

-1.6875 0.152871
-1.67188 0.15246

-1.67188 0.15246
-1.65625 0.152019

-1.65625 0.152019
-1.64062 0.151549

-1.64062 0.151549
-1.625 0.15105

-1.625 0.15105
-1.60938 0.150523

-1.60938 0.150523
-1.59375 0.149968

-1.59375 0.149968
-1.57812 0.149385

-1.57812 0.149385
-1.5625 0.148775

-1.5625 0.148775
-1.54688 0.148138

-1.54688 0.148138
-1.53125 0.147474

-1.53125 0.147474
-1.51562 0.146785

-1.51562 0.146785
-1.5 0.146069

2 -0.156294
2.00267 -0.15625

2.00267 -0.15625
2.01562 -0.156035

2.01562 -0.156035
2.03125 -0.155736

2.03125 -0.155736
2.04688 -0.155397

2.04688 -0.155397
2.0625 -0.155017

2.0625 -0.155017
2.07812 -0.154596

2.07812 -0.154596
2.09375 -0.154133

2.09375 -0.154133
2.10938 -0.153627

2.10938 -0.153627
2.125 -0.153078

-1.5 0.146069
-1.48438 0.145328

-1.48438 0.145328
-1.46875 0.144562

-1.46875 0.144562
-1.45312 0.143771

-1.45312 0.143771
-1.4375 0.142955

2.125 -0.153079
2.14062 -0.152486

2.14062 -0.152487
2.15625 -0.15185

-1.4375 0.142955
-1.42188 0.142116

-1.42188 0.142116
-1.40625 0.141252

-1.39062 0.14037
-1.39512 0.140625

-1.40625 0.141251
-1.39523 0.140625

-1.39062 0.140366
-1.375 0.139456

2.15625 -0.151851
2.17188 -0.15117

-1.375 0.139456
-1.35938 0.138523

-1.35938 0.138523
-1.34375 0.137568

-1.34375 0.137567
-1.32812 0.13659

-1.32812 0.13659
-1.3125 0.13559

-1.3125 0.13559
-1.29688 0.134569

-1.29688 0.134569
-1.28125 0.133526

2.17188 -0.15117
2.1875 -0.150443

2.1875 -0.150444
2.20312 -0.149672

-1.28125 0.133526
-1.26562 0.132462

-1.26562 0.132462
-1.25 0.131378

2.20312 -0.149672
2.21875 -0.148853

2.21875 -0.148853
2.23438 -0.147988

2.23438 -0.147988
2.25 -0.147075

-1.15625 0.12446
-1.16327 0.125

-1.15625 0.124455
-1.14062 0.123235

-1.14062 0.123235
-1.125 0.121996

-1.25 0.131378
-1.23438 0.130273

-1.23438 0.130273
-1.21875 0.129148

-1.21875 0.129148
-1.20312 0.128004

-1.20312 0.128004
-1.1875 0.12684

2.25 -0.147075
2.26562 -0.146114

2.26562 -0.146114
2.28125 -0.145104

-1.1875 0.12684
-1.17188 0.125657

-1.17188 0.125652
-1.16339 0.125

2.28125 -0.145104
2.29688 -0.144045

2.29688 -0.144045
2.3125 -0.142935

-1.125 0.121996
-1.10938 0.120739

2.3125 -0.142935
2.32812 -0.141774

2.32812 -0.141775
2.34294 -0.140625

-1.10938 0.120739
-1.09375 0.119465

-1.09375 0.119465
-1.07812 0.118173

-1.07812 0.118173
-1.0625 0.116864

2.34288 -0.140625
2.34375 -0.140557

-1.0625 0.116864
-1.04688 0.115538

-1.04688 0.115537
-1.03125 0.114195

-1.03125 0.114195
-1.01562 0.112836

2.34375 -0.140562
2.35938 -0.139296

2.35938 -0.139297
2.375 -0.137978

-1.01562 0.112836
-1 0.111461

2.375 -0.137978
2.39062 -0.136606

2.39062 -0.136606
2.40625 -0.135179

2.40625 -0.13518
2.42188 -0.133698

2.42188 -0.133698
2.4375 -0.13216

2.4375 -0.13216
2.45312 -0.130565

2.45312 -0.130565
2.46875 -0.128913

2.46875 -0.128913
2.48438 -0.127203

2.48438 -0.127203
2.5 -0.125434

2.5 -0.125435
2.50371 -0.125

2.5037 -0.125
2.51562 -0.123604

2.51562 -0.123605
2.53125 -0.121715

2.53125 -0.121715
2.54688 -0.119764

2.54688 -0.119765
2.5625 -0.117752

2.5625 -0.117752
2.57812 -0.115676

2.57812 -0.115677
2.59375 -0.113537

2.59375 -0.113538
2.60938 -0.111334

2.60938 -0.111334
2.62286 -0.109375

2.62284 -0.109375
2.625 -0.109061

2.625 -0.109064
2.64062 -0.106728

2.64062 -0.106728
2.65625 -0.104324

2.65625 -0.104324
2.67188 -0.101852

2.67188 -0.101852
2.6875 -0.0993101

2.6875 -0.0993104
2.70312 -0.0966979

2.70312 -0.0966981
2.71875 -0.0940142

2.71875 -0.094014
2.72025 -0.09375

2.72025 -0.09375
2.73438 -0.0912579

2.73438 -0.0912581
2.75 -0.0884281

2.75 -0.0884284
2.76562 -0.0855238

2.76562 -0.0855241
2.78125 -0.0825439

2.78125 -0.0825442
2.79688 -0.079487

2.79688 -0.0794815
2.80364 -0.078125

2.80369 -0.078125
2.8125 -0.0763564

2.8125 -0.0763523
2.82812 -0.0731378

2.82812 -0.0731381
2.84375 -0.0698431

2.84375 -0.0698435
2.85938 -0.0664668

2.85938 -0.066467
2.875 -0.0630073

2.875 -0.0629984
2.8772 -0.0625

2.87724 -0.0625
2.89062 -0.059465

2.89062 -0.0594638
2.90625 -0.0558338

2.90625 -0.0558343
2.92188 -0.052117

2.92188 -0.0521172
2.9375 -0.0483115

2.9375 -0.0482656
2.94308 -0.046875

2.94337 -0.046875
2.95312 -0.0444433

2.95312 -0.0444165
2.96875 -0.0404298

2.96875 -0.0404298
2.98438 -0.0363521

2.98438 -0.0363477
3 -0.0321882

3 -0.0319306
3.00261 -0.03125

3.00346 -0.03125
3.03125 -0.0240038

3.03125 -0.0238404
3.0625 -0.0162264

3.0625 -0.0158056
3.125 -0.0038966

3.125 -0.00230161
3.15639 0

3.25 -0.000764373
3.30426 0

3.16304 0
3.25 0.00637732

3.25 0.000745446
3.5 0.00396963

3.5 -0.00140929
4 -1.5867e-05

3.88453 0
4 0.000222914

