-3.5 -0.00100205
-3.60794 0

-4 0.00194775
-3.7781 0

-3.25 -0.00134408
-3.28438 0

-3.25 -5.63111e-06
-3.125 -0.0159219

-3.125 -0.0176177
-3.0625 -0.030865

-3.03125 -0.0383845
-3.06183 -0.03125

-3.03125 -0.0384717
-3 -0.0457955

-3.5 0.00742579
-3.30896 0

-2.98438 -0.0491899
-2.99441 -0.046875

-3 -0.0465538
-2.99861 -0.046875

-2.98438 -0.0494088
-2.96875 -0.0529381

-2.96875 -0.0529377
-2.95312 -0.0563877

-2.95312 -0.0563875
-2.9375 -0.0597592

-2.92188 -0.0632648
-2.9255 -0.0625

-2.92188 -0.0630529
-2.90625 -0.0662708

-2.90625 -0.0662705
-2.89062 -0.0694132

-2.89062 -0.0694129
-2.875 -0.0724816

1.5 0.142367
1.51562 0.143152

1.51562 0.143152
1.53125 0.143914

1.53125 0.143914
1.54688 0.144652

1.54688 0.144652
1.5625 0.145365

1.5625 0.145365
1.57812 0.146054

1.57812 0.146054
1.59375 0.146717

1.59375 0.146717
1.60938 0.147355

1.60938 0.147356
1.625 0.147968

-2.9375 -0.0597084
-2.92426 -0.0625

-2.875 -0.0724813
-2.85938 -0.0754771

-2.84375 -0.0786061
-2.84632 -0.078125

-2.85938 -0.0754477
-2.84507 -0.078125

-1 -0.107385
-0.984375 -0.106025

1.625 0.147968
1.64062 0.148554

1.64062 0.148554
1.65625 0.149113

-2.84375 -0.0784006
-2.82812 -0.0812536

-0.984375 -0.106025
-0.96875 -0.10465

1.65625 0.149113
1.67188 0.149646

-0.96875 -0.10465
-0.953125 -0.103262

-0.953125 -0.103262
-0.9375 -0.101859

0 -0.00102648
0.00882956 0

0.0148051 0
0.015625 9.53188e-05

0.015625 0.000620382
0.03125 0.00243728

0.03125 0.0024375
0.046875 0.00425504

0.046875 0.00425509
0.0625 0.00607272

0.0625 0.00607283
0.078125 0.00789025

0.078125 0.00789034
0.09375 0.00970716

0.09375 0.00970726
0.109375 0.0115231

0.109375 0.0115232
0.125 0.0133377

0.125 0.0133378
0.140625 0.0151506

0.140625 0.01527
0.143688 0.015625

0.145045 0.015625
0.15625 0.0169237

0.15625 0.0169614
0.171875 0.0187711

0.171875 0.0187712
0.1875 0.0205794

0.1875 0.0205795
0.203125 0.0223859

0.203125 0.022386
0.21875 0.0241902

0.21875 0.0241903
0.234375 0.0259919

0.234375 0.025992
0.25 0.0277907

0.25 0.0277908
0.265625 0.0295861

0.265625 0.0295912
0.280092 0.03125

0.28125 0.0313775
0.296875 0.0331657

0.296875 0.0331658
0.3125 0.0349509

0.3125 0.0349509
0.328125 0.0367324

0.328125 0.0367325
0.34375 0.0385102

0.34375 0.0385103
0.359375 0.0402838

0.359375 0.0402839
0.375 0.0420528

0.375 0.0420529
0.390625 0.0438168

0.390625 0.0438169
0.40625 0.0455755

0.40625 0.0456181
0.417454 0.046875

0.419096 0.046875
0.421875 0.0471868

0.421875 0.0473282
0.4375 0.0490758

0.4375 0.049076
0.453125 0.0508186

0.453125 0.0508186
0.46875 0.0525557

1.67188 0.149646
1.6875 0.150151

1.6875 0.150152
1.70312 0.150629

1.70312 0.150629
1.71875 0.151079

1.71875 0.151079
1.73438 0.1515

1.73438 0.1515
1.75 0.151893

1.75 0.151893
1.76562 0.152256

1.76562 0.152256
1.78125 0.15259

1.78125 0.15259
1.79688 0.152893

1.79688 0.152894
1.8125 0.153167

1.8125 0.153167
1.82812 0.15341

1.82812 0.15341
1.84375 0.153621

1.84375 0.153621
1.85938 0.153801

1.85938 0.153801
1.875 0.153949

1.875 0.153949
1.89062 0.154064

1.89062 0.154065
1.90625 0.154147

1.90625 0.154147
1.92188 0.154196

1.92188 0.154197
1.9375 0.154212

1.9375 0.154212
1.95312 0.154194

1.95312 0.154194
1.96875 0.154141

1.96875 0.154141
1.98438 0.154052

-0.9375 -0.101859
-0.921875 -0.100443

-0.921875 -0.100443
-0.90625 -0.0990143

-0.90625 -0.0990143
-0.890625 -0.0975726

-0.890625 -0.0975725
-0.875 -0.0961184

-0.875 -0.0961183
-0.859375 -0.0946521

-0.859375 -0.0946369
-0.850002 -0.09375

-0.849585 -0.09375
-0.84375 -0.0931979

-0.84375 -0.0931738
-0.828125 -0.091683

-0.828125 -0.0916829
-0.8125 -0.0901798

-0.8125 -0.0901797
-0.796875 -0.0886647

-0.796875 -0.0886646
-0.78125 -0.087138

-0.78125 -0.0871379
-0.765625 -0.0856001

-0.765625 -0.0856
-0.75 -0.0840514

-0.75 -0.0840513
-0.734375 -0.0824922

-0.734375 -0.0824921
-0.71875 -0.0809229

-0.71875 -0.0809228
-0.703125 -0.0793437

-0.703125 -0.079336
-0.691215 -0.078125

-0.690884 -0.078125
-0.6875 -0.0777809

-0.6875 -0.077755
-0.671875 -0.0761562

-0.671875 -0.0761561
-0.65625 -0.0745472

-0.65625 -0.0745471
-0.640625 -0.0729286

-0.640625 -0.0729285
-0.625 -0.0713007

-0.625 -0.0713006
-0.609375 -0.0696638

-0.609375 -0.0696638
-0.59375 -0.0680184

-0.59375 -0.0680183
-0.578125 -0.0663648

-0.578125 -0.0663647
-0.5625 -0.0647032

-0.5625 -0.0647031
-0.546875 -0.063034

-0.546875 -0.0629274
-0.542892 -0.0625

-0.541469 -0.0625
-0.53125 -0.0614035

-0.53125 -0.0613575
-0.515625 -0.0596728

-0.515625 -0.0596727
-0.5 -0.0579802

-0.5 -0.0579801
-0.484375 -0.0562801

-0.484375 -0.0562801
-0.46875 -0.0545731

-0.46875 -0.054573
-0.453125 -0.0528593

-0.453125 -0.0528592
-0.4375 -0.0511392

1.98438 0.154053
2 0.153929

-0.4375 -0.0511391
-0.421875 -0.0494131

-2.82812 -0.0812533
-2.8125 -0.0840362

-2.8125 -0.0840359
-2.79688 -0.0867498

-2.79688 -0.0867496
-2.78125 -0.0893956

0.46875 0.0525558
0.484375 0.054287

-0.421875 -0.049413
-0.40625 -0.0476814

0.484375 0.0542871
0.5 0.0560122

-2.75 -0.0945554
-2.75501 -0.09375

-2.78125 -0.0893953
-2.76562 -0.0919745

-2.76562 -0.091945
-2.7544 -0.09375

-0.40625 -0.0475824
-0.399888 -0.046875

-0.398236 -0.046875
-0.390625 -0.0460288

-0.390625 -0.0459444
-0.375 -0.0442011

-0.375 -0.044201
-0.359375 -0.0424518

-0.359375 -0.0424517
-0.34375 -0.040697

-0.34375 -0.0406969
-0.328125 -0.0389371

-0.328125 -0.038937
-0.3125 -0.0371723

-2.75 -0.0944872
-2.73438 -0.0969351

-0.3125 -0.0371722
-0.296875 -0.0354032

-0.296875 -0.0354031
-0.28125 -0.0336299

-2.73438 -0.0969348
-2.71875 -0.0993182

-0.28125 -0.0336297
-0.265625 -0.0318529

0.5 0.0560123
0.515625 0.0577307

-0.265625 -0.0315106
-0.263338 -0.03125

-0.259163 -0.03125
-0.25 -0.0302058

0.515625 0.0577308
0.53125 0.0594424

-0.25 -0.0300726
-0.234375 -0.0282877

-2.71875 -0.099318
-2.70312 -0.101638

2 0.153929
2.01562 0.153769

-2.70312 -0.101638
-2.6875 -0.103895

-0.234375 -0.0282876
-0.21875 -0.0264988

-0.21875 -0.0264987
-0.203125 -0.0247063

0.53125 0.0594424
0.546875 0.0611467

-0.203125 -0.0247062
-0.1875 -0.0229104

0.546875 0.0611722
0.559105 0.0625

2.01562 0.153769
2.03125 0.153573

2.03125 0.153573
2.04688 0.15334

2.04688 0.15334
2.0625 0.15307

2.0625 0.15307
2.07812 0.152762

2.07812 0.152762
2.09375 0.152415

-0.1875 -0.0229104
-0.171875 -0.0211117

-2.6875 -0.103895
-2.67188 -0.106091

-0.171875 -0.0211116
-0.15625 -0.0193105

-2.67188 -0.106091
-2.65625 -0.108226

-2.64062 -0.110327
-2.64779 -0.109375

-2.65625 -0.108205
-2.64744 -0.109375

-0.15625 -0.0193104
-0.140625 -0.017507

2.09375 0.152415
2.10938 0.15203

-0.140625 -0.0175068
-0.125 -0.0157017

-2.64062 -0.110301
-2.625 -0.112317

-2.5 -0.126407
-2.514 -0.125

-2.625 -0.112317
-2.60938 -0.114274

2.10938 0.15203
2.125 0.151605

2.125 0.151605
2.14062 0.151141

-0.124319 -0.015625
-0.109375 -0.0138965

-2.60938 -0.114274
-2.59375 -0.116174

-0.109375 -0.0138947
-0.09375 -0.012085

0.560445 0.0625
0.5625 0.0627231

0.5625 0.062843
0.578125 0.0645321

0.578125 0.0645322
0.59375 0.0662142

0.59375 0.0662143
0.609375 0.0678888

0.609375 0.0678889
0.625 0.0695556

0.625 0.0695556
0.640625 0.0712141

0.640625 0.0712142
0.65625 0.0728641

0.65625 0.0728642
0.671875 0.0745052

0.671875 0.0745053
0.6875 0.0761369

0.6875 0.0761371
0.703125 0.077759

0.703125 0.0777837
0.706433 0.078125

0.706742 0.078125
0.71875 0.079364

0.71875 0.079371
0.734375 0.0809738

0.734375 0.0809739
0.75 0.0825671

0.75 0.0825672
0.765625 0.0841506

0.765625 0.0841506
0.78125 0.0857237

0.78125 0.0857238
0.796875 0.0872863

0.796875 0.0872864
0.8125 0.0888379

0.8125 0.088838
0.828125 0.0903782

0.828125 0.0903783
0.84375 0.0919067

0.84375 0.0919069
0.859375 0.0934232

0.859375 0.0934408
0.862587 0.09375

0.86282 0.09375
0.875 0.0949226

0.875 0.0949274
0.890625 0.0964197

0.890625 0.0964198
0.90625 0.0979002

0.90625 0.0979003
0.921875 0.0993683

0.921875 0.0993684
0.9375 0.100824

0.9375 0.100824
0.953125 0.102266

0.953125 0.102266
0.96875 0.103695

0.96875 0.103695
0.984375 0.10511

2.14062 0.151141
2.15625 0.150636

-0.09375 -0.012085
-0.078125 -0.0102732

2.15625 0.150636
2.17188 0.15009

0.984375 0.10511
1 0.106511

-2.59375 -0.116174
-2.57812 -0.118017

-0.078125 -0.0102731
-0.0625 -0.00845971

-0.0625 -0.00845962
-0.046875 -0.00664483

-0.046875 -0.00664474
-0.03125 -0.00482898

2.17188 0.15009
2.1875 0.149503

2.1875 0.149503
2.20312 0.148874

-2.57812 -0.118017
-2.5625 -0.119804

-2.5625 -0.119803
-2.54688 -0.121535

2.20312 0.148874
2.21875 0.148202

2.21875 0.148203
2.23438 0.147488

2.23438 0.147488
2.25 0.146729

-0.03125 -0.00482889
-0.015625 -0.00301253

2.25 0.14673
2.26562 0.145927

2.26562 0.145927
2.28125 0.14508

1 0.106511
1.01562 0.107898

-2.54688 -0.121535
-2.53125 -0.123212

1.01562 0.107898
1.03125 0.10927

-2.53125 -0.123212
-2.51562 -0.124836

2.28125 0.14508
2.29688 0.144187

-0.015625 -0.00301243
0 -0.00119584

1.03125 0.109275
1.0324 0.109375

-2.51562 -0.124831
-2.51395 -0.125

2.29688 0.144187
2.3125 0.143248

2.3125 0.143249
2.32812 0.142263

2.32812 0.142263
2.34375 0.141231

2.35938 0.140144
2.35241 0.140625

2.34375 0.141236
2.35259 0.140625

2.35938 0.140151
2.375 0.139022

1.03247 0.109375
1.04688 0.110626

1.04688 0.110627
1.0625 0.111969

2.375 0.139023
2.39062 0.137846

2.39062 0.137846
2.40625 0.136619

2.40625 0.13662
2.42188 0.135343

2.42188 0.135343
2.4375 0.134016

1.0625 0.111969
1.07812 0.113296

1.07812 0.113296
1.09375 0.114608

2.4375 0.134016
2.45312 0.132638

2.45312 0.132638
2.46875 0.131207

2.46875 0.131207
2.48438 0.129723

2.48438 0.129723
2.5 0.128185

1.09375 0.114608
1.10938 0.115905

1.10938 0.115905
1.125 0.117185

1.125 0.117185
1.14062 0.11845

1.14062 0.11845
1.15625 0.119698

1.15625 0.119698
1.17188 0.120929

1.17188 0.120929
1.1875 0.122142

1.1875 0.122142
1.20312 0.123338

-2.5 -0.126406
-2.48438 -0.127924

-2.48438 -0.127924
-2.46875 -0.12939

1.20312 0.123338
1.21875 0.124516

1.21875 0.124527
1.22512 0.125

1.22538 0.125
1.23438 0.125668

1.23438 0.125675
1.25 0.126817

-2.46875 -0.12939
-2.45312 -0.130805

1.25 0.126817
1.26562 0.12794

2.53125 0.124943
2.53071 0.125

-2.45312 -0.130805
-2.4375 -0.132169

1.26562 0.12794
1.28125 0.129045

1.28125 0.129045
1.29688 0.13013

1.29688 0.13013
1.3125 0.131197

-2.4375 -0.132169
-2.42188 -0.133483

1.3125 0.131197
1.32812 0.132244

-2.42188 -0.133483
-2.40625 -0.134748

-2.40625 -0.134748
-2.39062 -0.135965

1.32812 0.132244
1.34375 0.133271

2.53125 0.124945
2.54688 0.123242

-2.39062 -0.135965
-2.375 -0.137134

1.34375 0.133271
1.35938 0.134277

1.35938 0.134278
1.375 0.135263

2.54688 0.123242
2.5625 0.121483

1.375 0.135264
1.39062 0.136229

2.5625 0.121483
2.57812 0.119666

1.39062 0.136229
1.40625 0.137172

-2.375 -0.137133
-2.35938 -0.138255

2.57812 0.119667
2.59375 0.117792

2.59375 0.117792
2.60938 0.115859

1.40625 0.137172
1.42188 0.138094

-2.35938 -0.138255
-2.34375 -0.13933

2.60938 0.115859
2.625 0.113866

-2.34375 -0.13933
-2.32812 -0.140359

-2.3125 -0.141345
-2.32393 -0.140625

2.5 0.128185
2.51562 0.126593

2.51562 0.126593
2.53073 0.125

1.42188 0.138094
1.4375 0.138994

2.53125 0.125018
2.53141 0.125

-2.32812 -0.140355
-2.32384 -0.140625

2.625 0.113866
2.64062 0.111812

2.64062 0.111813
2.65625 0.109698

2.67188 0.107502
2.65843 0.109375

2.65625 0.109794
2.65926 0.109375

2.67188 0.107521
2.6875 0.105281

2.6875 0.105281
2.70312 0.102978

1.4375 0.138994
1.45312 0.139872

2.70312 0.102978
2.71875 0.100611

-2.3125 -0.141343
-2.29688 -0.142282

1.45312 0.139874
1.46686 0.140625

2.71875 0.100611
2.73438 0.0981775

2.73438 0.0981778
2.75 0.0956779

-2.29688 -0.142282
-2.28125 -0.143176

2.76562 0.0930672
2.76147 0.09375

-2.28125 -0.143176
-2.26562 -0.144027

1.4672 0.140625
1.46875 0.14071

1.46875 0.140726
1.48438 0.141558

2.76562 0.0931109
2.78125 0.0904756

2.75 0.095693
2.76183 0.09375

1.48438 0.141558
1.5 0.142367

-2.26562 -0.144027
-2.25 -0.144834

2.78125 0.0904758
2.79688 0.0877716

2.79688 0.0877718
2.8125 0.0849975

2.8125 0.0849978
2.82812 0.0821524

2.82812 0.0821527
2.84375 0.079235

2.85938 0.0760676
2.84863 0.078125

2.84375 0.079514
2.85101 0.078125

2.85938 0.0762448
2.875 0.0731804

2.9375 0.0600921
2.92633 0.0625

2.875 0.0731807
2.89062 0.0700415

2.89062 0.0700418
2.90625 0.0668268

2.90625 0.0668271
2.92188 0.0635351

2.92188 0.0636917
2.9274 0.0625

2.9375 0.0601658
2.95312 0.0567179

2.95312 0.056718
2.96875 0.0531912

2.96875 0.0531916
2.98438 0.0495847

3 0.0466763
2.99916 0.046875

2.98438 0.0494074
2.99513 0.046875

-2.25 -0.144833
-2.23438 -0.145598

-2.23438 -0.145597
-2.21875 -0.146319

-2.21875 -0.146319
-2.20312 -0.146999

-2.20312 -0.146999
-2.1875 -0.147638

3.5 -0.0074333
3.3078 0

3 0.0458914
3.03125 0.0384328

3.03125 0.0383375
3.06121 0.03125

3.0625 0.0307103
3.125 0.0173731

-2.1875 -0.147638
-2.17188 -0.148236

-2.17188 -0.148236
-2.15625 -0.148793

3.125 0.0156993
3.24861 0

3.25 0.00128871
3.28313 0

-2.15625 -0.148793
-2.14062 -0.149311

-2.14062 -0.149311
-2.125 -0.14979

4 -0.00216207
3.75467 0

-2.125 -0.14979
-2.10938 -0.150231

-2.10938 -0.15023
-2.09375 -0.150632

-2.09375 -0.150632
-2.07812 -0.150997

-2.07812 -0.150997
-2.0625 -0.151324

3.5 0.000850313
3.59167 0

-2.0625 -0.151324
-2.04688 -0.151614

-2.04688 -0.151614
-2.03125 -0.151868

-2.03125 -0.151868
-2.01562 -0.152086

-2.01562 -0.152086
-2 -0.152268

-2 -0.152268
-1.98438 -0.152416

-1.98438 -0.152416
-1.96875 -0.152529

-1.96875 -0.152529
-1.95312 -0.152608

-1.95312 -0.152608
-1.9375 -0.152653

-1.9375 -0.152653
-1.92188 -0.152665

-1.92188 -0.152665
-1.90625 -0.152645

-1.90625 -0.152645
-1.89062 -0.152592

-1.89062 -0.152591
-1.875 -0.152506

-1.875 -0.152506
-1.85938 -0.152389

-1.85938 -0.152389
-1.84375 -0.152241

-1.84375 -0.152241
-1.82812 -0.152063

-1.82812 -0.152062
-1.8125 -0.151853

-1.8125 -0.151853
-1.79688 -0.151614

-1.79688 -0.151614
-1.78125 -0.151345

-1.78125 -0.151345
-1.76562 -0.151047

-1.76562 -0.151046
-1.75 -0.150719

-1.75 -0.150719
-1.73438 -0.150364

-1.73438 -0.150363
-1.71875 -0.14998

-1.71875 -0.149979
-1.70312 -0.149568

-1.70312 -0.149568
-1.6875 -0.149128

-1.6875 -0.149128
-1.67188 -0.148662

-1.67188 -0.148662
-1.65625 -0.148169

-1.65625 -0.148169
-1.64062 -0.147649

-1.64062 -0.147649
-1.625 -0.147104

-1.625 -0.147104
-1.60938 -0.146532

-1.60938 -0.146532
-1.59375 -0.145936

-1.59375 -0.145936
-1.57812 -0.145314

-1.57812 -0.145314
-1.5625 -0.144668

-1.5625 -0.144668
-1.54688 -0.143997

-1.54688 -0.143997
-1.53125 -0.143302

-1.53125 -0.143302
-1.51562 -0.142584

-1.51562 -0.142584
-1.5 -0.141842

-1.5 -0.141842
-1.48438 -0.141077

-1.48438 -0.141075
-1.47546 -0.140625

-1.47532 -0.140625
-1.46875 -0.140294

-1.46875 -0.14029
-1.45312 -0.139479

-1.45312 -0.139479
-1.4375 -0.138646

-1.4375 -0.138646
-1.42188 -0.13779

-1.42188 -0.13779
-1.40625 -0.136912

-1.40625 -0.136912
-1.39062 -0.136013

-1.39062 -0.136013
-1.375 -0.135092

-1.375 -0.135092
-1.35938 -0.134151

-1.35938 -0.134151
-1.34375 -0.133189

-1.34375 -0.133189
-1.32812 -0.132206

-1.32812 -0.132206
-1.3125 -0.131204

-1.3125 -0.131204
-1.29688 -0.130182

-1.29688 -0.130182
-1.28125 -0.129141

-1.28125 -0.129141
-1.26562 -0.12808

-1.26562 -0.12808
-1.25 -0.127002

-1.25 -0.127002
-1.23438 -0.125905

-1.23438 -0.125903
-1.22172 -0.125

-1.22162 -0.125
-1.21875 -0.124795

-1.21875 -0.124789
-1.20312 -0.123656

-1.20312 -0.123656
-1.1875 -0.122504

-1.1875 -0.122504
-1.17188 -0.121334

-1.17188 -0.121334
-1.15625 -0.120147

-1.15625 -0.120147
-1.14062 -0.118942

-1.14062 -0.118942
-1.125 -0.117721

-1.125 -0.117721
-1.10938 -0.116483

-1.10938 -0.116483
-1.09375 -0.115229

-1.09375 -0.115229
-1.07812 -0.11396

-1.07812 -0.113959
-1.0625 -0.112675

-1.0625 -0.112674
-1.04688 -0.111374

-1.04688 -0.111374
-1.03125 -0.110059

-1.03125 -0.110044
-1.02339 -0.109375

-1.02301 -0.109375
-1.01562 -0.108746

-1.01562 -0.10873
-1 -0.107385

