-3.5 -0.000426695
-3.66726 0

-4 0.000842855
-3.5 0.00016959

-3.125 -0.000761593
-3.13533 0

-3.125 -0.00218418
-3.0625 -0.0140612

-3.0625 -0.0144889
-3.03125 -0.0221283

-3.03125 -0.0222745
-3 -0.0304671

-3.5 0.00543027
-3.25 0.00245076

-3.25 0.00829598
-3.13745 0

-2.98438 -0.0346329
-2.99704 -0.03125

-2.98438 -0.0347157
-2.96875 -0.0388173

-2.96875 -0.0388175
-2.95312 -0.0428307

-2.95312 -0.0428314
-2.9375 -0.0467543

-2.92188 -0.0505842
-2.937 -0.046875

-2.92188 -0.0505861
-2.90625 -0.0543295

-2.90625 -0.0543289
-2.89062 -0.0579845

-2.89062 -0.0579842
-2.875 -0.0615535

-2.85938 -0.0650261
-2.8707 -0.0625

-2.85938 -0.0650374
-2.84375 -0.0684386

-2.84375 -0.0684382
-2.82812 -0.0717572

-2.82812 -0.0717569
-2.8125 -0.074995

-2.875 -0.0615845
-2.87089 -0.0625

-2.79688 -0.0781527
-2.79701 -0.078125

-2.8125 -0.0749947
-2.79701 -0.078125

-2.79688 -0.0781527
-2.78125 -0.0812325

-2.78125 -0.0812322
-2.76562 -0.0842344

-2.76562 -0.0842341
-2.75 -0.0871601

-2.75 -0.0871598
-2.73438 -0.0900107

-2.73438 -0.0900105
-2.71875 -0.0927874

-2.70312 -0.0954912
-2.71319 -0.09375

-2.70312 -0.0954908
-2.6875 -0.0981227

-2.71875 -0.0927869
-2.71318 -0.09375

-2.6875 -0.0981225
-2.67188 -0.100683

-2.67188 -0.100683
-2.65625 -0.103174

-2.65625 -0.103174
-2.64062 -0.105596

-2.64062 -0.105596
-2.625 -0.107951

-2.60938 -0.110239
-2.61528 -0.109375

-2.625 -0.10795
-2.61526 -0.109375

-2.60938 -0.110238
-2.59375 -0.112459

-2.59375 -0.112459
-2.57812 -0.114615

-2.57812 -0.114615
-2.5625 -0.116707

-2.5625 -0.116706
-2.54688 -0.118735

-2.54688 -0.118735
-2.53125 -0.120701

-2.53125 -0.120701
-2.51562 -0.122605

-2.51562 -0.122605
-2.5 -0.124449

1.5 0.145589
1.51562 0.1463

1.51562 0.1463
1.53125 0.146985

1.53125 0.146985
1.54688 0.147644

1.54688 0.147644
1.5625 0.148277

1.5625 0.148277
1.57812 0.148882

1.57812 0.148882
1.59375 0.149461

1.59375 0.149461
1.60938 0.150012

1.60938 0.150012
1.625 0.150534

1.625 0.150535
1.64062 0.151029

1.64062 0.151029
1.65625 0.151495

1.65625 0.151495
1.67188 0.151931

1.67188 0.151931
1.6875 0.152338

1.6875 0.152338
1.70312 0.152715

-2.48438 -0.126234
-2.49519 -0.125

1.70312 0.152716
1.71875 0.153062

1.71875 0.153062
1.73438 0.153378

1.73438 0.153379
1.75 0.153663

-2.48438 -0.126233
-2.46875 -0.127957

-2.46875 -0.127957
-2.45312 -0.129623

-2.45312 -0.129623
-2.4375 -0.131232

-2.4375 -0.131231
-2.42188 -0.132783

-2.42188 -0.132783
-2.40625 -0.134278

-2.40625 -0.134278
-2.39062 -0.135719

-2.39062 -0.135718
-2.375 -0.137104

-2.5 -0.124446
-2.49515 -0.125

-2.375 -0.137104
-2.35938 -0.138436

1.75 0.153664
1.76562 0.153917

1.76562 0.153917
1.78125 0.154139

-2.35938 -0.138436
-2.34375 -0.139715

-2.32812 -0.140941
-2.33216 -0.140625

-2.34375 -0.139714
-2.33214 -0.140625

1.78125 0.154139
1.79688 0.154328

1.79688 0.154328
1.8125 0.154485

-2.32812 -0.14094
-2.3125 -0.142115

1.8125 0.154485
1.82812 0.154608

1.82812 0.154608
1.84375 0.154698

1.84375 0.154698
1.85938 0.154753

1.85938 0.154754
1.875 0.154775

1.875 0.154775
1.89062 0.154761

1.89062 0.154761
1.90625 0.154712

1.90625 0.154712
1.92188 0.154628

-2.3125 -0.142115
-2.29688 -0.143238

-1 -0.109594
-0.997617 -0.109375

-0.997583 -0.109375
-0.984375 -0.108159

-0.984375 -0.108158
-0.96875 -0.106705

-0.96875 -0.106704
-0.953125 -0.105236

-0.953125 -0.105236
-0.9375 -0.103753

-0.9375 -0.103753
-0.921875 -0.102256

0 0.00171492
0.015625 0.00359716

1.92188 0.154628
1.9375 0.154507

0.015625 0.00359723
0.03125 0.00547888

-0.921875 -0.102256
-0.90625 -0.100745

1.9375 0.154507
1.95312 0.154349

1.95312 0.154349
1.96875 0.154154

-0.90625 -0.100745
-0.890625 -0.0992206

0.03125 0.00547895
0.046875 0.00735972

-2.29688 -0.143238
-2.28125 -0.14431

1.96875 0.154154
1.98438 0.153922

-2.28125 -0.14431
-2.26562 -0.145333

-2.26562 -0.145332
-2.25 -0.146306

0.046875 0.00735978
0.0625 0.00923939

1.98438 0.153922
2 0.153652

0.0625 0.00923946
0.078125 0.0111176

0.078125 0.0111177
0.09375 0.0129942

-0.890625 -0.0992206
-0.875 -0.0976831

-2.25 -0.146306
-2.23438 -0.147231

-2.23438 -0.14723
-2.21875 -0.148107

-2.21875 -0.148107
-2.20312 -0.148937

-2.20312 -0.148937
-2.1875 -0.14972

-2.1875 -0.14972
-2.17188 -0.150457

-2.17188 -0.150456
-2.15625 -0.151148

-2.15625 -0.151148
-2.14062 -0.151794

-2.14062 -0.151794
-2.125 -0.152396

-2.125 -0.152396
-2.10938 -0.152955

-2.10938 -0.152955
-2.09375 -0.15347

-2.09375 -0.15347
-2.07812 -0.153943

-2.07812 -0.153942
-2.0625 -0.154373

-2.0625 -0.154373
-2.04688 -0.154762

-2.04688 -0.154762
-2.03125 -0.15511

-2.03125 -0.15511
-2.01562 -0.155417

-2.01562 -0.155417
-2 -0.155684

0.09375 0.0129943
0.109375 0.0148688

0.109375 0.0148949
0.115468 0.015625

-0.875 -0.097683
-0.859375 -0.0961326

-0.859375 -0.0961325
-0.84375 -0.0945696

-0.84375 -0.0945633
-0.835683 -0.09375

-0.835554 -0.09375
-0.828125 -0.093001

0.115833 0.015625
0.125 0.0167235

-0.828125 -0.0929943
-0.8125 -0.0914069

0.125 0.0167411
0.140625 0.0186113

0.140625 0.0186113
0.15625 0.0204791

-0.8125 -0.0914068
-0.796875 -0.0898074

-0.796875 -0.0898074
-0.78125 -0.0881963

0.15625 0.0204791
0.171875 0.0223442

0.171875 0.0223442
0.1875 0.0242063

-0.78125 -0.0881963
-0.765625 -0.0865739

-0.765625 -0.0865738
-0.75 -0.0849404

0.1875 0.0242063
0.203125 0.0260651

0.203125 0.0260652
0.21875 0.0279204

0.21875 0.0279204
0.234375 0.0297719

0.234375 0.0297758
0.246843 0.03125

0.247011 0.03125
0.25 0.0316034

-0.75 -0.0849403
-0.734375 -0.0832961

-0.734375 -0.0832961
-0.71875 -0.0816414

-0.71875 -0.0816413
-0.703125 -0.0799764

-0.703125 -0.0799763
-0.6875 -0.0783015

0.25 0.0316193
0.265625 0.0334626

-0.6875 -0.0782981
-0.685894 -0.078125

-0.685859 -0.078125
-0.671875 -0.0766174

0.265625 0.0334627
0.28125 0.0353017

-2 -0.155684
-1.98438 -0.155912

-1.98438 -0.155912
-1.96875 -0.156101

2 0.153652
2.01562 0.153343

-0.671875 -0.0766169
-0.65625 -0.0749228

-0.65625 -0.0749227
-0.640625 -0.0732192

-1.95312 -0.156252
-1.9375 -0.156364

-1.96875 -0.156101
-1.95331 -0.15625

-1.9375 -0.156364
-1.92188 -0.156439

-1.92188 -0.156439
-1.90625 -0.156477

-1.90625 -0.156477
-1.89062 -0.156478

-1.89062 -0.156478
-1.875 -0.156444

-1.875 -0.156444
-1.85938 -0.156373

-1.85938 -0.156373
-1.84375 -0.156268

-1.84375 -0.156268
-1.84178 -0.15625

2.01562 0.153343
2.03125 0.152995

2.03125 0.152995
2.04688 0.152607

2.04688 0.152607
2.0625 0.152179

2.0625 0.152179
2.07812 0.151711

2.07812 0.151711
2.09375 0.151202

2.09375 0.151202
2.10938 0.150651

2.10938 0.150651
2.125 0.150058

0.28125 0.0353018
0.296875 0.0371363

0.296875 0.0371364
0.3125 0.0389661

-0.640625 -0.0732191
-0.625 -0.0715065

-1.84178 -0.15625
-1.82812 -0.156128

-0.625 -0.0715064
-0.609375 -0.069785

-0.609375 -0.0697849
-0.59375 -0.0680549

-0.59375 -0.0680549
-0.578125 -0.0663166

-0.578125 -0.0663166
-0.5625 -0.0645703

-0.5625 -0.0645702
-0.546875 -0.0628163

0.3125 0.0389661
0.328125 0.0407907

0.328125 0.0407908
0.34375 0.04261

-1.82812 -0.156127
-1.8125 -0.155953

-1.8125 -0.155953
-1.79688 -0.155745

-0.546875 -0.0628097
-0.544128 -0.0625

-0.544057 -0.0625
-0.53125 -0.0610562

-0.53125 -0.0610547
-0.515625 -0.0592857

-0.515625 -0.0592856
-0.5 -0.0575094

0.34375 0.04261
0.359375 0.0444237

0.359375 0.0444238
0.375 0.0462315

-1.79688 -0.155745
-1.78125 -0.155503

-1.78125 -0.155503
-1.76562 -0.155228

-1.76562 -0.155228
-1.75 -0.154921

0.375 0.0462623
0.380314 0.046875

0.380728 0.046875
0.390625 0.0480162

0.390625 0.0480331
0.40625 0.0498287

0.40625 0.0498288
0.421875 0.051618

0.421875 0.0516181
0.4375 0.0534007

0.4375 0.0534008
0.453125 0.0551765

-1.75 -0.154921
-1.73438 -0.154582

-1.73438 -0.154582
-1.71875 -0.154211

-1.71875 -0.154211
-1.70312 -0.153809

-1.70312 -0.153808
-1.6875 -0.153376

0.453125 0.0551766
0.46875 0.0569451

0.46875 0.0569452
0.484375 0.0587063

-1.6875 -0.153375
-1.67188 -0.152912

2.125 0.150058
2.14062 0.149422

2.14062 0.149422
2.15625 0.148743

2.15625 0.148743
2.17188 0.148021

2.17188 0.148021
2.1875 0.147254

2.1875 0.147254
2.20312 0.146442

2.20312 0.146442
2.21875 0.145585

2.21875 0.145585
2.23438 0.144682

-0.5 -0.0575094
-0.484375 -0.0557262

2.23438 0.144682
2.25 0.143732

-1.67188 -0.152912
-1.65625 -0.152419

-1.65625 -0.152419
-1.64062 -0.151896

-1.64062 -0.151896
-1.625 -0.151344

-0.484375 -0.0557261
-0.46875 -0.0539363

-0.46875 -0.0539362
-0.453125 -0.0521399

2.25 0.143732
2.26562 0.142735

2.26562 0.142735
2.28125 0.14169

2.29688 0.140595
2.29645 0.140625

2.28125 0.141691
2.29648 0.140625

-1.625 -0.151344
-1.60938 -0.150763

-1.60938 -0.150763
-1.59375 -0.150154

-1.59375 -0.150154
-1.57812 -0.149517

-1.57812 -0.149517
-1.5625 -0.148852

0.484375 0.0587063
0.5 0.0604597

2.29688 0.140597
2.3125 0.139455

2.3125 0.139455
2.32812 0.138264

-0.453125 -0.0521399
-0.4375 -0.0503375

-0.4375 -0.0503374
-0.421875 -0.0485291

-0.421875 -0.0485276
-0.407639 -0.046875

-0.4075 -0.046875
-0.40625 -0.0467299

-1.5625 -0.148852
-1.54688 -0.14816

-1.54688 -0.14816
-1.53125 -0.147442

-0.40625 -0.0467151
-0.390625 -0.0448957

-0.390625 -0.0448956
-0.375 -0.0430707

-1.53125 -0.147442
-1.51562 -0.146697

-1.51562 -0.146697
-1.5 -0.145926

2.32812 0.138264
2.34375 0.137022

2.34375 0.137023
2.35938 0.13573

2.35938 0.13573
2.375 0.134387

0.5 0.0604599
0.515625 0.0622053

2.48438 0.123482
2.47061 0.125

0.515625 0.0622506
0.517868 0.0625

-0.375 -0.0430707
-0.359375 -0.0412407

0.518354 0.0625
0.53125 0.0639339

2.48438 0.123482
2.5 0.121702

0.53125 0.0639426
0.546875 0.0656719

-0.359375 -0.0412406
-0.34375 -0.0394058

2.375 0.134387
2.39062 0.132991

-0.34375 -0.0394057
-0.328125 -0.0375663

-0.328125 -0.0375662
-0.3125 -0.0357225

2.39062 0.132991
2.40625 0.131542

2.40625 0.131542
2.42188 0.13004

-0.3125 -0.0357224
-0.296875 -0.0338746

-0.296875 -0.0338745
-0.28125 -0.0320228

0.546875 0.0656719
0.5625 0.0673928

-0.28125 -0.0320077
-0.274868 -0.03125

2.42188 0.13004
2.4375 0.128484

-0.27465 -0.03125
-0.265625 -0.0301784

2.4375 0.128484
2.45312 0.126872

-0.265625 -0.0301676
-0.25 -0.0283088

-1.5 -0.145926
-1.48438 -0.145129

2.45312 0.126873
2.46875 0.125205

-1.48438 -0.145129
-1.46875 -0.144307

2.46875 0.125206
2.47062 0.125

-1.46875 -0.144307
-1.45312 -0.14346

-1.45312 -0.14346
-1.4375 -0.142589

-1.4375 -0.142589
-1.42188 -0.141694

-1.42188 -0.141694
-1.40625 -0.140774

0.5625 0.0673928
0.578125 0.069105

-0.25 -0.0283088
-0.234375 -0.0264467

-1.40625 -0.140773
-1.40379 -0.140625

-1.40377 -0.140625
-1.39062 -0.139832

-0.234375 -0.0264466
-0.21875 -0.0245815

-0.21875 -0.0245814
-0.203125 -0.0227135

-1.39062 -0.139832
-1.375 -0.138866

-0.203125 -0.0227134
-0.1875 -0.020843

0.578125 0.069105
0.59375 0.0708082

-0.1875 -0.0208429
-0.171875 -0.0189703

0.59375 0.0708083
0.609375 0.0725021

0.609375 0.0725022
0.625 0.0741866

-1.375 -0.138866
-1.35938 -0.137877

2.5 0.121702
2.51562 0.119864

-0.171875 -0.0189702
-0.15625 -0.0170955

-1.35938 -0.137877
-1.34375 -0.136866

-0.15625 -0.0170895
-0.144054 -0.015625

-1.34375 -0.136866
-1.32812 -0.135833

2.51562 0.119864
2.53125 0.117967

0.625 0.0741866
0.640625 0.0758612

2.53125 0.117968
2.54688 0.116011

0.640625 0.0758613
0.65625 0.0775259

-1.32812 -0.135833
-1.3125 -0.134778

0.65625 0.0775517
0.661664 0.078125

-0.143821 -0.015625
-0.140625 -0.0152412

-0.140625 -0.0152191
-0.125 -0.0133411

-1.3125 -0.134778
-1.29688 -0.133701

-0.125 -0.013341
-0.109375 -0.0114615

-0.109375 -0.0114614
-0.09375 -0.00958068

-0.09375 -0.00958061
-0.078125 -0.00769889

-0.078125 -0.00769883
-0.0625 -0.00581644

-0.0625 -0.00581638
-0.046875 -0.00393359

-0.046875 -0.00393353
-0.03125 -0.00205058

-0.03125 -0.00205048
-0.015625 -0.00016767

2.54688 0.116012
2.5625 0.113995

-0.015625 -0.000157964
-0.0143139 0

2.5625 0.113995
2.57812 0.111918

2.57812 0.111918
2.59375 0.109779

-1.29688 -0.133701
-1.28125 -0.132603

2.60938 0.107577
2.59661 0.109375

0.662046 0.078125
0.671875 0.0791657

2.59375 0.10978
2.59662 0.109375

-1.28125 -0.132603
-1.26562 -0.131485

2.60938 0.107577
2.625 0.105312

0.671875 0.0791803
0.6875 0.0808244

-1.26562 -0.131485
-1.25 -0.130346

0.6875 0.0808245
0.703125 0.0824581

0.703125 0.0824582
0.71875 0.0840811

2.625 0.105312
2.64062 0.102982

2.64062 0.102982
2.65625 0.100588

0.71875 0.0840811
0.734375 0.0856929

-1.25 -0.130346
-1.23438 -0.129187

-1.23438 -0.129186
-1.21875 -0.128008

0.734375 0.085693
0.75 0.0872933

2.65625 0.100588
2.67188 0.0981266

2.67188 0.0981269
2.6875 0.0955985

-0.0142252 0
0 0.00171391

-1.21875 -0.128008
-1.20312 -0.126809

-1.20312 -0.126809
-1.1875 -0.125592

2.70312 0.0929999
2.69861 0.09375

-1.1875 -0.125588
-1.18006 -0.125

0.75 0.0872934
0.765625 0.0888821

-1.17998 -0.125
-1.17188 -0.124358

-1.17188 -0.124355
-1.15625 -0.123101

-1.15625 -0.123101
-1.14062 -0.121827

-1.14062 -0.121827
-1.125 -0.120536

2.70312 0.0930026
2.71875 0.0903373

2.6875 0.0955997
2.69863 0.09375

0.765625 0.0888822
0.78125 0.090459

0.78125 0.090459
0.796875 0.0920237

-1.125 -0.120536
-1.10938 -0.119227

-1.10938 -0.119227
-1.09375 -0.117901

0.796875 0.0920238
0.8125 0.093576

2.71875 0.0903375
2.73438 0.0876025

2.73438 0.0876027
2.75 0.0847968

-1.09375 -0.117901
-1.07812 -0.116558

-1.07812 -0.116558
-1.0625 -0.115198

0.8125 0.0936103
0.813918 0.09375

0.814307 0.09375
0.828125 0.0951115

-1.0625 -0.115198
-1.04688 -0.113821

-1.04688 -0.113821
-1.03125 -0.112429

0.828125 0.0951156
0.84375 0.0966426

0.84375 0.0966427
0.859375 0.0981567

2.75 0.084797
2.76562 0.0819192

2.76562 0.0819194
2.78125 0.0789685

-1.03125 -0.112429
-1.01562 -0.111021

-1.01562 -0.111021
-1 -0.109597

0.859375 0.0981568
0.875 0.0996575

2.79688 0.0759434
2.78561 0.078125

2.78125 0.0789702
2.78562 0.078125

2.79688 0.0759442
2.8125 0.0728445

0.875 0.0996576
0.890625 0.101145

2.875 0.0596764
2.86206 0.0625

2.8125 0.0728448
2.82812 0.0696692

2.82812 0.0696695
2.84375 0.0664169

2.84375 0.0664171
2.85938 0.0630864

2.85938 0.063089
2.86207 0.0625

0.890625 0.101145
0.90625 0.102618

0.90625 0.102618
0.921875 0.104077

0.921875 0.104077
0.9375 0.105522

2.875 0.0596771
2.89062 0.0561875

0.9375 0.105522
0.953125 0.106952

0.953125 0.106952
0.96875 0.108367

2.89062 0.0561877
2.90625 0.0526174

2.90625 0.0526175
2.92188 0.0489658

2.9375 0.0452457
2.93068 0.046875

2.92188 0.0489553
2.93058 0.046875

2.9375 0.0452321
2.95312 0.0414161

2.95312 0.0414158
2.96875 0.0375182

0.96875 0.108369
0.979976 0.109375

3 0.0298437
2.99458 0.03125

2.96875 0.0375182
2.98438 0.0335394

2.98438 0.0332698
2.99217 0.03125

0.980061 0.109375
0.984375 0.109761

0.984375 0.109767
1 0.111151

3.25 -0.00819972
3.13504 0

3.25 -0.00248702
3.5 -0.00537461

3 0.0294161
3.03125 0.0214623

3.03125 0.0213209
3.0625 0.0139022

3.0625 0.0134838
3.125 0.00195572

3.125 0.000594059
3.13333 0

3.5 -0.000270816
4 -0.000921642

3.5 0.000340646
3.63829 0

1 0.111151
1.01562 0.11252

1.01562 0.11252
1.03125 0.113873

1.03125 0.113873
1.04688 0.11521

1.04688 0.11521
1.0625 0.11653

1.0625 0.11653
1.07812 0.117834

1.07812 0.117834
1.09375 0.11912

1.09375 0.11912
1.10938 0.120389

1.10938 0.120389
1.125 0.12164

1.125 0.12164
1.14062 0.122873

1.14062 0.122873
1.15625 0.124087

1.15625 0.124088
1.16816 0.125

1.16821 0.125
1.17188 0.12528

1.17188 0.125283
1.1875 0.12646

1.1875 0.126461
1.20312 0.127619

1.20312 0.127619
1.21875 0.128758

1.21875 0.128758
1.23438 0.129877

1.23438 0.129877
1.25 0.130976

1.25 0.130977
1.26562 0.132055

1.26562 0.132056
1.28125 0.133114

1.28125 0.133114
1.29688 0.134151

1.29688 0.134151
1.3125 0.135167

1.3125 0.135167
1.32812 0.136162

1.32812 0.136162
1.34375 0.137135

1.34375 0.137135
1.35938 0.138085

1.35938 0.138085
1.375 0.139013

1.375 0.139013
1.39062 0.139918

1.39062 0.139918
1.40315 0.140625

1.40318 0.140625
1.40625 0.140798

1.40625 0.1408
1.42188 0.141658

1.42188 0.141658
1.4375 0.142493

1.4375 0.142493
1.45312 0.143304

1.45312 0.143304
1.46875 0.14409

1.46875 0.14409
1.48438 0.144852

1.48438 0.144852
1.5 0.145589

