-4 0.0212307
-3.98438 0.0211714

-3.98438 0.0211688
-3.96875 0.0209958

-3.96875 0.020993
-3.95312 0.0207169

-3.95312 0.0207145
-3.9375 0.0203456

-3.9375 0.0203432
-3.92188 0.0198913

-3.92188 0.0198891
-3.90625 0.0193638

-3.90625 0.0193616
-3.89062 0.0187718

-3.89062 0.0187697
-3.875 0.0181241

-3.875 0.0181222
-3.85938 0.0174287

-3.85938 0.0174268
-3.84375 0.0166928

-3.84375 0.0166912
-3.82812 0.0159235

-3.8125 0.0151313
-3.8222 0.015625

-3.82812 0.0159145
-3.82244 0.015625

-3.8125 0.0151255
-3.79688 0.0143085

-3.79688 0.0143071
-3.78125 0.0134739

-3.78125 0.0134725
-3.76562 0.0126286

-3.76562 0.0126273
-3.75 0.0117779

-3.75 0.0117766
-3.73438 0.0109269

-3.73438 0.0109258
-3.71875 0.0100805

-3.71875 0.0100793
-3.70312 0.00924312

-3.70312 0.0092422
-3.6875 0.00841932

-3.6875 0.00841812
-3.67188 0.00761278

-3.67188 0.00761209
-3.65625 0.00682806

-1.625 0.166512
-1.60938 0.167506

-1.60938 0.167507
-1.59375 0.16848

-1.59375 0.16848
-1.57812 0.16943

-3.65625 0.00682681
-3.64062 0.00606799

-3.64062 0.0060675
-3.625 0.00533737

-3.625 0.00533604
-3.60938 0.00463825

-3.60938 0.00463794
-3.59375 0.0039758

-3.59375 0.00397437
-3.57812 0.00335138

-3.57812 0.0033512
-3.5625 0.00277057

-3.5625 0.00276911
-3.54688 0.00223413

-3.54688 0.00223405
-3.53125 0.00174778

-1.57812 0.16943
-1.5625 0.170359

-1.5625 0.170358
-1.54688 0.171267

1.20312 -0.239503
1.21875 -0.240641

1.21875 -0.240641
1.23438 -0.241647

1.23438 -0.241646
1.25 -0.242522

1.25 -0.242522
1.26562 -0.243267

1.26562 -0.243267
1.28125 -0.243883

-0.5 0.182476
-0.484375 0.180717

-0.484375 0.180718
-0.46875 0.178859

-0.46875 0.178859
-0.453125 0.176899

-0.453125 0.176899
-0.4375 0.174835

-3.53125 0.00174639
-3.51562 0.00131179

-3.51562 0.00131172
-3.5 0.00093171

1.28125 -0.243883
1.29688 -0.244371

-3.42188 -5.32373e-05
-3.43526 0

1.29688 -0.244371
1.3125 -0.24473

-3.42188 -5.43132e-05
-3.40625 -4.00713e-05

1.3125 -0.24473
1.32812 -0.244962

1.32812 -0.244962
1.34375 -0.245067

-0.4375 0.174835
-0.421875 0.172671

1.34375 -0.245067
1.35938 -0.245046

-0.40625 0.170421
-0.416294 0.171875

-0.421875 0.172645
-0.416555 0.171875

1.35938 -0.245046
1.375 -0.2449

-0.40625 0.170407
-0.390625 0.168049

1.375 -0.2449
1.39062 -0.244627

1.39062 -0.244627
1.40625 -0.244228

1.40625 -0.244227
1.42188 -0.243705

1.42188 -0.243702
1.4375 -0.243065

1.4375 -0.243062
1.45312 -0.242324

1.45312 -0.242321
1.46875 -0.241496

1.46875 -0.241493
1.48438 -0.240594

-1.54688 0.171264
-1.53617 0.171875

-3.40625 -3.91667e-05
-3.39983 0

-1.53634 0.171875
-1.53125 0.172165

-0.390625 0.168049
-0.375 0.165599

-3.5 0.000930299
-3.48438 0.000607835

-3.48438 0.000608088
-3.46875 0.000345486

-3.46875 0.000343792
-3.45312 0.000143932

-3.45312 0.000143569
-3.4375 1.05921e-05

-3.4375 9.43685e-06
-3.43513 0

1.48438 -0.240591
1.5 -0.239629

-0.375 0.165601
-0.359375 0.163056

-0.359375 0.163056
-0.34375 0.160414

-0.3125 0.154861
-0.32015 0.15625

-1.53125 0.172159
-1.51562 0.173035

-1.51562 0.173035
-1.5 0.173896

-0.34375 0.160414
-0.328125 0.157676

-0.328125 0.157656
-0.32038 0.15625

-3.39922 0
-3.39062 5.24718e-05

-0.3125 0.154839
-0.296875 0.151905

-0.296875 0.151904
-0.28125 0.148878

-0.28125 0.148877
-0.265625 0.145765

-0.265625 0.145765
-0.25 0.142567

-3.39062 5.27772e-05
-3.375 0.000234364

-3.375 0.000236358
-3.35938 0.000502771

-3.35938 0.000502748
-3.34375 0.000850045

-3.34375 0.000848436
-3.32812 0.00127988

1.5 -0.239627
1.51562 -0.23861

1.51562 -0.238609
1.53125 -0.237541

1.53125 -0.237541
1.54688 -0.236427

-0.15625 0.121627
-0.170514 0.125

-0.15625 0.121624
-0.140625 0.11785

-0.140625 0.117849
-0.125 0.114

-0.234375 0.139323
-0.240575 0.140625

-0.25 0.142542
-0.240874 0.140625

-1.5 0.173895
-1.48438 0.174744

1.54688 -0.236427
1.5625 -0.235269

-1.48438 0.174743
-1.46875 0.17558

-0.234375 0.139286
-0.21875 0.135921

-3.32812 0.00127985
-3.3125 0.00179872

-0.21875 0.135921
-0.203125 0.13247

-3.3125 0.00179756
-3.29688 0.00240623

-1.46875 0.17558
-1.45312 0.176405

-0.203125 0.132469
-0.1875 0.128935

1.5625 -0.235229
1.57361 -0.234375

1.5761 -0.234375
1.57812 -0.23422

-1.45312 0.176405
-1.4375 0.177221

-1.4375 0.177221
-1.42188 0.178024

-1.42188 0.178024
-1.40625 0.178816

-0.1875 0.128935
-0.171875 0.12532

-0.171875 0.125311
-0.17056 0.125

-3.29688 0.00240614
-3.28125 0.00310714

-3.28125 0.00310607
-3.26562 0.00390172

-1.40625 0.178815
-1.39062 0.179598

-3.26562 0.00390154
-3.25 0.00479436

-1.39062 0.179598
-1.375 0.180372

-3.25 0.00479359
-3.23438 0.0057855

-3.23438 0.00578529
-3.21875 0.00687825

1.57812 -0.234069
1.59375 -0.232823

-0.125 0.113999
-0.109375 0.110079

1.59375 -0.232823
1.60938 -0.231532

-0.09375 0.106093
-0.106609 0.109375

1.60938 -0.231532
1.625 -0.230198

-0.109375 0.110069
-0.106655 0.109375

-1.375 0.180373
-1.35938 0.181139

-3.21875 0.00687797
-3.20312 0.00807294

-1.35938 0.18114
-1.34375 0.181898

-3.20312 0.00807291
-3.1875 0.00937052

1.625 -0.230197
1.64062 -0.22882

-3.1875 0.00937069
-3.17188 0.0107707

1.64062 -0.22882
1.65625 -0.2274

1.65625 -0.2274
1.67188 -0.225938

-1.34375 0.181897
-1.32812 0.182648

1.67188 -0.225936
1.6875 -0.224438

-1.32812 0.182648
-1.3125 0.183392

-3.17188 0.010771
-3.15625 0.0122724

-0.09375 0.106092
-0.078125 0.102037

-0.078125 0.102036
-0.0625 0.0979133

-0.046875 0.0937249
-0.0469688 0.09375

-0.046875 0.0937252
-0.03125 0.0894732

-3.15625 0.0122729
-3.14062 0.013874

-3.14062 0.0138746
-3.125 0.0155732

1.6875 -0.224436
1.70312 -0.222909

-3.12455 0.015625
-3.10938 0.0173665

1.70312 -0.222907
1.71875 -0.221362

-1.3125 0.183391
-1.29688 0.18413

1.71875 -0.221361
1.73438 -0.219803

-3.10938 0.0173684
-3.09375 0.0192537

1.73438 -0.219709
1.74393 -0.21875

-3.09375 0.0192553
-3.07812 0.0212273

-1.29688 0.18413
-1.28125 0.184864

1.74724 -0.21875
1.75 -0.218473

-3.07812 0.0212291
-3.0625 0.0232814

-0.0625 0.0979128
-0.0469681 0.09375

-3.0625 0.0232843
-3.04688 0.0254075

-1.28125 0.184863
-1.26562 0.185596

-3.04688 0.025408
-3.03125 0.0275954

-0.03125 0.0894728
-0.015625 0.0851573

-1.26562 0.185596
-1.25 0.186331

-0.015625 0.0851562
0 0.0807803

1.75 -0.218235
1.76562 -0.216657

-1.25 0.186333
-1.23438 0.187067

1.76562 -0.216656
1.78125 -0.215068

1.78125 -0.215068
1.79688 -0.213472

1.79688 -0.213472
1.8125 -0.21187

-3.03125 0.0276036
-3.01562 0.0298378

1.8125 -0.21187
1.82812 -0.210262

-3.01562 0.0299222
-3.00643 0.03125

-3.00489 0.03125
-3 0.0319568

1.82812 -0.210262
1.84375 -0.208648

1.84375 -0.208648
1.85938 -0.207029

-1.23438 0.187065
-1.22505 0.1875

-1.2252 0.1875
-1.21875 0.187801

-1.21875 0.187797
-1.20312 0.188519

1.85938 -0.207029
1.875 -0.205402

-1.20312 0.18852
-1.1875 0.189232

-3 0.0321018
-2.98438 0.0343675

-2.98438 0.0343712
-2.96875 0.036632

1.875 -0.205402
1.89062 -0.203767

-1.1875 0.189233
-1.17188 0.189934

-1.17188 0.189935
-1.15625 0.190618

0.265625 -0.0013495
0.261504 0

1.89062 -0.203505
1.89424 -0.203125

0.265625 -0.00125085
0.28125 -0.00639126

1.89812 -0.203125
1.90625 -0.20227

0.28125 -0.00639245
0.296875 -0.0115474

-1.15625 0.190618
-1.14062 0.191282

0.3125 -0.0167381
0.309133 -0.015625

-2.96875 0.036633
-2.95312 0.0388792

0.296875 -0.0115413
0.309226 -0.015625

-1.14062 0.191282
-1.125 0.191928

1.90625 -0.202125
1.92188 -0.200476

-2.95312 0.0388796
-2.9375 0.0411084

-1.125 0.191928
-1.10938 0.192552

-1.10938 0.192552
-1.09375 0.193153

0.3125 -0.016714
0.328125 -0.0218902

-2.9375 0.0411084
-2.92188 0.0433189

0.328125 -0.0218907
0.34375 -0.0270759

-2.92188 0.0433194
-2.90625 0.0455108

1.92188 -0.200475
1.9375 -0.198821

-1.09375 0.193153
-1.07812 0.19373

-1.07812 0.193731
-1.0625 0.194284

0.359375 -0.0322094
0.356487 -0.03125

-1.0625 0.194284
-1.04688 0.194811

1.9375 -0.198821
1.95312 -0.197165

-1.04688 0.194811
-1.03125 0.19531

-2.90625 0.0455297
-2.89657 0.046875

0.359375 -0.0322678
0.375 -0.0374611

-1.03125 0.19531
-1.01562 0.195783

0.34375 -0.0270911
0.356269 -0.03125

-2.8962 0.046875
-2.89062 0.0476501

1.95312 -0.197165
1.96875 -0.195507

0.375 -0.0374632
0.390625 -0.0426553

0.40625 -0.0478628
0.403274 -0.046875

0.390625 -0.0426508
0.403353 -0.046875

0.40625 -0.0478416
0.421875 -0.0530196

0.421875 -0.053019
0.4375 -0.0581903

-2.89062 0.047682
-2.875 0.0498303

1.96875 -0.195507
1.98438 -0.193849

1.98438 -0.193849
2 -0.19219

-1.01562 0.195783
-1 0.19623

0.453125 -0.0633773
0.450472 -0.0625

0.453125 -0.0633594
0.46875 -0.0685176

0.46875 -0.0685207
0.484375 -0.0736584

-2.875 0.0498308
-2.85938 0.0519553

-2.85938 0.051955
-2.84375 0.0540557

0.5 -0.0788156
0.497888 -0.078125

0.484375 -0.0736516
0.498052 -0.078125

-2.84375 0.0540553
-2.82812 0.0561334

-2.82812 0.0561334
-2.8125 0.0581896

0.4375 -0.058189
0.450558 -0.0625

-1 0.196231
-0.984375 0.196649

-0.984375 0.19665
-0.96875 0.197035

0.015625 0.0763211
0.00926771 0.078125

0 0.080797
0.00941664 0.078125

0.015625 0.0763464
0.03125 0.0718555

0.03125 0.0718557
0.046875 0.0673072

-2.8125 0.0581899
-2.79688 0.0602235

-2.79688 0.0602234
-2.78125 0.0622339

-2.78125 0.0622011
-2.7789 0.0625

-2.7792 0.0625
-2.76562 0.064227

-0.96875 0.197034
-0.953125 0.197386

-0.953125 0.197386
-0.9375 0.197703

0.046875 0.0673085
0.0625 0.0626994

0.078125 0.0580279
0.0631616 0.0625

0.078125 0.0580271
0.09375 0.0533013

-2.76562 0.0642215
-2.75 0.0661866

0.09375 0.0532989
0.109375 0.0485247

0.125 0.0436994
0.1147 0.046875

0.109375 0.0485393
0.114773 0.046875

-0.9375 0.197704
-0.921875 0.197986

0.0625 0.0627103
0.0631998 0.0625

2 -0.19219
2.01562 -0.190529

-0.921875 0.197987
-0.90625 0.19823

2.01562 -0.19053
2.03125 -0.188865

-0.90625 0.19823
-0.890625 0.198429

0.125 0.0437067
0.140625 0.0388478

0.140625 0.0388463
0.15625 0.0339497

0.171875 0.0289996
0.164746 0.03125

-0.890625 0.19843
-0.875 0.198582

-2.75 0.0661866
-2.73438 0.0681292

-2.73438 0.0681293
-2.71875 0.0700492

-2.71875 0.0700488
-2.70312 0.0719464

-2.70312 0.071946
-2.6875 0.0738227

0.171875 0.0290176
0.1875 0.02405

0.15625 0.0339654
0.164852 0.03125

-0.875 0.198583
-0.859375 0.198688

-0.859375 0.198688
-0.84375 0.198743

2.03125 -0.188839
2.04378 -0.1875

2.04552 -0.1875
2.04688 -0.187356

-2.6875 0.0738223
-2.67188 0.0756797

-2.67188 0.0756803
-2.65625 0.0775183

-2.65625 0.0774236
-2.65022 0.078125

-2.65147 0.078125
-2.64062 0.0793858

-2.64062 0.0793353
-2.625 0.0811308

-2.625 0.0811314
-2.60938 0.0829048

-2.60938 0.0829047
-2.59375 0.0846549

0.1875 0.0240492
0.203125 0.0190486

0.21875 0.0139801
0.213642 0.015625

0.203125 0.0190657
0.21381 0.015625

0.21875 0.0140165
0.234375 0.00895608

0.234375 0.00895554
0.25 0.00386784

-2.59375 0.0846552
-2.57812 0.0863819

-2.57812 0.086381
-2.5625 0.0880853

0.25 0.00390648
0.26191 0

2.04688 -0.187197
2.0625 -0.185518

2.0625 -0.185517
2.07812 -0.183829

2.07812 -0.183829
2.09375 -0.182134

-0.84375 0.198744
-0.828125 0.198749

-0.828125 0.198749
-0.8125 0.198702

-2.5625 0.0880839
-2.54688 0.0897702

-2.54688 0.08977
-2.53125 0.0914415

2.09375 -0.182134
2.10938 -0.180434

2.10938 -0.180434
2.125 -0.178729

-0.8125 0.198702
-0.796875 0.198602

-0.796875 0.198603
-0.78125 0.198446

-0.78125 0.198447
-0.765625 0.198231

-0.765625 0.198233
-0.75 0.197953

0.5 -0.078769
0.515625 -0.0838517

0.515625 -0.0838514
0.53125 -0.0889072

-0.75 0.197954
-0.734375 0.197606

0.546875 -0.0939377
0.546292 -0.09375

2.125 -0.17873
2.14062 -0.177021

0.546875 -0.0939366
0.5625 -0.0989332

2.14062 -0.177022
2.15625 -0.175308

-2.53125 0.0914413
-2.51562 0.093099

2.15625 -0.175309
2.17188 -0.173589

0.53125 -0.0889079
0.546298 -0.09375

0.5625 -0.0989357
0.578125 -0.103895

0.578125 -0.103894
0.59375 -0.108811

0.609375 -0.113705
0.595495 -0.109375

0.59375 -0.10868
0.595978 -0.109375

-2.51562 0.0929678
-2.50819 0.09375

-2.51031 0.09375
-2.5 0.0948337

2.17188 -0.17359
2.18737 -0.171875

2.1875 -0.171862
2.20312 -0.170121

-0.734375 0.197606
-0.71875 0.197189

2.20312 -0.170121
2.21875 -0.168364

2.21875 -0.168364
2.23438 -0.166591

-0.71875 0.19719
-0.703125 0.196699

-0.703125 0.1967
-0.6875 0.196131

-2.5 0.0947455
-2.48438 0.0963662

-0.6875 0.196132
-0.671875 0.195483

-0.671875 0.195484
-0.65625 0.194753

2.23438 -0.166591
2.25 -0.164804

-2.48438 0.0963659
-2.46875 0.0979593

-0.65625 0.194754
-0.640625 0.193938

-0.640625 0.193939
-0.625 0.193034

-2.46875 0.0979584
-2.45312 0.0995267

-2.45312 0.0995261
-2.4375 0.101072

-2.4375 0.101071
-2.42188 0.102597

-2.42188 0.102597
-2.40625 0.104105

-0.625 0.193034
-0.609375 0.192041

-0.609375 0.192041
-0.59375 0.190958

-0.59375 0.190958
-0.578125 0.189784

-0.578125 0.189785
-0.5625 0.188518

0.609375 -0.113688
0.625 -0.118517

0.65625 -0.128131
0.6459 -0.125

0.65625 -0.128028
0.671875 -0.132696

0.671875 -0.132695
0.6875 -0.1373

-0.546875 0.187171
-0.550644 0.1875

-0.546875 0.187157
-0.53125 0.185696

-2.40625 0.104105
-2.39062 0.105595

-2.39062 0.105596
-2.375 0.10707

2.25 -0.164804
2.26562 -0.163002

-2.375 0.107071
-2.35938 0.108526

-2.35938 0.108498
-2.34981 0.109375

0.703125 -0.141959
0.698536 -0.140625

-2.35053 0.109375
-2.34375 0.109996

-0.53125 0.185695
-0.515625 0.184135

2.26562 -0.163003
2.28125 -0.161187

-2.34375 0.109956
-2.32812 0.111366

2.28125 -0.161187
2.29688 -0.159355

-2.32812 0.111366
-2.3125 0.112757

2.29688 -0.159356
2.3125 -0.157506

-0.515625 0.184135
-0.5 0.182476

2.3125 -0.157424
2.32231 -0.15625

-0.5625 0.188513
-0.550881 0.1875

-2.3125 0.112758
-2.29688 0.114129

0.6875 -0.137256
0.699088 -0.140625

2.32465 -0.15625
2.32812 -0.155834

0.703125 -0.141844
0.71875 -0.146321

0.71875 -0.14632
0.734375 -0.150731

0.734375 -0.150731
0.75 -0.155078

-2.29688 0.11413
-2.28125 0.11548

-2.28125 0.115481
-2.26562 0.116809

-2.26562 0.116808
-2.25 0.118113

0.625 -0.118518
0.640625 -0.123298

-2.25 0.118109
-2.23438 0.119398

-2.23438 0.119398
-2.21875 0.120678

2.32812 -0.155638
2.34375 -0.153744

0.640625 -0.123117
0.646849 -0.125

-2.21875 0.120676
-2.20312 0.121954

-2.20312 0.121954
-2.1875 0.123233

2.34375 -0.153745
2.35938 -0.151825

2.35938 -0.151825
2.375 -0.149881

-2.1875 0.123233
-2.17188 0.124514

-2.17188 0.124467
-2.16539 0.125

2.375 -0.14988
2.39062 -0.147913

2.39062 -0.147913
2.40625 -0.145924

2.40625 -0.145924
2.42188 -0.143911

2.42188 -0.143911
2.4375 -0.141873

2.4375 -0.141776
2.44621 -0.140625

2.44815 -0.140625
2.45312 -0.139967

2.45312 -0.139809
2.46875 -0.137711

-2.16632 0.125
-2.15625 0.125827

-2.15625 0.125799
-2.14062 0.12708

-2.14062 0.127079
-2.125 0.128358

2.46875 -0.137711
2.48438 -0.13558

2.48438 -0.13558
2.5 -0.133416

-2.125 0.128357
-2.10938 0.129638

-2.10938 0.129638
-2.09375 0.130921

-2.09375 0.130923
-2.07812 0.132203

-2.07812 0.132203
-2.0625 0.133477

-2.0625 0.133477
-2.04688 0.134746

-2.04688 0.134747
-2.03125 0.136013

-2.03125 0.136013
-2.01562 0.137275

0.765625 -0.159474
0.753846 -0.15625

2.5 -0.133416
2.51562 -0.13122

2.51562 -0.131221
2.53125 -0.128993

2.53125 -0.128993
2.54688 -0.12673

-2.01562 0.137275
-2 0.138532

2.54688 -0.126684
2.5583 -0.125

0.765625 -0.159358
0.78125 -0.16356

0.75 -0.154797
0.755307 -0.15625

2.55973 -0.125
2.5625 -0.124592

2.5625 -0.124428
2.57812 -0.122085

2.57812 -0.122084
2.59375 -0.1197

2.59375 -0.1197
2.60938 -0.117276

2.60938 -0.117276
2.625 -0.114812

-2 0.138532
-1.98438 0.139787

-1.98438 0.139774
-1.97375 0.140625

0.78125 -0.163561
0.796875 -0.167684

2.625 -0.114812
2.64062 -0.112307

0.796875 -0.167685
0.8125 -0.171725

0.828125 -0.175714
0.812944 -0.171875

0.8125 -0.171325
0.814675 -0.171875

-1.97424 0.140625
-1.96875 0.141065

-1.96875 0.141039
-1.95312 0.142287

-1.95312 0.142287
-1.9375 0.143531

-1.9375 0.143531
-1.92188 0.14477

0.828125 -0.175677
0.84375 -0.179539

0.84375 -0.179537
0.859375 -0.183316

0.859375 -0.183317
0.875 -0.187014

-1.92188 0.144771
-1.90625 0.146005

0.890625 -0.190758
0.876517 -0.1875

0.890625 -0.190625
0.90625 -0.194138

2.64062 -0.112307
2.65625 -0.109758

0.90625 -0.19414
0.921875 -0.197556

0.921875 -0.197557
0.9375 -0.200869

0.875 -0.186467
0.879535 -0.1875

0.953125 -0.204352
0.947144 -0.203125

0.9375 -0.200738
0.949134 -0.203125

0.953125 -0.204124
0.96875 -0.207221

0.953125 -0.202575
0.955899 -0.203125

-1.90625 0.146005
-1.89062 0.147232

-1.89062 0.147233
-1.875 0.148453

2.65625 -0.109694
2.65817 -0.109375

2.65862 -0.109375
2.67188 -0.107175

2.67188 -0.107164
2.6875 -0.104528

-1.875 0.148453
-1.85938 0.149665

-1.85938 0.149664
-1.84375 0.150869

-1.84375 0.150869
-1.82812 0.152067

-1.82812 0.152068
-1.8125 0.153257

-1.8125 0.153258
-1.79688 0.154436

-1.79688 0.154437
-1.78125 0.155604

0.96875 -0.207172
0.984375 -0.210161

0.984375 -0.210161
1 -0.213039

-1.78125 0.15559
-1.77232 0.15625

-1.77276 0.15625
-1.76562 0.156777

-1.76562 0.15676
-1.75 0.157902

2.6875 -0.104527
2.70312 -0.101848

2.70312 -0.101849
2.71875 -0.0991274

-1.75 0.157902
-1.73438 0.159031

-1.73438 0.159031
-1.71875 0.160147

-1.71875 0.160147
-1.70312 0.16125

2.71875 -0.0991281
2.73438 -0.0963627

2.73438 -0.0963601
2.74888 -0.09375

-1.70312 0.161251
-1.6875 0.16234

-1.6875 0.162341
-1.67188 0.163413

1.03125 -0.218912
1.0303 -0.21875

1 -0.21304
1.01562 -0.215807

1.01562 -0.215802
1.03125 -0.218456

1.03125 -0.218879
1.04688 -0.221417

1.04688 -0.221099
1.0625 -0.223517

-1.67188 0.163413
-1.65625 0.164466

1.03125 -0.217296
1.0402 -0.21875

1.04688 -0.218061
1.05133 -0.21875

-1.65625 0.164466
-1.64062 0.165499

-1.64062 0.165499
-1.625 0.166512

2.74912 -0.09375
2.75 -0.0935913

1.0625 -0.223419
1.07812 -0.225714

1.07812 -0.225714
1.09375 -0.227883

1.09375 -0.227883
1.10938 -0.229924

1.10938 -0.229924
1.125 -0.231839

2.75 -0.0935517
2.76562 -0.0906947

2.76562 -0.0906946
2.78125 -0.0877917

2.78125 -0.0877923
2.79688 -0.0848426

2.79688 -0.0848427
2.8125 -0.081845

1.125 -0.231839
1.14062 -0.233629

1.15625 -0.23557
1.14502 -0.234375

1.14062 -0.233307
1.15066 -0.234375

1.15625 -0.235303
1.17188 -0.236837

1.15625 -0.234209
1.15794 -0.234375

1.17188 -0.236829
1.1875 -0.238232

1.1875 -0.238232
1.20312 -0.239503

2.8125 -0.0818445
2.82812 -0.0787999

2.82812 -0.0787968
2.83152 -0.078125

2.83154 -0.078125
2.84375 -0.0757102

2.84375 -0.0757093
2.85938 -0.0725708

2.85938 -0.0725698
2.875 -0.069386

2.875 -0.0693848
2.89062 -0.0661598

2.89062 -0.0661597
2.90625 -0.0628959

2.90625 -0.062865
2.90798 -0.0625

2.90814 -0.0625
2.92188 -0.0595992

2.92188 -0.0595909
2.9375 -0.0562683

2.9375 -0.056264
2.95312 -0.0529352

2.95312 -0.0529314
2.96875 -0.0496125

2.96875 -0.0495501
2.98144 -0.046875

2.98438 -0.0463127
3 -0.0430601

3 -0.0430561
3.01562 -0.039857

3.01562 -0.0398528
3.03125 -0.0367233

3.03125 -0.0367198
3.04688 -0.0336752

3.04688 -0.0336475
3.05957 -0.03125

3.06044 -0.03125
3.0625 -0.030862

3.0625 -0.030717
3.07812 -0.0278779

3.07812 -0.0278786
3.09375 -0.0251624

3.09375 -0.0251606
3.10938 -0.0225694

3.10938 -0.0225684
3.125 -0.0201078

3.125 -0.0201067
3.14062 -0.017781

3.14062 -0.0177802
3.15602 -0.015625

3.15625 -0.0155927
3.17188 -0.0135445

3.17188 -0.0135445
3.1875 -0.0116359

3.1875 -0.0116361
3.20312 -0.00986666

3.20312 -0.0098671
3.21875 -0.00823549

3.21875 -0.00823631
3.23438 -0.00674

3.23438 -0.00674063
3.25 -0.00537671

3.25 -0.00537845
3.26562 -0.00414218

3.26562 -0.00414211
3.28125 -0.00303014

3.28125 -0.00303348
3.29688 -0.00203927

3.29688 -0.00204375
3.3125 -0.00115167

3.3125 -0.00110044
3.33719 0

3.33792 0
3.34375 0.000231509

3.34375 0.000233886
3.35938 0.000744903

3.35938 0.000745948
3.375 0.0011501

3.375 0.00114748
3.39062 0.0014479

3.39062 0.00144763
3.40625 0.00165012

3.40625 0.00164752
3.42188 0.00175781

3.42188 0.00175773
3.4375 0.00178119

3.4375 0.00177863
3.45312 0.00172056

3.45312 0.00172045
3.46875 0.00158622

3.46875 0.00158374
3.48438 0.00137851

3.48438 0.00137846
3.5 0.00110729

3.5625 -0.000541975
3.54453 0

3.5625 -0.000561109
3.57812 -0.00111548

3.57812 -0.00111498
3.59375 -0.00171522

3.59375 -0.0017182
3.60938 -0.00235937

3.60938 -0.00235963
3.625 -0.00303521

3.625 -0.00303752
3.64062 -0.00374236

3.64062 -0.00374268
3.65625 -0.00447153

3.65625 -0.0044735
3.67188 -0.00522179

3.67188 -0.00522232
3.6875 -0.00598505

3.6875 -0.00598676
3.70312 -0.00675942

3.70312 -0.00676018
3.71875 -0.00753784

3.71875 -0.00753937
3.73438 -0.00831746

3.73438 -0.00831842
3.75 -0.00909195

3.75 -0.00909334
3.76562 -0.00985762

3.76562 -0.00985874
3.78125 -0.0106088

3.78125 -0.0106101
3.79688 -0.011341

3.79688 -0.0113422
3.8125 -0.012049

3.8125 -0.0120502
3.82812 -0.0127278

3.82812 -0.0127291
3.84375 -0.0133726

3.84375 -0.0133738
3.85938 -0.013978

3.85938 -0.0139793
3.875 -0.0145394

3.875 -0.0145406
3.89062 -0.0150514

3.89062 -0.0150527
3.90625 -0.0155096

3.92188 -0.0159072
3.9108 -0.015625

3.90625 -0.015515
3.91057 -0.015625

3.92188 -0.0159101
3.9375 -0.0162449

3.9375 -0.016246
3.95312 -0.0165131

3.95312 -0.0165142
3.96875 -0.0167089

3.96875 -0.0167098
3.98438 -0.0168283

3.98438 -0.0168286
4 -0.0168683

3.5 0.00110508
3.51562 0.000772511

3.51562 0.000772267
3.53125 0.000383227

3.53125 0.00038312
3.54479 0

