-4 0.0172764
-3.98438 0.0172267

-3.98438 0.0172249
-3.96875 0.0170791

-3.96875 0.017077
-3.95312 0.0168429

-3.95312 0.0168406
-3.9375 0.0165268

-3.9375 0.0165247
-3.92188 0.01614

-3.92188 0.0161379
-3.90625 0.0156904

1.25 -0.227759
1.26562 -0.22908

1.26562 -0.229081
1.28125 -0.230282

-3.89062 0.0151864
-3.90426 0.015625

-3.90625 0.0156872
-3.90432 0.015625

-3.89062 0.0151843
-3.875 0.014634

-3.875 0.0146323
-3.85938 0.0140411

1.28125 -0.230283
1.29688 -0.231358

1.29688 -0.231358
1.3125 -0.232305

1.3125 -0.232305
1.32812 -0.233124

1.32812 -0.233124
1.34375 -0.233815

1.35938 -0.234387
1.35905 -0.234375

1.34375 -0.233815
1.35923 -0.234375

-3.85938 0.0140394
-3.84375 0.013414

-3.84375 0.0134125
-3.82812 0.0127594

-3.82812 0.0127579
-3.8125 0.0120831

-3.8125 0.0120817
-3.79688 0.0113907

-3.79688 0.0113895
-3.78125 0.0106874

1.35938 -0.234387
1.375 -0.234825

1.35938 -0.234304
1.36192 -0.234375

-3.78125 0.0106862
-3.76562 0.00997789

1.375 -0.23482
1.39062 -0.235127

1.39062 -0.235128
1.40625 -0.235303

-3.76562 0.00997693
-3.75 0.00926668

-0.5 0.164577
-0.484375 0.163331

1.40625 -0.235302
1.42188 -0.235345

1.42188 -0.235343
1.4375 -0.235261

-0.484375 0.163331
-0.46875 0.162012

-3.75 0.00926559
-3.73438 0.0085575

-3.73438 0.00855678
-3.71875 0.00785447

1.4375 -0.235259
1.45312 -0.235061

-1.5 0.160391
-1.48438 0.161004

-1.48438 0.161003
-1.46875 0.161602

-3.71875 0.00785345
-3.70312 0.00716043

-3.70312 0.00715991
-3.6875 0.00647927

-3.6875 0.00647827
-3.67188 0.00581305

1.45312 -0.235058
1.46875 -0.234753

1.46875 -0.23475
1.48325 -0.234375

1.48392 -0.234375
1.48438 -0.234363

1.48438 -0.234346
1.5 -0.233849

1.5 -0.233847
1.51562 -0.233261

1.51562 -0.23326
1.53125 -0.23259

1.53125 -0.232589
1.54688 -0.23184

1.54688 -0.231839
1.5625 -0.231016

1.5625 -0.231015
1.57812 -0.230121

1.57812 -0.23012
1.59375 -0.229157

1.59375 -0.229157
1.60938 -0.228129

1.60938 -0.228129
1.625 -0.227037

1.625 -0.227037
1.64062 -0.225884

1.64062 -0.225884
1.65625 -0.224669

1.65625 -0.224669
1.67188 -0.223392

1.67188 -0.22339
1.6875 -0.222057

1.6875 -0.222054
1.70312 -0.220676

1.70312 -0.220674
1.71875 -0.219261

1.71875 -0.219117
1.72273 -0.21875

1.72506 -0.21875
1.73438 -0.21789

1.73438 -0.217818
1.75 -0.216347

1.75 -0.216346
1.76562 -0.21485

1.76562 -0.214849
1.78125 -0.213332

1.78125 -0.213331
1.79688 -0.211795

1.79688 -0.211795
1.8125 -0.210243

1.8125 -0.210243
1.82812 -0.208676

1.82812 -0.208676
1.84375 -0.207095

1.84375 -0.207095
1.85938 -0.205499

1.85938 -0.205499
1.875 -0.203888

1.875 -0.203714
1.88065 -0.203125

1.88375 -0.203125
1.89062 -0.202408

1.89062 -0.202258
1.90625 -0.20061

1.90625 -0.200609
1.92188 -0.198947

1.92188 -0.198946
1.9375 -0.197274

1.9375 -0.197273
1.95312 -0.195595

1.95312 -0.195595
1.96875 -0.193912

1.96875 -0.193912
1.98438 -0.192226

1.98438 -0.192226
2 -0.190536

2 -0.190536
2.01562 -0.188842

2.01562 -0.188804
2.0276 -0.1875

2.02972 -0.1875
2.03125 -0.187334

2.03125 -0.187142
2.04688 -0.185433

2.04688 -0.185433
2.0625 -0.183711

2.0625 -0.183711
2.07812 -0.181977

2.07812 -0.181976
2.09375 -0.180235

2.09375 -0.180234
2.10938 -0.178489

2.10938 -0.178489
2.125 -0.17674

2.125 -0.176741
2.14062 -0.174989

2.14062 -0.174989
2.15625 -0.173233

2.15625 -0.17319
2.1679 -0.171875

2.16995 -0.171875
2.17188 -0.171657

-0.46875 0.162012
-0.453125 0.160621

-3.67188 0.0058127
-3.65625 0.00516562

-0.453125 0.160621
-0.4375 0.159156

-0.40625 0.156007
-0.408603 0.15625

-0.4375 0.159156
-0.421875 0.157617

-0.421875 0.157617
-0.408632 0.15625

-0.40625 0.156005
-0.390625 0.154316

-0.390625 0.154316
-0.375 0.15255

2.17188 -0.171471
2.1875 -0.169697

2.1875 -0.169698
2.20312 -0.16791

2.20312 -0.16791
2.21875 -0.166107

-0.375 0.15255
-0.359375 0.150707

-0.359375 0.150707
-0.34375 0.148783

-0.34375 0.148784
-0.328125 0.14678

-0.328125 0.14678
-0.3125 0.144695

-3.65625 0.0051646
-3.64062 0.00453841

-3.64062 0.00453819
-3.625 0.0039354

-3.625 0.00393433
-3.60938 0.00335752

-3.60938 0.00335738
-3.59375 0.00280894

-3.59375 0.00280783
-3.57812 0.00229025

-3.57812 0.00229019
-3.5625 0.0018058

-3.5625 0.00180476
-3.54688 0.00135575

-3.54688 0.00135553
-3.53125 0.000944391

-3.53125 0.000943859
-3.51562 0.000572083

-3.51562 0.000572677
-3.5 0.000240142

-3.48438 -5.07997e-05
-3.48708 0

-3.48438 -5.41582e-05
-3.46875 -0.000306281

-3.46875 -0.000308815
-3.45312 -0.000513876

-3.45312 -0.000513603
-3.4375 -0.000667079

-3.4375 -0.000669075
-3.42188 -0.00076752

-3.42188 -0.000767536
-3.40625 -0.000806929

-3.40625 -0.000808668
-3.39062 -0.000785498

-3.39062 -0.000785871
-3.375 -0.000695915

-3.375 -0.000697851
-3.35938 -0.00053649

-3.35938 -0.000534412
-3.34375 -0.000301931

-3.34375 -0.000305187
-3.32816 0

-3.5 0.000229541
-3.48675 0

-3.32829 0
-3.3125 0.000383313

-3.3125 0.000435285
-3.29688 0.000983344

-3.29688 0.000980504
-3.28125 0.00159905

-3.28125 0.0015967
-3.26562 0.00229613

-3.26562 0.00229631
-3.25 0.00308097

-3.25 0.0030789
-3.23438 0.00395257

-3.23438 0.00395221
-3.21875 0.00491976

-3.21875 0.00491852
-3.20312 0.00598316

-3.20312 0.00598284
-3.1875 0.0071477

-3.1875 0.00714724
-3.17188 0.00841385

-3.17188 0.00841375
-3.15625 0.00978322

-3.15625 0.00978335
-3.14062 0.0112556

-3.14062 0.011256
-3.125 0.01283

-3.125 0.0128306
-3.10938 0.0145044

-3.10938 0.0145192
-3.09962 0.015625

-3.09928 0.015625
-3.09375 0.0162518

-3.09375 0.016277
-3.07812 0.0181416

-3.07812 0.0181431
-3.0625 0.0200965

-3.0625 0.0200986
-3.04688 0.0221337

-3.04688 0.0221365
-3.03125 0.0242435

-3.03125 0.0242503
-3.01562 0.0264102

-3.01562 0.0264158
-3 0.0286039

-0.3125 0.144694
-0.296875 0.142531

-0.28125 0.140285
-0.283622 0.140625

-0.296875 0.142531
-0.283583 0.140625

-0.28125 0.14029
-0.265625 0.137971

-0.265625 0.137971
-0.25 0.135571

2.21875 -0.166106
2.23438 -0.164287

2.23438 -0.164286
2.25 -0.162454

-3 0.0286082
-2.98438 0.0308048

-2.98438 0.0311784
-2.98386 0.03125

-0.171875 0.122346
-0.186622 0.125

-0.171875 0.122346
-0.15625 0.119455

-0.15625 0.119454
-0.140625 0.116487

-0.140625 0.116486
-0.125 0.113445

-0.25 0.13557
-0.234375 0.133088

-0.234375 0.133089
-0.21875 0.130527

-0.21875 0.130528
-0.203125 0.127886

-0.203125 0.127887
-0.1875 0.12516

-0.1875 0.125163
-0.186609 0.125

2.25 -0.162454
2.26562 -0.160608

-0.125 0.113444
-0.109375 0.110331

-0.09375 0.107143
-0.104712 0.109375

-2.98083 0.03125
-2.96875 0.0329431

-0.109375 0.110346
-0.104606 0.109375

2.26562 -0.160609
2.28125 -0.158751

-0.09375 0.107149
-0.078125 0.103902

-2.96875 0.0329994
-2.95312 0.0351769

-0.078125 0.103902
-0.0625 0.100589

2.28125 -0.158751
2.29688 -0.156879

-0.0625 0.100589
-0.046875 0.097212

2.29688 -0.15671
2.30068 -0.15625

-2.95312 0.0351774
-2.9375 0.0373385

2.30272 -0.15625
2.3125 -0.155068

-2.9375 0.0373388
-2.92188 0.0394821

-2.92188 0.0394822
-2.90625 0.0416068

-1.46875 0.161601
-1.45312 0.162188

-1.45312 0.162188
-1.4375 0.162764

-1.4375 0.162765
-1.42188 0.163331

-1.42188 0.163331
-1.40625 0.163888

-2.90625 0.0416072
-2.89062 0.0437124

-2.89062 0.0437125
-2.875 0.0457974

-2.875 0.0457829
-2.86674 0.046875

-2.86696 0.046875
-2.85938 0.0478779

-2.85938 0.0478622
-2.84375 0.0499069

-2.84375 0.049907
-2.82812 0.0519313

2.3125 -0.154993
2.32812 -0.153084

2.32812 -0.153085
2.34375 -0.151155

2.34375 -0.151155
2.35938 -0.149202

2.35938 -0.149201
2.375 -0.147227

2.375 -0.147226
2.39062 -0.145232

2.39062 -0.145233
2.40625 -0.143218

2.40625 -0.143219
2.42188 -0.141183

2.42188 -0.141054
2.42513 -0.140625

2.42645 -0.140625
2.4375 -0.139169

2.4375 -0.139126
2.45312 -0.137038

2.45312 -0.137038
2.46875 -0.134921

2.46875 -0.134921
2.48438 -0.132773

2.48438 -0.132773
2.5 -0.130596

2.5 -0.130596
2.51562 -0.12839

2.51562 -0.12839
2.53125 -0.126152

2.53125 -0.126
2.53813 -0.125

2.54027 -0.125
2.54688 -0.124039

2.54688 -0.123882
2.5625 -0.121571

2.5625 -0.121571
2.57812 -0.119221

2.57812 -0.119221
2.59375 -0.116834

2.59375 -0.116834
2.60938 -0.114411

2.60938 -0.114411
2.625 -0.111951

2.625 -0.111951
2.64062 -0.109452

2.64062 -0.109437
2.64101 -0.109375

2.64111 -0.109375
2.65625 -0.106911

2.65625 -0.106911
2.67188 -0.104324

2.67188 -0.104323
2.6875 -0.101693

2.6875 -0.101693
2.70312 -0.0990205

2.70312 -0.0990209
2.71875 -0.0963052

2.71875 -0.0963017
2.73319 -0.09375

2.73356 -0.09375
2.73438 -0.0936064

2.73438 -0.093545
2.75 -0.090736

-0.046875 0.0972119
-0.03125 0.0937709

-0.015625 0.0902664
-0.0311572 0.09375

-0.015625 0.0902657
0 0.0866994

-0.03125 0.0937712
-0.0311557 0.09375

0.328125 -0.000809307
0.325385 0

0.328125 -0.000740453
0.34375 -0.00538309

0.34375 -0.00538271
0.359375 -0.0100512

0.359375 -0.0100517
0.375 -0.0147458

0.390625 -0.0195027
0.377786 -0.015625

0.375 -0.0145926
0.378418 -0.015625

0.390625 -0.0194653
0.40625 -0.0242089

0.4375 -0.0338201
0.4291 -0.03125

0.40625 -0.0242105
0.421875 -0.0289744

0.421875 -0.0289034
0.429545 -0.03125

0.4375 -0.0337572
0.453125 -0.0385505

0.453125 -0.0385505
0.46875 -0.0433523

0.484375 -0.0482099
0.480038 -0.046875

0.46875 -0.0433354
0.480251 -0.046875

0.484375 -0.0481629
0.5 -0.0529751

0 0.0866989
0.015625 0.0830731

0.015625 0.0830728
0.03125 0.0793892

0.046875 0.0756218
0.0364165 0.078125

0.03125 0.0794411
0.0367486 0.078125

0.046875 0.0756489
0.0625 0.0718538

0.109375 0.0600979
0.0999221 0.0625

0.109375 0.0601218
0.125 0.0560911

0.0625 0.0718548
0.078125 0.0680027

0.078125 0.0680027
0.09375 0.0640919

0.09375 0.0641281
0.100157 0.0625

0.125 0.0560905
0.140625 0.052001

0.140625 0.0520001
0.15625 0.0478549

0.171875 0.0436342
0.159809 0.046875

0.15625 0.0479266
0.160165 0.046875

0.171875 0.043657
0.1875 0.0394114

0.21875 0.0307423
0.216922 0.03125

0.1875 0.0394111
0.203125 0.0351177

0.203125 0.0351218
0.217065 0.03125

0.21875 0.030776
0.234375 0.0263935

0.234375 0.0263936
0.25 0.0219712

0.25 0.0219716
0.265625 0.0175079

0.28125 0.0129209
0.27187 0.015625

0.265625 0.0176199
0.272545 0.015625

0.28125 0.0130022
0.296875 0.0084596

0.296875 0.00846054
0.3125 0.00387925

0.3125 0.00389484
0.325652 0

0.53125 -0.0626072
0.530902 -0.0625

0.53125 -0.0626084
0.546875 -0.0674203

0.546875 -0.0674202
0.5625 -0.0722213

0.5 -0.052975
0.515625 -0.057789

0.515625 -0.0577888
0.530909 -0.0625

0.5625 -0.0722228
0.578125 -0.0770107

0.59375 -0.0818241
0.581633 -0.078125

0.578125 -0.0768793
0.582205 -0.078125

0.59375 -0.0817823
0.609375 -0.0865308

0.609375 -0.086531
0.625 -0.0912566

0.75 -0.128063
0.739229 -0.125

0.640625 -0.0960511
0.632976 -0.09375

0.640625 -0.0959593
0.65625 -0.100631

0.625 -0.0911745
0.633561 -0.09375

0.65625 -0.100632
0.671875 -0.105271

0.6875 -0.109941
0.68558 -0.109375

0.671875 -0.105263
0.685829 -0.109375

0.6875 -0.109877
0.703125 -0.114447

0.703125 -0.114448
0.71875 -0.118979

-1.40625 0.163887
-1.39062 0.164434

-1.39062 0.164434
-1.375 0.164971

-1.375 0.164972
-1.35938 0.165499

-1.35938 0.165499
-1.34375 0.166014

-1.34375 0.166014
-1.32812 0.166516

-1.32812 0.166515
-1.3125 0.167005

-1.3125 0.167004
-1.29688 0.167485

2.75 -0.0907355
2.76562 -0.0878793

2.76562 -0.0878794
2.78125 -0.0849771

2.78125 -0.0849778
2.79688 -0.0820279

2.79688 -0.0820282
2.8125 -0.0790287

2.8125 -0.0789776
2.81687 -0.078125

2.81724 -0.078125
2.82812 -0.0760003

2.82812 -0.0759794
2.84375 -0.0728806

-2.82812 0.0519315
-2.8125 0.0539345

-2.8125 0.0539346
-2.79688 0.0559156

-2.79688 0.0559158
-2.78125 0.0578742

-2.78125 0.057874
-2.76562 0.05981

-2.76562 0.0598095
-2.75 0.0617246

-1.29688 0.167485
-1.28125 0.167958

-1.28125 0.167958
-1.26562 0.168424

-1.26562 0.168425
-1.25 0.168884

-1.25 0.168883
-1.23438 0.169335

-1.23438 0.169335
-1.21875 0.169778

-1.21875 0.169779
-1.20312 0.170214

-1.20312 0.170214
-1.1875 0.17064

2.84375 -0.0728808
2.85938 -0.0697321

2.85938 -0.0697314
2.875 -0.0665338

-2.75 0.0616898
-2.74332 0.0625

-2.74381 0.0625
-2.73438 0.0636438

-2.73438 0.0636194
-2.71875 0.0654947

-2.71875 0.0654943
-2.70312 0.067351

2.875 -0.0665332
2.89062 -0.0632895

-1.1875 0.17064
-1.17188 0.171056

-2.70312 0.0673507
-2.6875 0.0691902

-2.6875 0.0691903
-2.67188 0.0710126

-2.67188 0.0710128
-2.65625 0.0728172

-1.17188 0.171057
-1.15625 0.171464

-2.65625 0.0728171
-2.64062 0.0746036

2.89062 -0.0632117
2.89401 -0.0625

-2.64062 0.0746035
-2.625 0.0763725

0.71875 -0.118979
0.734375 -0.123468

-2.625 0.0763729
-2.60938 0.0781238

-2.60938 0.0781037
-2.60918 0.078125

-2.60937 0.078125
-2.59375 0.0798557

-2.59375 0.0798556
-2.57812 0.0815674

-2.57812 0.0815679
-2.5625 0.0832588

-2.5625 0.0832588
-2.54688 0.0849278

-2.54688 0.084927
-2.53125 0.0865757

-2.53125 0.0865751
-2.51562 0.0882063

-2.51562 0.0882066
-2.5 0.0898208

2.89449 -0.0625
2.90625 -0.0600244

2.90625 -0.0599982
2.92188 -0.0566695

2.92188 -0.0566653
2.9375 -0.0533106

2.9375 -0.0533074
2.95312 -0.0499412

2.95312 -0.0499222
2.96728 -0.046875

2.96869 -0.046875
2.96875 -0.0468616

0.734375 -0.123198
0.740712 -0.125

-2.5 0.0898214
-2.48438 0.0914169

-2.48438 0.0914173
-2.46875 0.0929921

-2.46875 0.0929486
-2.46069 0.09375

-2.46154 0.09375
-2.45312 0.0945869

-2.45312 0.0945456
-2.4375 0.0960805

0.75 -0.127912
0.765625 -0.132309

0.765625 -0.132309
0.78125 -0.13666

2.96875 -0.0465696
2.98438 -0.043228

2.98438 -0.0432228
3 -0.0399222

-2.4375 0.0960811
-2.42188 0.0975957

-2.42188 0.0975948
-2.40625 0.0990896

0.796875 -0.141007
0.795487 -0.140625

0.78125 -0.136657
0.795654 -0.140625

3 -0.0399169
3.01562 -0.0366785

3.01562 -0.0366739
3.03125 -0.0335175

3.03125 -0.0334499
3.04248 -0.03125

3.04388 -0.03125
3.04688 -0.0306641

3.04688 -0.0304535
3.0625 -0.0274995

3.0625 -0.0274919
3.07812 -0.0246617

0.796875 -0.140967
0.8125 -0.14522

3.07812 -0.0246616
3.09375 -0.0219707

-2.40625 0.0990906
-2.39062 0.100565

-2.39062 0.100566
-2.375 0.102017

0.796875 -0.140572
0.797068 -0.140625

-2.375 0.102016
-2.35938 0.103445

-1.15625 0.171464
-1.14062 0.171862

-1.14062 0.171861
-1.14008 0.171875

-1.14011 0.171875
-1.125 0.172249

-2.35938 0.103445
-2.34375 0.104853

-1.125 0.172249
-1.10938 0.172623

-1.10938 0.172623
-1.09375 0.172985

3.09375 -0.0219695
3.10938 -0.0194203

3.10938 -0.0194194
3.125 -0.0170163

-2.34375 0.104855
-2.32812 0.106238

3.125 -0.0169957
3.1345 -0.015625

-1.09375 0.172985
-1.07812 0.173332

3.13487 -0.015625
3.14062 -0.014794

-2.32812 0.106238
-2.3125 0.107593

0.8125 -0.14522
0.828125 -0.149416

-2.3125 0.107592
-2.29688 0.108922

0.828125 -0.14942
0.84375 -0.153551

3.14062 -0.0147611
3.15625 -0.0126573

0.859375 -0.157745
0.853614 -0.15625

-1.07812 0.173333
-1.0625 0.173665

-1.0625 0.173665
-1.04688 0.173981

-1.04688 0.173982
-1.03125 0.174281

3.15625 -0.0126572
3.17188 -0.0107046

3.17188 -0.0107048
3.1875 -0.00890323

-2.29688 0.108886
-2.29103 0.109375

3.1875 -0.00890391
3.20312 -0.00725151

-2.29168 0.109375
-2.28125 0.110247

3.20312 -0.00725214
3.21875 -0.00574634

-2.28125 0.110227
-2.26562 0.111509

-1.03125 0.174282
-1.01562 0.174563

0.859375 -0.157608
0.875 -0.161582

-1.01562 0.174563
-1 0.174825

3.21875 -0.0057479
3.23438 -0.00438431

-2.26562 0.111509
-2.25 0.112771

3.23438 -0.00438491
3.25 -0.00315923

0.84375 -0.153482
0.854418 -0.15625

-2.25 0.112769
-2.23438 0.114013

0.875 -0.161581
0.890625 -0.165476

-2.23438 0.114012
-2.21875 0.115242

3.25 -0.00316194
3.26562 -0.00206755

-2.21875 0.115242
-2.20312 0.116459

0.890625 -0.165475
0.90625 -0.169296

-2.20312 0.116459
-2.1875 0.117663

3.26562 -0.00206685
3.28125 -0.00109972

-2.1875 0.117663
-2.17188 0.118853

3.28125 -0.00110409
3.29688 -0.000256901

-2.17188 0.118853
-2.15625 0.12003

-1 0.174825
-0.984375 0.175067

-0.984375 0.175067
-0.96875 0.175288

3.29688 -0.000279712
3.30275 0

0.921875 -0.173229
0.916232 -0.171875

3.30249 0
3.3125 0.000511159

0.90625 -0.169208
0.917359 -0.171875

-2.15625 0.12003
-2.14062 0.121192

-0.96875 0.175289
-0.953125 0.175488

-2.14062 0.121192
-2.125 0.122338

3.3125 0.000489111
3.32812 0.00112348

0.921875 -0.173048
0.9375 -0.176726

3.32812 0.00112228
3.34375 0.00163738

-0.953125 0.175488
-0.9375 0.175663

3.34375 0.00163422
3.35938 0.00203876

0.921875 -0.171816
0.922124 -0.171875

-2.125 0.122335
-2.10938 0.123471

1 -0.190661
0.984931 -0.1875

3.35938 0.00203871
3.375 0.00233912

-2.10938 0.123471
-2.09375 0.124604

3.375 0.00233595
3.39062 0.00253865

-2.09375 0.124611
-2.08837 0.125

3.39062 0.00253838
3.40625 0.00265025

3.40625 0.00264719
3.42188 0.00267488

3.42188 0.00267463
3.4375 0.00262475

3.4375 0.00262187
3.45312 0.00250065

3.45312 0.00250044
3.46875 0.00231409

3.46875 0.00231146
3.48438 0.00206565

-0.9375 0.175663
-0.921875 0.175814

-0.921875 0.175815
-0.90625 0.17594

-2.08823 0.125
-2.07812 0.125731

-2.07812 0.125735
-2.0625 0.126862

0.9375 -0.176727
0.953125 -0.18033

0.953125 -0.180337
0.96875 -0.18385

3.48438 0.00206553
3.5 0.00176577

0.96875 -0.183855
0.984375 -0.18725

-0.90625 0.17594
-0.890625 0.176039

-2.0625 0.126862
-2.04688 0.127985

-0.890625 0.176039
-0.875 0.176109

0.984375 -0.186542
0.988944 -0.1875

-2.04688 0.127985
-2.03125 0.129104

3.57812 -0.000393769
3.56614 0

-2.03125 0.129104
-2.01562 0.130221

-0.875 0.17611
-0.859375 0.17615

3.57812 -0.000403388
3.59375 -0.00095274

-2.01562 0.130222
-2 0.131335

3.59375 -0.000955442
3.60938 -0.00153441

-0.859375 0.176151
-0.84375 0.176159

-0.84375 0.176159
-0.828125 0.176132

-0.828125 0.176133
-0.8125 0.176069

-0.8125 0.176069
-0.796875 0.175967

3.60938 -0.00153417
3.625 -0.00213785

-0.796875 0.175968
-0.78125 0.17583

3.625 -0.00213988
3.64062 -0.00276471

3.64062 -0.00276492
3.65625 -0.00340642

1 -0.190519
1.01562 -0.193697

3.65625 -0.00340806
3.67188 -0.00406253

-0.78125 0.175831
-0.765625 0.175653

-2 0.131336
-1.98438 0.132444

-0.765625 0.175654
-0.75 0.175431

1.01562 -0.193703
1.03125 -0.196778

3.67188 -0.0040628
3.6875 -0.00472642

-1.98438 0.132444
-1.96875 0.133547

-1.96875 0.133547
-1.95312 0.134645

-0.75 0.175431
-0.734375 0.175163

1.03125 -0.196782
1.04688 -0.199733

-0.734375 0.175164
-0.71875 0.174849

1.04688 -0.199727
1.0625 -0.202557

-1.95312 0.134645
-1.9375 0.135739

1.07812 -0.205524
1.06434 -0.203125

1.0625 -0.201922
1.06941 -0.203125

3.6875 -0.00472783
3.70312 -0.00539726

1.07812 -0.205276
1.09375 -0.207887

-1.9375 0.13574
-1.92188 0.136827

-0.71875 0.174849
-0.703125 0.174488

-1.92188 0.136827
-1.90625 0.137905

3.70312 -0.00539767
3.71875 -0.00606928

1.09375 -0.207885
1.10938 -0.210395

-0.703125 0.174488
-0.6875 0.17408

1.10938 -0.210395
1.125 -0.212804

-1.90625 0.137905
-1.89062 0.138972

3.71875 -0.00607053
3.73438 -0.00674101

-1.89062 0.138971
-1.875 0.140025

1.125 -0.212807
1.14062 -0.215109

-1.875 0.140015
-1.86585 0.140625

1.14062 -0.215111
1.15625 -0.217294

-1.86621 0.140625
-1.85938 0.14108

-0.6875 0.174081
-0.671875 0.173622

-1.85938 0.141067
-1.84375 0.142094

-1.84375 0.142094
-1.82812 0.143105

3.73438 -0.00674157
3.75 -0.00740729

1.17188 -0.219543
1.16586 -0.21875

3.75 -0.00740844
3.76562 -0.00806599

1.17188 -0.219359
1.1875 -0.22129

-1.82812 0.143105
-1.8125 0.144102

-0.671875 0.173623
-0.65625 0.173112

-1.8125 0.144102
-1.79688 0.145085

1.15625 -0.217208
1.16795 -0.21875

3.76562 -0.0080667
3.78125 -0.00871236

1.17188 -0.218635
1.17281 -0.21875

1.1875 -0.221286
1.20312 -0.223088

3.78125 -0.00871347
3.79688 -0.00934358

1.20312 -0.223087
1.21875 -0.224764

-1.79688 0.145084
-1.78125 0.146054

3.79688 -0.00934444
3.8125 -0.00995508

-0.65625 0.173113
-0.640625 0.172547

3.8125 -0.00995618
3.82812 -0.0105434

-0.640625 0.172547
-0.625 0.171925

3.82812 -0.0105444
3.84375 -0.0111041

1.21875 -0.224763
1.23438 -0.226319

3.84375 -0.0111052
3.85938 -0.0116332

3.85938 -0.0116343
3.875 -0.012126

-0.609375 0.171246
-0.623826 0.171875

1.23438 -0.226319
1.25 -0.227758

-0.625 0.171926
-0.623839 0.171875

-1.78125 0.146054
-1.76562 0.147013

3.875 -0.0121271
3.89062 -0.0125781

-0.609375 0.171247
-0.59375 0.170504

-1.76562 0.147014
-1.75 0.147962

3.89062 -0.0125793
3.90625 -0.012985

3.90625 -0.0129861
3.92188 -0.0133418

-1.75 0.147963
-1.73438 0.148897

-1.73438 0.148898
-1.71875 0.149813

3.92188 -0.013343
3.9375 -0.0136439

3.9375 -0.013645
3.95312 -0.0138864

-1.71875 0.149813
-1.70312 0.150706

-1.70312 0.150707
-1.6875 0.151578

-0.59375 0.170505
-0.578125 0.169695

-1.6875 0.151577
-1.67188 0.152425

3.95312 -0.0138876
3.96875 -0.0140648

-1.67188 0.152424
-1.65625 0.15325

3.96875 -0.0140658
3.98438 -0.0141745

-0.578125 0.169696
-0.5625 0.168818

3.98438 -0.0141752
4 -0.014212

3.5 0.00176355
3.51562 0.00141453

3.51562 0.00141426
3.53125 0.00102095

3.53125 0.00101963
3.54688 0.000585188

3.54688 0.000585879
3.5625 0.000111561

-1.65625 0.15325
-1.64062 0.154057

-1.64062 0.154057
-1.625 0.154846

-0.5625 0.168818
-0.546875 0.167869

-1.625 0.154847
-1.60938 0.155616

-1.60938 0.155616
-1.59609 0.15625

3.5625 7.11534e-05
3.5646 0

-0.546875 0.16787
-0.53125 0.166847

-0.53125 0.166847
-0.515625 0.165749

-0.515625 0.16575
-0.5 0.164578

-1.59615 0.15625
-1.59375 0.156365

-1.59375 0.156362
-1.57812 0.157086

-1.57812 0.157086
-1.5625 0.157788

-1.5625 0.157788
-1.54688 0.158467

-1.54688 0.158466
-1.53125 0.159125

-1.53125 0.159124
-1.51562 0.159765

-1.51562 0.159765
-1.5 0.160391

