-3.5 -4.12238e-05
-3.50454 0

-4 0.0057528
-3.98438 0.00573194

-3.98438 0.00573138
-3.96875 0.00566995

-3.96875 0.00566825
-3.95312 0.00557079

-3.95312 0.00557015
-3.9375 0.00544133

-3.9375 0.00543954
-3.92188 0.00528422

-3.92188 0.00528371
-3.90625 0.00510648

-3.90625 0.0051049
-3.89062 0.00490995

-3.89062 0.00490958
-3.875 0.00470079

-3.875 0.00469949
-3.85938 0.00448022

-3.85938 0.00447997
-3.84375 0.0042533

-3.84375 0.00425228
-3.82812 0.00402075

-3.82812 0.0040206
-3.8125 0.00378656

-3.8125 0.0037858
-3.79688 0.00355107

-3.79688 0.00355099
-3.78125 0.00331726

-1.5 0.0697774
-1.48438 0.0695444

-1.48438 0.0695437
-1.46875 0.0692982

-1.46875 0.0692986
-1.45312 0.0690414

-1.45312 0.0690411
-1.4375 0.0687721

-3.78125 0.00331673
-3.76562 0.00308524

-3.76562 0.0030852
-3.75 0.00285709

-1.4375 0.068772
-1.42188 0.0684918

-3.75 0.00285675
-3.73438 0.00263278

-3.73438 0.00263276
-3.71875 0.00241364

-3.71875 0.00241345
-3.70312 0.0021996

-3.70312 0.00219959
-3.6875 0.00199139

-1.42188 0.068492
-1.40625 0.0682005

-1.40625 0.0682
-1.39062 0.0678977

-3.6875 0.00199131
-3.67188 0.00178894

-3.67188 0.00178894
-3.65625 0.00159255

-1.39062 0.0678974
-1.375 0.0675859

-3.65625 0.00159254
-3.64062 0.00140217

-3.64062 0.00140217
-3.625 0.00121785

-1.375 0.0675865
-1.35938 0.0672651

-1.35938 0.0672651
-1.34375 0.0669327

-1.34375 0.0669325
-1.32812 0.0665896

-1.32812 0.06659
-1.3125 0.0662365

-3.625 0.00121787
-3.60938 0.00103956

-1.3125 0.0662362
-1.29688 0.0658719

-3.60938 0.00103956
-3.59375 0.00086725

-0.25 0.0219672
-0.234375 0.0211297

-0.234375 0.0211297
-0.21875 0.0202885

-0.21875 0.0202883
-0.203125 0.0194439

-0.203125 0.0194438
-0.1875 0.0185966

-0.1875 0.0185966
-0.171875 0.0177469

-0.171875 0.017747
-0.15625 0.0168948

-1.29688 0.065872
-1.28125 0.0654972

-0.15625 0.0168949
-0.140625 0.0160399

-1.28125 0.0654979
-1.26562 0.0651109

-0.125 0.0151431
-0.13378 0.015625

1.5 -0.0717434
1.51562 -0.0723787

1.51562 -0.0723789
1.53125 -0.0729959

1.53125 -0.0729958
1.54688 -0.0735946

1.54688 -0.073595
1.5625 -0.0741749

1.5625 -0.0741753
1.57812 -0.0747345

1.57812 -0.0747348
1.59375 -0.0752719

1.59375 -0.0752717
1.60938 -0.0757866

1.60938 -0.0757868
1.625 -0.0762798

-1.26562 0.0651108
-1.25 0.0647104

-0.140625 0.0160814
-0.132309 0.015625

-1.25 0.0647098
-1.23438 0.0642973

-1.23438 0.0642972
-1.21875 0.0638737

-0.125 0.0151818
-0.109375 0.0143226

1.625 -0.0762798
1.64062 -0.0767507

-3.59375 0.000867272
-3.57812 0.000700924

-3.57812 0.000700939
-3.5625 0.000540477

-0.109375 0.0143228
-0.09375 0.0134626

1.64062 -0.0767507
1.65625 -0.0771997

-0.09375 0.0134626
-0.078125 0.012601

-0.078125 0.0126009
-0.0625 0.011738

-1.21875 0.0638739
-1.20312 0.0634391

1.65625 -0.0771996
1.67188 -0.077627

-1.20312 0.0634393
-1.1875 0.0629927

-3.5625 0.000540547
-3.54688 0.000385803

-1.15625 0.0620631
-1.17076 0.0625

-1.15625 0.0620631
-1.14062 0.0615813

1.67188 -0.0776275
1.6875 -0.0780327

-3.54688 0.000385633
-3.53125 0.000236808

-1.14062 0.0615811
-1.125 0.0610882

-0.0625 0.0117377
-0.046875 0.0108744

1.70312 -0.0784164
1.69119 -0.078125

-0.046875 0.0108741
-0.03125 0.0100114

-0.03125 0.0100112
-0.015625 0.00914989

1.6875 -0.0780275
1.69149 -0.078125

-3.53125 0.000237169
-3.51562 9.38789e-05

-0.015625 0.0091499
0 0.00829018

-1.1875 0.0629926
-1.17188 0.0625339

-3.51562 9.23254e-05
-3.50526 0

1.70312 -0.0784143
1.71875 -0.0787721

1.71875 -0.0787718
1.73438 -0.079107

1.73438 -0.0791074
1.75 -0.0794197

-1.17188 0.0625348
-1.17072 0.0625

-3.5 -4.45188e-05
-3.48438 -0.000181076

-3.48438 -0.00018119
-3.46875 -0.000315758

-3.46875 -0.00031704
-3.45312 -0.000446826

-1.125 0.0610877
-1.10938 0.0605848

-1.10938 0.0605847
-1.09375 0.0600729

1.75 -0.0794195
1.76562 -0.0797083

1.76562 -0.0797084
1.78125 -0.079974

-3.45312 -0.000446811
-3.4375 -0.000569279

0.15625 -0.000438977
0.148363 0

-3.4375 -0.000570415
-3.42188 -0.000683325

-3.42188 -0.000683341
-3.40625 -0.000784388

-3.40625 -0.00078571
-3.39062 -0.000872217

1.78125 -0.0799739
1.79688 -0.0802164

1.79688 -0.0802169
1.8125 -0.0804357

1.8125 -0.0804357
1.82812 -0.0806298

1.82812 -0.0806298
1.84375 -0.0807993

1.84375 -0.0807987
1.85938 -0.080945

1.85938 -0.0809455
1.875 -0.0810687

0.15625 -0.000309228
0.171875 -0.0011817

-3.39062 -0.00087224
-3.375 -0.000941516

0.171875 -0.00118134
0.1875 -0.00205639

1.875 -0.0810685
1.89062 -0.081168

1.89062 -0.0811684
1.90625 -0.0812438

-1.09375 0.0600728
-1.07812 0.0595525

-1.07812 0.0595526
-1.0625 0.0590238

-3.375 -0.000943177
-3.35938 -0.000991857

-3.35938 -0.000991897
-3.34375 -0.00101658

0.1875 -0.00205663
0.203125 -0.00293447

0.203125 -0.00293465
0.21875 -0.00381444

1.90625 -0.0812432
1.92188 -0.0812949

0.21875 -0.00381453
0.234375 -0.00469573

1.92188 -0.081295
1.9375 -0.0813239

0.234375 -0.00469575
0.25 -0.00557814

-3.34375 -0.00101869
-3.32812 -0.00101508

-3.32812 -0.00101511
-3.3125 -0.000978943

-3.3125 -0.00098164
-3.29688 -0.000907456

-1.0625 0.0590239
-1.04688 0.0584864

-3.29688 -0.000907622
-3.28125 -0.000789697

1.9375 -0.0813239
1.95312 -0.0813296

-1.04688 0.0584865
-1.03125 0.0579399

1.95312 -0.0813297
1.96875 -0.081312

0.25 -0.0055782
0.265625 -0.00646163

0.265625 -0.00646157
0.28125 -0.00734601

0.28125 -0.00734597
0.296875 -0.00823162

0.296875 -0.00823175
0.3125 -0.00911842

-3.28125 -0.00079342
-3.26562 -0.000623975

0.3125 -0.00911841
0.328125 -0.0100059

0.328125 -0.0100058
0.34375 -0.0108942

1.96875 -0.0813115
1.98438 -0.0812715

0.34375 -0.0108941
0.359375 -0.0117836

1.98438 -0.0812719
2 -0.0812101

-1.03125 0.05794
-1.01562 0.0573837

0.359375 -0.0117836
0.375 -0.0126745

-3.26562 -0.000623327
-3.25 -0.000396213

-3.25 -0.000398417
-3.23438 -0.000110523

-3.23438 -0.000105515
-3.22974 0

0.375 -0.0126744
0.390625 -0.0135669

-3.22934 0
-3.21875 0.000241045

-3.21875 0.000244897
-3.20312 0.00066909

-1.01562 0.0573837
-1 0.0568174

0.390625 -0.0135668
0.40625 -0.0144613

-3.20312 0.000668661
-3.1875 0.00116015

0.40625 -0.0144612
0.421875 -0.0153579

-3.1875 0.00115724
-3.17188 0.00172269

-3.17188 0.00172262
-3.15625 0.002368

-3.15625 0.00236573
-3.14062 0.00309572

-3.14062 0.00309548
-3.125 0.00391512

0.4375 -0.016306
0.425651 -0.015625

0.421875 -0.0152563
0.428291 -0.015625

2 -0.0812101
2.01562 -0.0811258

2.01562 -0.0811257
2.03125 -0.0810191

2.03125 -0.0810184
2.04688 -0.0808912

2.04688 -0.0808916
2.0625 -0.0807442

-3.125 0.00391375
-3.10938 0.00482625

0.4375 -0.0162568
0.453125 -0.0171543

-3.10938 0.00482604
-3.09375 0.00583459

0.453125 -0.0171543
0.46875 -0.0180505

-1 0.0568172
-0.984375 0.0562416

0.46875 -0.0180506
0.484375 -0.0189449

-3.09375 0.00583453
-3.07812 0.00693966

0.484375 -0.018945
0.5 -0.019837

-0.984375 0.0562412
-0.96875 0.0556575

0 0.00829029
0.015625 0.00743193

-3.07812 0.00693995
-3.0625 0.00814118

0.015625 0.00743198
0.03125 0.00657466

-3.0625 0.00814295
-3.04688 0.00943617

2.0625 -0.0807436
2.07812 -0.0805763

-0.96875 0.0556572
-0.953125 0.0550666

2.07812 -0.0805766
2.09375 -0.0803899

-3.04688 0.00943888
-3.03125 0.0108151

2.09375 -0.0803905
2.10938 -0.0801828

0.03125 0.00657474
0.046875 0.00571822

2.10938 -0.0801825
2.125 -0.0799531

0.046875 0.00571837
0.0625 0.00486218

-0.953125 0.0550668
-0.9375 0.0544695

-0.9375 0.0544697
-0.921875 0.0538651

-0.921875 0.0538651
-0.90625 0.0532528

2.125 -0.0799526
2.14062 -0.0797032

2.14062 -0.0797035
2.15625 -0.0794343

2.15625 -0.0794347
2.17188 -0.0791443

2.17188 -0.0791444
2.1875 -0.0788318

-0.90625 0.0532531
-0.890625 0.0526324

2.1875 -0.0788313
2.20312 -0.0784973

2.20312 -0.0784973
2.21875 -0.0781432

0.0625 0.00486235
0.078125 0.00400584

2.21875 -0.0781421
2.21946 -0.078125

0.078125 0.00400607
0.09375 0.00314845

2.21952 -0.078125
2.23438 -0.0777687

0.09375 0.00314869
0.109375 0.00228899

-3.03125 0.0108207
-3.01562 0.0122635

0.109375 0.00228913
0.125 0.0014266

-3.01562 0.0122709
-3 0.0137547

2.23438 -0.077769
2.25 -0.0773718

0.125 0.00142674
0.140625 0.000560847

0.140625 0.000641866
0.152158 0

-0.890625 0.0526325
-0.875 0.0520027

2.25 -0.077372
2.26562 -0.0769515

-0.875 0.0520025
-0.859375 0.0513638

-0.859375 0.0513636
-0.84375 0.0507167

-0.84375 0.0507161
-0.828125 0.0500627

2.26562 -0.0769517
2.28125 -0.076507

-0.828125 0.0500626
-0.8125 0.0494041

2.28125 -0.0765072
2.29688 -0.0760373

2.29688 -0.0760376
2.3125 -0.0755416

-3 0.0137631
-2.98438 0.0152565

2.3125 -0.0755419
2.32812 -0.0750189

-2.98438 0.0154478
-2.98251 0.015625

-2.98002 0.015625
-2.96875 0.0166935

-2.96875 0.0167408
-2.95312 0.0182069

0.5 -0.0198371
0.515625 -0.0207266

-0.8125 0.0494048
-0.796875 0.0487402

-0.796875 0.0487405
-0.78125 0.0480678

-2.95312 0.0182072
-2.9375 0.0196565

2.32812 -0.075019
2.34375 -0.0744682

0.515625 -0.0207266
0.53125 -0.0216136

2.34375 -0.0744683
2.35938 -0.0738896

0.53125 -0.0216137
0.546875 -0.022498

2.35938 -0.0738898
2.375 -0.0732825

0.546875 -0.0224981
0.5625 -0.0233796

-0.78125 0.0480681
-0.765625 0.0473862

-2.9375 0.0196563
-2.92188 0.0210884

-0.75 0.046675
-0.754519 0.046875

-2.92188 0.0210886
-2.90625 0.0225033

-0.765625 0.0473933
-0.753915 0.046875

-2.90625 0.022504
-2.89062 0.0238995

2.375 -0.0732828
2.39062 -0.072646

2.39062 -0.0726463
2.40625 -0.0719789

2.40625 -0.0719791
2.42188 -0.0712801

2.42188 -0.0712802
2.4375 -0.0705487

-0.75 0.0466934
-0.734375 0.0459944

2.4375 -0.070549
2.45312 -0.0697843

2.45312 -0.0697844
2.46875 -0.0689858

-2.89062 0.0238997
-2.875 0.0252745

0.5625 -0.0233795
0.578125 -0.0242582

-0.734375 0.0459945
-0.71875 0.0452903

2.46875 -0.0689858
2.48438 -0.0681532

-2.875 0.0252743
-2.85938 0.0266285

2.48438 -0.0681533
2.5 -0.0672866

-0.71875 0.04529
-0.703125 0.0445807

0.578125 -0.0242581
0.59375 -0.0251341

-2.85938 0.0266286
-2.84375 0.0279621

0.59375 -0.0251341
0.609375 -0.0260075

0.609375 -0.0260074
0.625 -0.0268783

-2.84375 0.0279624
-2.82812 0.0292746

-2.82812 0.0292748
-2.8125 0.0305649

-0.703125 0.0445808
-0.6875 0.0438665

-2.8125 0.0305707
-2.80413 0.03125

0.625 -0.0268783
0.640625 -0.0277469

-0.6875 0.0438667
-0.671875 0.0431464

-2.80397 0.03125
-2.79688 0.0318259

0.640625 -0.0277468
0.65625 -0.0286134

0.65625 -0.0286132
0.671875 -0.0294782

2.5 -0.0672867
2.51562 -0.0663853

-2.79688 0.0318327
-2.78125 0.0330776

2.51562 -0.0663856
2.53125 -0.0654485

-2.78125 0.0330775
-2.76562 0.0342998

0.671875 -0.0294782
0.6875 -0.0303419

-2.76562 0.0342998
-2.75 0.0354993

2.53125 -0.0654485
2.54688 -0.0644751

-2.75 0.0354994
-2.73438 0.0366763

2.54688 -0.0644755
2.5625 -0.0634647

0.71875 -0.0320772
0.703723 -0.03125

-2.73438 0.0366764
-2.71875 0.0378304

0.6875 -0.0303418
0.703125 -0.0312044

2.5625 -0.0634619
2.57682 -0.0625

2.57762 -0.0625
2.57812 -0.062466

2.57812 -0.0624164
2.59375 -0.0613266

2.59375 -0.0613269
2.60938 -0.0601949

2.60938 -0.0601953
2.625 -0.0590196

-2.71875 0.0378303
-2.70312 0.0389613

-2.70312 0.0389611
-2.6875 0.0400697

0.703125 -0.0311034
0.705788 -0.03125

0.71875 -0.0320651
0.734375 -0.0329215

0.734375 -0.0329217
0.75 -0.0337746

-2.6875 0.0400696
-2.67188 0.0411564

-2.67188 0.0411562
-2.65625 0.0422216

-2.65625 0.042223
-2.64062 0.0432645

-2.64062 0.0432637
-2.625 0.0442798

-0.671875 0.0431465
-0.65625 0.0424196

-2.625 0.0442786
-2.60938 0.0452733

-0.65625 0.0424194
-0.640625 0.0416863

-2.60938 0.0452734
-2.59375 0.046249

-2.59375 0.0462518
-2.58357 0.046875

2.625 -0.0590192
2.64062 -0.0578001

-0.640625 0.041686
-0.625 0.040948

2.64062 -0.0578005
2.65625 -0.0565381

2.65625 -0.0565373
2.67188 -0.0552326

0.75 -0.0337747
0.765625 -0.0346237

2.67188 -0.0552328
2.6875 -0.0538873

0.765625 -0.0346238
0.78125 -0.0354687

2.6875 -0.0538874
2.70312 -0.0525007

-2.58343 0.046875
-2.57812 0.0471998

2.70312 -0.052501
2.71875 -0.0510725

-2.57812 0.047205
-2.5625 0.0481423

2.71875 -0.0510729
2.73438 -0.0496014

-2.5625 0.0481418
-2.54688 0.0490616

2.73438 -0.0496017
2.75 -0.0480859

-2.54688 0.0490622
-2.53125 0.0499644

0.78125 -0.0354687
0.796875 -0.0363093

-0.625 0.0409476
-0.609375 0.0402061

-0.609375 0.040206
-0.59375 0.0394619

-2.53125 0.0499643
-2.51562 0.0508482

2.75 -0.0480609
2.76187 -0.046875

0.796875 -0.0363093
0.8125 -0.0371456

-2.51562 0.0508481
-2.5 0.0517139

-0.59375 0.0394623
-0.578125 0.0387149

2.76313 -0.046875
2.76562 -0.0466261

2.76562 -0.0465258
2.78125 -0.0449189

-0.578125 0.038715
-0.5625 0.0379636

2.78125 -0.0449188
2.79688 -0.0432649

2.79688 -0.0432649
2.8125 -0.0415646

2.8125 -0.0415647
2.82812 -0.0398179

2.82812 -0.0398181
2.84375 -0.0380241

-2.5 0.0517145
-2.48438 0.0525612

-2.48438 0.0525611
-2.46875 0.0533879

0.8125 -0.0371455
0.828125 -0.0379776

-0.5625 0.0379635
-0.546875 0.0372082

-0.546875 0.0372091
-0.53125 0.036448

-0.53125 0.0364474
-0.515625 0.0356799

0.828125 -0.0379776
0.84375 -0.0388058

-2.46875 0.0533883
-2.45312 0.0541944

0.84375 -0.0388055
0.859375 -0.0396306

-0.515625 0.0356795
-0.5 0.0349075

0.859375 -0.0396305
0.875 -0.040453

-2.45312 0.0541943
-2.4375 0.054979

-2.4375 0.0549788
-2.42188 0.055743

0.875 -0.0404528
0.890625 -0.0412733

2.84375 -0.038024
2.85938 -0.0361826

0.890625 -0.0412732
0.90625 -0.0420923

0.90625 -0.042092
0.921875 -0.0429107

0.921875 -0.0429106
0.9375 -0.0437296

2.85938 -0.0361822
2.875 -0.0342945

-2.42188 0.0557427
-2.40625 0.0564875

2.875 -0.0342942
2.89062 -0.0323615

-2.40625 0.0564873
-2.39062 0.0572136

0.9375 -0.0437294
0.953125 -0.0445496

2.89062 -0.0322769
2.89874 -0.03125

0.953125 -0.0445496
0.96875 -0.0453712

2.90029 -0.03125
2.90625 -0.0304962

-0.5 0.0349081
-0.484375 0.0341311

2.90625 -0.0303845
2.92188 -0.0283634

-0.484375 0.034131
-0.46875 0.0333478

-2.39062 0.0572129
-2.375 0.0579224

0.96875 -0.0453712
0.984375 -0.0461943

2.92188 -0.0283633
2.9375 -0.0262984

1 -0.0470391
0.996887 -0.046875

2.9375 -0.0262973
2.95312 -0.0241908

-2.375 0.0579234
-2.35938 0.0586154

-0.46875 0.0333475
-0.453125 0.032559

-2.35938 0.0586155
-2.34375 0.0592877

-0.453125 0.0325589
-0.4375 0.0317659

-2.34375 0.0592881
-2.32812 0.0599397

-0.421875 0.0309154
-0.42843 0.03125

0.984375 -0.0461899
0.997367 -0.046875

-2.32812 0.05994
-2.3125 0.0605698

2.95312 -0.0241889
2.96875 -0.0220468

-0.421875 0.030968
-0.40625 0.0301662

-0.4375 0.031797
-0.426785 0.03125

-2.3125 0.060571
-2.29688 0.0611758

-0.40625 0.0301663
-0.390625 0.0293609

-0.390625 0.0293607
-0.375 0.0285517

2.96875 -0.022044
2.98438 -0.0198758

-0.375 0.0285519
-0.359375 0.0277394

-0.359375 0.0277394
-0.34375 0.0269232

2.98438 -0.0198661
3 -0.0176969

-0.34375 0.0269226
-0.328125 0.0261036

-0.328125 0.0261037
-0.3125 0.0252828

-2.29688 0.061176
-2.28125 0.061753

-2.28125 0.06175
-2.26562 0.0623048

-2.26562 0.0623063
-2.26006 0.0625

-2.25981 0.0625
-2.25 0.0628463

-0.3125 0.0252832
-0.296875 0.0244592

-0.296875 0.0244591
-0.28125 0.0236315

-2.25 0.0628501
-2.23438 0.0633799

-2.23438 0.0633786
-2.21875 0.063889

-2.21875 0.0638895
-2.20312 0.0643821

-2.20312 0.0643824
-2.1875 0.0648559

3 -0.0176817
3.01514 -0.015625

3.01562 -0.0155533
3.03125 -0.0135197

1 -0.0470191
1.01562 -0.0478421

1.01562 -0.0478421
1.03125 -0.048663

1.03125 -0.0486631
1.04688 -0.0494816

1.04688 -0.0494816
1.0625 -0.0502973

1.0625 -0.0502973
1.07812 -0.05111

1.07812 -0.05111
1.09375 -0.0519199

1.09375 -0.0519198
1.10938 -0.0527269

1.10938 -0.052727
1.125 -0.0535313

-2.1875 0.0648558
-2.17188 0.0653099

-2.17188 0.0653102
-2.15625 0.0657444

3.03125 -0.0135124
3.04688 -0.0115963

-2.15625 0.0657442
-2.14062 0.0661585

3.04688 -0.0115919
3.0625 -0.00981681

-2.14062 0.0661586
-2.125 0.066553

3.0625 -0.00981507
3.07812 -0.00819339

-2.125 0.0665524
-2.10938 0.0669281

-2.10938 0.0669271
-2.09375 0.0672871

3.07812 -0.00819356
3.09375 -0.00672839

-2.09375 0.0672864
-2.07812 0.0676343

1.125 -0.0535313
1.14062 -0.0543329

-0.28125 0.0236313
-0.265625 0.0228006

1.14062 -0.0543328
1.15625 -0.0551317

-2.07812 0.0676338
-2.0625 0.0679721

1.15625 -0.0551316
1.17188 -0.0559283

3.09375 -0.00672994
3.10938 -0.00541783

1.17188 -0.0559282
1.1875 -0.056723

3.10938 -0.00541883
3.125 -0.00425466

-0.265625 0.0228008
-0.25 0.021967

3.125 -0.00425861
3.14062 -0.00323248

1.1875 -0.0567229
1.20312 -0.0575161

-2.0625 0.0679735
-2.04688 0.0683003

1.20312 -0.057516
1.21875 -0.058308

3.14062 -0.00323285
3.15625 -0.00233608

1.21875 -0.058308
1.23438 -0.059099

1.23438 -0.059099
1.25 -0.0598888

-2.04688 0.0683009
-2.03125 0.0686121

-2.03125 0.0686118
-2.01562 0.0689068

3.15625 -0.00234194
3.17188 -0.00156208

3.17188 -0.00156426
3.1875 -0.000885243

1.3125 -0.0630506
1.30152 -0.0625

3.1875 -0.000856904
3.21296 0

-2.01562 0.0689069
-2 0.069186

3.21359 0
3.21875 0.00015453

1.25 -0.0598887
1.26562 -0.0606771

1.26562 -0.0606771
1.28125 -0.0614643

1.28125 -0.0614643
1.29688 -0.0622504

1.29688 -0.0622184
1.30249 -0.0625

1.3125 -0.0630345
1.32812 -0.0638136

1.32812 -0.0638139
1.34375 -0.0645883

3.21875 0.000150921
3.23438 0.000534119

-2 0.0691868
-1.98438 0.069448

-1.98438 0.0694484
-1.96875 0.0696892

1.34375 -0.064589
1.35938 -0.0653568

1.35938 -0.0653573
1.375 -0.0661163

-1.96875 0.0696883
-1.95312 0.06991

1.375 -0.0661169
1.39062 -0.0668649

-1.95312 0.06991
-1.9375 0.0701141

3.23438 0.00053481
3.25 0.0008406

1.39062 -0.0668649
1.40625 -0.0676007

-1.9375 0.070114
-1.92188 0.070301

-1.92188 0.0703004
-1.90625 0.0704716

-1.90625 0.070471
-1.89062 0.0706289

-1.89062 0.070629
-1.875 0.0707747

3.25 0.000836275
3.26562 0.00107193

-1.875 0.0707745
-1.85938 0.0709079

-1.85938 0.0709076
-1.84375 0.0710297

1.40625 -0.0676003
1.42188 -0.0683247

1.42188 -0.0683252
1.4375 -0.069038

-1.84375 0.0710294
-1.82812 0.0711414

1.4375 -0.0690385
1.45312 -0.0697377

3.26562 0.00107171
3.28125 0.00124631

1.45312 -0.069738
1.46875 -0.070422

-1.82812 0.0711423
-1.8125 0.0712431

1.46875 -0.0704219
1.48438 -0.0710904

3.28125 0.00124262
3.29688 0.00136397

1.48438 -0.0710907
1.5 -0.0717432

-1.8125 0.0712438
-1.79688 0.0713303

3.29688 0.00136389
3.3125 0.00143953

3.3125 0.00143652
3.32812 0.00147259

3.32812 0.0014725
3.34375 0.00147517

3.34375 0.00147282
3.35938 0.00144696

3.35938 0.00144691
3.375 0.00139733

3.375 0.00139556
3.39062 0.00132591

3.39062 0.00132587
3.40625 0.00123977

3.40625 0.00123848
3.42188 0.00113855

3.42188 0.00113854
3.4375 0.00102739

3.4375 0.0010265
3.45312 0.000905959

3.45312 0.000905945
3.46875 0.000777803

3.46875 0.000777239
3.48438 0.000642657

3.48438 0.00064267
3.5 0.00050275

-1.79688 0.0713306
-1.78125 0.0714005

3.5625 -9.84644e-05
3.5527 0

3.5625 -0.000102152
3.57812 -0.000268887

-1.78125 0.0714017
-1.76562 0.0714519

3.57812 -0.000269057
3.59375 -0.00044473

3.59375 -0.000445522
3.60938 -0.000628211

3.60938 -0.000628184
3.625 -0.000816356

-1.76562 0.0714514
-1.75 0.0714803

3.625 -0.000816691
3.64062 -0.00100973

3.64062 -0.00100974
3.65625 -0.00120696

3.65625 -0.00120715
3.67188 -0.00140816

3.67188 -0.00140816
3.6875 -0.00161257

3.6875 -0.00161274
3.70312 -0.0018202

3.70312 -0.00182021
3.71875 -0.00203036

3.71875 -0.00203058
3.73438 -0.00224297

3.73438 -0.00224298
3.75 -0.00245713

3.75 -0.00245744
3.76562 -0.00267268

3.76562 -0.00267271
3.78125 -0.00288834

3.78125 -0.00288879
3.79688 -0.00310385

3.79688 -0.00310391
3.8125 -0.00331737

3.8125 -0.00331798
3.82812 -0.00352852

3.82812 -0.00352862
3.84375 -0.00373481

3.84375 -0.0037356
3.85938 -0.00393566

3.85938 -0.00393581
3.875 -0.00412785

-1.75 0.0714793
-1.73438 0.07149

-1.73438 0.0714894
-1.71875 0.071485

-1.71875 0.0714855
-1.70312 0.0714665

-1.70312 0.0714666
-1.6875 0.0714315

3.875 -0.00412884
3.89062 -0.00431058

3.89062 -0.00431079
3.90625 -0.00447981

3.90625 -0.00448101
3.92188 -0.00463447

3.92188 -0.00463479
3.9375 -0.00476966

3.9375 -0.00477109
3.95312 -0.00488386

3.95312 -0.00488409
3.96875 -0.00497145

3.96875 -0.00497321
3.98438 -0.00503118

3.98438 -0.00503333
4 -0.00505409

3.5 0.000502515
3.51562 0.000357701

3.51562 0.000357528
3.53125 0.000208635

-1.6875 0.0714309
-1.67188 0.0713804

-1.67188 0.0713806
-1.65625 0.0713156

-1.65625 0.071316
-1.64062 0.0712355

-1.64062 0.0712358
-1.625 0.0711386

3.53125 0.000208949
3.54688 5.56968e-05

3.54688 4.87044e-05
3.55166 0

-1.625 0.0711384
-1.60938 0.0710242

-1.60938 0.0710244
-1.59375 0.0708932

-1.59375 0.0708932
-1.57812 0.0707447

-1.57812 0.0707441
-1.5625 0.0705796

-1.5625 0.0705798
-1.54688 0.0704001

-1.54688 0.0703998
-1.53125 0.0702051

-1.53125 0.0702044
-1.51562 0.0699967

-1.51562 0.0699968
-1.5 0.069777

