-4 0.00457617
-3.98438 0.00457381

-3.98438 0.0045734
-3.96875 0.00456713

-3.96875 0.00456536
-3.95312 0.00455955

-3.95312 0.00455907
-3.9375 0.00455823

-3.9375 0.00455653
-3.92188 0.00456502

-1.5 -0.00334742
-1.48438 -0.00495583

-1.48438 -0.00495613
-1.46875 -0.00656828

0 -0.0817393
0.015625 -0.0811002

0.015625 -0.0811002
0.03125 -0.0804317

0.03125 -0.080432
0.046875 -0.0797334

0.046875 -0.0797333
0.0625 -0.0790043

0.0625 -0.0790042
0.078125 -0.0782452

0.078125 -0.0782303
0.0802092 -0.078125

0.0805642 -0.078125
0.09375 -0.0774588

0.09375 -0.0774562
0.109375 -0.0766354

1.5 0.0207589
1.51562 0.0218522

-3.92188 0.00456468
-3.90625 0.00458658

-3.90625 0.0045854
-3.89062 0.00462374

0.109375 -0.0766351
0.125 -0.0757837

1.51562 0.021852
1.53125 0.022957

1.53125 0.0229569
1.54688 0.0240741

-3.89062 0.00462354
-3.875 0.00468108

-3.875 0.00468051
-3.85938 0.00475881

0.125 -0.0757838
0.140625 -0.0749019

-1.46875 -0.00656823
-1.45312 -0.00818362

0.140625 -0.0749021
0.15625 -0.0739893

-1.45312 -0.00818354
-1.4375 -0.00980241

0.15625 -0.0739895
0.171875 -0.073045

0.171875 -0.0730447
0.1875 -0.0720683

-3.85938 0.00475874
-3.84375 0.00485908

-3.84375 0.0048591
-3.82812 0.00498156

1.54688 0.0240742
1.5625 0.0252037

0.1875 -0.0720662
0.203125 -0.0710625

0.203125 -0.0710616
0.21875 -0.0700362

0.21875 -0.0700357
0.234375 -0.0689913

0.234375 -0.0689912
0.25 -0.0679291

-3.82812 0.00498164
-3.8125 0.00512606

-3.8125 0.0051266
-3.79688 0.00529172

1.5625 0.0252039
1.57812 0.0263453

-3.79688 0.00529196
-3.78125 0.00547622

1.57812 0.0263453
1.59375 0.0274981

-3.78125 0.00547721
-3.76562 0.00567816

0.25 -0.0679288
0.265625 -0.0668501

-1.4375 -0.00980246
-1.42188 -0.0114249

0.265625 -0.0668497
0.28125 -0.0657558

1.59375 0.0274977
1.60938 0.0286625

0.28125 -0.0657553
0.296875 -0.0646481

0.296875 -0.0646476
0.3125 -0.063529

-3.76562 0.00567857
-3.75 0.00589341

1.60938 0.0286624
1.625 0.0298403

-1.42188 -0.011425
-1.40625 -0.0130505

1.625 0.0298403
1.64062 0.0310317

0.3125 -0.0635234
0.326685 -0.0625

-3.75 0.00589475
-3.73438 0.00611999

-1.40625 -0.0130507
-1.39062 -0.0146789

1.64062 0.0310312
1.64346 0.03125

-3.73438 0.00612057
-3.71875 0.00635234

1.64346 0.03125
1.65625 0.032237

-3.71875 0.00635394
-3.70312 0.00658788

-1.375 -0.0163388
-1.38184 -0.015625

0.328125 -0.0624022
0.34375 -0.0612652

1.65625 0.0322362
1.67188 0.033459

0.34375 -0.0612649
0.359375 -0.060116

1.67188 0.0334584
1.6875 0.0347009

-3.70312 0.00658864
-3.6875 0.00682006

-1.39062 -0.0146577
-1.38135 -0.015625

-3.6875 0.0068218
-3.67188 0.0070457

1.6875 0.0347007
1.70312 0.0359643

0.359375 -0.060116
0.375 -0.0589559

1.70312 0.0359641
1.71875 0.0372494

-1.375 -0.0163105
-1.35938 -0.0179391

0.375 -0.0589558
0.390625 -0.0577848

1.71875 0.0372486
1.73438 0.0385579

0.390625 -0.0577848
0.40625 -0.0566033

1.73438 0.0385582
1.75 0.0398925

0.40625 -0.0566031
0.421875 -0.0554115

-3.67188 0.0070466
-3.65625 0.00725769

-1.35938 -0.0179392
-1.34375 -0.0195639

0.421875 -0.0554112
0.4375 -0.0542104

-1.34375 -0.0195639
-1.32812 -0.0211846

0.4375 -0.05421
0.453125 -0.0530015

1.75 0.0398953
1.76562 0.0412482

0.453125 -0.0530009
0.46875 -0.0517867

1.76562 0.0412489
1.78125 0.0426136

-1.32812 -0.0211848
-1.3125 -0.0228008

1.78125 0.0426134
1.79688 0.0439891

-1.3125 -0.0228009
-1.29688 -0.0244114

-1.29688 -0.0244117
-1.28125 -0.0260161

-3.65625 0.00725949
-3.64062 0.00745238

-1.28125 -0.0260163
-1.26562 -0.0276137

-1.26562 -0.0276135
-1.25 -0.0292041

0.46875 -0.0517862
0.484375 -0.0505683

-3.64062 0.00745337
-3.625 0.00762247

1.79688 0.0439904
1.8125 0.0453751

0.484375 -0.0505679
0.5 -0.0493481

-1.21875 -0.0323789
-1.22992 -0.03125

-1.25 -0.0292036
-1.23438 -0.0307886

-1.23438 -0.0307643
-1.22957 -0.03125

-1.21875 -0.0323689
-1.20312 -0.0339395

1.8125 0.0453772
1.82812 0.0467644

1.82812 0.0467709
1.8293 0.046875

1.82938 0.046875
1.84375 0.0481493

1.84375 0.0481493
1.85938 0.049535

1.85938 0.0495346
1.875 0.0509226

-3.625 0.00762423
-3.60938 0.00776404

1.875 0.0509228
1.89062 0.0523135

-1.20312 -0.0339396
-1.1875 -0.0355005

-1.1875 -0.0355007
-1.17188 -0.0370514

-1.17188 -0.0370517
-1.15625 -0.0385908

-1.15625 -0.0385908
-1.14062 -0.0401177

-1.14062 -0.0401176
-1.125 -0.0416327

-1.125 -0.0416327
-1.10938 -0.0431363

-1.10938 -0.0431363
-1.09375 -0.0446287

-1.09375 -0.0446286
-1.07812 -0.0461097

-1.0625 -0.0476255
-1.07048 -0.046875

-1.07812 -0.0460672
-1.06954 -0.046875

0.5 -0.0493479
0.515625 -0.0481275

0.515625 -0.0481268
0.53125 -0.0469077

0.53125 -0.0469013
0.531588 -0.046875

-3.60938 0.00776506
-3.59375 0.00787003

0.531683 -0.046875
0.546875 -0.0456908

-1.0625 -0.0475807
-1.04688 -0.0490354

-3.59375 0.00787167
-3.57812 0.0079365

1.89062 0.0523141
1.90625 0.0537058

0.546875 -0.0456904
0.5625 -0.0444723

1.90625 0.0537063
1.92188 0.0550965

0.5625 -0.0444722
0.578125 -0.0432543

1.92188 0.0550972
1.9375 0.0564836

0.578125 -0.0432542
0.59375 -0.0420369

-3.57812 0.00793745
-3.5625 0.00795699

0.59375 -0.0420365
0.609375 -0.0408207

1.9375 0.0564842
1.95312 0.0578642

1.95312 0.0578649
1.96875 0.059236

-3.5625 0.0079584
-3.54688 0.00792792

1.96875 0.0592366
1.98438 0.0605963

0.609375 -0.0408204
0.625 -0.0396073

1.98438 0.0605974
2 0.0619425

-1.04688 -0.0490354
-1.03125 -0.0504725

-1.03125 -0.0504728
-1.01562 -0.0518918

-3.54688 0.0079287
-3.53125 0.0078438

-1.01562 -0.0518918
-1 -0.0532919

0.625 -0.039607
0.640625 -0.0383976

0.640625 -0.0383972
0.65625 -0.0371926

0.65625 -0.0371922
0.671875 -0.0359938

0.671875 -0.0359935
0.6875 -0.0348028

-3.53125 0.0078449
-3.51562 0.00770184

-3.51562 0.00770237
-3.5 0.00749792

0.6875 -0.0348026
0.703125 -0.0336206

-3.29688 -0.000397946
-3.30438 0

-3.29688 -0.000403471
-3.28125 -0.00122571

0.703125 -0.0336206
0.71875 -0.032448

0.71875 -0.0324476
0.734375 -0.0312852

0.734375 -0.0312783
0.734759 -0.03125

0.734865 -0.03125
0.75 -0.0301329

-3.28125 -0.00123363
-3.26562 -0.00203074

-3.26562 -0.00203021
-3.25 -0.00278741

2 0.061977
2.00616 0.0625

-3.25 -0.00279587
-3.23438 -0.00349727

-3.23438 -0.00349857
-3.21875 -0.00412465

2.00684 0.0625
2.01562 0.0632456

2.01562 0.0632695
2.03125 0.0645752

2.03125 0.0645754
2.04688 0.0658605

2.04688 0.0658609
2.0625 0.0671243

-3.21875 -0.00413275
-3.20312 -0.00466468

-3.20312 -0.00466649
-3.1875 -0.00508447

-1 -0.0532919
-0.984375 -0.0546728

-0.984375 -0.0546728
-0.96875 -0.0560346

-0.96875 -0.0560347
-0.953125 -0.0573772

-0.953125 -0.0573772
-0.9375 -0.0586999

-0.890625 -0.0627491
-0.893703 -0.0625

-0.890625 -0.062552
-0.875 -0.0637948

-0.9375 -0.0586999
-0.921875 -0.0600028

-0.921875 -0.0600029
-0.90625 -0.0612858

-0.90625 -0.0612607
-0.890937 -0.0625

0.75 -0.0301329
0.765625 -0.0289867

-0.875 -0.0637942
-0.859375 -0.0650119

0.765625 -0.0289869
0.78125 -0.0278468

-0.859375 -0.0650121
-0.84375 -0.0662055

-3.1875 -0.00509168
-3.17188 -0.00537766

2.0625 0.0671254
2.07812 0.0683642

-3.17188 -0.0053797
-3.15625 -0.00551518

-0.84375 -0.0662056
-0.828125 -0.0673744

-3.15625 -0.00552111
-3.14062 -0.00549013

-0.828125 -0.0673745
-0.8125 -0.0685182

-3.14062 -0.00549184
-3.125 -0.00527912

2.07812 0.0683649
2.09375 0.0695756

-3.125 -0.00528332
-3.10938 -0.00487706

2.09375 0.069576
2.10938 0.0707566

0.78125 -0.0278469
0.796875 -0.0267121

2.10938 0.0707573
2.125 0.0719054

0.796875 -0.0267121
0.8125 -0.0255823

-3.10938 -0.00487772
-3.09375 -0.00426822

-0.8125 -0.0685181
-0.796875 -0.0696364

2.125 0.0719067
2.14062 0.0730185

-0.796875 -0.0696365
-0.78125 -0.0707293

0.8125 -0.0255823
0.828125 -0.0244576

-0.78125 -0.0707294
-0.765625 -0.0717963

0.828125 -0.0244576
0.84375 -0.0233383

-0.765625 -0.0717962
-0.75 -0.0728369

0.84375 -0.0233383
0.859375 -0.0222245

2.14062 0.073019
2.15625 0.0740911

0.859375 -0.0222244
0.875 -0.0211164

-3.09375 -0.00426965
-3.07812 -0.00345273

-0.75 -0.0728368
-0.734375 -0.0738514

-3.07812 -0.00345528
-3.0625 -0.00242298

2.15625 0.0740912
2.17188 0.0751223

0.875 -0.0211162
0.890625 -0.0200144

0.890625 -0.0200143
0.90625 -0.0189195

2.17188 0.0751227
2.1875 0.0761118

0.90625 -0.0189194
0.921875 -0.0178318

2.1875 0.0761126
2.20312 0.0770574

-0.734375 -0.0738516
-0.71875 -0.07484

-0.71875 -0.0748402
-0.703125 -0.0758016

-0.703125 -0.0758019
-0.6875 -0.0767355

-0.6875 -0.0767357
-0.671875 -0.0776405

-0.65625 -0.0785799
-0.664377 -0.078125

-0.671875 -0.0775877
-0.662276 -0.078125

-0.65625 -0.0785168
-0.640625 -0.0793579

-0.640625 -0.079358
-0.625 -0.0801628

0.921875 -0.0178321
0.9375 -0.0167514

-0.625 -0.0801632
-0.609375 -0.0809308

-0.609375 -0.080931
-0.59375 -0.0816601

0.9375 -0.0167513
0.953125 -0.0156774

-3.0625 -0.0024143
-3.04688 -0.00117888

-3.04688 -0.00117055
-3.03391 0

2.20312 0.0770579
2.21875 0.0779557

-0.59375 -0.0816602
-0.578125 -0.0823502

2.21875 0.0779593
2.2218 0.078125

-3.5 0.00749856
-3.48438 0.0072304

2.22187 0.078125
2.23438 0.0788042

-3.48438 0.00723059
-3.46875 0.00689704

2.23438 0.0788051
2.25 0.0796023

-3.46875 0.00689705
-3.45312 0.00649772

-0.578125 -0.0823502
-0.5625 -0.0830005

0.953125 -0.0156701
0.953784 -0.015625

-0.5625 -0.0830007
-0.546875 -0.083611

-0.546875 -0.0836111
-0.53125 -0.0841809

-3.45312 0.00649756
-3.4375 0.00603275

-0.53125 -0.0841811
-0.515625 -0.0847098

0.953905 -0.015625
0.96875 -0.0146101

-3.4375 0.00603189
-3.42188 0.00550364

0.96875 -0.0146099
0.984375 -0.013546

-3.42188 0.0055032
-3.40625 0.00491413

2.25 0.0796017
2.26562 0.0803487

0.984375 -0.0135463
1 -0.0124857

-0.515625 -0.08471
-0.5 -0.0851971

-3.40625 0.00491209
-3.39062 0.00426715

2.26562 0.0803488
2.28125 0.0810464

2.28125 0.081046
2.29688 0.0816948

-3.39062 0.00426666
-3.375 0.00357091

-3.375 0.00356756
-3.35938 0.00282866

2.29688 0.0816954
2.3125 0.0822949

-3.35938 0.0028279
-3.34375 0.00205406

-3.34375 0.0020498
-3.32812 0.00125106

-3.32812 0.00125304
-3.3125 0.000433976

2.3125 0.082296
2.32812 0.0828427

-0.5 -0.0851972
-0.484375 -0.0856422

2.32812 0.0828432
2.34375 0.0833336

-3.3125 0.000419683
-3.30447 0

2.34375 0.0833334
2.35938 0.083767

-3.03371 0
-3.03125 0.000222355

-0.484375 -0.0856421
-0.46875 -0.086045

-3.03125 0.000244167
-3.01562 0.00180329

-3.01562 0.0018172
-3 0.00348273

-0.46875 -0.0860441
-0.453125 -0.0864069

2.35938 0.0837672
2.375 0.084144

-0.453125 -0.0864066
-0.4375 -0.0867316

-0.4375 -0.0867314
-0.421875 -0.0870194

2.375 0.0841452
2.39062 0.0844624

1 -0.0124858
1.01562 -0.0114277

2.39062 0.0844627
2.40625 0.0847173

-3 0.00350231
-2.98438 0.00520729

-2.98438 0.00521231
-2.96875 0.00690755

2.40625 0.0847171
2.42188 0.084909

2.42188 0.0849094
2.4375 0.085038

2.4375 0.0850392
2.45312 0.0851016

2.45312 0.0851019
2.46875 0.0850952

-2.96875 0.00690769
-2.95312 0.00858289

-2.95312 0.00858385
-2.9375 0.0102368

-2.9375 0.0102371
-2.92188 0.0118653

-2.92188 0.0118658
-2.90625 0.0134676

-2.90625 0.0134678
-2.89062 0.0150419

-2.89062 0.0150788
-2.8851 0.015625

-2.88452 0.015625
-2.875 0.016566

-0.421875 -0.0870194
-0.40625 -0.0872707

-2.875 0.0165884
-2.85938 0.0181023

-2.85938 0.0181024
-2.84375 0.0195833

2.46875 0.0850949
2.48438 0.085019

-2.84375 0.0195834
-2.82812 0.021031

1.01562 -0.0114277
1.03125 -0.0103718

1.03125 -0.0103718
1.04688 -0.00931805

1.04688 -0.0093181
1.0625 -0.00826659

-0.40625 -0.0872705
-0.390625 -0.0874855

-0.390625 -0.0874857
-0.375 -0.0876644

-2.82812 0.021031
-2.8125 0.0224451

-0.375 -0.0876644
-0.359375 -0.0878065

-0.359375 -0.0878064
-0.34375 -0.0879124

2.48438 0.0850192
2.5 0.0848743

-0.34375 -0.0879122
-0.328125 -0.0879828

-0.328125 -0.0879829
-0.3125 -0.0880183

-2.8125 0.0224451
-2.79688 0.0238256

-0.3125 -0.0880182
-0.296875 -0.0880184

-2.79688 0.023826
-2.78125 0.0251719

-2.78125 0.0251722
-2.76562 0.0264818

-2.76562 0.0264818
-2.75 0.0277544

-0.296875 -0.0880185
-0.28125 -0.0879835

-0.28125 -0.0879836
-0.265625 -0.0879129

-0.265625 -0.0879126
-0.25 -0.0878064

-2.75 0.0277545
-2.73438 0.02899

-2.73438 0.0289902
-2.71875 0.0301879

1.0625 -0.00826673
1.07812 -0.00721706

-0.25 -0.0878061
-0.234375 -0.0876657

-0.234375 -0.0876655
-0.21875 -0.0874919

-2.71875 0.0301884
-2.70444 0.03125

-0.21875 -0.087492
-0.203125 -0.0872853

1.07812 -0.00721718
1.09375 -0.00616885

2.5 0.0848752
2.51562 0.0846593

1.09375 -0.00616896
1.10938 -0.00512152

1.10938 -0.00512164
1.125 -0.00407463

-2.7044 0.03125
-2.70312 0.0313444

2.51562 0.0846597
2.53125 0.0843702

-0.203125 -0.0872851
-0.1875 -0.0870454

2.53125 0.0843703
2.54688 0.0840062

2.54688 0.0840069
2.5625 0.0835669

1.125 -0.00407454
1.14062 -0.00302791

2.5625 0.0835678
2.57812 0.0830486

1.14062 -0.00302753
1.15625 -0.0019822

2.57812 0.083049
2.59375 0.0824479

1.15625 -0.00198199
1.17188 -0.000939128

-0.1875 -0.0870452
-0.171875 -0.0867734

1.17188 -0.000932856
1.18592 0

-0.171875 -0.0867733
-0.15625 -0.0864698

2.59375 0.082449
2.60938 0.081763

-2.70312 0.0313472
-2.6875 0.0324669

2.60938 0.0817636
2.625 0.0809894

-0.15625 -0.08647
-0.140625 -0.0861348

2.625 0.0809899
2.64062 0.0801252

-0.140625 -0.0861347
-0.125 -0.0857676

-2.6875 0.0324674
-2.67188 0.0335469

-2.67188 0.0335471
-2.65625 0.0345848

-0.125 -0.0857673
-0.109375 -0.0853693

-0.109375 -0.0853691
-0.09375 -0.0849409

-0.09375 -0.0849411
-0.078125 -0.0844825

-0.078125 -0.0844822
-0.0625 -0.0839934

-2.65625 0.0345844
-2.64062 0.0355808

-0.0625 -0.0839934
-0.046875 -0.0834752

-2.64062 0.0355805
-2.625 0.0365373

1.1875 9.84988e-05
1.20312 0.00113282

-2.625 0.036537
-2.60938 0.0374551

2.64062 0.0801255
2.65625 0.0791686

-0.046875 -0.0834754
-0.03125 -0.0829274

2.67188 0.078118
2.67177 0.078125

1.20312 0.00113357
1.21875 0.00216542

-2.60938 0.0374556
-2.59375 0.0383344

1.21875 0.00216549
1.23438 0.00319324

2.65625 0.0791686
2.67178 0.078125

-0.03125 -0.0829276
-0.015625 -0.082349

-2.59375 0.0383348
-2.57812 0.0391724

-2.57812 0.0391723
-2.5625 0.039968

-0.015625 -0.0823489
0 -0.0817396

-2.5625 0.0399675
-2.54688 0.0407224

-2.54688 0.0407223
-2.53125 0.0414376

1.23438 0.00319306
1.25 0.00421695

-2.53125 0.0414377
-2.51562 0.0421135

-2.51562 0.042114
-2.5 0.0427491

1.25 0.00421664
1.26562 0.00523765

1.26562 0.00523747
1.28125 0.00625659

1.28125 0.00625661
1.29688 0.00727414

2.67188 0.0781181
2.6875 0.0769753

2.67188 0.0781611
2.67237 0.078125

2.6875 0.0769756
2.70312 0.0757406

2.70312 0.0757404
2.71875 0.0744142

-2.5 0.0427493
-2.48438 0.0433425

-2.48438 0.0433426
-2.46875 0.0438932

1.29688 0.00727383
1.3125 0.00829033

2.71875 0.0744141
2.73438 0.0729972

-2.46875 0.0438933
-2.45312 0.0444009

-2.45312 0.044401
-2.4375 0.0448654

2.73438 0.0729973
2.75 0.0714897

1.3125 0.00828936
1.32812 0.00930738

2.75 0.0714897
2.76562 0.0698912

2.76562 0.0698911
2.78125 0.0682019

2.78125 0.0682015
2.79688 0.0664226

2.79688 0.0664221
2.8125 0.0645552

2.84375 0.060555
2.82883 0.0625

2.84375 0.060564
2.85938 0.0584461

2.85938 0.0584457
2.875 0.0562485

-2.4375 0.0448657
-2.42188 0.0452861

-2.42188 0.0452864
-2.40625 0.0456616

-2.40625 0.0456618
-2.39062 0.0459909

-2.39062 0.0459911
-2.375 0.0462736

2.8125 0.0645546
2.82812 0.0626017

-2.375 0.0462737
-2.35938 0.046509

-2.35938 0.0465092
-2.34375 0.0466967

1.32812 0.00930707
1.34375 0.0103292

2.82812 0.062717
2.82979 0.0625

1.34375 0.0103308
1.35938 0.0113544

2.875 0.0562482
2.89062 0.053973

-2.34375 0.0466968
-2.32812 0.0468361

-2.32812 0.0468363
-2.32147 0.046875

-2.32143 0.046875
-2.3125 0.046927

1.35938 0.011354
1.375 0.0123768

2.89062 0.0539725
2.90625 0.0516211

2.90625 0.0516203
2.92188 0.0491952

2.9375 0.0467287
2.93658 0.046875

2.92188 0.0491924
2.93638 0.046875

-2.3125 0.046927
-2.29688 0.0469695

2.9375 0.0466972
2.95312 0.0441356

2.95312 0.0441313
2.96875 0.0415156

1.375 0.0123761
1.39062 0.0134003

2.96875 0.0415112
2.98438 0.0388588

2.98438 0.0388517
3 0.0361855

-2.29688 0.0469696
-2.28125 0.0469636

3.29688 -0.000514026
3.28913 0

1.39062 0.0133999
1.40625 0.014428

-2.28125 0.0469636
-2.26562 0.0469089

1.40625 0.0144278
1.42188 0.015461

1.42188 0.0154652
1.42427 0.015625

-2.25 0.0468058
-2.2605 0.046875

-2.26562 0.046909
-2.26046 0.046875

3.29688 -0.000509763
3.3125 -0.00145556

-2.25 0.046806
-2.23438 0.0466546

1.42436 0.015625
1.4375 0.0164997

3.3125 -0.00145342
3.32812 -0.00231458

1.4375 0.0165003
1.45312 0.0175491

1.45312 0.0175488
1.46875 0.0186073

-2.23438 0.0466547
-2.21875 0.0464546

1.46875 0.0186068
1.48438 0.0196766

1.48438 0.0196768
1.5 0.0207587

-2.21875 0.0464545
-2.20312 0.0462059

-2.20312 0.0462057
-2.1875 0.0459095

-2.1875 0.0459096
-2.17188 0.0455658

-2.17188 0.0455656
-2.15625 0.0451745

3.32812 -0.00231491
3.34375 -0.00309506

3.34375 -0.00309449
3.35938 -0.00379412

3.35938 -0.00379391
3.375 -0.00441454

-2.15625 0.0451742
-2.14062 0.044737

3.375 -0.00441346
3.39062 -0.00495766

3.39062 -0.00495734
3.40625 -0.0054279

3.40625 -0.00542666
3.42188 -0.00582668

3.42188 -0.00582622
3.4375 -0.00615909

3.4375 -0.0061578
3.45312 -0.00642701

3.45312 -0.00642645
3.46875 -0.00663571

-2.14062 0.0447368
-2.125 0.0442545

3.46875 -0.00663439
3.48438 -0.00678746

3.48438 -0.00678683
3.5 -0.00688761

3.03125 0.0310553
3.03009 0.03125

3 0.03618
3.01562 0.0335251

-2.125 0.0442542
-2.10938 0.0437278

-2.10938 0.0437277
-2.09375 0.0431579

-2.09375 0.0431578
-2.07812 0.0425449

-2.07812 0.0425449
-2.0625 0.0418889

-2.0625 0.0418891
-2.04688 0.0411896

-2.04688 0.0411898
-2.03125 0.0404462

-2.03125 0.0404462
-2.01562 0.0396583

-2.01562 0.0396578
-2 0.0388266

3.01562 0.0335021
3.02903 0.03125

3.03125 0.0308913
3.04688 0.0283133

3.04688 0.0283131
3.0625 0.0257924

3.0625 0.0257869
3.07812 0.0233349

3.07812 0.0233329
3.09375 0.0209646

3.09375 0.0209625
3.10938 0.0186861

3.10938 0.0186848
3.125 0.0165072

3.14062 0.0144419
3.13172 0.015625

3.125 0.0164922
3.13153 0.015625

3.14062 0.0144308
3.15625 0.0124607

3.15625 0.0124603
3.17188 0.010597

3.17188 0.0105968
3.1875 0.00884133

3.1875 0.00884147
3.20312 0.00719378

-1.53125 -0.000197379
-1.53319 0

-1.53125 -0.000146756
-1.51562 -0.00174385

-1.51562 -0.0017438
-1.5 -0.00334696

-2 0.0388258
-1.98438 0.0379537

-1.98438 0.0379533
-1.96875 0.0370428

-1.96875 0.0370427
-1.95312 0.0360949

-1.95312 0.0360948
-1.9375 0.0351103

3.20312 0.00719401
3.21875 0.00565338

3.21875 0.00565405
3.23438 0.0042187

3.23438 0.00421893
3.25 0.00288708

3.25 0.00288825
3.26562 0.00165711

-1.9375 0.03511
-1.92188 0.0340896

-1.92188 0.0340893
-1.90625 0.0330343

-1.875 0.0308184
-1.88102 0.03125

-1.90625 0.033034
-1.89062 0.0319457

-1.89062 0.0319494
-1.88087 0.03125

-1.875 0.0308245
-1.85938 0.0296733

-1.85938 0.0296734
-1.84375 0.0284922

3.26562 0.001657
3.28125 0.000524451

3.28125 0.000529115
3.28922 0

-1.84375 0.0284922
-1.82812 0.027281

-1.82812 0.0272806
-1.8125 0.0260404

-1.8125 0.02604
-1.79688 0.0247726

-1.79688 0.0247726
-1.78125 0.0234788

-1.78125 0.023479
-1.76562 0.0221581

-1.76562 0.0221579
-1.75 0.0208099

3.5 -0.00688626
3.51562 -0.00693871

3.51562 -0.00693804
3.53125 -0.00694618

3.53125 -0.00694481
3.54688 -0.00691273

-1.75 0.0208093
-1.73438 0.0194359

-1.73438 0.0194356
-1.71875 0.0180385

-1.71875 0.0180384
-1.70312 0.0166184

3.54688 -0.00691205
3.5625 -0.00684386

3.5625 -0.00684247
3.57812 -0.00674231

3.57812 -0.00674165
3.59375 -0.00661364

3.59375 -0.00661223
3.60938 -0.00646051

3.60938 -0.00645989
3.625 -0.00628852

-1.6875 0.0151603
-1.69254 0.015625

3.625 -0.00628711
3.64062 -0.00610012

3.64062 -0.00609957
3.65625 -0.00590088

3.65625 -0.0058995
3.67188 -0.00569295

3.67188 -0.00569249
3.6875 -0.00548177

3.6875 -0.00548047
3.70312 -0.00526911

3.70312 -0.00526874
3.71875 -0.0050601

-1.70312 0.0166255
-1.69228 0.015625

-1.6875 0.0151755
-1.67188 0.0137131

-1.67188 0.013713
-1.65625 0.0122318

-1.65625 0.0122313
-1.64062 0.0107323

-1.64062 0.0107317
-1.625 0.00921678

-1.625 0.00921669
-1.60938 0.00768721

-1.60938 0.00768684
-1.59375 0.00614373

-1.59375 0.00614343
-1.57812 0.00458805

-1.57812 0.00458799
-1.5625 0.00302107

-1.5625 0.00302084
-1.54688 0.00144298

-1.54688 0.00144925
-1.53262 0

3.71875 -0.00505893
3.73438 -0.0048561

3.73438 -0.00485582
3.75 -0.0046617

3.75 -0.00466072
3.76562 -0.00447785

3.76562 -0.00447766
3.78125 -0.00430836

3.78125 -0.00430764
3.79688 -0.00415374

3.79688 -0.00415363
3.8125 -0.00401676

3.8125 -0.00401638
3.82812 -0.00389753

3.82812 -0.00389749
3.84375 -0.00379748

3.84375 -0.0037975
3.85938 -0.00371637

3.85938 -0.0037164
3.875 -0.00365403

3.875 -0.0036545
3.89062 -0.00360989

3.89062 -0.00360999
3.90625 -0.00358199

3.90625 -0.00358295
3.92188 -0.00356947

3.92188 -0.00356968
3.9375 -0.00356837

3.9375 -0.00356987
3.95312 -0.00357729

3.95312 -0.00357724
3.96875 -0.00359051

3.96875 -0.00359269
3.98438 -0.00360753

3.98438 -0.00361019
4 -0.00361691

