-4 0.027343
-3.98438 0.0272879

-3.98438 0.0272862
-3.96875 0.0271241

-3.96875 0.0271213
-3.95312 0.0268611

-3.95312 0.0268607
-3.9375 0.0265089

-3.9375 0.0265062
-3.92188 0.0260691

-3.92188 0.0260684
-3.90625 0.0255528

-3.90625 0.0255502
-3.89062 0.024963

-3.89062 0.024962
-3.875 0.0243104

-3.875 0.0243081
-3.85938 0.0235985

-3.85938 0.0235973
-3.84375 0.0228366

-3.84375 0.0228346
-3.82812 0.0220294

-3.82812 0.022028
-3.8125 0.0211852

-3.8125 0.0211835
-3.79688 0.0203093

-3.79688 0.0203078
-3.78125 0.0194086

-3.78125 0.0194071
-3.76562 0.0184888

-3.76562 0.0184874
-3.75 0.017556

-3.75 0.0175547
-3.73438 0.0166158

-0.484375 0.155402
-0.489022 0.15625

-0.484375 0.155301
-0.46875 0.152377

-0.5 0.158103
-0.489844 0.15625

-3.73438 0.0166145
-3.71875 0.0156732

-0.46875 0.152376
-0.453125 0.149379

-0.453125 0.149379
-0.4375 0.146311

-3.70312 0.0147334
-3.71796 0.015625

-3.71875 0.0156666
-3.71806 0.015625

-3.70312 0.0147319
-3.6875 0.0137999

-1.75 0.175365
-1.73438 0.176674

-0.4375 0.14631
-0.421875 0.143174

-0.40625 0.140013
-0.409237 0.140625

-0.421875 0.143163
-0.409488 0.140625

-3.6875 0.0137987
-3.67188 0.0128785

1.25 -0.235359
1.26562 -0.235712

-0.40625 0.139972
-0.390625 0.136706

-0.390625 0.136705
-0.375 0.133377

-1.73438 0.176674
-1.71875 0.177972

-0.3125 0.119487
-0.336819 0.125

1.26562 -0.235712
1.28125 -0.235966

1.28125 -0.235966
1.29688 -0.23612

1.29688 -0.23612
1.3125 -0.236176

-0.3125 0.119464
-0.296875 0.11582

1.3125 -0.236176
1.32812 -0.236133

1.32812 -0.236133
1.34375 -0.235994

-1.71875 0.177972
-1.70312 0.179261

-3.67188 0.0128772
-3.65625 0.0119737

-1.70312 0.179261
-1.6875 0.18054

1.34375 -0.235993
1.35938 -0.235758

-3.65625 0.0119724
-3.64062 0.0110906

-0.296875 0.11582
-0.28125 0.112119

-1.6875 0.18054
-1.67188 0.181808

-0.265625 0.108386
-0.269737 0.109375

-3.64062 0.0110894
-3.625 0.010234

1.35938 -0.235757
1.375 -0.235426

-3.625 0.0102327
-3.60938 0.00940865

-1.67188 0.181808
-1.65625 0.183064

-0.28125 0.11211
-0.269873 0.109375

-1.65625 0.183064
-1.64062 0.184306

-3.60938 0.00940764
-3.59375 0.00861947

1.375 -0.235426
1.39062 -0.235

-3.59375 0.00861813
-3.57812 0.00787058

-3.57812 0.00786975
-3.5625 0.00716718

-3.5625 0.00716575
-3.54688 0.00651267

1.39062 -0.234999
1.40625 -0.234478

-3.54688 0.00651204
-3.53125 0.00591256

-1.64062 0.184307
-1.625 0.185537

-3.53125 0.00591106
-3.51562 0.00536947

1.40625 -0.234409
1.40712 -0.234375

-1.625 0.185527
-1.60007 0.1875

1.4091 -0.234375
1.42188 -0.233872

-3.51562 0.00536901
-3.5 0.00488923

1.42188 -0.233861
1.4375 -0.233157

-1.60078 0.1875
-1.59375 0.188062

-1.59375 0.188031
-1.57812 0.189255

-1.57812 0.189254
-1.5625 0.190456

-0.265625 0.108362
-0.25 0.104551

-3.5 0.00488769
-3.48438 0.00447374

1.4375 -0.233155
1.45312 -0.232368

-3.48438 0.00447341
-3.46875 0.00412902

-0.375 0.133377
-0.359375 0.129988

-3.46875 0.00412748
-3.45312 0.00385638

-3.45312 0.00385614
-3.4375 0.00366187

-0.359375 0.129988
-0.34375 0.12654

1.45312 -0.232367
1.46875 -0.231505

-0.34375 0.126533
-0.33691 0.125

-1.5625 0.190456
-1.54688 0.191638

1.46875 -0.231503
1.48438 -0.230572

-1.54688 0.191638
-1.53125 0.1928

-3.4375 0.0036604
-3.42188 0.00354641

-1.53125 0.1928
-1.51562 0.19394

-3.42188 0.00354621
-3.40625 0.00351582

-3.40625 0.00351447
-3.39062 0.00357076

-0.25 0.104551
-0.234375 0.100685

-0.234375 0.100685
-0.21875 0.0967653

-0.203125 0.0927533
-0.207046 0.09375

-0.203125 0.0927935
-0.1875 0.0887708

-0.21875 0.0967781
-0.206836 0.09375

-1.51562 0.19394
-1.5 0.195057

-3.39062 0.00357058
-3.375 0.00371662

-3.375 0.00371545
-3.35938 0.00395392

-3.35938 0.00395374
-3.34375 0.00428736

-3.34375 0.00428643
-3.32812 0.00471741

-3.32812 0.00471721
-3.3125 0.00524778

-3.3125 0.00524715
-3.29688 0.00587896

-3.29688 0.00587878
-3.28125 0.00661346

-3.28125 0.00661314
-3.26562 0.00745169

-3.26562 0.00745159
-3.25 0.00839485

-3.25 0.00839483
-3.23438 0.00944306

-3.23438 0.00944314
-3.21875 0.0105962

-3.21875 0.0105965
-3.20312 0.0118538

-3.20312 0.0118541
-3.1875 0.0132145

-3.1875 0.013215
-3.17188 0.0146768

-3.17188 0.0146867
-3.16248 0.015625

-3.16225 0.015625
-3.15625 0.016224

-3.15625 0.0162392
-3.14062 0.0178975

-3.14062 0.0178985
-3.125 0.0196506

-1.5 0.195057
-1.48438 0.196152

-1.48438 0.196153
-1.46875 0.197223

-3.125 0.0196519
-3.10938 0.0214935

-0.1875 0.088771
-0.171875 0.0846972

-1.46875 0.197225
-1.45312 0.198266

-0.171875 0.084697
-0.15625 0.080572

-1.45312 0.198265
-1.4375 0.199277

-0.140625 0.076465
-0.146835 0.078125

-3.10938 0.0214948
-3.09375 0.0234207

1.48438 -0.230571
1.5 -0.229576

-0.15625 0.0805241
-0.147274 0.078125

-0.140625 0.0763959
-0.125 0.0721679

1.5 -0.229575
1.51562 -0.228523

-0.078125 0.0593344
-0.0894595 0.0625

-0.078125 0.059201
-0.0625 0.0547959

1.51562 -0.228522
1.53125 -0.227418

1.53125 -0.227417
1.54688 -0.226264

-1.4375 0.199276
-1.42188 0.200259

-1.42188 0.200259
-1.40625 0.201213

-1.40625 0.201213
-1.39062 0.202138

-1.39062 0.202139
-1.375 0.203034

-1.375 0.202993
-1.3726 0.203125

-1.37347 0.203125
-1.35938 0.203902

-1.35938 0.203896
-1.34375 0.20472

-1.34375 0.204721
-1.32812 0.205506

-1.32812 0.205507
-1.3125 0.206251

-1.3125 0.206251
-1.29688 0.206954

-1.29688 0.206955
-1.28125 0.207617

-3.09375 0.0234228
-3.07812 0.025426

-3.07812 0.0254264
-3.0625 0.0275021

-3.0625 0.0275068
-3.04688 0.029645

-3.04688 0.0296743
-3.03561 0.03125

-3.03486 0.03125
-3.03125 0.0317551

-3.03125 0.0318359
-3.01562 0.0340613

-3.01562 0.0340644
-3 0.036318

-3 0.0363212
-2.98438 0.0385904

-2.98438 0.0385931
-2.96875 0.0408664

-2.96875 0.0408673
-2.95312 0.0431375

-2.95312 0.0431386
-2.9375 0.0454017

-2.9375 0.0454038
-2.9273 0.046875

-2.92726 0.046875
-2.92188 0.047652

-2.92188 0.0476558
-2.90625 0.0498978

-2.90625 0.0498983
-2.89062 0.052127

-2.89062 0.0521274
-2.875 0.0543409

-2.875 0.0543412
-2.85938 0.0565382

-2.85938 0.0565382
-2.84375 0.058718

-2.84375 0.0587178
-2.82812 0.0608806

-2.82812 0.0608777
-2.81631 0.0625

-2.8164 0.0625
-2.8125 0.0630354

-2.8125 0.0630268
-2.79688 0.0651559

-2.79688 0.0651561
-2.78125 0.0672678

-2.78125 0.067268
-2.76562 0.0693617

-2.76562 0.0693618
-2.75 0.071437

-2.75 0.071437
-2.73438 0.0734931

-2.73438 0.0734931
-2.71875 0.0755301

-2.71875 0.0755299
-2.70312 0.0775484

-2.70312 0.0773911
-2.69739 0.078125

-2.69917 0.078125
-2.6875 0.0796195

-2.6875 0.0795486
-2.67188 0.0815327

-2.67188 0.0815329
-2.65625 0.083501

-2.65625 0.0835016
-2.64062 0.0854524

-2.64062 0.0854522
-2.625 0.087385

-2.625 0.0873849
-2.60938 0.0893

-2.60938 0.0892996
-2.59375 0.091198

-2.59375 0.0911973
-2.57812 0.0930815

-2.57812 0.0927901
-2.57011 0.09375

-2.57407 0.09375
-2.5625 0.0951363

-2.5625 0.0949556
-2.54688 0.0968105

-2.54688 0.0968094
-2.53125 0.0986449

-2.53125 0.098644
-2.51562 0.100464

-2.51562 0.100464
-2.5 0.102271

-2.5 0.102272
-2.48438 0.104065

-2.48438 0.104065
-2.46875 0.105842

-2.46875 0.105842
-2.45312 0.107601

-2.45312 0.107601
-2.4375 0.109342

-2.4375 0.109263
-2.43648 0.109375

-2.43723 0.109375
-2.42188 0.11107

-2.42188 0.111066
-2.40625 0.112775

-2.40625 0.112775
-2.39062 0.11447

-2.39062 0.11447
-2.375 0.116152

-2.375 0.116151
-2.35938 0.117821

-2.35938 0.117821
-2.34375 0.119478

-2.34375 0.119478
-2.32812 0.121123

-2.32812 0.121123
-2.3125 0.122756

-2.3125 0.122755
-2.29688 0.124378

-2.29688 0.124099
-2.28815 0.125

-2.29274 0.125
-2.28125 0.126187

-2.28125 0.125993
-2.26562 0.127596

-2.26562 0.127595
-2.25 0.129184

-2.25 0.129184
-2.23438 0.130763

-2.23438 0.130763
-2.21875 0.132332

-2.21875 0.132332
-2.20312 0.133889

-2.20312 0.133889
-2.1875 0.135436

-2.1875 0.135435
-2.17188 0.136976

-2.17188 0.136977
-2.15625 0.138513

-2.15625 0.138513
-2.14062 0.140041

-2.14062 0.139865
-2.1328 0.140625

-2.13583 0.140625
-2.125 0.141677

-2.125 0.141558
-2.10938 0.143068

-2.10938 0.143068
-2.09375 0.144569

-2.09375 0.14457
-2.07812 0.146061

1.54688 -0.226263
1.5625 -0.225065

-2.07812 0.146061
-2.0625 0.147541

-2.0625 0.14754
-2.04688 0.149008

-2.04688 0.149008
-2.03125 0.150467

-2.03125 0.150467
-2.01562 0.151917

-2.01562 0.151917
-2 0.153359

1.5625 -0.225064
1.57812 -0.223824

1.57812 -0.223824
1.59375 -0.222544

1.59375 -0.222544
1.60938 -0.221227

1.60938 -0.221227
1.625 -0.219874

1.625 -0.219849
1.63735 -0.21875

1.63926 -0.21875
1.64062 -0.218629

1.64062 -0.218485
1.65625 -0.217057

-0.125 0.0721671
-0.109375 0.0678892

-0.109375 0.0678873
-0.09375 0.063565

-2 0.153359
-1.98438 0.154793

-0.09375 0.0630268
-0.0918636 0.0625

-0.0625 0.0547943
-0.046875 0.0503524

1.65625 -0.217057
1.67188 -0.21559

1.67188 -0.215588
1.6875 -0.214084

1.6875 -0.214082
1.70312 -0.21255

-1.98438 0.154793
-1.96875 0.15622

-1.96875 0.156125
-1.96738 0.15625

-1.96848 0.15625
-1.95312 0.157645

1.70312 -0.212548
1.71875 -0.210994

-1.95312 0.15764
-1.9375 0.159051

-1.28125 0.207617
-1.26562 0.208234

-1.9375 0.15905
-1.92188 0.160453

1.71875 -0.210992
1.73438 -0.209422

1.73438 -0.209421
1.75 -0.207837

-1.26562 0.208235
-1.25 0.208805

-1.92188 0.160453
-1.90625 0.161847

1.75 -0.207837
1.76562 -0.206242

-0.03125 0.0460677
-0.0340694 0.046875

-1.90625 0.161847
-1.89062 0.163234

-0.046875 0.050302
-0.0349075 0.046875

-1.89062 0.163234
-1.875 0.164613

-1.25 0.208806
-1.23438 0.209326

1.76562 -0.206242
1.78125 -0.204638

-1.875 0.164613
-1.85938 0.165983

1.78125 -0.204635
1.79587 -0.203125

-1.23438 0.209327
-1.21875 0.209795

-0.03125 0.0458779
-0.015625 0.0413715

1.7966 -0.203125
1.79688 -0.203096

-0.015625 0.0413701
0 0.0368336

1.79688 -0.203025
1.8125 -0.201401

-1.21875 0.209795
-1.20312 0.21021

1.8125 -0.2014
1.82812 -0.199764

1.82812 -0.199764
1.84375 -0.198115

-1.20312 0.210211
-1.1875 0.210571

-1.1875 0.210571
-1.17188 0.210873

-1.85938 0.165983
-1.84375 0.167346

0.125 -0.000269533
0.124104 0

-1.84375 0.167346
-1.82812 0.1687

-1.82812 0.1687
-1.8125 0.170047

-1.8125 0.170047
-1.79688 0.171388

1.84375 -0.198115
1.85938 -0.196456

-1.79688 0.171305
-1.7902 0.171875

-1.79176 0.171875
-1.78125 0.172772

1.85938 -0.196456
1.875 -0.194786

-1.17188 0.210874
-1.15625 0.211119

1.875 -0.194786
1.89062 -0.193105

-1.15625 0.211119
-1.14062 0.211304

-1.78125 0.172722
-1.76562 0.174048

0.125 -0.000349155
0.140625 -0.00507187

-1.76562 0.174048
-1.75 0.175365

1.89062 -0.193104
1.90625 -0.191415

-1.14062 0.211305
-1.125 0.211426

0.140625 -0.00507369
0.15625 -0.00980367

0.15625 -0.00980534
0.171875 -0.0145356

1.90625 -0.191415
1.92188 -0.189721

1.92188 -0.18972
1.9375 -0.188025

1.9375 -0.187853
1.94075 -0.1875

1.94295 -0.1875
1.95312 -0.186395

-1.125 0.211427
-1.10938 0.211483

-1.10938 0.211483
-1.09375 0.211475

0.1875 -0.0192284
0.175588 -0.015625

0.171875 -0.0146562
0.175077 -0.015625

1.95312 -0.186329
1.96875 -0.184628

1.96875 -0.184628
1.98438 -0.182923

-1.09375 0.211475
-1.07812 0.211399

-1.07812 0.2114
-1.0625 0.211257

0.1875 -0.0192629
0.203125 -0.0239848

0.203125 -0.0239863
0.21875 -0.0286996

1.98438 -0.182923
2 -0.181213

-1.0625 0.211257
-1.04688 0.211046

-1.04688 0.211046
-1.03125 0.210767

-1.03125 0.210768
-1.01562 0.210419

-1.01562 0.210419
-1 0.210001

0.234375 -0.0332108
0.22786 -0.03125

0.234375 -0.0334013
0.25 -0.0380949

0.21875 -0.0288579
0.226698 -0.03125

2 -0.181212
2.01562 -0.179499

2.01562 -0.1795
2.03125 -0.177785

2.03125 -0.177785
2.04688 -0.176067

2.04688 -0.176067
2.0625 -0.174344

2.0625 -0.174343
2.07812 -0.172616

0.25 -0.0380963
0.265625 -0.0427791

0.28125 -0.0473876
0.279534 -0.046875

0.265625 -0.0427874
0.279306 -0.046875

0.28125 -0.0474471
0.296875 -0.0521022

2.07812 -0.172434
2.08317 -0.171875

0.296875 -0.052102
0.3125 -0.0567457

-1 0.210001
-0.984375 0.209513

0.34375 -0.0660235
0.331866 -0.0625

2.08596 -0.171875
2.09375 -0.171012

2.09375 -0.170884
2.10938 -0.169147

-0.984375 0.209513
-0.96875 0.208953

0.34375 -0.0660227
0.359375 -0.070632

0.359375 -0.0706322
0.375 -0.0752127

2.10938 -0.169147
2.125 -0.167405

-0.96875 0.208953
-0.953125 0.208324

-0.953125 0.208324
-0.9375 0.207623

2.125 -0.167405
2.14062 -0.165657

2.14062 -0.165657
2.15625 -0.163902

0.3125 -0.0567464
0.331911 -0.0625

-0.9375 0.207623
-0.921875 0.206853

-0.921875 0.206853
-0.90625 0.206013

2.15625 -0.163902
2.17188 -0.16214

2.17188 -0.16214
2.1875 -0.160369

0.390625 -0.0797684
0.384982 -0.078125

0.375 -0.0752104
0.385009 -0.078125

0.390625 -0.0797636
0.40625 -0.0842818

0.40625 -0.0842821
0.421875 -0.0887672

-0.90625 0.206013
-0.890625 0.205105

-0.890625 0.205105
-0.875 0.204129

2.1875 -0.160369
2.20312 -0.158589

-0.859375 0.203089
-0.85992 0.203125

-0.875 0.204129
-0.860017 0.203125

0.421875 -0.0887682
0.4375 -0.0932175

2.20312 -0.158589
2.21875 -0.156799

2.21875 -0.15664
2.22214 -0.15625

-0.859375 0.203083
-0.84375 0.201964

2.22406 -0.15625
2.23438 -0.155061

0.453125 -0.0976291
0.439386 -0.09375

0.453125 -0.0976295
0.46875 -0.102003

-0.84375 0.201964
-0.828125 0.200772

-0.828125 0.200772
-0.8125 0.199507

2.23438 -0.155
2.25 -0.153188

0.4375 -0.0932182
0.439384 -0.09375

2.25 -0.153188
2.26562 -0.151364

2.26562 -0.151364
2.28125 -0.149527

0.46875 -0.102003
0.484375 -0.106339

2.28125 -0.149526
2.29688 -0.147676

0.5 -0.110644
0.495386 -0.109375

-0.8125 0.199507
-0.796875 0.198169

0.484375 -0.106335
0.495426 -0.109375

2.29688 -0.147677
2.3125 -0.145813

2.3125 -0.145813
2.32812 -0.143935

2.32812 -0.143935
2.34375 -0.14204

0.03125 0.0277091
0.0192125 0.03125

0 0.0368344
0.015625 0.0322692

-0.796875 0.198168
-0.78125 0.196756

0.015625 0.0321362
0.0186377 0.03125

2.34375 -0.14198
2.35481 -0.140625

2.35702 -0.140625
2.35938 -0.140336

-0.78125 0.196756
-0.765625 0.19527

0.03125 0.0276712
0.046875 0.0230476

-0.765625 0.19527
-0.75 0.19371

2.35938 -0.140126
2.375 -0.138192

2.375 -0.138192
2.39062 -0.136236

0.046875 0.0230469
0.0625 0.0184016

-0.6875 0.186833
-0.693186 0.1875

0.078125 0.013869
0.0722422 0.015625

0.0625 0.0183128
0.0715044 0.015625

-0.75 0.19371
-0.734375 0.192076

-0.734375 0.192076
-0.71875 0.190364

2.39062 -0.136236
2.40625 -0.134257

2.40625 -0.134258
2.42188 -0.132255

0.078125 0.0137365
0.09375 0.00905606

0.09375 0.00905535
0.109375 0.00436058

-0.71875 0.190366
-0.703125 0.188574

0.109375 0.00435583
0.123827 0

2.42188 -0.132255
2.4375 -0.130227

2.4375 -0.130228
2.45312 -0.128171

2.45312 -0.128171
2.46875 -0.126086

2.46875 -0.125889
2.47531 -0.125

2.47834 -0.125
2.48438 -0.124182

2.48438 -0.123971
2.5 -0.121824

-0.703125 0.188484
-0.694927 0.1875

0.5625 -0.127427
0.553353 -0.125

-0.6875 0.186699
-0.671875 0.184741

0.5625 -0.127411
0.578125 -0.131486

0.578125 -0.131485
0.59375 -0.135505

0.59375 -0.135507
0.609375 -0.139472

2.5 -0.121824
2.51562 -0.119646

0.625 -0.143397
0.613907 -0.140625

-0.671875 0.184741
-0.65625 0.1827

0.609375 -0.139425
0.614176 -0.140625

2.51562 -0.119646
2.53125 -0.117435

0.5 -0.110637
0.515625 -0.114896

-0.65625 0.182699
-0.640625 0.180579

0.515625 -0.114896
0.53125 -0.119113

0.53125 -0.119114
0.546875 -0.123284

-0.640625 0.180578
-0.625 0.17838

0.546875 -0.123265
0.553447 -0.125

2.53125 -0.117435
2.54688 -0.115189

0.625 -0.143378
0.640625 -0.147222

0.640625 -0.147222
0.65625 -0.151004

2.54688 -0.11519
2.5625 -0.112909

-0.625 0.178379
-0.609375 0.176105

-0.609375 0.176105
-0.59375 0.173757

0.6875 -0.158452
0.678102 -0.15625

-0.578125 0.171368
-0.5814 0.171875

2.5625 -0.112909
2.57812 -0.110595

-0.59375 0.173747
-0.581666 0.171875

0.65625 -0.151004
0.671875 -0.154725

-0.578125 0.171335
-0.5625 0.168843

2.57812 -0.110389
2.58487 -0.109375

2.58776 -0.109375
2.59375 -0.108475

-0.5625 0.168843
-0.546875 0.166279

0.671875 -0.154634
0.678772 -0.15625

-0.546875 0.166279
-0.53125 0.163642

2.59375 -0.108248
2.60938 -0.105866

-0.53125 0.163642
-0.515625 0.160932

0.6875 -0.158387
0.703125 -0.161985

-0.515625 0.16093
-0.5 0.15815

2.60938 -0.105866
2.625 -0.103448

0.703125 -0.161985
0.71875 -0.165516

2.625 -0.103448
2.64062 -0.100992

2.64062 -0.100992
2.65625 -0.0984972

0.71875 -0.165516
0.734375 -0.168978

0.75 -0.172601
0.746657 -0.171875

2.65625 -0.0984969
2.67188 -0.0959639

2.67188 -0.0959384
2.68518 -0.09375

0.734375 -0.16893
0.74794 -0.171875

2.68676 -0.09375
2.6875 -0.0936287

2.6875 -0.0933942
2.70312 -0.0907847

2.70312 -0.0907848
2.71875 -0.0881348

0.75 -0.172371
0.765625 -0.17569

0.765625 -0.17569
0.78125 -0.178936

0.78125 -0.178936
0.796875 -0.182108

0.796875 -0.182108
0.8125 -0.185205

0.828125 -0.188635
0.822256 -0.1875

0.828125 -0.188229
0.84375 -0.191172

2.71875 -0.088135
2.73438 -0.0854438

2.73438 -0.0854435
2.75 -0.0827114

0.84375 -0.191173
0.859375 -0.194032

2.75 -0.0827113
2.76562 -0.0799394

2.76562 -0.0798123
2.775 -0.078125

2.77714 -0.078125
2.78125 -0.0773842

2.78125 -0.0771277
2.79688 -0.0742714

0.859375 -0.194032
0.875 -0.196805

0.8125 -0.185062
0.825281 -0.1875

2.79688 -0.0742713
2.8125 -0.0713705

2.8125 -0.07137
2.82812 -0.0684256

0.875 -0.196804
0.890625 -0.199493

0.890625 -0.199494
0.90625 -0.202098

0.921875 -0.2047
0.912102 -0.203125

0.90625 -0.201982
0.913345 -0.203125

0.921875 -0.204617
0.9375 -0.207046

0.9375 -0.207046
0.953125 -0.209385

0.953125 -0.209386
0.96875 -0.211633

0.96875 -0.211634
0.984375 -0.213789

0.984375 -0.213789
1 -0.215851

2.82812 -0.0684259
2.84375 -0.0654384

2.84375 -0.0654378
2.85889 -0.0625

2.85911 -0.0625
2.85938 -0.0624482

2.85938 -0.0624069
2.875 -0.05933

2.875 -0.0593296
2.89062 -0.0562082

2.89062 -0.0562078
2.90625 -0.0530434

2.90625 -0.0530411
2.92188 -0.049839

2.92188 -0.0498268
2.93614 -0.046875

2.9371 -0.046875
2.9375 -0.0467919

2.9375 -0.0466038
2.95312 -0.0433427

2.95312 -0.0433375
2.96875 -0.0400606

2.96875 -0.0400554
2.98438 -0.0367835

2.98438 -0.0367774
3 -0.033533

1.03125 -0.219784
1.02262 -0.21875

1 -0.215851
1.01562 -0.217819

1.01562 -0.217727
1.02416 -0.21875

1.03125 -0.219693
1.04688 -0.221469

1.04688 -0.221469
1.0625 -0.223147

1.0625 -0.223148
1.07812 -0.224726

1.07812 -0.224726
1.09375 -0.226202

1.09375 -0.226202
1.10938 -0.227577

1.10938 -0.227577
1.125 -0.22885

3 -0.0334
3.01051 -0.03125

3.01307 -0.03125
3.01562 -0.0307276

3.01562 -0.0303295
3.03125 -0.0271994

3.03125 -0.0271893
3.04688 -0.0241518

1.125 -0.22885
1.14062 -0.230022

1.14062 -0.230022
1.15625 -0.231093

1.15625 -0.231093
1.17188 -0.232061

1.17188 -0.232061
1.1875 -0.232926

1.1875 -0.232926
1.20312 -0.233688

1.21875 -0.234414
1.21783 -0.234375

3.04688 -0.0241495
3.0625 -0.0212292

3.0625 -0.021225
3.07812 -0.0184348

3.07812 -0.0184323
3.09375 -0.0157855

1.20312 -0.233687
1.21875 -0.234346

1.23438 -0.234905
1.21951 -0.234375

1.21875 -0.234341
1.2197 -0.234375

1.23438 -0.234904
1.25 -0.235359

3.09375 -0.0157738
3.09468 -0.015625

3.09475 -0.015625
3.10938 -0.0132892

3.10938 -0.0132868
3.125 -0.0109482

3.125 -0.0109467
3.14062 -0.00877161

3.14062 -0.00877085
3.15625 -0.00676367

3.15625 -0.00676312
3.17188 -0.00492651

3.17188 -0.00492669
3.1875 -0.00326136

3.1875 -0.00326251
3.20312 -0.00176579

3.20312 -0.00176582
3.21875 -0.000435347

3.21875 -0.000436086
3.22459 0

3.2246 0
3.23438 0.000729694

3.23438 0.000728849
3.25 0.00173316

3.25 0.00173338
3.26562 0.00257747

3.26562 0.00257728
3.28125 0.0032611

3.28125 0.00325819
3.29688 0.00378795

3.29688 0.00378745
3.3125 0.00416998

3.3125 0.00416688
3.32812 0.0044094

3.32812 0.00440874
3.34375 0.00451877

3.34375 0.00451551
3.35938 0.00450089

3.35938 0.00450018
3.375 0.00436885

3.375 0.00436546
3.39062 0.00412563

3.39062 0.00412501
3.40625 0.0037847

3.40625 0.00378121
3.42188 0.00334866

3.42188 0.00334825
3.4375 0.00283127

3.4375 0.00282783
3.45312 0.00223411

3.45312 0.00223371
3.46875 0.00157095

3.46875 0.00156799
3.48438 0.00084291

3.48438 0.000843854
3.5 6.05048e-05

3.51562 -0.000778225
3.5011 0

3.51562 -0.000780516
3.53125 -0.00166353

3.53125 -0.00166693
3.54688 -0.00258764

3.54688 -0.00258745
3.5625 -0.00353943

3.5625 -0.00354235
3.57812 -0.00452014

3.57812 -0.00452076
3.59375 -0.00551728

3.59375 -0.00551955
3.60938 -0.00652902

3.60938 -0.00652988
3.625 -0.00754603

3.625 -0.00754774
3.64062 -0.00856541

3.64062 -0.00856644
3.65625 -0.00958014

3.65625 -0.00958146
3.67188 -0.0105865

3.67188 -0.0105876
3.6875 -0.0115792

3.6875 -0.0115803
3.70312 -0.0125543

3.70312 -0.0125553
3.71875 -0.0135077

3.71875 -0.0135086
3.73438 -0.0144356

3.73438 -0.0144364
3.75 -0.0153345

3.76562 -0.0161729
3.75574 -0.015625

3.75 -0.0153971
3.75411 -0.015625

3.76562 -0.0162021
3.78125 -0.0170333

3.78125 -0.0170341
3.79688 -0.0178272

3.79688 -0.017828
3.8125 -0.0185801

3.8125 -0.0185808
3.82812 -0.0192887

3.82812 -0.0192894
3.84375 -0.0199499

3.84375 -0.0199507
3.85938 -0.0205609

3.85938 -0.0205616
3.875 -0.0211184

3.875 -0.0211191
3.89062 -0.0216196

3.89062 -0.0216203
3.90625 -0.0220616

3.90625 -0.0220624
3.92188 -0.0224418

3.92188 -0.0224423
3.9375 -0.022757

3.9375 -0.0227578
3.95312 -0.0230053

3.95312 -0.0230058
3.96875 -0.0231837

3.96875 -0.0231843
3.98438 -0.0232906

3.98438 -0.0232898
4 -0.0233248

3.5 2.90782e-05
3.50053 0

