-3.5 -0.000113496
-3.51003 0

-4 0.00706274
-3.98438 0.0070379

-3.98438 0.00703711
-3.96875 0.00696414

-3.96875 0.00696236
-3.95312 0.00684643

-3.95312 0.00684548
-3.9375 0.00669204

-3.9375 0.0066902
-3.92188 0.00650483

-3.92188 0.00650406
-3.90625 0.00629202

-3.90625 0.00629037
-3.89062 0.0060565

-3.89062 0.00605592
-3.875 0.00580469

-3.875 0.00580331
-3.85938 0.00553862

-3.85938 0.00553822
-3.84375 0.00526364

-3.84375 0.00526253
-3.82812 0.00498108

-3.82812 0.00498082
-3.8125 0.00469524

-1.5 0.0861284
-1.48438 0.0859143

-1.48438 0.0859145
-1.46875 0.0856848

-1.46875 0.0856847
-1.45312 0.0854395

-1.45312 0.0854393
-1.4375 0.0851791

-1.4375 0.0851793
-1.42188 0.0849042

-1.42188 0.0849046
-1.40625 0.0846136

-1.40625 0.0846138
-1.39062 0.0843059

-1.39062 0.0843056
-1.375 0.0839812

-3.8125 0.00469438
-3.79688 0.00440688

-1.375 0.0839809
-1.35938 0.0836409

-1.35938 0.083641
-1.34375 0.0832856

-1.34375 0.0832853
-1.32812 0.0829148

-1.32812 0.0829147
-1.3125 0.0825299

-3.79688 0.00440673
-3.78125 0.00411932

-1.3125 0.0825299
-1.29688 0.0821314

-3.78125 0.0041187
-3.76562 0.00383291

-0.25 0.0303455
-0.234375 0.0292762

-1.29688 0.0821314
-1.28125 0.0817193

-1.28125 0.0817192
-1.26562 0.0812937

-1.26562 0.0812936
-1.25 0.080855

-0.234375 0.0292759
-0.21875 0.0282022

1.5 -0.0891194
1.51562 -0.0899209

1.51562 -0.0899215
1.53125 -0.090702

-0.21875 0.028202
-0.203125 0.0271247

-0.203125 0.0271248
-0.1875 0.0260442

-0.1875 0.0260441
-0.171875 0.0249603

-0.171875 0.02496
-0.15625 0.0238738

-1.25 0.0808545
-1.23438 0.0804039

-1.23438 0.0804038
-1.21875 0.0799425

-1.21875 0.0799428
-1.20312 0.0794702

-1.20312 0.0794704
-1.1875 0.0789855

-1.1875 0.0789861
-1.17188 0.0784875

-1.15625 0.0779685
-1.16101 0.078125

-1.17188 0.07849
-1.16077 0.078125

-1.15625 0.0779735
-1.14062 0.0774458

-1.14062 0.0774454
-1.125 0.0769054

-1.125 0.0769052
-1.10938 0.0763539

-1.10938 0.076354
-1.09375 0.0757913

-1.09375 0.0757915
-1.07812 0.0752169

-1.07812 0.0752169
-1.0625 0.07463

-1.0625 0.0746302
-1.04688 0.0740308

-1.04688 0.0740308
-1.03125 0.0734186

-1.03125 0.0734183
-1.01562 0.0727938

-1.01562 0.0727935
-1 0.0721578

-1 0.0721578
-0.984375 0.0715112

-0.984375 0.071511
-0.96875 0.0708539

-0.96875 0.0708533
-0.953125 0.070187

-0.953125 0.0701873
-0.9375 0.0695123

-0.9375 0.0695128
-0.921875 0.0688278

-0.921875 0.0688278
-0.90625 0.0681318

-0.90625 0.0681326
-0.890625 0.067424

-0.890625 0.0674235
-0.875 0.066702

-0.875 0.0667016
-0.859375 0.0659689

-0.859375 0.0659689
-0.84375 0.0652257

-0.84375 0.0652257
-0.828125 0.0644721

-0.828125 0.0644721
-0.8125 0.0637081

-0.78125 0.0621371
-0.788472 0.0625

-0.78125 0.0621481
-0.765625 0.0613534

-0.765625 0.0613536
-0.75 0.0605497

-0.8125 0.0637081
-0.796875 0.0629336

-0.796875 0.0629427
-0.788064 0.0625

-0.75 0.0605497
-0.734375 0.0597363

-0.734375 0.0597363
-0.71875 0.0589137

-0.71875 0.0589139
-0.703125 0.0580816

-0.703125 0.0580816
-0.6875 0.0572395

-0.6875 0.057239
-0.671875 0.0563881

-0.671875 0.0563879
-0.65625 0.0555295

-0.65625 0.0555299
-0.640625 0.0546636

-0.640625 0.0546637
-0.625 0.0537888

-0.625 0.053789
-0.609375 0.0529048

-0.609375 0.0529046
-0.59375 0.0520111

-0.59375 0.0520104
-0.578125 0.0511093

-0.578125 0.0511097
-0.5625 0.0502016

-0.5625 0.0502019
-0.546875 0.0492852

-0.546875 0.0492855
-0.53125 0.048359

-0.53125 0.048359
-0.515625 0.0474222

-0.5 0.0464509
-0.506998 0.046875

-0.515625 0.0474399
-0.506304 0.046875

-0.15625 0.0238744
-0.140625 0.0227851

-0.140625 0.0227853
-0.125 0.0216913

-0.5 0.0464744
-0.484375 0.045519

-0.484375 0.045519
-0.46875 0.0445566

-0.46875 0.0445564
-0.453125 0.0435872

-0.453125 0.0435873
-0.4375 0.0426115

-0.4375 0.0426109
-0.421875 0.0416293

-0.421875 0.0416292
-0.40625 0.0406431

-0.40625 0.0406442
-0.390625 0.0396516

-0.390625 0.039652
-0.375 0.03865

-0.375 0.0386495
-0.359375 0.0376382

-0.359375 0.0376378
-0.34375 0.0366188

-0.34375 0.036619
-0.328125 0.0355927

-0.328125 0.0355929
-0.3125 0.0345585

-0.3125 0.0345582
-0.296875 0.0335158

-0.296875 0.0335159
-0.28125 0.0324662

-0.25 0.030342
-0.263342 0.03125

-0.28125 0.0324661
-0.265625 0.0314094

-0.265625 0.0314306
-0.262972 0.03125

-3.76562 0.00383283
-3.75 0.00355006

-3.75 0.00354964
-3.73438 0.0032709

-3.73438 0.00327086
-3.71875 0.00299706

-3.71875 0.0029968
-3.70312 0.00272854

-3.70312 0.00272852
-3.6875 0.00246637

-3.6875 0.00246621
-3.67188 0.0022105

-3.67188 0.00221049
-3.65625 0.00196154

-3.65625 0.00196144
-3.64062 0.00171945

-3.64062 0.00171945
-3.625 0.00148461

-3.625 0.00148453
-3.60938 0.001257

-3.60938 0.001257
-3.59375 0.00103696

-3.59375 0.00103686
-3.57812 0.000824515

-3.57812 0.000824524
-3.5625 0.000620039

-3.5625 0.000619969
-3.54688 0.000423465

-3.54688 0.000423307
-3.53125 0.000235242

-3.53125 0.000235471
-3.51562 5.57052e-05

-3.51562 4.62033e-05
-3.51144 0

-3.5 -0.000116325
-3.48438 -0.000282863

-3.48438 -0.00028294
-3.46875 -0.00044373

-3.46875 -0.00044533
-3.45312 -0.000597018

-3.45312 -0.000597018
-3.4375 -0.000736405

-3.4375 -0.000737842
-3.42188 -0.000862053

-3.42188 -0.000862078
-3.40625 -0.000968186

-3.40625 -0.000969798
-3.39062 -0.00105453

-3.39062 -0.00105457
-3.375 -0.00111463

-3.375 -0.00111656
-3.35938 -0.001148

-3.35938 -0.00114804
-3.34375 -0.00114693

-3.34375 -0.00114929
-3.32812 -0.00111082

-3.32812 -0.00111095
-3.3125 -0.00103014

-3.3125 -0.00103314
-3.29688 -0.000903738

-3.29688 -0.000903329
-3.28125 -0.000720173

-3.28125 -0.000724378
-3.26562 -0.000479874

-3.26562 -0.000482601
-3.25 -0.000162885

-3.25 -0.000171775
-3.24369 0

-3.24385 0
-3.23438 0.000237627

-3.23438 0.000232485
-3.21875 0.000690309

-3.21875 0.000687522
-3.20312 0.00121838

-3.20312 0.00121856
-3.1875 0.00182768

-3.1875 0.00182516
-3.17188 0.00251721

-3.17188 0.00251698
-3.15625 0.00329748

-3.15625 0.00329556
-3.14062 0.00416884

-3.14062 0.00416853
-3.125 0.00513906

-3.125 0.0051381
-3.10938 0.00620845

-3.10938 0.00620829
-3.09375 0.00738069

-3.09375 0.00738111
-3.07812 0.008655

-3.07812 0.00865586
-3.0625 0.0100287

-3.0625 0.0100311
-3.04688 0.0114965

-3.04688 0.0115003
-3.03125 0.0130459

-3.03125 0.0130516
-3.01562 0.0146582

-3.01562 0.0147126
-3.00695 0.015625

-3.00583 0.015625
-3 0.0162386

-3 0.0163141
-2.98438 0.0179686

-2.98438 0.0179712
-2.96875 0.0196193

-2.96875 0.0196198
-2.95312 0.0212553

-2.95312 0.0212561
-2.9375 0.0228764

-2.9375 0.0228764
-2.92188 0.0244802

-2.92188 0.0244805
-2.90625 0.0260672

-2.90625 0.0260676
-2.89062 0.0276359

-2.89062 0.0276359
-2.875 0.0291847

-2.875 0.0291849
-2.85938 0.0307139

-2.85938 0.0307262
-2.85395 0.03125

-2.85375 0.03125
-2.84375 0.0322157

-2.84375 0.0322224
-2.82812 0.0337095

-2.82812 0.0337095
-2.8125 0.0351754

-2.8125 0.0351752
-2.79688 0.0366205

-2.79688 0.0366203
-2.78125 0.0380455

-2.78125 0.0380458
-2.76562 0.0394506

-2.76562 0.0394508
-2.75 0.0408343

-2.75 0.0408343
-2.73438 0.0421961

-2.73438 0.0421962
-2.71875 0.0435361

-2.71875 0.0435361
-2.70312 0.0448538

-2.70312 0.044854
-2.6875 0.0461491

-2.6875 0.0461535
-2.67864 0.046875

-2.67851 0.046875
-2.67188 0.0474153

-2.67188 0.047421
-2.65625 0.0486695

-2.65625 0.0486694
-2.64062 0.0498947

-2.64062 0.0498947
-2.625 0.051097

-2.625 0.0510976
-2.60938 0.0522758

-2.60938 0.0522758
-2.59375 0.0534287

-2.59375 0.0534286
-2.57812 0.0545564

1.53125 -0.0907026
1.54688 -0.0914598

1.54688 -0.09146
1.5625 -0.0921921

1.5625 -0.0921921
1.57812 -0.0928987

1.57812 -0.0928989
1.59375 -0.0935799

1.60938 -0.0942398
1.59766 -0.09375

1.60938 -0.0942341
1.625 -0.0948587

1.59375 -0.0935651
1.59817 -0.09375

-2.57812 0.0545558
-2.5625 0.0556597

-2.5625 0.0556589
-2.54688 0.0567419

-2.54688 0.0567423
-2.53125 0.0578051

-2.53125 0.0578061
-2.51562 0.0588462

1.625 -0.0948584
1.64062 -0.0954548

1.64062 -0.0954548
1.65625 -0.0960236

1.65625 -0.0960238
1.67188 -0.0965644

1.67188 -0.0965645
1.6875 -0.0970764

-2.51562 0.0588458
-2.5 0.059862

1.6875 -0.0970763
1.70312 -0.0975597

1.70312 -0.0975599
1.71875 -0.0980147

1.71875 -0.0980146
1.73438 -0.0984404

1.73438 -0.0984402
1.75 -0.0988379

1.75 -0.0988383
1.76562 -0.0992075

1.76562 -0.0992072
1.78125 -0.0995476

1.78125 -0.0995475
1.79688 -0.0998598

1.79688 -0.0998599
1.8125 -0.100144

1.8125 -0.100144
1.82812 -0.1004

1.82812 -0.1004
1.84375 -0.100627

1.84375 -0.100628
1.85938 -0.100826

1.85938 -0.100826
1.875 -0.100995

1.875 -0.100994
1.89062 -0.101134

1.89062 -0.101134
1.90625 -0.101246

1.90625 -0.101247
1.92188 -0.10133

1.92188 -0.10133
1.9375 -0.101384

1.9375 -0.101383
1.95312 -0.101409

1.95312 -0.101409
1.96875 -0.101407

1.96875 -0.101407
1.98438 -0.101377

1.98438 -0.101377
2 -0.101317

2 -0.101316
2.01562 -0.101229

2.01562 -0.101229
2.03125 -0.101116

2.03125 -0.101116
2.04688 -0.100976

2.04688 -0.100976
2.0625 -0.10081

2.0625 -0.10081
2.07812 -0.100617

2.07812 -0.100617
2.09375 -0.100395

2.09375 -0.100395
2.10938 -0.100145

2.10938 -0.100145
2.125 -0.0998658

2.125 -0.0998659
2.14062 -0.0995576

2.14062 -0.0995578
2.15625 -0.0992197

2.15625 -0.0992199
2.17188 -0.0988513

2.17188 -0.0988514
2.1875 -0.0984516

2.1875 -0.0984517
2.20312 -0.0980204

2.20312 -0.0980204
2.21875 -0.0975573

2.21875 -0.0975573
2.23438 -0.0970622

2.23438 -0.0970622
2.25 -0.0965351

2.25 -0.0965351
2.26562 -0.0959757

2.26562 -0.0959758
2.28125 -0.0953838

2.28125 -0.0953839
2.29688 -0.0947589

2.29688 -0.0947589
2.3125 -0.0941004

2.3125 -0.0940901
2.32017 -0.09375

2.32065 -0.09375
2.32812 -0.0934188

2.32812 -0.0934086
2.34375 -0.0926804

2.34375 -0.0926805
2.35938 -0.0919152

2.35938 -0.0919153
2.375 -0.0911126

2.375 -0.0911127
2.39062 -0.0902721

2.39062 -0.0902722
2.40625 -0.0893932

2.40625 -0.0893933
2.42188 -0.0884756

2.42188 -0.0884757
2.4375 -0.0875189

2.4375 -0.087519
2.45312 -0.0865229

2.45312 -0.0865229
2.46875 -0.0854872

2.46875 -0.0854872
2.48438 -0.0844117

2.48438 -0.0844118
2.5 -0.0832963

-0.125 0.0216911
-0.109375 0.0205925

-0.109375 0.0205923
-0.09375 0.0194898

-0.09375 0.0194896
-0.078125 0.018384

2.5 -0.0832965
2.51562 -0.0821403

-0.078125 0.0183838
-0.0625 0.0172761

2.51562 -0.0821405
2.53125 -0.0809431

-0.0625 0.0172757
-0.046875 0.016167

-0.03125 0.0150053
-0.0399846 0.015625

-0.046875 0.0162222
-0.0384572 0.015625

-0.03125 0.0150582
-0.015625 0.0139503

-0.015625 0.0139505
0 0.0128432

2.53125 -0.0809432
2.54688 -0.0797041

0.1875 -0.000637969
0.178696 0

0.1875 -0.00054643
0.203125 -0.00168037

-2.5 0.0598595
-2.48438 0.0608575

-2.48438 0.0608572
-2.46875 0.0618424

-2.46875 0.0618454
-2.45821 0.0625

-2.45812 0.0625
-2.45312 0.0628103

-2.45312 0.0628147
-2.4375 0.0637681

0.203125 -0.00168012
0.21875 -0.00281429

-2.4375 0.0637685
-2.42188 0.0647026

2.54688 -0.0797042
2.5625 -0.078423

2.5625 -0.0783981
2.56572 -0.078125

2.56611 -0.078125
2.57812 -0.0771065

2.57812 -0.0770997
2.59375 -0.0757303

2.59375 -0.0757304
2.60938 -0.074315

-2.42188 0.0647024
-2.40625 0.0656167

-2.40625 0.0656164
-2.39062 0.0665116

-2.39062 0.0665117
-2.375 0.0673879

-2.375 0.0673882
-2.35938 0.0682447

-2.35938 0.0682449
-2.34375 0.0690809

-2.34375 0.0690809
-2.32812 0.0698956

-2.32812 0.0698955
-2.3125 0.0706892

-2.3125 0.070689
-2.29688 0.0714624

-2.29688 0.0714635
-2.28125 0.0722148

-2.28125 0.0722148
-2.26562 0.072942

-2.26562 0.0729415
-2.25 0.0736455

-2.25 0.0736449
-2.23438 0.0743282

-2.23438 0.0743277
-2.21875 0.0749923

-2.21875 0.0749922
-2.20312 0.0756392

-2.20312 0.0756394
-2.1875 0.0762683

-2.1875 0.0762688
-2.17188 0.0768783

-2.17188 0.0768781
-2.15625 0.0774679

-2.15625 0.0774673
-2.14062 0.0780393

-2.14062 0.0780452
-2.13838 0.078125

-2.13818 0.078125
-2.125 0.078594

-2.125 0.0785951
-2.10938 0.0791353

-2.10938 0.0791358
-2.09375 0.0796592

-2.09375 0.0796594
-2.07812 0.0801646

-2.07812 0.0801646
-2.0625 0.0806511

-2.0625 0.0806513
-2.04688 0.0811189

-2.04688 0.0811186
-2.03125 0.0815674

-2.03125 0.0815669
-2.01562 0.0819985

-2.01562 0.0819985
-2 0.082414

-2 0.0824137
-1.98438 0.0828138

-1.98438 0.082814
-1.96875 0.0831991

-1.96875 0.0831993
-1.95312 0.0835686

-1.95312 0.0835688
-1.9375 0.0839215

-1.9375 0.0839213
-1.92188 0.0842575

-1.92188 0.0842578
-1.90625 0.0845774

-1.90625 0.0845773
-1.89062 0.08488

-1.89062 0.0848801
-1.875 0.0851658

-1.875 0.0851661
-1.85938 0.085434

-1.85938 0.0854337
-1.84375 0.0856838

-1.84375 0.0856837
-1.82812 0.0859168

-1.82812 0.0859173
-1.8125 0.0861326

-1.8125 0.0861329
-1.79688 0.0863292

-1.79688 0.0863293
-1.78125 0.0865059

-1.78125 0.0865061
-1.76562 0.0866624

-1.76562 0.086662
-1.75 0.0867983

-1.75 0.0867979
-1.73438 0.0869161

-1.73438 0.0869167
-1.71875 0.0870164

-1.71875 0.0870165
-1.70312 0.0870961

-1.70312 0.0870962
-1.6875 0.0871552

-1.6875 0.0871551
-1.67188 0.0871934

-1.67188 0.0871936
-1.65625 0.087211

-1.65625 0.0872116
-1.64062 0.0872066

-1.64062 0.087207
-1.625 0.0871777

-1.625 0.0871775
-1.60938 0.0871237

-1.60938 0.0871234
-1.59375 0.087046

-1.59375 0.0870462
-1.57812 0.0869455

-1.57812 0.0869453
-1.5625 0.0868216

-1.5625 0.086821
-1.54688 0.0866757

-1.54688 0.0866754
-1.53125 0.0865105

-1.53125 0.08651
-1.51562 0.0863274

-1.51562 0.0863271
-1.5 0.0861284

2.60938 -0.0743152
2.625 -0.0728528

2.625 -0.0728532
2.64062 -0.0713428

2.64062 -0.0713429
2.65625 -0.0697837

2.65625 -0.0697838
2.67188 -0.0681755

2.67188 -0.0681756
2.6875 -0.0665178

2.6875 -0.0665178
2.70312 -0.0648101

2.70312 -0.0648099
2.71875 -0.0630526

2.71875 -0.0630015
2.72308 -0.0625

2.72372 -0.0625
2.73438 -0.0612677

2.73438 -0.0612461
2.75 -0.0593857

2.75 -0.0593859
2.76562 -0.0574713

2.76562 -0.0574713
2.78125 -0.0555024

2.78125 -0.0555025
2.79688 -0.0534792

2.79688 -0.0534789
2.8125 -0.0514014

2.8125 -0.0514014
2.82812 -0.0492704

2.82812 -0.0492703
2.84375 -0.0470861

2.84375 -0.0470495
2.84497 -0.046875

2.84525 -0.046875
2.85938 -0.0448519

2.85938 -0.0448481
2.875 -0.0425545

2.875 -0.0425548
2.89062 -0.0402061

2.89062 -0.0402058
2.90625 -0.037802

2.90625 -0.0378005
2.92188 -0.0353449

2.92188 -0.0353445
2.9375 -0.0328409

2.9375 -0.0327118
2.94646 -0.03125

2.94868 -0.03125
2.95312 -0.030524

2.95312 -0.0302895
2.96875 -0.0276988

2.96875 -0.0276943
2.98438 -0.0250744

2.98438 -0.0250595
3 -0.0224492

3 -0.0224357
3.01562 -0.0198919

3.01562 -0.0198836
3.03125 -0.0174498

3.03125 -0.0174119
3.04341 -0.015625

3.04461 -0.015625
3.04688 -0.0152927

3.04688 -0.0151457
3.0625 -0.013005

3.0625 -0.0130031
3.07812 -0.0110267

3.07812 -0.0110261
3.09375 -0.00921914

3.09375 -0.00921964
3.10938 -0.00758231

3.10938 -0.00758328
3.125 -0.00611265

3.125 -0.00611529
3.14062 -0.00480416

3.14062 -0.00480513
3.15625 -0.00364626

0.21875 -0.00281422
0.234375 -0.00394927

0.234375 -0.00394929
0.25 -0.00508531

3.15625 -0.00365058
3.17188 -0.00263338

3.17188 -0.00263392
3.1875 -0.00174866

3.1875 -0.00175444
3.20312 -0.000988507

0.25 -0.00508532
0.265625 -0.00622226

0.265625 -0.00622236
0.28125 -0.00735999

3.20312 -0.000988257
3.21875 -0.000330597

3.21875 -0.000330081
3.22804 0

0.28125 -0.00736016
0.296875 -0.00849792

0.296875 -0.00849795
0.3125 -0.00963544

3.2283 0
3.23438 0.000215829

0.3125 -0.00963539
0.328125 -0.0107727

0.328125 -0.0107726
0.34375 -0.0119099

3.23438 0.000219424
3.25 0.000683217

3.25 0.000682188
3.26562 0.00106068

0.34375 -0.0119098
0.359375 -0.0130474

0.359375 -0.0130474
0.375 -0.0141852

3.26562 0.00106104
3.28125 0.00135556

0.375 -0.0141852
0.390625 -0.0153232

0.40625 -0.0165121
0.394059 -0.015625

0.390625 -0.015202
0.396438 -0.015625

0.40625 -0.0164612
0.421875 -0.017595

0.421875 -0.017595
0.4375 -0.0187253

0.4375 -0.0187254
0.453125 -0.0198521

3.28125 0.00135101
3.29688 0.00156994

3.29688 0.00156971
3.3125 0.00172263

0.453125 -0.0198522
0.46875 -0.0209752

0.46875 -0.0209752
0.484375 -0.0220942

3.3125 0.00171882
3.32812 0.00181383

3.32812 0.00181369
3.34375 0.0018587

0.484375 -0.0220942
0.5 -0.0232094

0 0.0128432
0.015625 0.0117359

3.34375 0.00185556
3.35938 0.00185713

3.35938 0.00185701
3.375 0.00182166

0.015625 0.0117359
0.03125 0.0106285

0.03125 0.0106285
0.046875 0.00952101

3.375 0.00181916
3.39062 0.00175217

3.39062 0.00175208
3.40625 0.00165864

0.046875 0.00952113
0.0625 0.00841333

0.0625 0.0084137
0.078125 0.0073046

0.078125 0.00730476
0.09375 0.00619331

3.40625 0.0016567
3.42188 0.00154083

3.42188 0.00154078
3.4375 0.00140644

0.09375 0.00619351
0.109375 0.00507899

0.109375 0.00507894
0.125 0.00396106

3.4375 0.00140502
3.45312 0.00125518

3.45312 0.00125515
3.46875 0.00109271

3.46875 0.00109173
3.48438 0.000918727

3.48438 0.000918728
3.5 0.00073711

3.5625 -4.25068e-05
3.55927 0

3.5625 -5.7096e-05
3.57812 -0.000274853

3.57812 -0.000275002
3.59375 -0.000502834

0.125 0.00396113
0.140625 0.00283987

0.140625 0.0028398
0.15625 0.00171515

3.59375 -0.000503793
3.60938 -0.000739484

3.60938 -0.000739464
3.625 -0.000981135

0.15625 0.00171539
0.171875 0.000586989

3.625 -0.000981572
3.64062 -0.00122839

3.64062 -0.0012284
3.65625 -0.00147948

0.171875 0.00067366
0.181171 0

3.65625 -0.00147974
3.67188 -0.00173452

3.67188 -0.00173453
3.6875 -0.00199247

3.6875 -0.00199271
3.70312 -0.00225333

3.70312 -0.00225335
3.71875 -0.00251616

3.71875 -0.00251645
3.73438 -0.00278084

3.73438 -0.00278087
3.75 -0.00304621

3.75 -0.0030466
3.76562 -0.00331207

3.76562 -0.00331212
3.78125 -0.00357681

0.5 -0.0232093
0.515625 -0.024321

0.515625 -0.024321
0.53125 -0.0254293

3.78125 -0.00357734
3.79688 -0.0038401

3.79688 -0.0038402
3.8125 -0.00409977

0.53125 -0.0254293
0.546875 -0.0265345

0.546875 -0.0265345
0.5625 -0.0276363

3.8125 -0.00410046
3.82812 -0.00435526

3.82812 -0.00435542
3.84375 -0.00460376

0.5625 -0.0276362
0.578125 -0.028735

0.578125 -0.0287351
0.59375 -0.0298309

3.84375 -0.00460463
3.85938 -0.00484444

3.85938 -0.00484468
3.875 -0.00507374

0.625 -0.0320706
0.613225 -0.03125

3.875 -0.0050748
3.89062 -0.00529052

3.89062 -0.00529086
3.90625 -0.00549046

3.90625 -0.0054917
3.92188 -0.005672

3.92188 -0.00567247
3.9375 -0.00583006

0.59375 -0.0298308
0.609375 -0.0309237

0.609375 -0.0308064
0.61574 -0.03125

3.9375 -0.0058315
3.95312 -0.00596256

0.625 -0.0320135
0.640625 -0.0330965

0.640625 -0.0330963
0.65625 -0.0341733

0.65625 -0.0341733
0.671875 -0.0352447

0.671875 -0.0352445
0.6875 -0.0363106

0.6875 -0.0363105
0.703125 -0.0373717

3.95312 -0.00596302
3.96875 -0.00606375

3.96875 -0.00606549
3.98438 -0.0061315

3.98438 -0.00613369
4 -0.00615715

0.703125 -0.0373717
0.71875 -0.0384283

0.71875 -0.0384282
0.734375 -0.0394805

0.734375 -0.0394804
0.75 -0.0405288

3.5 0.00073658
3.51562 0.000547405

3.51562 0.000547237
3.53125 0.000351898

3.53125 0.000352057
3.54688 0.000150571

3.54688 0.000145863
3.5578 0

0.75 -0.0405287
0.765625 -0.0415736

0.765625 -0.0415734
0.78125 -0.0426156

0.78125 -0.0426154
0.796875 -0.0436554

0.796875 -0.0436551
0.8125 -0.0446941

0.8125 -0.0446934
0.828125 -0.0457335

0.828125 -0.0457331
0.84375 -0.0467761

0.859375 -0.0478453
0.844864 -0.046875

0.84375 -0.0466415
0.847242 -0.046875

0.859375 -0.0478218
0.875 -0.0488668

0.875 -0.0488669
0.890625 -0.0499121

0.890625 -0.0499122
0.90625 -0.0509571

0.90625 -0.0509572
0.921875 -0.0520012

0.921875 -0.0520012
0.9375 -0.0530444

0.9375 -0.0530443
0.953125 -0.0540871

0.953125 -0.0540869
0.96875 -0.0551299

0.96875 -0.0551299
0.984375 -0.0561734

0.984375 -0.0561733
1 -0.0572173

1 -0.0572173
1.01562 -0.058262

1.01562 -0.058262
1.03125 -0.0593076

1.03125 -0.0593075
1.04688 -0.0603543

1.04688 -0.0603543
1.0625 -0.0614028

1.09375 -0.0635229
1.07855 -0.0625

1.09375 -0.0635055
1.10938 -0.0645553

1.10938 -0.0645554
1.125 -0.0656042

1.0625 -0.0614024
1.07812 -0.0624533

1.07812 -0.0623089
1.08096 -0.0625

1.125 -0.0656042
1.14062 -0.0666519

1.14062 -0.0666519
1.15625 -0.0676983

1.15625 -0.0676982
1.17188 -0.0687435

1.17188 -0.0687434
1.1875 -0.069788

1.1875 -0.0697879
1.20312 -0.070832

1.20312 -0.0708323
1.21875 -0.0718755

1.21875 -0.0718758
1.23438 -0.0729173

1.23438 -0.0729176
1.25 -0.0739562

1.25 -0.0739571
1.26562 -0.0749901

1.26562 -0.0749906
1.28125 -0.0760151

1.28125 -0.0760142
1.29688 -0.077031

1.29688 -0.0770311
1.3125 -0.0780417

1.32812 -0.07905
1.3137 -0.078125

1.3125 -0.0779975
1.31449 -0.078125

1.32812 -0.0790454
1.34375 -0.0800358

1.34375 -0.0800356
1.35938 -0.0810138

1.35938 -0.0810141
1.375 -0.0819802

1.375 -0.0819806
1.39062 -0.0829336

1.39062 -0.0829337
1.40625 -0.0838726

1.40625 -0.0838733
1.42188 -0.0847964

1.42188 -0.0847968
1.4375 -0.0857019

1.4375 -0.0857024
1.45312 -0.0865877

1.45312 -0.0865878
1.46875 -0.0874523

1.46875 -0.087452
1.48438 -0.0882963

1.48438 -0.0882972
1.5 -0.0891202

