-4 0.0258393
-3.98438 0.0257817

1.25 -0.239034
1.26562 -0.239864

1.26562 -0.239864
1.28125 -0.240587

1.28125 -0.240588
1.29688 -0.241203

1.29688 -0.241204
1.3125 -0.241711

1.3125 -0.241711
1.32812 -0.24211

1.32812 -0.242111
1.34375 -0.242401

1.34375 -0.242401
1.35938 -0.242583

1.35938 -0.242583
1.375 -0.242656

-3.98438 0.0257799
-3.96875 0.0256107

-3.96875 0.0256081
-3.95312 0.0253361

-3.95312 0.0253352
-3.9375 0.0249674

1.375 -0.242656
1.39062 -0.242619

1.39062 -0.242619
1.40625 -0.242471

1.40625 -0.24247
1.42188 -0.242214

1.42188 -0.242212
1.4375 -0.241851

-3.9375 0.0249649
-3.92188 0.0245082

-1.625 0.182277
-1.60938 0.18352

-0.5 0.176169
-0.484375 0.173456

-1.60938 0.18352
-1.59375 0.184753

-1.59375 0.184754
-1.57812 0.185976

-1.57812 0.185976
-1.5625 0.187189

-1.5625 0.187062
-1.55677 0.1875

1.4375 -0.24185
1.45312 -0.241391

1.45312 -0.241389
1.46875 -0.240841

1.46875 -0.240839
1.48438 -0.240209

1.48438 -0.240207
1.5 -0.239501

-0.46875 0.170754
-0.475021 0.171875

-0.484375 0.173387
-0.475913 0.171875

-0.46875 0.170663
-0.453125 0.167791

-0.453125 0.16779
-0.4375 0.164842

-0.4375 0.164843
-0.421875 0.161819

-0.421875 0.161817
-0.40625 0.158718

-0.390625 0.155656
-0.393551 0.15625

-0.390625 0.155547
-0.375 0.1523

-0.40625 0.158689
-0.394234 0.15625

-0.25 0.124113
-0.253724 0.125

-0.375 0.152298
-0.359375 0.14898

-0.359375 0.14898
-0.34375 0.145598

-0.34375 0.145597
-0.328125 0.14215

-0.3125 0.13878
-0.320717 0.140625

-0.328125 0.141963
-0.322165 0.140625

-0.3125 0.138641
-0.296875 0.135073

-0.296875 0.135072
-0.28125 0.131444

-0.28125 0.131445
-0.265625 0.127757

-0.265625 0.127724
-0.254283 0.125

-0.25 0.124005
-0.234375 0.120185

-0.234375 0.120184
-0.21875 0.116304

-0.21875 0.116302
-0.203125 0.112366

-0.1875 0.108407
-0.191291 0.109375

-0.203125 0.112356
-0.191444 0.109375

-0.1875 0.108378
-0.171875 0.10434

-0.171875 0.104339
-0.15625 0.10025

-0.125 0.0918551
-0.132067 0.09375

-0.15625 0.10025
-0.140625 0.0961114

-0.140625 0.0961643
-0.131621 0.09375

-0.125 0.0919217
-0.109375 0.0876814

-0.109375 0.0876811
-0.09375 0.0833919

-0.09375 0.0833911
-0.078125 0.079055

-0.0625 0.0746743
-0.0748064 0.078125

-0.078125 0.0790529
-0.0748156 0.078125

-0.015625 0.0616416
-0.0185987 0.0625

-0.015625 0.0612651
0 0.0567161

-0.0625 0.0746738
-0.046875 0.0702473

-1.55915 0.1875
-1.54688 0.188444

-0.046875 0.0702462
-0.03125 0.0657761

-0.03125 0.0656529
-0.0203274 0.0625

-1.54688 0.188391
-1.53125 0.189579

1.5 -0.239499
1.51562 -0.238723

1.51562 -0.238722
1.53125 -0.237882

1.53125 -0.237881
1.54688 -0.236982

1.54688 -0.236981
1.5625 -0.236024

1.5625 -0.236024
1.57812 -0.235012

-1.53125 0.18958
-1.51562 0.190754

0.1875 -3.41866e-05
0.18739 0

0.1875 -4.17334e-05
0.203125 -0.00489682

1.57812 -0.234909
1.58595 -0.234375

0.203125 -0.00489862
0.21875 -0.00976286

0.21875 -0.00976469
0.234375 -0.0146308

-1.51562 0.190754
-1.5 0.191912

0.25 -0.0194672
0.237655 -0.015625

-3.92188 0.024507
-3.90625 0.0239688

-3.90625 0.0239663
-3.89062 0.0233541

-3.89062 0.0233526
-3.875 0.0226742

0.234375 -0.0147439
0.237206 -0.015625

1.59008 -0.234375
1.59375 -0.234124

1.59375 -0.233946
1.60938 -0.232824

1.60938 -0.232824
1.625 -0.231647

0.25 -0.0194943
0.265625 -0.0243536

1.625 -0.231646
1.64062 -0.230415

0.265625 -0.024355
0.28125 -0.029208

-3.875 0.022672
-3.85938 0.0219347

1.64062 -0.230415
1.65625 -0.229132

-3.85938 0.021933
-3.84375 0.0211444

0.296875 -0.0339287
0.288236 -0.03125

-3.84375 0.0211424
-3.82812 0.0203099

0.296875 -0.0340525
0.3125 -0.0388892

1.65625 -0.229131
1.67188 -0.227797

0.28125 -0.0293812
0.287277 -0.03125

-3.82812 0.0203082
-3.8125 0.0194393

0.3125 -0.0388908
0.328125 -0.0437161

0.34375 -0.0484465
0.338645 -0.046875

-3.8125 0.0194376
-3.79688 0.0185394

-1.5 0.191912
-1.48438 0.193053

1.67188 -0.227795
1.6875 -0.226414

-1.48438 0.193054
-1.46875 0.194179

1.6875 -0.226412
1.70312 -0.224992

-3.79688 0.0185377
-3.78125 0.0176172

-3.78125 0.0176157
-3.76562 0.0166795

1.70312 -0.22499
1.71875 -0.223542

1.71875 -0.223541
1.73438 -0.222072

1.73438 -0.222071
1.75 -0.220586

1.75 -0.220585
1.76562 -0.219086

1.76562 -0.218944
1.76763 -0.21875

1.76944 -0.21875
1.78125 -0.217606

1.78125 -0.217573
1.79688 -0.216045

1.79688 -0.216045
1.8125 -0.214503

1.8125 -0.214502
1.82812 -0.212947

1.82812 -0.212947
1.84375 -0.211379

1.84375 -0.211379
1.85938 -0.2098

1.85938 -0.2098
1.875 -0.208208

1.875 -0.208208
1.89062 -0.206604

1.89062 -0.206603
1.90625 -0.204989

1.90625 -0.204988
1.92188 -0.203366

1.92188 -0.203256
1.92313 -0.203125

1.92433 -0.203125
1.9375 -0.201753

1.9375 -0.201737
1.95312 -0.200101

1.95312 -0.200101
1.96875 -0.198459

1.96875 -0.198459
1.98438 -0.19681

1.98438 -0.19681
2 -0.195157

2 -0.195157
2.01562 -0.193498

2.01562 -0.193498
2.03125 -0.191833

2.03125 -0.191833
2.04688 -0.190161

2.04688 -0.190161
2.0625 -0.188481

2.0625 -0.188338
2.07025 -0.1875

0.328125 -0.0437574
0.338252 -0.046875

-3.76562 0.016678
-3.75 0.0157324

-3.73438 0.0147831
-3.74823 0.015625

-3.75 0.0157206
-3.74843 0.015625

-3.73438 0.0147804
-3.71875 0.0138328

0.34375 -0.0485263
0.359375 -0.0533215

0.359375 -0.0533216
0.375 -0.0581022

-3.71875 0.0138314
-3.70312 0.0128911

0.390625 -0.0628636
0.389433 -0.0625

0.390625 -0.0628677
0.40625 -0.0676145

2.07361 -0.1875
2.07812 -0.187012

2.07812 -0.186793
2.09375 -0.185094

-3.70312 0.0128896
-3.6875 0.0119625

-3.6875 0.0119611
-3.67188 0.0110529

2.09375 -0.185094
2.10938 -0.183388

-3.67188 0.0110516
-3.65625 0.0101677

2.10938 -0.183388
2.125 -0.181674

-3.65625 0.0101663
-3.64062 0.00931244

-3.64062 0.00931132
-3.625 0.00849249

2.125 -0.181674
2.14062 -0.179952

-3.625 0.00849104
-3.60938 0.00771238

2.14062 -0.179952
2.15625 -0.178221

-3.60938 0.00771152
-3.59375 0.00697767

-3.59375 0.00697618
-3.57812 0.00629181

0.40625 -0.0676174
0.421875 -0.0723401

-1.46875 0.194179
-1.45312 0.195289

-1.45312 0.195289
-1.4375 0.196381

-1.4375 0.196382
-1.42188 0.197457

-1.42188 0.197458
-1.40625 0.198516

-1.40625 0.198515
-1.39062 0.199554

-1.39062 0.199554
-1.375 0.200573

2.15625 -0.178221
2.17188 -0.176484

2.17188 -0.176485
2.1875 -0.174739

-3.57812 0.0062912
-3.5625 0.00566053

-3.5625 0.00565903
-3.54688 0.00508627

0.421875 -0.072341
0.4375 -0.077032

0.375 -0.0581081
0.389436 -0.0625

0.453125 -0.0816894
0.441169 -0.078125

0.4375 -0.0770334
0.441162 -0.078125

0.453125 -0.08169
0.46875 -0.0863161

2.1875 -0.174739
2.20312 -0.172982

2.20312 -0.1729
2.21218 -0.171875

-3.54688 0.00508587
-3.53125 0.00457481

-3.53125 0.00457334
-3.51562 0.00412774

0.5 -0.0955493
0.493832 -0.09375

0.46875 -0.0863166
0.484375 -0.0909094

2.21425 -0.171875
2.21875 -0.171365

0.484375 -0.0908596
0.494284 -0.09375

-3.51562 0.00412748
-3.5 0.00375079

0 0.0567143
0.015625 0.0521305

0.015625 0.05213
0.03125 0.047516

2.21875 -0.171214
2.23438 -0.169432

2.23438 -0.169431
2.25 -0.167638

-3.5 0.0037494
-3.48438 0.00344491

2.25 -0.167639
2.26562 -0.165834

0.046875 0.0429016
0.0335055 0.046875

-3.48438 0.00344474
-3.46875 0.00321559

0.03125 0.0472998
0.0326794 0.046875

2.26562 -0.165835
2.28125 -0.164015

0.046875 0.0428717
0.0625 0.0381995

-3.46875 0.00321431
-3.45312 0.00306339

0.09375 0.0288774
0.0859105 0.03125

2.28125 -0.164014
2.29688 -0.162179

0.0625 0.0382
0.078125 0.0335003

-3.45312 0.00306326
-3.4375 0.00299337

0.078125 0.0333836
0.0851749 0.03125

2.29688 -0.162179
2.3125 -0.16033

0.09375 0.0287699
0.109375 0.0240149

-3.4375 0.00299224
-3.42188 0.00300587

-3.42188 0.00300577
-3.40625 0.00310539

2.3125 -0.16033
2.32812 -0.158465

2.32812 -0.158466
2.34375 -0.156581

0.109375 0.0240139
0.125 0.0192383

-1.375 0.200574
-1.35938 0.201571

-1.35938 0.201571
-1.34375 0.202546

-1.34375 0.202533
-1.33403 0.203125

0.140625 0.0145431
0.137099 0.015625

-1.3346 0.203125
-1.32812 0.203519

-3.40625 0.00310445
-3.39062 0.00329215

2.34375 -0.156536
2.34609 -0.15625

-3.39062 0.00329205
-3.375 0.0035699

0.125 0.0192071
0.136674 0.015625

-1.32812 0.203499
-1.3125 0.204425

2.34654 -0.15625
2.35938 -0.154683

-1.3125 0.204426
-1.29688 0.205323

2.35938 -0.154674
2.375 -0.152744

0.140625 0.0144439
0.15625 0.00963088

0.15625 0.0096295
0.171875 0.00480051

0.171875 0.00480045
0.187365 0

2.375 -0.152744
2.39062 -0.150792

2.39062 -0.150792
2.40625 -0.148816

2.40625 -0.148816
2.42188 -0.146815

2.42188 -0.146815
2.4375 -0.144786

-3.375 0.00356919
-3.35938 0.00393883

-3.35938 0.00393872
-3.34375 0.00440175

-1.29688 0.205324
-1.28125 0.206192

-1.28125 0.206191
-1.26562 0.207028

2.4375 -0.144787
2.45312 -0.142729

-1.26562 0.207029
-1.25 0.207835

-3.34375 0.00440132
-3.32812 0.00495884

2.45312 -0.142729
2.46875 -0.140639

-3.32812 0.00495875
-3.3125 0.0056118

0.609375 -0.126238
0.604833 -0.125

-3.3125 0.00561165
-3.29688 0.0063607

2.46875 -0.140636
2.46883 -0.140625

-3.29688 0.00636069
-3.28125 0.00720604

2.46886 -0.140625
2.48438 -0.138516

-1.25 0.207835
-1.23438 0.208609

2.48438 -0.138516
2.5 -0.136357

0.609375 -0.126226
0.625 -0.130441

-3.28125 0.00720617
-3.26562 0.00814762

0.5 -0.0954679
0.515625 -0.0999892

-1.23438 0.208609
-1.21875 0.209351

0.515625 -0.0999897
0.53125 -0.104473

-3.26562 0.00814777
-3.25 0.00918476

0.53125 -0.104474
0.546875 -0.108916

-1.21875 0.209351
-1.20312 0.210058

0.5625 -0.113314
0.548499 -0.109375

-3.25 0.0091851
-3.23438 0.0103166

2.5 -0.136357
2.51562 -0.134162

-3.23438 0.010317
-3.21875 0.0115416

2.51562 -0.134163
2.53125 -0.131931

2.53125 -0.131931
2.54688 -0.129662

-3.21875 0.0115422
-3.20312 0.012858

-1.20312 0.210058
-1.1875 0.21073

0.546875 -0.108898
0.54857 -0.109375

-3.20312 0.0128586
-3.1875 0.0142635

0.5625 -0.113312
0.578125 -0.117662

2.54688 -0.129663
2.5625 -0.127354

-1.1875 0.210731
-1.17188 0.211365

2.5625 -0.127354
2.57812 -0.125005

-3.1875 0.0142647
-3.17325 0.015625

2.57816 -0.125
2.59375 -0.122615

0.578125 -0.117663
0.59375 -0.121967

-1.17188 0.211366
-1.15625 0.211962

2.59375 -0.122615
2.60938 -0.120184

-1.15625 0.211962
-1.14062 0.212518

-3.17318 0.015625
-3.17188 0.0157499

0.59375 -0.121961
0.604897 -0.125

-3.17188 0.0157561
-3.15625 0.0173313

-1.14062 0.212519
-1.125 0.213033

0.625 -0.130442
0.640625 -0.134607

-1.125 0.213034
-1.10938 0.213503

0.640625 -0.134607
0.65625 -0.138719

-1.10938 0.213503
-1.09375 0.213924

2.60938 -0.120184
2.625 -0.117714

-1.09375 0.213925
-1.07812 0.214295

-3.15625 0.0173322
-3.14062 0.0189881

0.671875 -0.142815
0.663438 -0.140625

-3.14062 0.0189893
-3.125 0.0207216

2.625 -0.117714
2.64062 -0.115205

-3.125 0.0207232
-3.10938 0.0225266

2.64062 -0.115205
2.65625 -0.112656

-3.10938 0.0225279
-3.09375 0.0243967

0.65625 -0.138676
0.663761 -0.140625

-3.09375 0.0243989
-3.07812 0.0263259

2.65625 -0.112655
2.67188 -0.110067

0.671875 -0.142776
0.6875 -0.146772

2.67188 -0.109922
2.67513 -0.109375

-1.07812 0.214296
-1.0625 0.214614

0.6875 -0.146772
0.703125 -0.150707

0.703125 -0.150707
0.71875 -0.154582

2.67627 -0.109375
2.6875 -0.107489

0.734375 -0.158434
0.725428 -0.15625

0.734375 -0.158398
0.75 -0.162149

-3.07812 0.026326
-3.0625 0.0283067

-1.0625 0.214614
-1.04688 0.214878

-3.0625 0.028311
-3.04688 0.0303364

2.6875 -0.107442
2.70312 -0.104781

0.71875 -0.154536
0.725772 -0.15625

-1.04688 0.214878
-1.03125 0.215086

-3.04688 0.0305005
-3.04118 0.03125

-1.03125 0.215086
-1.01562 0.215235

2.70312 -0.104781
2.71875 -0.102083

0.75 -0.16215
0.765625 -0.165836

2.71875 -0.102083
2.73438 -0.0993484

0.765625 -0.165837
0.78125 -0.169454

2.73438 -0.0993482
2.75 -0.0965759

0.796875 -0.173117
0.791402 -0.171875

-1.01562 0.215236
-1 0.215325

2.75 -0.0965758
2.76562 -0.0937664

-3.03901 0.03125
-3.03125 0.0322716

0.78125 -0.169398
0.792163 -0.171875

2.76562 -0.0937671
2.76572 -0.09375

-3.03125 0.0323981
-3.01562 0.0344799

-3.01562 0.0344826
-3 0.0365792

0.796875 -0.173002
0.8125 -0.176476

0.875 -0.189705
0.864281 -0.1875

2.76572 -0.09375
2.78125 -0.09092

2.78125 -0.0909203
2.79688 -0.0880358

0.8125 -0.176475
0.828125 -0.179875

0.828125 -0.179875
0.84375 -0.183201

2.79688 -0.0880357
2.8125 -0.0851127

2.8125 -0.0851119
2.82812 -0.0821523

-3 0.0365814
-2.98438 0.038683

2.82812 -0.0821524
2.84375 -0.0791575

0.84375 -0.1832
0.859375 -0.186457

-1 0.215326
-0.984375 0.215352

-0.984375 0.215352
-0.96875 0.215313

-2.98438 0.0386843
-2.96875 0.0407837

-2.96875 0.0407843
-2.95312 0.0428776

-2.95312 0.0428782
-2.9375 0.0449629

-2.9375 0.0449628
-2.9231 0.046875

-2.92313 0.046875
-2.92188 0.0470413

-2.92188 0.0470376
-2.90625 0.0491011

-2.90625 0.0491014
-2.89062 0.0511531

-2.89062 0.0511532
-2.875 0.0531923

-2.875 0.0531925
-2.85938 0.0552184

-2.85938 0.0552185
-2.84375 0.0572304

-0.96875 0.215313
-0.953125 0.215208

-0.953125 0.215208
-0.9375 0.215035

0.859375 -0.186355
0.864995 -0.1875

-0.9375 0.215036
-0.921875 0.214793

0.875 -0.18965
0.890625 -0.192742

-2.84375 0.0572306
-2.82812 0.059228

2.84375 -0.0791893
2.84924 -0.078125

-2.82812 0.0592282
-2.8125 0.0612104

-0.921875 0.214794
-0.90625 0.214478

0.890625 -0.192736
0.90625 -0.195736

-0.90625 0.214479
-0.890625 0.214088

2.84899 -0.078125
2.85938 -0.0761103

2.85938 -0.0761259
2.875 -0.0730601

0.90625 -0.195736
0.921875 -0.198656

2.875 -0.0730583
2.89062 -0.0699633

2.89062 -0.0699622
2.90625 -0.0668441

0.921875 -0.198656
0.9375 -0.201496

-0.890625 0.214089
-0.875 0.213621

-2.8125 0.0611572
-2.80183 0.0625

0.953125 -0.204476
0.945474 -0.203125

2.90625 -0.0668428
2.92188 -0.0637064

-2.80302 0.0625
-2.79688 0.0632734

2.92188 -0.0634681
2.92668 -0.0625

-0.875 0.213621
-0.859375 0.213074

0.9375 -0.201336
0.947632 -0.203125

-0.859375 0.213074
-0.84375 0.212447

0.953125 -0.204256
0.96875 -0.206929

2.92853 -0.0625
2.9375 -0.0606934

-0.84375 0.212447
-0.828125 0.211739

2.9375 -0.0605535
2.95312 -0.057406

-0.828125 0.21174
-0.8125 0.210949

0.96875 -0.20693
0.984375 -0.209515

-0.8125 0.210949
-0.796875 0.210073

2.95312 -0.0574032
2.96875 -0.0542678

-2.79688 0.0631767
-2.78125 0.0651272

2.96875 -0.0542649
2.98438 -0.0511532

0.984375 -0.209515
1 -0.21201

-2.78125 0.0651269
-2.76562 0.0670624

-0.796875 0.210074
-0.78125 0.209112

2.98438 -0.0511503
3 -0.0480739

-0.78125 0.209112
-0.765625 0.208065

-2.76562 0.067062
-2.75 0.0689837

-0.765625 0.208066
-0.75 0.206931

-2.75 0.0689835
-2.73438 0.0708925

-2.73438 0.0708925
-2.71875 0.0727891

-2.71875 0.0727892
-2.70312 0.0746735

-2.70312 0.0746735
-2.6875 0.0765452

-2.6875 0.0764763
-2.67365 0.078125

3 -0.0479104
3.00534 -0.046875

-0.75 0.206932
-0.734375 0.205709

3.00669 -0.046875
3.01562 -0.0451414

-0.734375 0.205709
-0.71875 0.204396

-2.67648 0.078125
-2.67188 0.0786729

-0.703125 0.203009
-0.704422 0.203125

3.01562 -0.0450381
3.03125 -0.0420592

1 -0.21201
1.01562 -0.214416

3.03125 -0.042056
3.04688 -0.0391404

-2.67188 0.0784046
-2.65625 0.0802517

-0.71875 0.204394
-0.704617 0.203125

-2.65625 0.0802517
-2.64062 0.0820861

1.01562 -0.214417
1.03125 -0.216733

3.04688 -0.0391387
3.0625 -0.036296

1.04688 -0.219781
1.03964 -0.21875

1.04688 -0.21896
1.0625 -0.221093

-2.64062 0.0820861
-2.625 0.0839078

1.03125 -0.216494
1.04688 -0.218719

1.04688 -0.218701
1.04723 -0.21875

3.0625 -0.0362937
3.07812 -0.033532

-0.703125 0.202993
-0.6875 0.201499

3.07812 -0.0335158
3.09136 -0.03125

-2.625 0.0839077
-2.60938 0.085717

-0.6875 0.201499
-0.671875 0.199911

1.0625 -0.221093
1.07812 -0.223132

3.09204 -0.03125
3.09375 -0.0309577

-2.60938 0.0857172
-2.59375 0.087514

3.09375 -0.0308525
3.10938 -0.028275

-0.671875 0.199911
-0.65625 0.198228

1.07812 -0.223133
1.09375 -0.225077

-0.65625 0.198228
-0.640625 0.196451

-2.59375 0.0875136
-2.57812 0.0892982

3.10938 -0.0282752
3.125 -0.0258023

-2.57812 0.0892979
-2.5625 0.0910715

1.09375 -0.225078
1.10938 -0.226925

-2.5625 0.091071
-2.54688 0.0928349

1.10938 -0.226925
1.125 -0.228674

-0.640625 0.196451
-0.625 0.194581

1.125 -0.228674
1.14062 -0.230323

-2.54688 0.0924743
-2.53552 0.09375

3.125 -0.0258001
3.14062 -0.0234358

-2.54214 0.09375
-2.53125 0.094973

1.15625 -0.234727
1.1527 -0.234375

-0.5625 0.186234
-0.571471 0.1875

1.14062 -0.230283
1.15625 -0.231832

-2.53125 0.094591
-2.51562 0.0963348

1.17188 -0.234916
1.16604 -0.234375

1.15625 -0.231771
1.17188 -0.233219

3.14062 -0.023435
3.15625 -0.0211853

-0.625 0.194582
-0.609375 0.192616

3.15625 -0.0211843
3.17188 -0.0190527

-2.51562 0.0963345
-2.5 0.0980658

3.17188 -0.0190522
3.1875 -0.0170415

3.1875 -0.0170335
3.19915 -0.015625

-0.609375 0.192615
-0.59375 0.190557

3.19942 -0.015625
3.20312 -0.0151769

1.1875 -0.235059
1.17957 -0.234375

-0.59375 0.190558
-0.578125 0.188406

-2.5 0.0980659
-2.48438 0.0997849

1.17188 -0.233153
1.18605 -0.234375

-2.48438 0.0997849
-2.46875 0.101492

-2.46875 0.101491
-2.45312 0.103186

3.20312 -0.0151528
3.21875 -0.0133878

-2.45312 0.103186
-2.4375 0.10487

-0.578125 0.188311
-0.5725 0.1875

1.1875 -0.234668
1.20312 -0.235914

-0.5625 0.186153
-0.546875 0.183797

1.20312 -0.235914
1.21875 -0.237058

3.21875 -0.0133877
3.23438 -0.0117465

1.21875 -0.237058
1.23438 -0.238098

3.23438 -0.0117464
3.25 -0.0102293

-0.546875 0.183797
-0.53125 0.181345

3.25 -0.0102294
3.26562 -0.00883622

-2.4375 0.10487
-2.42188 0.106546

1.23438 -0.238098
1.25 -0.239033

-2.42188 0.106546
-2.40625 0.108217

-2.40625 0.10812
-2.39448 0.109375

3.26562 -0.0088364
3.28125 -0.0075667

-0.53125 0.181343
-0.515625 0.1788

3.28125 -0.0075671
3.29688 -0.0064197

3.29688 -0.00641998
3.3125 -0.00539351

-0.515625 0.178799
-0.5 0.17617

-2.39723 0.109375
-2.39062 0.110079

-2.39062 0.109886
-2.375 0.111545

3.3125 -0.0053943
3.32812 -0.00448663

-2.375 0.111546
-2.35938 0.113194

-2.35938 0.113194
-2.34375 0.114828

-2.34375 0.114828
-2.32812 0.116449

-2.32812 0.11645
-2.3125 0.118058

3.32812 -0.00448688
3.34375 -0.00369593

3.34375 -0.00369711
3.35938 -0.00302003

-2.3125 0.118058
-2.29688 0.119651

-2.29688 0.119652
-2.28125 0.121227

-2.28125 0.121227
-2.26562 0.122784

-2.26562 0.122757
-2.25 0.124351

3.35938 -0.0030202
3.375 -0.00245432

3.375 -0.00245581
3.39062 -0.0019978

-2.25 0.124039
-2.24068 0.125

-2.24637 0.125
-2.23438 0.126253

3.39062 -0.00199791
3.40625 -0.0016446

3.40625 -0.00164632
3.42188 -0.00139405

-2.23438 0.12601
-2.21875 0.127627

-2.21875 0.127628
-2.20312 0.129229

-2.20312 0.129229
-2.1875 0.130815

-2.1875 0.130813
-2.17188 0.132388

-2.17188 0.132389
-2.15625 0.133954

-2.15625 0.133954
-2.14062 0.135507

-2.14062 0.135506
-2.125 0.137048

-2.125 0.137047
-2.10938 0.138582

-2.10938 0.138582
-2.09375 0.140112

3.42188 -0.00139412
3.4375 -0.00123932

3.4375 -0.00124122
3.45312 -0.00117996

3.45312 -0.00118001
3.46875 -0.00120839

-2.09375 0.139869
-2.086 0.140625

-2.08996 0.140625
-2.07812 0.141781

-2.07812 0.141638
-2.0625 0.143157

3.46875 -0.00121043
3.48438 -0.00132427

3.48438 -0.00132433
3.5 -0.00151943

-2.0625 0.143157
-2.04688 0.144668

-2.04688 0.144668
-2.03125 0.146171

-2.03125 0.14617
-2.01562 0.147667

-2.01562 0.147668
-2 0.149158

3.5 -0.00152158
3.51562 -0.00179354

3.51562 -0.00179363
3.53125 -0.00213794

3.53125 -0.00214018
3.54688 -0.00255218

3.54688 -0.00255236
3.5625 -0.00302724

3.5625 -0.0030295
3.57812 -0.00356237

3.57812 -0.00356269
3.59375 -0.00414837

3.59375 -0.00415061
3.60938 -0.00478399

3.60938 -0.00478453
3.625 -0.00546007

3.625 -0.00546219
3.64062 -0.00617458

3.64062 -0.0061754
3.65625 -0.00691878

-2 0.149158
-1.98438 0.150638

-1.98438 0.150638
-1.96875 0.15211

-1.96875 0.15211
-1.95312 0.153576

-1.95312 0.153576
-1.9375 0.155036

-1.9375 0.155017
-1.92424 0.15625

-1.92538 0.15625
-1.92188 0.156576

3.65625 -0.00692073
3.67188 -0.00768957

3.67188 -0.00769065
3.6875 -0.00847887

-1.92188 0.15649
-1.90625 0.157933

-1.90625 0.157932
-1.89062 0.159364

-1.89062 0.159364
-1.875 0.160787

3.6875 -0.00848064
3.70312 -0.00928252

3.70312 -0.00928383
3.71875 -0.0100932

-1.875 0.160786
-1.85938 0.162199

-1.85938 0.162199
-1.84375 0.163605

-1.84375 0.163604
-1.82812 0.165003

-1.82812 0.165003
-1.8125 0.166395

-1.8125 0.166396
-1.79688 0.167781

-1.79688 0.167782
-1.78125 0.169159

-1.78125 0.169159
-1.76562 0.170528

-1.76562 0.170528
-1.75013 0.171875

-1.75014 0.171875
-1.75 0.171888

3.71875 -0.0100949
3.73438 -0.0109059

-1.75 0.171835
-1.74953 0.171875

-1.75 0.171888
-1.73438 0.173234

-1.73438 0.173233
-1.71875 0.174565

-1.71875 0.174565
-1.70312 0.175885

-1.70312 0.175885
-1.6875 0.177192

-1.6875 0.177192
-1.67188 0.178485

3.73438 -0.0109074
3.75 -0.011714

3.75 -0.0117155
3.76562 -0.012512

3.76562 -0.0125134
3.78125 -0.0132937

3.78125 -0.0132951
3.79688 -0.0140536

3.79688 -0.014055
3.8125 -0.0147862

-1.67188 0.178485
-1.65625 0.179764

-1.65625 0.179763
-1.64062 0.181027

-1.64062 0.181027
-1.625 0.182278

3.8125 -0.0147874
3.82812 -0.0154858

3.84375 -0.0161362
3.83166 -0.015625

3.82812 -0.0155412
3.83011 -0.015625

3.84375 -0.016149
3.85938 -0.0167674

3.85938 -0.0167687
3.875 -0.0173398

3.875 -0.0173409
3.89062 -0.0178598

3.89062 -0.017861
3.90625 -0.0183231

3.90625 -0.0183241
3.92188 -0.0187247

3.92188 -0.0187258
3.9375 -0.0190607

3.9375 -0.0190616
3.95312 -0.0193269

3.95312 -0.0193277
3.96875 -0.0195198

3.96875 -0.0195205
3.98438 -0.0196365

3.98438 -0.0196365
4 -0.0196752

