-4 0.299906
-3.98438 0.299906

0 0.301992
0.015625 0.302053

0.015625 0.302053
0.03125 0.302095

0.03125 0.302094
0.046875 0.302116

0.046875 0.302116
0.0625 0.302119

0.0625 0.302118
0.078125 0.302104

0.078125 0.302103
0.09375 0.302073

0.09375 0.302073
0.109375 0.302029

0.109375 0.302028
0.125 0.301972

0.125 0.301971
0.140625 0.301905

0.140625 0.301905
0.15625 0.301831

0.15625 0.30183
0.171875 0.30175

0.171875 0.30175
0.1875 0.301665

0.1875 0.301665
0.203125 0.301577

0.203125 0.301577
0.21875 0.301488

0.21875 0.301488
0.234375 0.301398

0.234375 0.301398
0.25 0.301309

0.25 0.301309
0.265625 0.301222

0.265625 0.301221
0.28125 0.301136

0.28125 0.301136
0.296875 0.301053

0.296875 0.301053
0.3125 0.300973

0.3125 0.300973
0.328125 0.300897

0.328125 0.300896
0.34375 0.300826

0.34375 0.300825
0.359375 0.300765

0.359375 0.300764
0.375 0.300717

0.375 0.300719
0.390625 0.300682

0.390625 0.300682
0.40625 0.300647

0.40625 0.300647
0.421875 0.300613

-1.5625 0.299673
-1.54688 0.299667

-3.98438 0.299906
-3.96875 0.299906

-3.96875 0.299906
-3.95312 0.299905

-3.95312 0.299905
-3.9375 0.299905

-3.9375 0.299905
-3.92188 0.299905

-3.92188 0.299905
-3.90625 0.299905

-3.90625 0.299905
-3.89062 0.299905

1.5 0.300033
1.51562 0.300031

-1.54688 0.299667
-1.53125 0.299661

1.51562 0.300031
1.53125 0.300029

-1.53125 0.299661
-1.51562 0.299655

-3.89062 0.299905
-3.875 0.299905

-3.875 0.299905
-3.85938 0.299905

-3.85938 0.299905
-3.84375 0.299905

0.421875 0.300612
0.4375 0.300579

1.53125 0.300029
1.54688 0.300027

1.54688 0.300027
1.5625 0.300025

0.4375 0.300579
0.453125 0.300547

-3.84375 0.299905
-3.82812 0.299906

-3.82812 0.299906
-3.8125 0.299906

-3.8125 0.299906
-3.79688 0.299906

-1.51562 0.299655
-1.5 0.299649

1.5625 0.300025
1.57812 0.300024

0.453125 0.300547
0.46875 0.300516

-1.5 0.299649
-1.48438 0.299643

0.46875 0.300516
0.484375 0.300487

-1.48438 0.299643
-1.46875 0.299636

1.57812 0.300024
1.59375 0.300022

1.59375 0.300022
1.60938 0.30002

-3.79688 0.299906
-3.78125 0.299906

0.484375 0.300487
0.5 0.30046

-1.46875 0.299636
-1.45312 0.29963

1.60938 0.30002
1.625 0.300019

1.625 0.300019
1.64062 0.300017

0.5 0.30046
0.515625 0.300435

-1.45312 0.29963
-1.4375 0.299623

0.515625 0.300435
0.53125 0.300412

-1.4375 0.299623
-1.42188 0.299617

1.64062 0.300017
1.65625 0.300015

1.65625 0.300015
1.67188 0.300014

-1.42188 0.299617
-1.40625 0.29961

0.53125 0.300412
0.546875 0.30039

-1.40625 0.29961
-1.39062 0.299603

-1.39062 0.299603
-1.375 0.299596

-1.375 0.299596
-1.35938 0.299589

-1.35938 0.299589
-1.34375 0.299582

-1.34375 0.299582
-1.32812 0.299575

-1.32812 0.299575
-1.3125 0.299568

-1.3125 0.299568
-1.29688 0.29956

-1.29688 0.29956
-1.28125 0.299553

-1.28125 0.299553
-1.26562 0.299545

-1.26562 0.299545
-1.25 0.299538

-1.25 0.299538
-1.23438 0.29953

-1.23438 0.29953
-1.21875 0.299522

-1.21875 0.299522
-1.20312 0.299514

-1.20312 0.299514
-1.1875 0.299507

-1.1875 0.299507
-1.17188 0.299499

0.546875 0.30039
0.5625 0.30037

-1.17188 0.299499
-1.15625 0.299491

-1.15625 0.299491
-1.14062 0.299483

-1.14062 0.299483
-1.125 0.299474

0.5625 0.30037
0.578125 0.300352

0.578125 0.300352
0.59375 0.300335

0.59375 0.300335
0.609375 0.30032

1.67188 0.300014
1.6875 0.300012

1.6875 0.300012
1.70312 0.300011

-3.78125 0.299906
-3.76562 0.299906

1.70312 0.300011
1.71875 0.300009

1.71875 0.300009
1.73438 0.300008

1.73438 0.300008
1.75 0.300006

-3.76562 0.299906
-3.75 0.299907

0.609375 0.30032
0.625 0.300305

1.75 0.300006
1.76562 0.300005

1.76562 0.300005
1.78125 0.300004

1.78125 0.300004
1.79688 0.300002

0.625 0.300305
0.640625 0.300292

-1.125 0.299474
-1.10938 0.299466

-1.10938 0.299466
-1.09375 0.299458

-1.09375 0.299458
-1.07812 0.29945

-1.07812 0.29945
-1.0625 0.299441

-1.0625 0.299441
-1.04688 0.299433

-1.04688 0.299433
-1.03125 0.299425

-1.03125 0.299425
-1.01562 0.299416

-1.01562 0.299416
-1 0.299408

-1 0.299408
-0.984375 0.2994

-0.984375 0.2994
-0.96875 0.299391

-0.96875 0.299391
-0.953125 0.299383

0.640625 0.300292
0.65625 0.30028

0.65625 0.30028
0.671875 0.300269

0.671875 0.300269
0.6875 0.300258

0.6875 0.300258
0.703125 0.300249

0.703125 0.300249
0.71875 0.30024

0.71875 0.30024
0.734375 0.300231

0.734375 0.300231
0.75 0.300223

0.75 0.300223
0.765625 0.300216

0.765625 0.300216
0.78125 0.300209

0.78125 0.300209
0.796875 0.300202

0.796875 0.300202
0.8125 0.300196

0.8125 0.300196
0.828125 0.30019

0.828125 0.30019
0.84375 0.300184

0.84375 0.300184
0.859375 0.300179

0.859375 0.300179
0.875 0.300173

0.875 0.300173
0.890625 0.300168

0.890625 0.300168
0.90625 0.300163

0.90625 0.300163
0.921875 0.300158

0.921875 0.300158
0.9375 0.300153

0.9375 0.300153
0.953125 0.300149

0.953125 0.300149
0.96875 0.300144

0.96875 0.300144
0.984375 0.30014

0.984375 0.30014
1 0.300135

1 0.300135
1.01562 0.300131

1.01562 0.300131
1.03125 0.300127

-0.953125 0.299383
-0.9375 0.299375

1.79688 0.300002
1.8125 0.300001

1.8125 0.300001
1.82812 0.3

1.82812 0.3
1.84375 0.299999

1.84375 0.299999
1.85938 0.299997

1.85938 0.299997
1.875 0.299996

-3.75 0.299907
-3.73438 0.299907

1.03125 0.300127
1.04688 0.300123

-0.9375 0.299375
-0.921875 0.299367

-3.73438 0.299907
-3.71875 0.299907

-0.921875 0.299367
-0.90625 0.299358

1.875 0.299996
1.89062 0.299995

1.89062 0.299995
1.90625 0.299994

-0.90625 0.299358
-0.890625 0.29935

1.04688 0.300123
1.0625 0.300119

-0.890625 0.29935
-0.875 0.299343

1.0625 0.300119
1.07812 0.300115

1.07812 0.300115
1.09375 0.300111

1.09375 0.300111
1.10938 0.300107

1.10938 0.300107
1.125 0.300104

1.125 0.300104
1.14062 0.3001

1.14062 0.3001
1.15625 0.300096

1.15625 0.300096
1.17188 0.300092

1.90625 0.299994
1.92188 0.299993

1.92188 0.299993
1.9375 0.299992

1.9375 0.299992
1.95312 0.299992

1.95312 0.299992
1.96875 0.299991

1.96875 0.299991
1.98438 0.29999

1.98438 0.29999
2 0.299989

2 0.299989
2.01562 0.299988

2.01562 0.299988
2.03125 0.299988

2.03125 0.299988
2.04688 0.299987

2.04688 0.299987
2.0625 0.299986

2.0625 0.299986
2.07812 0.299986

2.07812 0.299986
2.09375 0.299985

2.09375 0.299985
2.10938 0.299985

2.10938 0.299985
2.125 0.299984

2.125 0.299984
2.14062 0.299984

2.14062 0.299984
2.15625 0.299983

2.15625 0.299983
2.17188 0.299983

2.17188 0.299983
2.1875 0.299982

2.1875 0.299982
2.20312 0.299982

2.20312 0.299982
2.21875 0.299981

2.21875 0.299981
2.23438 0.299981

2.23438 0.299981
2.25 0.29998

2.25 0.29998
2.26562 0.29998

2.26562 0.29998
2.28125 0.299979

2.28125 0.299979
2.29688 0.299979

2.29688 0.299979
2.3125 0.299979

2.3125 0.299979
2.32812 0.299978

2.32812 0.299978
2.34375 0.299978

2.34375 0.299978
2.35938 0.299977

2.35938 0.299977
2.375 0.299977

2.375 0.299977
2.39062 0.299976

2.39062 0.299976
2.40625 0.299976

2.40625 0.299976
2.42188 0.299975

2.42188 0.299975
2.4375 0.299975

2.4375 0.299975
2.45312 0.299974

2.45312 0.299974
2.46875 0.299974

2.46875 0.299974
2.48438 0.299973

2.48438 0.299973
2.5 0.299972

2.5 0.299972
2.51562 0.299972

2.51562 0.299972
2.53125 0.299971

2.53125 0.299971
2.54688 0.29997

2.54688 0.29997
2.5625 0.29997

2.5625 0.29997
2.57812 0.299969

2.57812 0.299969
2.59375 0.299968

2.59375 0.299968
2.60938 0.299968

2.60938 0.299968
2.625 0.299967

2.625 0.299967
2.64062 0.299966

2.64062 0.299966
2.65625 0.299965

2.65625 0.299965
2.67188 0.299965

2.67188 0.299965
2.6875 0.299964

2.6875 0.299964
2.70312 0.299963

2.70312 0.299963
2.71875 0.299963

2.71875 0.299963
2.73438 0.299962

2.73438 0.299962
2.75 0.299961

2.75 0.299961
2.76562 0.299961

2.76562 0.299961
2.78125 0.29996

2.78125 0.29996
2.79688 0.29996

-0.875 0.299343
-0.859375 0.299335

-3.71875 0.299907
-3.70312 0.299907

-3.70312 0.299907
-3.6875 0.299908

-3.6875 0.299908
-3.67188 0.299908

-3.67188 0.299908
-3.65625 0.299909

-0.859375 0.299335
-0.84375 0.299327

1.17188 0.300092
1.1875 0.300089

-0.84375 0.299327
-0.828125 0.29932

-0.828125 0.29932
-0.8125 0.299313

2.79688 0.29996
2.8125 0.299959

-3.65625 0.299909
-3.64062 0.299909

-3.64062 0.299909
-3.625 0.299909

-3.625 0.299909
-3.60938 0.29991

2.8125 0.299959
2.82812 0.299959

2.82812 0.299959
2.84375 0.299958

2.84375 0.299958
2.85938 0.299958

1.1875 0.300089
1.20312 0.300085

1.20312 0.300085
1.21875 0.300082

1.21875 0.300082
1.23438 0.300078

1.23438 0.300078
1.25 0.300075

1.25 0.300075
1.26562 0.300071

1.26562 0.300071
1.28125 0.300068

1.28125 0.300068
1.29688 0.300065

2.85938 0.299958
2.875 0.299957

2.875 0.299957
2.89062 0.299957

2.89062 0.299957
2.90625 0.299956

2.90625 0.299956
2.92188 0.299956

-0.8125 0.299313
-0.796875 0.299307

2.92188 0.299956
2.9375 0.299956

2.9375 0.299956
2.95312 0.299955

2.95312 0.299955
2.96875 0.299955

2.96875 0.299955
2.98438 0.299954

-3.60938 0.29991
-3.59375 0.29991

-3.59375 0.29991
-3.57812 0.299911

-3.57812 0.299911
-3.5625 0.299911

1.29688 0.300065
1.3125 0.300062

-3.5625 0.299911
-3.54688 0.299911

-3.54688 0.299911
-3.53125 0.299912

-0.796875 0.299307
-0.78125 0.2993

1.3125 0.300062
1.32812 0.300059

1.32812 0.300059
1.34375 0.300056

-0.78125 0.2993
-0.765625 0.299294

-0.765625 0.299294
-0.75 0.299289

2.98438 0.299954
3 0.299954

3 0.299954
3.01562 0.299953

-3.53125 0.299912
-3.51562 0.299912

3.01562 0.299953
3.03125 0.299953

-3.51562 0.299912
-3.5 0.299913

-0.75 0.299289
-0.734375 0.299284

1.34375 0.300056
1.35938 0.300053

-0.734375 0.299284
-0.71875 0.29928

3.03125 0.299953
3.04688 0.299952

-3.5 0.299913
-3.48438 0.299913

-3.48438 0.299913
-3.46875 0.299914

-3.46875 0.299914
-3.45312 0.299914

1.35938 0.300053
1.375 0.30005

3.04688 0.299952
3.0625 0.299952

-3.45312 0.299914
-3.4375 0.299915

3.0625 0.299952
3.07812 0.299951

-3.4375 0.299915
-3.42188 0.299915

-0.71875 0.29928
-0.703125 0.299276

1.375 0.30005
1.39062 0.300048

-0.703125 0.299276
-0.6875 0.299273

1.39062 0.300048
1.40625 0.300045

-3.42188 0.299915
-3.40625 0.299915

1.40625 0.300045
1.42188 0.300043

3.07812 0.299951
3.09375 0.299951

3.09375 0.299951
3.10938 0.29995

1.42188 0.300043
1.4375 0.300041

1.4375 0.300041
1.45312 0.300039

1.45312 0.300039
1.46875 0.300037

-3.40625 0.299915
-3.39062 0.299916

1.46875 0.300037
1.48438 0.300035

-0.6875 0.299273
-0.671875 0.299271

-3.39062 0.299916
-3.375 0.299916

-0.671875 0.299271
-0.65625 0.29927

-0.65625 0.29927
-0.640625 0.29927

-3.375 0.299916
-3.35938 0.299917

1.48438 0.300035
1.5 0.300033

3.10938 0.29995
3.125 0.29995

3.125 0.29995
3.14062 0.299949

3.14062 0.299949
3.15625 0.299949

-0.640625 0.29927
-0.625 0.299271

-3.35938 0.299917
-3.34375 0.299917

-3.34375 0.299917
-3.32812 0.299917

3.15625 0.299949
3.17188 0.299948

3.17188 0.299948
3.1875 0.299947

3.1875 0.299947
3.20312 0.299946

3.20312 0.299946
3.21875 0.299946

3.21875 0.299946
3.23438 0.299945

3.23438 0.299945
3.25 0.299944

3.25 0.299944
3.26562 0.299943

3.26562 0.299943
3.28125 0.299942

-0.625 0.299271
-0.609375 0.299274

-3.32812 0.299917
-3.3125 0.299918

-0.609375 0.299274
-0.59375 0.299278

-0.59375 0.299278
-0.578125 0.299284

-0.578125 0.299284
-0.5625 0.299292

-0.5625 0.299292
-0.546875 0.299301

-0.546875 0.299301
-0.53125 0.299313

3.28125 0.299942
3.29688 0.299942

3.29688 0.299942
3.3125 0.299941

-0.53125 0.299313
-0.515625 0.299328

-0.515625 0.299328
-0.5 0.299345

-3.3125 0.299918
-3.29688 0.299918

-3.29688 0.299918
-3.28125 0.299918

-3.28125 0.299918
-3.26562 0.299919

-3.26562 0.299919
-3.25 0.299919

3.3125 0.299941
3.32812 0.29994

3.32812 0.29994
3.34375 0.299939

-3.25 0.299919
-3.23438 0.299919

-3.23438 0.299919
-3.21875 0.299919

-3.21875 0.299919
-3.20312 0.299919

3.34375 0.299939
3.35938 0.299938

-0.5 0.299345
-0.484375 0.299365

-3.20312 0.299919
-3.1875 0.299919

-3.1875 0.299919
-3.17188 0.299919

-0.484375 0.299365
-0.46875 0.299389

-0.46875 0.299388
-0.453125 0.299415

-3.17188 0.299919
-3.15625 0.299919

-3.15625 0.299919
-3.14062 0.299919

-0.453125 0.299415
-0.4375 0.299446

-0.4375 0.299446
-0.421875 0.299481

-0.421875 0.299481
-0.40625 0.29952

-0.40625 0.29952
-0.390625 0.299563

-0.390625 0.299563
-0.375 0.299612

-0.375 0.299612
-0.359375 0.299666

-0.359375 0.299666
-0.34375 0.299725

3.35938 0.299938
3.375 0.299937

3.375 0.299937
3.39062 0.299936

-0.34375 0.299725
-0.328125 0.29979

-0.328125 0.29979
-0.3125 0.299861

-0.3125 0.299861
-0.296875 0.299938

-0.296875 0.299938
-0.28125 0.300021

3.39062 0.299936
3.40625 0.299935

-0.28125 0.300021
-0.265625 0.300109

-3.14062 0.299919
-3.125 0.299919

-0.265625 0.30011
-0.25 0.300204

3.40625 0.299935
3.42188 0.299934

3.42188 0.299934
3.4375 0.299933

3.4375 0.299933
3.45312 0.299932

3.45312 0.299932
3.46875 0.299931

3.46875 0.299931
3.48438 0.29993

3.48438 0.29993
3.5 0.299929

3.5 0.299929
3.51562 0.299928

3.51562 0.299928
3.53125 0.299927

3.53125 0.299927
3.54688 0.299926

3.54688 0.299926
3.5625 0.299925

3.5625 0.299925
3.57812 0.299924

3.57812 0.299924
3.59375 0.299923

3.59375 0.299923
3.60938 0.299922

3.60938 0.299922
3.625 0.299921

-0.25 0.300204
-0.234375 0.300305

-0.234375 0.300305
-0.21875 0.300411

-3.125 0.299919
-3.10938 0.299919

-3.10938 0.299919
-3.09375 0.299919

-3.09375 0.299919
-3.07812 0.299919

3.625 0.299921
3.64062 0.29992

3.64062 0.29992
3.65625 0.299919

3.65625 0.299919
3.67188 0.299918

-3.07812 0.299919
-3.0625 0.299918

-3.0625 0.299918
-3.04688 0.299918

-3.04688 0.299918
-3.03125 0.299917

3.67188 0.299918
3.6875 0.299917

3.6875 0.299917
3.70312 0.299917

3.70312 0.299917
3.71875 0.299916

3.71875 0.299916
3.73438 0.299915

-0.21875 0.300411
-0.203125 0.300522

-3.03125 0.299917
-3.01562 0.299917

-0.203125 0.300522
-0.1875 0.300637

-0.1875 0.300637
-0.171875 0.300755

-0.171875 0.300756
-0.15625 0.300876

-0.15625 0.300877
-0.140625 0.300998

-0.140625 0.300999
-0.125 0.30112

-0.125 0.30112
-0.109375 0.301239

-0.109375 0.301239
-0.09375 0.301353

-0.09375 0.301353
-0.078125 0.301464

-0.078125 0.301461
-0.0625 0.301576

-0.0625 0.301578
-0.046875 0.301696

-0.046875 0.301699
-0.03125 0.301811

-0.03125 0.301813
-0.015625 0.301911

-0.015625 0.301912
0 0.301992

-3.01562 0.299917
-3 0.299917

-3 0.299917
-2.98438 0.299916

3.73438 0.299915
3.75 0.299914

3.75 0.299914
3.76562 0.299913

3.76562 0.299913
3.78125 0.299913

3.78125 0.299913
3.79688 0.299912

-2.98438 0.299916
-2.96875 0.299915

-2.96875 0.299915
-2.95312 0.299915

-2.95312 0.299915
-2.9375 0.299914

3.79688 0.299912
3.8125 0.299911

3.8125 0.299911
3.82812 0.299911

3.82812 0.299911
3.84375 0.29991

3.84375 0.29991
3.85938 0.29991

3.85938 0.29991
3.875 0.299909

3.875 0.299909
3.89062 0.299909

3.89062 0.299909
3.90625 0.299908

3.90625 0.299908
3.92188 0.299908

3.92188 0.299908
3.9375 0.299907

-2.9375 0.299914
-2.92188 0.299913

-2.92188 0.299913
-2.90625 0.299912

-2.90625 0.299912
-2.89062 0.299911

-2.89062 0.299911
-2.875 0.299911

-2.875 0.299911
-2.85938 0.29991

-2.85938 0.29991
-2.84375 0.299909

-2.84375 0.299909
-2.82812 0.299908

3.9375 0.299907
3.95312 0.299907

3.95312 0.299907
3.96875 0.299907

3.96875 0.299907
3.98438 0.299906

3.98438 0.299906
4 0.299906

-2.82812 0.299908
-2.8125 0.299906

-2.8125 0.299906
-2.79688 0.299905

-2.79688 0.299905
-2.78125 0.299904

-2.78125 0.299904
-2.76562 0.299903

-2.76562 0.299903
-2.75 0.299902

-2.75 0.299902
-2.73438 0.2999

-2.73438 0.2999
-2.71875 0.299899

-2.71875 0.299899
-2.70312 0.299898

-2.70312 0.299898
-2.6875 0.299896

-2.6875 0.299896
-2.67188 0.299895

-2.67188 0.299895
-2.65625 0.299894

-2.65625 0.299894
-2.64062 0.299892

-2.64062 0.299892
-2.625 0.299891

-2.625 0.299891
-2.60938 0.299889

-2.60938 0.299889
-2.59375 0.299888

-2.59375 0.299888
-2.57812 0.299886

-2.57812 0.299886
-2.5625 0.299885

-2.5625 0.299885
-2.54688 0.299883

-2.54688 0.299883
-2.53125 0.299881

-2.53125 0.299881
-2.51562 0.29988

-2.51562 0.29988
-2.5 0.299878

-2.5 0.299878
-2.48438 0.299876

-2.48438 0.299876
-2.46875 0.299874

-2.46875 0.299874
-2.45312 0.299873

-2.45312 0.299873
-2.4375 0.299871

-2.4375 0.299871
-2.42188 0.299869

-2.42188 0.299869
-2.40625 0.299867

-2.40625 0.299867
-2.39062 0.299865

-2.39062 0.299865
-2.375 0.299863

-2.375 0.299863
-2.35938 0.299861

-2.35938 0.299861
-2.34375 0.299859

-2.34375 0.299859
-2.32812 0.299857

-2.32812 0.299857
-2.3125 0.299855

-2.3125 0.299855
-2.29688 0.299853

-2.29688 0.299853
-2.28125 0.299851

-2.28125 0.299851
-2.26562 0.299848

-2.26562 0.299848
-2.25 0.299846

-2.25 0.299846
-2.23438 0.299844

-2.23438 0.299844
-2.21875 0.299841

-2.21875 0.299841
-2.20312 0.299839

-2.20312 0.299839
-2.1875 0.299836

-2.1875 0.299836
-2.17188 0.299834

-2.17188 0.299834
-2.15625 0.299831

-2.15625 0.299831
-2.14062 0.299828

-2.14062 0.299828
-2.125 0.299826

-2.125 0.299826
-2.10938 0.299823

-2.10938 0.299823
-2.09375 0.29982

-2.09375 0.29982
-2.07812 0.299817

-2.07812 0.299817
-2.0625 0.299814

-2.0625 0.299814
-2.04688 0.299811

-2.04688 0.299811
-2.03125 0.299808

-2.03125 0.299808
-2.01562 0.299804

-2.01562 0.299804
-2 0.299801

-2 0.299801
-1.98438 0.299798

-1.98438 0.299798
-1.96875 0.299794

-1.96875 0.299794
-1.95312 0.299791

-1.95312 0.299791
-1.9375 0.299787

-1.9375 0.299787
-1.92188 0.299783

-1.92188 0.299783
-1.90625 0.29978

-1.90625 0.29978
-1.89062 0.299776

-1.89062 0.299776
-1.875 0.299772

-1.875 0.299772
-1.85938 0.299768

-1.85938 0.299768
-1.84375 0.299764

-1.84375 0.299764
-1.82812 0.299759

-1.82812 0.299759
-1.8125 0.299755

-1.8125 0.299755
-1.79688 0.299751

-1.79688 0.299751
-1.78125 0.299746

-1.78125 0.299746
-1.76562 0.299742

-1.76562 0.299742
-1.75 0.299737

-1.75 0.299737
-1.73438 0.299732

-1.73438 0.299732
-1.71875 0.299727

-1.71875 0.299727
-1.70312 0.299722

-1.70312 0.299722
-1.6875 0.299717

-1.6875 0.299717
-1.67188 0.299712

-1.67188 0.299712
-1.65625 0.299707

-1.65625 0.299707
-1.64062 0.299702

-1.64062 0.299702
-1.625 0.299696

-1.625 0.299696
-1.60938 0.299691

-1.60938 0.299691
-1.59375 0.299685

-1.59375 0.299685
-1.57812 0.299679

-1.57812 0.299679
-1.5625 0.299673

