-3.5 -0.00140495
-3.74991 0

-4 0.000205307
-3.92754 0

-3.25 -0.00220608
-3.49331 0

-3.25 -0.000862883
-3.125 -0.00405049

-3.125 -0.00298655
-3.0625 -0.00690218

1 0.137534
1.01562 0.138595

1.01562 0.138595
1.03125 0.139624

1.03125 0.139624
1.04688 0.140619

-3.0625 -0.00475825
-3.03125 -0.00935353

-3.03125 -0.0111166
-3 -0.019111

0 0.0190294
0.015625 0.0213571

-3 -0.0191041
-2.98438 -0.0230532

0.015625 0.0213572
0.03125 0.0236792

1.04688 0.140619
1.04697 0.140625

-2.98438 -0.0230565
-2.96875 -0.0269649

1.04697 0.140625
1.0625 0.141581

-2.9375 -0.0346068
-2.95128 -0.03125

-2.96875 -0.0269662
-2.95312 -0.0308247

0.03125 0.0236794
0.046875 0.0259952

-2.95312 -0.0310982
-2.9525 -0.03125

1.0625 0.141581
1.07812 0.142511

1.07812 0.142511
1.09375 0.143406

1.09375 0.143406
1.10938 0.144269

1.10938 0.144269
1.125 0.145097

0.046875 0.0259953
0.0625 0.0283043

0.0625 0.0283045
0.078125 0.0306061

-2.9375 -0.0346302
-2.92188 -0.038381

1.125 0.145097
1.14062 0.145891

0.078125 0.0306885
0.08195 0.03125

-1 -0.121632
-0.984375 -0.11986

-2.92188 -0.0383809
-2.90625 -0.0420774

-2.90625 -0.0420776
-2.89062 -0.0457195

0.0827191 0.03125
0.09375 0.0328693

-2.875 -0.0491664
-2.88498 -0.046875

1.14062 0.145891
1.15625 0.146652

1.15625 0.146652
1.17188 0.147378

-2.89062 -0.046054
-2.88705 -0.046875

1.17188 0.147378
1.1875 0.14807

1.1875 0.14807
1.20312 0.148727

-2.8125 -0.0629765
-2.81471 -0.0625

-2.875 -0.0493061
-2.85938 -0.0528387

-2.85938 -0.052839
-2.84375 -0.0563176

-2.84375 -0.0563176
-2.82812 -0.0597416

0.09375 0.0328998
0.109375 0.0351857

0.109375 0.0351858
0.125 0.0374633

-0.984375 -0.119859
-0.96875 -0.118064

-0.96875 -0.118064
-0.953125 -0.116246

-0.953125 -0.116246
-0.9375 -0.114406

0.125 0.0374635
0.140625 0.0397322

0.140625 0.0397323
0.15625 0.0419916

0.15625 0.0419918
0.171875 0.044241

-2.82812 -0.0597682
-2.81546 -0.0625

0.171875 0.0442412
0.1875 0.0464798

1.20312 0.148727
1.21875 0.14935

0.1875 0.0465296
0.189922 0.046875

-2.8125 -0.063111
-2.79688 -0.0664272

1.21875 0.14935
1.23438 0.149938

0.190344 0.046875
0.203125 0.0486972

-2.79688 -0.0664272
-2.78125 -0.0696903

0.203125 0.0487074
0.21875 0.050924

0.21875 0.0509241
0.234375 0.0531292

1.23438 0.149938
1.25 0.150492

-2.78125 -0.0696903
-2.76562 -0.0729

-2.76562 -0.0728998
-2.75 -0.0760561

0.234375 0.0531293
0.25 0.0553223

1.25 0.150492
1.26562 0.151011

1.26562 0.151011
1.28125 0.151496

1.28125 0.151496
1.29688 0.151946

-2.73438 -0.0789484
-2.73852 -0.078125

1.29688 0.151946
1.3125 0.152361

0.25 0.0553224
0.265625 0.0575028

0.265625 0.057503
0.28125 0.0596702

-0.9375 -0.114406
-0.921875 -0.112545

-0.921875 -0.112545
-0.90625 -0.110663

-0.90625 -0.110636
-0.895895 -0.109375

-0.89518 -0.109375
-0.890625 -0.10882

-0.890625 -0.108761
-0.875 -0.106839

-0.875 -0.106839
-0.859375 -0.104897

-0.859375 -0.104896
-0.84375 -0.102935

-0.84375 -0.102935
-0.828125 -0.100955

-0.828125 -0.100955
-0.8125 -0.0989567

-2.75 -0.0761531
-2.74007 -0.078125

-2.73438 -0.0791591
-2.71875 -0.0822095

-2.71875 -0.0822096
-2.70312 -0.0852077

-2.70312 -0.0852076
-2.6875 -0.0881531

-2.65625 -0.0938464
-2.65678 -0.09375

-2.6875 -0.088153
-2.67188 -0.0910462

-2.67188 -0.091048
-2.65701 -0.09375

-0.8125 -0.0989566
-0.796875 -0.0969406

-2.65625 -0.0938868
-2.64062 -0.0966758

-0.796875 -0.0969405
-0.78125 -0.0949073

1.3125 0.152361
1.32812 0.152742

-2.64062 -0.0966761
-2.625 -0.0994137

1.32812 0.152742
1.34375 0.153088

1.34375 0.153088
1.35938 0.1534

1.35938 0.1534
1.375 0.153677

-2.625 -0.0994135
-2.60938 -0.102099

1.375 0.153677
1.39062 0.153919

0.28125 0.0596704
0.296875 0.0618237

1.39062 0.153919
1.40625 0.154128

-0.78125 -0.0948285
-0.773029 -0.09375

-0.771629 -0.09375
-0.765625 -0.0929623

1.40625 0.154128
1.42188 0.154302

0.296875 0.0618843
0.301372 0.0625

-2.60938 -0.1021
-2.59375 -0.104734

0.302012 0.0625
0.3125 0.0639359

1.42188 0.154302
1.4375 0.154441

0.3125 0.0639629
0.328125 0.0660878

-0.765625 -0.0928574
-0.75 -0.090791

0.328125 0.066088
0.34375 0.0681982

-0.75 -0.0907908
-0.734375 -0.0887081

0.34375 0.0681983
0.359375 0.0702934

0.359375 0.0702935
0.375 0.0723728

-0.734375 -0.088708
-0.71875 -0.0866096

0.375 0.0723729
0.390625 0.0744359

-0.71875 -0.0866095
-0.703125 -0.0844959

-0.703125 -0.0844958
-0.6875 -0.0823676

-0.6875 -0.0823675
-0.671875 -0.0802252

-0.671875 -0.0802247
-0.656657 -0.078125

-0.656539 -0.078125
-0.65625 -0.0780852

-0.65625 -0.0780693
-0.640625 -0.0759002

-0.640625 -0.0759
-0.625 -0.0737177

-0.625 -0.0737176
-0.609375 -0.0715228

-0.609375 -0.0715226
-0.59375 -0.0693157

1.4375 0.154441
1.45312 0.154547

1.45312 0.154547
1.46875 0.15462

1.46875 0.15462
1.48438 0.154659

1.48438 0.154658
1.5 0.154664

-0.59375 -0.0693156
-0.578125 -0.0670971

-0.578125 -0.067097
-0.5625 -0.0648676

-0.5625 -0.0648674
-0.546875 -0.0626276

-0.545962 -0.0625
-0.53125 -0.0603816

0.390625 0.0744361
0.40625 0.0764822

0.40625 0.0765108
0.418682 0.078125

0.420048 0.078125
0.421875 0.0783622

1.5 0.154664
1.51562 0.154636

-0.53125 -0.0603776
-0.515625 -0.0581177

1.51562 0.154636
1.53125 0.154576

-0.515625 -0.0581175
-0.5 -0.0558481

1.53125 0.154576
1.54688 0.154482

-2.59375 -0.104734
-2.57812 -0.107317

-2.5625 -0.109719
-2.56462 -0.109375

1.54688 0.154482
1.5625 0.154356

-2.57812 -0.107343
-2.56558 -0.109375

0.421875 0.078511
0.4375 0.080522

-2.5625 -0.109848
-2.54688 -0.112327

-2.54688 -0.112327
-2.53125 -0.114756

1.5625 0.154356
1.57812 0.154198

-2.53125 -0.114756
-2.51562 -0.117133

-2.51562 -0.117133
-2.5 -0.119459

-0.5 -0.055848
-0.484375 -0.0535697

1.57812 0.154198
1.59375 0.154007

0.4375 0.0805222
0.453125 0.0825155

1.59375 0.154007
1.60938 0.153784

-0.484375 -0.0535696
-0.46875 -0.0512829

-0.46875 -0.0512827
-0.453125 -0.0489882

0.453125 0.0825156
0.46875 0.0844906

-2.45312 -0.125956
-2.46 -0.125

0.46875 0.0844908
0.484375 0.086447

0.484375 0.0864472
0.5 0.088384

-2.45312 -0.126129
-2.4375 -0.12825

1.60938 0.153784
1.625 0.153529

-0.453125 -0.0489796
-0.438838 -0.046875

-0.4375 -0.0466864
-0.421875 -0.0443776

-2.4375 -0.12825
-2.42188 -0.13032

-2.42188 -0.13032
-2.40625 -0.132339

0.5 0.0883842
0.515625 0.0903012

0.515625 0.0903013
0.53125 0.0921978

-0.421875 -0.0443774
-0.40625 -0.0420618

0.53125 0.0922189
0.544006 0.09375

-0.40625 -0.0420616
-0.390625 -0.0397396

-2.40625 -0.132339
-2.39062 -0.134307

0.545209 0.09375
0.546875 0.09395

0.546875 0.0940733
0.5625 0.0959276

0.5625 0.0959277
0.578125 0.0977605

0.578125 0.0977606
0.59375 0.0995716

0.59375 0.0995717
0.609375 0.10136

0.609375 0.10136
0.625 0.103126

-2.39062 -0.134307
-2.375 -0.136224

0.625 0.103126
0.640625 0.104868

1.625 0.153529
1.64062 0.153242

0.640625 0.104868
0.65625 0.106586

1.64062 0.153242
1.65625 0.152923

0.65625 0.106587
0.671875 0.10828

0.671875 0.108311
0.681834 0.109375

-2.5 -0.119459
-2.48438 -0.121734

-0.390625 -0.0397395
-0.375 -0.0374117

-2.48438 -0.121734
-2.46875 -0.123957

-2.46875 -0.124147
-2.46262 -0.125

-2.375 -0.136224
-2.35938 -0.13809

-2.35938 -0.13809
-2.34375 -0.139904

-0.375 -0.0374115
-0.359375 -0.0350785

-0.359375 -0.0350783
-0.34375 -0.0327406

1.65625 0.152923
1.67188 0.152573

1.67188 0.152573
1.6875 0.152191

1.6875 0.152191
1.70312 0.151777

0.682704 0.109375
0.6875 0.109887

-2.32812 -0.141545
-2.33629 -0.140625

0.6875 0.109949
0.703125 0.111593

1.70312 0.151777
1.71875 0.151333

0.703125 0.111593
0.71875 0.113211

1.71875 0.151333
1.73438 0.150859

0.71875 0.113211
0.734375 0.114803

-0.34375 -0.032545
-0.33511 -0.03125

-2.34375 -0.140091
-2.33901 -0.140625

-2.32812 -0.141665
-2.3125 -0.143374

-2.3125 -0.143374
-2.29688 -0.145032

-2.29688 -0.145032
-2.28125 -0.146638

-2.28125 -0.146638
-2.26562 -0.148193

-2.26562 -0.148193
-2.25 -0.149697

-0.330958 -0.03125
-0.328125 -0.0308254

-2.25 -0.149697
-2.23438 -0.15115

-0.328125 -0.0303987
-0.3125 -0.0280529

1.73438 0.150858
1.75 0.150354

-0.3125 -0.0280526
-0.296875 -0.0257029

0.734375 0.114803
0.75 0.11637

1.75 0.150354
1.76562 0.149819

-0.296875 -0.0257028
-0.28125 -0.0233498

0.75 0.11637
0.765625 0.117909

-2.23438 -0.15115
-2.21875 -0.15255

1.76562 0.149819
1.78125 0.149255

-2.21875 -0.15255
-2.20312 -0.153899

-2.20312 -0.153899
-2.1875 -0.155195

-0.28125 -0.0233497
-0.265625 -0.020994

-0.265625 -0.0209939
-0.25 -0.0186361

0.765625 0.117909
0.78125 0.119422

0.78125 0.119422
0.796875 0.120907

-2.17188 -0.156344
-2.17305 -0.15625

0.796875 0.120907
0.8125 0.122363

0.8125 0.122363
0.828125 0.123792

-0.25 -0.0186359
-0.234375 -0.0162766

0.828125 0.1238
0.841524 0.125

1.78125 0.149255
1.79688 0.148662

1.79688 0.148662
1.8125 0.14804

-2.17188 -0.156438
-2.15625 -0.15763

1.8125 0.14804
1.82812 0.147389

0.842336 0.125
0.84375 0.125127

1.82812 0.147389
1.84375 0.14671

-2.1875 -0.155207
-2.1744 -0.15625

0.84375 0.125191
0.859375 0.126561

-2.15625 -0.15763
-2.14062 -0.158771

-0.234375 -0.0161057
-0.231193 -0.015625

0.859375 0.126561
0.875 0.127902

-2.14062 -0.158771
-2.125 -0.15986

-0.22968 -0.015625
-0.21875 -0.0139738

0.875 0.127902
0.890625 0.129213

0.890625 0.129213
0.90625 0.130495

1.84375 0.14671
1.85938 0.146003

-0.21875 -0.0139161
-0.203125 -0.0115545

1.85938 0.146003
1.875 0.145267

-0.203125 -0.0115544
-0.1875 -0.00919211

0.90625 0.130495
0.921875 0.131746

1.875 0.145267
1.89062 0.144505

0.921875 0.131746
0.9375 0.132966

-2.125 -0.15986
-2.10938 -0.160898

0.9375 0.132966
0.953125 0.134156

-2.10938 -0.160899
-2.09375 -0.161886

-0.1875 -0.00919198
-0.171875 -0.00682958

-2.09375 -0.161886
-2.07812 -0.162822

-0.171875 -0.00682943
-0.15625 -0.00446747

-2.07812 -0.162822
-2.0625 -0.163707

-2.0625 -0.163707
-2.04688 -0.164541

-2.04688 -0.164541
-2.03125 -0.165323

-2.03125 -0.165323
-2.01562 -0.166054

0.953125 0.134156
0.96875 0.135314

0.96875 0.135314
0.984375 0.13644

0.984375 0.13644
1 0.137533

-0.15625 -0.00446733
-0.140625 -0.00210637

-0.140625 -0.0020909
-0.126778 0

-2.01562 -0.166054
-2 -0.166734

1.89062 0.144504
1.90625 0.143714

1.90625 0.143714
1.92188 0.142897

1.92188 0.142897
1.9375 0.142052

1.9375 0.142052
1.95312 0.141181

1.96875 0.14028
1.96275 0.140625

1.95312 0.141182
1.96282 0.140625

1.96875 0.140283
1.98438 0.139358

1.98438 0.139358
2 0.138408

-0.125 0.000252987
-0.109375 0.0026105

-0.109375 0.00261069
-0.09375 0.00496631

-0.09375 0.00496642
-0.078125 0.00731955

-2 -0.166734
-1.98438 -0.167363

-1.98438 -0.167363
-1.96875 -0.167943

-0.078125 0.0073197
-0.0625 0.0096698

-0.0625 0.00966994
-0.046875 0.0120164

-1.96875 -0.167942
-1.95312 -0.168472

-1.95312 -0.168472
-1.9375 -0.168951

-0.046875 0.0120166
-0.03125 0.0143589

-1.9375 -0.168951
-1.92188 -0.169382

-1.92188 -0.169382
-1.90625 -0.169763

-0.03125 0.0144728
-0.023548 0.015625

-0.0218702 0.015625
-0.015625 0.0165593

-0.015625 0.0166965
0 0.0190292

2 0.138408
2.01562 0.137431

-1.90625 -0.169763
-1.89062 -0.170095

-1.89062 -0.170095
-1.875 -0.170379

2.01562 0.137431
2.03125 0.136429

-1.875 -0.170379
-1.85938 -0.170614

-1.85938 -0.170614
-1.84375 -0.170802

-1.84375 -0.170802
-1.82812 -0.170942

2.03125 0.136429
2.04688 0.1354

2.04688 0.1354
2.0625 0.134345

2.0625 0.134345
2.07812 0.133263

2.07812 0.133263
2.09375 0.132156

2.09375 0.132156
2.10938 0.131023

2.10938 0.131023
2.125 0.129863

-1.82812 -0.170942
-1.8125 -0.171035

-1.8125 -0.171034
-1.79688 -0.171081

-1.79688 -0.171081
-1.78125 -0.17108

2.1875 0.124963
2.18704 0.125

-1.78125 -0.17108
-1.76562 -0.171034

-1.76562 -0.171034
-1.75 -0.170942

2.1875 0.124968
2.20312 0.123679

2.20312 0.123679
2.21875 0.122365

2.21875 0.122365
2.23438 0.121024

-1.75 -0.170942
-1.73438 -0.170805

-1.73438 -0.170805
-1.71875 -0.170623

-1.71875 -0.170623
-1.70312 -0.170397

-1.70312 -0.170397
-1.6875 -0.170127

-1.6875 -0.170126
-1.67188 -0.169813

-1.67188 -0.169813
-1.65625 -0.169456

-1.65625 -0.169456
-1.64062 -0.169056

-1.64062 -0.169056
-1.625 -0.168614

2.23438 0.121024
2.25 0.119658

-1.625 -0.168614
-1.60938 -0.168131

-1.60938 -0.16813
-1.59375 -0.167605

-1.59375 -0.167605
-1.57812 -0.167039

2.125 0.129863
2.14062 0.128678

2.14062 0.128678
2.15625 0.127467

2.15625 0.127467
2.17188 0.12623

-1.57812 -0.167039
-1.5625 -0.166433

2.17188 0.126231
2.1871 0.125

-1.5625 -0.166433
-1.54688 -0.165786

-1.54688 -0.165786
-1.53125 -0.1651

-1.53125 -0.1651
-1.51562 -0.164375

-1.51562 -0.164375
-1.5 -0.163612

2.25 0.119658
2.26562 0.118266

2.26562 0.118266
2.28125 0.116847

2.28125 0.116847
2.29688 0.115402

2.29688 0.115402
2.3125 0.11393

2.3125 0.11393
2.32812 0.112431

2.32812 0.112431
2.34375 0.110905

2.35938 0.109335
2.35897 0.109375

2.34375 0.110905
2.35913 0.109375

2.35938 0.109351
2.375 0.107768

2.375 0.107768
2.39062 0.106158

2.39062 0.106158
2.40625 0.10452

2.40625 0.10452
2.42188 0.102853

-1.5 -0.163612
-1.48438 -0.16281

-1.48438 -0.16281
-1.46875 -0.16197

-1.46875 -0.16197
-1.45312 -0.161094

2.42188 0.102853
2.4375 0.101157

2.4375 0.101157
2.45312 0.0994319

2.45312 0.099432
2.46875 0.0976772

-1.45312 -0.161094
-1.4375 -0.160181

-1.4375 -0.16018
-1.42188 -0.159231

-1.42188 -0.159231
-1.40625 -0.158246

-1.40625 -0.158246
-1.39062 -0.157226

-1.39062 -0.157226
-1.37617 -0.15625

2.46875 0.0976773
2.48438 0.0958925

2.48438 0.0958926
2.5 0.0940774

-1.37612 -0.15625
-1.375 -0.156175

-1.375 -0.156171
-1.35938 -0.155082

-1.35938 -0.155082
-1.34375 -0.153959

-1.34375 -0.153959
-1.32812 -0.152803

-1.32812 -0.152802
-1.3125 -0.151613

-1.3125 -0.151613
-1.29688 -0.150391

-1.29688 -0.150391
-1.28125 -0.149137

-1.28125 -0.149137
-1.26562 -0.147851

-1.26562 -0.147851
-1.25 -0.146535

2.51562 0.0922298
2.50276 0.09375

2.51562 0.0922317
2.53125 0.0903546

2.5 0.0940856
2.50284 0.09375

2.53125 0.0903547
2.54688 0.0884459

2.54688 0.0884461
2.5625 0.086505

-1.25 -0.146535
-1.23438 -0.145188

-1.23438 -0.145188
-1.21875 -0.143811

2.5625 0.0865051
2.57812 0.0845312

2.57812 0.0845313
2.59375 0.082524

2.59375 0.0825241
2.60938 0.0804829

2.60938 0.080483
2.625 0.0784073

-1.21875 -0.143811
-1.20312 -0.142404

-1.20312 -0.142404
-1.1875 -0.140968

2.64062 0.0762953
2.62708 0.078125

2.625 0.0784175
2.62717 0.078125

2.64062 0.076297
2.65625 0.074151

2.65625 0.0741511
2.67188 0.071969

2.67188 0.0719692
2.6875 0.0697503

-1.1875 -0.1409
-1.18457 -0.140625

-1.18363 -0.140625
-1.17188 -0.139523

-1.17188 -0.139504
-1.15625 -0.138012

-1.15625 -0.138011
-1.14062 -0.136491

-1.14062 -0.136491
-1.125 -0.134943

-1.125 -0.134943
-1.10938 -0.133368

-1.10938 -0.133368
-1.09375 -0.131767

-1.09375 -0.131766
-1.07812 -0.130139

2.75 0.0604897
2.73676 0.0625

2.6875 0.0697505
2.70312 0.0674941

2.70312 0.0674943
2.71875 0.0651997

-1.07812 -0.130139
-1.0625 -0.128487

2.71875 0.0651998
2.73438 0.0628663

2.73438 0.0628865
2.73692 0.0625

2.75 0.0604936
2.76562 0.0580805

2.76562 0.0580807
2.78125 0.0556266

2.78125 0.0556268
2.79688 0.0531311

2.79688 0.0531313
2.8125 0.0505931

2.8125 0.0505933
2.82812 0.0480119

-1.0625 -0.128487
-1.04688 -0.126809

-1.04688 -0.126809
-1.03125 -0.125108

2.84375 0.0452528
2.8341 0.046875

2.82812 0.0481823
2.8359 0.046875

2.84375 0.0453867
2.85938 0.0427163

2.85938 0.0427166
2.875 0.0400004

-1.03024 -0.125
-1.01562 -0.123386

-1.01562 -0.123382
-1 -0.121632

2.875 0.0400006
2.89062 0.0372377

2.89062 0.0372379
2.90625 0.0344274

2.92188 0.0309354
2.92016 0.03125

2.9375 0.0286385
2.92347 0.03125

2.90625 0.0344449
2.92188 0.0315861

2.92188 0.0317178
2.92439 0.03125

2.9375 0.0286612
2.95312 0.0257032

2.95312 0.0257034
2.96875 0.0226943

2.96875 0.0226947
2.98438 0.0196334

2.98438 0.0196319
3 0.0165209

3.5 -0.000162405
3.47541 0

3 0.0165349
3.03125 0.0101634

3.03125 0.00931081
3.0625 0.00444369

3.0625 0.00464903
3.125 0.000512657

3.125 0.00252741
3.23998 0

3.25 0.00126423
3.44145 0

4 -0.000354017
3.82384 0

3.5 0.000933175
3.74276 0

