-4 0.000614256
-3.5 0.00566368

-3.5 0.00354731
-3.25 0.00691857

-3.25 0.00707935
-3.125 0.0107324

-3.125 0.010006
-3.0625 0.0127814

-3.0625 0.0105094
-3.03125 0.0137666

0.125 -0.000226131
0.123809 0

-3.03125 0.0154214
-3 0.0217825

0.125 -0.000323513
0.140625 -0.00329203

0.140625 -0.0032923
0.15625 -0.00626248

0.15625 -0.0062627
0.171875 -0.00923355

0.171875 -0.00923371
0.1875 -0.0122045

0.1875 -0.0122048
0.203125 -0.0151745

-3 0.0217649
-2.98438 0.0248702

-2.98438 0.0248707
-2.96875 0.0279349

-2.96875 0.0279344
-2.95312 0.0309575

-2.95312 0.0309087
-2.95134 0.03125

0.21875 -0.0181021
0.205711 -0.015625

0.21875 -0.0181431
0.234375 -0.0211101

0.234375 -0.0211103
0.25 -0.0240747

-2.95162 0.03125
-2.9375 0.0339465

-2.9375 0.0339407
-2.92188 0.0368856

-2.92188 0.0368854
-2.90625 0.0397921

-2.90625 0.039792
-2.89062 0.0426608

-2.89062 0.0426607
-2.875 0.045492

-2.875 0.0454119
-2.86682 0.046875

-2.8677 0.046875
-2.85938 0.0483647

-2.85938 0.0482861
-2.84375 0.051044

0.25 -0.0240749
0.265625 -0.027036

0.265625 -0.0270363
0.28125 -0.0299931

0.296875 -0.0325699
0.289889 -0.03125

-2.84375 0.0510439
-2.82812 0.0537659

-2.82812 0.0537658
-2.8125 0.0564524

0.296875 -0.0329454
0.3125 -0.0358928

0.28125 -0.03058
0.284796 -0.03125

0.3125 -0.035893
0.328125 -0.0388348

0.328125 -0.038835
0.34375 -0.0417703

-2.8125 0.0564522
-2.79688 0.0591037

0.34375 -0.0417705
0.359375 -0.0446984

0.375 -0.0472722
0.372875 -0.046875

-2.79688 0.0591036
-2.78125 0.0617206

-2.78125 0.0616773
-2.77627 0.0625

-2.77665 0.0625
-2.76562 0.0643226

-2.76562 0.0643033
-2.75 0.0668526

0.359375 -0.0447912
0.370526 -0.046875

1.5 -0.197962
1.51562 -0.198694

-2.75 0.0668525
-2.73438 0.0693685

1.51562 -0.198694
1.53125 -0.199374

0.375 -0.0476185
0.390625 -0.0505303

0.390625 -0.0505305
0.40625 -0.0534336

0.40625 -0.0534338
0.421875 -0.0563272

0.421875 -0.0563273
0.4375 -0.0592103

0.46875 -0.0649185
0.455538 -0.0625

0.46875 -0.0649426
0.484375 -0.0677909

0.484375 -0.0677911
0.5 -0.0706267

0.4375 -0.0592106
0.453125 -0.0620823

-2.73438 0.0693684
-2.71875 0.0718516

-2.71875 0.0718515
-2.70312 0.0743023

0.453125 -0.0622574
0.45445 -0.0625

0 0.0233002
0.015625 0.0203656

0.015625 0.0203654
0.03125 0.0174246

-2.70312 0.0743021
-2.6875 0.0767209

-2.6875 0.0767009
-2.67818 0.078125

0.046875 0.0146636
0.0417772 0.015625

0.03125 0.0173122
0.0401968 0.015625

0.046875 0.0144778
0.0625 0.0115257

0.0625 0.0115254
0.078125 0.00856841

-2.67849 0.078125
-2.67188 0.0791364

-2.67188 0.0791081
-2.65625 0.0814644

0.078125 0.0085682
0.09375 0.00560727

0.09375 0.00560708
0.109375 0.00264304

-2.65625 0.0814643
-2.64062 0.08379

-1.5 0.182239
-1.48438 0.182468

-1.48438 0.182468
-1.46875 0.182657

-1.46875 0.182657
-1.45312 0.182804

-1.45312 0.182804
-1.4375 0.18291

-1.4375 0.182911
-1.42188 0.182974

-1.42188 0.182974
-1.40625 0.182996

-1.40625 0.182996
-1.39062 0.182974

-1.39062 0.182974
-1.375 0.182908

-1.375 0.182908
-1.35938 0.182799

-1.35938 0.182799
-1.34375 0.182645

-1.34375 0.182645
-1.32812 0.182447

-1.32812 0.182448
-1.3125 0.182205

-1.3125 0.182205
-1.29688 0.181918

-1.29688 0.181918
-1.28125 0.181585

-1.28125 0.181585
-1.26562 0.181207

-1.26562 0.181207
-1.25 0.180784

1.53125 -0.199374
1.54688 -0.200002

1.54688 -0.200003
1.5625 -0.200578

1.5625 -0.200578
1.57812 -0.201101

1.57812 -0.201101
1.59375 -0.20157

1.59375 -0.20157
1.60938 -0.201985

1.60938 -0.201985
1.625 -0.202346

1.625 -0.202346
1.64062 -0.202651

1.64062 -0.202651
1.65625 -0.202902

1.65625 -0.202902
1.67188 -0.203096

1.6875 -0.203234
1.67516 -0.203125

1.67188 -0.203097
1.67509 -0.203125

1.6875 -0.203234
1.70312 -0.203315

1.70312 -0.203315
1.71875 -0.203338

1.71875 -0.203338
1.73438 -0.203303

1.73438 -0.203303
1.75 -0.20321

1.75 -0.20321
1.75874 -0.203125

1.7586 -0.203125
1.76562 -0.203056

1.76562 -0.203057
1.78125 -0.202845

1.78125 -0.202845
1.79688 -0.202573

1.79688 -0.202573
1.8125 -0.202241

1.8125 -0.202241
1.82812 -0.201848

1.82812 -0.201848
1.84375 -0.201395

1.84375 -0.201395
1.85938 -0.20088

1.85938 -0.20088
1.875 -0.200304

1.875 -0.200304
1.89062 -0.199667

1.89062 -0.199667
1.90625 -0.19897

1.90625 -0.19897
1.92188 -0.198212

1.92188 -0.198212
1.9375 -0.197393

-2.64062 0.0837899
-2.625 0.0860853

1.9375 -0.197393
1.95312 -0.196514

-2.625 0.0860852
-2.60938 0.0883508

-2.60938 0.0883507
-2.59375 0.0905867

-2.59375 0.0905865
-2.57812 0.0927934

0.109375 0.00263271
0.123242 0

1.95312 -0.196514
1.96875 -0.195575

1.96875 -0.195575
1.98438 -0.194576

1.98438 -0.194576
2 -0.193517

-2.57812 0.0927504
-2.57095 0.09375

-2.57151 0.09375
-2.5625 0.0950054

-2.5625 0.0949714
-2.54688 0.0971212

-2.54688 0.0971212
-2.53125 0.099243

-2.53125 0.0992429
-2.51562 0.101337

-2.51562 0.101337
-2.5 0.103404

0.5 -0.0706269
0.515625 -0.073449

2 -0.193517
2.01562 -0.192398

2.01562 -0.192398
2.03125 -0.19122

0.515625 -0.0734493
0.53125 -0.076257

0.546875 -0.0784907
0.544829 -0.078125

0.53125 -0.0764614
0.540558 -0.078125

-2.5 0.103404
-2.48438 0.105444

-2.48438 0.105444
-2.46875 0.107457

-2.46875 0.107457
-2.45367 0.109375

2.03125 -0.19122
2.04688 -0.189982

2.04688 -0.189982
2.0625 -0.188684

2.0625 -0.188676
2.07605 -0.1875

-2.45366 0.109375
-2.45312 0.109443

-2.45312 0.109444
-2.4375 0.111405

-2.4375 0.111405
-2.42188 0.113341

-2.42188 0.113341
-2.40625 0.11525

-2.40625 0.11525
-2.39062 0.117135

-2.39062 0.117135
-2.375 0.118994

0.546875 -0.0790499
0.5625 -0.0818276

0.5625 -0.0818278
0.578125 -0.0845898

0.578125 -0.08459
0.59375 -0.0873355

0.59375 -0.0873356
0.609375 -0.0900637

0.609375 -0.090064
0.625 -0.0927739

0.640625 -0.0953659
0.631244 -0.09375

0.640625 -0.0954654
0.65625 -0.098138

-1.25 0.180784
-1.23438 0.180315

-1.23438 0.180316
-1.21875 0.179801

-1.21875 0.179801
-1.20312 0.179241

-1.20312 0.179241
-1.1875 0.178635

-1.1875 0.178635
-1.17188 0.177982

-1.17188 0.177982
-1.15625 0.177284

-1.15625 0.177284
-1.14062 0.17654

-1.14062 0.17654
-1.125 0.175751

0.625 -0.0929613
0.629579 -0.09375

0.65625 -0.0981382
0.671875 -0.100791

-1.125 0.175751
-1.10938 0.174915

-2.375 0.118994
-2.35938 0.120829

-1.10938 0.174915
-1.09375 0.174033

0.671875 -0.100792
0.6875 -0.103424

-1.09375 0.174033
-1.07812 0.173106

-2.35938 0.120829
-2.34375 0.122639

-2.34375 0.122639
-2.32812 0.124424

-1.07812 0.173106
-1.0625 0.172134

0.6875 -0.103425
0.703125 -0.106036

-2.32812 0.124413
-2.32292 0.125

0.703125 -0.106037
0.71875 -0.108627

-2.32306 0.125
-2.3125 0.126191

2.07682 -0.1875
2.07812 -0.187387

2.07812 -0.187327
2.09375 -0.185912

2.09375 -0.185912
2.10938 -0.18444

2.10938 -0.184439
2.125 -0.182911

-2.3125 0.126185
-2.29688 0.127923

2.125 -0.182911
2.14062 -0.181327

0.734375 -0.111146
0.723601 -0.109375

0.71875 -0.108754
0.722526 -0.109375

0.734375 -0.111194
0.75 -0.11374

0.828125 -0.125958
0.821944 -0.125

0.828125 -0.126107
0.84375 -0.128503

0.84375 -0.128504
0.859375 -0.130874

0.859375 -0.130874
0.875 -0.133217

0.75 -0.11374
0.765625 -0.116262

0.765625 -0.116263
0.78125 -0.118761

0.78125 -0.118761
0.796875 -0.121235

0.796875 -0.121235
0.8125 -0.123684

0.8125 -0.123806
0.820202 -0.125

-1.04688 0.171126
-1.05838 0.171875

-1.0625 0.172105
-1.05898 0.171875

-1.04688 0.171116
-1.03125 0.170053

0.875 -0.133217
0.890625 -0.135532

0.890625 -0.135532
0.90625 -0.137818

0.90625 -0.137818
0.921875 -0.140075

0.9375 -0.14228
0.925891 -0.140625

0.921875 -0.140147
0.925229 -0.140625

0.9375 -0.142302
0.953125 -0.144499

0.953125 -0.144499
0.96875 -0.146666

0.96875 -0.146666
0.984375 -0.148801

0.984375 -0.148801
1 -0.150905

1 -0.150905
1.01562 -0.152975

1.01562 -0.152976
1.03125 -0.155013

1.04688 -0.156885
1.04192 -0.15625

1.04688 -0.157017
1.0625 -0.158986

1.03125 -0.15509
1.04029 -0.15625

1.0625 -0.158987
1.07812 -0.160922

1.07812 -0.160922
1.09375 -0.162823

1.09375 -0.162823
1.10938 -0.164687

1.10938 -0.164687
1.125 -0.166515

1.125 -0.166516
1.14062 -0.168306

1.14062 -0.168307
1.15625 -0.170059

1.15625 -0.17006
1.17188 -0.171774

1.1875 -0.173448
1.17283 -0.171875

1.17188 -0.171788
1.17269 -0.171875

1.1875 -0.173449
1.20312 -0.175086

1.20312 -0.175086
1.21875 -0.176683

1.21875 -0.176683
1.23438 -0.178239

1.23438 -0.17824
1.25 -0.179755

1.25 -0.179755
1.26562 -0.181229

1.26562 -0.181229
1.28125 -0.182661

1.28125 -0.182661
1.29688 -0.184049

1.29688 -0.18405
1.3125 -0.185395

1.34375 -0.187897
1.33881 -0.1875

1.34375 -0.187952
1.35938 -0.189164

2.14062 -0.181327
2.15625 -0.179688

1.35938 -0.189164
1.375 -0.19033

1.3125 -0.185395
1.32812 -0.186696

1.32812 -0.186725
1.33776 -0.1875

1.375 -0.19033
1.39062 -0.191451

1.39062 -0.191451
1.40625 -0.192525

1.40625 -0.192525
1.42188 -0.193552

1.42188 -0.193552
1.4375 -0.194532

1.4375 -0.194532
1.45312 -0.195464

1.45312 -0.195464
1.46875 -0.196346

1.46875 -0.196347
1.48438 -0.197179

1.48438 -0.197179
1.5 -0.197962

-2.29688 0.127923
-2.28125 0.129636

-2.28125 0.129636
-2.26562 0.131326

-2.26562 0.131325
-2.25 0.132992

2.15625 -0.179688
2.17188 -0.177995

2.17188 -0.177995
2.1875 -0.176248

-2.25 0.132991
-2.23438 0.134634

-2.23438 0.134634
-2.21875 0.136253

-2.21875 0.136253
-2.20312 0.137849

-2.20312 0.137849
-2.1875 0.139422

-2.1875 0.139422
-2.17537 0.140625

-2.17537 0.140625
-2.17188 0.140971

-2.17188 0.140971
-2.15625 0.142497

-1.03125 0.170053
-1.01562 0.168945

-1.01562 0.168945
-1 0.167792

2.1875 -0.176248
2.20312 -0.174447

2.20312 -0.174447
2.21875 -0.172592

2.21875 -0.172417
2.22319 -0.171875

2.22541 -0.171875
2.23438 -0.170781

2.23438 -0.170684
2.25 -0.168726

-1 0.167792
-0.984375 0.166594

-0.984375 0.166594
-0.96875 0.165352

2.25 -0.168726
2.26562 -0.166718

-0.96875 0.165352
-0.953125 0.164067

-0.953125 0.164067
-0.9375 0.162738

-2.15625 0.142497
-2.14062 0.144

-2.14062 0.144
-2.125 0.145479

2.26562 -0.166718
2.28125 -0.16466

-2.125 0.145479
-2.10938 0.146934

-2.10938 0.146934
-2.09375 0.148366

2.28125 -0.16466
2.29688 -0.162554

-0.9375 0.162738
-0.921875 0.161367

-2.09375 0.148366
-2.07812 0.149774

-0.921875 0.161367
-0.90625 0.159953

2.29688 -0.162554
2.3125 -0.160399

2.3125 -0.160399
2.32812 -0.158196

-0.90625 0.159953
-0.890625 0.158496

-2.07812 0.149774
-2.0625 0.151159

2.32812 -0.158179
2.34151 -0.15625

-0.890625 0.158496
-0.875 0.156999

2.34258 -0.15625
2.34375 -0.156082

-0.859375 0.155487
-0.867126 0.15625

2.34375 -0.155945
2.35938 -0.153645

2.35938 -0.153644
2.375 -0.151297

-2.0625 0.151159
-2.04688 0.152519

-2.04688 0.152519
-2.03125 0.153854

-2.03125 0.153854
-2.01562 0.155165

-2.01562 0.155165
-2.00245 0.15625

-2.00247 0.15625
-2 0.156453

-0.859375 0.155459
-0.84375 0.153879

-0.875 0.15697
-0.867691 0.15625

-0.84375 0.153879
-0.828125 0.152258

-0.828125 0.152258
-0.8125 0.150597

-0.8125 0.150597
-0.796875 0.148896

-2 0.156452
-1.98438 0.157714

2.375 -0.151296
2.39062 -0.148903

2.39062 -0.148902
2.40625 -0.146463

-1.98438 0.157714
-1.96875 0.15895

-1.96875 0.15895
-1.95312 0.160162

-1.95312 0.160162
-1.9375 0.161347

2.40625 -0.146463
2.42188 -0.143978

2.42188 -0.143978
2.4375 -0.141449

2.4375 -0.141322
2.44173 -0.140625

2.44284 -0.140625
2.45312 -0.13893

2.45312 -0.138874
2.46875 -0.136253

2.46875 -0.136253
2.48438 -0.133588

2.48438 -0.133588
2.5 -0.130879

-0.796875 0.148896
-0.78125 0.147156

2.5 -0.130879
2.51562 -0.128128

2.51562 -0.128128
2.53125 -0.125333

2.53125 -0.125269
2.53273 -0.125

-1.9375 0.161348
-1.92188 0.162507

-1.92188 0.162507
-1.90625 0.163641

2.53313 -0.125
2.54688 -0.122503

2.54688 -0.122496
2.5625 -0.119615

-1.90625 0.163641
-1.89062 0.164748

-1.89062 0.164748
-1.875 0.165828

-0.78125 0.147156
-0.765625 0.145377

-0.765625 0.145377
-0.75 0.143561

2.5625 -0.119614
2.57812 -0.11669

-0.75 0.143561
-0.734375 0.141707

2.57812 -0.11669
2.59375 -0.113722

2.59375 -0.113722
2.60938 -0.110713

-0.71875 0.139857
-0.725101 0.140625

-0.734375 0.141678
-0.725671 0.140625

-1.875 0.165828
-1.85938 0.166881

-1.85938 0.166881
-1.84375 0.167905

-1.84375 0.167905
-1.82812 0.168901

2.60938 -0.110541
2.61534 -0.109375

2.61689 -0.109375
2.625 -0.107792

-0.71875 0.139817
-0.703125 0.13789

-0.703125 0.137889
-0.6875 0.135926

-1.82812 0.168902
-1.8125 0.169869

-1.8125 0.169869
-1.79688 0.170807

-1.79688 0.170807
-1.78125 0.171715

2.625 -0.107661
2.64062 -0.104566

2.64062 -0.104566
2.65625 -0.101429

-1.78125 0.171711
-1.77833 0.171875

-1.77841 0.171875
-1.76562 0.172593

-1.76562 0.172592
-1.75 0.173438

-0.6875 0.135926
-0.671875 0.133927

-0.671875 0.133927
-0.65625 0.131893

-1.75 0.173438
-1.73438 0.174252

-1.73438 0.174252
-1.71875 0.175033

-1.71875 0.175033
-1.70312 0.175781

-0.65625 0.131893
-0.640625 0.129825

2.65625 -0.101429
2.67188 -0.09825

-1.70312 0.175782
-1.6875 0.176496

2.67188 -0.09825
2.6875 -0.0950298

-0.640625 0.129825
-0.625 0.127724

2.6875 -0.0949443
2.69322 -0.09375

2.69389 -0.09375
2.70312 -0.0918224

-1.6875 0.176496
-1.67188 0.177175

-1.67188 0.177175
-1.65625 0.17782

2.70312 -0.0917682
2.71875 -0.0884646

2.71875 -0.0884646
2.73438 -0.085119

2.73438 -0.0851189
2.75 -0.0817316

-0.59375 0.123462
-0.604842 0.125

-0.59375 0.123423
-0.578125 0.121224

-1.65625 0.17782
-1.64062 0.178429

-1.64062 0.178429
-1.625 0.179002

-0.578125 0.121224
-0.5625 0.118994

-1.625 0.179002
-1.60938 0.179538

-0.5625 0.118994
-0.546875 0.116733

-1.60938 0.179538
-1.59375 0.180038

-0.546875 0.116733
-0.53125 0.114443

-0.53125 0.114442
-0.515625 0.112123

-1.59375 0.180038
-1.57812 0.1805

-1.57812 0.180501
-1.5625 0.180925

-1.5625 0.180925
-1.54688 0.181312

-1.54688 0.181312
-1.53125 0.18166

-1.53125 0.18166
-1.51562 0.181969

-0.515625 0.112122
-0.5 0.109774

-0.625 0.127724
-0.609375 0.12559

-0.609375 0.125476
-0.605943 0.125

-1.51562 0.181969
-1.5 0.182238

2.75 -0.0817317
2.76562 -0.0783028

2.76562 -0.0782582
2.76622 -0.078125

2.76643 -0.078125
2.78125 -0.0748343

2.78125 -0.0748319
2.79688 -0.0713204

2.79688 -0.0713204
2.8125 -0.0677686

2.8125 -0.0677687
2.82812 -0.0641764

-0.484375 0.107427
-0.497182 0.109375

-0.5 0.109589
-0.498594 0.109375

-0.484375 0.107398
-0.46875 0.104994

-0.46875 0.104994
-0.453125 0.102563

-0.453125 0.102563
-0.4375 0.100106

-0.4375 0.100106
-0.421875 0.0976233

2.82812 -0.0643206
2.83596 -0.0625

2.8348 -0.0625
2.84375 -0.0604186

-0.421875 0.0976231
-0.40625 0.0951162

-0.390625 0.092663
-0.397335 0.09375

-0.390625 0.0925849
-0.375 0.0900299

2.84375 -0.0605434
2.85938 -0.0568695

2.85938 -0.0568695
2.875 -0.0531547

2.875 -0.0531547
2.89062 -0.0493993

2.89062 -0.0492737
2.9005 -0.046875

-0.40625 0.0950502
-0.398223 0.09375

-0.375 0.0900297
-0.359375 0.0874515

2.90213 -0.046875
2.90625 -0.0458751

2.90625 -0.0456029
2.92188 -0.0417661

-0.359375 0.0874513
-0.34375 0.0848508

-0.34375 0.0848506
-0.328125 0.0822285

-0.328125 0.0822283
-0.3125 0.0795854

2.92188 -0.0417662
2.9375 -0.0378892

2.9375 -0.0378894
2.95312 -0.0339718

2.95312 -0.034725
2.96684 -0.03125

2.95892 -0.03125
2.96875 -0.0287607

2.96875 -0.0300125
2.98438 -0.0260153

2.98438 -0.0260138
3 -0.0219829

-0.296875 0.0770125
-0.303402 0.078125

-0.3125 0.0795119
-0.304363 0.078125

-0.296875 0.0769221
-0.28125 0.0742388

-0.28125 0.0742386
-0.265625 0.0715359

-0.265625 0.0715357
-0.25 0.0688147

3 -0.0219962
3.03125 -0.0138193

3.03125 -0.0118214
3.0625 -0.00748336

3.0625 -0.0100419
3.125 -0.00680071

3.125 -0.00812385
3.25 -0.00481903

3.25 -0.00527914
3.5 -0.00212677

3.5 -0.00369046
3.88152 0

-0.203125 0.0606275
-0.213679 0.0625

-0.203125 0.0605476
-0.1875 0.0577592

-0.25 0.0688145
-0.234375 0.0660757

-0.234375 0.0660754
-0.21875 0.0633198

-0.21875 0.063106
-0.215334 0.0625

-0.1875 0.057759
-0.171875 0.0549552

-0.171875 0.054955
-0.15625 0.0521368

-0.15625 0.0521366
-0.140625 0.0493048

-0.125 0.046525
-0.126922 0.046875

-0.140625 0.0492943
-0.127337 0.046875

-0.125 0.0464597
-0.109375 0.0436021

-0.109375 0.0436019
-0.09375 0.040732

-0.09375 0.0407318
-0.078125 0.0378508

-0.078125 0.0378506
-0.0625 0.034959

-0.03125 0.02925
-0.0419879 0.03125

-0.0625 0.0349587
-0.046875 0.0320577

-0.046875 0.0317319
-0.0442878 0.03125

-0.03125 0.0291472
-0.015625 0.0262279

-0.015625 0.0262277
0 0.0233004

