-3.96586 0
-3.5 0.00179392

-3.5 0.000841396
-3.25 0.00218868

-3.25 0.0018384
-3.125 0.00356802

-3.125 0.00296247
-3.0625 0.00477211

-3.0625 0.00388744
-3.03125 0.0060085

-3.03125 0.00678926
-3 0.0103344

0.171875 -0.000719296
0.159027 0

0.171875 -0.000713892
0.1875 -0.00159044

0.1875 -0.00159046
0.203125 -0.00246868

0.203125 -0.00246871
0.21875 -0.00334852

-3 0.0103253
-2.98438 0.0120465

0.21875 -0.00334854
0.234375 -0.00422981

0.234375 -0.00422984
0.25 -0.00511248

-2.98438 0.0120485
-2.96875 0.0137325

-2.96875 0.0137323
-2.95312 0.0153754

0.25 -0.0051125
0.265625 -0.00599642

0.265625 -0.00599644
0.28125 -0.00688155

0.28125 -0.00688157
0.296875 -0.0077678

0.296875 -0.00776782
0.3125 -0.00865507

0.3125 -0.00865509
0.328125 -0.0095433

0.328125 -0.00954332
0.34375 -0.0104324

0.34375 -0.0104324
0.359375 -0.0113223

0.359375 -0.0113223
0.375 -0.0122129

0.375 -0.0122129
0.390625 -0.0131042

-2.95312 0.0154422
-2.95134 0.015625

-2.95059 0.015625
-2.9375 0.0169673

0.390625 -0.0131042
0.40625 -0.013996

0.40625 -0.013996
0.421875 -0.0148884

0.4375 -0.0157995
0.434445 -0.015625

0.421875 -0.0148843
0.434841 -0.015625

0.4375 -0.0157814
0.453125 -0.0166737

-2.9375 0.0169778
-2.92188 0.0185413

-2.92188 0.0185411
-2.90625 0.020066

-2.90625 0.0200658
-2.89062 0.021553

-2.89062 0.0215528
-2.875 0.023003

-2.875 0.0230028
-2.85938 0.0244168

0.453125 -0.0166736
0.46875 -0.0175652

0.46875 -0.0175652
0.484375 -0.0184561

0.484375 -0.0184561
0.5 -0.0193462

1.5 -0.0673442
1.51562 -0.0678105

-1.46875 0.0623098
-1.48383 0.0625

-1.46875 0.0623098
-1.45312 0.0621033

-1.45312 0.0621033
-1.4375 0.0618875

-1.5 0.0626944
-1.48438 0.0625069

-1.48438 0.062507
-1.48382 0.0625

-1.4375 0.0618875
-1.42188 0.0616624

-1.42188 0.0616624
-1.40625 0.0614281

-1.40625 0.0614281
-1.39062 0.0611846

-1.39062 0.0611846
-1.375 0.060932

-1.375 0.060932
-1.35938 0.0606704

-1.35938 0.0606704
-1.34375 0.0603999

-1.34375 0.0603998
-1.32812 0.0601203

-1.32812 0.0601203
-1.3125 0.059832

-1.3125 0.059832
-1.29688 0.0595348

-1.29688 0.0595348
-1.28125 0.0592288

-1.28125 0.0592288
-1.26562 0.0589141

-1.26562 0.0589141
-1.25 0.0585906

-1.25 0.0585906
-1.23438 0.0582584

-1.23438 0.0582584
-1.21875 0.0579175

-1.21875 0.0579175
-1.20312 0.0575678

-1.20312 0.0575678
-1.1875 0.0572093

-1.1875 0.0572093
-1.17188 0.0568419

-1.17188 0.056842
-1.15625 0.0564657

-1.15625 0.0564658
-1.14062 0.0560806

-1.14062 0.0560807
-1.125 0.0556866

-1.125 0.0556866
-1.10938 0.0552835

-1.10938 0.0552835
-1.09375 0.0548715

-1.09375 0.0548715
-1.07812 0.0544504

-1.07812 0.0544504
-1.0625 0.0540204

-1.0625 0.0540204
-1.04688 0.0535815

-1.04688 0.0535815
-1.03125 0.0531338

-1.03125 0.0531337
-1.01562 0.0526773

-1.01562 0.0526772
-1 0.0522121

-2.85938 0.0244166
-2.84375 0.0257952

-2.84375 0.025795
-2.82812 0.027139

-2.82812 0.0271388
-2.8125 0.0284491

-2.8125 0.0284489
-2.79688 0.0297263

-2.79688 0.0297261
-2.78125 0.0309714

-2.78125 0.030984
-2.77783 0.03125

-2.77761 0.03125
-2.76562 0.0321812

-2.76562 0.0321848
-2.75 0.0333676

-2.75 0.0333675
-2.73438 0.0345198

-2.73438 0.0345197
-2.71875 0.0356422

-2.71875 0.035642
-2.70312 0.0367353

-1 0.0522121
-0.984375 0.0517384

-0.984375 0.0517384
-0.96875 0.0512563

-0.96875 0.0512563
-0.953125 0.0507659

-2.70312 0.0367351
-2.6875 0.0377998

0 0.00875228
0.015625 0.0079073

0.015625 0.00790728
0.03125 0.00705899

0.03125 0.00705898
0.046875 0.00620746

0.046875 0.00620745
0.0625 0.00535274

0.0625 0.00535273
0.078125 0.00449491

0.078125 0.0044949
0.09375 0.00363402

0.09375 0.00363401
0.109375 0.00277013

-2.6875 0.0377996
-2.67188 0.0388362

0.109375 0.00277012
0.125 0.00190331

-0.953125 0.0507659
-0.9375 0.0502674

-2.67188 0.0388361
-2.65625 0.0398453

-0.9375 0.0502673
-0.921875 0.0497607

-2.65625 0.0398452
-2.64062 0.0408276

0.125 0.00190328
0.140625 0.00103362

1.51562 -0.0678105
1.53125 -0.0682636

1.53125 -0.0682636
1.54688 -0.0687032

1.54688 -0.0687032
1.5625 -0.069129

1.5625 -0.0691291
1.57812 -0.0695409

1.57812 -0.0695409
1.59375 -0.0699385

1.59375 -0.0699385
1.60938 -0.0703216

1.60938 -0.0703216
1.625 -0.0706899

1.625 -0.07069
1.64062 -0.0710433

1.64062 -0.0710434
1.65625 -0.0713815

1.65625 -0.0713816
1.67188 -0.0717042

1.67188 -0.0717043
1.6875 -0.0720112

1.6875 -0.0720113
1.70312 -0.0723024

1.70312 -0.0723024
1.71875 -0.0725774

1.71875 -0.0725774
1.73438 -0.072836

1.73438 -0.0728361
1.75 -0.0730782

1.75 -0.0730782
1.76562 -0.0733035

1.76562 -0.0733035
1.78125 -0.0735118

1.78125 -0.0735119
1.79688 -0.0737029

1.79688 -0.073703
1.8125 -0.0738765

1.8125 -0.0738766
1.82812 -0.0740324

1.82812 -0.0740325
1.84375 -0.0741703

-0.921875 0.0497607
-0.90625 0.0492461

-0.90625 0.0492461
-0.890625 0.0487238

-0.890625 0.0487238
-0.875 0.0481939

-0.875 0.0481939
-0.859375 0.0476565

-0.859375 0.0476564
-0.84375 0.0471116

1.84375 -0.0741704
1.85938 -0.0742901

-2.64062 0.0408275
-2.625 0.0417836

-2.625 0.0417835
-2.60938 0.0427138

-2.60938 0.0427137
-2.59375 0.0436186

-2.59375 0.0436185
-2.57812 0.0444985

-2.57812 0.0444984
-2.5625 0.045354

-2.5625 0.0453539
-2.54688 0.0461854

-2.54688 0.0461855
-2.53354 0.046875

-2.53351 0.046875
-2.53125 0.046992

-2.53125 0.0469932
-2.51562 0.047778

-2.51562 0.0477779
-2.5 0.0485401

-2.5 0.04854
-2.48438 0.0492799

-2.48438 0.0492798
-2.46875 0.0499978

-2.46875 0.0499978
-2.45312 0.0506943

-2.45312 0.0506943
-2.4375 0.0513697

-2.4375 0.0513696
-2.42188 0.0520243

-2.42188 0.0520243
-2.40625 0.0526585

-2.40625 0.0526584
-2.39062 0.0532725

-2.39062 0.0532724
-2.375 0.0538665

-2.375 0.0538665
-2.35938 0.054441

-2.35938 0.0544409
-2.34375 0.054996

-2.34375 0.0549959
-2.32812 0.055532

-2.32812 0.0555319
-2.3125 0.0560491

-2.3125 0.0560491
-2.29688 0.0565479

-2.29688 0.0565478
-2.28125 0.0570285

-2.28125 0.0570284
-2.26562 0.0574913

-2.26562 0.0574912
-2.25 0.0579367

-2.25 0.0579366
-2.23438 0.058365

-2.23438 0.0583649
-2.21875 0.0587763

-2.21875 0.0587763
-2.20312 0.0591711

-2.20312 0.0591711
-2.1875 0.0595495

-2.1875 0.0595495
-2.17188 0.0599118

-2.17188 0.0599117
-2.15625 0.060258

-2.15625 0.060258
-2.14062 0.0605885

-2.14062 0.0605885
-2.125 0.0609034

-2.125 0.0609034
-2.10938 0.0612028

-2.10938 0.0612028
-2.09375 0.061487

-2.09375 0.0614869
-2.07812 0.0617559

-2.07812 0.0617559
-2.0625 0.0620099

-2.0625 0.0620099
-2.04688 0.0622491

-2.04688 0.0622491
-2.03125 0.0624738

-2.03125 0.0624747
-2.02937 0.0625

-2.02929 0.0625
-2.01562 0.062684

-2.01562 0.0626841
-2 0.0628805

-2 0.0628805
-1.98438 0.0630631

-1.98438 0.0630631
-1.96875 0.0632322

-1.96875 0.0632321
-1.95312 0.0633879

-1.95312 0.0633879
-1.9375 0.0635306

-1.9375 0.0635306
-1.92188 0.0636604

-1.92188 0.0636604
-1.90625 0.0637775

-1.90625 0.0637775
-1.89062 0.0638821

-1.89062 0.0638821
-1.875 0.0639742

-1.875 0.0639742
-1.85938 0.0640541

-1.85938 0.0640541
-1.84375 0.0641218

-1.84375 0.0641217
-1.82812 0.0641774

-1.82812 0.0641774
-1.8125 0.064221

-1.8125 0.064221
-1.79688 0.0642528

-1.79688 0.0642527
-1.78125 0.0642727

-1.78125 0.0642727
-1.76562 0.0642808

-1.76562 0.0642808
-1.75 0.0642773

-1.75 0.0642773
-1.73438 0.0642621

-1.73438 0.0642621
-1.71875 0.0642353

-1.71875 0.0642353
-1.70312 0.0641969

-1.70312 0.0641969
-1.6875 0.064147

-1.6875 0.064147
-1.67188 0.0640857

-1.67188 0.0640856
-1.65625 0.064013

-1.65625 0.0640129
-1.64062 0.063929

1.85938 -0.0742901
1.875 -0.0743913

-1.64062 0.063929
-1.625 0.063834

-1.625 0.0638339
-1.60938 0.063728

-1.60938 0.0637279
-1.59375 0.0636112

-1.59375 0.0636112
-1.57812 0.0634839

-1.57812 0.0634839
-1.5625 0.0633461

0.140625 0.00103363
0.15625 0.000161171

-1.5625 0.0633461
-1.54688 0.0631982

-1.54688 0.0631981
-1.53125 0.0630401

-1.53125 0.0630401
-1.51562 0.0628721

0.15625 0.00018354
0.159528 0

1.875 -0.0743914
1.89062 -0.0744739

1.89062 -0.0744739
1.90625 -0.0745375

1.90625 -0.0745376
1.92188 -0.0745819

1.92188 -0.0745819
1.9375 -0.0746068

1.9375 -0.0746068
1.95312 -0.0746119

0.5 -0.0193462
0.515625 -0.0202354

0.515625 -0.0202354
0.53125 -0.0211237

0.53125 -0.0211237
0.546875 -0.022011

0.546875 -0.022011
0.5625 -0.0228972

1.95312 -0.0746119
1.96875 -0.0745969

0.5625 -0.0228972
0.578125 -0.0237823

0.578125 -0.0237823
0.59375 -0.0246662

0.59375 -0.0246662
0.609375 -0.0255488

-0.828125 0.046557
-0.837123 0.046875

-0.84375 0.0471148
-0.836964 0.046875

-0.828125 0.0465593
-0.8125 0.0460003

-0.8125 0.0460003
-0.796875 0.0454345

-0.796875 0.0454345
-0.78125 0.0448621

-0.78125 0.0448621
-0.765625 0.0442832

-0.765625 0.0442831
-0.75 0.0436978

-0.75 0.0436977
-0.734375 0.043106

-0.734375 0.043106
-0.71875 0.0425079

-0.71875 0.0425079
-0.703125 0.0419036

-0.703125 0.0419036
-0.6875 0.0412931

-0.6875 0.0412931
-0.671875 0.0406763

-0.671875 0.0406763
-0.65625 0.0400534

-0.65625 0.0400534
-0.640625 0.0394243

-0.640625 0.0394243
-0.625 0.0387891

-0.625 0.0387891
-0.609375 0.0381478

-0.609375 0.0381478
-0.59375 0.0375004

-0.59375 0.0375004
-0.578125 0.0368469

-0.578125 0.0368469
-0.5625 0.0361873

-0.5625 0.0361874
-0.546875 0.0355216

-0.546875 0.0355217
-0.53125 0.0348497

-0.53125 0.0348497
-0.515625 0.0341715

-0.515625 0.0341715
-0.5 0.033487

-0.5 0.033487
-0.484375 0.0327965

-0.484375 0.0327965
-0.46875 0.0320998

-0.4375 0.0306862
-0.449926 0.03125

-0.46875 0.0320998
-0.453125 0.0313969

-0.453125 0.0314026
-0.449762 0.03125

-1.51562 0.0628721
-1.5 0.0626944

1.96875 -0.0745969
1.98438 -0.0745614

1.98438 -0.0745615
2 -0.0745052

0.609375 -0.0255488
0.625 -0.02643

-0.4375 0.0306877
-0.421875 0.029973

-0.421875 0.029973
-0.40625 0.0292528

-0.40625 0.0292528
-0.390625 0.0285269

-0.390625 0.0285269
-0.375 0.0277955

-0.375 0.0277954
-0.359375 0.0270586

-0.359375 0.0270586
-0.34375 0.0263165

-0.34375 0.0263165
-0.328125 0.025569

0.625 -0.02643
0.640625 -0.0273098

2 -0.0745053
2.01562 -0.074428

-0.328125 0.025569
-0.3125 0.0248162

0.640625 -0.0273098
0.65625 -0.028188

-0.3125 0.0248162
-0.296875 0.0240581

2.01562 -0.0744281
2.03125 -0.0743294

2.03125 -0.0743294
2.04688 -0.074209

2.04688 -0.0742091
2.0625 -0.0740666

0.65625 -0.028188
0.671875 -0.0290645

0.671875 -0.0290646
0.6875 -0.0299394

0.71875 -0.0317004
0.710666 -0.03125

0.6875 -0.0299394
0.703125 -0.0308123

0.703125 -0.0307955
0.711282 -0.03125

0.71875 -0.0316833
0.734375 -0.0325509

0.734375 -0.0325509
0.75 -0.0334152

0.75 -0.0334152
0.765625 -0.0342761

0.765625 -0.0342762
0.78125 -0.0351336

0.78125 -0.0351336
0.796875 -0.0359874

0.796875 -0.0359874
0.8125 -0.0368373

0.8125 -0.0368374
0.828125 -0.0376834

0.828125 -0.0376834
0.84375 -0.0385252

0.84375 -0.0385253
0.859375 -0.0393628

0.859375 -0.0393629
0.875 -0.0401959

0.875 -0.0401959
0.890625 -0.0410242

0.890625 -0.0410243
0.90625 -0.0418477

0.90625 -0.0418478
0.921875 -0.0426661

0.921875 -0.0426662
0.9375 -0.0434793

0.9375 -0.0434793
0.953125 -0.044287

0.953125 -0.044287
0.96875 -0.0450891

0.96875 -0.0450891
0.984375 -0.0458854

0.984375 -0.0458854
1 -0.0466757

1.01562 -0.0474674
1.00381 -0.046875

1 -0.0466542
1.0044 -0.046875

1.01562 -0.0474596
1.03125 -0.0482357

1.03125 -0.0482357
1.04688 -0.0490043

1.04688 -0.0490044
1.0625 -0.0497653

1.0625 -0.0497653
1.07812 -0.0505184

1.07812 -0.0505184
1.09375 -0.0512636

1.09375 -0.0512636
1.10938 -0.0520007

1.10938 -0.0520007
1.125 -0.0527295

1.125 -0.0527296
1.14062 -0.05345

1.14062 -0.0534501
1.15625 -0.0541621

1.15625 -0.0541621
1.17188 -0.0548655

1.17188 -0.0548655
1.1875 -0.0555601

1.1875 -0.0555602
1.20312 -0.0562459

1.20312 -0.056246
1.21875 -0.0569227

1.21875 -0.0569228
1.23438 -0.0575903

1.23438 -0.0575904
1.25 -0.0582486

1.25 -0.0582486
1.26562 -0.0588973

1.26562 -0.0588974
1.28125 -0.0595365

1.28125 -0.0595365
1.29688 -0.0601658

1.29688 -0.0601658
1.3125 -0.0607852

1.35938 -0.0625853
1.35711 -0.0625

1.35938 -0.0625825
1.375 -0.0631596

1.3125 -0.0607852
1.32812 -0.0613946

1.32812 -0.0613946
1.34375 -0.0619937

1.34375 -0.0619934
1.3572 -0.0625

1.375 -0.0631597
1.39062 -0.0637251

1.39062 -0.0637252
1.40625 -0.0642789

1.40625 -0.0642789
1.42188 -0.0648206

1.42188 -0.0648206
1.4375 -0.0653502

1.4375 -0.0653503
1.45312 -0.0658676

1.45312 -0.0658676
1.46875 -0.0663724

1.46875 -0.0663725
1.48438 -0.0668647

1.48438 -0.0668647
1.5 -0.0673441

-0.296875 0.0240581
-0.28125 0.0232948

-0.28125 0.0232947
-0.265625 0.0225263

-0.265625 0.0225263
-0.25 0.0217527

-0.25 0.0217527
-0.234375 0.0209741

-0.234375 0.0209741
-0.21875 0.0201905

-0.21875 0.0201905
-0.203125 0.019402

-0.203125 0.019402
-0.1875 0.0186085

-0.1875 0.0186085
-0.171875 0.0178102

-0.171875 0.0178102
-0.15625 0.0170071

-0.15625 0.0170071
-0.140625 0.0161993

-0.125 0.0153407
-0.130467 0.015625

-0.140625 0.01622
-0.129184 0.015625

-0.125 0.0153864
-0.109375 0.0145698

-0.109375 0.0145699
-0.09375 0.0137497

-0.09375 0.0137497
-0.078125 0.0129257

-0.078125 0.0129257
-0.0625 0.0120981

-0.0625 0.0120981
-0.046875 0.0112669

-0.046875 0.0112669
-0.03125 0.0104322

-0.03125 0.0104321
-0.015625 0.00959394

-0.015625 0.00959392
0 0.0087523

2.0625 -0.0740667
2.07812 -0.0739019

2.07812 -0.073902
2.09375 -0.0737146

2.09375 -0.0737147
2.10938 -0.0735044

2.10938 -0.0735045
2.125 -0.073271

2.125 -0.0732711
2.14062 -0.0730141

2.14062 -0.0730142
2.15625 -0.0727333

2.15625 -0.0727334
2.17188 -0.0724284

2.17188 -0.0724285
2.1875 -0.072099

2.1875 -0.0720991
2.20312 -0.0717449

2.20312 -0.0717449
2.21875 -0.0713656

2.21875 -0.0713657
2.23438 -0.0709609

2.23438 -0.070961
2.25 -0.0705305

2.25 -0.0705306
2.26562 -0.0700741

2.26562 -0.0700741
2.28125 -0.0695911

2.28125 -0.0695912
2.29688 -0.0690813

2.29688 -0.0690814
2.3125 -0.0685442

2.3125 -0.0685443
2.32812 -0.0679795

2.32812 -0.0679796
2.34375 -0.0673868

2.34375 -0.0673869
2.35938 -0.0667656

2.35938 -0.0667657
2.375 -0.0661158

2.375 -0.0661159
2.39062 -0.065437

2.39062 -0.0654371
2.40625 -0.0647288

2.40625 -0.0647289
2.42188 -0.0639909

2.42188 -0.0639909
2.4375 -0.0632228

2.4375 -0.0632205
2.4516 -0.0625

2.45219 -0.0625
2.45312 -0.0624521

2.45312 -0.0624246
2.46875 -0.061595

2.46875 -0.0615951
2.48438 -0.0607335

2.48438 -0.0607337
2.5 -0.0598398

2.5 -0.0598399
2.51562 -0.0589132

2.51562 -0.0589134
2.53125 -0.0579535

2.53125 -0.0579536
2.54688 -0.05696

2.54688 -0.0569601
2.5625 -0.0559323

2.5625 -0.0559325
2.57812 -0.0548701

2.57812 -0.0548702
2.59375 -0.0537729

2.59375 -0.053773
2.60938 -0.0526403

2.60938 -0.0526404
2.625 -0.051472

2.625 -0.0514721
2.64062 -0.0502675

2.64062 -0.0502675
2.65625 -0.0490263

2.65625 -0.0490264
2.67188 -0.0477482

2.67188 -0.0477309
2.68204 -0.046875

2.68267 -0.046875
2.6875 -0.0464684

2.6875 -0.0464331
2.70312 -0.0450789

2.70312 -0.045079
2.71875 -0.0436856

2.71875 -0.0436858
2.73438 -0.0422523

2.73438 -0.0422523
2.75 -0.0407785

2.75 -0.0407787
2.76562 -0.039264

2.76562 -0.0392639
2.78125 -0.0377082

2.78125 -0.0377082
2.79688 -0.0361117

2.79688 -0.0361118
2.8125 -0.0344742

2.8125 -0.0344744
2.82812 -0.0327949

2.82812 -0.0327868
2.84207 -0.03125

2.84306 -0.03125
2.84375 -0.0311735

2.84375 -0.0310732
2.85938 -0.0293073

2.85938 -0.0293074
2.875 -0.027497

2.875 -0.0274972
2.89062 -0.0256418

2.89062 -0.0256419
2.90625 -0.0237411

2.90625 -0.023741
2.92188 -0.0217947

2.92188 -0.0217948
2.9375 -0.0198027

2.9375 -0.0198029
2.95312 -0.0177644

2.95312 -0.017764
2.96875 -0.0156799

2.96875 -0.0156637
2.96903 -0.015625

2.96915 -0.015625
2.98438 -0.0135519

2.98438 -0.0135492
3 -0.0113838

3 -0.0113827
3.03125 -0.00699037

3.03125 -0.00615604
3.0625 -0.00335645

3.0625 -0.00415782
3.125 -0.00187602

3.125 -0.00285792
3.25 -0.00105744

3.25 -0.00173414
3.5 -0.000370334

3.5 -0.0012155
3.82521 0

