-4 0.00022311
-3.5 0.00436277

0 -0.038272
0.015625 -0.0390693

0.015625 -0.0390694
0.03125 -0.0398578

0.03125 -0.0398578
0.046875 -0.040637

0.046875 -0.040637
0.0625 -0.0414068

-3.5 0.00249508
-3.25 0.00531198

-3.25 0.00504894
-3.125 0.00835559

-3.125 0.00714699
-3.0625 0.0102535

-3.0625 0.00895866
-3.03125 0.012578

-3.03125 0.0137665
-3 0.0196644

0.0625 -0.0414069
0.078125 -0.0421671

0.078125 -0.0421672
0.09375 -0.0429178

0.09375 -0.0429178
0.109375 -0.0436585

0.109375 -0.0436585
0.125 -0.044389

0.125 -0.044389
0.140625 -0.0451091

0.140625 -0.0451091
0.15625 -0.0458186

0.15625 -0.0458188
0.171875 -0.0465174

0.1875 -0.0471593
0.181044 -0.046875

0.171875 -0.0465588
0.179055 -0.046875

0.1875 -0.0472052
0.203125 -0.0478838

0.203125 -0.0478839
0.21875 -0.0485529

0.21875 -0.048553
0.234375 -0.0492123

0.234375 -0.0492124
0.25 -0.0498618

-3 0.0196627
-2.98438 0.0225729

-2.98438 0.022575
-2.96875 0.0254456

-2.96875 0.0254465
-2.95312 0.0282717

-2.95312 0.0282723
-2.9375 0.0310492

-2.9375 0.0310558
-2.93639 0.03125

-2.93635 0.03125
-2.92188 0.0337756

0.25 -0.0498619
0.265625 -0.0505013

0.265625 -0.0505013
0.28125 -0.0511304

0.28125 -0.0511305
0.296875 -0.0517491

0.296875 -0.0517491
0.3125 -0.0523571

0.3125 -0.0523572
0.328125 -0.0529543

-2.92188 0.0337765
-2.90625 0.036451

-2.90625 0.0364513
-2.89062 0.0390727

0.328125 -0.0529543
0.34375 -0.0535404

0.34375 -0.0535405
0.359375 -0.0541153

0.359375 -0.0541154
0.375 -0.0546789

-2.89062 0.0390731
-2.875 0.0416401

0.375 -0.0546789
0.390625 -0.0552308

0.390625 -0.0552309
0.40625 -0.0557711

0.40625 -0.0557711
0.421875 -0.0562993

0.421875 -0.0562994
0.4375 -0.0568154

-2.875 0.0416405
-2.85938 0.0441518

-2.85938 0.0441522
-2.84375 0.0466064

-2.84375 0.0466054
-2.84199 0.046875

0.4375 -0.0568155
0.453125 -0.0573192

0.453125 -0.0573193
0.46875 -0.0578104

0.46875 -0.0578105
0.484375 -0.0582889

0.484375 -0.058289
0.5 -0.0587544

-2.842 0.046875
-2.82812 0.0490028

-2.82812 0.0490029
-2.8125 0.0513396

-2.8125 0.0513398
-2.79688 0.053616

-2.79688 0.0536163
-2.78125 0.055831

-2.78125 0.0558312
-2.76562 0.0579837

-2.76562 0.0579839
-2.75 0.0600736

-2.75 0.0600737
-2.73438 0.0620999

-2.73438 0.0620886
-2.7311 0.0625

-2.73121 0.0625
-2.71875 0.0640654

-2.71875 0.0640625
-2.70312 0.0659606

-2.70312 0.0659607
-2.6875 0.0677941

-2.6875 0.0677942
-2.67188 0.0695625

-2.67188 0.0695626
-2.65625 0.0712654

-2.65625 0.0712654
-2.64062 0.0729027

-2.64062 0.0729027
-2.625 0.0744743

-1.48438 0.0619784
-1.4919 0.0625

-2.625 0.0744743
-2.60938 0.0759803

-1.48438 0.0619664
-1.46875 0.0608744

0.5 -0.0587545
0.515625 -0.0592068

0.515625 -0.0592068
0.53125 -0.0596457

0.53125 -0.0596458
0.546875 -0.0600711

0.546875 -0.0600711
0.5625 -0.0604826

0.5625 -0.0604826
0.578125 -0.06088

-1.46875 0.0608742
-1.45312 0.0597744

-1.45312 0.0597742
-1.4375 0.0586673

-1.5 0.0630386
-1.49223 0.0625

1.5 -0.0581936
1.51562 -0.0577272

1.51562 -0.0577272
1.53125 -0.0572491

1.53125 -0.057249
1.54688 -0.0567594

1.54688 -0.0567594
1.5625 -0.0562584

1.5625 -0.0562583
1.57812 -0.0557463

0.578125 -0.0608801
0.59375 -0.0612632

0.59375 -0.0612632
0.609375 -0.0616318

0.609375 -0.0616319
0.625 -0.0619859

-2.60938 0.0759802
-2.59375 0.077421

-2.59375 0.077409
-2.58562 0.078125

-1.4375 0.0586672
-1.42188 0.0575537

1.57812 -0.0557462
1.59375 -0.0552233

-1.42188 0.0575536
-1.40625 0.0564342

-1.40625 0.0564341
-1.39062 0.0553094

-1.39062 0.0553092
-1.375 0.0541797

-2.5859 0.078125
-2.57812 0.0788093

-2.57812 0.0787968
-2.5625 0.0801083

-1.375 0.0541796
-1.35938 0.0530457

1.59375 -0.0552232
1.60938 -0.0546898

0.65625 -0.0626358
0.649709 -0.0625

1.60938 -0.0546897
1.625 -0.0541459

-1.35938 0.0530457
-1.34375 0.0519078

-2.5625 0.0801082
-2.54688 0.0813556

-2.54688 0.0813556
-2.53125 0.0825393

-2.53125 0.0825392
-2.51562 0.0836595

-2.51562 0.0836594
-2.5 0.0847165

-1.34375 0.0519077
-1.32812 0.0507662

-1.32812 0.0507661
-1.3125 0.0496213

-1.3125 0.0496213
-1.29688 0.0484737

-1.29688 0.0484734
-1.28125 0.0473236

-1.26562 0.0461879
-1.27494 0.046875

1.625 -0.0541459
1.64062 -0.0535919

1.64062 -0.0535919
1.65625 -0.0530281

1.65625 -0.053028
1.67188 -0.0524547

1.67188 -0.0524547
1.6875 -0.051872

1.6875 -0.051872
1.70312 -0.0512802

1.70312 -0.0512802
1.71875 -0.0506795

1.71875 -0.0506794
1.73438 -0.05007

1.73438 -0.0500699
1.75 -0.0494521

0.65625 -0.0626493
0.671875 -0.0629591

1.75 -0.049452
1.76562 -0.048826

1.76562 -0.0488259
1.78125 -0.048192

1.78125 -0.0481919
1.79688 -0.0475503

1.79688 -0.0475503
1.8125 -0.0469015

-2.5 0.0847164
-2.48438 0.0857107

1.8125 -0.0469202
1.81358 -0.046875

0.671875 -0.0629591
0.6875 -0.0632545

1.81309 -0.046875
1.82812 -0.0462448

-2.48438 0.0857105
-2.46875 0.0866426

1.82812 -0.0462461
1.84375 -0.0455862

-1.28125 0.0472978
-1.27552 0.046875

1.84375 -0.0455861
1.85938 -0.0449209

-1.26562 0.0461713
-1.25 0.0450159

1.85938 -0.0449209
1.875 -0.0442506

0.625 -0.061986
0.640625 -0.0623251

0.640625 -0.0623365
0.648502 -0.0625

0.6875 -0.0632545
0.703125 -0.0635355

-1.25 0.0450157
-1.23438 0.043858

-2.46875 0.0866424
-2.45312 0.087513

-1.23438 0.0438579
-1.21875 0.0426983

1.875 -0.0442506
1.89062 -0.0435754

-1.21875 0.0426982
-1.20312 0.0415374

1.89062 -0.0435754
1.90625 -0.0428954

-1.20312 0.0415373
-1.1875 0.0403757

1.90625 -0.0428954
1.92188 -0.0422109

-1.1875 0.0403756
-1.17188 0.0392138

0.703125 -0.0635356
0.71875 -0.063802

-1.17188 0.0392137
-1.15625 0.038052

0.71875 -0.063802
0.734375 -0.0640538

0.734375 -0.0640538
0.75 -0.0642908

-2.45312 0.0875128
-2.4375 0.0883226

1.92188 -0.0422108
1.9375 -0.0415221

-1.15625 0.0380518
-1.14062 0.0368908

1.9375 -0.041522
1.95312 -0.0408292

-1.14062 0.0368906
-1.125 0.0357307

1.95312 -0.0408292
1.96875 -0.0401328

0.75 -0.0642908
0.765625 -0.064513

-2.4375 0.0883224
-2.42188 0.0890722

0.765625 -0.064513
0.78125 -0.0647202

1.96875 -0.0401327
1.98438 -0.0394328

-1.125 0.0357307
-1.10938 0.034572

-1.10938 0.034572
-1.09375 0.0334146

-1.0625 0.0311138
-1.06434 0.03125

-1.09375 0.0334145
-1.07812 0.0322586

-1.07812 0.0322573
-1.06449 0.03125

-1.0625 0.0311047
-1.04688 0.0299518

-1.04688 0.0299517
-1.03125 0.0287999

-2.42188 0.089072
-2.40625 0.0897629

-2.40625 0.0897626
-2.39062 0.0903955

-2.39062 0.0903952
-2.375 0.0909713

1.98438 -0.0394327
2 -0.0387296

-2.375 0.090971
-2.35938 0.0914913

-2.35938 0.091491
-2.34375 0.0919569

-2.34375 0.0919566
-2.32812 0.0923689

0.78125 -0.0647202
0.796875 -0.0649123

0.796875 -0.0649123
0.8125 -0.0650894

0.8125 -0.0650894
0.828125 -0.0652514

0.828125 -0.0652514
0.84375 -0.0653983

-2.32812 0.0923687
-2.3125 0.0927284

-2.3125 0.0927282
-2.29688 0.0930361

-1.03125 0.0287997
-1.01562 0.0276497

-1.01562 0.0276498
-1 0.0265018

-2.29688 0.0930359
-2.28125 0.0932928

-2.28125 0.0932926
-2.26562 0.0934994

0.84375 -0.0653983
0.859375 -0.06553

0.859375 -0.06553
0.875 -0.0656465

0.875 -0.0656465
0.890625 -0.0657479

0.890625 -0.0657479
0.90625 -0.0658342

0.90625 -0.0658342
0.921875 -0.0659055

-0.625 -0.000213203
-0.628104 0

2 -0.0387296
2.01562 -0.0380236

-2.26562 0.0934992
-2.25 0.0936568

-0.625 -0.000232261
-0.609375 -0.00130165

-0.609375 -0.00130176
-0.59375 -0.00236748

-0.59375 -0.00236751
-0.578125 -0.00342926

-0.578125 -0.00342937
-0.5625 -0.00448689

-0.5625 -0.00448701
-0.546875 -0.00553985

-0.546875 -0.0055399
-0.53125 -0.0065877

2.01562 -0.0380235
2.03125 -0.037315

2.03125 -0.0373149
2.04688 -0.0366042

2.04688 -0.0366042
2.0625 -0.0358917

2.0625 -0.0358917
2.07812 -0.0351777

2.07812 -0.0351777
2.09375 -0.0344625

2.09375 -0.0344624
2.10938 -0.0337463

-2.25 0.0936564
-2.23663 0.09375

-2.23672 0.09375
-2.23438 0.0937664

-2.23438 0.0937657
-2.21875 0.093828

-2.21875 0.0938277
-2.20312 0.0938439

-2.20312 0.0938437
-2.1875 0.0938148

-2.17188 0.0937416
-2.17368 0.09375

-2.17188 0.0937413
-2.15625 0.0936253

-2.1875 0.0938145
-2.17369 0.09375

-2.15625 0.0936249
-2.14062 0.0934668

-2.14062 0.0934665
-2.125 0.0932678

-0.53125 -0.00658771
-0.515625 -0.00763034

-2.125 0.0932675
-2.10938 0.0930292

2.10938 -0.0337462
2.125 -0.0330293

0.921875 -0.0659054
0.9375 -0.0659616

0.9375 -0.0659616
0.953125 -0.0660027

0.953125 -0.0660027
0.96875 -0.0660288

0.96875 -0.0660288
0.984375 -0.06604

0.984375 -0.06604
1 -0.0660363

2.125 -0.0330292
2.14062 -0.0323122

2.14062 -0.0323121
2.15625 -0.0315952

2.15625 -0.0315999
2.16389 -0.03125

2.16367 -0.03125
2.17188 -0.0308742

2.17188 -0.0308789
2.1875 -0.0301648

1 -0.0660363
1.01562 -0.0660176

1.01562 -0.0660176
1.03125 -0.0659841

-0.515625 -0.00763043
-0.5 -0.00866768

2.1875 -0.0301648
2.20312 -0.0294528

-2.10938 0.0930288
-2.09375 0.0927523

-2.09375 0.092752
-2.07812 0.0924384

-2.07812 0.0924381
-2.0625 0.0920887

-1 0.0265019
-0.984375 0.0253558

-0.984375 0.0253558
-0.96875 0.0242116

-0.96875 0.0242116
-0.953125 0.0230697

-0.953125 0.0230696
-0.9375 0.0219302

1.03125 -0.0659841
1.04688 -0.0659357

1.04688 -0.0659357
1.0625 -0.0658724

1.0625 -0.0658724
1.07812 -0.0657943

2.20312 -0.0294528
2.21875 -0.0287431

1.07812 -0.0657943
1.09375 -0.0657013

1.09375 -0.0657013
1.10938 -0.0655933

2.21875 -0.028743
2.23438 -0.0280359

-2.0625 0.0920884
-2.04688 0.0917042

2.23438 -0.0280358
2.25 -0.0273316

1.10938 -0.0655933
1.125 -0.0654704

-0.9375 0.0219302
-0.921875 0.0207936

-2.04688 0.091704
-2.03125 0.091286

-2.03125 0.0912858
-2.01562 0.0908349

-2.01562 0.0908347
-2 0.0903516

-0.921875 0.0207935
-0.90625 0.0196598

-0.90625 0.0196597
-0.890625 0.018529

-0.890625 0.018529
-0.875 0.0174012

1.125 -0.0654704
1.14062 -0.0653325

1.14062 -0.0653325
1.15625 -0.0651796

2.25 -0.0273315
2.26562 -0.0266305

-0.875 0.0174011
-0.859375 0.0162767

-0.84375 0.0151789
-0.849965 0.015625

-0.859375 0.0162603
-0.850524 0.015625

-0.84375 0.0151555
-0.828125 0.014036

-0.828125 0.0140359
-0.8125 0.0129185

-2 0.0903514
-1.98438 0.089837

-1.98438 0.0898368
-1.96875 0.0892919

-1.96875 0.0892917
-1.95312 0.0887171

-1.95312 0.0887169
-1.9375 0.0881136

2.26562 -0.0266304
2.28125 -0.0259329

-0.8125 0.0129185
-0.796875 0.0118036

-0.796875 0.0118035
-0.78125 0.0106912

1.15625 -0.0651796
1.17188 -0.0650116

1.17188 -0.0650116
1.1875 -0.0648286

1.1875 -0.0648286
1.20312 -0.0646306

1.20312 -0.0646306
1.21875 -0.0644175

1.21875 -0.0644175
1.23438 -0.0641894

-1.9375 0.0881134
-1.92188 0.0874822

1.23438 -0.0641894
1.25 -0.0639464

-1.92188 0.0874819
-1.90625 0.0868239

-1.90625 0.0868236
-1.89062 0.0861397

2.28125 -0.0259328
2.29688 -0.025239

-0.78125 0.0106911
-0.765625 0.00958178

-0.765625 0.0095817
-0.75 0.00847555

-1.89062 0.0861394
-1.875 0.0854305

-0.75 0.00847546
-0.734375 0.00737287

2.29688 -0.0252389
2.3125 -0.0245491

-0.734375 0.00737282
-0.71875 0.00627404

2.3125 -0.0245491
2.32812 -0.0238636

1.25 -0.0639464
1.26562 -0.0636885

2.32812 -0.0238635
2.34375 -0.0231827

-0.71875 0.00627407
-0.703125 0.00517916

2.34375 -0.0231826
2.35938 -0.0225069

-0.703125 0.00517913
-0.6875 0.00408809

-1.875 0.0854302
-1.85938 0.0846974

-0.6875 0.004088
-0.671875 0.00300109

2.35938 -0.0225068
2.375 -0.0218364

-0.671875 0.00300103
-0.65625 0.00191855

1.26562 -0.0636884
1.28125 -0.0634157

2.375 -0.0218364
2.39062 -0.0211717

-1.85938 0.0846971
-1.84375 0.0839412

2.39062 -0.0211716
2.40625 -0.0205128

-1.84375 0.083941
-1.82812 0.0831629

2.40625 -0.0205127
2.42188 -0.0198601

-0.65625 0.00191849
-0.640625 0.000840676

-1.82812 0.0831627
-1.8125 0.0823634

-0.640625 0.00083568
-0.628459 0

2.42188 -0.0198601
2.4375 -0.019214

-1.8125 0.0823632
-1.79688 0.0815433

2.4375 -0.0192139
2.45312 -0.0185746

2.45312 -0.0185746
2.46875 -0.0179425

2.46875 -0.0179424
2.48438 -0.0173177

-1.79688 0.0815431
-1.78125 0.0807037

-1.78125 0.0807034
-1.76562 0.0798452

2.48438 -0.0173176
2.5 -0.0167008

-1.76562 0.079845
-1.75 0.0789687

-0.5 -0.0086678
-0.484375 -0.00969926

-0.484375 -0.00969932
-0.46875 -0.0107246

2.5 -0.0167007
2.51562 -0.016092

-1.73438 0.0780763
-1.73523 0.078125

2.51562 -0.0160924
2.5278 -0.015625

-0.46875 -0.0107246
-0.453125 -0.0117437

2.52772 -0.015625
2.53125 -0.0154896

-0.453125 -0.0117437
-0.4375 -0.0127564

-1.75 0.0789686
-1.73526 0.078125

2.53125 -0.0154917
2.54688 -0.0149013

1.28125 -0.0634157
1.29688 -0.0631284

2.54688 -0.0149012
2.5625 -0.0143206

2.5625 -0.0143205
2.57812 -0.0137502

2.57812 -0.0137501
2.59375 -0.0131905

1.29688 -0.0631283
1.3125 -0.0628267

1.3125 -0.0628267
1.32812 -0.0625108

1.32812 -0.0625187
1.32901 -0.0625

1.32859 -0.0625
1.34375 -0.0621807

1.34375 -0.0621813
1.35938 -0.0618395

1.35938 -0.0618395
1.375 -0.0614849

2.59375 -0.0131904
2.60938 -0.0126417

2.60938 -0.0126417
2.625 -0.0121042

-1.73438 0.0780744
-1.71875 0.0771636

2.625 -0.0121041
2.64062 -0.0115781

2.64062 -0.0115781
2.65625 -0.0110639

-0.4375 -0.0127565
-0.421875 -0.0137627

2.65625 -0.0110638
2.67188 -0.0105618

-0.421875 -0.0137627
-0.40625 -0.014762

2.67188 -0.0105617
2.6875 -0.0100721

-0.390625 -0.0157399
-0.392434 -0.015625

2.6875 -0.010072
2.70312 -0.00959518

-1.71875 0.0771635
-1.70312 0.0762367

2.70312 -0.00959511
2.71875 -0.00913151

1.375 -0.0614849
1.39062 -0.0611174

2.71875 -0.00913138
2.73438 -0.00868137

-1.70312 0.0762365
-1.6875 0.0752944

2.73438 -0.00868136
2.75 -0.00824523

-1.6875 0.0752942
-1.67188 0.0743377

-1.67188 0.0743375
-1.65625 0.0733675

2.75 -0.00824511
2.76562 -0.00782312

-0.40625 -0.014764
-0.392694 -0.015625

-0.390625 -0.0157541
-0.375 -0.0167404

-1.65625 0.0733674
-1.64062 0.0723846

2.76562 -0.00782314
2.78125 -0.00741547

-0.375 -0.0167405
-0.359375 -0.0177212

2.78125 -0.00741542
2.79688 -0.00702213

-0.359375 -0.0177213
-0.34375 -0.0186959

2.79688 -0.00702207
2.8125 -0.00664341

-0.34375 -0.018696
-0.328125 -0.0196642

2.8125 -0.00664329
2.82812 -0.00627964

-0.328125 -0.0196642
-0.3125 -0.0206258

2.82812 -0.00627953
2.84375 -0.00593134

-1.64062 0.0723844
-1.625 0.0713895

-0.3125 -0.0206258
-0.296875 -0.0215807

-1.625 0.0713894
-1.60938 0.0703829

-1.60938 0.0703828
-1.59375 0.0693652

-0.296875 -0.0215808
-0.28125 -0.0225291

-0.28125 -0.0225292
-0.265625 -0.0234706

-1.59375 0.069365
-1.57812 0.0683367

-0.265625 -0.0234707
-0.25 -0.0244049

2.84375 -0.00593122
2.85938 -0.00559896

1.39062 -0.0611174
1.40625 -0.0607371

1.40625 -0.060737
1.42188 -0.0603441

-1.57812 0.0683366
-1.5625 0.067298

-0.25 -0.024405
-0.234375 -0.0253317

-0.234375 -0.0253318
-0.21875 -0.0262509

-1.5625 0.0672979
-1.54688 0.0662496

-1.54688 0.0662495
-1.53125 0.0651919

-1.53125 0.0651918
-1.51562 0.0641252

-1.51562 0.064125
-1.5 0.0630499

1.42188 -0.0603441
1.4375 -0.0599387

1.4375 -0.0599387
1.45312 -0.0595209

1.45312 -0.0595209
1.46875 -0.0590907

1.46875 -0.0590907
1.48438 -0.0586482

1.48438 -0.0586482
1.5 -0.0581937

-0.21875 -0.0262509
-0.203125 -0.0271622

-0.203125 -0.0271622
-0.1875 -0.0280654

-0.1875 -0.0280654
-0.171875 -0.0289603

-0.171875 -0.0289603
-0.15625 -0.0298468

2.85938 -0.00559894
2.875 -0.00528288

2.875 -0.00528277
2.89062 -0.00498317

2.89062 -0.00498318
2.90625 -0.00470022

2.90625 -0.00470021
2.92188 -0.00443389

-0.125 -0.0315591
-0.130555 -0.03125

-0.15625 -0.0298469
-0.140625 -0.0307246

-0.140625 -0.0307461
-0.131569 -0.03125

2.92188 -0.00443391
2.9375 -0.00418421

-0.125 -0.0315935
-0.109375 -0.0324554

-0.109375 -0.0324555
-0.09375 -0.03331

-0.09375 -0.03331
-0.078125 -0.034157

2.9375 -0.00418409
2.95312 -0.00395121

2.95312 -0.00395182
2.96875 -0.00373479

2.96875 -0.00373502
2.98438 -0.00353213

-0.078125 -0.034157
-0.0625 -0.0349963

-0.0625 -0.0349964
-0.046875 -0.0358277

-0.046875 -0.0358277
-0.03125 -0.0366509

-0.03125 -0.0366509
-0.015625 -0.0374657

-0.015625 -0.0374657
0 -0.0382719

2.98438 -0.00353541
3 -0.00333965

3 -0.00337157
3.03125 -0.0028536

3.03125 -0.00239348
3.0625 -0.00260577

3.0625 -0.00345153
3.125 -0.00379402

3.125 -0.00360109
3.25 -0.0031611

3.25 -0.00257503
3.5 -0.00161274

3.5 -0.00183167
3.99939 0

3.76979 0
4 0.000458632

