-4 0.000482946
-3.5 0.00387103

-1.5 0.137179
-1.48438 0.137474

-1.48438 0.137474
-1.46875 0.137752

-1.46875 0.137752
-1.45312 0.138011

-1.45312 0.138011
-1.4375 0.138251

-1.4375 0.138252
-1.42188 0.138473

-1.42188 0.138473
-1.40625 0.138675

-1.40625 0.138675
-1.39062 0.138857

-3.5 0.00238951
-3.25 0.00467616

-3.25 0.00450794
-3.125 0.00714082

-3.125 0.00579778
-3.0625 0.00838184

-3.0625 0.00692725
-3.03125 0.0103826

-3.03125 0.0117243
-3 0.0175688

-1.39062 0.138857
-1.375 0.139019

-1.375 0.139019
-1.35938 0.139161

-1.35938 0.139161
-1.34375 0.139281

-1.34375 0.139281
-1.32812 0.13938

-1.32812 0.13938
-1.3125 0.139457

-1.3125 0.139457
-1.29688 0.139512

-1.29688 0.139512
-1.28125 0.139545

-1.28125 0.139545
-1.26562 0.139555

-3 0.0175428
-2.98438 0.0203577

-2.98438 0.0203593
-2.96875 0.0231157

-2.96875 0.0231152
-2.95312 0.0258112

-2.95312 0.0258107
-2.9375 0.0284482

-2.9375 0.0284477
-2.92188 0.0310286

-2.92188 0.030968
-2.92013 0.03125

-1.26562 0.139555
-1.25 0.139542

-2.92054 0.03125
-2.90625 0.0335608

-2.90625 0.033554
-2.89062 0.0360261

-2.89062 0.0360257
-2.875 0.0384452

-2.875 0.0384449
-2.85938 0.040813

-2.85938 0.0408127
-2.84375 0.0431308

-2.84375 0.0431304
-2.82812 0.0453999

-2.82812 0.045387
-2.81766 0.046875

-1.25 0.139542
-1.23438 0.139505

-1.23438 0.139505
-1.21875 0.139443

-1.21875 0.139444
-1.20312 0.139357

-1.20312 0.139357
-1.1875 0.139245

-1.1875 0.139245
-1.17188 0.139107

-1.17188 0.139107
-1.15625 0.138942

-1.15625 0.138942
-1.14062 0.13875

0.21875 -0.000692921
0.214785 0

1.5 -0.170048
1.51562 -0.170507

1.51562 -0.170507
1.53125 -0.170914

1.53125 -0.170914
1.54688 -0.17127

-1.14062 0.13875
-1.125 0.138529

-2.81792 0.046875
-2.8125 0.0476465

-1.125 0.138529
-1.10938 0.13828

1.54688 -0.17127
1.5625 -0.171574

1.5625 -0.171574
1.57812 -0.171826

1.59375 -0.172027
1.58183 -0.171875

1.57812 -0.171823
1.58222 -0.171875

1.59375 -0.172026
1.60938 -0.172173

1.60938 -0.172173
1.625 -0.172267

1.625 -0.172267
1.64062 -0.172308

1.64062 -0.172308
1.65625 -0.172296

1.65625 -0.172296
1.67188 -0.172232

-1.10938 0.13828
-1.09375 0.138001

1.67188 -0.172231
1.6875 -0.172115

1.6875 -0.172115
1.70312 -0.171948

1.70312 -0.171945
1.70819 -0.171875

1.70843 -0.171875
1.71875 -0.171732

1.71875 -0.171731
1.73438 -0.171464

1.73438 -0.171463
1.75 -0.171146

1.75 -0.171146
1.76562 -0.17078

1.76562 -0.17078
1.78125 -0.170364

1.78125 -0.170364
1.79688 -0.1699

1.79688 -0.1699
1.8125 -0.169387

1.8125 -0.169387
1.82812 -0.168827

1.82812 -0.168826
1.84375 -0.168218

1.84375 -0.168218
1.85938 -0.167562

1.85938 -0.167562
1.875 -0.166859

1.875 -0.166859
1.89062 -0.166111

1.89062 -0.166111
1.90625 -0.165318

1.90625 -0.165318
1.92188 -0.164481

1.92188 -0.164481
1.9375 -0.163602

0.21875 -0.000699837
0.234375 -0.00343937

0.234375 -0.00343965
0.25 -0.00618748

0.25 -0.00618774
0.265625 -0.0089428

0.265625 -0.00894306
0.28125 -0.0117043

0.28125 -0.0117045
0.296875 -0.014471

0.3125 -0.0172426
0.303378 -0.015625

0.296875 -0.0144705
0.303385 -0.015625

0.3125 -0.0172423
0.328125 -0.0200168

0.328125 -0.0200171
0.34375 -0.0227943

0.34375 -0.0227945
0.359375 -0.0255734

0.359375 -0.0255736
0.375 -0.0283532

0.40625 -0.0339111
0.391283 -0.03125

0.375 -0.0283534
0.390625 -0.0311326

0.390625 -0.03113
0.3913 -0.03125

0.40625 -0.0339112
0.421875 -0.0366872

0.421875 -0.0366875
0.4375 -0.0394605

0.4375 -0.0394608
0.453125 -0.0422298

0.453125 -0.04223
0.46875 -0.044994

0.484375 -0.0477744
0.47928 -0.046875

0.46875 -0.0449839
0.479463 -0.046875

0.484375 -0.0477527
0.5 -0.050504

0.03125 0.0312288
0.0311205 0.03125

0 0.0363202
0.015625 0.0337843

0.015625 0.0337841
0.0311188 0.03125

0.03125 0.0312285
0.046875 0.0286539

0.046875 0.0286536
0.0625 0.0260604

0.0625 0.0260602
0.078125 0.0234493

0.078125 0.023449
0.09375 0.0208215

0.09375 0.0208213
0.109375 0.018178

0.125 0.0155226
0.124398 0.015625

0.109375 0.0181777
0.12438 0.015625

0.125 0.0155197
0.140625 0.0128473

0.140625 0.0128471
0.15625 0.0101611

1.9375 -0.163602
1.95312 -0.162681

1.95312 -0.162681
1.96875 -0.161719

1.96875 -0.161719
1.98438 -0.160717

1.98438 -0.160717
2 -0.159674

-1.09375 0.138001
-1.07812 0.137692

-1.07812 0.137692
-1.0625 0.137353

-1.0625 0.137353
-1.04688 0.136982

-1.04688 0.136982
-1.03125 0.136581

-1.03125 0.136581
-1.01562 0.136148

-1.01562 0.136148
-1 0.135683

-2.8125 0.0476216
-2.79688 0.0497979

-2.79688 0.0497976
-2.78125 0.0519292

-2.78125 0.0519289
-2.76562 0.0540167

2 -0.159674
2.01562 -0.158591

2.01562 -0.158591
2.03125 -0.157469

2.03125 -0.157468
2.04688 -0.156306

-2.76562 0.0540164
-2.75 0.0560615

-2.75 0.0560612
-2.73438 0.0580645

-2.73438 0.0580643
-2.71875 0.060027

-2.71875 0.0600267
-2.70312 0.0619498

-1 0.135683
-0.984375 0.135187

0.15625 0.0101609
0.171875 0.00746231

0.171875 0.00746204
0.1875 0.0047519

0.1875 0.00475168
0.203125 0.00203094

0.203125 0.00202839
0.214732 0

2.04688 -0.156298
2.0475 -0.15625

2.04762 -0.15625
2.0625 -0.155105

2.0625 -0.155104
2.07812 -0.153861

2.07812 -0.153861
2.09375 -0.152578

2.09375 -0.152578
2.10938 -0.151257

2.10938 -0.151257
2.125 -0.149898

2.125 -0.149898
2.14062 -0.148502

2.14062 -0.148502
2.15625 -0.14707

2.15625 -0.147071
2.17188 -0.145603

2.17188 -0.145603
2.1875 -0.1441

2.1875 -0.1441
2.20312 -0.142562

2.20312 -0.142562
2.21875 -0.140989

2.21875 -0.140934
2.22176 -0.140625

2.22245 -0.140625
2.23438 -0.139399

2.23438 -0.139383
2.25 -0.137742

0.5 -0.0505042
0.515625 -0.0532475

0.515625 -0.0532478
0.53125 -0.0559823

0.53125 -0.0559826
0.546875 -0.0587073

0.546875 -0.0587076
0.5625 -0.0614217

0.578125 -0.0641516
0.568575 -0.0625

0.578125 -0.0641247
0.59375 -0.0668142

0.59375 -0.0668144
0.609375 -0.0694901

0.609375 -0.0694904
0.625 -0.0721515

0.5625 -0.0613813
0.568968 -0.0625

0.625 -0.0721517
0.640625 -0.0747972

0.640625 -0.0747973
0.65625 -0.0774264

0.671875 -0.0800631
0.660278 -0.078125

0.65625 -0.0773609
0.660822 -0.078125

0.671875 -0.0800384
0.6875 -0.0826309

0.6875 -0.0826311
0.703125 -0.0852039

0.703125 -0.0852041
0.71875 -0.0877564

0.71875 -0.0877566
0.734375 -0.0902874

0.734375 -0.0902876
0.75 -0.0927961

0.765625 -0.0953271
0.755709 -0.09375

0.765625 -0.095282
0.78125 -0.0977424

0.75 -0.0927251
0.756444 -0.09375

0.78125 -0.0977425
0.796875 -0.100177

0.796875 -0.100177
0.8125 -0.102586

0.8125 -0.102586
0.828125 -0.104967

0.828125 -0.104967
0.84375 -0.10732

0.859375 -0.109672
0.857379 -0.109375

0.84375 -0.107316
0.857591 -0.109375

0.859375 -0.109645
0.875 -0.111938

0.96875 -0.125015
0.96864 -0.125

0.96875 -0.125018
0.984375 -0.127075

0.984375 -0.127071
1 -0.12909

0.875 -0.111939
0.890625 -0.114201

0.890625 -0.114201
0.90625 -0.116431

-0.984375 0.135187
-0.96875 0.134658

0.90625 -0.116431
0.921875 -0.118628

0.921875 -0.118628
0.9375 -0.120791

0.9375 -0.120791
0.953125 -0.12292

0.953125 -0.12292
0.96865 -0.125

0.96875 -0.124868
0.969756 -0.125

2.25 -0.137742
2.26562 -0.136065

-2.70312 0.0619147
-2.69827 0.0625

-2.69868 0.0625
-2.6875 0.0638487

1 -0.12909
1.01562 -0.13107

-2.6875 0.0638337
-2.67188 0.0656805

1.01562 -0.13107
1.03125 -0.133011

-0.96875 0.134658
-0.953125 0.134098

-2.67188 0.0656802
-2.65625 0.0674902

-2.65625 0.0674899
-2.64062 0.069264

-2.64062 0.0692638
-2.625 0.0710027

1.03125 -0.133011
1.04688 -0.134912

1.04688 -0.134912
1.0625 -0.136773

-2.625 0.0710025
-2.60938 0.0727072

-2.60938 0.072707
-2.59375 0.0743784

-2.59375 0.0743782
-2.57812 0.0760168

-2.57812 0.0760166
-2.5625 0.0776234

-2.5625 0.0776038
-2.55733 0.078125

-2.55762 0.078125
-2.54688 0.0792081

-2.54688 0.0791986
-2.53125 0.0807436

-2.53125 0.0807434
-2.51562 0.0822586

-2.51562 0.0822584
-2.5 0.0837446

1.0625 -0.136773
1.07812 -0.138593

1.07812 -0.138592
1.09375 -0.140371

1.10938 -0.142154
1.09561 -0.140625

-2.5 0.0837444
-2.48438 0.0852023

-0.953125 0.134098
-0.9375 0.133505

1.09375 -0.140173
1.09782 -0.140625

1.10938 -0.142108
1.125 -0.143799

2.26562 -0.136065
2.28125 -0.134355

-2.48438 0.0852022
-2.46875 0.0866326

2.28125 -0.134354
2.29688 -0.13261

-2.46875 0.0866324
-2.45312 0.088036

2.29688 -0.13261
2.3125 -0.130831

2.3125 -0.130831
2.32812 -0.129018

-2.45312 0.0880358
-2.4375 0.0894131

-2.4375 0.089413
-2.42188 0.0907645

-2.42188 0.0907644
-2.40625 0.0920908

-2.40625 0.0920906
-2.39062 0.0933923

-2.39062 0.0933842
-2.38615 0.09375

-2.38629 0.09375
-2.375 0.0946726

-2.375 0.0946694
-2.35938 0.0959225

-2.35938 0.0959224
-2.34375 0.0971519

-2.34375 0.0971518
-2.32812 0.0983581

-2.32812 0.098358
-2.3125 0.0995418

-2.3125 0.0995416
-2.29688 0.100703

1.125 -0.143799
1.14062 -0.145446

1.14062 -0.145446
1.15625 -0.147048

-0.9375 0.133505
-0.921875 0.132879

-0.921875 0.13288
-0.90625 0.132222

-0.90625 0.132222
-0.890625 0.131531

-0.890625 0.131531
-0.875 0.130808

-0.765625 0.124818
-0.768588 0.125

1.15625 -0.147048
1.17188 -0.148605

2.32812 -0.129018
2.34375 -0.127171

-0.765625 0.124812
-0.75 0.123821

-2.29688 0.100703
-2.28125 0.101844

-0.875 0.130808
-0.859375 0.130051

-0.859375 0.130051
-0.84375 0.129262

1.17188 -0.148605
1.1875 -0.150116

1.1875 -0.150116
1.20312 -0.15158

1.20312 -0.151581
1.21875 -0.152999

1.21875 -0.152999
1.23438 -0.154371

1.23438 -0.154371
1.25 -0.155697

-2.28125 0.101844
-2.26562 0.102963

1.26562 -0.157025
1.25615 -0.15625

-2.26562 0.102963
-2.25 0.104062

-0.84375 0.129262
-0.828125 0.128439

-2.25 0.104062
-2.23438 0.105142

-0.828125 0.128439
-0.8125 0.127582

1.26562 -0.156975
1.28125 -0.158204

-2.23438 0.105142
-2.21875 0.106202

1.25 -0.155633
1.25755 -0.15625

-2.21875 0.106202
-2.20312 0.107243

-0.8125 0.127582
-0.796875 0.126693

2.34375 -0.12717
2.35938 -0.12529

1.28125 -0.158204
1.29688 -0.159382

2.35938 -0.125241
2.36134 -0.125

-0.796875 0.126693
-0.78125 0.125769

2.36181 -0.125
2.375 -0.123384

-0.78125 0.125767
-0.768722 0.125

1.29688 -0.159383
1.3125 -0.160511

-2.20312 0.107243
-2.1875 0.108265

1.3125 -0.160511
1.32812 -0.161589

1.32812 -0.161589
1.34375 -0.162616

-0.75 0.123821
-0.734375 0.122795

1.34375 -0.162617
1.35938 -0.163592

-0.734375 0.122795
-0.71875 0.121735

-2.1875 0.108265
-2.17188 0.10927

-0.71875 0.121735
-0.703125 0.12064

-2.17188 0.109268
-2.17017 0.109375

1.35938 -0.163592
1.375 -0.164517

2.375 -0.123376
2.39062 -0.121427

-0.703125 0.12064
-0.6875 0.11951

-2.17021 0.109375
-2.15625 0.110256

-0.6875 0.11951
-0.671875 0.118345

1.375 -0.164517
1.39062 -0.16539

-2.15625 0.110255
-2.14062 0.111223

1.39062 -0.16539
1.40625 -0.166211

2.39062 -0.121427
2.40625 -0.119444

1.40625 -0.166211
1.42188 -0.16698

-2.14062 0.111223
-2.125 0.112173

1.42188 -0.16698
1.4375 -0.167697

1.4375 -0.167697
1.45312 -0.168362

-0.671875 0.118345
-0.65625 0.117145

-2.125 0.112173
-2.10938 0.113105

2.40625 -0.119444
2.42188 -0.117427

-0.65625 0.117145
-0.640625 0.115909

2.42188 -0.117427
2.4375 -0.115375

-2.10938 0.113105
-2.09375 0.11402

2.4375 -0.115376
2.45312 -0.11329

1.45312 -0.168362
1.46875 -0.168976

2.45312 -0.113289
2.46875 -0.11117

1.46875 -0.168975
1.48438 -0.169537

2.46875 -0.111137
2.48154 -0.109375

-0.640625 0.115909
-0.625 0.114638

1.48438 -0.169537
1.5 -0.170048

-0.625 0.114638
-0.609375 0.113332

2.48353 -0.109375
2.48438 -0.109259

2.48438 -0.109017
2.5 -0.10683

-2.09375 0.11402
-2.07812 0.114917

-2.07812 0.114917
-2.0625 0.115798

-0.609375 0.113332
-0.59375 0.11199

-0.59375 0.11199
-0.578125 0.110613

-2.0625 0.115798
-2.04688 0.116661

-2.04688 0.116661
-2.03125 0.117508

-0.5625 0.109218
-0.564237 0.109375

-0.578125 0.110611
-0.564449 0.109375

-2.03125 0.117508
-2.01562 0.118338

-0.5625 0.109201
-0.546875 0.107754

2.5 -0.10683
2.51562 -0.104608

-2.01562 0.118338
-2 0.119153

2.51562 -0.104608
2.53125 -0.102351

2.53125 -0.102352
2.54688 -0.100059

2.54688 -0.100059
2.5625 -0.0977315

-2 0.119153
-1.98438 0.119952

2.5625 -0.0977314
2.57812 -0.0953677

2.57812 -0.0952851
2.58812 -0.09375

2.5899 -0.09375
2.59375 -0.0931584

2.59375 -0.092969
2.60938 -0.0905334

2.60938 -0.0905334
2.625 -0.0880606

2.625 -0.0880608
2.64062 -0.0855506

2.64062 -0.0855504
2.65625 -0.0830027

2.65625 -0.0830026
2.67188 -0.0804181

-0.546875 0.107754
-0.53125 0.106271

-0.53125 0.106271
-0.515625 0.104753

-1.98438 0.119952
-1.96875 0.120736

-0.515625 0.104753
-0.5 0.103198

-1.96875 0.120736
-1.95312 0.121505

-1.95312 0.121505
-1.9375 0.122259

-1.9375 0.122259
-1.92188 0.122999

-1.92188 0.122998
-1.90625 0.123724

-1.90625 0.123724
-1.89062 0.124434

-1.89062 0.124435
-1.87793 0.125

2.67188 -0.0803964
2.68541 -0.078125

2.68697 -0.078125
2.6875 -0.0780356

2.6875 -0.0777973
2.70312 -0.0751378

2.70312 -0.0751379
2.71875 -0.0724392

2.71875 -0.0724394
2.73438 -0.0697009

2.73438 -0.0697009
2.75 -0.0669223

-0.5 0.103198
-0.484375 0.101608

-0.484375 0.101608
-0.46875 0.0999822

-1.87793 0.125
-1.875 0.125131

-1.875 0.125131
-1.85938 0.125812

-1.85938 0.125812
-1.84375 0.126479

-1.84375 0.126479
-1.82812 0.127131

-0.46875 0.0999821
-0.453125 0.0983211

-1.82812 0.127131
-1.8125 0.127768

2.75 -0.0669224
2.76562 -0.0641039

2.76562 -0.0639135
2.77335 -0.0625

-0.453125 0.0983211
-0.4375 0.096625

-0.40625 0.093144
-0.411614 0.09375

-0.4375 0.096625
-0.421875 0.0948942

-0.421875 0.094886
-0.41182 0.09375

-0.40625 0.093129
-0.390625 0.0913292

-1.8125 0.127768
-1.79688 0.12839

-1.79688 0.12839
-1.78125 0.128997

2.77578 -0.0625
2.78125 -0.0614999

2.78125 -0.0612454
2.79688 -0.0583475

-0.390625 0.091329
-0.375 0.0894947

-0.375 0.0894946
-0.359375 0.087626

-0.359375 0.0876259
-0.34375 0.0857236

-0.34375 0.0857235
-0.328125 0.0837879

-0.328125 0.0837877
-0.3125 0.0818194

-1.78125 0.128997
-1.76562 0.129589

-1.76562 0.129589
-1.75 0.130165

2.79688 -0.0583475
2.8125 -0.05541

-1.75 0.130165
-1.73438 0.130727

-1.73438 0.130727
-1.71875 0.131272

2.8125 -0.0554102
2.82812 -0.0524324

2.82812 -0.0524326
2.84375 -0.0494138

2.84375 -0.0493741
2.85651 -0.046875

2.85801 -0.046875
2.85938 -0.0466068

2.85938 -0.0463534
2.875 -0.0432503

2.875 -0.0432504
2.89062 -0.0401039

-1.71875 0.131272
-1.70312 0.131802

-1.70312 0.131802
-1.6875 0.132316

-0.3125 0.0818193
-0.296875 0.0798188

-1.6875 0.132316
-1.67188 0.132813

2.89062 -0.0401039
2.90625 -0.0369137

-0.28125 0.0778082
-0.283686 0.078125

-1.67188 0.132813
-1.65625 0.133293

-1.65625 0.133293
-1.64062 0.133757

2.90625 -0.0369133
2.92188 -0.0336803

-1.64062 0.133757
-1.625 0.134204

2.92188 -0.0336336
2.93324 -0.03125

-1.625 0.134204
-1.60938 0.134635

-1.60938 0.134635
-1.59375 0.135049

2.93417 -0.03125
2.9375 -0.0305522

2.9375 -0.0304049
2.95312 -0.0270843

2.95312 -0.0270837
2.96875 -0.0237195

-1.59375 0.135049
-1.57812 0.135446

-1.57812 0.135446
-1.5625 0.135826

-0.296875 0.0798144
-0.283886 0.078125

-0.28125 0.0777865
-0.265625 0.0757228

2.96875 -0.023717
2.98438 -0.0203154

2.98438 -0.0203129
3 -0.0168837

-1.5625 0.135826
-1.54688 0.13619

-1.54688 0.13619
-1.53125 0.136537

-1.53125 0.136537
-1.51562 0.136867

3 -0.0168932
3.03125 -0.00995174

-0.265625 0.0757226
-0.25 0.0736275

-1.51562 0.136867
-1.5 0.137179

3.03125 -0.0082162
3.0625 -0.00463258

-0.25 0.0736273
-0.234375 0.0715014

-0.234375 0.0715012
-0.21875 0.0693451

-0.21875 0.0693449
-0.203125 0.0671593

-0.203125 0.0671591
-0.1875 0.0649446

-0.15625 0.0604317
-0.170483 0.0625

-0.15625 0.060431
-0.140625 0.0581327

-0.140625 0.0581326
-0.125 0.0558074

-0.1875 0.0649444
-0.171875 0.0627017

-0.171875 0.062696
-0.170526 0.0625

-0.125 0.0558072
-0.109375 0.0534558

-0.109375 0.0534556
-0.09375 0.0510788

3.0625 -0.00686304
3.125 -0.00443167

3.125 -0.00564153
3.25 -0.00331811

-0.09375 0.0510786
-0.078125 0.0486773

-0.0625 0.0462732
-0.0663774 0.046875

3.25 -0.00368834
3.5 -0.00148919

3.5 -0.00257835
3.88185 0

-0.078125 0.0486698
-0.066562 0.046875

-0.0625 0.0462518
-0.046875 0.043803

-0.046875 0.0438027
-0.03125 0.0413306

-0.03125 0.0413304
-0.015625 0.0388362

-0.015625 0.038836
0 0.0363204

