-3.5 -0.000179888
-3.7848 0

-3.25 -0.000201226
-3.42935 0

-3.125 -0.000400406
-3.22141 0

-3.0625 -0.000811772
-3.12309 0

-3.0625 -0.000510983
-3.03125 -0.00162189

-3.03125 -0.00195885
-3 -0.00368964

-3 -0.00368619
-2.98438 -0.00453135

-2.98438 -0.00453189
-2.96875 -0.00536265

-2.96875 -0.00536263
-2.95312 -0.00617792

-2.95312 -0.00617792
-2.9375 -0.00697778

-2.9375 -0.00697775
-2.92188 -0.00776227

-2.92188 -0.00776225
-2.90625 -0.00853157

-2.90625 -0.00853154
-2.89062 -0.00928578

-2.89062 -0.00928576
-2.875 -0.0100251

-2.875 -0.010025
-2.85938 -0.0107495

-2.85938 -0.0107495
-2.84375 -0.0114593

-2.84375 -0.0114592
-2.82812 -0.0121545

-2.82812 -0.0121544
-2.8125 -0.0128352

-2.8125 -0.0128352
-2.79688 -0.0135016

-2.79688 -0.0135016
-2.78125 -0.0141539

-2.78125 -0.0141539
-2.76562 -0.0147921

-2.76562 -0.0147921
-2.75 -0.0154163

0 0.00124408
0.015625 0.00164101

0.015625 0.00164103
0.03125 0.00203748

-2.73438 -0.0160267
-2.74466 -0.015625

-2.75 -0.0154163
-2.74466 -0.015625

-2.73438 -0.0160267
-2.71875 -0.0166234

-2.71875 -0.0166234
-2.70312 -0.0172065

-2.70312 -0.0172065
-2.6875 -0.0177762

-2.6875 -0.0177762
-2.67188 -0.0183325

-2.67188 -0.0183325
-2.65625 -0.0188756

-2.65625 -0.0188756
-2.64062 -0.0194057

0.03125 0.00203749
0.046875 0.0024334

0.046875 0.00243341
0.0625 0.00282871

-2.64062 -0.0194056
-2.625 -0.0199228

0.0625 0.00282872
0.078125 0.00322334

0.078125 0.00322336
0.09375 0.00361725

0.09375 0.00361726
0.109375 0.00401036

0.109375 0.00401038
0.125 0.00440262

-1.03125 -0.0231449
-1.01562 -0.0228477

1.03125 0.0238536
1.04688 0.0241017

1.04688 0.0241017
1.0625 0.0243458

1.0625 0.0243459
1.07812 0.0245859

1.07812 0.0245859
1.09375 0.0248219

1.09375 0.0248219
1.10938 0.0250536

1.10938 0.0250537
1.125 0.0252812

1.125 0.0252812
1.14062 0.0255045

1.14062 0.0255046
1.15625 0.0257235

1.15625 0.0257236
1.17188 0.0259382

1.17188 0.0259382
1.1875 0.0261484

1.1875 0.0261484
1.20312 0.0263542

1.20312 0.0263542
1.21875 0.0265555

0.125 0.00440264
0.140625 0.00479397

1.21875 0.0265555
1.23438 0.0267522

1.23438 0.0267522
1.25 0.0269443

1.25 0.0269443
1.26562 0.0271317

1.26562 0.0271317
1.28125 0.0273144

1.28125 0.0273144
1.29688 0.0274924

1.29688 0.0274924
1.3125 0.0276655

1.3125 0.0276655
1.32812 0.0278338

1.32812 0.0278338
1.34375 0.0279971

1.34375 0.0279971
1.35938 0.0281555

1.35938 0.0281555
1.375 0.0283088

1.375 0.0283088
1.39062 0.0284571

0.140625 0.00479399
0.15625 0.00518436

1.39062 0.0284571
1.40625 0.0286002

1.40625 0.0286002
1.42188 0.0287381

1.42188 0.0287381
1.4375 0.0288708

1.4375 0.0288708
1.45312 0.0289982

1.45312 0.0289982
1.46875 0.0291202

1.46875 0.0291202
1.48438 0.0292368

1.48438 0.0292368
1.5 0.0293479

1.5 0.0293479
1.51562 0.0294535

1.51562 0.0294535
1.53125 0.0295535

1.53125 0.0295535
1.54688 0.0296479

1.54688 0.0296479
1.5625 0.0297365

1.5625 0.0297365
1.57812 0.0298194

1.57812 0.0298194
1.59375 0.0298965

1.59375 0.0298965
1.60938 0.0299676

1.60938 0.0299677
1.625 0.0300329

1.625 0.0300329
1.64062 0.0300921

1.64062 0.0300921
1.65625 0.0301453

1.65625 0.0301453
1.67188 0.0301923

1.67188 0.0301923
1.6875 0.0302331

1.6875 0.0302332
1.70312 0.0302677

1.70312 0.0302677
1.71875 0.030296

1.71875 0.030296
1.73438 0.0303179

1.73438 0.0303179
1.75 0.0303333

1.75 0.0303334
1.76562 0.0303423

1.76562 0.0303423
1.78125 0.0303447

-1.01562 -0.0228477
-1 -0.0225467

0.15625 0.00518437
0.171875 0.00557372

0.171875 0.00557373
0.1875 0.00596199

-2.625 -0.0199227
-2.60938 -0.020427

-2.60938 -0.020427
-2.59375 -0.0209186

-2.59375 -0.0209185
-2.57812 -0.0213975

-2.57812 -0.0213975
-2.5625 -0.021864

-2.5625 -0.021864
-2.54688 -0.0223181

-2.54688 -0.0223181
-2.53125 -0.02276

-2.53125 -0.02276
-2.51562 -0.0231898

-2.51562 -0.0231897
-2.5 -0.0236075

-2.5 -0.0236075
-2.48438 -0.0240134

-2.48438 -0.0240133
-2.46875 -0.0244074

-2.46875 -0.0244074
-2.45312 -0.0247898

-2.45312 -0.0247898
-2.4375 -0.0251606

-2.4375 -0.0251606
-2.42188 -0.02552

-2.42188 -0.02552
-2.40625 -0.025868

-2.40625 -0.025868
-2.39062 -0.0262048

-2.39062 -0.0262048
-2.375 -0.0265305

-2.375 -0.0265305
-2.35938 -0.0268451

-2.35938 -0.0268451
-2.34375 -0.0271489

-2.34375 -0.0271488
-2.32812 -0.0274418

-2.32812 -0.0274417
-2.3125 -0.0277239

-2.3125 -0.0277239
-2.29688 -0.0279955

-2.29688 -0.0279955
-2.28125 -0.0282566

-2.28125 -0.0282565
-2.26562 -0.0285072

-2.26562 -0.0285072
-2.25 -0.0287476

-2.25 -0.0287475
-2.23438 -0.0289777

-2.23438 -0.0289777
-2.21875 -0.0291977

-2.21875 -0.0291977
-2.20312 -0.0294078

-2.20312 -0.0294078
-2.1875 -0.0296079

-2.1875 -0.0296079
-2.17188 -0.0297982

-2.17188 -0.0297982
-2.15625 -0.0299788

-2.15625 -0.0299788
-2.14062 -0.0301498

-2.14062 -0.0301498
-2.125 -0.0303113

1.78125 0.0303447
1.79688 0.0303404

1.79688 0.0303404
1.8125 0.0303294

1.8125 0.0303295
1.82812 0.0303117

1.82812 0.0303117
1.84375 0.0302872

1.84375 0.0302872
1.85938 0.0302557

1.85938 0.0302558
1.875 0.0302173

1.875 0.0302173
1.89062 0.0301719

1.89062 0.0301719
1.90625 0.0301193

1.90625 0.0301193
1.92188 0.0300596

1.92188 0.0300596
1.9375 0.0299926

1.9375 0.0299926
1.95312 0.0299183

1.95312 0.0299183
1.96875 0.0298365

1.96875 0.0298366
1.98438 0.0297474

1.98438 0.0297474
2 0.0296506

2 0.0296506
2.01562 0.0295462

2.01562 0.0295463
2.03125 0.0294342

2.03125 0.0294342
2.04688 0.0293143

2.04688 0.0293143
2.0625 0.0291866

2.0625 0.0291866
2.07812 0.0290509

2.07812 0.0290509
2.09375 0.0289072

2.09375 0.0289072
2.10938 0.0287554

2.10938 0.0287554
2.125 0.0285954

-1 -0.0225467
-0.984375 -0.0222422

-0.984375 -0.0222422
-0.96875 -0.0219341

-0.96875 -0.0219341
-0.953125 -0.0216225

-0.953125 -0.0216225
-0.9375 -0.0213076

-0.9375 -0.0213076
-0.921875 -0.0209893

-0.921875 -0.0209893
-0.90625 -0.0206678

-0.90625 -0.0206678
-0.890625 -0.0203432

-0.890625 -0.0203432
-0.875 -0.0200154

-0.875 -0.0200154
-0.859375 -0.0196846

-0.859375 -0.0196846
-0.84375 -0.0193509

-0.84375 -0.0193508
-0.828125 -0.0190142

-0.828125 -0.0190142
-0.8125 -0.0186748

-0.8125 -0.0186748
-0.796875 -0.0183326

-0.796875 -0.0183326
-0.78125 -0.0179877

-0.78125 -0.0179877
-0.765625 -0.0176403

-0.765625 -0.0176403
-0.75 -0.0172903

-0.75 -0.0172903
-0.734375 -0.0169379

-0.734375 -0.0169379
-0.71875 -0.0165831

-0.71875 -0.016583
-0.703125 -0.0162259

-0.703125 -0.0162259
-0.6875 -0.0158665

-0.6875 -0.0158627
-0.677228 -0.015625

-0.676723 -0.015625
-0.671875 -0.0155128

-0.671875 -0.0155049
-0.65625 -0.0151412

-0.65625 -0.0151412
-0.640625 -0.0147753

-0.640625 -0.0147753
-0.625 -0.0144073

-0.625 -0.0144073
-0.609375 -0.0140373

-0.609375 -0.0140373
-0.59375 -0.0136654

0.1875 0.00596201
0.203125 0.00634913

-2.125 -0.0303112
-2.10938 -0.0304633

-2.10938 -0.0304633
-2.09375 -0.030606

-2.09375 -0.030606
-2.07812 -0.0307394

-2.07812 -0.0307394
-2.0625 -0.0308638

-2.0625 -0.0308637
-2.04688 -0.030979

-2.04688 -0.030979
-2.03125 -0.0310853

-2 -0.0312714
-2.00378 -0.03125

-2.03125 -0.0310853
-2.01562 -0.0311828

-2.01562 -0.0311827
-2.00377 -0.03125

-0.59375 -0.0136654
-0.578125 -0.0132916

-0.578125 -0.0132916
-0.5625 -0.0129161

-0.5625 -0.0129161
-0.546875 -0.0125388

-2 -0.0312714
-1.98438 -0.0313514

-1.98438 -0.0313513
-1.96875 -0.0314227

-1.96875 -0.0314227
-1.95312 -0.0314855

-1.95312 -0.0314855
-1.9375 -0.0315399

-0.546875 -0.0125388
-0.53125 -0.0121599

0.203125 0.00634915
0.21875 0.00673508

-0.53125 -0.0121599
-0.515625 -0.0117794

-1.9375 -0.0315399
-1.92188 -0.031586

-0.515625 -0.0117794
-0.5 -0.0113974

0.21875 0.00673509
0.234375 0.00711977

0.234375 0.00711978
0.25 0.00750316

-1.92188 -0.0315859
-1.90625 -0.0316238

-1.90625 -0.0316238
-1.89062 -0.0316534

-1.89062 -0.0316534
-1.875 -0.031675

0.25 0.00750317
0.265625 0.00788518

0.265625 0.0078852
0.28125 0.00826579

-1.875 -0.031675
-1.85938 -0.0316886

-1.85938 -0.0316886
-1.84375 -0.0316943

-1.84375 -0.0316943
-1.82812 -0.0316922

2.125 0.0285954
2.14062 0.0284272

-0.5 -0.0113974
-0.484375 -0.0110139

2.14062 0.0284272
2.15625 0.0282506

2.15625 0.0282506
2.17188 0.0280655

2.17188 0.0280655
2.1875 0.0278719

2.1875 0.0278719
2.20312 0.0276697

2.20312 0.0276697
2.21875 0.0274588

0.28125 0.0082658
0.296875 0.00864493

0.296875 0.00864494
0.3125 0.00902253

0.3125 0.00902255
0.328125 0.00939856

0.328125 0.00939858
0.34375 0.00977295

0.34375 0.00977297
0.359375 0.0101457

0.359375 0.0101457
0.375 0.0105166

0.375 0.0105166
0.390625 0.0108858

0.390625 0.0108858
0.40625 0.0112531

0.40625 0.0112531
0.421875 0.0116185

0.421875 0.0116185
0.4375 0.0119819

0.4375 0.0119819
0.453125 0.0123433

0.453125 0.0123433
0.46875 0.0127026

0.46875 0.0127027
0.484375 0.0130599

0.484375 0.0130599
0.5 0.0134149

0.5 0.0134149
0.515625 0.0137678

0.515625 0.0137678
0.53125 0.0141183

0.53125 0.0141183
0.546875 0.0144665

0.546875 0.0144665
0.5625 0.0148123

0.5625 0.0148124
0.578125 0.0151558

0.578125 0.0151558
0.59375 0.0154967

0.59375 0.015504
0.599335 0.015625

0.599877 0.015625
0.609375 0.0158307

0.609375 0.0158351
0.625 0.0161711

0.625 0.0161711
0.640625 0.0165045

0.640625 0.0165045
0.65625 0.0168354

0.65625 0.0168354
0.671875 0.0171636

0.671875 0.0171636
0.6875 0.0174891

0.6875 0.0174891
0.703125 0.0178118

0.703125 0.0178118
0.71875 0.0181317

0.71875 0.0181317
0.734375 0.0184487

0.734375 0.0184487
0.75 0.0187628

0.75 0.0187628
0.765625 0.0190739

0.765625 0.019074
0.78125 0.019382

0.78125 0.019382
0.796875 0.019687

0.796875 0.019687
0.8125 0.0199888

0.8125 0.0199888
0.828125 0.0202874

0.828125 0.0202874
0.84375 0.0205828

0.84375 0.0205828
0.859375 0.0208749

0.859375 0.0208749
0.875 0.0211635

0.875 0.0211636
0.890625 0.0214488

0.890625 0.0214488
0.90625 0.0217306

0.90625 0.0217306
0.921875 0.0220089

0.921875 0.0220089
0.9375 0.0222836

0.9375 0.0222836
0.953125 0.0225547

0.953125 0.0225547
0.96875 0.022822

0.96875 0.022822
0.984375 0.0230857

0.984375 0.0230857
1 0.0233455

2.21875 0.0274588
2.23438 0.0272391

2.23438 0.0272392
2.25 0.0270106

2.25 0.0270106
2.26562 0.026773

2.26562 0.026773
2.28125 0.0265264

1 0.0233455
1.01562 0.0236015

1.01562 0.0236015
1.03125 0.0238536

-1.82812 -0.0316922
-1.8125 -0.0316824

2.28125 0.0265264
2.29688 0.0262706

2.29688 0.0262706
2.3125 0.0260055

2.3125 0.0260056
2.32812 0.0257311

-1.8125 -0.0316824
-1.79688 -0.0316649

-1.79688 -0.0316649
-1.78125 -0.0316399

-1.78125 -0.0316399
-1.76562 -0.0316075

2.32812 0.0257312
2.34375 0.0254473

2.34375 0.0254473
2.35938 0.0251539

-1.76562 -0.0316075
-1.75 -0.0315676

2.35938 0.0251539
2.375 0.0248508

2.375 0.0248508
2.39062 0.024538

2.39062 0.024538
2.40625 0.0242153

2.40625 0.0242153
2.42188 0.0238827

2.42188 0.0238827
2.4375 0.02354

2.4375 0.02354
2.45312 0.0231871

2.45312 0.0231871
2.46875 0.022824

2.46875 0.022824
2.48438 0.0224504

-1.75 -0.0315676
-1.73438 -0.0315205

-1.73438 -0.0315205
-1.71875 -0.0314661

-1.71875 -0.0314661
-1.70312 -0.0314047

2.48438 0.0224505
2.5 0.0220664

-1.70312 -0.0314046
-1.6875 -0.0313361

-1.6875 -0.0313361
-1.67188 -0.0312607

-1.67188 -0.0312606
-1.66986 -0.03125

-1.66986 -0.03125
-1.65625 -0.0311783

-1.65625 -0.0311783
-1.64062 -0.0310891

-1.64062 -0.0310891
-1.625 -0.0309932

2.5 0.0220665
2.51562 0.0216718

-1.625 -0.0309932
-1.60938 -0.0308907

-0.484375 -0.0110139
-0.46875 -0.0106291

-0.46875 -0.0106291
-0.453125 -0.0102429

-0.453125 -0.0102429
-0.4375 -0.00985554

-0.4375 -0.00985552
-0.421875 -0.00946695

-0.421875 -0.00946694
-0.40625 -0.00907725

-0.40625 -0.00907723
-0.390625 -0.00868649

-0.390625 -0.00868647
-0.375 -0.00829473

-0.375 -0.00829471
-0.359375 -0.00790204

-0.359375 -0.00790203
-0.34375 -0.00750849

-0.34375 -0.00750848
-0.328125 -0.00711414

-0.328125 -0.00711412
-0.3125 -0.00671904

-0.3125 -0.00671902
-0.296875 -0.00632326

-0.296875 -0.00632324
-0.28125 -0.00592687

-0.28125 -0.00592685
-0.265625 -0.00552992

2.51562 0.0216719
2.53125 0.0212665

2.53125 0.0212666
2.54688 0.0208504

2.54688 0.0208504
2.5625 0.0204234

-0.265625 -0.0055299
-0.25 -0.00513248

2.5625 0.0204234
2.57812 0.0199853

-0.25 -0.00513246
-0.234375 -0.00473461

-0.234375 -0.00473459
-0.21875 -0.00433637

-0.21875 -0.00433635
-0.203125 -0.00393783

-1.60938 -0.0308906
-1.59375 -0.0307815

-1.59375 -0.0307815
-1.57812 -0.0306659

-1.57812 -0.0306659
-1.5625 -0.0305439

-1.5625 -0.0305439
-1.54688 -0.0304155

-1.54688 -0.0304155
-1.53125 -0.0302809

-1.53125 -0.0302809
-1.51562 -0.0301402

-1.51562 -0.0301402
-1.5 -0.0299933

-1.5 -0.0299933
-1.48438 -0.0298405

-1.48438 -0.0298405
-1.46875 -0.0296817

-1.46875 -0.0296817
-1.45312 -0.0295171

-1.45312 -0.0295171
-1.4375 -0.0293467

-1.4375 -0.0293467
-1.42188 -0.0291706

-1.42188 -0.0291706
-1.40625 -0.0289889

-1.40625 -0.0289889
-1.39062 -0.0288017

-1.39062 -0.0288017
-1.375 -0.0286091

-1.375 -0.0286091
-1.35938 -0.0284111

-1.35938 -0.028411
-1.34375 -0.0282077

-1.34375 -0.0282077
-1.32812 -0.0279992

-1.32812 -0.0279992
-1.3125 -0.0277855

-1.3125 -0.0277855
-1.29688 -0.0275667

-1.29688 -0.0275667
-1.28125 -0.027343

-1.28125 -0.0273429
-1.26562 -0.0271143

-1.26562 -0.0271143
-1.25 -0.0268808

-0.203125 -0.00393781
-0.1875 -0.00353904

2.57812 0.0199853
2.59375 0.019536

2.59375 0.0195361
2.60938 0.0190755

2.60938 0.0190755
2.625 0.0186036

2.625 0.0186037
2.64062 0.0181202

2.64062 0.0181203
2.65625 0.0176253

-0.1875 -0.00353902
-0.171875 -0.00314007

-0.171875 -0.00314005
-0.15625 -0.00274098

-1.25 -0.0268808
-1.23438 -0.0266425

-1.23438 -0.0266425
-1.21875 -0.0263996

2.65625 0.0176253
2.67188 0.0171185

2.67188 0.0171186
2.6875 0.0166

2.6875 0.0166
2.70312 0.0160695

2.71875 0.0155166
2.71563 0.015625

2.70312 0.0160719
2.71599 0.015625

2.71875 0.0155269
2.73438 0.0149721

2.73438 0.0149722
2.75 0.0144051

2.75 0.0144051
2.76562 0.0138256

2.76562 0.0138256
2.78125 0.0132336

2.78125 0.0132336
2.79688 0.0126288

2.79688 0.0126289
2.8125 0.0120112

-0.15625 -0.00274096
-0.140625 -0.00234183

2.8125 0.0120113
2.82812 0.0113807

-1.21875 -0.0263995
-1.20312 -0.026152

-1.20312 -0.026152
-1.1875 -0.0258999

-0.140625 -0.00234181
-0.125 -0.00194268

2.82812 0.0113807
2.84375 0.010737

2.84375 0.010737
2.85938 0.01008

2.85938 0.01008
2.875 0.00940965

2.875 0.00940968
2.89062 0.00872576

2.89062 0.0087258
2.90625 0.00802821

2.90625 0.00802824
2.92188 0.00731687

2.92188 0.0073169
2.9375 0.0065916

2.9375 0.00659163
2.95312 0.00585231

2.95312 0.00585233
2.96875 0.00509887

2.96875 0.0050989
2.98438 0.00433122

-0.125 -0.00194267
-0.109375 -0.0015436

-0.109375 -0.00154358
-0.09375 -0.00114464

-1.1875 -0.0258998
-1.17188 -0.0256433

-0.09375 -0.00114462
-0.078125 -0.000745853

2.98438 0.00433077
3 0.00354972

-1.17188 -0.0256432
-1.15625 -0.0253823

-0.078125 -0.000745842
-0.0625 -0.000347295

-0.0625 -0.000346131
-0.0489208 0

3 0.00355384
3.03125 0.00195038

3.03125 0.00163598
3.0625 0.000605497

-1.15625 -0.0253823
-1.14062 -0.025117

-0.0485398 0
-0.046875 4.24349e-05

3.0625 0.000889044
3.125 9.7438e-05

-1.14062 -0.025117
-1.125 -0.0248474

3.125 0.000486418
3.23911 0

-0.046875 5.0985e-05
-0.03125 0.000448985

-0.03125 0.000449002
-0.015625 0.000846707

-0.015625 0.000846721
0 0.00124407

-1.125 -0.0248474
-1.10938 -0.0245737

-1.10938 -0.0245737
-1.09375 -0.0242959

3.25 0.000233799
3.42269 0

4 -9.01155e-05
3.78422 0

3.5 0.000127005
3.66344 0

-1.09375 -0.0242959
-1.07812 -0.024014

-1.07812 -0.024014
-1.0625 -0.0237282

-1.0625 -0.0237282
-1.04688 -0.0234385

-1.04688 -0.0234385
-1.03125 -0.0231449

