0.382812 -0.102817
0.376126 -0.101562

0.375 -0.101404
0.375844 -0.101562

0.382812 -0.102824
0.390625 -0.104288

0.390625 -0.104288
0.398438 -0.105751

0.398438 -0.105751
0.40625 -0.107212

0.421875 -0.110067
0.418166 -0.109375

0.40625 -0.107212
0.414062 -0.10867

0.414062 -0.108734
0.417498 -0.109375

0.421875 -0.110127
0.429688 -0.111584

0.429688 -0.111584
0.4375 -0.113042

0.4375 -0.113042
0.445312 -0.114499

0.445312 -0.114499
0.453125 -0.115955

0.460938 -0.117354
0.460045 -0.117188

0.453125 -0.115964
0.459698 -0.117188

0.460938 -0.117409
0.46875 -0.118862

0.46875 -0.118862
0.476562 -0.120314

-2.75 0.44626
-2.73438 0.446684

-2.73438 0.446684
-2.71875 0.447114

-2.71875 0.447114
-2.70312 0.447548

-2.70312 0.447548
-2.6875 0.447984

-2.6875 0.447984
-2.67188 0.448421

0.476562 -0.120314
0.484375 -0.121764

0.484375 -0.121764
0.492188 -0.123211

0.492188 -0.123212
0.5 -0.124654

-1.48438 0.421688
-1.48503 0.421875

-1.5 0.426148
-1.49219 0.423927

-1.49219 0.423926
-1.48507 0.421875

-1.48438 0.421683
-1.46875 0.417093

-1.46875 0.417091
-1.45312 0.412391

-1.45312 0.412385
-1.4375 0.407593

-2.67188 0.44842
-2.65625 0.448861

-2.65625 0.448859
-2.64062 0.449312

-2.64062 0.449313
-2.625 0.449779

-1.42188 0.402723
-1.43317 0.40625

-1.42188 0.402709
-1.41406 0.400231

-1.40625 0.397749
-1.40841 0.398438

-1.41406 0.400229
-1.40845 0.398438

-4 0.444716
-3.9375 0.444723

-2.625 0.44978
-2.60938 0.450252

-3.9375 0.444713
-3.90625 0.444721

-3.90625 0.444735
-3.875 0.444736

-2.60938 0.450252
-2.59375 0.450726

-2.59375 0.450724
-2.57812 0.451201

-2.57812 0.451199
-2.5625 0.451684

-1.4375 0.407578
-1.43325 0.40625

-2.5625 0.451684
-2.54688 0.452182

-2.54688 0.452183
-2.53125 0.452691

0.507812 -0.126077
0.501966 -0.125

-3.875 0.444732
-3.85938 0.444721

0.507812 -0.126093
0.515625 -0.127532

0.515625 -0.127532
0.523438 -0.128971

-2.53125 0.45269
-2.51803 0.453125

-3.85938 0.444723
-3.84375 0.444705

-2.51826 0.453125
-2.51562 0.453212

-3.84375 0.444704
-3.82812 0.444678

-3.82812 0.444677
-3.8125 0.444644

-3.8125 0.444647
-3.79688 0.444604

-3.79688 0.444605
-3.78125 0.444547

-3.78125 0.444547
-3.76562 0.444473

0.523438 -0.128971
0.53125 -0.130411

-3.76562 0.444474
-3.75 0.444382

0.53125 -0.130412
0.539062 -0.131852

-1.40625 0.397738
-1.39844 0.395223

-2.51562 0.453206
-2.5 0.453723

-1.39844 0.395223
-1.39062 0.39269

0.546875 -0.13321
0.544715 -0.132812

0.539062 -0.131889
0.544078 -0.132812

-1.375 0.387577
-1.38428 0.390625

-3.75 0.444381
-3.73438 0.444271

-3.73438 0.444271
-3.71875 0.444144

-1.39062 0.392689
-1.3843 0.390625

0.546875 -0.13329
0.554688 -0.134729

0.554688 -0.134729
0.5625 -0.136169

-3.71875 0.444143
-3.70312 0.444002

-1.32812 0.371808
-1.33752 0.375

0.5625 -0.136169
0.570312 -0.137609

-1.32812 0.371787
-1.3125 0.366422

-3.70312 0.444001
-3.6875 0.443847

0.570312 -0.13761
0.578125 -0.139048

0.59375 -0.141914
0.586736 -0.140625

-3.6875 0.443849
-3.67188 0.44368

-1.3125 0.36642
-1.29688 0.361011

-3.67188 0.443679
-3.65625 0.443496

-1.28906 0.358339
-1.29203 0.359375

0.578125 -0.13905
0.585938 -0.140484

-1.28906 0.358287
-1.28125 0.355536

-3.65625 0.443495
-3.64062 0.443304

0.585938 -0.140494
0.586652 -0.140625

-1.29688 0.360998
-1.29222 0.359375

-3.64062 0.443304
-3.625 0.443105

0.59375 -0.141916
0.601562 -0.143351

0.601562 -0.143352
0.609375 -0.144787

-3.625 0.443104
-3.60938 0.442896

-1.28125 0.355539
-1.26562 0.350021

-3.60938 0.442896
-3.59375 0.44268

-3.59375 0.44268
-3.57812 0.442458

-3.57812 0.442458
-3.5625 0.442233

0.609375 -0.144787
0.617188 -0.146222

-3.5625 0.442231
-3.54688 0.442004

-1.26562 0.35002
-1.25 0.344482

-3.54688 0.442003
-3.53125 0.441779

-2.5 0.453724
-2.48438 0.45424

-3.53125 0.44178
-3.51562 0.441558

-1.375 0.387561
-1.35938 0.382355

-3.51562 0.441557
-3.5 0.441334

0.617188 -0.146222
0.625 -0.147655

-2.48438 0.454238
-2.46875 0.454756

0.5 -0.124707
0.501589 -0.125

-2.46875 0.454753
-2.45312 0.455281

-2.45312 0.455283
-2.44531 0.455552

-1.35938 0.382355
-1.34375 0.377097

0.632812 -0.149058
0.629424 -0.148438

-2.44531 0.455552
-2.4375 0.455824

-2.4375 0.455824
-2.42969 0.456098

-2.42969 0.456098
-2.42188 0.456374

-1.34375 0.377068
-1.33766 0.375

0.625 -0.147676
0.629153 -0.148438

0.632812 -0.149085
0.640625 -0.150518

0.640625 -0.150517
0.648438 -0.151951

0.648438 -0.151951
0.65625 -0.153387

0.671875 -0.15626
0.671823 -0.15625

0.671875 -0.156266
0.679688 -0.157706

-1.21875 0.333352
-1.2479 0.34375

-2.42188 0.456374
-2.40625 0.456933

-1.25 0.344441
-1.24806 0.34375

0.679688 -0.157706
0.6875 -0.159145

0.65625 -0.153388
0.664062 -0.154827

-2.40625 0.45693
-2.39062 0.457503

-2.39062 0.457502
-2.375 0.4581

-1.20312 0.32773
-1.20422 0.328125

-1.21875 0.333343
-1.20422 0.328125

-1.20312 0.327731
-1.1875 0.322097

-1.15625 0.310826
-1.16088 0.3125

-1.15625 0.310793
-1.125 0.299496

-1.1875 0.322093
-1.17188 0.316447

-1.17188 0.316436
-1.16099 0.3125

-1.125 0.299485
-1.09375 0.288216

-1.0625 0.276983
-1.0744 0.28125

-1.09375 0.288221
-1.07431 0.28125

-1.0625 0.277002
-1.03125 0.265883

-1.03125 0.265872
-1 0.254863

-3.5 0.441337
-3.48438 0.441109

-3.48438 0.441108
-3.46875 0.440872

0.664062 -0.154827
0.671784 -0.15625

-2.375 0.4581
-2.35938 0.458728

-2.35938 0.458731
-2.34375 0.459384

-2.34375 0.459385
-2.32812 0.460056

-2.32812 0.460057
-2.3125 0.460742

-2.3125 0.460743
-2.30814 0.460938

-2.30816 0.460938
-2.30469 0.461093

-2.30469 0.461092
-2.29688 0.461443

-2.29688 0.461443
-2.28906 0.461797

-2.28906 0.461798
-2.28125 0.462154

-2.28125 0.462153
-2.27344 0.462512

-2.27344 0.462511
-2.26562 0.462875

-2.26562 0.462876
-2.25 0.463611

-0.984375 0.249414
-0.986052 0.25

-3.46875 0.44087
-3.45312 0.440634

-3.45312 0.440634
-3.4375 0.440402

0.6875 -0.159145
0.695312 -0.160584

-3.4375 0.440404
-3.42188 0.440172

-3.42188 0.44017
-3.40625 0.439941

-2.25 0.463608
-2.24219 0.46398

-0.984375 0.249417
-0.96875 0.243992

0.695312 -0.160584
0.703125 -0.162022

-0.96875 0.24399
-0.953125 0.238601

-0.9375 0.233256
-0.940771 0.234375

-0.953125 0.2386
-0.940777 0.234375

0.703125 -0.162022
0.710938 -0.16346

-0.9375 0.233254
-0.921875 0.227953

-0.921875 0.227955
-0.90625 0.222694

0.71875 -0.164876
0.714332 -0.164062

-0.890625 0.217491
-0.894386 0.21875

-2.24219 0.46398
-2.23438 0.46436

-0.890625 0.217462
-0.875 0.212265

-2.23438 0.464361
-2.22656 0.464748

0.710938 -0.163491
0.714038 -0.164062

-3.40625 0.439942
-3.39062 0.439718

0.71875 -0.164898
0.726562 -0.16634

-3.39062 0.439718
-3.375 0.439499

-2.22656 0.464749
-2.21875 0.465137

0.726562 -0.16634
0.734375 -0.167785

-0.90625 0.222682
-0.894459 0.21875

-3.375 0.439495
-3.35938 0.439286

-2.21875 0.465137
-2.21094 0.465525

-2.21094 0.465525
-2.20312 0.465913

-0.875 0.212267
-0.859375 0.207112

-2.20312 0.465913
-2.1875 0.46669

0.734375 -0.167786
0.742188 -0.169235

0.742188 -0.169236
0.75 -0.170687

-3.35938 0.439286
-3.34375 0.439094

-2.1875 0.466687
-2.17188 0.467469

-0.84375 0.202
-0.847181 0.203125

-3.34375 0.439094
-3.32812 0.43892

-0.859375 0.207113
-0.84721 0.203125

-2.17188 0.467469
-2.15625 0.468265

-0.84375 0.201993
-0.828125 0.196898

-3.32812 0.43892
-3.3125 0.438766

-0.828125 0.196897
-0.8125 0.191831

-3.3125 0.438763
-3.29688 0.438636

-0.796875 0.186796
-0.79906 0.1875

-3.29688 0.438637
-3.28125 0.438543

-2.15625 0.468268
-2.14689 0.46875

-0.796875 0.186795
-0.78125 0.181798

-2.14687 0.46875
-2.14062 0.469071

-3.28125 0.438544
-3.26562 0.438479

0.757812 -0.172082
0.756697 -0.171875

0.757812 -0.172138
0.765625 -0.173593

-0.78125 0.181799
-0.765625 0.176841

0.75 -0.170697
0.756335 -0.171875

0.765625 -0.173594
0.773438 -0.175052

-0.765625 0.176841
-0.75 0.171921

0.773438 -0.175052
0.78125 -0.176513

-2.14062 0.469072
-2.13281 0.469476

0.78125 -0.176513
0.789062 -0.177974

-2.13281 0.469476
-2.125 0.46988

-3.26562 0.438476
-3.25 0.438442

0.789062 -0.177975
0.796875 -0.179437

-0.8125 0.19183
-0.79906 0.1875

-2.125 0.46988
-2.11719 0.470284

-1 0.254873
-0.986043 0.25

0.804688 -0.180896
0.798235 -0.179688

0.796875 -0.179451
0.798136 -0.179688

0.804688 -0.180899
0.8125 -0.182364

0.84375 -0.188214
0.839958 -0.1875

0.84375 -0.188239
0.851562 -0.189711

-2.11719 0.470284
-2.10938 0.470687

-2.10938 0.470687
-2.10156 0.47109

-2.10156 0.47109
-2.09375 0.471491

-3.25 0.438444
-3.21875 0.438443

-2.09375 0.471491
-2.08594 0.47189

-2.08594 0.47189
-2.07812 0.472287

0.851562 -0.189711
0.859375 -0.191186

-2.07812 0.472287
-2.07031 0.472681

0.859375 -0.191186
0.867188 -0.192663

-3.21875 0.438453
-3.1875 0.438516

-0.734375 0.167038
-0.749842 0.171875

-3.1875 0.438516
-3.17188 0.438565

0.867188 -0.192663
0.875 -0.19414

-2.07031 0.472681
-2.0625 0.473072

0.8125 -0.182364
0.820312 -0.183831

0.820312 -0.183831
0.828125 -0.1853

-2.0625 0.473072
-2.05469 0.47346

0.828125 -0.1853
0.835938 -0.186769

-0.75 0.171896
-0.749934 0.171875

0.835938 -0.186795
0.839686 -0.1875

-0.734375 0.167038
-0.726562 0.164606

-3.17188 0.438566
-3.15625 0.43863

-0.71875 0.162186
-0.724799 0.164062

-2.05469 0.47346
-2.04688 0.473845

0.882812 -0.19557
0.881451 -0.195312

-3.15625 0.43863
-3.14062 0.438708

-0.726562 0.164593
-0.724852 0.164062

-3.14062 0.438708
-3.125 0.438803

0.875 -0.194151
0.881145 -0.195312

-0.6875 0.152572
-0.699432 0.15625

-2.04688 0.473845
-2.03906 0.474225

-0.71875 0.162182
-0.710938 0.159766

-2.03906 0.474226
-2.03125 0.4746

-3.125 0.438802
-3.10938 0.438917

-2.03125 0.4746
-2.02344 0.474968

0.882812 -0.195616
0.890625 -0.197094

-0.710938 0.159765
-0.703125 0.157359

0.890625 -0.197094
0.898438 -0.198576

-0.703125 0.157337
-0.699577 0.15625

-2.02344 0.474968
-2.01562 0.475328

-0.6875 0.152559
-0.679688 0.150134

-3.10938 0.438917
-3.09375 0.439055

0.898438 -0.198576
0.90625 -0.200061

-3.09375 0.439055
-3.07812 0.439215

0.90625 -0.20006
0.914062 -0.201549

-2.01562 0.475328
-2.00781 0.475678

-0.671875 0.147744
-0.67412 0.148438

-2.00781 0.475678
-2 0.476019

-3.07812 0.439215
-3.0625 0.439397

0.914062 -0.20155
0.921875 -0.20304

0.929688 -0.204529
0.922332 -0.203125

-3.0625 0.439396
-3.04688 0.439603

-3.04688 0.439603
-3.03125 0.439838

-0.679688 0.150125
-0.674227 0.148438

-0.671875 0.147722
-0.664062 0.145315

0.929688 -0.204529
0.9375 -0.206025

0.921875 -0.203043
0.922306 -0.203125

-3.03125 0.43984
-3.01562 0.4401

-3.01562 0.4401
-3 0.440378

0.9375 -0.206025
0.945312 -0.207526

0.945312 -0.207526
0.953125 -0.209029

-0.664062 0.145313
-0.65625 0.142915

-0.648438 0.140537
-0.648727 0.140625

0.953125 -0.20903
0.960938 -0.210536

0.96875 -0.212039
0.963047 -0.210938

-0.648438 0.140535
-0.640625 0.138182

-0.65625 0.142911
-0.648737 0.140625

0.960938 -0.210551
0.962936 -0.210938

0.96875 -0.212045
0.976562 -0.213559

0.976562 -0.213559
0.984375 -0.215078

0.984375 -0.215078
0.992188 -0.216602

0.992188 -0.216602
1 -0.218129

-0.640625 0.138184
-0.632812 0.13585

-0.632812 0.135852
-0.625 0.133532

-2 0.476019
-1.99219 0.476348

-0.59375 0.124388
-0.59584 0.125

-0.59375 0.124342
-0.578125 0.119792

-1.99219 0.476347
-1.98689 0.476562

-0.578125 0.119791
-0.570312 0.117525

-0.5625 0.115283
-0.569093 0.117188

-0.570312 0.117441
-0.569436 0.117188

-1.98693 0.476562
-1.98438 0.476666

-1.98438 0.476665
-1.97656 0.476969

-1.97656 0.47697
-1.96875 0.47726

-0.5625 0.115269
-0.554688 0.11302

-0.554688 0.113019
-0.546875 0.110783

-1.96875 0.47726
-1.96094 0.477535

-3 0.44038
-2.98438 0.440674

-1.96094 0.477536
-1.95312 0.477795

-2.98438 0.440675
-2.96875 0.44098

-0.53125 0.106349
-0.54188 0.109375

1.16406 -0.251009
1.15912 -0.25

-0.546875 0.110775
-0.541949 0.109375

-1.95312 0.477795
-1.94531 0.478037

-2.96875 0.44098
-2.95312 0.441297

-1.94531 0.478037
-1.9375 0.47826

1.16406 -0.251022
1.17188 -0.252618

-0.53125 0.106345
-0.523438 0.104125

1.17188 -0.252618
1.17969 -0.254218

-2.95312 0.441296
-2.9375 0.441625

-1.9375 0.47826
-1.92969 0.478463

-2.9375 0.441626
-2.92188 0.441966

-1.92969 0.478463
-1.92188 0.478644

1.17969 -0.254218
1.1875 -0.255819

-1.92188 0.478645
-1.91406 0.478803

-2.92188 0.441967
-2.90625 0.442318

-1.91406 0.478803
-1.90625 0.478937

-0.523438 0.104124
-0.515625 0.101916

-1.90625 0.478937
-1.89844 0.479044

1.1875 -0.25582
1.19531 -0.257422

-2.90625 0.442318
-2.89062 0.442679

-2.89062 0.44268
-2.875 0.443052

1.20312 -0.25902
1.19725 -0.257812

1.19531 -0.257438
1.19714 -0.257812

-1.89844 0.479044
-1.89062 0.479123

-2.875 0.443053
-2.85938 0.443434

-1.89062 0.479124
-1.88281 0.479173

-0.507812 0.0997318
-0.514317 0.101562

-1.88281 0.479174
-1.875 0.479193

1.20312 -0.259025
1.21094 -0.260631

-2.85938 0.443434
-2.84375 0.443822

1.21094 -0.260632
1.21875 -0.262242

-0.515625 0.10184
-0.514638 0.101562

-1.875 0.479193
-1.86719 0.47918

-2.84375 0.443824
-2.82812 0.444218

-1.86719 0.479181
-1.85938 0.479135

-1.85938 0.479135
-1.85156 0.479054

1.21875 -0.262242
1.22656 -0.263854

-1.85156 0.479055
-1.84375 0.478938

1.22656 -0.263856
1.23438 -0.265468

-0.507812 0.0997185
-0.5 0.0975267

-2.82812 0.444218
-2.82031 0.444416

-0.617188 0.131244
-0.622485 0.132812

-1.84375 0.478938
-1.83594 0.478784

1.24219 -0.267078
1.23515 -0.265625

-1.83594 0.478784
-1.82812 0.478591

-1.82812 0.478591
-1.82031 0.478357

1.24219 -0.267078
1.25 -0.268693

-1.82031 0.478358
-1.8125 0.478083

-0.625 0.133475
-0.622763 0.132812

1.23438 -0.265474
1.23511 -0.265625

-2.82031 0.444416
-2.8125 0.444616

1.00781 -0.219644
1.00325 -0.21875

1.00781 -0.219659
1.01562 -0.221194

-2.8125 0.444615
-2.79688 0.445018

1.01562 -0.221195
1.02344 -0.222736

1.02344 -0.222736
1.03125 -0.224281

-1.8125 0.478083
-1.80469 0.477765

1 -0.21815
1.00306 -0.21875

-2.79688 0.445018
-2.78125 0.445426

-0.617188 0.131218
-0.609375 0.128915

-1.80469 0.477765
-1.79688 0.477403

-0.609375 0.128916
-0.601562 0.126625

-2.78125 0.445426
-2.76562 0.445839

1.03125 -0.224282
1.03906 -0.22583

-1.79688 0.477404
-1.78906 0.476996

1.04688 -0.22736
1.04286 -0.226562

-0.601562 0.12661
-0.596053 0.125

-2.76562 0.445839
-2.75 0.446259

-1.78125 0.476542
-1.7816 0.476562

1.03906 -0.225855
1.04263 -0.226562

1.04688 -0.227382
1.05469 -0.228938

-1.78906 0.476996
-1.78159 0.476562

-1.78125 0.476543
-1.77344 0.476041

-1.77344 0.476041
-1.76562 0.47549

1.05469 -0.228938
1.0625 -0.2305

1.0625 -0.2305
1.07031 -0.232064

1.07031 -0.232065
1.07812 -0.233631

1.08594 -0.235178
1.08193 -0.234375

1.08594 -0.235197
1.09375 -0.236767

1.07812 -0.233652
1.08173 -0.234375

1.09375 -0.236767
1.10156 -0.238341

-1.76562 0.475491
-1.75781 0.47489

-1.75781 0.47489
-1.75 0.474238

1.10156 -0.238341
1.10938 -0.239918

1.10938 -0.239918
1.11719 -0.241496

1.125 -0.24306
1.12069 -0.242188

1.11719 -0.241516
1.12051 -0.242188

1.125 -0.243075
1.13281 -0.244659

1.13281 -0.244659
1.14062 -0.246246

1.14062 -0.246247
1.14844 -0.247836

1.14844 -0.247837
1.15625 -0.249428

-1.75 0.474238
-1.74219 0.473535

-1.74219 0.473535
-1.73438 0.472779

-1.73438 0.472779
-1.72656 0.471969

-1.72656 0.471969
-1.71875 0.471104

1.15625 -0.249451
1.15894 -0.25

-0.109375 -0.00111786
-0.114234 0

-0.109375 -0.00115774
-0.101562 -0.00295054

-1.6875 0.467107
-1.69959 0.46875

-1.71875 0.471105
-1.71094 0.470185

-1.71094 0.470185
-1.70312 0.46921

-1.70312 0.469213
-1.69961 0.46875

1.25 -0.268693
1.25781 -0.27031

-1.6875 0.4671
-1.67188 0.464748

1.25781 -0.27031
1.26562 -0.271929

-0.101562 -0.00295072
-0.09375 -0.00473829

-1.67188 0.464747
-1.65625 0.462177

-0.09375 -0.00473868
-0.0859375 -0.00651987

-0.078125 -0.00825671
-0.0800807 -0.0078125

-1.64844 0.460798
-1.64923 0.460938

-0.0859375 -0.00653309
-0.0803048 -0.0078125

1.27344 -0.273498
1.27314 -0.273438

1.26562 -0.271932
1.27289 -0.273438

-1.65625 0.462163
-1.64924 0.460938

-0.078125 -0.00829361
-0.0703125 -0.0100631

1.27344 -0.273548
1.28125 -0.27517

-0.0703125 -0.0100632
-0.0625 -0.0118285

1.3125 -0.28164
1.31063 -0.28125

-0.0625 -0.0118283
-0.0546875 -0.0135896

-0.0546875 -0.0135925
-0.046875 -0.0153445

-1.64844 0.460797
-1.64062 0.459381

-1.64062 0.459381
-1.63281 0.457913

1.28125 -0.27517
1.28906 -0.276795

1.28906 -0.276795
1.29688 -0.278424

-0.0390625 -0.0170658
-0.0455208 -0.015625

-0.0390625 -0.0170852
-0.03125 -0.0188236

-1.63281 0.457913
-1.625 0.456395

-0.046875 -0.0154627
-0.0461477 -0.015625

1.29688 -0.278424
1.30469 -0.280056

1.30469 -0.280073
1.31032 -0.28125

-0.03125 -0.0188239
-0.0234375 -0.0205558

-0.0234375 -0.0205562
-0.015625 -0.0222803

-1.625 0.456395
-1.61719 0.45483

-1.61719 0.454829
-1.60938 0.453219

1.3125 -0.281688
1.32031 -0.283324

1.32031 -0.283324
1.32812 -0.284964

-0.0078125 -0.0239646
-0.0102121 -0.0234375

-0.015625 -0.0222948
-0.0104227 -0.0234375

-1.59375 0.44987
-1.60888 0.453125

-1.60938 0.453213
-1.60896 0.453125

1.32812 -0.284965
1.33594 -0.286608

1.33594 -0.286608
1.34375 -0.288253

-0.0078125 -0.0239958
0 -0.0257052

-0.484375 0.0932116
-0.486306 0.09375

-0.484375 0.0931674
-0.46875 0.0888494

-0.5 0.0975255
-0.492188 0.0953428

-0.492188 0.0953292
-0.48651 0.09375

-1.59375 0.449856
-1.58594 0.448104

-1.58594 0.448104
-1.57812 0.446309

1.35156 -0.289878
1.3477 -0.289062

1.34375 -0.288276
1.34748 -0.289062

1.35156 -0.2899
1.35938 -0.29155

1.35938 -0.29155
1.36719 -0.293205

-1.57031 0.444485
-1.57383 0.445312

-1.57812 0.446298
-1.57393 0.445312

-0.46875 0.0888513
-0.460938 0.0867071

1.36719 -0.293205
1.375 -0.294862

-0.453125 0.0846033
-0.458007 0.0859375

-0.460938 0.0866529
-0.45832 0.0859375

-0.453125 0.0845728
-0.445312 0.082445

1.39062 -0.298175
1.38451 -0.296875

1.375 -0.294862
1.38281 -0.296519

-1.57031 0.444472
-1.5625 0.442594

-0.445312 0.0824446
-0.4375 0.0803254

-1.53906 0.436728
-1.54208 0.4375

1.38281 -0.296535
1.38441 -0.296875

-1.53906 0.436725
-1.53125 0.434687

-0.421875 0.0761352
-0.429256 0.078125

-0.4375 0.0803206
-0.429688 0.0782207

1.39062 -0.29818
1.39844 -0.299843

-1.53125 0.434688
-1.52344 0.43261

1.39844 -0.299843
1.40625 -0.301508

-0.421875 0.0761096
-0.40625 0.0719356

1.40625 -0.301508
1.41406 -0.303171

-1.52344 0.432609
-1.51562 0.430491

1.42188 -0.304765
1.42151 -0.304688

-0.398438 0.0698947
-0.400019 0.0703125

1.41406 -0.303176
1.42117 -0.304688

-1.50781 0.428355
-1.51265 0.429688

-1.51562 0.430461
-1.51282 0.429688

-0.40625 0.0719359
-0.400105 0.0703125

1.42188 -0.304831
1.42969 -0.306492

1.42969 -0.306492
1.4375 -0.308155

-1.50781 0.428337
-1.5 0.426148

1.46094 -0.313104
1.45809 -0.3125

1.46094 -0.313141
1.46875 -0.314802

-1.5625 0.442593
-1.55469 0.440676

-1.55469 0.440676
-1.54688 0.438721

-1.54688 0.438722
-1.54209 0.4375

1.46875 -0.314803
1.47656 -0.316465

1.47656 -0.316465
1.48438 -0.318127

1.48438 -0.318127
1.49219 -0.319788

1.5 -0.321436
1.49471 -0.320312

1.49219 -0.319809
1.49456 -0.320312

1.4375 -0.308155
1.44531 -0.309819

1.44531 -0.30982
1.45312 -0.311483

1.45312 -0.311504
1.45781 -0.3125

-0.398438 0.0698771
-0.390625 0.0678251

-0.390625 0.0678248
-0.382812 0.0657844

-0.382812 0.0657834
-0.375 0.0637573

-0.359375 0.0597453
-0.370036 0.0625

-0.359375 0.0597349
-0.351562 0.0577092

-0.351562 0.0577088
-0.34375 0.0556975

1.5 -0.321446
1.50781 -0.323106

-0.335938 0.0537265
-0.339696 0.0546875

-0.34375 0.0556727
-0.339896 0.0546875

-0.335938 0.0537009
-0.328125 0.0517162

-0.328125 0.0517165
-0.320312 0.0497436

-0.320312 0.0497423
-0.3125 0.0477831

-0.375 0.0637459
-0.370152 0.0625

-0.304688 0.0458531
-0.308785 0.046875

1.50781 -0.323106
1.51562 -0.324766

1.51562 -0.324767
1.52344 -0.326428

1.52344 -0.32643
1.53125 -0.328086

1.53906 -0.329736
1.53144 -0.328125

1.53906 -0.329736
1.54688 -0.331387

1.53125 -0.328085
1.53144 -0.328125

-0.304688 0.0458428
-0.296875 0.0438892

-0.3125 0.0477683
-0.308918 0.046875

-0.296875 0.0438848
-0.289062 0.0419241

-0.289062 0.0419226
-0.28125 0.0399665

1.54688 -0.331388
1.55469 -0.333037

1.55469 -0.333038
1.5625 -0.334685

-0.273438 0.0380419
-0.277528 0.0390625

1.57031 -0.336264
1.56876 -0.335938

1.5625 -0.334704
1.56836 -0.335938

1.57031 -0.336329
1.57812 -0.337971

1.57812 -0.337972
1.58594 -0.339614

1.58594 -0.339614
1.59375 -0.341254

1.60938 -0.344494
1.60582 -0.34375

-0.28125 0.0399387
-0.277738 0.0390625

-0.273438 0.0380174
-0.265625 0.0360741

-0.265625 0.0360738
-0.257812 0.0341376

-0.257812 0.0341369
-0.25 0.0322099

1.60938 -0.344525
1.61719 -0.346157

1.61719 -0.346157
1.625 -0.347787

-0.242188 0.0303306
-0.245934 0.03125

-0.242188 0.0302929
-0.234375 0.0283845

1.59375 -0.341255
1.60156 -0.342892

1.60156 -0.342921
1.60553 -0.34375

-0.234375 0.0283844
-0.226562 0.0264851

-0.226562 0.0264846
-0.21875 0.0245957

-0.25 0.0321727
-0.24624 0.03125

-0.210938 0.0227566
-0.213769 0.0234375

-0.21875 0.0245722
-0.214031 0.0234375

-0.210938 0.0227179
-0.203125 0.0208484

-0.203125 0.0208484
-0.195312 0.0189874

-0.195312 0.0189867
-0.1875 0.0171356

1.625 -0.347787
1.63281 -0.349415

1.63281 -0.349415
1.64062 -0.351039

1.64844 -0.352647
1.64321 -0.351562

1.64062 -0.351063
1.64303 -0.351562

1.64844 -0.352659
1.65625 -0.354278

1.65625 -0.354278
1.66406 -0.355897

-0.171875 0.0134632
-0.181009 0.015625

-0.1875 0.0171309
-0.181095 0.015625

1.66406 -0.355897
1.67188 -0.357514

1.6875 -0.360737
1.6809 -0.359375

1.67188 -0.357515
1.67969 -0.359128

-0.171875 0.0134518
-0.164062 0.0115905

-0.164062 0.0115904
-0.15625 0.00973978

1.67969 -0.359143
1.68081 -0.359375

1.6875 -0.360739
1.69531 -0.36235

1.69531 -0.36235
1.70312 -0.363959

1.70312 -0.36396
1.71094 -0.365566

1.71094 -0.365566
1.71875 -0.367169

-0.15625 0.00973934
-0.148438 0.00790051

-0.140625 0.00607545
-0.148048 0.0078125

-0.148438 0.00783635
-0.148336 0.0078125

-0.140625 0.00607336
-0.132812 0.00425385

1.72656 -0.368766
1.71885 -0.367188

1.71875 -0.367168
1.71885 -0.367188

1.72656 -0.368767
1.73438 -0.370364

1.73438 -0.370365
1.74219 -0.37196

1.74219 -0.37196
1.75 -0.373552

-0.132812 0.00425421
-0.125 0.00244259

-0.125 0.00244218
-0.117188 0.000638528

-0.117188 0.000564769
-0.114732 0

1.75781 -0.375023
1.7577 -0.375

1.75781 -0.375137
1.76562 -0.37672

1.76562 -0.376721
1.77344 -0.378302

1.77344 -0.378302
1.78125 -0.37988

1.78125 -0.37988
1.78906 -0.381453

1.79688 -0.382917
1.79635 -0.382812

1.78906 -0.381465
1.79578 -0.382812

1.79688 -0.383018
1.80469 -0.38458

1.80469 -0.384581
1.8125 -0.38614

1.8125 -0.386141
1.82031 -0.387696

1.82031 -0.387697
1.82812 -0.389248

1.83594 -0.390693
1.83559 -0.390625

1.83594 -0.390792
1.84375 -0.392333

1.82812 -0.389257
1.83504 -0.390625

0.03125 -0.0324321
0.0257577 -0.03125

0 -0.0257054
0.0078125 -0.0274082

1.84375 -0.392334
1.85156 -0.393873

1.85156 -0.393873
1.85938 -0.395408

0.0078125 -0.0274083
0.015625 -0.029104

0.015625 -0.0291066
0.0234375 -0.03079

0.0234375 -0.0308719
0.0252011 -0.03125

0.03125 -0.0324619
0.0390625 -0.0341338

0.0390625 -0.0341338
0.046875 -0.0357995

1.85938 -0.395409
1.86719 -0.39694

1.86719 -0.39694
1.87486 -0.398438

1.75 -0.373559
1.7571 -0.375

0.046875 -0.0357996
0.0546875 -0.0374591

0.0625 -0.0391059
0.0622949 -0.0390625

0.0546875 -0.0374595
0.0622652 -0.0390625

1.875 -0.398464
1.88281 -0.399984

1.88281 -0.399985
1.89062 -0.401503

1.89062 -0.401503
1.89844 -0.403017

1.89844 -0.403017
1.90625 -0.404526

1.92188 -0.407524
1.91523 -0.40625

0.0625 -0.0391113
0.0703125 -0.0407582

0.0703125 -0.0407584
0.078125 -0.0424007

1.92188 -0.407526
1.92969 -0.40902

1.92969 -0.40902
1.9375 -0.410509

1.90625 -0.404526
1.91406 -0.406029

1.91406 -0.406043
1.91514 -0.40625

0.078125 -0.0424008
0.0859375 -0.0440378

1.9375 -0.410509
1.94531 -0.411993

1.94531 -0.411993
1.95312 -0.41347

0.0859375 -0.0440385
0.09375 -0.0456684

0.101562 -0.0472588
0.0997149 -0.046875

0.101562 -0.0472901
0.109375 -0.0489083

0.09375 -0.0456782
0.0995116 -0.046875

0.109375 -0.0489086
0.117188 -0.0505221

0.117188 -0.0505223
0.125 -0.0521304

1.96094 -0.41492
1.95638 -0.414062

1.95312 -0.413499
1.95612 -0.414062

1.96094 -0.414939
1.96875 -0.416404

0.1875 -0.0647767
0.176212 -0.0625

0.125 -0.0521307
0.132812 -0.0537323

0.140625 -0.0552861
0.137693 -0.0546875

0.132812 -0.053759
0.13736 -0.0546875

1.96875 -0.416405
1.97656 -0.417865

1.97656 -0.417865
1.98438 -0.41932

0.140625 -0.055327
0.148438 -0.0569167

0.148438 -0.0569169
0.15625 -0.0585013

2 -0.422131
1.99861 -0.421875

1.98438 -0.41932
1.99219 -0.420768

1.99219 -0.420789
1.99808 -0.421875

0.15625 -0.0585012
0.164062 -0.0600804

0.164062 -0.0600813
0.171875 -0.0616536

0.171875 -0.0616703
0.176028 -0.0625

2 -0.422206
2.00781 -0.42364

2.00781 -0.423641
2.01562 -0.425071

2.01562 -0.425071
2.02344 -0.426495

2.02344 -0.426496
2.03125 -0.427914

0.1875 -0.0647893
0.195312 -0.0663834

0.195312 -0.0663834
0.203125 -0.0679708

0.203125 -0.0679712
0.210938 -0.069551

0.21875 -0.0710821
0.214927 -0.0703125

2.03125 -0.427914
2.03906 -0.429324

2.04688 -0.430717
2.04114 -0.429688

0.210938 -0.069594
0.214507 -0.0703125

0.21875 -0.0711228
0.226562 -0.0726893

0.226562 -0.0726894
0.234375 -0.0742499

0.234375 -0.0742499
0.242188 -0.075804

2.03906 -0.429347
2.04096 -0.429688

2.04688 -0.430725
2.05469 -0.432121

2.05469 -0.432121
2.0625 -0.433511

2.08594 -0.437514
2.08586 -0.4375

2.08594 -0.437628
2.09375 -0.438982

0.242188 -0.0758052
0.25 -0.0773507

2.09375 -0.438983
2.10156 -0.440329

2.10156 -0.44033
2.10938 -0.441667

2.10938 -0.441667
2.11719 -0.442994

2.11719 -0.442994
2.125 -0.444309

2.0625 -0.433512
2.07031 -0.434894

2.07031 -0.434894
2.07812 -0.436267

2.07812 -0.436275
2.08515 -0.4375

2.13281 -0.445529
2.13152 -0.445312

2.125 -0.444331
2.13089 -0.445312

2.13281 -0.44561
2.14062 -0.446901

2.14062 -0.446901
2.14844 -0.448182

2.14844 -0.448183
2.15625 -0.449453

0.257812 -0.0788491
0.254132 -0.078125

0.257812 -0.0788865
0.265625 -0.0804181

0.25 -0.0773863
0.253754 -0.078125

0.265625 -0.0804182
0.273438 -0.0819443

0.273438 -0.0819444
0.28125 -0.0834649

0.28125 -0.083465
0.289062 -0.0849796

0.296875 -0.0864444
0.294251 -0.0859375

0.289062 -0.0850038
0.293896 -0.0859375

2.15625 -0.449453
2.16406 -0.450711

2.16406 -0.450711
2.17188 -0.451955

0.296875 -0.086488
0.304688 -0.0879926

0.304688 -0.0879927
0.3125 -0.0894935

2.17969 -0.453183
2.1875 -0.454398

0.335938 -0.0939362
0.33496 -0.09375

0.335938 -0.093971
0.34375 -0.0954553

0.3125 -0.0894936
0.320312 -0.0909905

0.320312 -0.0909906
0.328125 -0.0924834

2.17188 -0.451957
2.1793 -0.453125

0.328125 -0.0924892
0.334744 -0.09375

0.34375 -0.0954554
0.351562 -0.0969366

2.1875 -0.454398
2.19531 -0.455601

2.19531 -0.455602
2.20312 -0.456791

2.20312 -0.456792
2.21094 -0.457967

2.21094 -0.457967
2.21875 -0.459126

0.351562 -0.0969367
0.359375 -0.0984146

0.359375 -0.0984146
0.367188 -0.0998888

2.21875 -0.459126
2.22656 -0.460267

2.23438 -0.461346
2.23153 -0.460938

2.22656 -0.460296
2.23103 -0.460938

2.23438 -0.461389
2.24219 -0.462493

0.367188 -0.0998892
0.375 -0.101359

2.24219 -0.462494
2.25 -0.463582

2.25 -0.463582
2.25781 -0.464652

2.25781 -0.464652
2.26562 -0.465702

2.26562 -0.465702
2.27344 -0.46673

2.27344 -0.46673
2.28125 -0.467735

2.29688 -0.469671
2.28935 -0.46875

2.29688 -0.469671
2.30469 -0.470604

2.30469 -0.470604
2.3125 -0.471512

2.28125 -0.467735
2.28906 -0.468716

2.28906 -0.468718
2.28932 -0.46875

2.3125 -0.471513
2.32031 -0.472395

2.32031 -0.472395
2.32812 -0.473249

2.32812 -0.47325
2.33594 -0.474074

2.33594 -0.474075
2.34375 -0.474869

2.34375 -0.474869
2.35156 -0.475633

2.35156 -0.475633
2.35938 -0.476365

2.36719 -0.47706
2.36163 -0.476562

2.35938 -0.476375
2.36147 -0.476562

2.36719 -0.477064
2.375 -0.477732

2.375 -0.477732
2.38281 -0.478369

2.38281 -0.478369
2.39062 -0.478973

2.39062 -0.478973
2.39844 -0.479544

2.39844 -0.479545
2.40625 -0.48008

2.40625 -0.48008
2.41406 -0.480577

2.41406 -0.480577
2.42188 -0.481037

2.42188 -0.481037
2.42969 -0.481459

2.42969 -0.481459
2.4375 -0.481843

2.4375 -0.481843
2.44531 -0.48219

2.44531 -0.48219
2.45312 -0.4825

2.45312 -0.4825
2.46094 -0.482774

2.46094 -0.482774
2.46875 -0.483013

2.46875 -0.483013
2.47656 -0.483218

2.47656 -0.483218
2.48438 -0.483391

2.48438 -0.483391
2.49219 -0.483534

2.49219 -0.483534
2.5 -0.483648

2.5 -0.483647
2.50781 -0.483734

2.50781 -0.483734
2.51562 -0.483795

2.51562 -0.483795
2.52344 -0.483832

2.52344 -0.483832
2.53125 -0.483848

2.53125 -0.483847
2.53906 -0.483843

2.53906 -0.483843
2.54688 -0.48382

2.54688 -0.48382
2.55469 -0.483781

2.55469 -0.48378
2.5625 -0.483726

2.5625 -0.483726
2.57031 -0.48366

2.57031 -0.483659
2.57812 -0.483582

2.57812 -0.483581
2.58594 -0.483495

2.58594 -0.483494
2.59375 -0.4834

2.59375 -0.483399
2.60156 -0.483299

2.60156 -0.483299
2.60938 -0.483193

2.60938 -0.483193
2.61719 -0.483084

2.61719 -0.483084
2.625 -0.482973

2.625 -0.482972
2.63281 -0.482861

2.63281 -0.48286
2.64062 -0.482749

2.64062 -0.482749
2.64844 -0.482638

2.64844 -0.482638
2.65625 -0.48253

2.65625 -0.48253
2.66406 -0.482424

2.66406 -0.482424
2.67188 -0.482321

2.67188 -0.482321
2.67969 -0.482221

2.67969 -0.482221
2.6875 -0.482126

2.6875 -0.482125
2.69531 -0.482034

2.69531 -0.482034
2.70312 -0.481948

2.70312 -0.481947
2.71094 -0.481867

2.71094 -0.481867
2.71875 -0.481793

2.71875 -0.481793
2.72656 -0.481726

2.72656 -0.481726
2.73438 -0.481664

2.73438 -0.481664
2.74219 -0.481609

2.74219 -0.481609
2.75 -0.481562

2.75 -0.481562
2.75781 -0.481523

2.75781 -0.481523
2.76562 -0.48149

2.76562 -0.48149
2.77344 -0.481465

2.77344 -0.481465
2.78125 -0.481447

2.78125 -0.481447
2.78906 -0.481437

2.78906 -0.481437
2.79688 -0.481434

2.79688 -0.481434
2.80469 -0.481438

2.80469 -0.481438
2.8125 -0.481449

2.8125 -0.48145
2.82031 -0.481468

2.82031 -0.481468
2.82812 -0.481494

2.82812 -0.481494
2.83594 -0.481527

2.83594 -0.481527
2.84375 -0.481566

2.84375 -0.481566
2.85156 -0.481612

2.85156 -0.481612
2.85938 -0.481664

2.85938 -0.481664
2.86719 -0.481723

2.86719 -0.481723
2.875 -0.481787

2.875 -0.481787
2.88281 -0.481857

2.88281 -0.481857
2.89062 -0.481933

2.89062 -0.481933
2.89844 -0.482014

2.89844 -0.482014
2.90625 -0.482099

2.90625 -0.482099
2.91406 -0.48219

2.91406 -0.48219
2.92188 -0.482285

2.92188 -0.482285
2.92969 -0.482384

2.92969 -0.482384
2.9375 -0.482487

2.9375 -0.482487
2.94531 -0.482594

2.94531 -0.482594
2.95312 -0.482703

2.95312 -0.482703
2.96094 -0.482816

2.96094 -0.482816
2.96875 -0.482932

2.96875 -0.482932
2.97656 -0.48305

2.97656 -0.48305
2.98438 -0.48317

2.98438 -0.48317
2.99219 -0.483293

2.99219 -0.483293
3 -0.483417

3 -0.483417
3.00781 -0.483543

3.00781 -0.483543
3.01562 -0.48367

3.01562 -0.483671
3.02344 -0.483799

3.02344 -0.483799
3.03125 -0.483929

3.03125 -0.483929
3.03906 -0.48406

3.03906 -0.48406
3.04688 -0.484191

3.0625 -0.484446
3.05833 -0.484375

3.04688 -0.484191
3.05469 -0.484323

3.05469 -0.48434
3.05676 -0.484375

3.0625 -0.484455
3.07031 -0.484588

3.07031 -0.484588
3.07812 -0.484722

3.07812 -0.484722
3.08594 -0.484855

3.08594 -0.484855
3.09375 -0.484989

3.09375 -0.484989
3.10156 -0.485122

3.10156 -0.485122
3.10938 -0.485256

3.10938 -0.485256
3.11719 -0.485389

3.11719 -0.485389
3.125 -0.485522

3.125 -0.485522
3.13281 -0.485654

3.13281 -0.485654
3.14062 -0.485786

3.14062 -0.485786
3.14844 -0.485917

3.14844 -0.485917
3.15625 -0.486047

3.15625 -0.486048
3.16406 -0.486176

3.16406 -0.486176
3.17188 -0.486304

3.17188 -0.486304
3.17969 -0.48643

3.17969 -0.48643
3.1875 -0.486555

3.1875 -0.486555
3.19531 -0.486679

3.19531 -0.486679
3.20312 -0.486801

3.20312 -0.486801
3.21094 -0.486922

3.21094 -0.486922
3.21875 -0.487042

3.21875 -0.487042
3.22656 -0.48716

3.22656 -0.48716
3.23438 -0.487277

3.23438 -0.487277
3.24219 -0.487392

3.24219 -0.487392
3.25 -0.487505

3.25 -0.487506
3.25781 -0.487617

3.25781 -0.487617
3.26562 -0.487728

3.26562 -0.487728
3.27344 -0.487837

3.27344 -0.487837
3.28125 -0.487944

3.28125 -0.487944
3.28906 -0.488049

3.28906 -0.488049
3.29688 -0.488153

3.29688 -0.488153
3.30469 -0.488256

3.30469 -0.488256
3.3125 -0.488356

3.3125 -0.488356
3.32031 -0.488455

3.32031 -0.488455
3.32812 -0.488552

3.32812 -0.488552
3.33594 -0.488646

3.33594 -0.488646
3.34375 -0.488739

3.34375 -0.488739
3.35156 -0.48883

3.35156 -0.48883
3.35938 -0.48892

3.35938 -0.48892
3.36719 -0.489007

3.36719 -0.489007
3.375 -0.489093

3.375 -0.489093
3.38281 -0.489177

3.38281 -0.489177
3.39062 -0.48926

3.39062 -0.48926
3.39844 -0.48934

3.39844 -0.48934
3.40625 -0.489419

3.40625 -0.489419
3.41406 -0.489496

3.41406 -0.489496
3.42188 -0.489571

3.42188 -0.489571
3.42969 -0.489644

3.42969 -0.489644
3.4375 -0.489716

3.4375 -0.489716
3.44531 -0.489786

3.44531 -0.489786
3.45312 -0.489855

3.45312 -0.489855
3.46094 -0.489922

3.46094 -0.489922
3.46875 -0.489987

3.46875 -0.489987
3.47656 -0.490051

3.47656 -0.490051
3.48438 -0.490113

3.48438 -0.490113
3.49219 -0.490173

3.49219 -0.490173
3.5 -0.490232

3.5 -0.490232
3.50781 -0.490289

3.50781 -0.490289
3.51562 -0.490344

3.51562 -0.490344
3.52344 -0.490398

3.52344 -0.490398
3.53125 -0.490449

3.53125 -0.490449
3.53906 -0.490499

3.53906 -0.490499
3.54688 -0.490547

3.54688 -0.490547
3.55469 -0.490593

3.55469 -0.490593
3.5625 -0.490636

3.5625 -0.490636
3.57031 -0.490678

3.57031 -0.490678
3.57812 -0.490718

3.57812 -0.490718
3.58594 -0.490755

3.58594 -0.490755
3.59375 -0.49079

3.59375 -0.49079
3.60156 -0.490822

3.60156 -0.490822
3.60938 -0.490852

3.60938 -0.490852
3.61719 -0.490879

3.61719 -0.490879
3.625 -0.490903

3.625 -0.490903
3.63281 -0.490924

3.63281 -0.490924
3.64062 -0.490942

3.64062 -0.490942
3.64844 -0.490957

3.64844 -0.490957
3.65625 -0.490969

3.65625 -0.490969
3.66406 -0.490976

3.66406 -0.490976
3.67188 -0.49098

3.67188 -0.49098
3.67969 -0.490981

3.67969 -0.490981
3.6875 -0.490977

3.6875 -0.490977
3.69531 -0.490969

3.69531 -0.490969
3.70312 -0.490957

3.70312 -0.490957
3.71094 -0.49094

3.71094 -0.49094
3.71875 -0.490919

3.71875 -0.490919
3.72656 -0.490894

3.72656 -0.490894
3.73438 -0.490863

3.73438 -0.490863
3.74219 -0.490828

3.74219 -0.490828
3.75 -0.490789

3.75 -0.490789
3.75781 -0.490745

3.75781 -0.490745
3.76562 -0.490698

3.76562 -0.490698
3.77344 -0.490646

3.77344 -0.490646
3.78125 -0.49059

3.78125 -0.49059
3.78906 -0.490529

3.78906 -0.490529
3.79688 -0.490463

3.79688 -0.490463
3.80469 -0.490394

3.80469 -0.490393
3.8125 -0.49032

3.8125 -0.49032
3.82031 -0.490242

3.82031 -0.490242
3.82812 -0.49016

3.82812 -0.49016
3.83594 -0.490074

3.83594 -0.490074
3.84375 -0.489983

3.84375 -0.489983
3.85156 -0.48989

3.85156 -0.48989
3.85938 -0.489792

3.85938 -0.489792
3.86719 -0.489692

3.86719 -0.489692
3.875 -0.48959

3.875 -0.489589
3.88281 -0.489485

3.88281 -0.489485
3.89062 -0.489379

3.89062 -0.489379
3.89844 -0.489273

3.89844 -0.489273
3.90625 -0.489167

3.90625 -0.489167
3.91406 -0.489062

3.91406 -0.489061
3.92188 -0.488958

3.92188 -0.488958
3.92969 -0.488857

3.92969 -0.488857
3.9375 -0.488762

3.9375 -0.488761
3.94531 -0.488672

3.94531 -0.488672
3.95312 -0.488589

3.95312 -0.488588
3.96094 -0.488514

3.96094 -0.488514
3.96875 -0.488449

3.96875 -0.488449
3.97656 -0.488395

3.97656 -0.488395
3.98438 -0.488355

3.98438 -0.488354
3.99219 -0.488329

3.99219 -0.488329
4 -0.48832

