0 0.2 0
0 0.21 0
0 0.22 0
0 0.23 0
0 0.24 0
0 0.25 0
0 0.26 0
0 0.27 0
0 0.28 0
0 0.29 0
0 0.3 0
0 0.31 0
0 0.32 0
0 0.33 0
0 0.34 0
0 0.35 0
0 0.36 0
0 0.37 0
0 0.38 0
0 0.39 0
1 0.2 0
1 0.21 0.00447814
1 0.22 0.533211
1 0.23 0.89265
1 0.24 0.961306
1 0.25 0.959331
1 0.26 0.954829
1 0.27 0.952853
1 0.28 0.951288
1 0.29 0.950254
1 0.3 0.950885
1 0.31 0.95347
1 0.32 0.956055
1 0.33 0.958679
1 0.34 0.961476
1 0.35 0.963931
1 0.36 0.96729
1 0.37 0.970793
1 0.38 0.974281
1 0.39 0.977824
2 0.2 0
2 0.21 0.00633725
2 0.22 0.603267
2 0.23 0.993573
2 0.24 1.04978
2 0.25 1.04028
2 0.26 1.03059
2 0.27 1.02491
2 0.28 1.01874
2 0.29 1.01276
2 0.3 1.00873
2 0.31 1.0063
2 0.32 1.00388
2 0.33 1.00156
2 0.34 0.999726
2 0.35 0.997191
2 0.36 0.99625
2 0.37 0.995514
2 0.38 0.994619
2 0.39 0.994127
