-2.66667 0.000311401
-2.33333 0.000904965

-2.33333 0.00147869
-2.16667 0.00202084

0.833333 -0.00113469
0.84375 -0.00113694

0.84375 -0.00113694
0.854167 -0.00114006

0.854167 -0.00114006
0.864583 -0.00114407

0.864583 -0.00114407
0.875 -0.00114899

0.875 -0.00114899
0.885417 -0.00115484

0.885417 -0.00115484
0.895833 -0.00116163

0.895833 -0.00116162
0.90625 -0.00116936

-2.16667 0.00159397
-2.08333 0.00167495

-2.08333 0.00165727
-2.04167 0.00197029

-2.04167 0.0019906
-2.02083 0.00226214

-2.02083 0.00226628
-2 0.00260399

0.90625 -0.00116936
0.916667 -0.00117806

-2 0.00261446
-1.98958 0.00280229

-1.98958 0.0028033
-1.97917 0.00298714

-1.97917 0.00298703
-1.96875 0.00316508

-1.96875 0.00316526
-1.95833 0.00333739

-1.95833 0.00333735
-1.94792 0.00350326

-1.94792 0.0035033
-1.9375 0.00366298

-1.9375 0.00366296
-1.92708 0.00381638

-1.92708 0.00381639
-1.91667 0.00396356

0.916667 -0.00117806
0.927083 -0.00118772

0.927083 -0.00118772
0.9375 -0.00119836

0.9375 -0.00119836
0.947917 -0.00120998

0.947917 -0.00120998
0.958333 -0.00122257

0.958333 -0.00122257
0.96875 -0.00123614

0.96875 -0.00123614
0.979167 -0.00125069

-1.91667 0.00396354
-1.90625 0.00410447

-0.708333 -1.72813e-05
-0.7108 -3.72966e-17

-0.708333 -1.71124e-05
-0.697917 -8.93488e-05

-0.697917 -8.93553e-05
-0.6875 -0.000160782

-0.6875 -0.000160793
-0.677083 -0.000231374

-0.677083 -0.000231384
-0.666667 -0.000301079

-0.833333 0.00090272
-0.822917 0.000822474

-0.822917 0.000822473
-0.8125 0.000742866

-0.8125 0.000742864
-0.802083 0.000663902

-0.802083 0.000663901
-0.791667 0.000585591

-0.791667 0.000585591
-0.78125 0.000507937

-0.78125 0.000507938
-0.770833 0.000430941

-0.770833 0.000430942
-0.760417 0.0003546

-0.760417 0.000354599
-0.75 0.000278914

1.48319e-16 -0.00218678
0.0104167 -0.00218066

-1.90625 0.00410447
-1.89583 0.00423921

-1.89583 0.00423919
-1.88542 0.00436781

-1.88542 0.00436779
-1.875 0.00449038

-1.875 0.00449036
-1.86458 0.00460703

-1.86458 0.00460701
-1.85417 0.00471784

-1.85417 0.00471782
-1.84375 0.0048229

-1.84375 0.00482288
-1.83333 0.00492231

0.979167 -0.0012507
0.989583 -0.00126622

0.989583 -0.00126622
1 -0.0012827

-1.83333 0.00492229
-1.82292 0.00501613

-1.82292 0.00501611
-1.8125 0.00510446

-1.8125 0.00510443
-1.80208 0.00518738

-1.80208 0.00518736
-1.79167 0.00526502

-1.79167 0.00526499
-1.78125 0.00533746

-1.78125 0.00533744
-1.77083 0.00540483

-1.77083 0.00540481
-1.76042 0.00546723

-1.76042 0.00546721
-1.75 0.00552475

-1.75 0.00552472
-1.73958 0.00557748

-1.73958 0.00557746
-1.72917 0.00562553

-1.72917 0.00562551
-1.71875 0.00566897

1 -0.0012827
1.01042 -0.00130014

1.01042 -0.00130014
1.02083 -0.0013185

1.02083 -0.00131851
1.03125 -0.00133778

1.03125 -0.00133779
1.04167 -0.00135795

1.04167 -0.00135796
1.05208 -0.00137898

1.05208 -0.00137899
1.0625 -0.00140085

1.0625 -0.00140086
1.07292 -0.00142352

1.07292 -0.00142353
1.08333 -0.00144697

1.08333 -0.00144697
1.09375 -0.00147116

1.09375 -0.00147116
1.10417 -0.00149607

1.10417 -0.00149608
1.11458 -0.00152168

1.11458 -0.00152168
1.125 -0.00154796

1.125 -0.00154797
1.13542 -0.0015749

1.13542 -0.00157491
1.14583 -0.00160249

1.14583 -0.00160249
1.15625 -0.00163071

1.15625 -0.00163072
1.16667 -0.00165956

0.0104167 -0.00218066
0.0208333 -0.00217376

-1.71875 0.00566895
-1.70833 0.00570791

0.0208333 -0.00217376
0.03125 -0.0021661

1.16667 -0.00165956
1.17708 -0.00168902

0.03125 -0.0021661
0.0416667 -0.00215771

-0.75 0.000278911
-0.739583 0.000203891

1.17708 -0.00168902
1.1875 -0.00171909

1.1875 -0.0017191
1.19792 -0.00174977

1.19792 -0.00174977
1.20833 -0.00178103

1.20833 -0.00178103
1.21875 -0.00181288

1.21875 -0.00181288
1.22917 -0.00184529

1.22917 -0.0018453
1.23958 -0.00187826

1.23958 -0.00187826
1.25 -0.00191176

-1.70833 0.00570788
-1.69792 0.00574243

-1.69792 0.0057424
-1.6875 0.00577263

1.25 -0.00191177
1.26042 -0.00194577

0.0416667 -0.0021577
0.0520833 -0.00214859

0.0520833 -0.00214858
0.0625 -0.00213877

0.0625 -0.00213877
0.0729167 -0.00212827

0.0729167 -0.00212827
0.0833333 -0.00211712

0.0833333 -0.00211711
0.09375 -0.00210533

0.09375 -0.00210532
0.104167 -0.00209291

0.104167 -0.00209291
0.114583 -0.0020799

0.114583 -0.0020799
0.125 -0.00206631

0.125 -0.0020663
0.135417 -0.00205215

0.135417 -0.00205215
0.145833 -0.00203746

0.145833 -0.00203745
0.15625 -0.00202224

0.15625 -0.00202223
0.166667 -0.00200651

0.166667 -0.00200651
0.177083 -0.0019903

0.177083 -0.0019903
0.1875 -0.00197362

0.1875 -0.00197362
0.197917 -0.0019565

0.197917 -0.00195649
0.208333 -0.00193894

0.208333 -0.00193893
0.21875 -0.00192097

0.21875 -0.00192096
0.229167 -0.00190261

0.229167 -0.0019026
0.239583 -0.00188388

0.239583 -0.00188388
0.25 -0.00186481

0.25 -0.00186481
0.260417 -0.00184543

0.260417 -0.00184542
0.270833 -0.00182575

0.270833 -0.00182574
0.28125 -0.00180581

0.28125 -0.0018058
0.291667 -0.00178564

0.291667 -0.00178563
0.302083 -0.00176528

0.302083 -0.00176527
0.3125 -0.00174476

0.3125 -0.00174475
0.322917 -0.00172413

0.322917 -0.00172412
0.333333 -0.00170342

0.333333 -0.00170341
0.34375 -0.00168268

0.34375 -0.00168267
0.354167 -0.00166194

0.354167 -0.00166193
0.364583 -0.00164125

0.364583 -0.00164124
0.375 -0.00162065

0.375 -0.00162064
0.385417 -0.00160019

0.385417 -0.00160018
0.395833 -0.00157989

-1.6875 0.0057726
-1.67708 0.00579863

-1.67708 0.0057986
-1.66667 0.00582052

0.395833 -0.00157988
0.40625 -0.0015598

0.40625 -0.00155979
0.416667 -0.00153996

0.416667 -0.00153995
0.427083 -0.00152039

-1.66667 0.0058205
-1.65625 0.00583842

-1.65625 0.0058384
-1.64583 0.00585243

-1.64583 0.0058524
-1.63542 0.00586262

-1.63542 0.0058626
-1.625 0.0058691

0.427083 -0.00152038
0.4375 -0.00150113

0.4375 -0.00150112
0.447917 -0.00148221

1.26042 -0.00194578
1.27083 -0.00198026

1.27083 -0.00198027
1.28125 -0.0020152

1.28125 -0.00201521
1.29167 -0.00205055

1.29167 -0.00205056
1.30208 -0.00208626

1.30208 -0.00208628
1.3125 -0.0021223

1.3125 -0.00212231
1.32292 -0.00215859

1.32292 -0.0021586
1.33333 -0.00219509

-1.625 0.00586908
-1.61458 0.00587193

-1.61458 0.00587191
-1.60417 0.0058712

-1.60417 0.00587118
-1.59375 0.00586699

-1.59375 0.00586697
-1.58333 0.00585935

-1.58333 0.00585933
-1.57292 0.00584838

-1.57292 0.00584836
-1.5625 0.00583413

-1.5625 0.00583411
-1.55208 0.00581671

-1.55208 0.00581669
-1.54167 0.00579619

-1.54167 0.00579616
-1.53125 0.00577265

1.33333 -0.0021951
1.34375 -0.00223173

1.34375 -0.00223175
1.35417 -0.00226846

1.35417 -0.00226847
1.36458 -0.00230521

1.36458 -0.00230523
1.375 -0.00234193

-1.53125 0.00577263
-1.52083 0.00574621

-1.52083 0.00574619
-1.51042 0.00571695

-1.51042 0.00571692
-1.5 0.00568495

1.375 -0.00234194
1.38542 -0.00237855

1.38542 -0.00237857
1.39583 -0.00241503

1.39583 -0.00241505
1.40625 -0.00245131

1.40625 -0.00245133
1.41667 -0.00248735

-0.739583 0.000203888
-0.729167 0.000129544

1.41667 -0.00248736
1.42708 -0.00252308

1.42708 -0.00252309
1.4375 -0.00255845

1.4375 -0.00255847
1.44792 -0.00259342

1.44792 -0.00259344
1.45833 -0.00262793

1.45833 -0.00262795
1.46875 -0.00266192

1.46875 -0.00266193
1.47917 -0.00269531

1.47917 -0.00269533
1.48958 -0.00272806

1.48958 -0.00272808
1.5 -0.00276008

-0.729167 0.000129541
-0.71875 5.58851e-05

0.447917 -0.00148221
0.458333 -0.00146367

1.5 -0.0027601
1.51042 -0.0027913

1.51042 -0.00279132
1.52083 -0.00282162

0.458333 -0.00146366
0.46875 -0.00144551

0.46875 -0.00144551
0.479167 -0.00142777

0.479167 -0.00142777
0.489583 -0.00141048

0.489583 -0.00141047
0.5 -0.00139364

1.52083 -0.00282164
1.53125 -0.00285096

1.53125 -0.00285099
1.54167 -0.00287924

1.54167 -0.00287926
1.55208 -0.00290635

-0.71875 5.59513e-05
-0.710763 -7.37257e-17

1.55208 -0.00290637
1.5625 -0.00293221

-1.5 0.00568493
-1.48958 0.00565031

-1.48958 0.00565029
-1.47917 0.00561311

-0.666667 -0.000301088
-0.65625 -0.000369858

-0.65625 -0.000369868
-0.645833 -0.000437674

1.5625 -0.00293223
1.57292 -0.00295673

0.5 -0.00139364
0.510417 -0.00137728

0.510417 -0.00137728
0.520833 -0.00136142

-0.645833 -0.000437685
-0.635417 -0.000504484

-0.635417 -0.000504495
-0.625 -0.000570244

1.57292 -0.00295675
1.58333 -0.00297982

-0.625 -0.000570255
-0.614583 -0.000634913

-0.614583 -0.000634923
-0.604167 -0.000698448

1.58333 -0.00297984
1.59375 -0.00300141

1.59375 -0.00300143
1.60417 -0.00302141

1.60417 -0.00302143
1.61458 -0.00303974

1.61458 -0.00303976
1.625 -0.00305633

1.625 -0.00305635
1.63542 -0.00307109

-1.47917 0.00561309
-1.46875 0.00557343

1.63542 -0.00307111
1.64583 -0.00308394

-1.46875 0.00557341
-1.45833 0.00553133

-1.45833 0.00553131
-1.44792 0.0054869

-0.604167 -0.000698458
-0.59375 -0.000760811

-0.59375 -0.00076082
-0.583333 -0.000821962

1.64583 -0.00308396
1.65625 -0.00309478

1.65625 -0.0030948
1.66667 -0.00310351

-0.583333 -0.00082197
-0.572917 -0.000881864

-0.572917 -0.000881872
-0.5625 -0.000940486

-1.44792 0.00548688
-1.4375 0.00544019

1.66667 -0.00310354
1.67708 -0.00311003

-0.5625 -0.000940494
-0.552083 -0.000997797

-1.4375 0.00544017
-1.42708 0.00539126

-1.42708 0.00539125
-1.41667 0.00534019

1.67708 -0.00311006
1.6875 -0.00311423

-1.41667 0.00534017
-1.40625 0.00528701

-1.40625 0.005287
-1.39583 0.0052318

1.6875 -0.00311426
1.69792 -0.00311598

-0.552083 -0.000997803
-0.541667 -0.00105377

0.520833 -0.00136141
0.53125 -0.00134606

0.53125 -0.00134606
0.541667 -0.00133122

0.541667 -0.00133121
0.552083 -0.0013169

1.69792 -0.00311601
1.70833 -0.00311517

1.70833 -0.0031152
1.71875 -0.00311168

-0.541667 -0.00105377
-0.53125 -0.00110838

-0.53125 -0.00110838
-0.520833 -0.0011616

1.71875 -0.00311171
1.72917 -0.00310541

-1.39583 0.00523179
-1.38542 0.00517462

0.552083 -0.0013169
0.5625 -0.00130312

-0.520833 -0.0011616
-0.510417 -0.00121342

0.5625 -0.00130312
0.572917 -0.00128987

1.72917 -0.00310543
1.73958 -0.00309624

-1.38542 0.0051746
-1.375 0.00511553

1.73958 -0.00309626
1.75 -0.00308407

-0.510417 -0.00121342
-0.5 -0.00126382

1.75 -0.0030841
1.76042 -0.0030688

1.76042 -0.00306882
1.77083 -0.00305031

1.77083 -0.00305034
1.78125 -0.00302852

1.78125 -0.00302855
1.79167 -0.00300328

0.572917 -0.00128987
0.583333 -0.00127717

-1.375 0.00511551
-1.36458 0.00505459

0.583333 -0.00127717
0.59375 -0.001265

-0.5 -0.00126382
-0.489583 -0.00131279

0.59375 -0.001265
0.604167 -0.00125337

-0.489583 -0.00131279
-0.479167 -0.00136032

0.604167 -0.00125337
0.614583 -0.00124227

1.79167 -0.00300332
1.80208 -0.00297449

0.614583 -0.00124227
0.625 -0.00123169

1.80208 -0.00297452
1.8125 -0.00294198

0.625 -0.0012317
0.635417 -0.00122164

1.8125 -0.00294202
1.82292 -0.00290565

-1.36458 0.00505457
-1.35417 0.00499188

1.82292 -0.00290566
1.83333 -0.00286534

-1.35417 0.00499186
-1.34375 0.00492747

-0.479167 -0.00136032
-0.46875 -0.0014064

0.635417 -0.00122164
0.645833 -0.00121211

-0.46875 -0.00140641
-0.458333 -0.00145104

-1.34375 0.00492745
-1.33333 0.00486145

1.83333 -0.00286538
1.84375 -0.00282102

0.645833 -0.00121211
0.65625 -0.00120308

-0.458333 -0.00145104
-0.447917 -0.00149423

0.65625 -0.00120308
0.666667 -0.00119456

1.84375 -0.00282102
1.85417 -0.00277255

1.85417 -0.00277257
1.86458 -0.00271995

1.86458 -0.00271998
1.875 -0.00266312

-1.33333 0.00486143
-1.32292 0.00479389

1.875 -0.00266316
1.88542 -0.00260192

-1.32292 0.00479387
-1.3125 0.00472488

-0.447917 -0.00149423
-0.4375 -0.00153597

-1.3125 0.00472486
-1.30208 0.0046545

1.88542 -0.00260195
1.89583 -0.00253618

1.89583 -0.00253622
1.90625 -0.00246576

-1.30208 0.00465448
-1.29167 0.00458281

1.90625 -0.00246578
1.91667 -0.00239053

-0.4375 -0.00153597
-0.427083 -0.00157626

1.91667 -0.00239055
1.92708 -0.00231043

0.666667 -0.00119456
0.677083 -0.00118653

1.92708 -0.00231043
1.9375 -0.00222537

-0.427083 -0.00157626
-0.416667 -0.00161513

1.9375 -0.00222536
1.94792 -0.00213538

-1.29167 0.00458279
-1.28125 0.0045099

0.677083 -0.00118653
0.6875 -0.00117901

1.94792 -0.00213537
1.95833 -0.00204049

0.6875 -0.00117901
0.697917 -0.00117199

-1.28125 0.00450988
-1.27083 0.00443582

-0.416667 -0.00161513
-0.40625 -0.00165257

-1.27083 0.00443581
-1.26042 0.00436065

-0.40625 -0.00165256
-0.395833 -0.0016886

1.95833 -0.0020405
1.96875 -0.00194069

-0.395833 -0.00168859
-0.385417 -0.00172323

1.96875 -0.0019405
1.97917 -0.0018361

0.697917 -0.00117199
0.708333 -0.00116548

0.708333 -0.00116548
0.71875 -0.00115949

0.71875 -0.00115949
0.729167 -0.00115404

0.729167 -0.00115403
0.739583 -0.00114914

0.739583 -0.00114913
0.75 -0.00114482

-1.26042 0.00436063
-1.25 0.00428443

0.75 -0.00114482
0.760417 -0.00114111

0.760417 -0.0011411
0.770833 -0.00113803

-1.25 0.00428442
-1.23958 0.00420723

-1.23958 0.00420722
-1.22917 0.0041291

1.97917 -0.00183602
1.98958 -0.00172756

-1.22917 0.00412909
-1.21875 0.00405007

-0.385417 -0.00172323
-0.375 -0.00175649

0.770833 -0.00113803
0.78125 -0.00113563

-0.375 -0.00175648
-0.364583 -0.00178838

0.78125 -0.00113562
0.791667 -0.00113391

1.98958 -0.00172675
2 -0.00161601

-1.21875 0.00405006
-1.20833 0.00397021

-1.20833 0.0039702
-1.19792 0.00388953

0.791667 -0.00113391
0.802083 -0.00113294

0.802083 -0.00113293
0.8125 -0.00113272

-0.364583 -0.00178838
-0.354167 -0.00181894

-0.354167 -0.00181894
-0.34375 -0.00184819

-0.34375 -0.00184818
-0.333333 -0.00187614

2 -0.00160534
2.02083 -0.00142522

0.8125 -0.00113271
0.822917 -0.0011333

-1.19792 0.00388952
-1.1875 0.0038081

-1.1875 0.00380809
-1.17708 0.00372594

2.02083 -0.00142232
2.04167 -0.00131035

2.04167 -0.00129155
2.08333 -0.00129071

0.822917 -0.00113329
0.833333 -0.0011347

2.08333 -0.0013402
2.16667 -0.00173586

-1.17708 0.00372593
-1.16667 0.00364308

-0.333333 -0.00187613
-0.322917 -0.00190282

-0.322917 -0.00190282
-0.3125 -0.00192826

-0.3125 -0.00192825
-0.302083 -0.00195248

-0.302083 -0.00195247
-0.291667 -0.00197549

2.16667 -0.00226312
2.33333 -0.00183974

2.33333 -0.000769022
2.66667 -0.000113894

-1.16667 0.00364307
-1.15625 0.00355957

-1.15625 0.00355956
-1.14583 0.00347543

-1.14583 0.00347542
-1.13542 0.00339071

-0.291667 -0.00197549
-0.28125 -0.00199733

-0.28125 -0.00199732
-0.270833 -0.002018

-1.13542 0.0033907
-1.125 0.00330544

-1.125 0.00330542
-1.11458 0.00321966

-1.11458 0.00321965
-1.10417 0.00313342

-1.10417 0.00313341
-1.09375 0.00304678

-1.09375 0.00304677
-1.08333 0.00295978

-0.270833 -0.002018
-0.260417 -0.00203753

-1.08333 0.00295977
-1.07292 0.00287249

-0.260417 -0.00203753
-0.25 -0.00205593

-1.07292 0.00287247
-1.0625 0.00278496

-1.0625 0.00278494
-1.05208 0.00269726

-1.05208 0.00269724
-1.04167 0.00260944

-1.04167 0.00260942
-1.03125 0.00252157

-0.25 -0.00205593
-0.239583 -0.00207322

-0.239583 -0.00207322
-0.229167 -0.0020894

-1.03125 0.00252155
-1.02083 0.0024337

-1.02083 0.00243369
-1.01042 0.0023459

-0.229167 -0.0020894
-0.21875 -0.00210449

-0.21875 -0.00210449
-0.208333 -0.0021185

-1.01042 0.00234589
-1 0.00225821

-0.208333 -0.0021185
-0.197917 -0.00213143

-0.197917 -0.00213143
-0.1875 -0.0021433

-0.1875 -0.0021433
-0.177083 -0.00215411

-0.177083 -0.0021541
-0.166667 -0.00216387

-1 0.0022582
-0.989583 0.00217068

-0.989583 0.00217067
-0.979167 0.00208337

-0.979167 0.00208336
-0.96875 0.0019963

-0.96875 0.00199629
-0.958333 0.00190952

-0.166667 -0.00216386
-0.15625 -0.00217258

-0.15625 -0.00217258
-0.145833 -0.00218027

-0.958333 0.00190952
-0.947917 0.00182308

-0.947917 0.00182307
-0.9375 0.001737

-0.9375 0.00173699
-0.927083 0.00165131

-0.927083 0.0016513
-0.916667 0.00156605

-0.145833 -0.00218027
-0.135417 -0.00218694

-0.135417 -0.00218694
-0.125 -0.0021926

-0.916667 0.00156605
-0.90625 0.00148125

-0.90625 0.00148125
-0.895833 0.00139694

-0.125 -0.00219259
-0.114583 -0.00219725

-0.114583 -0.00219725
-0.104167 -0.00220093

-0.895833 0.00139694
-0.885417 0.00131315

-0.885417 0.00131314
-0.875 0.0012299

-0.104167 -0.00220092
-0.09375 -0.00220363

-0.09375 -0.00220362
-0.0833333 -0.00220537

-0.875 0.00122989
-0.864583 0.00114721

-0.864583 0.0011472
-0.854167 0.0010651

-0.854167 0.0010651
-0.84375 0.000983602

-0.84375 0.000983598
-0.833333 0.000902722

-0.0833333 -0.00220537
-0.0729167 -0.00220617

-0.0729167 -0.00220617
-0.0625 -0.00220604

-0.0625 -0.00220604
-0.0520833 -0.002205

-0.0520833 -0.002205
-0.0416667 -0.00220307

-0.0416667 -0.00220307
-0.03125 -0.00220027

-0.03125 -0.00220026
-0.0208333 -0.0021966

-0.0208333 -0.0021966
-0.0104167 -0.0021921

-0.0104167 -0.0021921
-1.48319e-16 -0.00218678

