-3.81713 0
-3.5 0.0123826

-3.45238 0
-3.25 0.0272815

-3.25 0.0233913
-3.125 0.0664145

-3.125 0.0728075
-3.0625 0.105343

-3.0625 0.106201
-3.03125 0.121421

-3.03125 0.120563
-3.01995 0.125

-3.02248 0.125
-3 0.134597

-3 0.133618
-2.96875 0.143065

-2.96875 0.142711
-2.95312 0.146579

-2.95312 0.146609
-2.9375 0.150273

-2.9375 0.150269
-2.92188 0.153675

-2.92188 0.153602
-2.90884 0.15625

-2.9103 0.15625
-2.90625 0.157073

-2.90625 0.15684
-2.89062 0.159798

-2.89062 0.159795
-2.875 0.162542

-2.875 0.162541
-2.85938 0.165085

-2.85938 0.165082
-2.84375 0.167434

-2.84375 0.167433
-2.82812 0.169602

-2.82812 0.169599
-2.8125 0.171594

-2.8125 0.171535
-2.8096 0.171875

-2.81018 0.171875
-2.79688 0.173437

-2.79688 0.173426
-2.78125 0.175108

-2.78125 0.175107
-2.76562 0.176637

-2.76562 0.176634
-2.75 0.178019

-2.75 0.178017
-2.73438 0.179265

-2.73438 0.179263
-2.71875 0.180381

-2.71875 0.18038
-2.70312 0.181378

-2.70312 0.181376
-2.6875 0.182261

-2.6875 0.182259
-2.67188 0.183039

-2.67188 0.183038
-2.65625 0.183718

-2.65625 0.183717
-2.64062 0.1843

-2.64062 0.184299
-2.625 0.184788

-2.625 0.184787
-2.60938 0.185187

-2.60938 0.185186
-2.59375 0.185501

-2.59375 0.1855
-2.57812 0.185733

-2.57812 0.185732
-2.5625 0.185885

-2.5625 0.185884
-2.54688 0.185962

-2.54688 0.185961
-2.53125 0.185967

-2.53125 0.185967
-2.51562 0.185906

-2.51562 0.185905
-2.5 0.185781

1.51562 -0.125237
1.51244 -0.125

1.51562 -0.125232
1.53125 -0.126393

1.53125 -0.126393
1.54688 -0.127551

1.54688 -0.127551
1.5625 -0.128704

1.5625 -0.128704
1.57812 -0.129854

1.57812 -0.129854
1.59375 -0.130999

1.59375 -0.130999
1.60938 -0.13214

1.60938 -0.13214
1.625 -0.133277

1.5 -0.124066
1.51253 -0.125

1.625 -0.133277
1.64062 -0.13441

1.64062 -0.13441
1.65625 -0.13554

1.65625 -0.13554
1.67188 -0.136667

1.67188 -0.136667
1.6875 -0.13779

1.6875 -0.13779
1.70312 -0.138908

1.70312 -0.138908
1.71875 -0.140022

1.73438 -0.141124
1.72734 -0.140625

1.71875 -0.140028
1.72717 -0.140625

0 -0.00541041
0.015625 -0.00662667

0.015625 -0.00662651
0.03125 -0.0078404

0.03125 -0.0078402
0.046875 -0.00905246

0.046875 -0.00905223
0.0625 -0.0102637

0.0625 -0.0102636
0.078125 -0.011475

0.078125 -0.0114749
0.09375 -0.0126865

0.09375 -0.0126865
0.109375 -0.0138983

0.109375 -0.0138983
0.125 -0.0151103

0.140625 -0.0163909
0.13075 -0.015625

0.125 -0.0150209
0.13279 -0.015625

0.140625 -0.0163221
0.15625 -0.0175336

0.15625 -0.017533
0.171875 -0.0187459

0.171875 -0.0187457
0.1875 -0.0199614

-0.984375 0.077238
-0.994963 0.078125

-1 0.078602
-0.994307 0.078125

-0.984375 0.0772572
-0.96875 0.0759461

-0.96875 0.0759455
-0.953125 0.0746329

-0.953125 0.0746321
-0.9375 0.0733209

0.1875 -0.0199609
0.203125 -0.021181

0.203125 -0.0211806
0.21875 -0.0224069

0.21875 -0.0224065
0.234375 -0.0236408

0.234375 -0.0236408
0.25 -0.0248838

-0.9375 0.07332
-0.921875 0.0720137

0.25 -0.0248841
0.265625 -0.0261353

0.265625 -0.0261359
0.28125 -0.0273934

0.28125 -0.0273938
0.296875 -0.0286554

0.296875 -0.0286559
0.3125 -0.0299198

0.34375 -0.0324561
0.328862 -0.03125

0.3125 -0.0299197
0.328125 -0.0311852

0.328125 -0.0311292
0.329616 -0.03125

0.34375 -0.032451
0.359375 -0.0337172

1.73438 -0.141129
1.75 -0.142231

-2.5 0.18578
-2.48438 0.185595

-2.48438 0.185594
-2.46875 0.185352

-2.46875 0.185352
-2.45312 0.185054

-2.45312 0.185053
-2.4375 0.184705

-2.4375 0.184703
-2.42188 0.184308

-2.42188 0.184307
-2.40625 0.18387

1.75 -0.142231
1.76562 -0.143328

0.359375 -0.0337176
0.375 -0.034985

1.76562 -0.143329
1.78125 -0.144421

1.78125 -0.144421
1.79688 -0.145508

1.79688 -0.145507
1.8125 -0.146591

0.375 -0.0349852
0.390625 -0.0362523

1.8125 -0.146591
1.82812 -0.147674

-2.40625 0.18387
-2.39062 0.183391

0.390625 -0.0362529
0.40625 -0.037518

-0.921875 0.0720134
-0.90625 0.0707143

0.40625 -0.0375183
0.421875 -0.03878

0.421875 -0.03878
0.4375 -0.0400375

1.82812 -0.147675
1.84375 -0.148758

0.4375 -0.0400374
0.453125 -0.0412907

0.453125 -0.0412908
0.46875 -0.0425399

1.84375 -0.148758
1.85938 -0.149837

-0.90625 0.070715
-0.890625 0.069422

-2.39062 0.183391
-2.375 0.182868

-2.375 0.182867
-2.35938 0.1823

-2.35938 0.182299
-2.34375 0.18169

-2.34375 0.18169
-2.32812 0.181041

-2.32812 0.181041
-2.3125 0.180356

-2.3125 0.180355
-2.29688 0.179636

-2.29688 0.179635
-2.28125 0.178886

-2.28125 0.178885
-2.26562 0.178108

-2.26562 0.178108
-2.25 0.177306

-2.25 0.177306
-2.23438 0.17648

-2.23438 0.17648
-2.21875 0.175633

-2.21875 0.175633
-2.20312 0.174764

-2.20312 0.174764
-2.1875 0.173873

-2.1875 0.173873
-2.17188 0.172961

-2.17188 0.17296
-2.15625 0.172026

-2.14062 0.171072
-2.15375 0.171875

-2.15625 0.172015
-2.15396 0.171875

-2.14062 0.17107
-2.125 0.170096

-2.125 0.170096
-2.10938 0.169105

-2.10938 0.169105
-2.09375 0.168097

-2.09375 0.168097
-2.07812 0.167073

-2.07812 0.167073
-2.0625 0.166032

-2.0625 0.166032
-2.04688 0.164976

-2.04688 0.164976
-2.03125 0.163904

-2.03125 0.163904
-2.01562 0.162816

-2.01562 0.162816
-2 0.161714

1.85938 -0.149837
1.875 -0.150912

-0.890625 0.0694234
-0.875 0.0681325

-0.875 0.068134
-0.859375 0.0668393

-0.859375 0.0668404
-0.84375 0.0655367

0.46875 -0.0425402
0.484375 -0.0437846

0.484375 -0.0437851
0.5 -0.0450233

-2 0.161714
-1.98438 0.160596

-1.98438 0.160596
-1.96875 0.159463

-1.96875 0.159463
-1.95312 0.158315

-1.95312 0.158315
-1.9375 0.157153

-1.92188 0.155977
-1.9255 0.15625

-1.92188 0.155978
-1.90625 0.154792

-1.9375 0.157153
-1.92549 0.15625

-1.90625 0.154792
-1.89062 0.153593

-1.89062 0.153593
-1.875 0.152383

-1.875 0.152383
-1.85938 0.151162

-1.85938 0.151162
-1.84375 0.14993

-1.84375 0.14993
-1.82812 0.148689

-1.82812 0.148689
-1.8125 0.147437

-1.8125 0.147437
-1.79688 0.146176

0.5 -0.0450238
0.515625 -0.0462538

0.53125 -0.0475536
0.522558 -0.046875

0.515625 -0.0461772
0.524563 -0.046875

0.53125 -0.0474741
0.546875 -0.0486829

-0.84375 0.0655369
-0.828125 0.0642215

-0.828125 0.0642212
-0.8125 0.0628943

-1.79688 0.146176
-1.78125 0.144906

-0.796875 0.0615392
-0.808128 0.0625

0.546875 -0.0486819
0.5625 -0.0498813

-0.796875 0.0615587
-0.78125 0.0602205

0.5625 -0.0498808
0.578125 -0.0510739

0.578125 -0.051073
0.59375 -0.0522627

1.875 -0.150912
1.89062 -0.151984

-0.78125 0.0602202
-0.765625 0.0588782

-0.765625 0.0588782
-0.75 0.0575331

1.89062 -0.151983
1.90625 -0.153052

1.90625 -0.153052
1.92188 -0.154118

-0.8125 0.0629368
-0.807384 0.0625

1.92188 -0.154117
1.9375 -0.155181

-1.78125 0.144906
-1.76562 0.143626

-1.76562 0.143625
-1.75 0.142336

0.59375 -0.052262
0.609375 -0.0534513

-1.75 0.142336
-1.73438 0.141038

-1.71875 0.139726
-1.72951 0.140625

-1.73438 0.14105
-1.72928 0.140625

-0.75 0.057533
-0.734375 0.056185

-1.71875 0.139732
-1.70312 0.13842

-1.70312 0.13842
-1.6875 0.137099

-0.734375 0.0561846
-0.71875 0.0548348

0.609375 -0.0534507
0.625 -0.0546421

1.96875 -0.157294
1.95328 -0.15625

-0.71875 0.0548341
-0.703125 0.0534846

1.9375 -0.155183
1.95312 -0.156242

-0.703125 0.0534841
-0.6875 0.0521371

-0.6875 0.0521369
-0.671875 0.0507938

-1.6875 0.137099
-1.67188 0.135771

-0.671875 0.0507941
-0.65625 0.0494548

1.95312 -0.15624
1.95327 -0.15625

0.625 -0.0546418
0.640625 -0.0558372

-1.67188 0.135771
-1.65625 0.134436

0.640625 -0.0558368
0.65625 -0.0570375

-1.65625 0.134436
-1.64062 0.133093

1.96875 -0.157295
1.98438 -0.158348

-1.64062 0.133093
-1.625 0.131744

-0.65625 0.049455
-0.640625 0.0481187

0.65625 -0.0570373
0.671875 -0.0582444

1.98438 -0.158348
2 -0.159398

0.671875 -0.0582444
0.6875 -0.0594582

-0.625 0.0467766
-0.626153 0.046875

0.734375 -0.0632442
0.724951 -0.0625

0.734375 -0.0631404
0.75 -0.0643799

0.6875 -0.0594582
0.703125 -0.0606787

0.703125 -0.0606788
0.71875 -0.061906

-0.640625 0.0481193
-0.626047 0.046875

0.71875 -0.0617946
0.727683 -0.0625

-1.54688 0.124896
-1.54805 0.125

-1.54688 0.124898
-1.53125 0.123516

-1.53125 0.123516
-1.51562 0.122134

-1.51562 0.122134
-1.5 0.120752

0.75 -0.0643794
0.765625 -0.0656241

-0.625 0.0467848
-0.609375 0.0454543

0.765625 -0.0656244
0.78125 -0.0668748

-1.625 0.131744
-1.60938 0.130388

-1.60938 0.130389
-1.59375 0.129026

-0.609375 0.0454552
-0.59375 0.0441269

0.78125 -0.0668745
0.796875 -0.0681303

0.796875 -0.0681302
0.8125 -0.0693924

-0.59375 0.0441268
-0.578125 0.0427991

-0.578125 0.0427995
-0.5625 0.0414719

-1.59375 0.129026
-1.57812 0.127656

-1.57812 0.127656
-1.5625 0.12628

0.8125 -0.0693919
0.828125 -0.0706614

0.828125 -0.0706614
0.84375 -0.0719391

0.84375 -0.0719393
0.859375 -0.073225

0.859375 -0.0732261
0.875 -0.0745172

-1.5625 0.12628
-1.54802 0.125

0.875 -0.0745179
0.890625 -0.0758108

0.890625 -0.0758115
0.90625 -0.0771036

-0.5625 0.0414718
-0.546875 0.0401438

2 -0.159398
2.01562 -0.160443

0.921875 -0.0786624
0.915384 -0.078125

2.01562 -0.160443
2.03125 -0.161483

-0.546875 0.0401438
-0.53125 0.0388153

2.03125 -0.161483
2.04688 -0.162518

-0.53125 0.0388152
-0.515625 0.0374865

-0.515625 0.0374865
-0.5 0.036158

2.04688 -0.162518
2.0625 -0.163547

2.0625 -0.163548
2.07812 -0.16457

-1.5 0.120752
-1.48438 0.119372

2.07812 -0.164571
2.09375 -0.165582

0.90625 -0.0770013
0.919824 -0.078125

-1.48438 0.119371
-1.46875 0.117992

0.921875 -0.0783964
0.9375 -0.0796927

2.09375 -0.165583
2.10938 -0.166579

2.10938 -0.16658
2.125 -0.167558

-1.46875 0.117992
-1.45312 0.116615

-1.45312 0.116615
-1.4375 0.115242

-0.0625 -0.000554579
-0.069495 0

-0.0625 -0.000514612
-0.046875 -0.00174535

-0.046875 -0.00174455
-0.03125 -0.00296992

-1.4375 0.115242
-1.42188 0.113874

-1.42188 0.113874
-1.40625 0.112513

2.125 -0.167558
2.14062 -0.168513

2.14062 -0.168513
2.15625 -0.169446

0.9375 -0.0796903
0.953125 -0.0809921

0.953125 -0.0809926
0.96875 -0.0823037

-0.03125 -0.00296979
-0.015625 -0.00419163

-0.015625 -0.00419147
0 -0.00541039

-1.40625 0.112513
-1.39062 0.111157

-1.39062 0.111158
-1.375 0.109808

2.15625 -0.169445
2.17188 -0.170357

-1.35938 0.108448
-1.37015 0.109375

-1.375 0.10984
-1.36959 0.109375

2.17188 -0.170358
2.1875 -0.171249

0.96875 -0.082304
0.984375 -0.0836227

2.20312 -0.172083
2.19932 -0.171875

2.1875 -0.171266
2.19861 -0.171875

-1.35938 0.108465
-1.34375 0.107127

-0.5 0.036158
-0.484375 0.0348296

0.984375 -0.0836243
1 -0.084947

-0.484375 0.0348299
-0.46875 0.0335009

2.20312 -0.172108
2.21875 -0.172927

-1.34375 0.107128
-1.32812 0.105794

2.21875 -0.172927
2.23438 -0.173719

-0.4375 0.0308074
-0.442696 0.03125

2.23438 -0.173719
2.25 -0.174484

-1.32812 0.105794
-1.3125 0.104463

-1.3125 0.104463
-1.29688 0.103136

-1.29688 0.103135
-1.28125 0.101813

-1.28125 0.101812
-1.26562 0.100496

2.25 -0.174484
2.26562 -0.175221

-1.26562 0.100495
-1.25 0.0991853

-0.46875 0.0335011
-0.453125 0.0321707

-0.453125 0.0321847
-0.442152 0.03125

2.26562 -0.175221
2.28125 -0.17593

2.28125 -0.17593
2.29688 -0.176609

2.29688 -0.176609
2.3125 -0.177258

-0.4375 0.0308391
-0.421875 0.0295086

2.3125 -0.177259
2.32812 -0.177876

-1.25 0.0991853
-1.23438 0.0978823

2.32812 -0.177876
2.34375 -0.178459

-0.421875 0.029509
-0.40625 0.0281782

-1.23438 0.0978826
-1.21875 0.0965863

2.34375 -0.17846
2.35938 -0.179005

-0.40625 0.028178
-0.390625 0.0268462

2.35938 -0.179006
2.375 -0.179513

-1.21875 0.0965865
-1.20312 0.0952959

-1.20312 0.0952964
-1.1875 0.0940098

2.375 -0.179513
2.39062 -0.179978

-1.17188 0.0927135
-1.18451 0.09375

2.39062 -0.179978
2.40625 -0.180398

-0.390625 0.0268463
-0.375 0.0255138

-1.17188 0.092728
-1.15625 0.0914495

-1.1875 0.0940581
-1.18375 0.09375

1 -0.0849484
1.01562 -0.0862692

-1.15625 0.0914497
-1.14062 0.0901723

2.40625 -0.180399
2.42188 -0.180772

1.01562 -0.0862707
1.03125 -0.087584

2.42188 -0.180773
2.4375 -0.181096

2.4375 -0.181097
2.45312 -0.181367

2.45312 -0.181368
2.46875 -0.181582

2.46875 -0.181583
2.48438 -0.181736

-1.14062 0.0901727
-1.125 0.0888952

2.48438 -0.181738
2.5 -0.181827

1.03125 -0.0875844
1.04688 -0.0888863

-0.375 0.0255136
-0.359375 0.0241804

-0.359375 0.0241803
-0.34375 0.0228469

1.04688 -0.088887
1.0625 -0.090175

-1.125 0.0888955
-1.10938 0.0876164

-1.10938 0.0876167
-1.09375 0.0863349

1.0625 -0.0901748
1.07812 -0.0914479

1.07812 -0.0914482
1.09375 -0.0927061

2.5 -0.181828
2.51562 -0.181846

1.10938 -0.0942578
1.10301 -0.09375

1.10938 -0.0939527
1.125 -0.0951883

1.09375 -0.0926044
1.10811 -0.09375

-0.34375 0.0228468
-0.328125 0.0215138

-0.328125 0.0215138
-0.3125 0.0201816

-1.09375 0.086335
-1.07812 0.0850499

-0.3125 0.0201817
-0.296875 0.0188501

-1.07812 0.0850499
-1.0625 0.0837615

-0.296875 0.0188499
-0.28125 0.0175193

2.51562 -0.181847
2.53125 -0.181787

-0.28125 0.0175191
-0.265625 0.0161904

-0.25 0.0148397
-0.259268 0.015625

1.125 -0.0951858
1.14062 -0.0964106

2.53125 -0.181788
2.54688 -0.181645

1.14062 -0.0964112
1.15625 -0.0976292

2.54688 -0.181645
2.5625 -0.181415

1.15625 -0.0976285
1.17188 -0.0988396

-0.265625 0.0162233
-0.258563 0.015625

1.17188 -0.0988392
1.1875 -0.100046

-1.0625 0.0837616
-1.04688 0.0824694

1.1875 -0.100045
1.20312 -0.101249

-0.25 0.0148657
-0.234375 0.0135486

-0.234375 0.0135485
-0.21875 0.0122377

-1.04688 0.0824696
-1.03125 0.0811732

-0.21875 0.0122377
-0.203125 0.0109331

-1.03125 0.0811731
-1.01562 0.0798723

1.20312 -0.101248
1.21875 -0.102452

-0.203125 0.0109333
-0.1875 0.00963481

1.21875 -0.102451
1.23438 -0.103656

-1.01562 0.0798725
-1 0.0785668

1.23438 -0.103655
1.25 -0.104863

-0.1875 0.00963495
-0.171875 0.00834197

-0.171875 0.00834202
-0.15625 0.00705416

-0.15625 0.00705388
-0.140625 0.0057716

-0.140625 0.00577119
-0.125 0.00449584

1.25 -0.104862
1.26562 -0.106073

1.26562 -0.106073
1.28125 -0.107287

1.28125 -0.107288
1.29688 -0.108503

1.3125 -0.109749
1.3077 -0.109375

-0.125 0.00449545
-0.109375 0.00322864

1.29688 -0.108491
1.30823 -0.109375

1.3125 -0.10972
1.32812 -0.110937

1.32812 -0.110937
1.34375 -0.112151

1.34375 -0.112152
1.35938 -0.113364

1.35938 -0.113364
1.375 -0.114573

-0.109375 0.00322851
-0.09375 0.00197128

-0.09375 0.00197149
-0.078125 0.000723662

2.5625 -0.181416
2.57812 -0.181097

-0.078125 0.000752209
-0.0686372 0

1.375 -0.114573
1.39062 -0.115779

1.39062 -0.115779
1.40625 -0.11698

1.40625 -0.11698
1.42188 -0.118176

2.57812 -0.181098
2.59375 -0.180686

2.59375 -0.180687
2.60938 -0.180176

2.60938 -0.180177
2.625 -0.179563

1.42188 -0.118177
1.4375 -0.119367

2.625 -0.179565
2.64062 -0.17884

1.4375 -0.119367
1.45312 -0.120551

1.45312 -0.120551
1.46875 -0.121728

2.64062 -0.178842
2.65625 -0.177997

2.65625 -0.177999
2.67188 -0.177026

2.67188 -0.177026
2.6875 -0.17592

2.6875 -0.175919
2.70312 -0.174684

1.46875 -0.121728
1.48438 -0.1229

1.48438 -0.122899
1.5 -0.124067

2.70312 -0.174687
2.71875 -0.173316

2.71875 -0.173452
2.73438 -0.171943

2.72766 -0.171875
2.73438 -0.171227

2.73438 -0.173183
2.74678 -0.171875

2.73438 -0.171289
2.75 -0.16964

2.75 -0.172826
2.75826 -0.171875

2.75 -0.16991
2.76562 -0.168111

2.76562 -0.172154
2.76785 -0.171875

2.76562 -0.168344
2.78125 -0.166388

2.78125 -0.166407
2.79688 -0.16429

2.79688 -0.164292
2.8125 -0.162011

2.8125 -0.162017
2.82812 -0.159555

2.82812 -0.159668
2.84375 -0.157011

2.83921 -0.15625
2.84375 -0.155478

2.84375 -0.158884
2.8581 -0.15625

2.85938 -0.158168
2.86903 -0.15625

2.84375 -0.155697
2.85938 -0.152829

2.85938 -0.15345
2.875 -0.150347

2.875 -0.156711
2.87712 -0.15625

2.875 -0.15091
2.89062 -0.147559

2.89062 -0.147597
2.90625 -0.143978

2.90625 -0.144359
2.92121 -0.140625

2.91493 -0.140625
2.92188 -0.138892

2.92188 -0.142857
2.93019 -0.140625

2.92188 -0.139493
2.9375 -0.135299

2.9375 -0.135896
2.95312 -0.131384

2.95312 -0.131271
2.96875 -0.126661

2.96875 -0.128418
2.97785 -0.125

2.97292 -0.125
3 -0.114836

3 -0.11517
3.03125 -0.10051

3.03125 -0.0996029
3.04208 -0.09375

3.0439 -0.09375
3.0625 -0.0837006

3.0625 -0.0818152
3.10147 -0.0625

3.10375 -0.0625
3.125 -0.0519689

3.125 -0.0471078
3.25 -0.0100829

3.25 -0.0151299
3.41 0

3.5 -0.0117531
3.9735 0

