-3.93222 0
-3.5 4.66047e-05

-3.5 3.13131e-06
-3.25 4.78738e-05

-3.25 5.43258e-06
-3.125 8.66733e-05

-1.5 0.00195419
-1.48438 0.00192879

-1.48438 0.00192878
-1.46875 0.00190338

-1.46875 0.00190337
-1.45312 0.00187797

-3.125 2.97416e-05
-3.0625 0.000150635

-3.0625 0.00011367
-3.03125 0.000266558

-3.03125 0.000307574
-3 0.000544801

-1.45312 0.00187797
-1.4375 0.00185259

-3 0.000546279
-2.98438 0.000665225

-1.4375 0.00185259
-1.42188 0.00182724

-1.42188 0.00182724
-1.40625 0.00180193

-2.98438 0.000665568
-2.96875 0.000781206

-2.96875 0.00078116
-2.95312 0.000892893

-2.95312 0.000892924
-2.9375 0.00100078

-1.40625 0.00180192
-1.39062 0.00177666

-1.39062 0.00177665
-1.375 0.00175144

-2.9375 0.00100077
-2.92188 0.00110472

-2.92188 0.00110472
-2.90625 0.00120482

-2.90625 0.0012048
-2.89062 0.00130109

-2.89062 0.00130108
-2.875 0.00139362

-1.375 0.00175143
-1.35938 0.00172628

-1.35938 0.00172628
-1.34375 0.00170119

-2.875 0.0013936
-2.85938 0.00148245

-1.34375 0.00170119
-1.32812 0.00167617

-1.32812 0.00167617
-1.3125 0.00165124

-2.85938 0.00148244
-2.84375 0.00156767

-1.3125 0.00165123
-1.29688 0.00162639

-1.29688 0.00162639
-1.28125 0.00160163

-2.84375 0.00156765
-2.82812 0.00164933

-1.28125 0.00160163
-1.26562 0.00157697

-1.26562 0.00157697
-1.25 0.00155242

1.5 -0.00194616
1.51562 -0.00197186

1.51562 -0.00197186
1.53125 -0.00199754

1.53125 -0.00199755
1.54688 -0.0020232

1.54688 -0.0020232
1.5625 -0.00204881

1.5625 -0.00204882
1.57812 -0.00207437

1.57812 -0.00207437
1.59375 -0.00209985

1.59375 -0.00209985
1.60938 -0.00212523

1.60938 -0.00212524
1.625 -0.0021505

-2.82812 0.00164932
-2.8125 0.00172752

1.625 -0.00215051
1.64062 -0.00217564

1.64062 -0.00217565
1.65625 -0.00220063

1.65625 -0.00220064
1.67188 -0.00222546

1.67188 -0.00222546
1.6875 -0.0022501

0.015625 -9.75463e-06
0.00602416 0

0.015625 -1.00819e-05
0.03125 -2.59589e-05

0.03125 -2.5958e-05
0.046875 -4.18402e-05

0.046875 -4.18393e-05
0.0625 -5.77306e-05

0.0625 -5.77296e-05
0.078125 -7.36338e-05

0.078125 -7.36329e-05
0.09375 -8.95539e-05

0.09375 -8.95529e-05
0.109375 -0.000105494

0.109375 -0.000105494
0.125 -0.000121459

0.125 -0.000121458
0.140625 -0.000137452

0.140625 -0.000137451
0.15625 -0.000153475

0.15625 -0.000153474
0.171875 -0.000169532

0.171875 -0.000169531
0.1875 -0.000185626

0.1875 -0.000185625
0.203125 -0.000201759

0.203125 -0.000201758
0.21875 -0.000217933

1.6875 -0.0022501
1.70312 -0.00227454

1.70312 -0.00227455
1.71875 -0.00229877

1.71875 -0.00229877
1.73438 -0.00232277

1.73438 -0.00232277
1.75 -0.00234652

1.75 -0.00234653
1.76562 -0.00237002

1.76562 -0.00237002
1.78125 -0.00239324

1.78125 -0.00239325
1.79688 -0.00241618

1.79688 -0.00241618
1.8125 -0.0024388

1.8125 -0.00243881
1.82812 -0.0024611

1.82812 -0.00246111
1.84375 -0.00248306

1.84375 -0.00248306
1.85938 -0.00250465

1.85938 -0.00250466
1.875 -0.00252586

1.875 -0.00252587
1.89062 -0.00254666

1.89062 -0.00254667
1.90625 -0.00256703

1.90625 -0.00256704
1.92188 -0.00258695

1.92188 -0.00258696
1.9375 -0.00260639

1.9375 -0.0026064
1.95312 -0.00262533

1.95312 -0.00262533
1.96875 -0.00264373

1.96875 -0.00264373
1.98438 -0.00266156

1.98438 -0.00266157
2 -0.0026788

0.21875 -0.000217933
0.234375 -0.000234151

2 -0.00267881
2.01562 -0.00269541

2.01562 -0.00269541
2.03125 -0.00271136

2.03125 -0.00271136
2.04688 -0.00272661

2.04688 -0.00272662
2.0625 -0.00274114

0.234375 -0.000234151
0.25 -0.000250414

2.0625 -0.00274115
2.07812 -0.00275491

-1.25 0.00155242
-1.23438 0.00152796

2.07812 -0.00275491
2.09375 -0.00276788

2.09375 -0.00276789
2.10938 -0.00278004

2.10938 -0.00278005
2.125 -0.00279134

-1.23438 0.00152796
-1.21875 0.00150362

2.125 -0.00279135
2.14062 -0.00280175

-1.21875 0.00150362
-1.20312 0.00147937

-1.20312 0.00147937
-1.1875 0.00145524

-1.1875 0.00145524
-1.17188 0.0014312

-1.17188 0.0014312
-1.15625 0.00140727

-2.8125 0.0017275
-2.79688 0.00180231

-2.79688 0.0018023
-2.78125 0.00187379

-2.78125 0.00187377
-2.76562 0.00194201

0.25 -0.000250414
0.265625 -0.000266725

0.265625 -0.000266724
0.28125 -0.000283083

0.28125 -0.000283083
0.296875 -0.000299491

0.296875 -0.00029949
0.3125 -0.000315949

0.3125 -0.000315949
0.328125 -0.000332459

0.328125 -0.000332459
0.34375 -0.000349022

0.34375 -0.000349022
0.359375 -0.00036564

0.359375 -0.00036564
0.375 -0.000382315

0.375 -0.000382315
0.390625 -0.00039905

0.390625 -0.000399049
0.40625 -0.000415846

0.40625 -0.000415845
0.421875 -0.00043271

0.421875 -0.000432709
0.4375 -0.000449645

0.4375 -0.000449644
0.453125 -0.000466658

0.453125 -0.000466656
0.46875 -0.000483755

0.46875 -0.000483753
0.484375 -0.000500943

0.484375 -0.000500941
0.5 -0.000518231

0 5.2008e-06
0.0051188 0

0.5 -0.000518229
0.515625 -0.000535627

0.515625 -0.000535625
0.53125 -0.00055314

0.53125 -0.000553138
0.546875 -0.000570779

0.546875 -0.000570777
0.5625 -0.000588553

0.5625 -0.000588551
0.578125 -0.000606471

0.578125 -0.000606469
0.59375 -0.000624542

0.59375 -0.00062454
0.609375 -0.000642774

0.609375 -0.000642773
0.625 -0.000661175

0.625 -0.000661173
0.640625 -0.000679751

-2.76562 0.00194199
-2.75 0.00200707

0.640625 -0.00067975
0.65625 -0.00069851

0.65625 -0.000698508
0.671875 -0.000717456

-2.75 0.00200705
-2.73438 0.00206904

-2.73438 0.00206902
-2.71875 0.00212798

-2.71875 0.00212796
-2.70312 0.00218398

2.14062 -0.00280176
2.15625 -0.00281124

-1.15625 0.00140728
-1.14062 0.00138345

2.15625 -0.00281125
2.17188 -0.00281978

2.17188 -0.00281979
2.1875 -0.00282732

-1.14062 0.00138345
-1.125 0.00135972

0.671875 -0.000717455
0.6875 -0.000736596

2.1875 -0.00282733
2.20312 -0.00283384

2.20312 -0.00283384
2.21875 -0.00283928

2.21875 -0.00283929
2.23438 -0.00284362

2.23438 -0.00284363
2.25 -0.00284681

-2.70312 0.00218396
-2.6875 0.0022371

-1.125 0.00135972
-1.10938 0.00133608

-2.6875 0.00223708
-2.67188 0.00228743

-2.67188 0.00228742
-2.65625 0.00233504

2.25 -0.00284682
2.26562 -0.00284881

2.26562 -0.00284882
2.28125 -0.00284957

-2.65625 0.00233502
-2.64062 0.00238

2.28125 -0.00284958
2.29688 -0.00284905

2.29688 -0.00284906
2.3125 -0.0028472

2.3125 -0.00284721
2.32812 -0.00284396

2.32812 -0.00284397
2.34375 -0.0028393

-1.10938 0.00133608
-1.09375 0.00131255

-1.09375 0.00131255
-1.07812 0.00128911

-1.07812 0.00128911
-1.0625 0.00126576

-1.0625 0.00126576
-1.04688 0.00124252

-1.04688 0.00124252
-1.03125 0.00121938

-2.64062 0.00237999
-2.625 0.00242239

-2.625 0.00242237
-2.60938 0.00246226

-2.60938 0.00246225
-2.59375 0.0024997

-2.59375 0.00249968
-2.57812 0.00253476

-2.57812 0.00253474
-2.5625 0.00256751

-2.5625 0.00256749
-2.54688 0.00259801

-2.54688 0.00259799
-2.53125 0.00262632

-2.53125 0.00262631
-2.51562 0.00265252

-2.51562 0.00265251
-2.5 0.00267666

-2.5 0.00267665
-2.48438 0.00269881

-2.48438 0.0026988
-2.46875 0.00271903

-2.46875 0.00271902
-2.45312 0.00273738

-2.45312 0.00273736
-2.4375 0.0027539

-2.4375 0.00275389
-2.42188 0.00276867

-2.42188 0.00276865
-2.40625 0.00278172

-2.40625 0.00278171
-2.39062 0.00279312

0.6875 -0.000736595
0.703125 -0.000755933

-1.03125 0.00121937
-1.01562 0.00119634

0.703125 -0.000755932
0.71875 -0.000775471

0.71875 -0.00077547
0.734375 -0.000795212

-1.01562 0.00119634
-1 0.00117342

0.734375 -0.000795212
0.75 -0.00081516

-2.39062 0.00279311
-2.375 0.00280291

-2.375 0.0028029
-2.35938 0.00281114

-2.35938 0.00281113
-2.34375 0.00281786

-2.34375 0.00281785
-2.32812 0.00282312

-2.32812 0.00282311
-2.3125 0.00282696

-2.3125 0.00282695
-2.29688 0.00282943

-2.29688 0.00282942
-2.28125 0.00283058

-2.28125 0.00283057
-2.26562 0.00283046

-2.26562 0.00283044
-2.25 0.0028291

-2.25 0.00282909
-2.23438 0.00282656

-2.23438 0.00282655
-2.21875 0.00282288

2.34375 -0.00283931
2.35938 -0.00283316

2.35938 -0.00283317
2.375 -0.00282549

2.375 -0.00282551
2.39062 -0.00281625

2.39062 -0.00281626
2.40625 -0.00280538

2.40625 -0.0028054
2.42188 -0.00279284

2.42188 -0.00279285
2.4375 -0.00277856

2.4375 -0.00277858
2.45312 -0.0027625

2.45312 -0.00276251
2.46875 -0.0027446

2.46875 -0.00274461
2.48438 -0.0027248

2.48438 -0.00272481
2.5 -0.00270303

2.5 -0.00270305
2.51562 -0.00267925

2.51562 -0.00267926
2.53125 -0.00265337

2.53125 -0.00265339
2.54688 -0.00262535

2.54688 -0.00262536
2.5625 -0.0025951

2.5625 -0.00259512
2.57812 -0.00256257

2.57812 -0.00256258
2.59375 -0.00252768

-2.21875 0.00282287
-2.20312 0.00281809

-2.20312 0.00281808
-2.1875 0.00281224

-2.1875 0.00281223
-2.17188 0.00280536

-2.17188 0.00280535
-2.15625 0.00279749

-2.15625 0.00279749
-2.14062 0.00278867

-2.14062 0.00278866
-2.125 0.00277893

-2.125 0.00277892
-2.10938 0.00276829

-2.10938 0.00276828
-2.09375 0.0027568

-2.09375 0.00275679
-2.07812 0.00274448

-2.07812 0.00274448
-2.0625 0.00273137

-2.0625 0.00273136
-2.04688 0.0027175

-2.04688 0.00271749
-2.03125 0.00270289

-2.03125 0.00270288
-2.01562 0.00268759

-2.01562 0.00268758
-2 0.00267161

2.59375 -0.0025277
2.60938 -0.00249038

-2 0.0026716
-1.98438 0.002655

-1.98438 0.002655
-1.96875 0.00263779

2.60938 -0.0024904
2.625 -0.00245059

-1 0.00117341
-0.984375 0.00115061

-0.984375 0.00115061
-0.96875 0.00112793

-0.96875 0.00112793
-0.953125 0.00110539

-0.953125 0.00110538
-0.9375 0.00108298

-1.96875 0.00263779
-1.95312 0.00262001

-1.95312 0.00262
-1.9375 0.00260168

-1.9375 0.00260168
-1.92188 0.00258284

-1.92188 0.00258284
-1.90625 0.00256351

-1.90625 0.00256351
-1.89062 0.00254372

-1.89062 0.00254372
-1.875 0.00252349

-1.875 0.00252349
-1.85938 0.00250284

-1.85938 0.00250284
-1.84375 0.0024818

-1.84375 0.0024818
-1.82812 0.00246039

-1.82812 0.00246038
-1.8125 0.00243862

-1.8125 0.00243861
-1.79688 0.00241651

-1.79688 0.00241651
-1.78125 0.00239409

-1.78125 0.00239409
-1.76562 0.00237137

-1.76562 0.00237136
-1.75 0.00234836

-1.75 0.00234835
-1.73438 0.00232508

-1.73438 0.00232508
-1.71875 0.00230154

-1.71875 0.00230154
-1.70312 0.00227777

-1.70312 0.00227777
-1.6875 0.00225377

-1.6875 0.00225377
-1.67188 0.00222956

-1.67188 0.00222955
-1.65625 0.00220515

-1.65625 0.00220515
-1.64062 0.00218057

-1.64062 0.00218056
-1.625 0.00215582

-1.625 0.00215582
-1.60938 0.00213093

-1.60938 0.00213093
-1.59375 0.00210592

-1.59375 0.00210591
-1.57812 0.0020808

-1.57812 0.00208079
-1.5625 0.00205559

-1.5625 0.00205558
-1.54688 0.00203031

-1.54688 0.0020303
-1.53125 0.00200497

-1.53125 0.00200497
-1.51562 0.0019796

-1.51562 0.00197959
-1.5 0.0019542

2.625 -0.00245061
2.64062 -0.00240825

2.64062 -0.00240826
2.65625 -0.00236327

2.65625 -0.00236329
2.67188 -0.0023156

2.67188 -0.00231562
2.6875 -0.00226515

-0.9375 0.00108298
-0.921875 0.00106073

-0.921875 0.00106073
-0.90625 0.00103864

-0.90625 0.00103864
-0.890625 0.00101672

-0.890625 0.00101671
-0.875 0.000994966

0.75 -0.000815159
0.765625 -0.000835314

0.765625 -0.000835314
0.78125 -0.000855675

2.6875 -0.00226517
2.70312 -0.00221184

2.70312 -0.00221186
2.71875 -0.0021556

2.71875 -0.00215562
2.73438 -0.00209635

2.73438 -0.00209637
2.75 -0.002034

0.78125 -0.000855676
0.796875 -0.000876244

0.796875 -0.000876244
0.8125 -0.000897017

-0.875 0.000994964
-0.859375 0.000973396

-0.859375 0.000973395
-0.84375 0.000952014

-0.84375 0.000952013
-0.828125 0.000930824

-0.828125 0.000930823
-0.8125 0.000909831

-0.8125 0.00090983
-0.796875 0.000889037

-0.796875 0.000889036
-0.78125 0.000868446

-0.78125 0.000868445
-0.765625 0.000848059

0.8125 -0.000897018
0.828125 -0.000917994

-0.765625 0.000848058
-0.75 0.000827876

2.75 -0.00203402
2.76562 -0.00196849

2.76562 -0.00196851
2.78125 -0.00189973

-0.75 0.000827876
-0.734375 0.000807899

-0.734375 0.000807899
-0.71875 0.000788125

0.828125 -0.000917995
0.84375 -0.00093917

2.78125 -0.00189975
2.79688 -0.00182765

2.79688 -0.00182767
2.8125 -0.00175215

0.84375 -0.000939172
0.859375 -0.000960543

0.859375 -0.000960544
0.875 -0.000982107

-0.71875 0.000788125
-0.703125 0.000768553

-0.703125 0.000768554
-0.6875 0.000749181

0.875 -0.000982108
0.890625 -0.00100386

0.890625 -0.00100386
0.90625 -0.00102578

0.90625 -0.00102579
0.921875 -0.00104788

0.921875 -0.00104789
0.9375 -0.00107015

-0.6875 0.000749182
-0.671875 0.000730005

-0.671875 0.000730006
-0.65625 0.000711022

-0.65625 0.000711023
-0.640625 0.000692226

-0.640625 0.000692227
-0.625 0.000673611

-0.625 0.000673613
-0.609375 0.000655172

-0.609375 0.000655174
-0.59375 0.000636902

-0.59375 0.000636904
-0.578125 0.000618793

-0.578125 0.000618795
-0.5625 0.000600837

0.9375 -0.00107015
0.953125 -0.00109257

0.953125 -0.00109257
0.96875 -0.00111514

-0.5625 0.00060084
-0.546875 0.000583026

2.8125 -0.00175217
2.82812 -0.00167316

-0.546875 0.000583028
-0.53125 0.000565351

0.96875 -0.00111514
0.984375 -0.00113784

-0.53125 0.000565353
-0.515625 0.000547803

2.82812 -0.00167318
2.84375 -0.00159059

-0.515625 0.000547805
-0.5 0.000530372

0.984375 -0.00113785
1 -0.00116068

2.84375 -0.00159062
2.85938 -0.00150437

2.85938 -0.00150438
2.875 -0.0014144

2.875 -0.00141442
2.89062 -0.00132062

2.89062 -0.00132063
2.90625 -0.00122293

-0.5 0.000530375
-0.484375 0.000513051

-0.484375 0.000513053
-0.46875 0.000495831

2.90625 -0.00122296
2.92188 -0.00112129

1 -0.00116068
1.01562 -0.00118365

2.92188 -0.0011213
2.9375 -0.0010156

-0.46875 0.000495833
-0.453125 0.000478703

-0.453125 0.000478705
-0.4375 0.00046166

1.01562 -0.00118365
1.03125 -0.00120673

2.9375 -0.00101563
2.95312 -0.000905819

-0.4375 0.000461661
-0.421875 0.000444696

1.03125 -0.00120673
1.04688 -0.00122992

-0.421875 0.000444697
-0.40625 0.000427804

2.95312 -0.00090579
2.96875 -0.000791874

-0.40625 0.000427805
-0.390625 0.00041098

1.04688 -0.00122992
1.0625 -0.00125322

2.96875 -0.000791918
2.98438 -0.000673866

2.98438 -0.000673546
3 -0.000551909

1.0625 -0.00125322
1.07812 -0.00127663

1.07812 -0.00127663
1.09375 -0.00130013

-0.390625 0.000410981
-0.375 0.00039422

3 -0.000550477
3.03125 -0.000307044

3.03125 -0.000264669
3.0625 -0.000107219

3.0625 -0.000144591
3.125 -2.16726e-05

3.125 -8.14624e-05
3.25 -1.67794e-06

1.09375 -0.00130013
1.10938 -0.00132374

1.10938 -0.00132374
1.125 -0.00134746

-0.375 0.00039422
-0.359375 0.00037752

1.125 -0.00134745
1.14062 -0.00137127

1.14062 -0.00137127
1.15625 -0.00139519

3.25 -4.59582e-05
3.5 -4.81732e-06

-0.359375 0.00037752
-0.34375 0.000360878

1.15625 -0.00139519
1.17188 -0.00141922

1.17188 -0.00141922
1.1875 -0.00144335

1.1875 -0.00144335
1.20312 -0.0014676

1.20312 -0.0014676
1.21875 -0.00149196

1.21875 -0.00149196
1.23438 -0.00151643

1.23438 -0.00151643
1.25 -0.00154102

3.5 -4.80485e-05
4 -3.51534e-07

1.25 -0.00154102
1.26562 -0.00156572

1.26562 -0.00156572
1.28125 -0.00159052

1.28125 -0.00159052
1.29688 -0.00161544

1.29688 -0.00161544
1.3125 -0.00164045

1.3125 -0.00164045
1.32812 -0.00166556

1.32812 -0.00166556
1.34375 -0.00169076

1.34375 -0.00169076
1.35938 -0.00171604

1.35938 -0.00171604
1.375 -0.0017414

-0.34375 0.000360878
-0.328125 0.000344291

1.375 -0.00174141
1.39062 -0.00176684

1.39062 -0.00176684
1.40625 -0.00179233

1.40625 -0.00179233
1.42188 -0.00181788

1.42188 -0.00181788
1.4375 -0.00184347

1.4375 -0.00184348
1.45312 -0.00186911

1.45312 -0.00186911
1.46875 -0.00189477

1.46875 -0.00189478
1.48438 -0.00192046

1.48438 -0.00192046
1.5 -0.00194616

-0.328125 0.000344291
-0.3125 0.000327758

-0.3125 0.000327758
-0.296875 0.000311278

-0.296875 0.000311278
-0.28125 0.00029485

-0.28125 0.00029485
-0.265625 0.000278471

-0.265625 0.000278472
-0.25 0.000262142

-0.25 0.000262142
-0.234375 0.000245861

-0.234375 0.000245861
-0.21875 0.000229626

-0.21875 0.000229626
-0.203125 0.000213436

-0.203125 0.000213436
-0.1875 0.000197288

-0.1875 0.000197289
-0.171875 0.000181181

-0.171875 0.000181181
-0.15625 0.000165112

-0.15625 0.000165112
-0.140625 0.000149077

-0.140625 0.000149078
-0.125 0.000133076

-0.125 0.000133076
-0.109375 0.000117103

-0.109375 0.000117103
-0.09375 0.000101155

-0.09375 0.000101156
-0.078125 8.52292e-05

-0.078125 8.52301e-05
-0.0625 6.93213e-05

-0.0625 6.93223e-05
-0.046875 5.34276e-05

-0.046875 5.34286e-05
-0.03125 3.75441e-05

-0.03125 3.75449e-05
-0.015625 2.16669e-05

-0.015625 2.16679e-05
0 5.79243e-06

