-3.95629 0
-3.5 0.000486993

-3.5 5.19404e-05
-3.25 0.000494414

-3.25 8.44745e-05
-3.125 0.000887989

-3.125 0.000366928
-3.0625 0.00153797

-3.0625 0.0012425
-3.03125 0.00267077

-3.03125 0.00304203
-3 0.0051615

1.5 -0.0353886
1.51562 -0.0356283

1.51562 -0.0356283
1.53125 -0.0358619

1.53125 -0.0358619
1.54688 -0.0360892

-3 0.00516047
-2.98438 0.00620007

-2.98438 0.00620139
-2.96875 0.0072203

-2.96875 0.00722015
-2.95312 0.00821605

1.54688 -0.0360893
1.5625 -0.0363102

1.5625 -0.0363102
1.57812 -0.0365247

1.57812 -0.0365247
1.59375 -0.0367325

1.59375 -0.0367326
1.60938 -0.0369336

1.60938 -0.0369336
1.625 -0.0371278

-2.95312 0.00821608
-2.9375 0.00918919

1.625 -0.0371278
1.64062 -0.0373149

-2.9375 0.00918911
-2.92188 0.0101396

-2.92188 0.0101395
-2.90625 0.0110676

1.64062 -0.0373149
1.65625 -0.0374948

-1.5 0.0345921
-1.48438 0.0344358

0.09375 -0.000171586
0.0877242 0

0.09375 -0.000151307
0.109375 -0.000596726

0.109375 -0.000596716
0.125 -0.00104253

0.125 -0.00104254
0.140625 -0.00148873

0.140625 -0.00148874
0.15625 -0.00193525

0.15625 -0.00193526
0.171875 -0.00238206

0.171875 -0.00238207
0.1875 -0.0028291

0.1875 -0.00282911
0.203125 -0.00327632

0.203125 -0.00327634
0.21875 -0.00372369

0.21875 -0.00372371
0.234375 -0.00417115

0.234375 -0.00417116
0.25 -0.00461865

-2.90625 0.0110675
-2.89062 0.0119735

0.25 -0.00461866
0.265625 -0.00506613

0.265625 -0.00506614
0.28125 -0.00551354

0.28125 -0.00551356
0.296875 -0.00596084

0.296875 -0.00596085
0.3125 -0.00640795

0.3125 -0.00640797
0.328125 -0.00685484

0.328125 -0.00685485
0.34375 -0.00730144

0.34375 -0.00730145
0.359375 -0.0077477

0.359375 -0.00774771
0.375 -0.00819356

0.375 -0.00819357
0.390625 -0.00863898

0.390625 -0.00863899
0.40625 -0.00908391

0.40625 -0.00908392
0.421875 -0.00952828

0.421875 -0.0095283
0.4375 -0.00997207

0.4375 -0.00997208
0.453125 -0.0104152

0.453125 -0.0104152
0.46875 -0.0108577

1.65625 -0.0374949
1.67188 -0.0376675

1.67188 -0.0376675
1.6875 -0.0378327

-2.89062 0.0119734
-2.875 0.0128576

0.46875 -0.0108577
0.484375 -0.0112994

0.484375 -0.0112994
0.5 -0.0117404

-2.875 0.0128575
-2.85938 0.0137203

-2.85938 0.0137202
-2.84375 0.0145618

-2.84375 0.0145617
-2.82812 0.0153824

-2.82812 0.0153877
-2.82349 0.015625

0 0.0025079
0.015625 0.0020666

0.015625 0.00206659
0.03125 0.00162449

0.03125 0.00162448
0.046875 0.0011816

0.046875 0.00118159
0.0625 0.00073799

-2.82334 0.015625
-2.8125 0.0161803

-2.8125 0.0161825
-2.79688 0.0169625

-1.48438 0.0344358
-1.46875 0.034274

-2.79688 0.0169624
-2.78125 0.0177224

-1.46875 0.034274
-1.45312 0.0341068

-2.78125 0.0177224
-2.76562 0.0184627

-1.45312 0.0341068
-1.4375 0.0339342

1.6875 -0.0378327
1.70312 -0.0379903

1.70312 -0.0379904
1.71875 -0.0381403

1.71875 -0.0381403
1.73438 -0.0382824

1.73438 -0.0382824
1.75 -0.0384165

-1.4375 0.0339342
-1.42188 0.0337562

1.75 -0.0384165
1.76562 -0.0385425

-1.42188 0.0337562
-1.40625 0.033573

-2.76562 0.0184626
-2.75 0.0191836

-2.75 0.0191836
-2.73438 0.0198855

-1.40625 0.033573
-1.39062 0.0333846

1.76562 -0.0385425
1.78125 -0.0386603

1.78125 -0.0386603
1.79688 -0.0387696

-1.39062 0.0333846
-1.375 0.0331911

-2.73438 0.0198854
-2.71875 0.0205685

-2.71875 0.0205685
-2.70312 0.0212331

-2.70312 0.021233
-2.6875 0.0218795

-2.6875 0.0218794
-2.67188 0.0225079

-2.67188 0.0225079
-2.65625 0.0231188

-2.65625 0.0231188
-2.64062 0.0237124

1.79688 -0.0387697
1.8125 -0.0388705

1.8125 -0.0388705
1.82812 -0.0389626

1.82812 -0.0389626
1.84375 -0.0390459

1.84375 -0.0390459
1.85938 -0.0391202

1.85938 -0.0391202
1.875 -0.0391853

-2.64062 0.0237123
-2.625 0.024289

1.875 -0.0391853
1.89062 -0.0392411

1.89062 -0.0392411
1.90625 -0.0392874

-1.375 0.0331911
-1.35938 0.0329926

-2.625 0.0242889
-2.60938 0.0248488

-2.60938 0.0248487
-2.59375 0.0253922

-2.59375 0.0253921
-2.57812 0.0259193

-2.57812 0.0259192
-2.5625 0.0264305

-1.35938 0.0329926
-1.34375 0.0327891

0.0625 0.000737977
0.078125 0.000293689

0.078125 0.000304655
0.088824 0

1.90625 -0.0392875
1.92188 -0.0393241

1.92188 -0.0393241
1.9375 -0.0393509

1.9375 -0.039351
1.95312 -0.0393678

1.95312 -0.0393679
1.96875 -0.0393745

1.96875 -0.0393746
1.98438 -0.0393708

-2.5625 0.0264304
-2.54688 0.026926

-2.54688 0.0269259
-2.53125 0.0274061

-2.53125 0.027406
-2.51562 0.027871

-2.51562 0.027871
-2.5 0.028321

-2.5 0.028321
-2.48438 0.0287564

-2.48438 0.0287563
-2.46875 0.0291774

-2.46875 0.0291773
-2.45312 0.0295842

-2.45312 0.0295841
-2.4375 0.029977

-2.4375 0.029977
-2.42188 0.0303562

-2.42188 0.0303561
-2.40625 0.0307218

-2.40625 0.0307218
-2.39062 0.0310742

-2.39062 0.0310748
-2.38256 0.03125

-2.3825 0.03125
-2.375 0.0314129

-2.375 0.0314135
-2.35938 0.03174

-2.35938 0.0317399
-2.34375 0.0320538

-2.34375 0.0320537
-2.32812 0.0323551

-2.32812 0.032355
-2.3125 0.0326441

-2.3125 0.032644
-2.29688 0.032921

-2.29688 0.0329209
-2.28125 0.033186

-2.28125 0.033186
-2.26562 0.0334393

-2.26562 0.0334393
-2.25 0.0336811

-2.25 0.0336811
-2.23438 0.0339116

-2.23438 0.0339116
-2.21875 0.034131

-2.21875 0.0341309
-2.20312 0.0343393

-2.20312 0.0343393
-2.1875 0.0345368

-2.1875 0.0345368
-2.17188 0.0347237

-2.17188 0.0347237
-2.15625 0.0349001

-2.15625 0.0349001
-2.14062 0.0350662

-2.14062 0.0350662
-2.125 0.0352221

-2.125 0.0352221
-2.10938 0.0353679

-2.10938 0.0353679
-2.09375 0.0355038

-2.09375 0.0355038
-2.07812 0.03563

-2.07812 0.0356299
-2.0625 0.0357465

-2.0625 0.0357465
-2.04688 0.0358535

1.98438 -0.0393709
2 -0.0393566

-2.04688 0.0358535
-2.03125 0.0359512

-2.03125 0.0359512
-2.01562 0.0360397

-2.01562 0.0360397
-2 0.0361191

0.5 -0.0117404
0.515625 -0.0121805

0.515625 -0.0121805
0.53125 -0.0126198

-2 0.0361191
-1.98438 0.0361897

-1.98438 0.0361896
-1.96875 0.0362514

0.53125 -0.0126198
0.546875 -0.0130582

2 -0.0393567
2.01562 -0.0393317

0.546875 -0.0130582
0.5625 -0.0134957

-1.96875 0.0362514
-1.95312 0.0363046

-1.34375 0.032789
-1.32812 0.0325806

-1.95312 0.0363046
-1.9375 0.0363493

-1.9375 0.0363492
-1.92188 0.0363856

2.01562 -0.0393318
2.03125 -0.0392959

2.03125 -0.0392959
2.04688 -0.0392489

2.04688 -0.039249
2.0625 -0.0391907

2.0625 -0.0391907
2.07812 -0.0391209

2.07812 -0.039121
2.09375 -0.0390395

2.09375 -0.0390395
2.10938 -0.0389462

2.10938 -0.0389463
2.125 -0.0388409

2.125 -0.0388409
2.14062 -0.0387233

2.14062 -0.0387233
2.15625 -0.0385932

2.15625 -0.0385932
2.17188 -0.0384504

2.17188 -0.0384505
2.1875 -0.0382948

2.1875 -0.0382948
2.20312 -0.038126

2.20312 -0.0381261
2.21875 -0.037944

2.21875 -0.037944
2.23438 -0.0377484

2.23438 -0.0377484
2.25 -0.037539

2.25 -0.037539
2.26562 -0.0373156

2.26562 -0.0373157
2.28125 -0.037078

2.28125 -0.0370781
2.29688 -0.0368259

2.29688 -0.036826
2.3125 -0.0365591

2.3125 -0.0365592
2.32812 -0.0362774

2.32812 -0.0362774
2.34375 -0.0359804

2.34375 -0.0359804
2.35938 -0.0356679

2.35938 -0.035668
2.375 -0.0353398

2.375 -0.0353399
2.39062 -0.0349957

2.39062 -0.0349958
2.40625 -0.0346354

2.40625 -0.0346355
2.42188 -0.0342586

2.42188 -0.0342587
2.4375 -0.0338651

2.4375 -0.0338652
2.45312 -0.0334546

2.45312 -0.0334546
2.46875 -0.0330268

2.46875 -0.0330268
2.48438 -0.0325814

2.48438 -0.0325815
2.5 -0.0321182

2.5 -0.0321183
2.51562 -0.0316368

2.51562 -0.0316354
2.52767 -0.03125

2.52789 -0.03125
2.53125 -0.0311423

2.53125 -0.0311371
2.54688 -0.0306184

2.54688 -0.0306185
2.5625 -0.0300807

2.5625 -0.0300807
2.57812 -0.0295235

2.57812 -0.0295235
2.59375 -0.0289465

2.59375 -0.0289466
2.60938 -0.0283495

2.60938 -0.0283496
2.625 -0.0277321

2.625 -0.0277322
2.64062 -0.0270941

2.64062 -0.0270941
2.65625 -0.026435

2.65625 -0.0264351
2.67188 -0.0257546

2.67188 -0.0257547
2.6875 -0.0250525

2.6875 -0.0250526
2.70312 -0.0243285

0.5625 -0.0134957
0.578125 -0.0139322

-1.92188 0.0363855
-1.90625 0.0364137

-1.90625 0.0364136
-1.89062 0.0364336

-1.89062 0.0364336
-1.875 0.0364456

-1.875 0.0364456
-1.85938 0.0364497

-1.85938 0.0364497
-1.84375 0.0364461

2.70312 -0.0243286
2.71875 -0.023582

2.71875 -0.0235821
2.73438 -0.0228129

0.578125 -0.0139323
0.59375 -0.0143678

2.73438 -0.022813
2.75 -0.0220208

-1.84375 0.036446
-1.82812 0.0364347

2.75 -0.0220209
2.76562 -0.0212053

2.76562 -0.0212053
2.78125 -0.020366

2.78125 -0.0203661
2.79688 -0.0195027

2.79688 -0.0195028
2.8125 -0.0186149

-1.82812 0.0364347
-1.8125 0.0364158

-1.8125 0.0364158
-1.79688 0.0363895

-1.32812 0.0325806
-1.3125 0.0323673

0.59375 -0.0143678
0.609375 -0.0148022

-1.3125 0.0323673
-1.29688 0.0321492

0.609375 -0.0148022
0.625 -0.0152356

0.640625 -0.0156695
0.639015 -0.015625

-1.79688 0.0363894
-1.78125 0.0363557

2.8125 -0.018615
2.82812 -0.0177023

2.82812 -0.0177023
2.84375 -0.0167644

2.84375 -0.0167645
2.85938 -0.0158011

-1.29688 0.0321492
-1.28125 0.0319264

-1.28125 0.0319263
-1.26562 0.0316989

-1.26562 0.0316988
-1.25 0.0314667

2.85938 -0.0157947
2.86206 -0.015625

-1.23438 0.0312283
-1.23581 0.03125

-1.78125 0.0363557
-1.76562 0.0363147

-1.23438 0.03123
-1.21875 0.0309889

-1.25 0.0314669
-1.23568 0.03125

-1.21875 0.0309889
-1.20312 0.0307433

-1.20312 0.0307433
-1.1875 0.0304933

-1.1875 0.0304933
-1.17188 0.030239

-1.17188 0.030239
-1.15625 0.0299804

-1.15625 0.0299804
-1.14062 0.0297176

-1.14062 0.0297176
-1.125 0.0294505

2.86218 -0.015625
2.875 -0.0148131

2.875 -0.0148119
2.89062 -0.0137962

0.625 -0.0152354
0.639084 -0.015625

2.89062 -0.0137962
2.90625 -0.0127539

-1.76562 0.0363147
-1.75 0.0362666

0.640625 -0.0156679
0.65625 -0.0160988

0.65625 -0.0160988
0.671875 -0.0165283

-1.75 0.0362665
-1.73438 0.0362113

0.671875 -0.0165283
0.6875 -0.0169564

2.90625 -0.012754
2.92188 -0.0116846

0.6875 -0.0169564
0.703125 -0.0173829

2.92188 -0.0116847
2.9375 -0.0105881

0.703125 -0.0173829
0.71875 -0.0178079

0.71875 -0.017808
0.734375 -0.0182313

2.9375 -0.0105882
2.95312 -0.00946394

0.734375 -0.0182314
0.75 -0.0186531

2.95312 -0.00946385
2.96875 -0.00831199

2.96875 -0.00831201
2.98438 -0.00713264

-1.125 0.0294505
-1.10938 0.0291793

-1.10938 0.0291792
-1.09375 0.0289039

-1.09375 0.0289039
-1.07812 0.0286244

-1.07812 0.0286244
-1.0625 0.0283408

-1.0625 0.0283408
-1.04688 0.0280533

-1.04688 0.0280533
-1.03125 0.0277618

-1.03125 0.0277618
-1.01562 0.0274664

-1.01562 0.0274664
-1 0.0271673

2.98438 -0.00713102
3 -0.00592733

-1.73438 0.0362113
-1.71875 0.036149

-1.71875 0.036149
-1.70312 0.0360798

0.75 -0.0186531
0.765625 -0.0190731

3 -0.00592777
3.03125 -0.00347645

0.765625 -0.0190731
0.78125 -0.0194913

-1.70312 0.0360797
-1.6875 0.0360037

-1 0.0271672
-0.984375 0.0268643

-0.984375 0.0268643
-0.96875 0.0265577

-0.96875 0.0265577
-0.953125 0.0262475

-0.953125 0.0262475
-0.9375 0.0259338

-0.9375 0.0259338
-0.921875 0.0256166

-0.921875 0.0256166
-0.90625 0.0252961

-0.90625 0.025296
-0.890625 0.0249722

-0.890625 0.0249721
-0.875 0.024645

-1.6875 0.0360037
-1.67188 0.0359209

-1.67188 0.0359209
-1.65625 0.0358314

3.03125 -0.00304737
3.0625 -0.00139886

3.0625 -0.00174226
3.125 -0.000393561

3.125 -0.000995316
3.25 -7.49055e-05

3.25 -0.00055055
3.5 -4.61069e-05

3.5 -0.000542849
3.94775 0

-0.875 0.024645
-0.859375 0.0243147

-0.859375 0.0243147
-0.84375 0.0239813

-0.84375 0.0239813
-0.828125 0.0236448

-0.828125 0.0236448
-0.8125 0.0233053

-0.8125 0.0233053
-0.796875 0.0229629

-0.796875 0.0229628
-0.78125 0.0226175

-0.78125 0.0226175
-0.765625 0.0222694

-1.65625 0.0358314
-1.64062 0.0357354

-1.64062 0.0357354
-1.625 0.0356329

-1.625 0.0356328
-1.60938 0.035524

-1.60938 0.035524
-1.59375 0.0354089

-1.59375 0.0354088
-1.57812 0.0352875

0.78125 -0.0194913
0.796875 -0.0199076

0.796875 -0.0199077
0.8125 -0.0203221

0.8125 -0.0203221
0.828125 -0.0207345

-1.57812 0.0352875
-1.5625 0.0351602

-1.5625 0.0351602
-1.54688 0.0350269

-1.54688 0.0350268
-1.53125 0.0348877

0.828125 -0.0207345
0.84375 -0.0211448

0.84375 -0.0211448
0.859375 -0.021553

0.859375 -0.021553
0.875 -0.0219589

-0.765625 0.0222693
-0.75 0.0219184

-0.75 0.0219184
-0.734375 0.0215647

-0.734375 0.0215647
-0.71875 0.0212083

-0.71875 0.0212083
-0.703125 0.0208492

-0.703125 0.0208492
-0.6875 0.0204875

-0.6875 0.0204875
-0.671875 0.0201232

-0.671875 0.0201232
-0.65625 0.0197564

-0.65625 0.0197564
-0.640625 0.0193871

-1.53125 0.0348877
-1.51562 0.0347427

-1.51562 0.0347427
-1.5 0.0345921

0.875 -0.0219589
0.890625 -0.0223625

0.890625 -0.0223626
0.90625 -0.0227638

0.90625 -0.0227638
0.921875 -0.0231625

0.921875 -0.0231625
0.9375 -0.0235586

0.9375 -0.0235586
0.953125 -0.0239521

0.953125 -0.0239521
0.96875 -0.0243428

0.96875 -0.0243428
0.984375 -0.0247307

0.984375 -0.0247307
1 -0.0251156

1 -0.0251157
1.01562 -0.0254976

1.01562 -0.0254976
1.03125 -0.0258764

1.03125 -0.0258764
1.04688 -0.026252

1.04688 -0.0262521
1.0625 -0.0266244

1.0625 -0.0266244
1.07812 -0.0269934

1.07812 -0.0269935
1.09375 -0.027359

1.09375 -0.0273591
1.10938 -0.0277211

1.10938 -0.0277212
1.125 -0.0280797

1.125 -0.0280797
1.14062 -0.0284346

1.14062 -0.0284346
1.15625 -0.0287857

1.15625 -0.0287857
1.17188 -0.0291331

1.17188 -0.0291331
1.1875 -0.0294766

1.1875 -0.0294766
1.20312 -0.0298161

1.20312 -0.0298161
1.21875 -0.0301516

1.21875 -0.0301516
1.23438 -0.030483

1.23438 -0.0304831
1.25 -0.0308103

-0.640625 0.0193871
-0.625 0.0190152

-0.625 0.0190152
-0.609375 0.0186409

-0.609375 0.0186409
-0.59375 0.0182642

-0.59375 0.0182642
-0.578125 0.0178851

-0.578125 0.0178851
-0.5625 0.0175036

-0.5625 0.0175036
-0.546875 0.0171197

-0.546875 0.0171197
-0.53125 0.0167335

-0.53125 0.0167335
-0.515625 0.016345

-0.515625 0.016345
-0.5 0.0159541

1.28125 -0.0314531
1.27129 -0.03125

1.25 -0.0308103
1.26562 -0.0311332

1.26562 -0.0311311
1.27146 -0.03125

1.28125 -0.0314519
1.29688 -0.0317658

1.29688 -0.0317659
1.3125 -0.0320752

1.3125 -0.0320752
1.32812 -0.0323798

1.32812 -0.0323798
1.34375 -0.0326795

1.34375 -0.0326795
1.35938 -0.0329743

1.35938 -0.0329743
1.375 -0.0332641

1.375 -0.0332641
1.39062 -0.0335487

1.39062 -0.0335487
1.40625 -0.0338281

1.40625 -0.0338281
1.42188 -0.0341021

1.42188 -0.0341021
1.4375 -0.0343707

-0.484375 0.0155506
-0.487334 0.015625

-0.5 0.0159563
-0.48683 0.015625

-0.484375 0.015561
-0.46875 0.0151657

-0.46875 0.0151657
-0.453125 0.0147683

-0.453125 0.0147683
-0.4375 0.0143688

-0.4375 0.0143688
-0.421875 0.0139673

-0.421875 0.0139673
-0.40625 0.0135638

-0.40625 0.0135638
-0.390625 0.0131583

-0.390625 0.0131582
-0.375 0.0127508

1.4375 -0.0343707
1.45312 -0.0346338

1.45312 -0.0346338
1.46875 -0.0348912

1.46875 -0.0348912
1.48438 -0.0351428

1.48438 -0.0351428
1.5 -0.0353885

-0.375 0.0127508
-0.359375 0.0123414

-0.359375 0.0123414
-0.34375 0.0119302

-0.34375 0.0119302
-0.328125 0.0115172

-0.328125 0.0115172
-0.3125 0.0111024

-0.3125 0.0111024
-0.296875 0.0106859

-0.296875 0.0106859
-0.28125 0.0102677

-0.28125 0.0102677
-0.265625 0.00984795

-0.265625 0.00984794
-0.25 0.00942659

-0.25 0.00942658
-0.234375 0.00900371

-0.234375 0.0090037
-0.21875 0.00857935

-0.21875 0.00857933
-0.203125 0.00815355

-0.203125 0.00815354
-0.1875 0.00772637

-0.1875 0.00772636
-0.171875 0.00729785

-0.171875 0.00729784
-0.15625 0.00686803

-0.15625 0.00686802
-0.140625 0.00643696

-0.140625 0.00643695
-0.125 0.00600468

-0.125 0.00600467
-0.109375 0.00557123

-0.109375 0.00557122
-0.09375 0.00513666

-0.09375 0.00513665
-0.078125 0.00470101

-0.078125 0.004701
-0.0625 0.00426431

-0.0625 0.0042643
-0.046875 0.00382661

-0.046875 0.0038266
-0.03125 0.00338795

-0.03125 0.00338794
-0.015625 0.00294837

-0.015625 0.00294836
0 0.00250791

