-3.97625 0
-3.5 0.000784687

-3.5 0.000111396
-3.25 0.000793363

-3.25 0.000177591
-3.125 0.00141154

-3.125 0.000649045
-3.0625 0.00242082

-3.0625 0.00199229
-3.03125 0.0041215

-3.03125 0.00467149
-3 0.00780114

-3 0.00779538
-2.98438 0.0093227

-2.98438 0.00932406
-2.96875 0.0108227

-2.96875 0.0108225
-2.95312 0.01229

-2.95312 0.01229
-2.9375 0.0137267

-2.9375 0.0137266
-2.92188 0.0151328

-2.92188 0.0151333
-2.91629 0.015625

-2.91628 0.015625
-2.90625 0.0165085

-2.90625 0.0165087
-2.89062 0.0178549

-2.89062 0.0178549
-2.875 0.0191716

-2.875 0.0191715
-2.85938 0.0204592

-2.85938 0.0204591
-2.84375 0.021718

-2.84375 0.0217179
-2.82812 0.0229484

-2.82812 0.0229483
-2.8125 0.0241509

-2.8125 0.0241508
-2.79688 0.0253259

-2.79688 0.0253258
-2.78125 0.0264737

-2.78125 0.0264736
-2.76562 0.0275948

-2.76562 0.0275947
-2.75 0.0286896

-2.75 0.0286895
-2.73438 0.0297584

-2.73438 0.0297583
-2.71875 0.0308017

-2.71875 0.0307982
-2.71182 0.03125

-2.71191 0.03125
-2.70312 0.0318224

-2.70312 0.0318197
-2.6875 0.032813

-2.6875 0.0328129
-2.67188 0.0337816

-2.67188 0.0337815
-2.65625 0.034726

-2.65625 0.034726
-2.64062 0.0356466

-2.64062 0.0356465
-2.625 0.0365436

-2.625 0.0365435
-2.60938 0.0374174

-2.60938 0.0374174
-2.59375 0.0382684

-2.59375 0.0382683
-2.57812 0.0390968

-2.57812 0.0390967
-2.5625 0.0399029

-2.5625 0.0399028
-2.54688 0.0406871

-2.54688 0.040687
-2.53125 0.0414497

-2.53125 0.0414496
-2.51562 0.042191

-2.51562 0.0421909
-2.5 0.0429114

0.109375 -0.000331869
0.102353 0

1.5 -0.0571204
1.51562 -0.0574874

1.51562 -0.0574875
1.53125 -0.0578439

1.53125 -0.057844
1.54688 -0.0581897

-2.5 0.0429113
-2.48438 0.043611

1.54688 -0.0581898
1.5625 -0.0585245

1.5625 -0.0585246
1.57812 -0.0588482

1.57812 -0.0588483
1.59375 -0.0591606

1.59375 -0.0591606
1.60938 -0.0594614

0.109375 -0.000321651
0.125 -0.00106101

0.125 -0.00106103
0.140625 -0.00180115

0.140625 -0.00180117
0.15625 -0.00254198

0.15625 -0.002542
0.171875 -0.00328341

0.171875 -0.00328343
0.1875 -0.00402535

0.1875 -0.00402537
0.203125 -0.00476772

0.203125 -0.00476774
0.21875 -0.00551042

0.21875 -0.00551044
0.234375 -0.00625336

0.234375 -0.00625338
0.25 -0.00699644

0.25 -0.00699646
0.265625 -0.00773956

0.265625 -0.00773958
0.28125 -0.00848263

0.28125 -0.00848266
0.296875 -0.00922555

0.296875 -0.00922557
0.3125 -0.00996821

-1.5 0.0555619
-1.48438 0.055357

-1.48438 0.055357
-1.46875 0.0551425

-1.46875 0.0551425
-1.45312 0.0549186

-1.45312 0.0549186
-1.4375 0.0546854

-1.4375 0.0546854
-1.42188 0.0544429

-1.42188 0.0544429
-1.40625 0.0541913

-1.40625 0.0541913
-1.39062 0.0539307

-1.39062 0.0539307
-1.375 0.0536611

0.3125 -0.00996824
0.328125 -0.0107105

-1.375 0.0536611
-1.35938 0.0533827

0.328125 -0.0107106
0.34375 -0.0114524

-1.35938 0.0533827
-1.34375 0.0530955

1.60938 -0.0594614
1.625 -0.0597505

1.625 -0.0597505
1.64062 -0.0600277

1.64062 -0.0600277
1.65625 -0.0602927

0.34375 -0.0114524
0.359375 -0.0121937

0.359375 -0.0121937
0.375 -0.0129343

0.375 -0.0129344
0.390625 -0.0136742

0.390625 -0.0136742
0.40625 -0.0144132

0.40625 -0.0144133
0.421875 -0.0151513

0.4375 -0.0158949
0.431777 -0.015625

0.421875 -0.0151476
0.431997 -0.015625

0.4375 -0.0158883
0.453125 -0.016624

0.453125 -0.016624
0.46875 -0.0173584

0.46875 -0.0173584
0.484375 -0.0180914

0.484375 -0.0180914
0.5 -0.0188229

0 0.00482387
0.015625 0.00409274

0.015625 0.00409272
0.03125 0.00336013

0.03125 0.00336011
0.046875 0.00262615

0.046875 0.00262612
0.0625 0.00189089

0.0625 0.00189086
0.078125 0.00115444

0.078125 0.00115442
0.09375 0.000416911

-1.34375 0.0530955
-1.32812 0.0527997

-2.48438 0.0436109
-2.46875 0.0442903

-2.46875 0.0442902
-2.45312 0.0449495

-2.45312 0.0449494
-2.4375 0.0455889

-2.4375 0.0455888
-2.42188 0.0462087

-2.42188 0.0462087
-2.40625 0.0468093

-2.40625 0.0468096
-2.40449 0.046875

-2.40448 0.046875
-2.39062 0.0473908

-2.39062 0.0473908
-2.375 0.0479536

-2.375 0.0479536
-2.35938 0.0484978

-2.35938 0.0484977
-2.34375 0.0490236

-1.32812 0.0527996
-1.3125 0.0524952

-1.3125 0.0524952
-1.29688 0.0521823

-1.29688 0.0521823
-1.28125 0.051861

-1.28125 0.051861
-1.26562 0.0515314

-1.26562 0.0515314
-1.25 0.0511936

-2.34375 0.0490236
-2.32812 0.0495313

-2.32812 0.0495313
-2.3125 0.0500212

-1.25 0.0511936
-1.23438 0.0508477

-1.23438 0.0508477
-1.21875 0.0504937

-1.21875 0.0504937
-1.20312 0.0501317

-1.20312 0.0501317
-1.1875 0.0497619

-1.1875 0.0497619
-1.17188 0.0493842

-1.17188 0.0493842
-1.15625 0.0489988

-1.15625 0.0489988
-1.14062 0.0486057

-1.14062 0.0486057
-1.125 0.048205

-1.125 0.048205
-1.10938 0.0477967

-1.10938 0.0477967
-1.09375 0.0473811

-2.3125 0.0500211
-2.29688 0.0504934

0.09375 0.000424848
0.102739 0

1.65625 -0.0602928
1.67188 -0.0605455

1.67188 -0.0605455
1.6875 -0.0607857

1.6875 -0.0607858
1.70312 -0.0610132

1.70312 -0.0610133
1.71875 -0.0612279

0.5 -0.0188229
0.515625 -0.0195528

0.515625 -0.0195528
0.53125 -0.0202809

0.53125 -0.020281
0.546875 -0.0210073

0.546875 -0.0210074
0.5625 -0.0217318

0.5625 -0.0217319
0.578125 -0.0224543

-2.29688 0.0504933
-2.28125 0.0509482

-2.28125 0.0509481
-2.26562 0.0513859

-2.26562 0.0513858
-2.25 0.0518066

-2.25 0.0518065
-2.23438 0.0522106

1.71875 -0.0612279
1.73438 -0.0614294

0.578125 -0.0224544
0.59375 -0.0231747

0.59375 -0.0231748
0.609375 -0.023893

0.609375 -0.023893
0.625 -0.0246089

1.73438 -0.0614294
1.75 -0.0616176

-2.23438 0.0522105
-2.21875 0.0525981

1.75 -0.0616176
1.76562 -0.0617922

1.76562 -0.0617923
1.78125 -0.0619531

-1.09375 0.047381
-1.07812 0.046958

-1.0625 0.0465275
-1.07512 0.046875

-1.07812 0.0469585
-1.07509 0.046875

-1.0625 0.0465276
-1.04688 0.0460901

-1.04688 0.0460901
-1.03125 0.0456454

-1.03125 0.0456454
-1.01562 0.0451937

-1.01562 0.0451937
-1 0.044735

-1 0.044735
-0.984375 0.0442695

-0.984375 0.0442695
-0.96875 0.0437972

-0.96875 0.0437972
-0.953125 0.0433183

-0.953125 0.0433183
-0.9375 0.0428328

-0.9375 0.0428328
-0.921875 0.0423408

-0.921875 0.0423408
-0.90625 0.0418424

-0.90625 0.0418424
-0.890625 0.0413378

-0.890625 0.0413378
-0.875 0.040827

-0.875 0.040827
-0.859375 0.0403101

-0.859375 0.0403101
-0.84375 0.0397872

-0.84375 0.0397872
-0.828125 0.0392584

-0.828125 0.0392584
-0.8125 0.0387238

-0.8125 0.0387238
-0.796875 0.0381834

-0.796875 0.0381834
-0.78125 0.0376374

-0.78125 0.0376373
-0.765625 0.0370857

-0.765625 0.0370857
-0.75 0.0365286

-0.75 0.0365286
-0.734375 0.0359661

-0.734375 0.0359661
-0.71875 0.0353982

-0.71875 0.0353982
-0.703125 0.0348251

-0.703125 0.0348251
-0.6875 0.0342468

-0.6875 0.0342468
-0.671875 0.0336634

-0.671875 0.0336634
-0.65625 0.033075

-0.65625 0.0330749
-0.640625 0.0324816

-0.640625 0.0324816
-0.625 0.0318833

-0.59375 0.0306726
-0.608597 0.03125

-0.625 0.0318833
-0.609375 0.0312803

-0.609375 0.031281
-0.608578 0.03125

-0.59375 0.0306726
-0.578125 0.0300602

-0.578125 0.0300602
-0.5625 0.0294433

-0.5625 0.0294433
-0.546875 0.0288219

-0.546875 0.0288219
-0.53125 0.028196

-0.53125 0.028196
-0.515625 0.0275658

1.78125 -0.0619532
1.79688 -0.0621001

1.79688 -0.0621002
1.8125 -0.0622329

-2.21875 0.052598
-2.20312 0.0529693

-2.20312 0.0529692
-2.1875 0.0533244

-2.1875 0.0533243
-2.17188 0.0536636

-2.17188 0.0536636
-2.15625 0.0539871

-2.15625 0.0539871
-2.14062 0.0542951

0.625 -0.0246089
0.640625 -0.0253224

0.640625 -0.0253224
0.65625 -0.0260334

0.65625 -0.0260334
0.671875 -0.0267418

0.671875 -0.0267418
0.6875 -0.0274474

0.6875 -0.0274475
0.703125 -0.0281502

0.703125 -0.0281503
0.71875 -0.0288501

0.71875 -0.0288501
0.734375 -0.0295468

0.734375 -0.0295469
0.75 -0.0302404

0.78125 -0.0316222
0.772782 -0.03125

0.75 -0.0302404
0.765625 -0.0309306

0.765625 -0.0309253
0.773014 -0.03125

0.78125 -0.0316175
0.796875 -0.0323006

0.796875 -0.0323006
0.8125 -0.03298

0.8125 -0.03298
0.828125 -0.0336556

0.828125 -0.0336556
0.84375 -0.0343271

0.84375 -0.0343271
0.859375 -0.0349945

0.859375 -0.0349946
0.875 -0.0356577

0.875 -0.0356578
0.890625 -0.0363165

0.890625 -0.0363166
0.90625 -0.0369708

0.90625 -0.0369709
0.921875 -0.0376205

0.921875 -0.0376206
0.9375 -0.0382654

0.9375 -0.0382655
0.953125 -0.0389054

0.953125 -0.0389055
0.96875 -0.0395404

0.96875 -0.0395405
0.984375 -0.0401702

0.984375 -0.0401702
1 -0.0407947

1 -0.0407947
1.01562 -0.0414137

1.01562 -0.0414138
1.03125 -0.0420272

1.03125 -0.0420272
1.04688 -0.0426349

1.04688 -0.0426349
1.0625 -0.0432368

1.0625 -0.0432368
1.07812 -0.0438327

1.07812 -0.0438327
1.09375 -0.0444224

1.09375 -0.0444225
1.10938 -0.0450059

1.10938 -0.045006
1.125 -0.0455831

1.125 -0.0455831
1.14062 -0.0461537

1.14062 -0.0461537
1.15625 -0.0467176

1.17188 -0.0472772
1.16059 -0.046875

1.15625 -0.0467114
1.16084 -0.046875

1.17188 -0.0472747
1.1875 -0.0478247

1.1875 -0.0478248
1.20312 -0.0483676

1.20312 -0.0483676
1.21875 -0.0489032

1.21875 -0.0489032
1.23438 -0.0494313

1.23438 -0.0494314
1.25 -0.0499519

1.85938 -0.0625441
1.85162 -0.0625

1.85938 -0.0625441
1.875 -0.0626178

1.8125 -0.062233
1.82812 -0.0623513

1.82812 -0.0623514
1.84375 -0.0624551

1.84375 -0.0624551
1.85165 -0.0625

1.875 -0.0626179
1.89062 -0.0626763

1.89062 -0.0626764
1.90625 -0.0627193

1.90625 -0.0627193
1.92188 -0.0627464

1.92188 -0.0627465
1.9375 -0.0627576

1.9375 -0.0627576
1.95312 -0.0627524

1.95312 -0.0627525
1.96875 -0.0627307

1.96875 -0.0627308
1.98438 -0.0626923

1.98438 -0.0626923
2 -0.0626368

2 -0.0626368
2.01562 -0.062564

2.01562 -0.062564
2.02668 -0.0625

2.02673 -0.0625
2.03125 -0.0624738

2.03125 -0.0624737
2.04688 -0.0623655

2.04688 -0.0623656
2.0625 -0.0622393

2.0625 -0.0622394
2.07812 -0.0620947

2.07812 -0.0620948
2.09375 -0.0619315

2.09375 -0.0619315
2.10938 -0.0617494

2.10938 -0.0617494
2.125 -0.0615481

2.125 -0.0615481
2.14062 -0.0613273

2.14062 -0.0613274
2.15625 -0.0610869

2.15625 -0.0610869
2.17188 -0.0608264

2.17188 -0.0608265
2.1875 -0.0605456

1.25 -0.0499519
1.26562 -0.0504646

1.26562 -0.0504647
1.28125 -0.0509695

1.28125 -0.0509696
1.29688 -0.0514664

1.29688 -0.0514664
1.3125 -0.051955

1.3125 -0.0519551
1.32812 -0.0524353

1.32812 -0.0524354
1.34375 -0.0529071

1.34375 -0.0529072
1.35938 -0.0533702

1.35938 -0.0533703
1.375 -0.0538245

1.375 -0.0538245
1.39062 -0.0542697

1.39062 -0.0542698
1.40625 -0.0547058

1.40625 -0.0547059
1.42188 -0.0551326

1.42188 -0.0551326
1.4375 -0.0555498

1.4375 -0.0555499
1.45312 -0.0559574

1.45312 -0.0559574
1.46875 -0.0563551

1.46875 -0.0563552
1.48438 -0.0567428

1.48438 -0.0567429
1.5 -0.0571203

-0.515625 0.0275658
-0.5 0.0269312

-0.5 0.0269312
-0.484375 0.0262924

-0.484375 0.0262924
-0.46875 0.0256494

-0.46875 0.0256494
-0.453125 0.0250023

-0.453125 0.0250023
-0.4375 0.0243512

-0.4375 0.0243512
-0.421875 0.0236961

-0.421875 0.0236961
-0.40625 0.0230372

-0.40625 0.0230372
-0.390625 0.0223744

-0.390625 0.0223744
-0.375 0.021708

-0.375 0.0217079
-0.359375 0.0210378

-0.359375 0.0210378
-0.34375 0.0203642

-0.34375 0.0203642
-0.328125 0.0196871

-0.328125 0.019687
-0.3125 0.0190065

-0.3125 0.0190065
-0.296875 0.0183227

-0.296875 0.0183227
-0.28125 0.0176357

-0.28125 0.0176357
-0.265625 0.0169456

-0.265625 0.0169456
-0.25 0.0162525

2.1875 -0.0605457
2.20312 -0.0602442

-0.234375 0.0155403
-0.236276 0.015625

2.20312 -0.0602442
2.21875 -0.0599219

2.21875 -0.0599219
2.23438 -0.0595784

2.23438 -0.0595784
2.25 -0.0592133

-0.25 0.0162544
-0.23587 0.015625

2.25 -0.0592134
2.26562 -0.0588265

2.26562 -0.0588266
2.28125 -0.0584175

-0.234375 0.0155564
-0.21875 0.0148575

-0.21875 0.0148575
-0.203125 0.0141559

-0.203125 0.0141559
-0.1875 0.0134517

-0.1875 0.0134517
-0.171875 0.0127449

-0.171875 0.0127449
-0.15625 0.0120356

-0.15625 0.0120356
-0.140625 0.0113239

-2.14062 0.0542951
-2.125 0.0545878

-2.125 0.0545877
-2.10938 0.0548653

-2.10938 0.0548653
-2.09375 0.0551278

-0.140625 0.0113238
-0.125 0.0106098

-0.125 0.0106098
-0.109375 0.00989355

-0.109375 0.00989353
-0.09375 0.0091751

-0.09375 0.00917508
-0.078125 0.00845459

-0.078125 0.00845457
-0.0625 0.00773208

-0.0625 0.00773206
-0.046875 0.00700767

-0.046875 0.00700765
-0.03125 0.00628144

-0.03125 0.00628142
-0.015625 0.00555349

-0.015625 0.00555346
0 0.00482389

-2.09375 0.0551278
-2.07812 0.0553756

-2.07812 0.0553755
-2.0625 0.0556087

-2.0625 0.0556086
-2.04688 0.0558273

-2.04688 0.0558273
-2.03125 0.0560317

-2.03125 0.0560316
-2.01562 0.0562219

-2.01562 0.0562219
-2 0.0563982

-2 0.0563982
-1.98438 0.0565608

-1.98438 0.0565607
-1.96875 0.0567097

-1.96875 0.0567097
-1.95312 0.0568453

-1.95312 0.0568452
-1.9375 0.0569676

-1.9375 0.0569676
-1.92188 0.0570768

-1.92188 0.0570768
-1.90625 0.0571731

-1.90625 0.0571731
-1.89062 0.0572566

-1.89062 0.0572566
-1.875 0.0573274

-1.875 0.0573274
-1.85938 0.0573858

-1.85938 0.0573857
-1.84375 0.0574317

-1.84375 0.0574317
-1.82812 0.0574655

-1.82812 0.0574654
-1.8125 0.0574871

-1.8125 0.0574871
-1.79688 0.0574967

-1.79688 0.0574967
-1.78125 0.0574945

-1.78125 0.0574945
-1.76562 0.0574806

-1.76562 0.0574806
-1.75 0.0574551

-1.75 0.057455
-1.73438 0.057418

-1.73438 0.057418
-1.71875 0.0573696

-1.71875 0.0573696
-1.70312 0.0573099

-1.70312 0.0573099
-1.6875 0.057239

2.28125 -0.0584176
2.29688 -0.0579861

2.29688 -0.0579862
2.3125 -0.0575319

2.3125 -0.057532
2.32812 -0.0570546

2.32812 -0.0570547
2.34375 -0.0565539

2.34375 -0.056554
2.35938 -0.0560294

2.35938 -0.0560295
2.375 -0.0554808

-1.6875 0.057239
-1.67188 0.0571571

-1.67188 0.0571571
-1.65625 0.0570643

-1.65625 0.0570643
-1.64062 0.0569607

-1.64062 0.0569606
-1.625 0.0568463

-1.625 0.0568463
-1.60938 0.0567214

-1.60938 0.0567214
-1.59375 0.0565861

-1.59375 0.0565861
-1.57812 0.0564405

-1.57812 0.0564404
-1.5625 0.0562847

-1.5625 0.0562846
-1.54688 0.0561188

-1.54688 0.0561187
-1.53125 0.055943

-1.53125 0.0559429
-1.51562 0.0557573

2.375 -0.0554809
2.39062 -0.0549078

2.39062 -0.0549079
2.40625 -0.0543101

2.40625 -0.0543102
2.42188 -0.0536872

2.42188 -0.0536873
2.4375 -0.0530388

2.4375 -0.0530389
2.45312 -0.0523646

2.45312 -0.0523647
2.46875 -0.0516642

2.46875 -0.0516643
2.48438 -0.0509373

-1.51562 0.0557573
-1.5 0.055562

2.48438 -0.0509374
2.5 -0.0501833

2.5 -0.0501834
2.51562 -0.0494021

2.51562 -0.0494022
2.53125 -0.0485931

2.53125 -0.0485932
2.54688 -0.0477559

2.54688 -0.047756
2.5625 -0.0468902

2.5625 -0.04689
2.56276 -0.046875

2.56277 -0.046875
2.57812 -0.0459955

2.57812 -0.0459956
2.59375 -0.0450713

2.59375 -0.0450714
2.60938 -0.0441174

2.60938 -0.0441175
2.625 -0.0431333

2.625 -0.0431334
2.64062 -0.0421185

2.64062 -0.0421186
2.65625 -0.0410727

2.65625 -0.0410729
2.67188 -0.0399955

2.67188 -0.0399956
2.6875 -0.0388864

2.6875 -0.0388865
2.70312 -0.0377449

2.70312 -0.037745
2.71875 -0.0365706

2.71875 -0.0365707
2.73438 -0.035363

2.73438 -0.0353631
2.75 -0.0341216

2.75 -0.0341218
2.76562 -0.0328461

2.76562 -0.0328462
2.78125 -0.0315358

2.78125 -0.0315309
2.78451 -0.03125

2.78459 -0.03125
2.79688 -0.0301916

2.79688 -0.0301904
2.8125 -0.028809

2.8125 -0.0288091
2.82812 -0.0273916

2.82812 -0.0273917
2.84375 -0.0259375

2.84375 -0.0259377
2.85938 -0.0244463

2.85938 -0.0244464
2.875 -0.0229175

2.875 -0.0229177
2.89062 -0.0213506

2.89062 -0.0213507
2.90625 -0.0197451

2.90625 -0.0197452
2.92188 -0.0181005

2.92188 -0.0181006
2.9375 -0.0164163

2.9375 -0.0163607
2.94417 -0.015625

2.94509 -0.015625
2.95312 -0.0147388

2.95312 -0.0146921
2.96875 -0.0129275

2.96875 -0.0129275
2.98438 -0.0111224

2.98438 -0.0111209
3 -0.00927849

3 -0.00928673
3.03125 -0.00550057

3.03125 -0.00481514
3.0625 -0.00226487

3.0625 -0.00281866
3.125 -0.000716491

3.125 -0.00162667
3.25 -0.000169969

3.25 -0.000905033
3.5 -0.000100087

3.5 -0.00089084
3.95831 0

