-3.25 6.55051e-07
-3.125 5.17215e-06

-3.125 2.39187e-06
-3.0625 8.69642e-06

-3.0625 6.66176e-06
-3.03125 1.44705e-05

-3.03125 1.59879e-05
-3 2.94877e-05

-3 2.99779e-05
-2.98438 3.75943e-05

-2.98438 3.76727e-05
-2.96875 4.50184e-05

-2.96875 4.50088e-05
-2.95312 5.19459e-05

-2.95312 5.19545e-05
-2.9375 5.84849e-05

-2.9375 5.84853e-05
-2.92188 6.45909e-05

-2.92188 6.45906e-05
-2.90625 7.02713e-05

-2.90625 7.0269e-05
-2.89062 7.55302e-05

-2.89062 7.55284e-05
-2.875 8.03782e-05

-2.875 8.03745e-05
-2.85938 8.48241e-05

-2.85938 8.48215e-05
-2.84375 8.88835e-05

-2.84375 8.88793e-05
-2.82812 9.25673e-05

-2.82812 9.25636e-05
-2.8125 9.58934e-05

-2.8125 9.58894e-05
-2.79688 9.88763e-05

-2.79688 9.88726e-05
-2.78125 0.000101532

-2.78125 0.000101528
-2.76562 0.000103875

-2.76562 0.000103871
-2.75 0.00010592

-2.75 0.000105916
-2.73438 0.000107682

-2.73438 0.000107679
-2.71875 0.000109175

-2.71875 0.000109171
-2.70312 0.000110413

-2.70312 0.000110409
-2.6875 0.00011141

-2.6875 0.000111406
-2.67188 0.000112181

-2.67188 0.000112177
-2.65625 0.000112739

-2.65625 0.000112735
-2.64062 0.000113097

-2.64062 0.000113094
-2.625 0.000113268

-2.625 0.000113265
-2.60938 0.000113265

-2.60938 0.000113262
-2.59375 0.000113098

-2.59375 0.000113095
-2.57812 0.000112778

-2.57812 0.000112776
-2.5625 0.000112317

0 -6.44809e-09
0.015625 -4.34981e-07

0.015625 -4.35026e-07
0.03125 -8.63665e-07

-2.5625 0.000112314
-2.54688 0.000111724

-2.54688 0.000111721
-2.53125 0.000111009

-2.53125 0.000111007
-2.51562 0.000110183

-2.51562 0.000110181
-2.5 0.000109256

0.03125 -8.63714e-07
0.046875 -1.29227e-06

0.046875 -1.29232e-06
0.0625 -1.72059e-06

0.0625 -1.72065e-06
0.078125 -2.1484e-06

0.078125 -2.14846e-06
0.09375 -2.57545e-06

-2.5 0.000109254
-2.48438 0.000108236

-2.48438 0.000108234
-2.46875 0.000107133

-2.46875 0.000107131
-2.45312 0.000105955

-2.45312 0.000105954
-2.4375 0.00010471

-2.4375 0.000104708
-2.42188 0.000103405

-2.42188 0.000103404
-2.40625 0.000102047

-2.40625 0.000102046
-2.39062 0.000100642

1.5 -3.66728e-05
1.51562 -3.71304e-05

1.51562 -3.71302e-05
1.53125 -3.76028e-05

1.53125 -3.76027e-05
1.54688 -3.80908e-05

1.54688 -3.80907e-05
1.5625 -3.85949e-05

1.5625 -3.85948e-05
1.57812 -3.91155e-05

1.57812 -3.91154e-05
1.59375 -3.96529e-05

1.59375 -3.96528e-05
1.60938 -4.02074e-05

1.60938 -4.02073e-05
1.625 -4.07793e-05

0.09375 -2.57552e-06
0.109375 -3.00148e-06

1.625 -4.07792e-05
1.64062 -4.13689e-05

0.109375 -3.00156e-06
0.125 -3.4262e-06

1.64062 -4.13688e-05
1.65625 -4.19769e-05

-2.39062 0.000100641
-2.375 9.91959e-05

1.65625 -4.19767e-05
1.67188 -4.26037e-05

1.67188 -4.26035e-05
1.6875 -4.32504e-05

0.125 -3.42628e-06
0.140625 -3.84931e-06

1.6875 -4.32501e-05
1.70312 -4.39179e-05

-2.375 9.91945e-05
-2.35938 9.77142e-05

1.70312 -4.39175e-05
1.71875 -4.46075e-05

-2.35938 9.77129e-05
-2.34375 9.62023e-05

-2.34375 9.6201e-05
-2.32812 9.46652e-05

1.71875 -4.46071e-05
1.73438 -4.53205e-05

1.73438 -4.53201e-05
1.75 -4.60585e-05

-2.32812 9.4664e-05
-2.3125 9.31081e-05

-2.3125 9.31069e-05
-2.29688 9.15358e-05

-2.29688 9.15346e-05
-2.28125 8.99532e-05

-2.28125 8.99521e-05
-2.26562 8.83647e-05

-2.26562 8.83638e-05
-2.25 8.67747e-05

-2.25 8.67737e-05
-2.23438 8.51868e-05

1.75 -4.60581e-05
1.76562 -4.68228e-05

1.76562 -4.68224e-05
1.78125 -4.76151e-05

1.78125 -4.76147e-05
1.79688 -4.84366e-05

1.79688 -4.84363e-05
1.8125 -4.92888e-05

1.8125 -4.92885e-05
1.82812 -5.01729e-05

1.82812 -5.01726e-05
1.84375 -5.10899e-05

1.84375 -5.10897e-05
1.85938 -5.20409e-05

1.85938 -5.20406e-05
1.875 -5.30266e-05

1.875 -5.30265e-05
1.89062 -5.40479e-05

1.89062 -5.40478e-05
1.90625 -5.51053e-05

1.90625 -5.51053e-05
1.92188 -5.61993e-05

1.92188 -5.61992e-05
1.9375 -5.73299e-05

1.9375 -5.73299e-05
1.95312 -5.84972e-05

1.95312 -5.84973e-05
1.96875 -5.97007e-05

1.96875 -5.97009e-05
1.98438 -6.09401e-05

1.98438 -6.09403e-05
2 -6.22144e-05

0.140625 -3.84939e-06
0.15625 -4.27046e-06

0.15625 -4.27055e-06
0.171875 -4.68931e-06

0.171875 -4.6894e-06
0.1875 -5.10548e-06

0.1875 -5.10558e-06
0.203125 -5.51858e-06

0.203125 -5.51868e-06
0.21875 -5.9282e-06

-2.23438 8.5186e-05
-2.21875 8.36047e-05

-2.21875 8.36039e-05
-2.20312 8.20312e-05

-2.20312 8.20306e-05
-2.1875 8.04693e-05

-2.1875 8.04686e-05
-2.17188 7.89212e-05

-2.17188 7.89207e-05
-2.15625 7.73892e-05

-2.15625 7.73888e-05
-2.14062 7.5875e-05

-2.14062 7.58747e-05
-2.125 7.43804e-05

-2.125 7.438e-05
-2.10938 7.29064e-05

-2.10938 7.29061e-05
-2.09375 7.14543e-05

-2.09375 7.1454e-05
-2.07812 7.00252e-05

-2.07812 7.00249e-05
-2.0625 6.862e-05

-2.0625 6.86197e-05
-2.04688 6.72397e-05

-2.04688 6.72394e-05
-2.03125 6.58856e-05

-2.03125 6.58852e-05
-2.01562 6.45586e-05

-2.01562 6.45583e-05
-2 6.32602e-05

-2 6.32599e-05
-1.98438 6.19913e-05

-1.98438 6.1991e-05
-1.96875 6.07531e-05

-1.96875 6.07529e-05
-1.95312 5.95464e-05

-1.95312 5.95463e-05
-1.9375 5.8372e-05

-1.9375 5.8372e-05
-1.92188 5.72303e-05

-1.92188 5.72303e-05
-1.90625 5.61214e-05

-1.90625 5.61215e-05
-1.89062 5.50454e-05

-1.89062 5.50455e-05
-1.875 5.40018e-05

-1.875 5.40019e-05
-1.85938 5.29904e-05

-1.85938 5.29906e-05
-1.84375 5.20105e-05

-1.84375 5.20107e-05
-1.82812 5.10614e-05

-1.82812 5.10616e-05
-1.8125 5.01423e-05

-1.8125 5.01425e-05
-1.79688 4.92523e-05

-1.79688 4.92526e-05
-1.78125 4.83903e-05

-1.78125 4.83906e-05
-1.76562 4.75551e-05

-1.76562 4.75555e-05
-1.75 4.67457e-05

-1.75 4.6746e-05
-1.73438 4.59605e-05

-1.73438 4.59608e-05
-1.71875 4.51984e-05

-1.71875 4.51987e-05
-1.70312 4.44581e-05

-1.70312 4.44584e-05
-1.6875 4.37383e-05

-1.6875 4.37386e-05
-1.67188 4.30381e-05

-1.67188 4.30383e-05
-1.65625 4.23565e-05

-1.65625 4.23567e-05
-1.64062 4.1693e-05

-1.64062 4.16931e-05
-1.625 4.1047e-05

-1.625 4.1047e-05
-1.60938 4.04181e-05

-1.60938 4.04182e-05
-1.59375 3.98063e-05

-1.59375 3.98064e-05
-1.57812 3.92115e-05

-1.57812 3.92115e-05
-1.5625 3.86335e-05

-1.5625 3.86335e-05
-1.54688 3.80722e-05

-1.54688 3.80722e-05
-1.53125 3.75274e-05

-1.53125 3.75275e-05
-1.51562 3.6999e-05

-1.51562 3.69991e-05
-1.5 3.64863e-05

2 -6.22147e-05
2.01562 -6.35227e-05

2.01562 -6.35229e-05
2.03125 -6.48638e-05

2.03125 -6.48641e-05
2.04688 -6.62368e-05

2.04688 -6.6237e-05
2.0625 -6.76403e-05

2.0625 -6.76406e-05
2.07812 -6.90735e-05

2.07812 -6.90737e-05
2.09375 -7.05352e-05

2.09375 -7.05354e-05
2.10938 -7.20246e-05

2.10938 -7.20248e-05
2.125 -7.35406e-05

2.125 -7.35409e-05
2.14062 -7.50822e-05

2.14062 -7.50825e-05
2.15625 -7.6648e-05

2.15625 -7.66485e-05
2.17188 -7.82368e-05

2.17188 -7.82372e-05
2.1875 -7.98464e-05

2.1875 -7.9847e-05
2.20312 -8.14751e-05

2.20312 -8.14756e-05
2.21875 -8.31201e-05

2.21875 -8.31209e-05
2.23438 -8.47791e-05

2.23438 -8.47799e-05
2.25 -8.64487e-05

2.25 -8.64497e-05
2.26562 -8.81258e-05

2.26562 -8.81267e-05
2.28125 -8.98062e-05

2.28125 -8.98073e-05
2.29688 -9.14859e-05

2.29688 -9.14871e-05
2.3125 -9.31604e-05

2.3125 -9.31616e-05
2.32812 -9.48247e-05

2.32812 -9.4826e-05
2.34375 -9.6474e-05

2.34375 -9.64753e-05
2.35938 -9.8103e-05

2.35938 -9.81043e-05
2.375 -9.97066e-05

2.375 -9.9708e-05
2.39062 -0.00010128

2.39062 -0.000101281
2.40625 -0.000102816

2.40625 -0.000102818
2.42188 -0.00010431

2.42188 -0.000104312
2.4375 -0.000105756

2.4375 -0.000105758
2.45312 -0.000107147

2.45312 -0.000107149
2.46875 -0.000108474

2.46875 -0.000108477
2.48438 -0.000109732

2.48438 -0.000109734
2.5 -0.00011091

2.5 -0.000110912
2.51562 -0.000112

2.51562 -0.000112003
2.53125 -0.000112993

2.53125 -0.000112996
2.54688 -0.000113879

2.54688 -0.000113881
2.5625 -0.000114646

2.5625 -0.000114649
2.57812 -0.000115286

2.57812 -0.000115288
2.59375 -0.000115786

-1.5 3.64865e-05
-1.48438 3.5989e-05

-1.48438 3.59892e-05
-1.46875 3.55062e-05

-1.46875 3.55064e-05
-1.45312 3.50373e-05

-1.45312 3.50375e-05
-1.4375 3.45814e-05

-1.4375 3.45816e-05
-1.42188 3.41375e-05

-1.42188 3.41377e-05
-1.40625 3.37049e-05

-1.40625 3.37051e-05
-1.39062 3.32827e-05

-1.39062 3.32829e-05
-1.375 3.28702e-05

-1.375 3.28703e-05
-1.35938 3.24665e-05

-1.35938 3.24667e-05
-1.34375 3.20711e-05

-1.34375 3.20712e-05
-1.32812 3.16833e-05

-1.32812 3.16835e-05
-1.3125 3.13027e-05

-1.3125 3.13028e-05
-1.29688 3.09285e-05

-1.29688 3.09286e-05
-1.28125 3.05602e-05

-1.28125 3.05604e-05
-1.26562 3.01972e-05

-1.26562 3.01974e-05
-1.25 2.98388e-05

-1.25 2.9839e-05
-1.23438 2.94841e-05

-1.23438 2.94843e-05
-1.21875 2.91322e-05

-1.21875 2.91325e-05
-1.20312 2.87823e-05

-1.20312 2.87825e-05
-1.1875 2.84332e-05

-1.1875 2.84334e-05
-1.17188 2.80838e-05

-1.17188 2.80841e-05
-1.15625 2.77332e-05

-1.15625 2.77334e-05
-1.14062 2.73801e-05

-1.14062 2.73804e-05
-1.125 2.70237e-05

-1.125 2.70239e-05
-1.10938 2.6663e-05

-1.10938 2.66631e-05
-1.09375 2.62972e-05

-1.09375 2.62973e-05
-1.07812 2.59257e-05

-1.07812 2.59258e-05
-1.0625 2.55482e-05

-1.0625 2.55482e-05
-1.04688 2.51645e-05

-1.04688 2.51644e-05
-1.03125 2.47746e-05

-1.03125 2.47745e-05
-1.01562 2.43789e-05

-1.01562 2.43788e-05
-1 2.39779e-05

-1 2.39777e-05
-0.984375 2.35723e-05

-0.984375 2.3572e-05
-0.96875 2.31629e-05

-0.96875 2.31626e-05
-0.953125 2.27506e-05

-0.953125 2.27504e-05
-0.9375 2.23366e-05

-0.9375 2.23363e-05
-0.921875 2.19218e-05

-0.921875 2.19216e-05
-0.90625 2.15074e-05

-0.90625 2.15072e-05
-0.890625 2.10944e-05

-0.890625 2.10942e-05
-0.875 2.06838e-05

-0.875 2.06836e-05
-0.859375 2.02764e-05

-0.859375 2.02763e-05
-0.84375 1.98732e-05

-0.84375 1.98731e-05
-0.828125 1.94749e-05

-0.828125 1.94748e-05
-0.8125 1.9082e-05

-0.8125 1.90819e-05
-0.796875 1.86952e-05

-0.796875 1.86951e-05
-0.78125 1.83147e-05

-0.78125 1.83147e-05
-0.765625 1.7941e-05

-0.765625 1.7941e-05
-0.75 1.75742e-05

-0.75 1.75742e-05
-0.734375 1.72143e-05

-0.734375 1.72143e-05
-0.71875 1.68614e-05

-0.71875 1.68614e-05
-0.703125 1.65152e-05

-0.703125 1.65153e-05
-0.6875 1.61757e-05

-0.6875 1.61758e-05
-0.671875 1.58424e-05

-0.671875 1.58425e-05
-0.65625 1.55149e-05

-0.65625 1.55151e-05
-0.640625 1.51927e-05

-0.640625 1.51929e-05
-0.625 1.48752e-05

-0.625 1.48754e-05
-0.609375 1.45617e-05

-0.609375 1.45619e-05
-0.59375 1.42514e-05

-0.59375 1.42516e-05
-0.578125 1.39435e-05

-0.578125 1.39437e-05
-0.5625 1.3637e-05

-0.5625 1.36372e-05
-0.546875 1.3331e-05

-0.546875 1.33313e-05
-0.53125 1.30246e-05

-0.53125 1.30248e-05
-0.515625 1.27168e-05

-0.515625 1.2717e-05
-0.5 1.24065e-05

-0.5 1.24068e-05
-0.484375 1.2093e-05

-0.484375 1.20932e-05
-0.46875 1.17753e-05

-0.46875 1.17755e-05
-0.453125 1.14527e-05

2.59375 -0.000115789
2.60938 -0.000116137

2.60938 -0.00011614
2.625 -0.000116327

2.625 -0.00011633
2.64062 -0.000116344

2.64062 -0.000116347
2.65625 -0.000116175

2.65625 -0.000116179
2.67188 -0.000115808

2.67188 -0.000115812
2.6875 -0.000115229

2.6875 -0.000115233
2.70312 -0.000114424

2.70312 -0.000114427
2.71875 -0.000113376

2.71875 -0.00011338
2.73438 -0.000112073

0.21875 -5.9283e-06
0.234375 -6.33391e-06

2.73438 -0.000112076
2.75 -0.000110496

2.75 -0.0001105
2.76562 -0.000108632

2.76562 -0.000108636
2.78125 -0.000106464

2.78125 -0.000106469
2.79688 -0.000103976

2.79688 -0.000103981
2.8125 -0.00010115

2.8125 -0.000101155
2.82812 -9.79692e-05

2.82812 -9.79737e-05
2.84375 -9.44138e-05

0.234375 -6.33402e-06
0.25 -6.73527e-06

2.84375 -9.44193e-05
2.85938 -9.04652e-05

2.85938 -9.04689e-05
2.875 -8.6102e-05

-0.453125 1.14529e-05
-0.4375 1.11246e-05

-0.4375 1.11247e-05
-0.421875 1.07904e-05

2.875 -8.61087e-05
2.89062 -8.13081e-05

2.89062 -8.13113e-05
2.90625 -7.6057e-05

0.25 -6.73538e-06
0.265625 -7.13186e-06

0.265625 -7.13196e-06
0.28125 -7.52322e-06

0.28125 -7.52332e-06
0.296875 -7.90894e-06

0.296875 -7.90903e-06
0.3125 -8.28861e-06

0.3125 -8.28869e-06
0.328125 -8.66188e-06

0.328125 -8.66194e-06
0.34375 -9.02845e-06

0.34375 -9.0285e-06
0.359375 -9.3881e-06

2.90625 -7.60652e-05
2.92188 -7.03343e-05

2.92188 -7.03371e-05
2.9375 -6.41076e-05

-0.421875 1.07905e-05
-0.40625 1.04498e-05

-0.40625 1.04498e-05
-0.390625 1.01026e-05

0.359375 -9.38811e-06
0.375 -9.74068e-06

-0.390625 1.01026e-05
-0.375 9.74859e-06

0.375 -9.74068e-06
0.390625 -1.00862e-05

0.390625 -1.00862e-05
0.40625 -1.04248e-05

0.40625 -1.04247e-05
0.421875 -1.07566e-05

-0.375 9.74856e-06
-0.359375 9.38794e-06

-0.359375 9.3879e-06
-0.34375 9.0208e-06

-0.34375 9.02072e-06
-0.328125 8.64738e-06

-0.328125 8.6473e-06
-0.3125 8.26805e-06

-0.3125 8.26795e-06
-0.296875 7.88317e-06

-0.296875 7.88307e-06
-0.28125 7.49317e-06

2.9375 -6.41188e-05
2.95312 -5.73625e-05

2.95312 -5.73585e-05
2.96875 -5.00608e-05

-0.28125 7.49306e-06
-0.265625 7.09847e-06

0.421875 -1.07565e-05
0.4375 -1.10822e-05

-0.265625 7.09836e-06
-0.25 6.6995e-06

-0.25 6.6994e-06
-0.234375 6.29667e-06

-0.234375 6.29658e-06
-0.21875 5.8904e-06

-0.21875 5.89031e-06
-0.203125 5.48103e-06

-0.203125 5.48095e-06
-0.1875 5.06891e-06

-0.1875 5.06884e-06
-0.171875 4.65434e-06

-0.171875 4.65428e-06
-0.15625 4.2376e-06

-0.15625 4.23754e-06
-0.140625 3.81892e-06

-0.140625 3.81887e-06
-0.125 3.39853e-06

-0.125 3.39848e-06
-0.109375 2.9766e-06

-0.109375 2.97656e-06
-0.09375 2.55333e-06

-0.09375 2.55329e-06
-0.078125 2.12885e-06

-0.078125 2.12882e-06
-0.0625 1.70333e-06

-0.0625 1.70329e-06
-0.046875 1.27689e-06

-0.046875 1.27686e-06
-0.03125 8.49696e-07

-0.03125 8.49658e-07
-0.015625 4.2188e-07

2.96875 -5.00734e-05
2.98438 -4.22168e-05

2.98438 -4.21711e-05
3 -3.38218e-05

0.4375 -1.1082e-05
0.453125 -1.1402e-05

0.453125 -1.14018e-05
0.46875 -1.17168e-05

0.46875 -1.17166e-05
0.484375 -1.20274e-05

0.484375 -1.20272e-05
0.5 -1.23348e-05

3 -3.33947e-05
3.03125 -1.76014e-05

3.03125 -1.53219e-05
3.0625 -5.64617e-06

3.0625 -7.972e-06
3.125 -6.70154e-07

3.125 -4.48283e-06
3.25 -1.00959e-07

3.25 -2.86567e-06
3.5 -9.72275e-07

3.5 -3.39862e-06
4 -1.55291e-06

0.5 -1.23345e-05
0.515625 -1.264e-05

0.515625 -1.26398e-05
0.53125 -1.29442e-05

0.53125 -1.29439e-05
0.546875 -1.32484e-05

0.546875 -1.32482e-05
0.5625 -1.35539e-05

0.5625 -1.35537e-05
0.578125 -1.38618e-05

0.578125 -1.38615e-05
0.59375 -1.41731e-05

0.59375 -1.41729e-05
0.609375 -1.44889e-05

0.609375 -1.44887e-05
0.625 -1.48102e-05

0.625 -1.481e-05
0.640625 -1.51377e-05

0.640625 -1.51375e-05
0.65625 -1.54723e-05

0.65625 -1.54722e-05
0.671875 -1.58146e-05

0.671875 -1.58145e-05
0.6875 -1.61652e-05

0.6875 -1.61651e-05
0.703125 -1.65243e-05

0.703125 -1.65243e-05
0.71875 -1.68925e-05

0.71875 -1.68924e-05
0.734375 -1.72697e-05

0.734375 -1.72697e-05
0.75 -1.7656e-05

0.75 -1.7656e-05
0.765625 -1.80513e-05

0.765625 -1.80514e-05
0.78125 -1.84554e-05

0.78125 -1.84556e-05
0.796875 -1.8868e-05

0.796875 -1.88681e-05
0.8125 -1.92885e-05

0.8125 -1.92887e-05
0.828125 -1.97163e-05

0.828125 -1.97165e-05
0.84375 -2.01507e-05

0.84375 -2.01509e-05
0.859375 -2.05908e-05

0.859375 -2.0591e-05
0.875 -2.10356e-05

0.875 -2.10359e-05
0.890625 -2.1484e-05

0.890625 -2.14843e-05
0.90625 -2.19349e-05

0.90625 -2.19352e-05
0.921875 -2.2387e-05

0.921875 -2.23873e-05
0.9375 -2.28389e-05

0.9375 -2.28392e-05
0.953125 -2.32893e-05

0.953125 -2.32897e-05
0.96875 -2.3737e-05

0.96875 -2.37373e-05
0.984375 -2.41805e-05

0.984375 -2.41808e-05
1 -2.46188e-05

1 -2.4619e-05
1.01562 -2.50506e-05

1.01562 -2.50509e-05
1.03125 -2.54752e-05

1.03125 -2.54753e-05
1.04688 -2.58917e-05

1.04688 -2.58918e-05
1.0625 -2.62996e-05

1.0625 -2.62997e-05
1.07812 -2.66987e-05

1.07812 -2.66987e-05
1.09375 -2.7089e-05

1.09375 -2.70889e-05
1.10938 -2.74707e-05

1.10938 -2.74705e-05
1.125 -2.78442e-05

1.125 -2.7844e-05
1.14062 -2.82102e-05

1.14062 -2.821e-05
1.15625 -2.85696e-05

1.15625 -2.85693e-05
1.17188 -2.89232e-05

1.17188 -2.89229e-05
1.1875 -2.92721e-05

1.1875 -2.92718e-05
1.20312 -2.96173e-05

1.20312 -2.9617e-05
1.21875 -2.99599e-05

1.21875 -2.99596e-05
1.23438 -3.0301e-05

1.23438 -3.03007e-05
1.25 -3.06414e-05

1.25 -3.06412e-05
1.26562 -3.09823e-05

1.26562 -3.09821e-05
1.28125 -3.13243e-05

1.28125 -3.13242e-05
1.29688 -3.16684e-05

1.29688 -3.16682e-05
1.3125 -3.20152e-05

1.3125 -3.20151e-05
1.32812 -3.23655e-05

1.32812 -3.23653e-05
1.34375 -3.272e-05

1.34375 -3.27198e-05
1.35938 -3.30792e-05

1.35938 -3.3079e-05
1.375 -3.34441e-05

1.375 -3.34439e-05
1.39062 -3.38153e-05

1.39062 -3.38151e-05
1.40625 -3.41938e-05

1.40625 -3.41936e-05
1.42188 -3.45805e-05

1.42188 -3.45802e-05
1.4375 -3.49764e-05

1.4375 -3.49761e-05
1.45312 -3.53825e-05

1.45312 -3.53823e-05
1.46875 -3.58e-05

1.46875 -3.57998e-05
1.48438 -3.62299e-05

1.48438 -3.62296e-05
1.5 -3.6673e-05

