-3.98717 0
-3.5 0.000909342

-3.5 0.000146724
-3.25 0.000918659

-3.25 0.000233046
-3.125 0.00162547

-3.125 0.000788789
-3.0625 0.00277075

0.078125 -0.000385191
0.0706329 0

0.078125 -0.00039699
0.09375 -0.0012009

0.09375 -0.00120093
0.109375 -0.00200534

0.109375 -0.00200537
0.125 -0.00281019

-3.0625 0.00230403
-3.03125 0.00466534

0.125 -0.00281021
0.140625 -0.00361535

0.140625 -0.00361538
0.15625 -0.00442073

0.15625 -0.00442075
0.171875 -0.00522622

-3.03125 0.00527174
-3 0.008724

0.171875 -0.00522624
0.1875 -0.00603172

0.1875 -0.00603175
0.203125 -0.00683713

0.203125 -0.00683716
0.21875 -0.00764234

-3 0.00871568
-2.98438 0.0103964

-2.98438 0.0103976
-2.96875 0.0120472

-2.96875 0.0120471
-2.95312 0.0136632

-1.5 0.0610984
-1.48438 0.0608504

-1.48438 0.0608503
-1.46875 0.0605915

-1.46875 0.0605915
-1.45312 0.0603219

-1.45312 0.0603219
-1.4375 0.0600418

-1.4375 0.0600418
-1.42188 0.0597512

-1.42188 0.0597512
-1.40625 0.0594503

-1.40625 0.0594503
-1.39062 0.0591392

-1.39062 0.0591392
-1.375 0.058818

-1.375 0.0588179
-1.35938 0.0584868

-1.35938 0.0584868
-1.34375 0.0581458

-1.34375 0.0581457
-1.32812 0.057795

-1.32812 0.0577949
-1.3125 0.0574346

-1.3125 0.0574346
-1.29688 0.0570647

-1.29688 0.0570647
-1.28125 0.0566854

-1.28125 0.0566854
-1.26562 0.0562968

-1.26562 0.0562968
-1.25 0.0558991

-1.25 0.0558991
-1.23438 0.0554924

-2.95312 0.0136632
-2.9375 0.0152463

-2.9375 0.0152194
-2.93341 0.015625

-2.93377 0.015625
-2.92188 0.0168054

0.21875 -0.00764237
0.234375 -0.00844726

0.234375 -0.00844728
0.25 -0.00925176

0.25 -0.00925179
0.265625 -0.0100557

0.265625 -0.0100558
0.28125 -0.0108591

0.28125 -0.0108591
0.296875 -0.0116617

0.296875 -0.0116617
0.3125 -0.0124635

0.3125 -0.0124635
0.328125 -0.0132643

0.328125 -0.0132643
0.34375 -0.014064

0.34375 -0.014064
0.359375 -0.0148625

0.375 -0.0156574
0.374365 -0.015625

0.359375 -0.0148626
0.374318 -0.015625

0.375 -0.0156597
0.390625 -0.0164555

0.390625 -0.0164555
0.40625 -0.0172499

0.40625 -0.0172499
0.421875 -0.0180426

0.421875 -0.0180427
0.4375 -0.0188338

0.4375 -0.0188338
0.453125 -0.0196232

0.453125 -0.0196232
0.46875 -0.0204107

0.46875 -0.0204107
0.484375 -0.0211962

0.484375 -0.0211962
0.5 -0.0219796

0 0.00361247
0.015625 0.00281227

0.015625 0.00281224
0.03125 0.0020111

0.03125 0.00201107
0.046875 0.00120909

0.046875 0.00120907
0.0625 0.000406369

0.0625 0.000394845
0.0701798 0

1.53125 -0.0627933
1.51844 -0.0625

1.53125 -0.0627958
1.54688 -0.0631419

1.54688 -0.063142
1.5625 -0.0634764

1.5 -0.0620686
1.51562 -0.0624379

1.51562 -0.0624507
1.51778 -0.0625

1.5625 -0.0634764
1.57812 -0.0637988

1.57812 -0.0637988
1.59375 -0.064109

1.59375 -0.064109
1.60938 -0.0644068

1.60938 -0.0644068
1.625 -0.064692

1.625 -0.0646921
1.64062 -0.0649645

1.64062 -0.0649645
1.65625 -0.0652239

1.65625 -0.065224
1.67188 -0.0654702

1.67188 -0.0654702
1.6875 -0.065703

1.6875 -0.0657031
1.70312 -0.0659222

1.70312 -0.0659223
1.71875 -0.0661276

1.71875 -0.0661277
1.73438 -0.066319

1.73438 -0.0663191
1.75 -0.0664961

1.75 -0.0664962
1.76562 -0.0666588

1.76562 -0.0666589
1.78125 -0.0668068

1.78125 -0.0668068
1.79688 -0.0669398

1.79688 -0.0669399
1.8125 -0.0670578

1.8125 -0.0670578
1.82812 -0.0671603

1.82812 -0.0671604
1.84375 -0.0672473

1.84375 -0.0672474
1.85938 -0.0673185

1.85938 -0.0673185
1.875 -0.0673736

-1.23438 0.0554923
-1.21875 0.0550766

-1.21875 0.0550766
-1.20312 0.0546521

-1.20312 0.0546521
-1.1875 0.0542188

-1.1875 0.0542188
-1.17188 0.053777

-1.17188 0.0537769
-1.15625 0.0533266

-1.15625 0.0533265
-1.14062 0.0528678

-1.14062 0.0528678
-1.125 0.0524007

-1.125 0.0524007
-1.10938 0.0519254

-1.10938 0.0519254
-1.09375 0.0514421

-1.09375 0.0514421
-1.07812 0.0509508

-1.07812 0.0509507
-1.0625 0.0504516

-1.0625 0.0504515
-1.04688 0.0499446

-1.04688 0.0499446
-1.03125 0.04943

-1.03125 0.04943
-1.01562 0.0489079

-1.01562 0.0489079
-1 0.0483784

-2.92188 0.0167964
-2.90625 0.0183143

-1 0.0483784
-0.984375 0.0478416

-0.984375 0.0478415
-0.96875 0.0472975

-0.953125 0.0467641
-0.95627 0.046875

-2.90625 0.0183142
-2.89062 0.0198

-2.89062 0.0197999
-2.875 0.0212539

-2.875 0.0212538
-2.85938 0.0226764

-2.85938 0.0226763
-2.84375 0.024068

-2.84375 0.0240679
-2.82812 0.0254289

-2.82812 0.0254288
-2.8125 0.0267597

-2.8125 0.0267596
-2.79688 0.0280608

-2.79688 0.0280607
-2.78125 0.0293325

-2.78125 0.0293324
-2.76562 0.0305752

-2.76562 0.0305577
-2.75672 0.03125

-2.75722 0.03125
-2.75 0.0318112

-2.75 0.0317894
-2.73438 0.0329754

-2.73438 0.0329753
-2.71875 0.0341334

-2.71875 0.0341334
-2.70312 0.0352639

-2.70312 0.0352638
-2.6875 0.0363671

-2.6875 0.036367
-2.67188 0.0374434

-2.67188 0.0374433
-2.65625 0.0384931

-2.65625 0.038493
-2.64062 0.0395166

-2.64062 0.0395166
-2.625 0.0405143

-0.96875 0.0472925
-0.956913 0.046875

-0.953125 0.0467464
-0.9375 0.0461884

-0.9375 0.0461883
-0.921875 0.0456233

-0.921875 0.0456233
-0.90625 0.0450515

-0.90625 0.0450515
-0.890625 0.0444729

-0.890625 0.0444729
-0.875 0.0438877

-0.875 0.0438877
-0.859375 0.0432961

-0.859375 0.043296
-0.84375 0.0426979

-0.84375 0.0426979
-0.828125 0.0420935

1.875 -0.0673736
1.89062 -0.0674124

1.89062 -0.0674124
1.90625 -0.0674346

1.90625 -0.0674347
1.92188 -0.0674401

0.5 -0.0219796
0.515625 -0.0227608

0.515625 -0.0227609
0.53125 -0.0235397

0.53125 -0.0235397
0.546875 -0.0243162

0.546875 -0.0243162
0.5625 -0.02509

-0.828125 0.0420935
-0.8125 0.0414829

1.92188 -0.0674402
1.9375 -0.0674286

1.9375 -0.0674287
1.95312 -0.0673998

1.95312 -0.0673999
1.96875 -0.0673535

1.96875 -0.0673536
1.98438 -0.0672894

0.5625 -0.0250901
0.578125 -0.0258613

-2.625 0.0405142
-2.60938 0.0414865

-2.60938 0.0414864
-2.59375 0.0424334

-2.59375 0.0424334
-2.57812 0.0433555

-2.57812 0.0433555
-2.5625 0.0442531

-2.5625 0.0442531
-2.54688 0.0451265

-2.54688 0.0451264
-2.53125 0.045976

0.578125 -0.0258613
0.59375 -0.0266297

-2.53125 0.0459759
-2.51562 0.046802

-2.51562 0.0467834
-2.51384 0.046875

-2.51424 0.046875
-2.5 0.0476067

-2.5 0.0476046
-2.48438 0.0483842

-2.48438 0.0483842
-2.46875 0.0491411

-2.46875 0.049141
-2.45312 0.0498754

-2.45312 0.0498754
-2.4375 0.0505876

-2.4375 0.0505875
-2.42188 0.0512778

1.98438 -0.0672895
2 -0.0672073

0.59375 -0.0266297
0.609375 -0.0273952

0.609375 -0.0273952
0.625 -0.0281576

0.625 -0.0281577
0.640625 -0.0289169

0.640625 -0.0289169
0.65625 -0.0296729

0.65625 -0.0296729
0.671875 -0.0304254

-2.42188 0.0512777
-2.40625 0.0519463

2 -0.0672074
2.01562 -0.0671069

2.01562 -0.067107
2.03125 -0.066988

2.03125 -0.066988
2.04688 -0.0668502

-0.8125 0.0414829
-0.796875 0.0408662

0.671875 -0.0304255
0.6875 -0.0311745

0.703125 -0.0319174
0.689134 -0.03125

0.703125 -0.0319198
0.71875 -0.0326614

0.6875 -0.0311999
0.68855 -0.03125

0.71875 -0.0326615
0.734375 -0.0333992

0.734375 -0.0333993
0.75 -0.0341331

0.75 -0.0341331
0.765625 -0.0348628

-0.796875 0.0408662
-0.78125 0.0402435

-0.78125 0.0402434
-0.765625 0.0396148

-0.765625 0.0396148
-0.75 0.0389804

-0.75 0.0389804
-0.734375 0.0383403

-0.734375 0.0383403
-0.71875 0.0376946

2.04688 -0.0668502
2.0625 -0.0666933

-0.71875 0.0376945
-0.703125 0.0370433

-0.703125 0.0370433
-0.6875 0.0363867

0.765625 -0.0348629
0.78125 -0.0355884

-0.6875 0.0363867
-0.671875 0.0357248

-0.671875 0.0357248
-0.65625 0.0350577

-0.65625 0.0350576
-0.640625 0.0343855

0.78125 -0.0355884
0.796875 -0.0363096

-0.640625 0.0343854
-0.625 0.0337083

0.796875 -0.0363097
0.8125 -0.0370264

-0.625 0.0337083
-0.609375 0.0330262

-2.40625 0.0519462
-2.39062 0.0525934

-2.39062 0.0525933
-2.375 0.0532193

0.8125 -0.0370265
0.828125 -0.0377387

0.828125 -0.0377387
0.84375 -0.0384462

0.84375 -0.0384462
0.859375 -0.0391488

0.859375 -0.0391489
0.875 -0.0398465

0.875 -0.0398466
0.890625 -0.0405391

0.890625 -0.0405392
0.90625 -0.0412265

0.90625 -0.0412266
0.921875 -0.0419085

0.921875 -0.0419086
0.9375 -0.042585

0.9375 -0.0425851
0.953125 -0.0432559

0.953125 -0.0432559
0.96875 -0.043921

0.96875 -0.043921
0.984375 -0.0445801

0.984375 -0.0445802
1 -0.0452332

1 -0.0452333
1.01562 -0.0458801

1.01562 -0.0458802
1.03125 -0.0465207

1.04688 -0.047145
1.04022 -0.046875

1.03125 -0.0465283
1.03979 -0.046875

1.04688 -0.0471548
1.0625 -0.0477822

2.0625 -0.0666934
2.07812 -0.0665171

2.07812 -0.0665172
2.09375 -0.0663213

2.09375 -0.0663213
2.10938 -0.0661055

-2.375 0.0532192
-2.35938 0.0538243

2.10938 -0.0661056
2.125 -0.0658696

2.125 -0.0658697
2.14062 -0.0656132

-0.609375 0.0330262
-0.59375 0.0323394

2.14062 -0.0656132
2.15625 -0.065336

-0.5625 0.0309646
-0.568907 0.03125

1.0625 -0.0477822
1.07812 -0.0484029

1.07812 -0.048403
1.09375 -0.0490168

2.15625 -0.0653361
2.17188 -0.0650378

2.17188 -0.0650378
2.1875 -0.0647182

2.1875 -0.0647183
2.20312 -0.0643769

2.20312 -0.064377
2.21875 -0.0640137

-0.59375 0.0323393
-0.578125 0.0316479

2.21875 -0.0640138
2.23438 -0.0636283

2.23438 -0.0636284
2.25 -0.0632202

1.09375 -0.0490169
1.10938 -0.0496237

1.10938 -0.0496238
1.125 -0.0502235

2.25 -0.0632203
2.26562 -0.0627893

2.26562 -0.0628017
2.276 -0.0625

1.125 -0.0502235
1.14062 -0.050816

1.14062 -0.050816
1.15625 -0.051401

1.15625 -0.051401
1.17188 -0.0519784

2.27486 -0.0625
2.28125 -0.0623143

1.17188 -0.0519785
1.1875 -0.0525481

-0.578125 0.0316384
-0.569407 0.03125

-2.35938 0.0538242
-2.34375 0.0544087

2.28125 -0.0623352
2.29688 -0.0618574

2.29688 -0.0618575
2.3125 -0.0613559

2.3125 -0.061356
2.32812 -0.0608302

2.32812 -0.0608303
2.34375 -0.0602801

2.34375 -0.0602802
2.35938 -0.0597051

2.35938 -0.0597052
2.375 -0.059105

1.1875 -0.0525482
1.20312 -0.0531099

2.375 -0.059105
2.39062 -0.0584793

2.39062 -0.0584794
2.40625 -0.0578278

2.40625 -0.0578279
2.42188 -0.0571501

-2.34375 0.0544086
-2.32812 0.0549726

1.20312 -0.05311
1.21875 -0.0536637

-2.32812 0.0549726
-2.3125 0.0555164

1.21875 -0.0536637
1.23438 -0.0542092

2.42188 -0.0571502
2.4375 -0.0564458

-2.3125 0.0555164
-2.29688 0.0560403

-0.5625 0.0309518
-0.546875 0.0302512

1.23438 -0.0542092
1.25 -0.0547464

-0.546875 0.0302512
-0.53125 0.0295461

1.25 -0.0547464
1.26562 -0.055275

1.26562 -0.0552751
1.28125 -0.055795

-2.29688 0.0560402
-2.28125 0.0565445

-0.53125 0.0295461
-0.515625 0.0288367

-2.28125 0.0565445
-2.26562 0.0570293

2.4375 -0.0564459
2.45312 -0.0557146

-0.515625 0.0288367
-0.5 0.0281231

1.28125 -0.055795
1.29688 -0.0563061

-2.26562 0.0570292
-2.25 0.0574949

1.29688 -0.0563061
1.3125 -0.0568082

1.3125 -0.0568082
1.32812 -0.0573011

-0.5 0.028123
-0.484375 0.0274052

-0.484375 0.0274052
-0.46875 0.0266833

-0.46875 0.0266833
-0.453125 0.0259574

-0.453125 0.0259573
-0.4375 0.0252275

2.45312 -0.0557147
2.46875 -0.0549561

2.46875 -0.0549562
2.48438 -0.0541699

1.32812 -0.0573011
1.34375 -0.0577846

1.34375 -0.0577847
1.35938 -0.0582587

1.35938 -0.0582587
1.375 -0.0587231

-2.25 0.0574949
-2.23438 0.0579416

1.375 -0.0587231
1.39062 -0.0591776

-0.4375 0.0252275
-0.421875 0.0244939

2.48438 -0.05417
2.5 -0.0533556

-0.421875 0.0244939
-0.40625 0.0237567

-0.40625 0.0237566
-0.390625 0.0230158

-0.390625 0.0230157
-0.375 0.0222714

2.5 -0.0533557
2.51562 -0.0525129

-0.375 0.0222714
-0.359375 0.0215236

2.51562 -0.052513
2.53125 -0.0516414

1.39062 -0.0591776
1.40625 -0.0596221

2.53125 -0.0516415
2.54688 -0.0507406

-2.23438 0.0579415
-2.21875 0.0583695

1.40625 -0.0596221
1.42188 -0.0600564

-2.21875 0.0583694
-2.20312 0.0587789

2.54688 -0.0507407
2.5625 -0.0498102

-0.359375 0.0215236
-0.34375 0.0207725

-2.20312 0.0587788
-2.1875 0.05917

-0.34375 0.0207725
-0.328125 0.0200183

-2.1875 0.0591699
-2.17188 0.059543

2.5625 -0.0498103
2.57812 -0.0488497

-2.17188 0.059543
-2.15625 0.0598982

1.42188 -0.0600564
1.4375 -0.0604803

-0.328125 0.0200183
-0.3125 0.0192609

1.4375 -0.0604803
1.45312 -0.0608936

2.57812 -0.0488498
2.59375 -0.0478586

-2.15625 0.0598982
-2.14062 0.0602358

2.59375 -0.0478604
2.60881 -0.046875

2.60832 -0.046875
2.60938 -0.0468057

-0.3125 0.0192609
-0.296875 0.0185006

1.45312 -0.0608937
1.46875 -0.0612963

-2.14062 0.0602357
-2.125 0.0605559

2.60938 -0.0468368
2.625 -0.0457834

-2.125 0.0605558
-2.10938 0.0608587

2.625 -0.0457835
2.64062 -0.0446984

2.64062 -0.0446985
2.65625 -0.0435813

-2.10938 0.0608587
-2.09375 0.0611445

2.65625 -0.0435814
2.67188 -0.0424317

2.67188 -0.0424318
2.6875 -0.0412492

2.6875 -0.0412493
2.70312 -0.0400332

1.46875 -0.0612963
1.48438 -0.061688

1.48438 -0.061688
1.5 -0.0620686

-2.09375 0.0611445
-2.07812 0.0614135

-2.07812 0.0614134
-2.0625 0.0616657

-2.0625 0.0616657
-2.04688 0.0619015

-0.296875 0.0185006
-0.28125 0.0177374

-0.28125 0.0177374
-0.265625 0.0169714

-0.265625 0.0169714
-0.25 0.0162028

-2.04688 0.0619015
-2.03125 0.0621211

-0.234375 0.0154413
-0.238096 0.015625

2.70312 -0.0400333
2.71875 -0.0387834

-2.03125 0.062121
-2.01562 0.0623245

2.71875 -0.0387835
2.73438 -0.0374992

-0.25 0.0161996
-0.238359 0.015625

-2.01562 0.0623244
-2.001 0.0625

2.73438 -0.0374993
2.75 -0.0361803

-2.00101 0.0625
-2 0.0625121

-0.234375 0.0154316
-0.21875 0.0146579

-0.21875 0.0146579
-0.203125 0.0138817

-0.203125 0.0138817
-0.1875 0.0131032

2.75 -0.0361804
2.76562 -0.034826

-2 0.0625119
-1.98438 0.0626838

2.76562 -0.0348261
2.78125 -0.0334359

-0.1875 0.0131032
-0.171875 0.0123225

-1.98438 0.0626837
-1.96875 0.06284

2.78125 -0.033436
2.79688 -0.0320095

-0.171875 0.0123224
-0.15625 0.0115395

-1.96875 0.06284
-1.95312 0.0629809

2.79688 -0.0320836
2.80578 -0.03125

-0.15625 0.0115395
-0.140625 0.0107545

-1.95312 0.0629808
-1.9375 0.0631066

-1.9375 0.0631065
-1.92188 0.0632172

-0.140625 0.0107545
-0.125 0.00996752

-1.92188 0.0632172
-1.90625 0.063313

-0.125 0.0099675
-0.109375 0.00917866

-0.109375 0.00917863
-0.09375 0.00838802

2.80414 -0.03125
2.8125 -0.0304669

-0.09375 0.00838799
-0.078125 0.0075957

-1.90625 0.063313
-1.89062 0.0633941

-0.078125 0.00759567
-0.0625 0.0068018

2.8125 -0.0305463
2.82812 -0.0290457

2.82812 -0.0290458
2.84375 -0.0275075

-1.89062 0.0633941
-1.875 0.0634607

2.84375 -0.0275076
2.85938 -0.0259311

-1.875 0.0634607
-1.85938 0.063513

-1.85938 0.0635129
-1.84375 0.063551

-1.84375 0.063551
-1.82812 0.063575

-1.82812 0.063575
-1.8125 0.0635851

2.85938 -0.0259312
2.875 -0.024316

2.875 -0.0243162
2.89062 -0.0226618

-0.0625 0.00680177
-0.046875 0.00600643

-0.046875 0.0060064
-0.03125 0.00520968

-1.8125 0.0635851
-1.79688 0.0635815

-1.79688 0.0635815
-1.78125 0.0635644

-1.78125 0.0635643
-1.76562 0.0635338

-1.76562 0.0635337
-1.75 0.0634899

-0.03125 0.00520965
-0.015625 0.00441167

-0.015625 0.00441164
0 0.00361249

-1.75 0.0634899
-1.73438 0.0634329

-1.73438 0.0634329
-1.71875 0.0633629

-1.71875 0.0633629
-1.70312 0.0632801

-1.70312 0.0632801
-1.6875 0.0631846

-1.6875 0.0631845
-1.67188 0.0630765

-1.67188 0.0630765
-1.65625 0.062956

-1.65625 0.0629559
-1.64062 0.0628232

-1.64062 0.0628232
-1.625 0.0626783

2.89062 -0.0226619
2.90625 -0.0209678

-1.59375 0.0623527
-1.60739 0.0625

-1.59375 0.0623526
-1.57812 0.0621721

-1.57812 0.0621721
-1.5625 0.06198

-1.625 0.0626782
-1.60938 0.0625214

-1.60938 0.0625209
-1.60744 0.0625

-1.5625 0.06198
-1.54688 0.0617765

-1.54688 0.0617765
-1.53125 0.0615616

-1.53125 0.0615616
-1.51562 0.0613356

-1.51562 0.0613355
-1.5 0.0610984

2.90625 -0.0209679
2.92188 -0.0192336

2.92188 -0.0192337
2.9375 -0.0174585

2.9375 -0.0174586
2.95312 -0.0156421

2.95312 -0.0156432
2.95328 -0.015625

2.95327 -0.015625
2.96875 -0.0137839

2.96875 -0.013784
2.98438 -0.0118837

2.98438 -0.0118825
3 -0.00994261

3 -0.00995523
3.03125 -0.00595031

3.03125 -0.00521994
3.0625 -0.00250679

3.0625 -0.00308967
3.125 -0.000836851

3.125 -0.00179556
3.25 -0.000223052

3.25 -0.00100744
3.5 -0.000140306

3.5 -0.000999544
3.97813 0

