-2.66667 -0.00077098
-2.33333 0.000303004

-0.833333 -0.0202103
-0.822917 -0.0200743

-0.822917 -0.0200742
-0.8125 -0.0199339

-0.8125 -0.0199339
-0.802083 -0.0197892

-0.802083 -0.0197892
-0.791667 -0.0196404

-0.791667 -0.0196403
-0.78125 -0.0194873

-0.78125 -0.0194873
-0.770833 -0.0193302

-0.770833 -0.0193302
-0.760417 -0.019169

-0.760417 -0.019169
-0.75 -0.0190037

-2.33333 0.00156358
-2.16667 0.00245553

-2 -0.000814189
-2.01875 3.81639e-17

-2.16667 0.00314443
-2.08333 0.00244836

-0.75 -0.0190037
-0.739583 -0.0188345

-0.739583 -0.0188345
-0.729167 -0.0186614

-0.729167 -0.0186614
-0.71875 -0.0184845

-0.71875 -0.0184845
-0.708333 -0.0183037

-0.708333 -0.0183037
-0.697917 -0.0181191

-0.697917 -0.0181191
-0.6875 -0.0179309

-0.6875 -0.0179309
-0.677083 -0.017739

-0.677083 -0.0177389
-0.666667 -0.0175434

-2.08333 0.00224708
-2.04167 0.000971624

-2.04167 0.000922244
-2.02083 9.43312e-05

-2.02083 4.20228e-05
-2.01987 7.28584e-17

-2 -0.000827149
-1.98958 -0.00130219

-1.98958 -0.00130191
-1.97917 -0.00177422

-1.97917 -0.00177424
-1.96875 -0.00224433

-1.96875 -0.00224457
-1.95833 -0.00271191

-1.95833 -0.00271196
-1.94792 -0.00317595

-1.94792 -0.00317605
-1.9375 -0.00363637

-1.9375 -0.00363642
-1.92708 -0.00409278

-1.92708 -0.00409285
-1.91667 -0.00454501

-1.91667 -0.00454504
-1.90625 -0.00499279

-1.90625 -0.00499284
-1.89583 -0.00543601

-0.666667 -0.0175434
-0.65625 -0.0173444

0.833333 0.0197477
0.84375 0.0198811

1.47451e-16 -0.000105165
0.0035553 7.45931e-17

0.00428903 3.64292e-17
0.0104167 0.000181253

0.0104167 0.000189437
0.0208333 0.000497453

0.0208333 0.000497467
0.03125 0.000805325

0.03125 0.00080534
0.0416667 0.00111298

0.0416667 0.001113
0.0520833 0.00142037

0.0520833 0.00142038
0.0625 0.00172741

0.0625 0.00172743
0.0729167 0.00203407

0.0729167 0.00203408
0.0833333 0.00234026

0.0833333 0.00234028
0.09375 0.00264594

0.09375 0.00264595
0.104167 0.00295105

0.104167 0.00295106
0.114583 0.00325552

0.114583 0.00325553
0.125 0.00355931

0.125 0.00355932
0.135417 0.00386234

0.135417 0.00386236
0.145833 0.00416458

0.145833 0.00416459
0.15625 0.00446596

0.15625 0.00446597
0.166667 0.00476642

0.166667 0.00476644
0.177083 0.00506592

0.177083 0.00506593
0.1875 0.00536439

0.1875 0.0053644
0.197917 0.00566178

0.197917 0.00566179
0.208333 0.00595803

0.208333 0.00595804
0.21875 0.00625309

0.21875 0.00625311
0.229167 0.00654691

0.229167 0.00654693
0.239583 0.00683943

0.239583 0.00683945
0.25 0.0071306

0.25 0.00713061
0.260417 0.00742036

0.260417 0.00742037
0.270833 0.00770865

0.270833 0.00770866
0.28125 0.00799543

0.28125 0.00799545
0.291667 0.00828064

0.291667 0.00828066
0.302083 0.00856423

0.302083 0.00856424
0.3125 0.00884614

0.3125 0.00884615
0.322917 0.00912632

0.322917 0.00912633
0.333333 0.00940472

0.333333 0.00940473
0.34375 0.00968129

0.34375 0.0096813
0.354167 0.00995597

0.354167 0.00995598
0.364583 0.0102287

0.364583 0.0102304
0.371749 0.0104167

0.371961 0.0104167
0.375 0.0104957

0.375 0.0104995
0.385417 0.0107683

0.385417 0.0107683
0.395833 0.0110351

0.84375 0.0198811
0.854167 0.0200104

0.854167 0.0200104
0.864583 0.0201357

0.864583 0.0201357
0.875 0.0202568

0.875 0.0202568
0.885417 0.0203737

0.885417 0.0203737
0.895833 0.0204863

0.895833 0.0204863
0.90625 0.0205947

0.90625 0.0205947
0.916667 0.0206988

0.395833 0.0110351
0.40625 0.0112998

0.40625 0.0112998
0.416667 0.0115624

0.416667 0.0115624
0.427083 0.0118227

0.427083 0.0118228
0.4375 0.0120809

0.4375 0.0120809
0.447917 0.0123368

0.447917 0.0123368
0.458333 0.0125903

0.458333 0.0125903
0.46875 0.0128414

0.46875 0.0128415
0.479167 0.0130901

0.916667 0.0206988
0.927083 0.0207985

0.479167 0.0130901
0.489583 0.0133363

-0.65625 -0.0173444
-0.645833 -0.0171418

0.489583 0.0133363
0.5 0.01358

-1.89583 -0.00543604
-1.88542 -0.00587447

-1.88542 -0.0058745
-1.875 -0.00630806

-1.875 -0.00630808
-1.86458 -0.00673665

-1.86458 -0.00673667
-1.85417 -0.00716014

-1.85417 -0.00716016
-1.84375 -0.00757843

-1.84375 -0.00757845
-1.83333 -0.00799144

-0.645833 -0.0171418
-0.635417 -0.0169358

-0.635417 -0.0169358
-0.625 -0.0167264

-0.625 -0.0167264
-0.614583 -0.0165137

-0.614583 -0.0165137
-0.604167 -0.0162977

-0.604167 -0.0162977
-0.59375 -0.0160785

-0.59375 -0.0160785
-0.583333 -0.0158561

-1.83333 -0.00799146
-1.82292 -0.00839909

-1.82292 -0.00839911
-1.8125 -0.00880129

-1.8125 -0.00880131
-1.80208 -0.00919798

-1.80208 -0.00919799
-1.79167 -0.00958909

-1.79167 -0.0095891
-1.78125 -0.00997456

-1.78125 -0.00997458
-1.77083 -0.0103544

-1.76042 -0.0107265
-1.76905 -0.0104167

-1.77083 -0.0103646
-1.76938 -0.0104167

-1.76042 -0.0107284
-1.75 -0.0110967

-1.75 -0.0110968
-1.73958 -0.0114593

-1.73958 -0.0114593
-1.72917 -0.0118159

-1.72917 -0.011816
-1.71875 -0.0121667

-1.71875 -0.0121667
-1.70833 -0.0125116

-1.70833 -0.0125116
-1.69792 -0.0128505

-1.69792 -0.0128505
-1.6875 -0.0131835

-1.6875 -0.0131835
-1.67708 -0.0135104

-1.67708 -0.0135104
-1.66667 -0.0138313

0.5 0.01358
0.510417 0.013821

0.510417 0.013821
0.520833 0.0140594

0.520833 0.0140594
0.53125 0.0142952

0.53125 0.0142952
0.541667 0.0145281

0.927083 0.0207992
0.930816 0.0208333

0.930921 0.0208333
0.9375 0.0208936

0.9375 0.0208939
0.947917 0.0209848

0.947917 0.0209849
0.958333 0.0210714

0.958333 0.0210714
0.96875 0.0211534

0.96875 0.0211534
0.979167 0.0212309

0.979167 0.0212309
0.989583 0.0213038

0.989583 0.0213038
1 0.0213721

1 0.0213721
1.01042 0.0214358

1.01042 0.0214358
1.02083 0.0214948

1.02083 0.0214948
1.03125 0.021549

1.03125 0.021549
1.04167 0.0215985

1.04167 0.0215985
1.05208 0.0216432

1.05208 0.0216433
1.0625 0.0216831

1.0625 0.0216831
1.07292 0.0217181

1.07292 0.0217181
1.08333 0.0217482

1.08333 0.0217482
1.09375 0.0217734

1.09375 0.0217734
1.10417 0.0217936

1.10417 0.0217936
1.11458 0.0218087

1.11458 0.0218087
1.125 0.0218188

-1.66667 -0.0138313
-1.65625 -0.0141461

-1.65625 -0.0141461
-1.64583 -0.0144548

-1.64583 -0.0144548
-1.63542 -0.0147574

-1.63542 -0.0147574
-1.625 -0.0150539

-1.625 -0.0150539
-1.61458 -0.0153443

-1.61458 -0.0153443
-1.60417 -0.0156285

-1.60417 -0.0156285
-1.59375 -0.0159066

0.541667 0.0145281
0.552083 0.0147583

0.552083 0.0147583
0.5625 0.0149856

0.5625 0.0149857
0.572917 0.0152101

0.572917 0.0152101
0.583333 0.0154316

0.583333 0.0154316
0.59375 0.0156501

0.59375 0.0156501
0.604167 0.0158656

0.604167 0.0158657
0.614583 0.0160781

0.614583 0.0160781
0.625 0.0162874

0.625 0.0162874
0.635417 0.0164935

0.635417 0.0164935
0.645833 0.0166964

0.645833 0.0166964
0.65625 0.016896

0.65625 0.0168961
0.666667 0.0170924

1.125 0.0218189
1.13542 0.0218239

1.13542 0.0218239
1.14583 0.0218238

1.14583 0.0218238
1.15625 0.0218185

0.666667 0.0170924
0.677083 0.0172854

-0.583333 -0.0158561
-0.572917 -0.0156306

-0.572917 -0.0156306
-0.5625 -0.0154021

-0.5625 -0.0154021
-0.552083 -0.0151706

-0.552083 -0.0151706
-0.541667 -0.0149361

-1.59375 -0.0159066
-1.58333 -0.0161785

1.15625 0.0218185
1.16667 0.0218081

-1.58333 -0.0161785
-1.57292 -0.0164442

-0.541667 -0.0149361
-0.53125 -0.0146988

-0.53125 -0.0146988
-0.520833 -0.0144587

-0.520833 -0.0144587
-0.510417 -0.0142158

-0.510417 -0.0142158
-0.5 -0.0139702

-1.57292 -0.0164442
-1.5625 -0.0167037

1.16667 0.0218081
1.17708 0.0217924

-0.5 -0.0139702
-0.489583 -0.013722

0.677083 0.0172854
0.6875 0.0174749

-1.5625 -0.0167037
-1.55208 -0.016957

-1.55208 -0.016957
-1.54167 -0.0172042

-1.54167 -0.0172042
-1.53125 -0.0174451

1.17708 0.0217924
1.1875 0.0217715

-1.53125 -0.0174451
-1.52083 -0.0176798

-1.52083 -0.0176798
-1.51042 -0.0179082

-1.51042 -0.0179082
-1.5 -0.0181305

1.1875 0.0217715
1.19792 0.0217453

-1.5 -0.0181305
-1.48958 -0.0183466

-0.489583 -0.013722
-0.479167 -0.0134712

-0.479167 -0.0134712
-0.46875 -0.0132178

-0.46875 -0.0132178
-0.458333 -0.012962

1.19792 0.0217453
1.20833 0.0217138

-0.458333 -0.012962
-0.447917 -0.0127038

-0.447917 -0.0127038
-0.4375 -0.0124433

-0.4375 -0.0124433
-0.427083 -0.0121804

1.20833 0.0217138
1.21875 0.0216769

0.6875 0.0174749
0.697917 0.0176611

1.21875 0.0216769
1.22917 0.0216346

1.22917 0.0216346
1.23958 0.0215869

-0.427083 -0.0121804
-0.416667 -0.0119153

1.23958 0.0215869
1.25 0.0215338

1.25 0.0215338
1.26042 0.0214752

1.26042 0.0214752
1.27083 0.0214111

1.27083 0.0214111
1.28125 0.0213414

1.28125 0.0213414
1.29167 0.0212662

1.29167 0.0212662
1.30208 0.0211853

1.30208 0.0211853
1.3125 0.0210988

-1.48958 -0.0183466
-1.47917 -0.0185565

-1.47917 -0.0185565
-1.46875 -0.0187601

0.697917 0.0176611
0.708333 0.0178437

0.708333 0.0178437
0.71875 0.0180228

0.71875 0.0180228
0.729167 0.0181983

1.3125 0.0210988
1.32292 0.0210067

-0.416667 -0.0119153
-0.40625 -0.0116481

1.32292 0.0210067
1.33333 0.0209089

0.729167 0.0181984
0.739583 0.0183703

0.739583 0.0183703
0.75 0.0185385

-1.46875 -0.0187601
-1.45833 -0.0189576

0.75 0.0185385
0.760417 0.018703

0.760417 0.0187031
0.770833 0.0188638

0.770833 0.0188639
0.78125 0.0190209

1.34375 0.0208048
1.34088 0.0208333

-0.40625 -0.0116481
-0.395833 -0.0113787

1.34375 0.0208053
1.35417 0.020696

-1.45833 -0.0189576
-1.44792 -0.0191489

1.33333 0.0209091
1.34095 0.0208333

-0.395833 -0.0113787
-0.385417 -0.0111073

1.35417 0.020696
1.36458 0.0205809

0.78125 0.0190209
0.791667 0.019174

1.36458 0.0205809
1.375 0.0204601

-0.385417 -0.0111073
-0.375 -0.0108339

-1.44792 -0.0191489
-1.4375 -0.019334

-0.375 -0.0108338
-0.364583 -0.0105585

-0.364583 -0.0105506
-0.359552 -0.0104167

0.791667 0.019174
0.802083 0.0193233

-1.4375 -0.019334
-1.42708 -0.019513

0.802083 0.0193234
0.8125 0.0194687

-1.42708 -0.019513
-1.41667 -0.0196858

1.375 0.0204601
1.38542 0.0203334

0.8125 0.0194688
0.822917 0.0196102

1.38542 0.0203334
1.39583 0.0202009

0.822917 0.0196102
0.833333 0.0197477

-1.41667 -0.0196858
-1.40625 -0.0198524

1.39583 0.0202009
1.40625 0.0200625

1.40625 0.0200625
1.41667 0.0199182

-0.358945 -0.0104167
-0.354167 -0.0102895

-0.354167 -0.0102812
-0.34375 -0.0100021

-0.34375 -0.010002
-0.333333 -0.00972107

-1.40625 -0.0198524
-1.39583 -0.0200129

-1.39583 -0.0200129
-1.38542 -0.0201673

-1.38542 -0.0201673
-1.375 -0.0203155

1.41667 0.0199182
1.42708 0.019768

1.42708 0.019768
1.4375 0.0196118

-1.375 -0.0203155
-1.36458 -0.0204577

-1.36458 -0.0204577
-1.35417 -0.0205938

-0.333333 -0.00972105
-0.322917 -0.0094383

-1.33333 -0.0208478
-1.33454 -0.0208333

1.4375 0.0196118
1.44792 0.0194497

-0.322917 -0.00943829
-0.3125 -0.00915383

-0.3125 -0.00915381
-0.302083 -0.0088677

1.44792 0.0194497
1.45833 0.0192816

1.45833 0.0192816
1.46875 0.0191074

-1.35417 -0.0205938
-1.34375 -0.0207238

-1.34375 -0.0207238
-1.33454 -0.0208333

-0.302083 -0.00886768
-0.291667 -0.00857998

-0.291667 -0.00857996
-0.28125 -0.00829072

1.46875 0.0191074
1.47917 0.0189272

-1.33333 -0.0208477
-1.32292 -0.0209657

-0.28125 -0.00829071
-0.270833 -0.008

-0.270833 -0.00799998
-0.260417 -0.00770786

1.47917 0.0189273
1.48958 0.018741

1.48958 0.018741
1.5 0.0185487

-1.32292 -0.0209657
-1.3125 -0.0210776

-1.3125 -0.0210776
-1.30208 -0.0211835

1.5 0.0185487
1.51042 0.0183503

1.51042 0.0183503
1.52083 0.0181457

-0.260417 -0.00770784
-0.25 -0.00741437

-0.25 -0.00741435
-0.239583 -0.00711958

-0.239583 -0.00711957
-0.229167 -0.00682357

-0.229167 -0.00682355
-0.21875 -0.00652638

1.52083 0.0181457
1.53125 0.017935

-1.30208 -0.0211835
-1.29167 -0.0212834

-1.29167 -0.0212834
-1.28125 -0.0213774

-0.21875 -0.00652636
-0.208333 -0.00622807

-0.208333 -0.00622805
-0.197917 -0.00592871

1.53125 0.017935
1.54167 0.0177182

1.54167 0.0177182
1.55208 0.0174951

1.55208 0.0174951
1.5625 0.0172659

-1.28125 -0.0213774
-1.27083 -0.0214655

-1.27083 -0.0214655
-1.26042 -0.0215476

-0.197917 -0.00592869
-0.1875 -0.00562835

-0.1875 -0.00562833
-0.177083 -0.00532705

-0.177083 -0.00532704
-0.166667 -0.00502488

1.5625 0.0172659
1.57292 0.0170305

1.57292 0.0170305
1.58333 0.0167888

-0.166667 -0.00502486
-0.15625 -0.00472188

-0.15625 -0.00472187
-0.145833 -0.00441813

-1.26042 -0.0215476
-1.25 -0.0216239

-0.145833 -0.00441811
-0.135417 -0.00411367

-0.135417 -0.00411365
-0.125 -0.00380857

-0.125 -0.00380855
-0.114583 -0.00350288

-0.114583 -0.00350287
-0.104167 -0.00319667

-0.104167 -0.00319666
-0.09375 -0.00289

-0.09375 -0.00288998
-0.0833333 -0.00258292

-0.0833333 -0.0025829
-0.0729167 -0.00227549

-0.0729167 -0.00227547
-0.0625 -0.00196777

-0.0625 -0.00196776
-0.0520833 -0.00165982

-0.0520833 -0.00165981
-0.0416667 -0.00135171

-0.0416667 -0.00135169
-0.03125 -0.00104348

-1.25 -0.0216239
-1.23958 -0.0216943

-1.23958 -0.0216943
-1.22917 -0.0217589

-1.22917 -0.0217589
-1.21875 -0.0218177

-1.21875 -0.0218177
-1.20833 -0.0218707

1.58333 0.0167888
1.59375 0.0165409

1.59375 0.0165409
1.60417 0.0162868

1.60417 0.0162868
1.61458 0.0160264

1.61458 0.0160264
1.625 0.0157597

-1.20833 -0.0218707
-1.19792 -0.021918

-1.19792 -0.021918
-1.1875 -0.0219595

1.625 0.0157597
1.63542 0.0154867

1.63542 0.0154867
1.64583 0.0152075

-0.03125 -0.00104347
-0.0208333 -0.000735201

1.64583 0.0152075
1.65625 0.0149219

-1.1875 -0.0219595
-1.17708 -0.0219953

-1.17708 -0.0219953
-1.16667 -0.0220255

-0.0208333 -0.000735188
-0.0104167 -0.00042692

-0.0104167 -0.000426903
-1.47451e-16 -0.000118693

1.65625 0.0149219
1.66667 0.0146301

-1.16667 -0.0220255
-1.15625 -0.02205

-1.15625 -0.02205
-1.14583 -0.022069

-1.14583 -0.022069
-1.13542 -0.0220823

-1.13542 -0.0220823
-1.125 -0.0220901

-1.125 -0.0220901
-1.11458 -0.0220924

-1.11458 -0.0220924
-1.10417 -0.0220893

-1.10417 -0.0220893
-1.09375 -0.0220806

-1.09375 -0.0220806
-1.08333 -0.0220666

1.66667 0.0146301
1.67708 0.0143319

-1.08333 -0.0220666
-1.07292 -0.0220472

-1.07292 -0.0220472
-1.0625 -0.0220225

-1.0625 -0.0220225
-1.05208 -0.0219924

-1.05208 -0.0219924
-1.04167 -0.0219571

1.67708 0.0143319
1.6875 0.0140274

1.6875 0.0140274
1.69792 0.0137166

-1.04167 -0.0219571
-1.03125 -0.0219166

-1.03125 -0.0219166
-1.02083 -0.0218709

-1.02083 -0.0218709
-1.01042 -0.0218201

-1.01042 -0.0218201
-1 -0.0217641

1.69792 0.0137166
1.70833 0.0133995

1.70833 0.0133995
1.71875 0.0130761

-1 -0.0217641
-0.989583 -0.0217031

-0.989583 -0.0217031
-0.979167 -0.0216371

-0.979167 -0.0216371
-0.96875 -0.0215661

1.71875 0.0130761
1.72917 0.0127464

1.72917 0.0127464
1.73958 0.0124104

-0.96875 -0.0215661
-0.958333 -0.0214902

-0.958333 -0.0214902
-0.947917 -0.0214094

-0.947917 -0.0214094
-0.9375 -0.0213237

-0.9375 -0.0213237
-0.927083 -0.0212333

-0.927083 -0.0212333
-0.916667 -0.0211381

-0.916667 -0.0211381
-0.90625 -0.0210382

-0.90625 -0.0210381
-0.895833 -0.0209336

-0.895833 -0.0209335
-0.886283 -0.0208333

1.73958 0.0124104
1.75 0.0120681

1.75 0.0120681
1.76042 0.0117195

1.76042 0.0117195
1.77083 0.0113647

-0.886162 -0.0208333
-0.885417 -0.0208255

-0.885417 -0.0208243
-0.875 -0.0207105

-0.875 -0.0207105
-0.864583 -0.0205922

1.77083 0.0113647
1.78125 0.0110036

1.78125 0.0110035
1.79167 0.0106362

-0.864583 -0.0205922
-0.854167 -0.0204693

-0.854167 -0.0204693
-0.84375 -0.020342

-0.84375 -0.020342
-0.833333 -0.0202103

1.80208 0.0102678
1.79793 0.0104167

1.79167 0.0106326
1.79769 0.0104167

1.80208 0.0102627
1.8125 0.00988293

1.8125 0.00988292
1.82292 0.00949703

1.82292 0.00949702
1.83333 0.00910499

1.83333 0.00910498
1.84375 0.00870687

1.84375 0.00870686
1.85417 0.0083027

1.85417 0.00830269
1.86458 0.00789254

1.86458 0.00789252
1.875 0.00747644

1.875 0.00747642
1.88542 0.00705447

1.88542 0.00705445
1.89583 0.0066267

1.89583 0.00662668
1.90625 0.00619321

1.90625 0.00619318
1.91667 0.0057541

1.91667 0.00575407
1.92708 0.00530947

1.92708 0.00530943
1.9375 0.00485945

1.9375 0.00485942
1.94792 0.0044042

1.94792 0.00440414
1.95833 0.00394385

1.95833 0.00394382
1.96875 0.00347864

1.96875 0.00347851
1.97917 0.00300874

1.97917 0.00300876
1.98958 0.00253463

1.98958 0.0025343
2 0.00205642

2.08333 -0.00141178
2.0461 7.63278e-17

2.08333 -0.00157579
2.16667 -0.00344543

2 0.0020511
2.02083 0.00111044

2.02083 0.00110431
2.04167 0.0002001

2.04167 0.000164455
2.046 3.46945e-17

2.16667 -0.00364886
2.33333 -0.003022

2.33333 -0.000294695
2.66667 0.0009979

