-2.66667 -0.00162985
-2.33333 0.000593977

-2.33333 0.000791887
-2.16667 0.0036037

1.47451e-16 -0.00541857
0.0104167 -0.00535313

0.0104167 -0.00535312
0.0208333 -0.00528592

0.0208333 -0.00528591
0.03125 -0.00521695

0.03125 -0.00521695
0.0416667 -0.00514625

0.0416667 -0.00514625
0.0520833 -0.00507381

0.0520833 -0.00507381
0.0625 -0.00499965

0.0625 -0.00499965
0.0729167 -0.00492378

0.0729167 -0.00492378
0.0833333 -0.00484621

-2.16667 0.00438863
-2.08333 0.0060022

0.0833333 -0.00484621
0.09375 -0.00476695

-2.08333 0.00598646
-2.04167 0.00625466

-2.04167 0.00622377
-2.02083 0.00616739

-2.02083 0.00616056
-2 0.00598914

0.09375 -0.00476695
0.104167 -0.00468603

0.104167 -0.00468602
0.114583 -0.00460344

0.114583 -0.00460344
0.125 -0.00451921

0.125 -0.00451921
0.135417 -0.00443336

0.135417 -0.00443336
0.145833 -0.00434591

0.145833 -0.0043459
0.15625 -0.00425687

0.15625 -0.00425686
0.166667 -0.00416626

-2 0.00597472
-1.98958 0.00585422

-1.98958 0.0058529
-1.97917 0.00572912

-1.97917 0.00572921
-1.96875 0.00560459

-1.96875 0.00560435
-1.95833 0.0054792

-1.95833 0.00547919
-1.94792 0.005354

-1.94792 0.00535393
-1.9375 0.00522888

0.166667 -0.00416625
0.177083 -0.00407411

0.177083 -0.0040741
0.1875 -0.00398043

0.1875 -0.00398043
0.197917 -0.00388526

0.197917 -0.00388525
0.208333 -0.00378861

-1.9375 0.00522886
-1.92708 0.00510412

-1.92708 0.00510407
-1.91667 0.00497977

-1.91667 0.00497977
-1.90625 0.00485602

-1.90625 0.00485599
-1.89583 0.00473287

-1.89583 0.00473287
-1.88542 0.00461043

-1.88542 0.00461042
-1.875 0.00448868

-1.875 0.00448868
-1.86458 0.00436765

-1.86458 0.00436765
-1.85417 0.00424734

-1.85417 0.00424734
-1.84375 0.00412778

-0.833333 -0.0050309
-0.822917 -0.00509648

0.833333 0.00368627
0.84375 0.00381129

0.84375 0.0038113
0.854167 0.0039354

0.208333 -0.0037886
0.21875 -0.0036905

0.854167 0.00393541
0.864583 0.00405853

-1.84375 0.00412777
-1.83333 0.00400896

0.864583 0.00405854
0.875 0.00418065

0.875 0.00418066
0.885417 0.00430172

0.885417 0.00430173
0.895833 0.00442168

0.895833 0.00442169
0.90625 0.00454049

0.90625 0.0045405
0.916667 0.0046581

0.916667 0.00465811
0.927083 0.00477445

0.927083 0.00477447
0.9375 0.00488951

0.9375 0.00488952
0.947917 0.0050032

-0.822917 -0.00509649
-0.8125 -0.00516093

-0.8125 -0.00516094
-0.802083 -0.00522419

-0.802083 -0.0052242
-0.791667 -0.00528623

-0.791667 -0.00528623
-0.78125 -0.005347

-0.78125 -0.00534701
-0.770833 -0.00540647

-0.770833 -0.00540648
-0.760417 -0.00546459

-0.760417 -0.0054646
-0.75 -0.00552134

-0.75 -0.00552135
-0.739583 -0.00557667

-0.739583 -0.00557668
-0.729167 -0.00563056

-0.729167 -0.00563056
-0.71875 -0.00568297

-0.71875 -0.00568297
-0.708333 -0.00573388

-0.708333 -0.00573388
-0.697917 -0.00578327

-0.697917 -0.00578327
-0.6875 -0.00583113

-0.6875 -0.00583113
-0.677083 -0.00587745

-0.677083 -0.00587745
-0.666667 -0.00592222

-0.666667 -0.00592222
-0.65625 -0.00596544

-0.65625 -0.00596544
-0.645833 -0.00600711

-0.645833 -0.00600711
-0.635417 -0.00604724

-0.635417 -0.00604724
-0.625 -0.00608584

-0.625 -0.00608584
-0.614583 -0.0061229

-0.614583 -0.0061229
-0.604167 -0.00615844

-0.604167 -0.00615844
-0.59375 -0.00619247

-0.59375 -0.00619247
-0.583333 -0.006225

-0.583333 -0.00622499
-0.572917 -0.00625602

-0.572917 -0.00625602
-0.5625 -0.00628556

0.21875 -0.0036905
0.229167 -0.00359097

-0.5625 -0.00628556
-0.552083 -0.00631361

-0.552083 -0.00631361
-0.541667 -0.00634017

0.947917 0.00500322
0.958333 0.00511549

-1.83333 0.00400896
-1.82292 0.00389092

0.958333 0.00511551
0.96875 0.00522631

0.96875 0.00522633
0.979167 0.00533562

0.229167 -0.00359096
0.239583 -0.00349003

0.979167 0.00533563
0.989583 0.00544335

0.989583 0.00544336
1 0.00554943

0.239583 -0.00349002
0.25 -0.0033877

0.25 -0.0033877
0.260417 -0.00328401

0.260417 -0.00328401
0.270833 -0.00317898

0.270833 -0.00317898
0.28125 -0.00307262

0.28125 -0.00307262
0.291667 -0.00296496

0.291667 -0.00296496
0.302083 -0.00285601

0.302083 -0.002856
0.3125 -0.00274578

0.3125 -0.00274578
0.322917 -0.00263429

0.322917 -0.00263428
0.333333 -0.00252155

0.333333 -0.00252154
0.34375 -0.00240757

0.34375 -0.00240756
0.354167 -0.00229236

0.354167 -0.00229236
0.364583 -0.00217595

0.364583 -0.00217595
0.375 -0.00205834

0.375 -0.00205834
0.385417 -0.00193955

0.385417 -0.00193955
0.395833 -0.0018196

0.395833 -0.0018196
0.40625 -0.00169851

0.40625 -0.0016985
0.416667 -0.00157629

0.416667 -0.00157628
0.427083 -0.00145298

0.427083 -0.00145297
0.4375 -0.0013286

0.4375 -0.00132859
0.447917 -0.00120318

0.447917 -0.00120317
0.458333 -0.00107675

0.458333 -0.00107674
0.46875 -0.000949344

0.46875 -0.000949335
0.479167 -0.000821001

0.479167 -0.000820991
0.489583 -0.000691758

0.489583 -0.000691747
0.5 -0.000561658

1 0.00554945
1.01042 0.00565382

1.01042 0.00565383
1.02083 0.00575643

1.02083 0.00575645
1.03125 0.00585721

1.03125 0.00585723
1.04167 0.00595608

1.04167 0.0059561
1.05208 0.00605296

1.05208 0.00605298
1.0625 0.00614778

1.0625 0.0061478
1.07292 0.00624046

1.07292 0.00624048
1.08333 0.00633092

1.08333 0.00633094
1.09375 0.00641908

1.09375 0.0064191
1.10417 0.00650488

1.10417 0.0065049
1.11458 0.00658824

1.11458 0.00658826
1.125 0.0066691

1.125 0.00666911
1.13542 0.00674739

1.13542 0.0067474
1.14583 0.00682305

1.14583 0.00682306
1.15625 0.00689603

1.15625 0.00689605
1.16667 0.00696629

-0.541667 -0.00634017
-0.53125 -0.00636526

1.16667 0.0069663
1.17708 0.00703376

1.17708 0.00703377
1.1875 0.00709841

1.1875 0.00709842
1.19792 0.00716018

-0.53125 -0.00636526
-0.520833 -0.00638886

-0.520833 -0.00638886
-0.510417 -0.00641098

1.19792 0.00716019
1.20833 0.00721902

0.5 -0.000561646
0.510417 -0.000430747

0.510417 -0.000430735
0.520833 -0.000299072

-0.510417 -0.00641098
-0.5 -0.00643161

1.20833 0.00721903
1.21875 0.00727489

1.21875 0.0072749
1.22917 0.00732772

1.22917 0.00732774
1.23958 0.00737747

1.23958 0.00737749
1.25 0.00742408

-1.82292 0.00389092
-1.8125 0.00377365

-1.8125 0.00377365
-1.80208 0.00365716

-1.80208 0.00365716
-1.79167 0.00354143

-1.79167 0.00354143
-1.78125 0.00342644

-1.78125 0.00342644
-1.77083 0.00331218

-1.77083 0.00331219
-1.76042 0.00319863

-1.76042 0.00319863
-1.75 0.00308578

1.25 0.0074241
1.26042 0.00746749

-1.75 0.00308579
-1.73958 0.00297363

1.26042 0.00746751
1.27083 0.00750764

1.27083 0.00750766
1.28125 0.00754445

1.28125 0.00754447
1.29167 0.00757787

-1.73958 0.00297362
-1.72917 0.00286214

-1.72917 0.00286215
-1.71875 0.00275134

-1.71875 0.00275134
-1.70833 0.0026412

0.520833 -0.000299058
0.53125 -0.000166685

0.53125 -0.000166674
0.541667 -3.36382e-05

0.541667 -3.41697e-05
0.544331 7.45931e-17

-1.70833 0.0026412
-1.69792 0.0025317

-1.69792 0.00253171
-1.6875 0.00242284

-1.6875 0.00242285
-1.67708 0.00231459

0.544271 3.64292e-17
0.552083 0.000100193

1.29167 0.00757789
1.30208 0.00760781

0.552083 0.000100008
0.5625 0.000234071

-1.67708 0.0023146
-1.66667 0.00220692

1.30208 0.00760783
1.3125 0.00763419

1.3125 0.00763421
1.32292 0.00765693

1.32292 0.00765696
1.33333 0.00767596

0.5625 0.000234087
0.572917 0.000368568

-1.66667 0.00220693
-1.65625 0.00209982

-1.65625 0.00209982
-1.64583 0.00199325

0.572917 0.000368583
0.583333 0.000503419

-1.64583 0.00199325
-1.63542 0.00188721

-1.63542 0.00188721
-1.625 0.00178168

-1.625 0.00178168
-1.61458 0.00167666

0.583333 0.000503435
0.59375 0.000638563

1.33333 0.00767598
1.34375 0.00769117

1.34375 0.00769119
1.35417 0.00770248

-1.61458 0.00167666
-1.60417 0.00157214

0.59375 0.000638579
0.604167 0.000773936

-0.5 -0.00643161
-0.489583 -0.00645075

-0.489583 -0.00645076
-0.479167 -0.00646839

-0.479167 -0.0064684
-0.46875 -0.00648453

-0.46875 -0.00648453
-0.458333 -0.00649914

-1.60417 0.00157214
-1.59375 0.00146812

-1.59375 0.00146812
-1.58333 0.00136459

0.604167 0.000773953
0.614583 0.000909474

-1.58333 0.0013646
-1.57292 0.00126156

0.614583 0.000909491
0.625 0.00104511

0.625 0.00104512
0.635417 0.00118077

0.635417 0.00118078
0.645833 0.00131639

0.645833 0.0013164
0.65625 0.0014519

0.65625 0.00145192
0.666667 0.00158724

-1.57292 0.00126156
-1.5625 0.00115901

-1.5625 0.00115901
-1.55208 0.00105693

-0.458333 -0.00649914
-0.447917 -0.00651222

-0.447917 -0.00651222
-0.4375 -0.00652376

-0.4375 -0.00652376
-0.427083 -0.00653373

-0.427083 -0.00653374
-0.416667 -0.00654213

-0.416667 -0.00654213
-0.40625 -0.00654893

-0.40625 -0.00654894
-0.395833 -0.00655412

-0.395833 -0.00655412
-0.385417 -0.00655767

-0.385417 -0.00655768
-0.375 -0.00655957

-0.375 -0.00655957
-0.364583 -0.00655978

-0.364583 -0.00655979
-0.354167 -0.00655829

-0.354167 -0.0065583
-0.34375 -0.00655508

-0.34375 -0.00655509
-0.333333 -0.00655013

-0.333333 -0.00655013
-0.322917 -0.0065434

-0.322917 -0.00654341
-0.3125 -0.00653489

-0.3125 -0.00653489
-0.302083 -0.00652456

-0.302083 -0.00652457
-0.291667 -0.00651242

-0.291667 -0.00651242
-0.28125 -0.00649843

-0.28125 -0.00649843
-0.270833 -0.00648259

-0.270833 -0.00648259
-0.260417 -0.00646489

-1.55208 0.00105694
-1.54167 0.000955319

0.666667 0.00158726
0.677083 0.00172235

0.677083 0.00172237
0.6875 0.00185716

0.6875 0.00185718
0.697917 0.00199161

0.697917 0.00199163
0.708333 0.00212565

0.708333 0.00212566
0.71875 0.00225921

0.71875 0.00225923
0.729167 0.00239227

0.729167 0.00239228
0.739583 0.00252476

0.739583 0.00252477
0.75 0.00265665

0.75 0.00265666
0.760417 0.00278791

0.760417 0.00278792
0.770833 0.0029185

0.770833 0.00291851
0.78125 0.00304839

0.78125 0.0030484
0.791667 0.00317755

0.791667 0.00317756
0.802083 0.00330595

0.802083 0.00330595
0.8125 0.00343355

0.8125 0.00343356
0.822917 0.00356033

0.822917 0.00356034
0.833333 0.00368626

1.35417 0.0077025
1.36458 0.00770981

1.36458 0.00770983
1.375 0.00771307

1.375 0.00771309
1.38542 0.00771218

1.38542 0.0077122
1.39583 0.00770707

1.39583 0.00770709
1.40625 0.00769768

1.40625 0.00769769
1.41667 0.00768393

1.41667 0.00768394
1.42708 0.00766576

1.42708 0.00766577
1.4375 0.0076431

1.4375 0.00764312
1.44792 0.0076159

1.44792 0.00761592
1.45833 0.00758409

1.45833 0.00758411
1.46875 0.00754761

1.46875 0.00754762
1.47917 0.00750637

-1.54167 0.000955324
-1.53125 0.000854148

-1.53125 0.000854153
-1.52083 0.000753399

-0.260417 -0.00646489
-0.25 -0.00644531

-0.25 -0.00644531
-0.239583 -0.00642386

-0.239583 -0.00642386
-0.229167 -0.00640053

1.47917 0.00750639
1.48958 0.00746031

-0.229167 -0.00640053
-0.21875 -0.00637532

-1.52083 0.000753404
-1.51042 0.000653049

-0.21875 -0.00637532
-0.208333 -0.00634823

1.48958 0.00746033
1.5 0.00740934

-1.51042 0.000653054
-1.5 0.00055308

-0.208333 -0.00634823
-0.197917 -0.00631927

-0.197917 -0.00631926
-0.1875 -0.00628842

-1.4375 -3.95029e-05
-1.4417 7.45931e-17

-1.4375 -3.96669e-05
-1.42708 -0.000137444

1.5 0.00740937
1.51042 0.0073534

1.51042 0.00735342
1.52083 0.00729239

1.52083 0.00729241
1.53125 0.00722621

1.53125 0.00722624
1.54167 0.00715479

1.54167 0.00715482
1.55208 0.00707804

1.55208 0.00707806
1.5625 0.00699585

1.5625 0.00699587
1.57292 0.00690815

1.57292 0.00690817
1.58333 0.00681487

-1.42708 -0.000137447
-1.41667 -0.000234952

1.58333 0.00681488
1.59375 0.00671592

-1.41667 -0.000234952
-1.40625 -0.000332182

1.59375 0.00671594
1.60417 0.00661124

-0.1875 -0.00628842
-0.177083 -0.00625571

-1.40625 -0.000332186
-1.39583 -0.000429132

1.60417 0.00661126
1.61458 0.00650077

-0.177083 -0.00625571
-0.166667 -0.00622113

1.61458 0.00650079
1.625 0.00638444

-1.39583 -0.000429134
-1.38542 -0.000525783

-0.166667 -0.00622113
-0.15625 -0.00618469

1.625 0.00638446
1.63542 0.00626218

-1.38542 -0.000525785
-1.375 -0.00062213

1.63542 0.0062622
1.64583 0.00613392

-0.15625 -0.00618469
-0.145833 -0.0061464

1.64583 0.00613394
1.65625 0.00599959

-1.375 -0.000622129
-1.36458 -0.000718167

-1.36458 -0.000718166
-1.35417 -0.0008139

-0.145833 -0.0061464
-0.135417 -0.00610625

1.65625 0.00599961
1.66667 0.00585911

-1.35417 -0.000813898
-1.34375 -0.000909335

-1.34375 -0.000909333
-1.33333 -0.00100448

-1.5 0.000553085
-1.48958 0.000453471

1.66667 0.00585913
1.67708 0.0057124

-0.135417 -0.00610625
-0.125 -0.00606427

1.67708 0.00571242
1.6875 0.00555936

-1.48958 0.000453475
-1.47917 0.000354205

-1.47917 0.000354209
-1.46875 0.00025527

1.6875 0.00555938
1.69792 0.00539991

-0.125 -0.00606426
-0.114583 -0.00602044

-0.114583 -0.00602044
-0.104167 -0.00597478

-0.104167 -0.00597478
-0.09375 -0.00592729

-0.09375 -0.00592729
-0.0833333 -0.00587798

-1.46875 0.00025527
-1.45833 0.000156654

-1.45833 0.000156659
-1.44792 5.83546e-05

-1.44792 5.82624e-05
-1.44173 3.64292e-17

1.69792 0.00539994
1.70833 0.00523396

1.70833 0.00523399
1.71875 0.00506143

-0.0833333 -0.00587798
-0.0729167 -0.00582685

-1.33333 -0.00100448
-1.32292 -0.00109934

1.71875 0.00506144
1.72917 0.00488222

-1.32292 -0.00109934
-1.3125 -0.00119394

-0.0729167 -0.00582685
-0.0625 -0.00577392

-1.3125 -0.00119393
-1.30208 -0.00128826

1.72917 0.00488224
1.73958 0.00469628

-0.0625 -0.00577392
-0.0520833 -0.00571917

-1.30208 -0.00128826
-1.29167 -0.00138233

-0.0520833 -0.00571917
-0.0416667 -0.00566263

1.73958 0.00469629
1.75 0.00450353

-0.0416667 -0.00566263
-0.03125 -0.00560429

-0.03125 -0.00560429
-0.0208333 -0.00554417

-0.0208333 -0.00554416
-0.0104167 -0.00548226

-0.0104167 -0.00548226
-1.47451e-16 -0.00541858

-1.29167 -0.00138233
-1.28125 -0.00147615

-1.28125 -0.00147615
-1.27083 -0.00156971

-1.27083 -0.00156971
-1.26042 -0.001663

-1.26042 -0.00166301
-1.25 -0.00175603

1.75 0.00450355
1.76042 0.00430391

-1.25 -0.00175603
-1.23958 -0.00184877

-1.23958 -0.00184878
-1.22917 -0.00194121

-1.22917 -0.00194121
-1.21875 -0.00203333

-1.21875 -0.00203333
-1.20833 -0.0021251

1.76042 0.00430393
1.77083 0.00409735

1.77083 0.00409737
1.78125 0.00388379

1.78125 0.00388381
1.79167 0.00366315

1.79167 0.00366318
1.80208 0.00343537

-1.20833 -0.00212511
-1.19792 -0.00221651

-1.19792 -0.00221651
-1.1875 -0.00230752

-1.1875 -0.00230752
-1.17708 -0.00239811

-1.17708 -0.00239811
-1.16667 -0.00248824

1.80208 0.00343538
1.8125 0.00320035

1.8125 0.00320037
1.82292 0.00295804

1.82292 0.00295804
1.83333 0.00270835

-1.16667 -0.00248825
-1.15625 -0.00257791

1.9375 -0.000194978
1.93124 7.45931e-17

1.9375 -0.00019732
1.94792 -0.000528853

-1.15625 -0.00257791
-1.14583 -0.00266706

-1.14583 -0.00266706
-1.13542 -0.00275568

-1.13542 -0.00275568
-1.125 -0.00284374

-1.125 -0.00284374
-1.11458 -0.00293122

-1.11458 -0.00293122
-1.10417 -0.0030181

-1.10417 -0.0030181
-1.09375 -0.00310436

-1.09375 -0.00310437
-1.08333 -0.00319

-1.08333 -0.00319
-1.07292 -0.00327501

-1.07292 -0.00327501
-1.0625 -0.00335938

-1.0625 -0.00335938
-1.05208 -0.0034431

-1.05208 -0.0034431
-1.04167 -0.00352617

-1.04167 -0.00352617
-1.03125 -0.0036086

-1.03125 -0.0036086
-1.02083 -0.00369036

1.94792 -0.000528913
1.95833 -0.000867624

1.95833 -0.000867638
1.96875 -0.00121338

-1.02083 -0.00369037
-1.01042 -0.00377147

-1.01042 -0.00377147
-1 -0.0038519

1.96875 -0.00121363
1.97917 -0.00156587

1.97917 -0.00156594
1.98958 -0.00192403

1.98958 -0.00192499
2 -0.00228685

1.83333 0.00270837
1.84375 0.00245129

-1 -0.0038519
-0.989583 -0.00393164

-0.989583 -0.00393165
-0.979167 -0.00401068

1.84375 0.00245129
1.85417 0.00218681

1.85417 0.00218682
1.86458 0.00191495

-0.979167 -0.00401069
-0.96875 -0.00408901

-0.96875 -0.00408901
-0.958333 -0.0041666

1.86458 0.00191496
1.875 0.00163568

1.875 0.00163569
1.88542 0.00134897

-0.958333 -0.0041666
-0.947917 -0.00424342

-0.947917 -0.00424343
-0.9375 -0.00431946

1.88542 0.00134898
1.89583 0.00105475

1.89583 0.00105476
1.90625 0.000753005

-0.9375 -0.00431947
-0.927083 -0.0043947

-0.927083 -0.0043947
-0.916667 -0.00446909

1.90625 0.000752993
1.91667 0.000443705

-0.916667 -0.0044691
-0.90625 -0.00454263

-0.90625 -0.00454264
-0.895833 -0.00461528

-0.895833 -0.00461528
-0.885417 -0.00468701

1.91667 0.000443695
1.92708 0.00012692

1.92708 0.000123258
1.93104 3.64292e-17

-0.885417 -0.00468702
-0.875 -0.0047578

2 -0.00230274
2.02083 -0.00296666

2.02083 -0.0029761
2.04167 -0.00353046

-0.875 -0.00475781
-0.864583 -0.00482761

-0.864583 -0.00482762
-0.854167 -0.00489642

-0.854167 -0.00489643
-0.84375 -0.00496419

-0.84375 -0.0049642
-0.833333 -0.00503089

2.04167 -0.0035805
2.08333 -0.00423217

2.08333 -0.00431358
2.16667 -0.00404856

2.16667 -0.00328234
2.33333 -0.00173347

2.33333 -0.00105539
2.66667 0.000344693

