-2.66667 0.000325205
-2.33333 0.000975846

-2.33333 0.0014261
-2.16667 0.00209183

-0.833333 0.00367028
-0.822917 0.00357255

-0.822917 0.00357255
-0.8125 0.00347492

-0.8125 0.00347492
-0.802083 0.00337741

-2.16667 0.00163133
-2.08333 0.00192435

-2.08333 0.00192759
-2.04167 0.00242528

-0.802083 0.00337741
-0.791667 0.00328003

-0.791667 0.00328003
-0.78125 0.00318278

-0.78125 0.00318278
-0.770833 0.00308568

-2.04167 0.00244901
-2.02083 0.00282624

-2.02083 0.00283131
-2 0.00327932

-0.770833 0.00308568
-0.760417 0.00298872

-0.760417 0.00298872
-0.75 0.00289193

-0.75 0.00289192
-0.739583 0.0027953

-0.739583 0.0027953
-0.729167 0.00269885

-0.729167 0.00269885
-0.71875 0.00260261

-0.71875 0.0026026
-0.708333 0.00250658

-0.708333 0.00250657
-0.697917 0.0024108

-0.697917 0.00241079
-0.6875 0.00231529

-0.6875 0.00231529
-0.677083 0.0022201

-0.677083 0.00222009
-0.666667 0.00212525

-2 0.00329029
-1.98958 0.00353416

-1.98958 0.00353528
-1.97917 0.00377485

-1.97917 0.00377473
-1.96875 0.00400798

-1.96875 0.00400817
-1.95833 0.00423495

-1.95833 0.00423492
-1.94792 0.0044549

-1.94792 0.00445494
-1.9375 0.0046681

-1.9375 0.00466808
-1.92708 0.00487437

-1.92708 0.00487439
-1.91667 0.00507379

-1.91667 0.00507377
-1.90625 0.0052663

-1.90625 0.0052663
-1.89583 0.00545199

-1.89583 0.00545196
-1.88542 0.00563086

-1.88542 0.00563084
-1.875 0.00580304

-0.666667 0.00212524
-0.65625 0.0020308

-0.65625 0.00203079
-0.645833 0.00193678

-0.645833 0.00193677
-0.635417 0.00184325

-0.635417 0.00184323
-0.625 0.00175025

-1.875 0.00580301
-1.86458 0.00596861

-1.86458 0.00596859
-1.85417 0.00612767

-1.85417 0.00612765
-1.84375 0.00628029

0.833333 -0.00387057
0.84375 -0.00389587

0.84375 -0.00389586
0.854167 -0.0039215

0.854167 -0.00392149
0.864583 -0.00394748

0.864583 -0.00394748
0.875 -0.00397383

0.875 -0.00397383
0.885417 -0.00400055

-1.84375 0.00628027
-1.83333 0.00642655

-0.625 0.00175023
-0.614583 0.00165782

-0.614583 0.00165781
-0.604167 0.00156603

-0.604167 0.00156602
-0.59375 0.00147491

-0.59375 0.0014749
-0.583333 0.00138451

-0.583333 0.0013845
-0.572917 0.00129488

-0.572917 0.00129487
-0.5625 0.00120605

-0.5625 0.00120604
-0.552083 0.00111806

-0.552083 0.00111805
-0.541667 0.00103095

-0.541667 0.00103094
-0.53125 0.00094475

-0.53125 0.000944743
-0.520833 0.000859489

-0.520833 0.000859483
-0.510417 0.000775195

-0.510417 0.00077519
-0.5 0.000691892

-0.40625 -1.12895e-05
-0.407843 7.45931e-17

-0.40625 -1.09748e-05
-0.395833 -8.37197e-05

-0.395833 -8.37173e-05
-0.385417 -0.000155327

-0.385417 -0.000155327
-0.375 -0.000225808

-0.375 -0.000225806
-0.364583 -0.000295163

-0.364583 -0.000295161
-0.354167 -0.0003634

-0.354167 -0.000363398
-0.34375 -0.000430528

-0.34375 -0.000430525
-0.333333 -0.000496559

-0.5 0.000691887
-0.489583 0.000609598

-0.489583 0.000609594
-0.479167 0.000528329

-0.479167 0.000528325
-0.46875 0.000448097

-0.46875 0.000448094
-0.458333 0.000368917

-0.458333 0.000368914
-0.447917 0.000290799

-0.447917 0.000290798
-0.4375 0.000213752

-0.4375 0.000213751
-0.427083 0.000137778

-0.427083 0.000137778
-0.416667 6.28793e-05

-0.416667 6.29462e-05
-0.407787 3.64292e-17

-0.333333 -0.000496556
-0.322917 -0.000561508

-0.322917 -0.000561505
-0.3125 -0.00062539

-0.3125 -0.000625387
-0.302083 -0.000688217

-0.302083 -0.000688214
-0.291667 -0.00075

-0.291667 -0.000749997
-0.28125 -0.000810749

-0.28125 -0.000810746
-0.270833 -0.000870474

-0.270833 -0.000870472
-0.260417 -0.000929184

-0.260417 -0.000929182
-0.25 -0.000986884

-0.25 -0.000986883
-0.239583 -0.00104358

-0.239583 -0.00104358
-0.229167 -0.00109928

-0.229167 -0.00109927
-0.21875 -0.00115397

-0.21875 -0.00115397
-0.208333 -0.00120767

-0.208333 -0.00120767
-0.197917 -0.00126038

-0.197917 -0.00126038
-0.1875 -0.00131209

-0.1875 -0.00131209
-0.177083 -0.00136281

-0.177083 -0.00136281
-0.166667 -0.00141254

1.47451e-16 -0.0020793
0.0104167 -0.00211352

0.0104167 -0.00211352
0.0208333 -0.00214695

0.0208333 -0.00214694
0.03125 -0.00217961

0.03125 -0.0021796
0.0416667 -0.00221152

0.0416667 -0.00221151
0.0520833 -0.0022427

0.0520833 -0.00224269
0.0625 -0.00227316

-1.83333 0.00642653
-1.82292 0.00656653

-1.82292 0.00656651
-1.8125 0.00670031

-1.8125 0.00670028
-1.80208 0.00682797

-1.80208 0.00682795
-1.79167 0.00694963

-1.79167 0.0069496
-1.78125 0.00706539

-1.78125 0.00706536
-1.77083 0.00717536

-1.77083 0.00717533
-1.76042 0.00727963

-1.76042 0.00727961
-1.75 0.00737831

-1.75 0.00737829
-1.73958 0.00747148

0.885417 -0.00400055
0.895833 -0.00402765

0.895833 -0.00402765
0.90625 -0.00405514

0.90625 -0.00405514
0.916667 -0.00408301

0.916667 -0.00408301
0.927083 -0.00411128

0.927083 -0.00411128
0.9375 -0.00413993

0.9375 -0.00413993
0.947917 -0.00416898

0.947917 -0.00416898
0.958333 -0.0041984

0.958333 -0.0041984
0.96875 -0.00422821

0.96875 -0.00422821
0.979167 -0.00425838

0.979167 -0.00425838
0.989583 -0.0042889

0.989583 -0.00428891
1 -0.00431977

1 -0.00431978
1.01042 -0.00435096

1.01042 -0.00435097
1.02083 -0.00438245

1.02083 -0.00438245
1.03125 -0.0044142

1.03125 -0.00441421
1.04167 -0.0044462

1.04167 -0.00444621
1.05208 -0.00447841

1.05208 -0.00447842
1.0625 -0.0045108

1.0625 -0.00451081
1.07292 -0.00454333

1.07292 -0.00454334
1.08333 -0.00457597

1.08333 -0.00457598
1.09375 -0.00460868

1.09375 -0.00460869
1.10417 -0.00464143

1.10417 -0.00464144
1.11458 -0.0046742

1.11458 -0.00467421
1.125 -0.00470696

1.125 -0.00470696
1.13542 -0.00473968

1.13542 -0.00473968
1.14583 -0.00477234

1.14583 -0.00477234
1.15625 -0.00480492

1.15625 -0.00480493
1.16667 -0.00483741

1.16667 -0.00483742
1.17708 -0.0048698

1.17708 -0.0048698
1.1875 -0.00490205

1.1875 -0.00490206
1.19792 -0.00493417

1.19792 -0.00493417
1.20833 -0.00496612

1.20833 -0.00496613
1.21875 -0.0049979

1.21875 -0.0049979
1.22917 -0.00502947

-0.166667 -0.00141254
-0.15625 -0.00146128

1.22917 -0.00502947
1.23958 -0.00506081

-0.15625 -0.00146128
-0.145833 -0.00150904

-0.145833 -0.00150904
-0.135417 -0.00155583

-0.135417 -0.00155583
-0.125 -0.00160164

-0.125 -0.00160164
-0.114583 -0.00164649

1.23958 -0.00506082
1.25 -0.00509189

1.25 -0.0050919
1.26042 -0.00512269

1.26042 -0.0051227
1.27083 -0.00515315

1.27083 -0.00515316
1.28125 -0.00518325

1.28125 -0.00518326
1.29167 -0.00521293

-0.114583 -0.00164649
-0.104167 -0.00169038

-0.104167 -0.00169038
-0.09375 -0.00173333

-0.09375 -0.00173332
-0.0833333 -0.00177534

-0.0833333 -0.00177533
-0.0729167 -0.00181642

-0.0729167 -0.00181642
-0.0625 -0.0018566

-0.0625 -0.00185659
-0.0520833 -0.00189587

1.29167 -0.00521294
1.30208 -0.00524214

1.30208 -0.00524215
1.3125 -0.00527082

1.3125 -0.00527084
1.32292 -0.00529891

-0.0520833 -0.00189587
-0.0416667 -0.00193427

-0.0416667 -0.00193426
-0.03125 -0.00197179

-0.03125 -0.00197179
-0.0208333 -0.00200846

1.32292 -0.00529893
1.33333 -0.00532635

-0.0208333 -0.00200846
-0.0104167 -0.00204429

-0.0104167 -0.00204429
-1.47451e-16 -0.00207931

-1.73958 0.00747146
-1.72917 0.00755925

-1.72917 0.00755922
-1.71875 0.00764168

-1.71875 0.00764166
-1.70833 0.00771888

-1.70833 0.00771885
-1.69792 0.00779093

1.33333 -0.00532636
1.34375 -0.00535306

1.34375 -0.00535308
1.35417 -0.00537899

1.35417 -0.00537901
1.36458 -0.00540407

1.36458 -0.00540408
1.375 -0.00542823

1.375 -0.00542824
1.38542 -0.0054514

1.38542 -0.00545142
1.39583 -0.00547354

1.39583 -0.00547356
1.40625 -0.00549458

1.40625 -0.0054946
1.41667 -0.00551447

0.0625 -0.00227316
0.0729167 -0.00230293

-1.69792 0.0077909
-1.6875 0.00785794

0.0729167 -0.00230293
0.0833333 -0.00233202

-1.6875 0.00785791
-1.67708 0.00792002

-1.67708 0.00792
-1.66667 0.00797728

0.0833333 -0.00233202
0.09375 -0.00236046

0.09375 -0.00236045
0.104167 -0.00238825

0.104167 -0.00238824
0.114583 -0.00241541

1.41667 -0.00551448
1.42708 -0.00553315

1.42708 -0.00553316
1.4375 -0.00555056

1.4375 -0.00555057
1.44792 -0.00556664

0.114583 -0.00241541
0.125 -0.00244197

1.44792 -0.00556666
1.45833 -0.00558134

1.45833 -0.00558136
1.46875 -0.0055946

0.125 -0.00244196
0.135417 -0.00246793

0.135417 -0.00246793
0.145833 -0.00249332

0.145833 -0.00249331
0.15625 -0.00251814

0.15625 -0.00251814
0.166667 -0.00254243

1.46875 -0.00559461
1.47917 -0.00560633

1.47917 -0.00560635
1.48958 -0.00561649

1.48958 -0.00561651
1.5 -0.00562498

-1.66667 0.00797725
-1.65625 0.00802982

1.5 -0.005625
1.51042 -0.00563172

1.51042 -0.00563175
1.52083 -0.00563664

-1.65625 0.00802979
-1.64583 0.00807773

-1.64583 0.00807771
-1.63542 0.00812112

-1.63542 0.0081211
-1.625 0.00816007

-1.625 0.00816005
-1.61458 0.00819465

1.52083 -0.00563666
1.53125 -0.00563963

-1.61458 0.00819463
-1.60417 0.00822495

-1.60417 0.00822493
-1.59375 0.00825103

-1.59375 0.00825102
-1.58333 0.00827298

-1.58333 0.00827296
-1.57292 0.00829086

1.53125 -0.00563965
1.54167 -0.00564061

0.166667 -0.00254242
0.177083 -0.00256618

0.177083 -0.00256617
0.1875 -0.00258941

0.1875 -0.00258941
0.197917 -0.00261214

0.197917 -0.00261214
0.208333 -0.00263439

0.208333 -0.00263439
0.21875 -0.00265617

0.21875 -0.00265617
0.229167 -0.0026775

0.229167 -0.00267749
0.239583 -0.00269839

0.239583 -0.00269838
0.25 -0.00271886

1.54167 -0.00564063
1.55208 -0.00563947

1.55208 -0.0056395
1.5625 -0.00563614

1.5625 -0.00563616
1.57292 -0.00563052

1.57292 -0.00563054
1.58333 -0.00562251

1.58333 -0.00562254
1.59375 -0.00561205

1.59375 -0.00561207
1.60417 -0.00559905

1.60417 -0.00559907
1.61458 -0.00558342

1.61458 -0.00558344
1.625 -0.00556509

1.625 -0.00556511
1.63542 -0.00554397

1.63542 -0.00554399
1.64583 -0.00551996

1.64583 -0.00551999
1.65625 -0.005493

1.65625 -0.00549302
1.66667 -0.00546296

1.66667 -0.00546299
1.67708 -0.00542976

1.67708 -0.00542979
1.6875 -0.00539327

1.6875 -0.0053933
1.69792 -0.00535338

1.69792 -0.00535341
1.70833 -0.00530997

1.70833 -0.00531
1.71875 -0.00526293

1.71875 -0.00526295
1.72917 -0.00521215

1.72917 -0.00521218
1.73958 -0.00515754

1.73958 -0.00515756
1.75 -0.00509897

1.75 -0.005099
1.76042 -0.00503636

1.76042 -0.00503639
1.77083 -0.0049696

1.77083 -0.00496963
1.78125 -0.0048986

1.78125 -0.00489862
1.79167 -0.00482323

1.79167 -0.00482326
1.80208 -0.00474337

1.80208 -0.0047434
1.8125 -0.00465888

1.8125 -0.00465892
1.82292 -0.00456965

1.82292 -0.00456966
1.83333 -0.00447554

1.83333 -0.00447557
1.84375 -0.00437651

1.84375 -0.0043765
1.85417 -0.00427244

1.85417 -0.00427245
1.86458 -0.00416336

1.86458 -0.00416339
1.875 -0.00404919

1.875 -0.00404923
1.88542 -0.0039298

1.88542 -0.00392984
1.89583 -0.00380503

1.89583 -0.00380507
1.90625 -0.00367475

0.25 -0.00271886
0.260417 -0.00273894

0.260417 -0.00273894
0.270833 -0.00275865

0.270833 -0.00275864
0.28125 -0.00277801

0.28125 -0.002778
0.291667 -0.00279705

0.291667 -0.00279704
0.302083 -0.00281579

0.302083 -0.00281578
0.3125 -0.00283428

0.3125 -0.00283427
0.322917 -0.00285253

0.322917 -0.00285252
0.333333 -0.00287059

0.333333 -0.00287058
0.34375 -0.00288849

0.34375 -0.00288848
0.354167 -0.00290627

0.354167 -0.00290626
0.364583 -0.00292396

0.364583 -0.00292395
0.375 -0.00294159

0.375 -0.00294158
0.385417 -0.0029592

0.385417 -0.00295919
0.395833 -0.00297681

0.395833 -0.00297681
0.40625 -0.00299448

0.40625 -0.00299447
0.416667 -0.00301221

0.416667 -0.0030122
0.427083 -0.00303004

0.427083 -0.00303003
0.4375 -0.00304799

0.4375 -0.00304799
0.447917 -0.00306609

0.447917 -0.00306609
0.458333 -0.00308436

0.458333 -0.00308436
0.46875 -0.00310281

0.46875 -0.00310281
0.479167 -0.00312147

0.479167 -0.00312147
0.489583 -0.00314034

0.489583 -0.00314034
0.5 -0.00315944

0.5 -0.00315943
0.510417 -0.00317877

-1.57292 0.00829084
-1.5625 0.00830475

-1.5625 0.00830473
-1.55208 0.00831473

-1.55208 0.00831471
-1.54167 0.0083209

0.510417 -0.00317877
0.520833 -0.00319834

0.520833 -0.00319834
0.53125 -0.00321817

0.53125 -0.00321817
0.541667 -0.00323823

-1.54167 0.00832088
-1.53125 0.00832334

-1.53125 0.00832332
-1.52083 0.00832215

-1.52083 0.00832213
-1.51042 0.00831743

-1.51042 0.00831741
-1.5 0.00830927

0.541667 -0.00323823
0.552083 -0.00325855

0.552083 -0.00325855
0.5625 -0.0032791

0.5625 -0.00327911
0.572917 -0.0032999

0.572917 -0.0032999
0.583333 -0.00332092

0.583333 -0.00332092
0.59375 -0.00334216

0.59375 -0.00334216
0.604167 -0.0033636

0.604167 -0.0033636
0.614583 -0.00338524

0.614583 -0.00338524
0.625 -0.00340705

0.625 -0.00340705
0.635417 -0.00342902

0.635417 -0.00342902
0.645833 -0.00345113

0.645833 -0.00345114
0.65625 -0.00347338

0.65625 -0.00347338
0.666667 -0.00349574

0.666667 -0.00349574
0.677083 -0.0035182

0.677083 -0.00351821
0.6875 -0.00354076

0.6875 -0.00354077
0.697917 -0.00356341

0.697917 -0.00356341
0.708333 -0.00358615

0.708333 -0.00358615
0.71875 -0.00360898

0.71875 -0.00360898
0.729167 -0.00363191

0.729167 -0.00363191
0.739583 -0.00365495

0.739583 -0.00365495
0.75 -0.00367812

0.75 -0.00367812
0.760417 -0.00370143

0.760417 -0.00370143
0.770833 -0.00372491

0.770833 -0.0037249
0.78125 -0.00374858

0.78125 -0.00374857
0.791667 -0.00377246

0.791667 -0.00377245
0.802083 -0.00379657

0.802083 -0.00379657
0.8125 -0.00382095

0.8125 -0.00382095
0.822917 -0.00384561

0.822917 -0.00384561
0.833333 -0.00387058

-1.5 0.00830925
-1.48958 0.00829776

-1.48958 0.00829774
-1.47917 0.00828298

-1.47917 0.00828296
-1.46875 0.00826501

-1.46875 0.008265
-1.45833 0.00824394

-1.45833 0.00824392
-1.44792 0.00821982

-1.44792 0.0082198
-1.4375 0.00819273

-1.4375 0.00819271
-1.42708 0.00816272

-1.42708 0.00816271
-1.41667 0.00812986

-1.41667 0.00812985
-1.40625 0.00809421

-1.40625 0.0080942
-1.39583 0.00805583

-1.39583 0.00805582
-1.38542 0.00801478

-1.38542 0.00801476
-1.375 0.00797112

-1.375 0.0079711
-1.36458 0.00792492

-1.36458 0.0079249
-1.35417 0.00787627

-1.35417 0.00787625
-1.34375 0.00782523

-1.34375 0.00782521
-1.33333 0.0077719

-1.33333 0.00777187
-1.32292 0.00771635

-1.32292 0.00771633
-1.3125 0.00765867

-1.3125 0.00765865
-1.30208 0.00759895

-1.30208 0.00759893
-1.29167 0.00753725

-1.29167 0.00753724
-1.28125 0.00747367

-1.28125 0.00747365
-1.27083 0.00740827

-1.27083 0.00740825
-1.26042 0.0073411

-1.26042 0.00734109
-1.25 0.00727224

-1.25 0.00727223
-1.23958 0.00720174

-1.23958 0.00720173
-1.22917 0.00712965

-1.22917 0.00712964
-1.21875 0.00705602

-1.21875 0.00705601
-1.20833 0.00698089

-1.20833 0.00698088
-1.19792 0.00690431

-1.19792 0.0069043
-1.1875 0.00682632

-1.1875 0.00682631
-1.17708 0.00674695

-1.17708 0.00674694
-1.16667 0.00666625

-1.16667 0.00666624
-1.15625 0.00658424

-1.15625 0.00658423
-1.14583 0.00650097

-1.14583 0.00650096
-1.13542 0.00641647

-1.13542 0.00641646
-1.125 0.00633078

-1.125 0.00633077
-1.11458 0.00624394

-1.11458 0.00624393
-1.10417 0.00615602

-1.10417 0.006156
-1.09375 0.00606705

-1.09375 0.00606704
-1.08333 0.0059771

-1.08333 0.00597709
-1.07292 0.00588623

-1.07292 0.00588621
-1.0625 0.0057945

-1.0625 0.00579449
-1.05208 0.00570198

-1.05208 0.00570197
-1.04167 0.00560874

-1.04167 0.00560873
-1.03125 0.00551484

-1.03125 0.00551482
-1.02083 0.00542033

-1.02083 0.00542032
-1.01042 0.00532529

-1.01042 0.00532528
-1 0.00522977

1.90625 -0.00367476
1.91667 -0.00353883

1.91667 -0.00353885
1.92708 -0.00339724

-1 0.00522975
-0.989583 0.00513381

-0.989583 0.0051338
-0.979167 0.00503748

-0.979167 0.00503746
-0.96875 0.0049408

-0.96875 0.00494079
-0.958333 0.00484384

-0.958333 0.00484383
-0.947917 0.00474662

-0.947917 0.00474661
-0.9375 0.00464918

-0.9375 0.00464918
-0.927083 0.00455157

-0.927083 0.00455156
-0.916667 0.00445381

-0.916667 0.0044538
-0.90625 0.00435594

-0.90625 0.00435593
-0.895833 0.004258

-0.895833 0.00425799
-0.885417 0.00416

-0.885417 0.00416
-0.875 0.00406199

1.92708 -0.00339724
1.9375 -0.0032499

1.9375 -0.00324989
1.94792 -0.00309687

1.94792 -0.00309686
1.95833 -0.00293821

1.95833 -0.00293823
1.96875 -0.00277394

1.96875 -0.00277371
1.97917 -0.00260418

1.97917 -0.00260405
1.98958 -0.00242996

1.98958 -0.00242902
2 -0.00225253

-0.875 0.00406198
-0.864583 0.00396399

-0.864583 0.00396399
-0.854167 0.00386603

2 -0.0022408
2.02083 -0.00193371

2.02083 -0.00193021
2.04167 -0.00169918

-0.854167 0.00386602
-0.84375 0.00376812

-0.84375 0.00376811
-0.833333 0.00367029

2.04167 -0.00167672
2.08333 -0.00147061

2.08333 -0.00150629
2.16667 -0.00163614

2.16667 -0.00214174
2.33333 -0.00166288

2.33333 -0.000862695
2.66667 -0.000248133

