-2.66667 -0.000721099
-2.33333 0.00145848

-2.32872 2.77556e-17
-2.16667 0.00335894

-2.16667 0.00356893
-2.08333 0.00740142

-2.08333 0.00756173
-2.04167 0.0100879

-2.04167 0.0101177
-2.02083 0.0114847

-2.02083 0.0114922
-2 0.0128884

-2 0.0128916
-1.98958 0.0135942

-1.98958 0.0135946
-1.97917 0.0142944

-1.97917 0.0142945
-1.96875 0.0149907

-1.96875 0.0149908
-1.95833 0.0156828

-1.95833 0.0156829
-1.94792 0.0163703

-1.94792 0.0163704
-1.9375 0.0170531

-1.9375 0.0170531
-1.92708 0.0177307

-1.92708 0.0177308
-1.91667 0.0184032

-1.91667 0.0184032
-1.90625 0.0190702

-1.90625 0.0190702
-1.89583 0.0197314

-1.89583 0.0197315
-1.88542 0.0203868

-1.88542 0.0203958
-1.8784 0.0208333

-1.87793 0.0208333
-1.875 0.0210159

-1.875 0.0210362
-1.86458 0.0216793

-1.86458 0.0216793
-1.85417 0.022316

-1.85417 0.0223161
-1.84375 0.0229463

-1.84375 0.0229463
-1.83333 0.0235699

-1.83333 0.0235699
-1.82292 0.0241868

-1.82292 0.0241868
-1.8125 0.0247968

-1.8125 0.0247968
-1.80208 0.0253998

-1.80208 0.0253999
-1.79167 0.0259958

-1.79167 0.0259958
-1.78125 0.0265846

-1.78125 0.0265846
-1.77083 0.027166

-1.77083 0.0271661
-1.76042 0.0277402

0.833333 -0.0426086
0.84375 -0.0429902

0.84375 -0.0429903
0.854167 -0.0433636

0.0729167 -0.000187303
0.0699948 7.45931e-17

-1.76042 0.0277402
-1.75 0.0283068

-1.75 0.0283068
-1.73958 0.0288659

-1.73958 0.0288659
-1.72917 0.0294173

-1.72917 0.0294173
-1.71875 0.029961

-1.71875 0.029961
-1.70833 0.0304969

-1.70833 0.0304969
-1.69792 0.0310249

-1.69792 0.0310287
-1.69348 0.03125

-1.69335 0.03125
-1.6875 0.031542

-1.6875 0.0315449
-1.67708 0.0320569

-1.67708 0.0320569
-1.66667 0.0325608

0.0729167 -0.000209705
0.0833333 -0.000878087

-0.833333 0.0437464
-0.822917 0.0435174

-0.822917 0.0435174
-0.8125 0.0432798

0.0833333 -0.000878125
0.09375 -0.00154709

0.09375 -0.00154712
0.104167 -0.00221652

0.104167 -0.00221656
0.114583 -0.00288627

0.114583 -0.0028863
0.125 -0.00355618

0.125 -0.00355621
0.135417 -0.00422611

0.135417 -0.00422615
0.145833 -0.00489592

0.145833 -0.00489596
0.15625 -0.00556548

0.15625 -0.00556551
0.166667 -0.00623463

1.47451e-16 0.00444759
0.0104167 0.00378536

0.0104167 0.00378532
0.0208333 0.00312185

0.0208333 0.00312181
0.03125 0.00245723

0.03125 0.00245719
0.0416667 0.00179163

0.0416667 0.0017916
0.0520833 0.00112519

0.0520833 0.00112516
0.0625 0.000458039

0.0625 0.000448212
0.069492 3.64292e-17

0.166667 -0.00623466
0.177083 -0.00690323

0.177083 -0.00690327
0.1875 -0.00757116

-1.66667 0.0325608
-1.65625 0.0330565

-1.65625 0.0330566
-1.64583 0.0335441

0.1875 -0.00757119
0.197917 -0.00823826

0.197917 -0.00823829
0.208333 -0.00890439

-1.64583 0.0335441
-1.63542 0.0340233

-1.63542 0.0340233
-1.625 0.0344942

-1.625 0.0344942
-1.61458 0.0349567

-1.61458 0.0349567
-1.60417 0.0354107

0.854167 -0.0433637
0.864583 -0.0437287

-0.8125 0.0432798
-0.802083 0.0430339

-0.802083 0.0430338
-0.791667 0.0427796

-0.791667 0.0427795
-0.78125 0.042517

-0.78125 0.0425169
-0.770833 0.0422461

-0.770833 0.0422461
-0.760417 0.0419671

-0.760417 0.0419671
-0.75 0.04168

-0.739583 0.0413852
-0.749517 0.0416667

-0.739583 0.0413849
-0.729167 0.0410816

-0.729167 0.0410816
-0.71875 0.0407704

-0.71875 0.0407704
-0.708333 0.0404512

-0.708333 0.0404512
-0.697917 0.0401242

-0.697917 0.0401241
-0.6875 0.0397893

-0.6875 0.0397893
-0.677083 0.0394467

-0.677083 0.0394467
-0.666667 0.0390964

-0.666667 0.0390964
-0.65625 0.0387385

-0.65625 0.0387385
-0.645833 0.0383731

-0.645833 0.038373
-0.635417 0.0380001

-0.635417 0.0380001
-0.625 0.0376197

-0.625 0.0376197
-0.614583 0.037232

-0.614583 0.037232
-0.604167 0.0368369

-0.604167 0.0368369
-0.59375 0.0364347

-0.59375 0.0364347
-0.583333 0.0360253

-0.583333 0.0360253
-0.572917 0.0356088

-0.572917 0.0356088
-0.5625 0.0351854

-0.5625 0.0351854
-0.552083 0.034755

-0.552083 0.034755
-0.541667 0.0343178

-0.541667 0.0343178
-0.53125 0.0338739

-0.53125 0.0338739
-0.520833 0.0334233

-0.520833 0.0334233
-0.510417 0.0329661

-0.510417 0.0329661
-0.5 0.0325025

-0.5 0.0325025
-0.489583 0.0320324

-0.489583 0.0320324
-0.479167 0.0315561

-0.46875 0.0310815
-0.472388 0.03125

-0.479167 0.0315516
-0.472657 0.03125

-0.46875 0.0310735
-0.458333 0.0305847

-1.60417 0.0354108
-1.59375 0.0358563

-1.59375 0.0358563
-1.58333 0.0362934

-1.58333 0.0362934
-1.57292 0.0367218

-1.57292 0.0367218
-1.5625 0.0371416

-1.5625 0.0371416
-1.55208 0.0375527

-1.55208 0.0375528
-1.54167 0.0379552

-1.54167 0.0379552
-1.53125 0.0383488

-1.53125 0.0383488
-1.52083 0.0387336

-1.52083 0.0387336
-1.51042 0.0391096

-1.51042 0.0391096
-1.5 0.0394767

-1.5 0.0394767
-1.48958 0.0398348

-1.48958 0.0398348
-1.47917 0.040184

-1.47917 0.040184
-1.46875 0.0405242

-1.46875 0.0405242
-1.45833 0.0408553

-1.45833 0.0408553
-1.44792 0.0411774

-1.44792 0.0411774
-1.4375 0.0414903

-1.4375 0.0414866
-1.43133 0.0416667

-1.43163 0.0416667
-1.42708 0.0417993

-1.42708 0.0417942
-1.41667 0.0420889

-1.41667 0.0420889
-1.40625 0.0423744

-1.40625 0.0423744
-1.39583 0.0426507

-1.39583 0.0426507
-1.38542 0.0429177

-1.38542 0.0429177
-1.375 0.0431756

-1.375 0.0431756
-1.36458 0.0434241

-1.36458 0.0434241
-1.35417 0.0436634

0.864583 -0.0437287
0.875 -0.0440853

0.875 -0.0440853
0.885417 -0.0444333

0.885417 -0.0444333
0.895833 -0.0447726

0.895833 -0.0447726
0.90625 -0.0451031

0.90625 -0.0451031
0.916667 -0.0454247

0.916667 -0.0454247
0.927083 -0.0457372

0.927083 -0.0457372
0.9375 -0.0460406

0.9375 -0.0460406
0.947917 -0.0463347

0.947917 -0.0463347
0.958333 -0.0466195

0.958333 -0.0466195
0.96875 -0.0468948

0.96875 -0.0468948
0.979167 -0.0471605

0.979167 -0.0471606
0.989583 -0.0474166

0.989583 -0.0474166
1 -0.0476629

1 -0.0476629
1.01042 -0.0478993

1.01042 -0.0478993
1.02083 -0.0481258

1.02083 -0.0481258
1.03125 -0.0483421

1.03125 -0.0483421
1.04167 -0.0485483

1.04167 -0.0485484
1.05208 -0.0487443

1.05208 -0.0487443
1.0625 -0.0489299

1.0625 -0.0489299
1.07292 -0.049105

1.07292 -0.049105
1.08333 -0.0492696

1.08333 -0.0492697
1.09375 -0.0494236

1.09375 -0.0494237
1.10417 -0.0495669

1.10417 -0.0495669
1.11458 -0.0496994

0.208333 -0.00890442
0.21875 -0.00956944

0.21875 -0.0095695
0.229167 -0.0102333

0.239583 -0.0108718
0.232427 -0.0104167

0.229167 -0.0103103
0.230839 -0.0104167

0.239583 -0.0108958
0.25 -0.011557

0.25 -0.011557
0.260417 -0.0122169

1.11458 -0.0496994
1.125 -0.049821

0.260417 -0.012217
0.270833 -0.0128754

-1.35417 0.0436634
-1.34375 0.0438934

1.125 -0.049821
1.13542 -0.0499316

1.13542 -0.0499316
1.14583 -0.0500311

1.14583 -0.0500311
1.15625 -0.0501194

-0.458333 0.0305847
-0.447917 0.0300897

0.270833 -0.0128754
0.28125 -0.0135321

0.28125 -0.0135322
0.291667 -0.0141871

0.291667 -0.0141872
0.302083 -0.0148401

-0.447917 0.0300897
-0.4375 0.0295886

1.15625 -0.0501194
1.16667 -0.0501965

-0.4375 0.0295886
-0.427083 0.0290815

-0.427083 0.0290815
-0.416667 0.0285686

0.302083 -0.0148402
0.3125 -0.0154911

1.16667 -0.0501965
1.17708 -0.0502622

-0.416667 0.0285685
-0.40625 0.0280498

1.17708 -0.0502622
1.1875 -0.0503165

1.1875 -0.0503165
1.19792 -0.0503592

1.19792 -0.0503592
1.20833 -0.0503904

1.20833 -0.0503904
1.21875 -0.0504098

-0.40625 0.0280498
-0.395833 0.0275254

1.21875 -0.0504098
1.22917 -0.0504175

0.3125 -0.0154911
0.322917 -0.0161398

1.22917 -0.0504175
1.23958 -0.0504133

1.23958 -0.0504134
1.25 -0.0503972

-1.34375 0.0438934
-1.33333 0.044114

1.25 -0.0503973
1.26042 -0.0503691

1.26042 -0.0503692
1.27083 -0.050329

1.27083 -0.050329
1.28125 -0.0502766

1.28125 -0.0502766
1.29167 -0.0502121

-0.395833 0.0275254
-0.385417 0.0269954

0.322917 -0.0161398
0.333333 -0.0167861

1.29167 -0.0502121
1.30208 -0.0501352

-0.385417 0.0269954
-0.375 0.02646

-0.375 0.02646
-0.364583 0.0259192

1.30208 -0.0501352
1.3125 -0.0500459

0.333333 -0.0167862
0.34375 -0.0174299

-1.33333 0.044114
-1.32292 0.0443253

0.34375 -0.0174299
0.354167 -0.018071

-1.32292 0.0443253
-1.3125 0.0445273

-0.364583 0.0259192
-0.354167 0.0253732

0.354167 -0.018071
0.364583 -0.0187093

-0.354167 0.0253732
-0.34375 0.0248221

-1.3125 0.0445273
-1.30208 0.0447199

1.3125 -0.0500459
1.32292 -0.0499442

1.32292 -0.0499442
1.33333 -0.04983

-0.34375 0.024822
-0.333333 0.0242659

-1.30208 0.0447199
-1.29167 0.0449031

-1.29167 0.0449031
-1.28125 0.0450769

-1.28125 0.0450769
-1.27083 0.0452413

-1.27083 0.0452413
-1.26042 0.0453962

-1.26042 0.0453962
-1.25 0.0455418

-0.333333 0.0242659
-0.322917 0.0237049

-0.322917 0.0237049
-0.3125 0.0231391

-0.3125 0.0231391
-0.302083 0.0225686

-0.302083 0.0225686
-0.291667 0.0219936

-0.291667 0.0219936
-0.28125 0.0214142

-0.28125 0.0214141
-0.270886 0.0208333

-0.270833 0.0208304
-0.260417 0.0202423

-0.260417 0.0202423
-0.25 0.0196499

1.33333 -0.04983
1.34375 -0.0497032

1.34375 -0.0497033
1.35417 -0.0495638

1.35417 -0.0495639
1.36458 -0.0494117

1.36458 -0.0494118
1.375 -0.0492469

1.375 -0.0492469
1.38542 -0.0490692

1.38542 -0.0490692
1.39583 -0.0488787

1.39583 -0.0488787
1.40625 -0.0486752

1.40625 -0.0486752
1.41667 -0.0484587

-0.25 0.0196499
-0.239583 0.0190533

1.41667 -0.0484587
1.42708 -0.0482291

-0.239583 0.0190533
-0.229167 0.0184526

1.42708 -0.0482291
1.4375 -0.0479863

1.4375 -0.0479864
1.44792 -0.0477304

-1.25 0.0455418
-1.23958 0.045678

1.44792 -0.0477305
1.45833 -0.0474613

-0.229167 0.0184526
-0.21875 0.017848

1.45833 -0.0474613
1.46875 -0.0471789

-0.21875 0.017848
-0.208333 0.0172396

0.364583 -0.0187093
0.375 -0.0193446

1.46875 -0.0471789
1.47917 -0.0468831

1.47917 -0.0468831
1.48958 -0.0465739

-0.208333 0.0172396
-0.197917 0.0166275

-0.197917 0.0166274
-0.1875 0.0160117

-1.23958 0.045678
-1.22917 0.0458047

-1.22917 0.0458047
-1.21875 0.045922

-1.21875 0.045922
-1.20833 0.0460299

-1.20833 0.0460299
-1.19792 0.0461283

-1.19792 0.0461283
-1.1875 0.0462174

-1.1875 0.0462174
-1.17708 0.046297

-1.17708 0.046297
-1.16667 0.0463673

-1.16667 0.0463673
-1.15625 0.0464281

-1.15625 0.0464281
-1.14583 0.0464796

-1.14583 0.0464796
-1.13542 0.0465217

-1.13542 0.0465217
-1.125 0.0465545

-1.125 0.0465545
-1.11458 0.0465779

-1.11458 0.0465779
-1.10417 0.046592

-1.10417 0.046592
-1.09375 0.0465967

-1.09375 0.0465967
-1.08333 0.0465922

-1.08333 0.0465922
-1.07292 0.0465783

-1.07292 0.0465783
-1.0625 0.0465552

-1.0625 0.0465552
-1.05208 0.0465228

-1.05208 0.0465228
-1.04167 0.0464812

-1.04167 0.0464812
-1.03125 0.0464303

-1.03125 0.0464303
-1.02083 0.0463702

-1.02083 0.0463702
-1.01042 0.046301

-1.01042 0.046301
-1 0.0462225

-1 0.0462225
-0.989583 0.0461349

-0.989583 0.0461349
-0.979167 0.0460382

-0.979167 0.0460382
-0.96875 0.0459324

-0.96875 0.0459324
-0.958333 0.0458176

-0.958333 0.0458176
-0.947917 0.0456937

-0.947917 0.0456937
-0.9375 0.0455609

0.375 -0.0193446
0.385417 -0.0199768

0.385417 -0.0199769
0.395833 -0.0206058

0.40625 -0.0211819
0.400447 -0.0208333

-0.1875 0.0160117
-0.177083 0.0153925

-0.177083 0.0153925
-0.166667 0.01477

-0.9375 0.0455609
-0.927083 0.0454191

-0.927083 0.0454191
-0.916667 0.0452684

1.48958 -0.0465739
1.5 -0.0462513

-0.916667 0.0452683
-0.90625 0.0451088

-0.90625 0.0451087
-0.895833 0.0449403

-0.895833 0.0449403
-0.885417 0.0447631

0.40625 -0.0212314
0.416667 -0.0218537

0.395833 -0.0207115
0.397861 -0.0208333

-0.885417 0.0447631
-0.875 0.0445771

-0.166667 0.01477
-0.15625 0.0141443

-0.15625 0.0141442
-0.145833 0.0135154

-0.875 0.0445771
-0.864583 0.0443824

-0.864583 0.0443824
-0.854167 0.044179

-0.854167 0.044179
-0.84375 0.043967

-0.84375 0.043967
-0.833333 0.0437464

1.5 -0.0462513
1.51042 -0.0459152

1.51042 -0.0459152
1.52083 -0.0455656

1.52083 -0.0455656
1.53125 -0.0452024

1.53125 -0.0452024
1.54167 -0.0448256

0.416667 -0.0218538
0.427083 -0.0224727

0.427083 -0.0224727
0.4375 -0.0230882

-0.145833 0.0135154
-0.135417 0.0128836

-0.135417 0.0128836
-0.125 0.012249

1.54167 -0.0448256
1.55208 -0.0444352

1.55208 -0.0444352
1.5625 -0.044031

1.5625 -0.044031
1.57292 -0.0436132

1.57292 -0.0436132
1.58333 -0.0431816

-0.125 0.012249
-0.114583 0.0116117

-0.114583 0.0116116
-0.104167 0.0109717

-0.09375 0.0103382
-0.0950223 0.0104167

-0.104167 0.0109704
-0.0951879 0.0104167

-0.09375 0.0103293
-0.0833333 0.00968446

0.4375 -0.0230882
0.447917 -0.0236999

0.447917 -0.0236999
0.458333 -0.0243079

1.58333 -0.0431816
1.59375 -0.0427363

1.59375 -0.0427363
1.60417 -0.0422771

1.60417 -0.0422771
1.61458 -0.041804

1.61458 -0.0418121
1.61769 -0.0416667

1.61745 -0.0416667
1.625 -0.0413139

1.625 -0.0413172
1.63542 -0.0408165

0.458333 -0.0243079
0.46875 -0.0249118

0.46875 -0.0249119
0.479167 -0.0255117

0.479167 -0.0255118
0.489583 -0.0261074

0.489583 -0.0261074
0.5 -0.0266987

1.63542 -0.0408165
1.64583 -0.040302

1.64583 -0.040302
1.65625 -0.0397737

1.65625 -0.0397737
1.66667 -0.0392315

-0.0833333 0.00968442
-0.0729167 0.00903707

-0.0729167 0.00903704
-0.0625 0.00838737

-0.0625 0.00838733
-0.0520833 0.00773546

1.66667 -0.0392315
1.67708 -0.0386755

1.67708 -0.0386755
1.6875 -0.0381055

-0.0520833 0.00773542
-0.0416667 0.00708148

0.5 -0.0266987
0.510417 -0.0272854

0.510417 -0.0272855
0.520833 -0.0278676

0.520833 -0.0278676
0.53125 -0.0284449

-0.0416667 0.00708144
-0.03125 0.00642557

1.6875 -0.0381055
1.69792 -0.0375217

-0.03125 0.00642553
-0.0208333 0.00576786

-0.0208333 0.00576783
-0.0104167 0.0051085

1.69792 -0.0375217
1.70833 -0.0369239

1.70833 -0.0369239
1.71875 -0.0363123

-0.0104167 0.00510847
-1.47451e-16 0.00444762

0.53125 -0.028445
0.541667 -0.0290174

0.541667 -0.0290174
0.552083 -0.0295848

0.552083 -0.0295848
0.5625 -0.030147

0.5625 -0.030147
0.572917 -0.0307039

0.572917 -0.030704
0.58323 -0.03125

1.71875 -0.0363123
1.72917 -0.0356868

0.583333 -0.0312554
0.59375 -0.0318015

0.59375 -0.0318015
0.604167 -0.0323421

0.604167 -0.0323421
0.614583 -0.0328772

0.614583 -0.0328772
0.625 -0.0334066

0.625 -0.0334066
0.635417 -0.0339301

1.72917 -0.0356868
1.73958 -0.0350473

1.73958 -0.0350473
1.75 -0.0343939

1.75 -0.0343939
1.76042 -0.0337267

1.76042 -0.0337267
1.77083 -0.0330455

0.635417 -0.0339302
0.645833 -0.0344478

0.645833 -0.0344478
0.65625 -0.0349594

0.65625 -0.0349594
0.666667 -0.0354648

1.77083 -0.0330455
1.78125 -0.0323505

1.78125 -0.0323505
1.79167 -0.0316417

1.79167 -0.031645
1.79736 -0.03125

1.79726 -0.03125
1.80208 -0.0309151

1.80208 -0.030919
1.8125 -0.0301826

1.8125 -0.0301826
1.82292 -0.0294326

1.82292 -0.0294326
1.83333 -0.0286689

0.666667 -0.0354648
0.677083 -0.0359639

1.83333 -0.0286689
1.84375 -0.0278916

1.84375 -0.0278916
1.85417 -0.0271007

1.85417 -0.0271007
1.86458 -0.0262963

0.677083 -0.0359639
0.6875 -0.0364565

0.6875 -0.0364565
0.697917 -0.0369426

0.697917 -0.0369426
0.708333 -0.037422

0.708333 -0.0374221
0.71875 -0.0378946

1.86458 -0.0262963
1.875 -0.0254783

1.875 -0.0254783
1.88542 -0.024647

0.71875 -0.0378947
0.729167 -0.0383603

0.729167 -0.0383604
0.739583 -0.0388189

1.88542 -0.0246469
1.89583 -0.0238023

1.89583 -0.0238023
1.90625 -0.0229445

1.90625 -0.0229444
1.91667 -0.0220735

1.91667 -0.0220735
1.92708 -0.0211897

1.92708 -0.0210424
1.92951 -0.0208333

1.93219 -0.0208333
1.9375 -0.0203767

1.9375 -0.0202931
1.94792 -0.0193839

1.94792 -0.0193838
1.95833 -0.0184621

0.739583 -0.038819
0.75 -0.0392704

1.95833 -0.018462
1.96875 -0.017528

1.96875 -0.0175278
1.97917 -0.016582

1.97917 -0.0165816
1.98958 -0.0156252

1.98958 -0.0156248
2 -0.0146595

0.75 -0.0392704
0.760417 -0.0397145

0.760417 -0.0397146
0.770833 -0.0401512

0.770833 -0.0401512
0.78125 -0.0405803

0.78125 -0.0405804
0.791667 -0.0410018

0.8125 -0.0418056
0.808933 -0.0416667

2 -0.0146573
2.02083 -0.0127197

2.02083 -0.0127091
2.04167 -0.010786

2.04167 -0.0107426
2.08333 -0.00714128

2.08333 -0.00690549
2.16667 -0.00134527

0.8125 -0.0418211
0.822917 -0.0422188

0.822917 -0.0422189
0.833333 -0.0426086

2.16667 -0.000351665
2.18842 8.32667e-17

2.19102 2.77556e-17
2.33333 0.00229367

2.33333 -0.00227032
2.66667 -0.00161007

0.791667 -0.0410018
0.802083 -0.0414154

0.802083 -0.0414246
0.808298 -0.0416667

