-2.66667 0.000254977
-2.33333 0.00130875

-2.33333 0.00118295
-2.16667 0.00260318

-2.16667 0.00210487
-2.08333 0.00347228

1.47451e-16 -5.35611e-05
0.0104167 -0.000303343

0.0104167 -0.000303323
0.0208333 -0.000552995

0.0208333 -0.000553008
0.03125 -0.000802584

0.03125 -0.000802589
0.0416667 -0.00105204

0.0416667 -0.00105204
0.0520833 -0.00130134

0.0520833 -0.00130134
0.0625 -0.00155046

0.0625 -0.00155047
0.0729167 -0.00179939

0.0729167 -0.0017994
0.0833333 -0.00204811

-2.08333 0.00356194
-2.04167 0.00487135

-2.04167 0.00490603
-2.02083 0.00572541

-2.02083 0.00573582
-2 0.00662971

0.0833333 -0.00204811
0.09375 -0.00229658

0.09375 -0.00229659
0.104167 -0.00254479

0.104167 -0.00254479
0.114583 -0.0027927

0.114583 -0.00279271
0.125 -0.0030403

0.125 -0.00304031
0.135417 -0.00328756

0.135417 -0.00328756
0.145833 -0.00353444

0.145833 -0.00353445
0.15625 -0.00378093

0.15625 -0.00378094
0.166667 -0.00402699

-2 0.00663978
-1.98958 0.00710418

-1.98958 0.0071054
-1.97917 0.00756466

-1.97917 0.0075646
-1.96875 0.0080164

-1.96875 0.00801659
-1.95833 0.0084607

-1.95833 0.0084607
-1.94792 0.00889671

0.166667 -0.00402699
0.177083 -0.00427259

0.177083 -0.0042726
0.1875 -0.0045177

0.1875 -0.00451771
0.197917 -0.00476231

-1.94792 0.00889677
-1.9375 0.00932458

-1.9375 0.00932458
-1.92708 0.00974405

-1.92708 0.00974409
-1.91667 0.0101552

-1.91667 0.0101568
-1.90994 0.0104167

-1.90982 0.0104167
-1.90625 0.0105547

-1.90625 0.0105577
-1.89583 0.0109518

-1.89583 0.0109518
-1.88542 0.0113375

-1.88542 0.0113374
-1.875 0.0117146

-1.875 0.0117146
-1.86458 0.0120834

0.197917 -0.00476231
0.208333 -0.00500637

0.833333 -0.0176785
0.84375 -0.017834

-0.833333 0.0175296
-0.822917 0.017374

-0.822917 0.017374
-0.8125 0.0172157

-0.8125 0.0172157
-0.802083 0.017055

-0.802083 0.017055
-0.791667 0.0168917

-0.791667 0.0168917
-0.78125 0.0167259

-0.78125 0.0167258
-0.770833 0.0165575

-0.770833 0.0165575
-0.760417 0.0163868

-0.760417 0.0163868
-0.75 0.0162135

-0.75 0.0162135
-0.739583 0.0160378

-0.739583 0.0160378
-0.729167 0.0158597

-0.729167 0.0158597
-0.71875 0.0156792

-0.71875 0.0156792
-0.708333 0.0154963

-0.708333 0.0154963
-0.697917 0.0153111

-0.697917 0.0153111
-0.6875 0.0151236

-0.6875 0.0151236
-0.677083 0.0149338

-0.677083 0.0149338
-0.666667 0.0147419

-1.86458 0.0120834
-1.85417 0.0124437

-1.85417 0.0124437
-1.84375 0.0127958

-1.84375 0.0127958
-1.83333 0.0131395

-1.83333 0.0131395
-1.82292 0.013475

-1.82292 0.013475
-1.8125 0.0138022

-1.8125 0.0138022
-1.80208 0.0141213

-1.80208 0.0141213
-1.79167 0.0144323

-1.79167 0.0144322
-1.78125 0.0147352

-1.78125 0.0147352
-1.77083 0.0150302

-1.77083 0.0150302
-1.76042 0.0153174

-1.76042 0.0153174
-1.75 0.0155967

-1.75 0.0155967
-1.73958 0.0158683

-1.73958 0.0158683
-1.72917 0.0161322

-1.72917 0.0161322
-1.71875 0.0163885

-1.71875 0.0163885
-1.70833 0.0166373

-1.70833 0.0166372
-1.69792 0.0168785

-1.69792 0.0168785
-1.6875 0.0171124

-1.6875 0.0171124
-1.67708 0.0173389

-1.67708 0.0173389
-1.66667 0.0175583

-0.666667 0.0147419
-0.65625 0.0145479

-0.65625 0.0145478
-0.645833 0.0143518

-0.645833 0.0143517
-0.635417 0.0141536

-0.635417 0.0141536
-0.625 0.0139536

-0.625 0.0139536
-0.614583 0.0137517

-1.66667 0.0175582
-1.65625 0.0177705

-0.614583 0.0137516
-0.604167 0.0135479

-0.604167 0.0135479
-0.59375 0.0133424

-0.59375 0.0133424
-0.583333 0.0131352

-0.583333 0.0131352
-0.572917 0.0129264

0.84375 -0.017834
0.854167 -0.017987

0.854167 -0.017987
0.864583 -0.0181373

0.864583 -0.0181373
0.875 -0.018285

-0.572917 0.0129264
-0.5625 0.012716

0.875 -0.0182851
0.885417 -0.0184301

0.885417 -0.0184301
0.895833 -0.0185724

0.895833 -0.0185724
0.90625 -0.018712

0.90625 -0.018712
0.916667 -0.0188488

0.916667 -0.0188488
0.927083 -0.0189827

0.208333 -0.00500637
0.21875 -0.00524985

0.927083 -0.0189827
0.9375 -0.0191138

-1.65625 0.0177704
-1.64583 0.0179756

0.21875 -0.00524986
0.229167 -0.00549274

0.229167 -0.00549275
0.239583 -0.00573501

0.239583 -0.00573502
0.25 -0.00597663

0.25 -0.00597663
0.260417 -0.00621757

0.260417 -0.00621758
0.270833 -0.00645783

0.270833 -0.00645783
0.28125 -0.00669736

0.28125 -0.00669737
0.291667 -0.00693617

0.291667 -0.00693617
0.302083 -0.00717422

0.302083 -0.00717423
0.3125 -0.00741151

0.3125 -0.00741152
0.322917 -0.00764803

0.322917 -0.00764803
0.333333 -0.00788375

0.333333 -0.00788375
0.34375 -0.00811867

0.34375 -0.00811867
0.354167 -0.00835277

0.354167 -0.00835278
0.364583 -0.00858605

0.364583 -0.00858605
0.375 -0.00881849

0.375 -0.00881849
0.385417 -0.00905008

0.385417 -0.00905009
0.395833 -0.00928082

0.395833 -0.00928082
0.40625 -0.00951068

0.40625 -0.00951068
0.416667 -0.00973966

0.416667 -0.00973966
0.427083 -0.00996774

0.427083 -0.00996774
0.4375 -0.0101949

0.447917 -0.0104213
0.447702 -0.0104167

0.4375 -0.0101949
0.447712 -0.0104167

0.447917 -0.0104212
0.458333 -0.0106463

0.458333 -0.0106463
0.46875 -0.0108704

0.46875 -0.0108704
0.479167 -0.0110932

0.479167 -0.0110932
0.489583 -0.0113149

0.489583 -0.0113149
0.5 -0.0115353

-1.64583 0.0179756
-1.63542 0.0181737

0.5 -0.0115353
0.510417 -0.0117545

-1.63542 0.0181737
-1.625 0.018365

-1.625 0.018365
-1.61458 0.0185494

0.510417 -0.0117545
0.520833 -0.0119724

0.520833 -0.0119724
0.53125 -0.012189

0.53125 -0.012189
0.541667 -0.0124042

0.541667 -0.0124042
0.552083 -0.012618

0.552083 -0.012618
0.5625 -0.0128304

0.5625 -0.0128304
0.572917 -0.0130412

0.572917 -0.0130412
0.583333 -0.0132505

-1.61458 0.0185493
-1.60417 0.0187269

0.583333 -0.0132505
0.59375 -0.0134582

0.59375 -0.0134582
0.604167 -0.0136642

0.604167 -0.0136643
0.614583 -0.0138686

-1.60417 0.0187269
-1.59375 0.0188978

-0.5625 0.012716
-0.552083 0.0125041

-0.552083 0.0125041
-0.541667 0.0122907

-0.541667 0.0122907
-0.53125 0.0120758

-0.53125 0.0120758
-0.520833 0.0118596

-0.520833 0.0118596
-0.510417 0.011642

-0.510417 0.011642
-0.5 0.0114232

0.9375 -0.0191138
0.947917 -0.0192419

0.614583 -0.0138686
0.625 -0.0140711

0.947917 -0.0192419
0.958333 -0.0193671

-1.59375 0.0188978
-1.58333 0.0190619

0.958333 -0.0193671
0.96875 -0.0194893

0.96875 -0.0194893
0.979167 -0.0196084

-0.5 0.0114232
-0.489583 0.011203

0.979167 -0.0196084
0.989583 -0.0197243

-1.58333 0.0190619
-1.57292 0.0192195

0.989583 -0.0197244
1 -0.0198372

-0.489583 0.011203
-0.479167 0.0109816

-0.479167 0.0109816
-0.46875 0.0107591

-0.46875 0.0107591
-0.458333 0.0105353

-0.447917 0.0103095
-0.452882 0.0104167

0.625 -0.0140711
0.635417 -0.0142719

1 -0.0198372
1.01042 -0.0199468

1.01042 -0.0199468
1.02083 -0.0200531

-1.57292 0.0192194
-1.5625 0.0193704

1.02083 -0.0200532
1.03125 -0.0201562

1.03125 -0.0201562
1.04167 -0.0202558

-1.5625 0.0193704
-1.55208 0.0195149

0.635417 -0.0142719
0.645833 -0.0144707

-1.55208 0.0195148
-1.54167 0.0196529

0.645833 -0.0144707
0.65625 -0.0146676

-1.54167 0.0196529
-1.53125 0.0197846

0.65625 -0.0146676
0.666667 -0.0148626

1.04167 -0.0202558
1.05208 -0.020352

-1.53125 0.0197845
-1.52083 0.01991

-0.458333 0.0105362
-0.452795 0.0104167

1.05208 -0.0203521
1.0625 -0.0204447

-1.52083 0.0199099
-1.51042 0.0200292

-1.51042 0.0200292
-1.5 0.0201423

-0.447917 0.0103105
-0.4375 0.0100846

-0.4375 0.0100846
-0.427083 0.0098577

0.666667 -0.0148626
0.677083 -0.0150555

0.677083 -0.0150555
0.6875 -0.0152463

-1.5 0.0201423
-1.48958 0.0202495

0.6875 -0.0152463
0.697917 -0.0154349

-0.427083 0.00985769
-0.416667 0.00962988

0.697917 -0.015435
0.708333 -0.0156214

-0.416667 0.00962987
-0.40625 0.00940113

1.0625 -0.0204448
1.07292 -0.0205339

-1.48958 0.0202494
-1.47917 0.0203506

1.07292 -0.0205339
1.08333 -0.0206193

-0.40625 0.00940113
-0.395833 0.00917147

-0.395833 0.00917147
-0.385417 0.00894092

1.08333 -0.0206194
1.09375 -0.0207011

-0.385417 0.00894092
-0.375 0.00870949

-1.47917 0.0203506
-1.46875 0.020446

0.708333 -0.0156215
0.71875 -0.0158057

1.09375 -0.0207011
1.10417 -0.0207791

-1.46875 0.0204459
-1.45833 0.0205355

1.11458 -0.0208534
1.11177 -0.0208333

-0.375 0.00870949
-0.364583 0.0084772

0.71875 -0.0158057
0.729167 -0.0159878

-0.364583 0.00847719
-0.354167 0.00824405

1.11458 -0.0208533
1.125 -0.0209235

-1.45833 0.0205355
-1.44792 0.0206193

0.729167 -0.0159878
0.739583 -0.0161676

0.739583 -0.0161676
0.75 -0.016345

0.75 -0.016345
0.760417 -0.0165201

0.760417 -0.0165201
0.770833 -0.0166929

0.770833 -0.0166929
0.78125 -0.0168633

0.78125 -0.0168633
0.791667 -0.0170312

0.791667 -0.0170312
0.802083 -0.0171968

0.802083 -0.0171968
0.8125 -0.0173598

0.8125 -0.0173598
0.822917 -0.0175204

0.822917 -0.0175204
0.833333 -0.0176785

1.10417 -0.0207791
1.11178 -0.0208333

1.125 -0.0209235
1.13542 -0.0209896

1.13542 -0.0209896
1.14583 -0.0210517

1.14583 -0.0210517
1.15625 -0.0211097

1.15625 -0.0211097
1.16667 -0.0211635

1.16667 -0.0211635
1.17708 -0.0212131

1.17708 -0.0212131
1.1875 -0.0212584

1.1875 -0.0212584
1.19792 -0.0212994

1.19792 -0.0212994
1.20833 -0.021336

1.20833 -0.021336
1.21875 -0.0213682

1.21875 -0.0213682
1.22917 -0.021396

1.22917 -0.021396
1.23958 -0.0214192

-1.44792 0.0206192
-1.4375 0.0206974

-0.354167 0.00824404
-0.34375 0.00801006

-0.34375 0.00801006
-0.333333 0.00777525

1.23958 -0.0214193
1.25 -0.0214379

-1.4375 0.0206973
-1.42708 0.0207698

-0.333333 0.00777524
-0.322917 0.00753961

-1.42708 0.0207698
-1.4172 0.0208333

1.25 -0.0214379
1.26042 -0.021452

-0.322917 0.00753961
-0.3125 0.00730317

-0.3125 0.00730317
-0.302083 0.00706594

-0.302083 0.00706594
-0.291667 0.00682793

-0.291667 0.00682792
-0.28125 0.00658915

1.26042 -0.021452
1.27083 -0.0214613

-1.41719 0.0208333
-1.41667 0.0208367

-0.28125 0.00658915
-0.270833 0.00634964

-0.270833 0.00634963
-0.260417 0.0061094

-0.260417 0.00610939
-0.25 0.00586846

1.27083 -0.0214613
1.28125 -0.0214659

-0.25 0.00586845
-0.239583 0.00562684

-0.239583 0.00562683
-0.229167 0.00538457

-0.229167 0.00538457
-0.21875 0.00514169

-0.21875 0.00514168
-0.208333 0.00489821

1.28125 -0.0214659
1.29167 -0.0214657

-0.208333 0.0048982
-0.197917 0.00465416

-0.197917 0.00465416
-0.1875 0.00440959

-0.1875 0.00440958
-0.177083 0.0041645

1.29167 -0.0214657
1.30208 -0.0214605

1.30208 -0.0214606
1.3125 -0.0214504

-0.177083 0.00416449
-0.166667 0.00391894

-1.47451e-16 -6.75675e-05
-0.00281771 7.45931e-17

-0.166667 0.00391893
-0.15625 0.00367293

-0.15625 0.00367293
-0.145833 0.00342651

-0.145833 0.0034265
-0.135417 0.00317969

-0.135417 0.00317969
-0.125 0.00293252

-0.125 0.00293251
-0.114583 0.002685

-0.114583 0.00268499
-0.104167 0.00243717

-0.104167 0.00243717
-0.09375 0.00218906

-0.09375 0.00218905
-0.0833333 0.00194067

-0.0833333 0.00194067
-0.0729167 0.00169205

-0.0729167 0.00169204
-0.0625 0.0014432

-0.0625 0.0014432
-0.0520833 0.00119415

-0.0520833 0.00119414
-0.0416667 0.000944913

-0.0416667 0.000944908
-0.03125 0.000695511

-0.03125 0.000695507
-0.0208333 0.000445963

-0.0208333 0.000445954
-0.0104167 0.00019629

-0.0104167 0.000200593
-0.00205148 3.64292e-17

1.3125 -0.0214505
1.32292 -0.0214353

1.32292 -0.0214353
1.33333 -0.021415

1.33333 -0.021415
1.34375 -0.0213894

1.34375 -0.0213895
1.35417 -0.0213586

1.35417 -0.0213587
1.36458 -0.0213224

1.36458 -0.0213225
1.375 -0.0212808

1.375 -0.0212808
1.38542 -0.0212336

1.38542 -0.0212336
1.39583 -0.0211808

1.39583 -0.0211809
1.40625 -0.0211224

1.40625 -0.0211224
1.41667 -0.0210582

1.41667 -0.0210583
1.42708 -0.0209883

1.42708 -0.0209883
1.4375 -0.0209124

1.4375 -0.0209124
1.44757 -0.0208333

1.44764 -0.0208333
1.44792 -0.0208311

1.44792 -0.0208307
1.45833 -0.0207429

1.45833 -0.0207429
1.46875 -0.0206489

-1.41667 0.0208367
-1.40625 0.0208981

-1.40625 0.0208981
-1.39583 0.0209541

1.46875 -0.020649
1.47917 -0.0205488

1.47917 -0.0205488
1.48958 -0.0204423

1.48958 -0.0204423
1.5 -0.0203294

-1.39583 0.0209541
-1.38542 0.0210046

-1.38542 0.0210046
-1.375 0.0210498

-1.375 0.0210498
-1.36458 0.0210897

1.5 -0.0203294
1.51042 -0.02021

1.51042 -0.02021
1.52083 -0.020084

1.52083 -0.0200841
1.53125 -0.0199514

1.53125 -0.0199514
1.54167 -0.0198119

-1.36458 0.0210897
-1.35417 0.0211243

-1.35417 0.0211243
-1.34375 0.0211539

-1.34375 0.0211538
-1.33333 0.0211783

1.54167 -0.019812
1.55208 -0.0196656

1.55208 -0.0196656
1.5625 -0.0195123

1.5625 -0.0195124
1.57292 -0.019352

1.57292 -0.0193521
1.58333 -0.0191846

1.58333 -0.0191846
1.59375 -0.01901

1.59375 -0.01901
1.60417 -0.0188281

1.60417 -0.0188281
1.61458 -0.0186388

1.61458 -0.0186389
1.625 -0.0184422

1.625 -0.0184422
1.63542 -0.0182381

1.63542 -0.0182381
1.64583 -0.0180264

1.64583 -0.0180264
1.65625 -0.017807

1.65625 -0.0178071
1.66667 -0.01758

1.66667 -0.01758
1.67708 -0.0173451

1.67708 -0.0173451
1.6875 -0.0171023

1.6875 -0.0171023
1.69792 -0.0168515

1.69792 -0.0168515
1.70833 -0.0165926

1.70833 -0.0165926
1.71875 -0.0163255

1.71875 -0.0163255
1.72917 -0.0160501

1.72917 -0.0160501
1.73958 -0.0157663

1.73958 -0.0157663
1.75 -0.0154741

1.75 -0.0154741
1.76042 -0.0151734

1.76042 -0.0151734
1.77083 -0.0148641

1.77083 -0.0148641
1.78125 -0.0145461

1.78125 -0.0145461
1.79167 -0.0142195

1.79167 -0.0142195
1.80208 -0.013884

1.80208 -0.013884
1.8125 -0.0135396

1.8125 -0.0135396
1.82292 -0.0131862

1.82292 -0.0131862
1.83333 -0.0128238

-1.33333 0.0211783
-1.32292 0.0211977

-1.32292 0.0211977
-1.3125 0.0212123

-1.3125 0.0212123
-1.30208 0.021222

-1.30208 0.021222
-1.29167 0.021227

-1.29167 0.021227
-1.28125 0.0212273

-1.28125 0.0212272
-1.27083 0.0212229

-1.27083 0.0212229
-1.26042 0.0212141

-1.26042 0.0212141
-1.25 0.0212007

1.83333 -0.0128238
1.84375 -0.0124522

1.84375 -0.0124522
1.85417 -0.0120716

1.85417 -0.0120716
1.86458 -0.0116819

1.86458 -0.0116819
1.875 -0.0112832

1.875 -0.0112832
1.88542 -0.0108754

-1.25 0.0212007
-1.23958 0.0211829

-1.23958 0.0211829
-1.22917 0.0211607

-1.22917 0.0211607
-1.21875 0.0211341

1.88542 -0.0108754
1.89583 -0.0104583

1.89583 -0.0104565
1.89681 -0.0104167

1.89686 -0.0104167
1.90625 -0.0100322

1.90625 -0.010032
1.91667 -0.00959614

-1.21875 0.0211341
-1.20833 0.0211033

1.91667 -0.00959616
1.92708 -0.00915092

1.92708 -0.00915088
1.9375 -0.00869625

1.9375 -0.00869622
1.94792 -0.00823232

1.94792 -0.00823227
1.95833 -0.00775928

-1.20833 0.0211033
-1.19792 0.0210682

-1.19792 0.0210682
-1.1875 0.0210288

-1.1875 0.0210288
-1.17708 0.0209853

1.95833 -0.00775931
1.96875 -0.00727726

1.96875 -0.00727692
1.97917 -0.00678642

1.97917 -0.00678606
1.98958 -0.00628851

-1.17708 0.0209853
-1.16667 0.0209376

1.98958 -0.00628717
2 -0.00578599

-1.14583 0.0208297
-1.14651 0.0208333

2 -0.00577133
2.02083 -0.00482575

2.02083 -0.00481687
2.04167 -0.0039747

-1.16667 0.0209376
-1.15625 0.0208858

-1.15625 0.0208858
-1.14648 0.0208333

-1.14583 0.0208299
-1.13542 0.0207699

-1.13542 0.0207699
-1.125 0.0207059

-1.125 0.0207059
-1.11458 0.020638

-1.11458 0.020638
-1.10417 0.0205662

-1.10417 0.0205662
-1.09375 0.0204906

-1.09375 0.0204906
-1.08333 0.0204112

2.04167 -0.00393544
2.08333 -0.00265049

-1.08333 0.0204112
-1.07292 0.0203281

-1.07292 0.020328
-1.0625 0.0202413

-1.0625 0.0202413
-1.05208 0.0201509

-1.05208 0.0201509
-1.04167 0.0200571

-1.04167 0.0200571
-1.03125 0.0199598

-1.03125 0.0199598
-1.02083 0.0198592

-1.02083 0.0198592
-1.01042 0.0197552

-1.01042 0.0197552
-1 0.0196481

2.08333 -0.00261176
2.16667 -0.00127382

2.16667 -0.0016118
2.33333 -0.000741395

2.33333 -0.00138361
2.66667 -0.000911672

-1 0.0196481
-0.989583 0.0195377

-0.989583 0.0195377
-0.979167 0.0194242

-0.979167 0.0194242
-0.96875 0.0193076

-0.96875 0.0193076
-0.958333 0.019188

-0.958333 0.019188
-0.947917 0.0190653

-0.947917 0.0190653
-0.9375 0.0189397

-0.9375 0.0189397
-0.927083 0.0188112

-0.927083 0.0188112
-0.916667 0.0186799

-0.916667 0.0186798
-0.90625 0.0185456

-0.90625 0.0185456
-0.895833 0.0184086

-0.895833 0.0184086
-0.885417 0.0182688

-0.885417 0.0182688
-0.875 0.0181263

-0.875 0.0181263
-0.864583 0.0179811

-0.864583 0.0179811
-0.854167 0.0178332

-0.854167 0.0178332
-0.84375 0.0176827

-0.84375 0.0176827
-0.833333 0.0175296

