-2.66667 -0.000552079
-2.33333 0.000314886

-2.33333 0.00164805
-2.16667 0.00226646

0.833333 0.019669
0.84375 0.0197972

0.84375 0.0197972
0.854167 0.0199212

0.854167 0.0199212
0.864583 0.020041

0.864583 0.0200411
0.875 0.0201566

0.875 0.0201566
0.885417 0.0202679

0.885417 0.0202679
0.895833 0.0203748

0.895833 0.0203748
0.90625 0.0204774

0.90625 0.0204774
0.916667 0.0205755

0.916667 0.0205755
0.927083 0.0206692

0.927083 0.0206692
0.9375 0.0207584

0.9375 0.0207586
0.946699 0.0208333

0.946862 0.0208333
0.947917 0.0208419

0.947917 0.0208431
0.958333 0.0209232

0.958333 0.0209232
0.96875 0.0209987

0.96875 0.0209987
0.979167 0.0210696

0.979167 0.0210696
0.989583 0.0211359

0.989583 0.0211359
1 0.0211975

-2.02083 -0.000508468
-2.03399 3.81639e-17

-2.02083 -0.000518317
-2 -0.0013804

-2.16667 0.00278846
-2.08333 0.00184706

-2.08333 0.0016402
-2.04167 0.000334407

-2.04167 0.00028818
-2.03421 7.28584e-17

1 0.0211975
1.01042 0.0212543

-2 -0.00138788
-1.98958 -0.0018333

-1.98958 -0.00183365
-1.97917 -0.00227779

-1.97917 -0.00227783
-1.96875 -0.00271992

-1.96875 -0.00272009
-1.95833 -0.00315972

1.01042 0.0212543
1.02083 0.0213064

-1.95833 -0.00315977
-1.94792 -0.00359649

-1.94792 -0.00359657
-1.9375 -0.00403012

-1.9375 -0.00403017
-1.92708 -0.00446029

-1.92708 -0.00446035
-1.91667 -0.00488685

1.02083 0.0213064
1.03125 0.0213537

1.03125 0.0213537
1.04167 0.0213961

-1.91667 -0.00488688
-1.90625 -0.00530956

-1.90625 -0.00530961
-1.89583 -0.00572831

-1.89583 -0.00572834
-1.88542 -0.00614292

1.04167 0.0213961
1.05208 0.0214337

1.05208 0.0214337
1.0625 0.0214665

1.0625 0.0214665
1.07292 0.0214943

-1.88542 -0.00614295
-1.875 -0.00655327

-1.875 -0.0065533
-1.86458 -0.00695924

-1.86458 -0.00695926
-1.85417 -0.00736072

-1.85417 -0.00736074
-1.84375 -0.0077576

-1.84375 -0.00775762
-1.83333 -0.00814981

1.07292 0.0214943
1.08333 0.0215171

1.08333 0.0215172
1.09375 0.0215351

1.09375 0.0215351
1.10417 0.021548

1.10417 0.021548
1.11458 0.0215559

1.11458 0.0215559
1.125 0.0215587

1.125 0.0215587
1.13542 0.0215565

1.13542 0.0215565
1.14583 0.0215491

-1.83333 -0.00814983
-1.82292 -0.00853724

-1.82292 -0.00853726
-1.8125 -0.00891982

1.14583 0.0215491
1.15625 0.0215366

-0.833333 -0.0199357
-0.822917 -0.0198023

-0.822917 -0.0198023
-0.8125 -0.0196646

-0.8125 -0.0196646
-0.802083 -0.0195227

-0.802083 -0.0195227
-0.791667 -0.0193765

-0.791667 -0.0193765
-0.78125 -0.0192263

-0.78125 -0.0192263
-0.770833 -0.019072

-0.770833 -0.019072
-0.760417 -0.0189136

-0.760417 -0.0189136
-0.75 -0.0187513

-0.75 -0.0187513
-0.739583 -0.018585

-0.739583 -0.018585
-0.729167 -0.0184149

0.00047881 3.64292e-17
0.0104167 0.000293159

0.0104167 0.0002935
0.0208333 0.000600716

0.0208333 0.00060073
0.03125 0.000907817

0.03125 0.000907833
0.0416667 0.00121473

0.0416667 0.00121475
0.0520833 0.00152139

0.0520833 0.00152141
0.0625 0.00182774

0.0625 0.00182775
0.0729167 0.0021337

0.0729167 0.00213372
0.0833333 0.00243922

0.0833333 0.00243924
0.09375 0.00274423

0.09375 0.00274425
0.104167 0.00304868

0.104167 0.00304869
0.114583 0.00335249

0.114583 0.00335251
0.125 0.00365562

0.125 0.00365564
0.135417 0.003958

0.135417 0.00395801
0.145833 0.00425957

0.145833 0.00425959
0.15625 0.00456028

0.15625 0.00456029
0.166667 0.00486006

0.166667 0.00486008
0.177083 0.00515887

0.177083 0.00515888
0.1875 0.00545664

0.1875 0.00545665
0.197917 0.00575331

-0.729167 -0.0184149
-0.71875 -0.0182409

-0.71875 -0.0182409
-0.708333 -0.0180632

1.15625 0.0215366
1.16667 0.0215189

-0.708333 -0.0180632
-0.697917 -0.0178817

-0.697917 -0.0178817
-0.6875 -0.0176966

-0.6875 -0.0176966
-0.677083 -0.0175078

-0.677083 -0.0175078
-0.666667 -0.0173155

1.16667 0.0215189
1.17708 0.021496

1.17708 0.021496
1.1875 0.0214679

1.1875 0.0214679
1.19792 0.0214345

1.19792 0.0214345
1.20833 0.0213958

1.20833 0.0213958
1.21875 0.0213518

1.21875 0.0213518
1.22917 0.0213024

1.22917 0.0213024
1.23958 0.0212476

1.23958 0.0212476
1.25 0.0211874

1.25 0.0211874
1.26042 0.0211217

1.26042 0.0211217
1.27083 0.0210506

1.27083 0.0210506
1.28125 0.020974

1.28125 0.020974
1.29167 0.0208919

1.30208 0.0208041
1.29861 0.0208333

1.30208 0.0208043
1.3125 0.0207111

1.29167 0.020892
1.29864 0.0208333

1.3125 0.0207111
1.32292 0.0206124

1.32292 0.0206124
1.33333 0.0205081

0.197917 0.00575332
0.208333 0.00604883

0.208333 0.00604884
0.21875 0.00634314

0.21875 0.00634316
0.229167 0.00663619

0.229167 0.00663621
0.239583 0.00692792

0.239583 0.00692794
0.25 0.00721827

0.25 0.00721829
0.260417 0.00750719

0.260417 0.0075072
0.270833 0.00779461

0.270833 0.00779463
0.28125 0.00808048

0.28125 0.0080805
0.291667 0.00836475

0.291667 0.00836476
0.302083 0.00864735

0.302083 0.00864736
0.3125 0.00892822

0.3125 0.00892824
0.322917 0.00920731

0.322917 0.00920732
0.333333 0.00948455

0.333333 0.00948456
0.34375 0.00975989

0.34375 0.0097599
0.354167 0.0100333

0.354167 0.0100333
0.364583 0.0103046

0.364583 0.0103237
0.36818 0.0104167

0.369417 0.0104167
0.375 0.010561

0.375 0.0105739
0.385417 0.0108412

0.385417 0.0108412
0.395833 0.0111064

0.395833 0.0111064
0.40625 0.0113694

0.40625 0.0113694
0.416667 0.0116302

-1.8125 -0.00891984
-1.80208 -0.00929747

-1.80208 -0.00929749
-1.79167 -0.00967013

-1.79167 -0.00967015
-1.78125 -0.0100377

-0.666667 -0.0173155
-0.65625 -0.0171196

0.416667 0.0116302
0.427083 0.0118887

-0.65625 -0.0171196
-0.645833 -0.0169203

-0.645833 -0.0169203
-0.635417 -0.0167175

1.33333 0.0205081
1.34375 0.0203983

1.34375 0.0203983
1.35417 0.0202828

1.35417 0.0202828
1.36458 0.0201618

-0.635417 -0.0167175
-0.625 -0.0165114

0.427083 0.0118887
0.4375 0.0121449

0.4375 0.012145
0.447917 0.0123988

0.447917 0.0123988
0.458333 0.0126502

0.458333 0.0126502
0.46875 0.012899

1.36458 0.0201618
1.375 0.0200351

1.375 0.0200351
1.38542 0.0199028

1.38542 0.0199028
1.39583 0.0197648

1.39583 0.0197648
1.40625 0.0196212

0.46875 0.012899
0.479167 0.0131454

-0.625 -0.0165114
-0.614583 -0.0163019

0.479167 0.0131454
0.489583 0.0133891

0.489583 0.0133891
0.5 0.0136302

1.40625 0.0196212
1.41667 0.019472

-0.614583 -0.0163019
-0.604167 -0.0160892

0.5 0.0136302
0.510417 0.0138685

0.510417 0.0138685
0.520833 0.0141041

0.520833 0.0141042
0.53125 0.0143369

-0.604167 -0.0160891
-0.59375 -0.0158732

1.41667 0.019472
1.42708 0.019317

-0.59375 -0.0158732
-0.583333 -0.015654

0.53125 0.014337
0.541667 0.0145669

0.541667 0.0145669
0.552083 0.0147939

1.42708 0.019317
1.4375 0.0191563

1.4375 0.0191563
1.44792 0.0189899

1.44792 0.0189899
1.45833 0.0188178

0.552083 0.0147939
0.5625 0.015018

0.5625 0.015018
0.572917 0.0152391

0.572917 0.0152391
0.583333 0.0154572

1.45833 0.0188178
1.46875 0.0186399

0.583333 0.0154572
0.59375 0.0156722

0.59375 0.0156722
0.604167 0.015884

1.46875 0.0186399
1.47917 0.0184563

1.47917 0.0184563
1.48958 0.018267

1.48958 0.018267
1.5 0.0180718

-0.583333 -0.015654
-0.572917 -0.0154317

1.5 0.0180718
1.51042 0.017871

1.51042 0.017871
1.52083 0.0176643

1.52083 0.0176643
1.53125 0.0174519

1.53125 0.0174519
1.54167 0.0172337

1.54167 0.0172337
1.55208 0.0170097

1.55208 0.0170097
1.5625 0.01678

1.5625 0.01678
1.57292 0.0165446

1.57292 0.0165446
1.58333 0.0163034

1.58333 0.0163034
1.59375 0.0160564

-0.572917 -0.0154317
-0.5625 -0.0152063

-1.78125 -0.0100377
-1.77083 -0.0104002

-1.76042 -0.0107574
-1.77035 -0.0104167

-1.77083 -0.0104001
-1.77035 -0.0104167

-1.76042 -0.0107574
-1.75 -0.0111094

-0.5625 -0.0152063
-0.552083 -0.0149779

-0.552083 -0.0149779
-0.541667 -0.0147465

-0.541667 -0.0147465
-0.53125 -0.0145122

-0.53125 -0.0145122
-0.520833 -0.0142751

-0.520833 -0.0142751
-0.510417 -0.0140351

-0.510417 -0.0140351
-0.5 -0.0137923

-0.5 -0.0137923
-0.489583 -0.0135469

-0.489583 -0.0135469
-0.479167 -0.0132988

-0.479167 -0.0132988
-0.46875 -0.0130481

-0.46875 -0.0130481
-0.458333 -0.0127949

-0.458333 -0.0127949
-0.447917 -0.0125392

-0.447917 -0.0125392
-0.4375 -0.012281

-0.4375 -0.012281
-0.427083 -0.0120206

-0.427083 -0.0120206
-0.416667 -0.0117578

-0.416667 -0.0117578
-0.40625 -0.0114928

-0.40625 -0.0114928
-0.395833 -0.0112256

-0.395833 -0.0112256
-0.385417 -0.0109563

-0.385417 -0.0109563
-0.375 -0.0106849

0.604167 0.015884
0.614583 0.0160927

0.614583 0.0160927
0.625 0.0162982

0.625 0.0162982
0.635417 0.0165004

0.635417 0.0165004
0.645833 0.0166994

0.645833 0.0166994
0.65625 0.016895

0.65625 0.016895
0.666667 0.0170872

0.666667 0.0170872
0.677083 0.017276

0.677083 0.017276
0.6875 0.0174613

0.6875 0.0174613
0.697917 0.0176432

0.697917 0.0176432
0.708333 0.0178215

0.708333 0.0178215
0.71875 0.0179962

0.71875 0.0179962
0.729167 0.0181673

0.729167 0.0181674
0.739583 0.0183348

0.739583 0.0183348
0.75 0.0184985

-0.375 -0.0106849
-0.364778 -0.0104167

1.59375 0.0160564
1.60417 0.0158037

1.60417 0.0158037
1.61458 0.0155452

1.61458 0.0155452
1.625 0.0152811

-1.75 -0.0111094
-1.73958 -0.0114561

0.75 0.0184985
0.760417 0.0186585

-1.73958 -0.0114561
-1.72917 -0.0117975

1.625 0.0152811
1.63542 0.0150112

-1.72917 -0.0117975
-1.71875 -0.0121334

-0.364738 -0.0104167
-0.364583 -0.0104126

1.63542 0.0150112
1.64583 0.0147355

1.64583 0.0147355
1.65625 0.0144542

-0.364583 -0.0104116
-0.354167 -0.0101363

-0.354167 -0.0101362
-0.34375 -0.00985895

-0.34375 -0.00985893
-0.333333 -0.00957972

0.760417 0.0186585
0.770833 0.0188146

0.770833 0.0188146
0.78125 0.0189669

-1.71875 -0.0121334
-1.70833 -0.0124639

-1.70833 -0.0124639
-1.69792 -0.0127889

0.78125 0.0189669
0.791667 0.0191153

-1.69792 -0.0127889
-1.6875 -0.0131084

0.791667 0.0191153
0.802083 0.0192598

0.802083 0.0192598
0.8125 0.0194002

0.8125 0.0194002
0.822917 0.0195366

1.65625 0.0144542
1.66667 0.0141672

-1.6875 -0.0131084
-1.67708 -0.0134223

1.66667 0.0141672
1.67708 0.0138745

1.67708 0.0138745
1.6875 0.0135761

1.6875 0.0135761
1.69792 0.0132721

0.822917 0.0195367
0.833333 0.019669

-1.67708 -0.0134223
-1.66667 -0.0137306

-1.66667 -0.0137306
-1.65625 -0.0140332

-1.65625 -0.0140332
-1.64583 -0.0143302

-1.64583 -0.0143302
-1.63542 -0.0146215

-1.63542 -0.0146215
-1.625 -0.0149071

1.69792 0.0132721
1.70833 0.0129626

1.70833 0.0129625
1.71875 0.0126474

1.71875 0.0126474
1.72917 0.0123267

1.72917 0.0123267
1.73958 0.0120005

1.73958 0.0120005
1.75 0.0116687

-1.625 -0.0149071
-1.61458 -0.0151869

-1.61458 -0.0151869
-1.60417 -0.015461

-1.60417 -0.015461
-1.59375 -0.0157293

-1.59375 -0.0157293
-1.58333 -0.0159918

-1.58333 -0.0159918
-1.57292 -0.0162485

-1.57292 -0.0162485
-1.5625 -0.0164994

-1.5625 -0.0164994
-1.55208 -0.0167444

1.75 0.0116687
1.76042 0.0113316

1.76042 0.0113315
1.77083 0.0109889

1.77083 0.0109889
1.78125 0.0106409

-1.55208 -0.0167444
-1.54167 -0.0169836

-0.333333 -0.0095797
-0.322917 -0.00929865

-0.322917 -0.00929863
-0.3125 -0.00901579

-0.3125 -0.00901578
-0.302083 -0.00873123

-0.302083 -0.00873121
-0.291667 -0.00844501

-1.54167 -0.0169836
-1.53125 -0.0172169

-1.53125 -0.0172169
-1.52083 -0.0174443

-0.291667 -0.008445
-0.28125 -0.00815722

-0.28125 -0.0081572
-0.270833 -0.0078679

-1.52083 -0.0174443
-1.51042 -0.0176659

-1.51042 -0.0176659
-1.5 -0.0178815

1.79167 0.0102864
1.78783 0.0104167

1.78125 0.0106416
1.78788 0.0104167

1.79167 0.0102876
1.80208 0.00992894

1.80208 0.00992893
1.8125 0.00956505

1.8125 0.00956503
1.82292 0.00919596

1.82292 0.00919595
1.83333 0.00882174

-1.5 -0.0178815
-1.48958 -0.0180913

-1.48958 -0.0180913
-1.47917 -0.0182951

-1.47917 -0.0182951
-1.46875 -0.0184931

1.83333 0.00882172
1.84375 0.00844244

1.84375 0.00844242
1.85417 0.00805813

1.85417 0.00805811
1.86458 0.00766886

1.86458 0.00766884
1.875 0.00727472

1.875 0.0072747
1.88542 0.0068758

1.88542 0.00687577
1.89583 0.00647219

-1.46875 -0.0184931
-1.45833 -0.0186851

-1.45833 -0.0186851
-1.44792 -0.0188713

-1.44792 -0.0188713
-1.4375 -0.0190515

-0.270833 -0.00786789
-0.260417 -0.00757714

-0.260417 -0.00757712
-0.25 -0.00728498

1.89583 0.00647217
1.90625 0.00606401

1.90625 0.00606398
1.91667 0.00565137

1.91667 0.00565134
1.92708 0.0052344

-0.25 -0.00728497
-0.239583 -0.0069915

-1.4375 -0.0190515
-1.42708 -0.0192258

-0.239583 -0.00699148
-0.229167 -0.00669675

1.92708 0.00523436
1.9375 0.00481321

1.9375 0.00481319
1.94792 0.00438799

-1.42708 -0.0192258
-1.41667 -0.0193943

-0.229167 -0.00669673
-0.21875 -0.00640079

-0.21875 -0.00640078
-0.208333 -0.00610369

-0.208333 -0.00610367
-0.197917 -0.0058055

-0.197917 -0.00580549
-0.1875 -0.00550629

-0.1875 -0.00550628
-0.177083 -0.00520612

-0.177083 -0.0052061
-0.166667 -0.00490504

1.94792 0.00438793
1.95833 0.00395884

1.95833 0.00395881
1.96875 0.00352601

1.96875 0.00352592
1.97917 0.00308964

-1.41667 -0.0193943
-1.40625 -0.0195568

-1.40625 -0.0195568
-1.39583 -0.0197135

1.97917 0.00308965
1.98958 0.00265008

-1.39583 -0.0197135
-1.38542 -0.0198643

1.98958 0.00264993
2 0.00220736

-0.166667 -0.00490502
-0.15625 -0.00460311

2.08333 -0.00110188
2.05349 7.63278e-17

2.08333 -0.00125622
2.16667 -0.0032227

-1.38542 -0.0198643
-1.375 -0.0200092

-1.375 -0.0200092
-1.36458 -0.0201483

-1.36458 -0.0201483
-1.35417 -0.0202815

-0.15625 -0.0046031
-0.145833 -0.0043004

-0.145833 -0.00430039
-0.135417 -0.00399697

-0.135417 -0.00399695
-0.125 -0.00369286

-1.35417 -0.0202815
-1.34375 -0.0204089

-1.34375 -0.0204089
-1.33333 -0.0205304

2 0.00220429
2.02083 0.00132607

2.02083 0.00132048
2.04167 0.000465138

2.04167 0.000441032
2.05361 3.46945e-17

-1.33333 -0.0205304
-1.32292 -0.0206462

2.16667 -0.00356564
2.33333 -0.00303972

2.33333 -0.000244683
2.66667 0.000983198

-0.125 -0.00369285
-0.114583 -0.00338816

-0.114583 -0.00338814
-0.104167 -0.0030829

-0.104167 -0.00308289
-0.09375 -0.00277716

-0.09375 -0.00277715
-0.0833333 -0.002471

-0.0833333 -0.00247099
-0.0729167 -0.00216448

-0.0729167 -0.00216446
-0.0625 -0.00185765

-0.0625 -0.00185763
-0.0520833 -0.00155058

-0.0520833 -0.00155057
-0.0416667 -0.00124334

-1.32292 -0.0206462
-1.3125 -0.0207561

-1.30208 -0.0208609
-1.30484 -0.0208333

-1.30208 -0.0208602
-1.29167 -0.0209586

-0.0416667 -0.00124333
-0.03125 -0.000935981

-0.03125 -0.000935966
-0.0208333 -0.000628565

-0.0208333 -0.000628553
-0.0104167 -0.000321149

-1.3125 -0.0207559
-1.30475 -0.0208333

-1.29167 -0.0209586
-1.28125 -0.0210512

-1.28125 -0.0210512
-1.27083 -0.021138

-0.0104167 -0.000321132
-1.47451e-16 -1.37852e-05

-1.27083 -0.0211379
-1.26042 -0.021219

-1.26042 -0.021219
-1.25 -0.0212943

-1.25 -0.0212943
-1.23958 -0.0213639

-1.23958 -0.0213639
-1.22917 -0.0214279

-1.22917 -0.0214279
-1.21875 -0.0214861

-1.21875 -0.0214861
-1.20833 -0.0215388

-1.20833 -0.0215388
-1.19792 -0.0215858

-1.19792 -0.0215858
-1.1875 -0.0216272

-1.1875 -0.0216272
-1.17708 -0.0216631

-1.17708 -0.0216631
-1.16667 -0.0216934

-1.16667 -0.0216934
-1.15625 -0.0217183

-1.15625 -0.0217182
-1.14583 -0.0217376

-1.14583 -0.0217376
-1.13542 -0.0217515

-1.13542 -0.0217515
-1.125 -0.0217601

-1.125 -0.02176
-1.11458 -0.0217632

-1.11458 -0.0217632
-1.10417 -0.021761

-1.10417 -0.021761
-1.09375 -0.0217534

-1.09375 -0.0217534
-1.08333 -0.0217406

-1.08333 -0.0217406
-1.07292 -0.0217225

-1.07292 -0.0217225
-1.0625 -0.0216992

-1.0625 -0.0216992
-1.05208 -0.0216707

-1.05208 -0.0216706
-1.04167 -0.021637

-1.04167 -0.021637
-1.03125 -0.0215982

-1.03125 -0.0215982
-1.02083 -0.0215543

-1.02083 -0.0215543
-1.01042 -0.0215053

-1.01042 -0.0215053
-1 -0.0214513

-1 -0.0214513
-0.989583 -0.0213923

-0.989583 -0.0213923
-0.979167 -0.0213284

-0.979167 -0.0213284
-0.96875 -0.0212596

-0.96875 -0.0212596
-0.958333 -0.0211859

-0.958333 -0.0211859
-0.947917 -0.0211074

-0.947917 -0.0211074
-0.9375 -0.0210241

-0.9375 -0.021024
-0.927083 -0.020936

-0.927083 -0.020936
-0.916667 -0.0208432

-0.916667 -0.0208418
-0.915766 -0.0208333

-0.915595 -0.0208333
-0.90625 -0.0207459

-0.90625 -0.0207457
-0.895833 -0.0206436

-0.895833 -0.0206436
-0.885417 -0.0205369

-0.885417 -0.0205369
-0.875 -0.0204256

-0.875 -0.0204256
-0.864583 -0.0203098

-0.864583 -0.0203098
-0.854167 -0.0201895

-0.854167 -0.0201895
-0.84375 -0.0200648

-0.84375 -0.0200648
-0.833333 -0.0199357

