-2.66667 -0.00149463
-2.33333 0.00115022

-2.33333 0.000248594
-2.16667 0.00404754

-2.16667 0.00443557
-2.08333 0.00789174

-2.08333 0.00799633
-2.04167 0.00999483

-2.04167 0.0100082
-2.02083 0.0110266

-2.02083 0.0110274
-2 0.0120366

-2 0.0120361
-1.98958 0.0125365

-1.98958 0.0125362
-1.97917 0.0130342

-1.97917 0.0130343
-1.96875 0.0135303

-1.96875 0.0135304
-1.95833 0.0140242

-1.95833 0.0140243
-1.94792 0.0145157

-1.94792 0.0145158
-1.9375 0.0150044

-1.9375 0.0150045
-1.92708 0.0154903

-1.92708 0.0154903
-1.91667 0.0159729

-1.91667 0.015973
-1.90625 0.0164522

-1.90625 0.0164522
-1.89583 0.0169278

-1.89583 0.0169279
-1.88542 0.0173996

-1.88542 0.0173997
-1.875 0.0178674

-1.875 0.0178674
-1.86458 0.0183308

-1.86458 0.0183309
-1.85417 0.0187898

-1.85417 0.0187898
-1.84375 0.019244

-1.84375 0.019244
-1.83333 0.0196933

-1.83333 0.0196934
-1.82292 0.0201376

-1.82292 0.0201377
-1.8125 0.0205768

-1.8125 0.0205751
-1.8063 0.0208333

-1.8064 0.0208333
-1.80208 0.021013

-1.80208 0.0210106
-1.79167 0.0214388

-1.79167 0.0214388
-1.78125 0.0218613

-1.78125 0.0218613
-1.77083 0.022278

-1.77083 0.0222781
-1.76042 0.0226888

-1.76042 0.0226888
-1.75 0.0230934

-1.75 0.0230935
-1.73958 0.0234919

-1.73958 0.0234919
-1.72917 0.0238839

-1.72917 0.023884
-1.71875 0.0242696

-1.71875 0.0242696
-1.70833 0.0246486

1.47451e-16 -0.00339923
0.0104167 -0.00383586

0.833333 -0.0284965
0.84375 -0.0286303

-0.833333 0.0284909
-0.822917 0.0282223

-0.822917 0.0282223
-0.8125 0.027948

-0.8125 0.027948
-0.802083 0.0276681

-0.802083 0.0276681
-0.791667 0.0273828

-0.791667 0.0273828
-0.78125 0.0270922

-0.78125 0.0270922
-0.770833 0.0267964

-0.770833 0.0267964
-0.760417 0.0264956

-0.760417 0.0264955
-0.75 0.0261898

-0.75 0.0261897
-0.739583 0.0258791

-0.739583 0.0258791
-0.729167 0.0255637

-0.729167 0.0255637
-0.71875 0.0252437

-0.71875 0.0252436
-0.708333 0.0249191

-0.708333 0.0249191
-0.697917 0.0245901

-0.697917 0.0245901
-0.6875 0.0242568

-0.6875 0.0242568
-0.677083 0.0239192

-0.677083 0.0239192
-0.666667 0.0235774

0.84375 -0.0286303
0.854167 -0.0287586

-0.666667 0.0235774
-0.65625 0.0232315

-0.65625 0.0232315
-0.645833 0.0228816

-0.645833 0.0228816
-0.635417 0.0225277

-1.70833 0.0246486
-1.69792 0.025021

-1.69792 0.025021
-1.6875 0.0253865

-1.6875 0.0253865
-1.67708 0.0257451

-1.67708 0.0257451
-1.66667 0.0260966

-0.635417 0.0225276
-0.625 0.0221698

0.854167 -0.0287586
0.864583 -0.0288814

0.864583 -0.0288814
0.875 -0.0289987

0.875 -0.0289987
0.885417 -0.0291103

-1.66667 0.0260966
-1.65625 0.026441

0.885417 -0.0291104
0.895833 -0.0292164

0.0104167 -0.00383588
0.0208333 -0.00427114

-1.65625 0.026441
-1.64583 0.026778

-1.64583 0.0267781
-1.63542 0.0271077

-1.63542 0.0271078
-1.625 0.02743

-1.625 0.02743
-1.61458 0.0277447

0.0208333 -0.00427117
0.03125 -0.00470496

0.895833 -0.0292164
0.90625 -0.0293169

0.03125 -0.00470498
0.0416667 -0.00513722

0.0416667 -0.00513725
0.0520833 -0.00556785

0.90625 -0.0293169
0.916667 -0.0294118

-1.61458 0.0277447
-1.60417 0.0280519

-1.60417 0.0280519
-1.59375 0.0283513

-1.59375 0.0283514
-1.58333 0.0286431

-1.58333 0.0286432
-1.57292 0.0289272

-1.57292 0.0289272
-1.5625 0.0292034

-1.5625 0.0292035
-1.55208 0.0294718

-0.625 0.0221698
-0.614583 0.0218082

0.0520833 -0.00556787
0.0625 -0.00599674

-0.614583 0.0218081
-0.604167 0.0214427

0.0625 -0.00599676
0.0729167 -0.00642381

0.0729167 -0.00642383
0.0833333 -0.00684899

0.916667 -0.0294118
0.927083 -0.0295011

0.0833333 -0.00684901
0.09375 -0.00727217

0.09375 -0.00727219
0.104167 -0.00769328

0.104167 -0.0076933
0.114583 -0.00811222

0.114583 -0.00811225
0.125 -0.00852893

0.125 -0.00852895
0.135417 -0.00894329

0.135417 -0.00894332
0.145833 -0.00935525

0.145833 -0.00935526
0.15625 -0.0097647

0.927083 -0.0295011
0.9375 -0.0295847

-1.55208 0.0294718
-1.54167 0.0297323

0.9375 -0.0295847
0.947917 -0.0296626

0.947917 -0.0296626
0.958333 -0.0297349

0.958333 -0.0297349
0.96875 -0.0298015

0.96875 -0.0298015
0.979167 -0.0298625

0.979167 -0.0298625
0.989583 -0.0299178

0.989583 -0.0299178
1 -0.0299674

1 -0.0299674
1.01042 -0.0300113

1.01042 -0.0300113
1.02083 -0.0300495

1.02083 -0.0300495
1.03125 -0.0300821

1.03125 -0.0300821
1.04167 -0.0301091

1.04167 -0.0301091
1.05208 -0.0301304

1.05208 -0.0301304
1.0625 -0.0301461

1.0625 -0.0301461
1.07292 -0.0301562

1.07292 -0.0301561
1.08333 -0.0301607

1.08333 -0.0301607
1.09375 -0.0301596

1.09375 -0.0301596
1.10417 -0.030153

1.10417 -0.030153
1.11458 -0.0301408

1.11458 -0.0301408
1.125 -0.0301232

1.125 -0.0301232
1.13542 -0.0301

1.13542 -0.0301
1.14583 -0.0300712

1.14583 -0.0300712
1.15625 -0.030037

1.15625 -0.030037
1.16667 -0.0299972

1.16667 -0.0299972
1.17708 -0.0299519

1.17708 -0.0299519
1.1875 -0.0299011

1.1875 -0.0299011
1.19792 -0.0298448

1.19792 -0.0298448
1.20833 -0.0297829

1.20833 -0.0297829
1.21875 -0.0297156

1.21875 -0.0297156
1.22917 -0.0296427

1.22917 -0.0296427
1.23958 -0.0295644

1.23958 -0.0295644
1.25 -0.0294806

-0.583333 0.0207035
-0.58696 0.0208333

-0.604167 0.0214427
-0.59375 0.0210735

-0.59375 0.021072
-0.587083 0.0208333

-0.583333 0.0207007
-0.572917 0.020324

-0.572917 0.020324
-0.5625 0.0199436

-0.5625 0.0199436
-0.552083 0.0195596

-0.552083 0.0195596
-0.541667 0.019172

-0.541667 0.019172
-0.53125 0.0187809

-0.53125 0.0187809
-0.520833 0.0183864

-0.520833 0.0183864
-0.510417 0.0179887

-0.510417 0.0179887
-0.5 0.0175878

-0.5 0.0175878
-0.489583 0.0171839

-0.489583 0.0171839
-0.479167 0.0167769

-0.479167 0.0167769
-0.46875 0.0163671

-0.46875 0.0163671
-0.458333 0.0159546

-0.458333 0.0159545
-0.447917 0.0155393

-0.447917 0.0155393
-0.4375 0.0151216

-0.4375 0.0151215
-0.427083 0.0147014

-0.427083 0.0147013
-0.416667 0.0142788

-0.416667 0.0142788
-0.40625 0.0138541

-0.40625 0.0138541
-0.395833 0.0134272

-0.395833 0.0134272
-0.385417 0.0129984

-0.385417 0.0129984
-0.375 0.0125678

0.15625 -0.00976475
0.166667 -0.0101716

-1.54167 0.0297323
-1.53125 0.0299848

-1.53125 0.0299848
-1.52083 0.0302292

-1.52083 0.0302292
-1.51042 0.0304655

-0.375 0.0125678
-0.364583 0.0121354

0.177083 -0.0105527
0.173578 -0.0104167

0.166667 -0.0101859
0.172614 -0.0104167

0.177083 -0.0105758
0.1875 -0.0109776

-1.51042 0.0304655
-1.5 0.0306936

-0.364583 0.0121354
-0.354167 0.0117015

-0.354167 0.0117014
-0.34375 0.011266

-0.34375 0.0112659
-0.333333 0.0108291

0.1875 -0.0109776
0.197917 -0.0113769

-1.5 0.0306936
-1.48958 0.0309134

-1.48958 0.0309135
-1.47917 0.031125

-1.47917 0.0311245
-1.47274 0.03125

-1.47281 0.03125
-1.46875 0.0313292

-1.46875 0.0313283
-1.45833 0.0315232

0.197917 -0.0113769
0.208333 -0.0117738

-0.322917 0.0103924
-0.323493 0.0104167

-0.333333 0.0108289
-0.323532 0.0104167

-0.322917 0.0103909
-0.3125 0.00995142

-0.3125 0.00995137
-0.302083 0.00951049

-0.302083 0.00951046
-0.291667 0.00906837

-0.291667 0.00906835
-0.28125 0.00862517

1.25 -0.0294806
1.26042 -0.0293913

1.26042 -0.0293913
1.27083 -0.0292966

1.27083 -0.0292966
1.28125 -0.0291964

1.28125 -0.0291964
1.29167 -0.0290908

1.29167 -0.0290908
1.30208 -0.0289799

1.30208 -0.0289799
1.3125 -0.0288636

1.3125 -0.0288636
1.32292 -0.028742

-0.28125 0.00862515
-0.270833 0.00818096

-0.270833 0.00818093
-0.260417 0.00773583

-0.260417 0.0077358
-0.25 0.00728992

-0.25 0.00728989
-0.239583 0.00684334

-0.239583 0.00684332
-0.229167 0.00639621

-0.229167 0.00639618
-0.21875 0.00594862

-0.21875 0.0059486
-0.208333 0.00550067

-0.208333 0.00550065
-0.197917 0.00505246

-0.197917 0.00505244
-0.1875 0.00460408

-0.1875 0.00460405
-0.177083 0.00415562

-0.177083 0.00415559
-0.166667 0.00370717

-0.0729167 -0.000300959
-0.0799761 7.45931e-17

-0.0729167 -0.000312366
-0.0625 -0.000755884

-0.0625 -0.0007559
-0.0520833 -0.00119872

0.208333 -0.0117738
0.21875 -0.012168

-0.0520833 -0.00119874
-0.0416667 -0.00164078

-0.0416667 -0.0016408
-0.03125 -0.00208196

0.21875 -0.012168
0.229167 -0.0125596

-0.03125 -0.00208199
-0.0208333 -0.00252216

-1.45833 0.0315232
-1.44792 0.0317098

-0.0208333 -0.00252218
-0.0104167 -0.00296127

-0.0104167 -0.0029613
-1.47451e-16 -0.00339921

-0.166667 0.00370715
-0.15625 0.00325884

-1.44792 0.0317098
-1.4375 0.031888

0.229167 -0.0125596
0.239583 -0.0129484

0.239583 -0.0129484
0.25 -0.0133344

-1.4375 0.031888
-1.42708 0.0320578

0.25 -0.0133344
0.260417 -0.0137175

1.32292 -0.028742
1.33333 -0.0286151

-1.42708 0.0320578
-1.41667 0.0322192

-1.41667 0.0322192
-1.40625 0.0323723

-1.40625 0.0323723
-1.39583 0.032517

-1.39583 0.032517
-1.38542 0.0326533

-1.38542 0.0326533
-1.375 0.0327813

-1.375 0.0327813
-1.36458 0.0329009

-1.36458 0.0329009
-1.35417 0.0330121

-1.35417 0.0330121
-1.34375 0.033115

-1.34375 0.033115
-1.33333 0.0332094

1.33333 -0.0286151
1.34375 -0.028483

1.34375 -0.028483
1.35417 -0.0283457

1.35417 -0.0283457
1.36458 -0.0282033

0.260417 -0.0137175
0.270833 -0.0140976

-1.33333 0.0332094
-1.32292 0.0332954

-1.32292 0.0332954
-1.3125 0.033373

-1.3125 0.033373
-1.30208 0.0334422

-1.30208 0.0334422
-1.29167 0.0335029

0.270833 -0.0140976
0.28125 -0.0144746

-1.29167 0.0335029
-1.28125 0.0335551

0.28125 -0.0144746
0.291667 -0.0148484

0.291667 -0.0148484
0.302083 -0.015219

-1.28125 0.0335551
-1.27083 0.033599

-1.27083 0.033599
-1.26042 0.0336344

-1.26042 0.0336344
-1.25 0.0336615

-1.25 0.0336615
-1.23958 0.0336803

-0.15625 0.00325882
-0.145833 0.00281071

0.302083 -0.015219
0.3125 -0.0155863

0.3125 -0.0155863
0.322917 -0.0159501

-1.23958 0.0336803
-1.22917 0.0336908

-1.22917 0.0336908
-1.21875 0.033693

-1.21875 0.033693
-1.20833 0.033687

-1.20833 0.033687
-1.19792 0.0336729

1.36458 -0.0282033
1.375 -0.0280557

0.322917 -0.0159502
0.333333 -0.0163105

1.375 -0.0280557
1.38542 -0.0279031

1.38542 -0.0279031
1.39583 -0.0277454

-1.19792 0.0336729
-1.1875 0.0336507

1.39583 -0.0277454
1.40625 -0.0275826

1.40625 -0.0275826
1.41667 -0.0274149

0.333333 -0.0163106
0.34375 -0.0166674

0.34375 -0.0166674
0.354167 -0.0170206

1.41667 -0.0274149
1.42708 -0.0272422

-0.145833 0.00281069
-0.135417 0.00236289

-1.1875 0.0336507
-1.17708 0.0336205

-0.135417 0.00236286
-0.125 0.00191546

0.354167 -0.0170206
0.364583 -0.01737

-0.125 0.00191544
-0.114583 0.00146853

0.364583 -0.01737
0.375 -0.0177157

1.42708 -0.0272422
1.4375 -0.0270645

1.4375 -0.0270645
1.44792 -0.0268818

-1.17708 0.0336205
-1.16667 0.0335824

1.44792 -0.0268818
1.45833 -0.0266943

1.45833 -0.0266943
1.46875 -0.0265019

1.46875 -0.0265019
1.47917 -0.0263046

-1.16667 0.0335823
-1.15625 0.0335363

1.47917 -0.0263046
1.48958 -0.0261025

-0.114583 0.00146851
-0.104167 0.00102219

-1.15625 0.0335363
-1.14583 0.0334824

-0.104167 0.00102218
-0.09375 0.000576532

-1.14583 0.0334824
-1.13542 0.0334208

-0.09375 0.000576454
-0.0833333 0.000131637

1.48958 -0.0261025
1.5 -0.0258956

-0.0833333 0.000101965
-0.0809416 3.64292e-17

0.375 -0.0177157
0.385417 -0.0180575

-1.13542 0.0334208
-1.125 0.0333515

0.385417 -0.0180575
0.395833 -0.0183953

-1.125 0.0333515
-1.11458 0.0332746

1.5 -0.0258956
1.51042 -0.025684

-1.11458 0.0332746
-1.10417 0.0331901

0.395833 -0.0183953
0.40625 -0.0187291

1.51042 -0.025684
1.52083 -0.0254677

1.52083 -0.0254677
1.53125 -0.0252467

-1.10417 0.0331901
-1.09375 0.0330981

1.53125 -0.0252466
1.54167 -0.025021

0.40625 -0.0187291
0.416667 -0.0190588

-1.09375 0.033098
-1.08333 0.0329985

1.54167 -0.025021
1.55208 -0.0247908

-1.08333 0.0329985
-1.07292 0.0328916

-1.07292 0.0328916
-1.0625 0.0327772

1.55208 -0.0247908
1.5625 -0.0245561

0.416667 -0.0190588
0.427083 -0.0193843

-1.0625 0.0327772
-1.05208 0.0326555

-1.05208 0.0326555
-1.04167 0.0325264

1.5625 -0.0245561
1.57292 -0.0243169

-1.04167 0.0325264
-1.03125 0.0323901

0.427083 -0.0193843
0.4375 -0.0197056

-1.03125 0.0323901
-1.02083 0.0322465

1.57292 -0.0243169
1.58333 -0.0240733

0.4375 -0.0197056
0.447917 -0.0200225

-1.02083 0.0322464
-1.01042 0.0320956

0.447917 -0.0200225
0.458333 -0.020335

1.58333 -0.0240733
1.59375 -0.0238253

1.59375 -0.0238253
1.60417 -0.0235729

0.479167 -0.0209391
0.475538 -0.0208333

0.458333 -0.0203351
0.46875 -0.0206431

0.46875 -0.0206475
0.475125 -0.0208333

0.479167 -0.0209466
0.489583 -0.0212458

1.60417 -0.0235729
1.61458 -0.0233162

1.61458 -0.0233162
1.625 -0.0230552

-1.01042 0.0320956
-1 0.0319377

0.489583 -0.0212458
0.5 -0.0215407

1.625 -0.0230552
1.63542 -0.0227899

1.63542 -0.0227899
1.64583 -0.0225205

1.64583 -0.0225205
1.65625 -0.0222469

1.65625 -0.0222469
1.66667 -0.0219692

-1 0.0319377
-0.989583 0.0317726

-0.989583 0.0317726
-0.979167 0.0316005

0.5 -0.0215407
0.510417 -0.0218312

1.66667 -0.0219692
1.67708 -0.0216874

1.67708 -0.0216874
1.6875 -0.0214017

0.510417 -0.0218312
0.520833 -0.0221172

0.520833 -0.0221173
0.53125 -0.0223989

1.6875 -0.0214016
1.69792 -0.021112

1.69792 -0.021112
1.70781 -0.0208333

1.7078 -0.0208333
1.70833 -0.0208182

1.70833 -0.0208185
1.71875 -0.0205213

1.71875 -0.0205213
1.72917 -0.0202206

1.72917 -0.0202206
1.73958 -0.0199164

1.73958 -0.0199164
1.75 -0.0196088

1.75 -0.0196087
1.76042 -0.0192977

1.76042 -0.0192977
1.77083 -0.0189833

1.77083 -0.0189833
1.78125 -0.0186656

1.78125 -0.0186656
1.79167 -0.0183447

0.53125 -0.0223989
0.541667 -0.022676

0.541667 -0.022676
0.552083 -0.0229486

-0.979167 0.0316005
-0.96875 0.0314215

0.552083 -0.0229486
0.5625 -0.0232167

1.79167 -0.0183447
1.80208 -0.0180205

1.80208 -0.0180205
1.8125 -0.0176933

-0.958333 0.0312357
-0.959137 0.03125

0.5625 -0.0232167
0.572917 -0.0234801

1.8125 -0.0176933
1.82292 -0.0173631

0.572917 -0.0234801
0.583333 -0.0237389

-0.96875 0.0314214
-0.959146 0.03125

-0.958333 0.0312355
-0.947917 0.0310427

0.583333 -0.0237389
0.59375 -0.0239931

0.59375 -0.0239931
0.604167 -0.0242426

0.604167 -0.0242426
0.614583 -0.0244874

0.614583 -0.0244874
0.625 -0.0247275

-0.947917 0.0310426
-0.9375 0.030843

-0.9375 0.030843
-0.927083 0.0306366

1.82292 -0.0173631
1.83333 -0.0170299

0.625 -0.0247275
0.635417 -0.0249629

1.83333 -0.0170299
1.84375 -0.0166938

1.84375 -0.0166938
1.85417 -0.0163548

-0.927083 0.0306365
-0.916667 0.0304235

0.635417 -0.0249629
0.645833 -0.0251935

0.645833 -0.0251935
0.65625 -0.0254194

-0.916667 0.0304235
-0.90625 0.0302039

0.65625 -0.0254194
0.666667 -0.0256404

1.85417 -0.0163548
1.86458 -0.0160128

1.86458 -0.0160128
1.875 -0.0156678

1.875 -0.0156678
1.88542 -0.0153199

1.88542 -0.0153199
1.89583 -0.0149692

1.89583 -0.0149692
1.90625 -0.0146158

1.90625 -0.0146158
1.91667 -0.0142597

1.91667 -0.0142597
1.92708 -0.0139009

1.92708 -0.013901
1.9375 -0.0135395

0.666667 -0.0256405
0.677083 -0.0258567

0.677083 -0.0258567
0.6875 -0.0260681

0.6875 -0.0260681
0.697917 -0.0262746

0.697917 -0.0262746
0.708333 -0.0264762

1.9375 -0.0135395
1.94792 -0.0131752

1.94792 -0.0131752
1.95833 -0.0128079

-0.90625 0.0302039
-0.895833 0.0299778

-0.895833 0.0299778
-0.885417 0.0297454

-0.885417 0.0297454
-0.875 0.0295067

-0.875 0.0295067
-0.864583 0.0292618

1.95833 -0.0128079
1.96875 -0.0124375

1.96875 -0.0124378
1.97917 -0.0120637

1.97917 -0.0120643
1.98958 -0.0116845

1.98958 -0.0116856
2 -0.011297

-0.864583 0.0292618
-0.854167 0.0290108

2 -0.0113084
2.02083 -0.0104634

0.708333 -0.0264762
0.71875 -0.0266728

-0.854167 0.0290108
-0.84375 0.0287538

0.71875 -0.0266728
0.729167 -0.0268645

2.02083 -0.0104683
2.04167 -0.00951718

2.04167 -0.00952143
2.08333 -0.00737039

-0.84375 0.0287538
-0.833333 0.0284909

2.08333 -0.00718858
2.16667 -0.00298316

0.729167 -0.0268645
0.739583 -0.0270511

0.739583 -0.0270511
0.75 -0.0272326

2.16667 -0.00170947
2.27177 8.32667e-17

2.27101 2.77556e-17
2.33333 0.00101308

0.75 -0.0272326
0.760417 -0.027409

0.760417 -0.027409
0.770833 -0.0275803

0.770833 -0.0275803
0.78125 -0.0277463

0.78125 -0.0277463
0.791667 -0.027907

0.791667 -0.027907
0.802083 -0.0280625

0.802083 -0.0280625
0.8125 -0.0282126

0.8125 -0.0282126
0.822917 -0.0283573

0.822917 -0.0283573
0.833333 -0.0284965

2.33333 -0.00212594
2.66667 -0.00100528

