-2.66667 0.00026262
-2.33333 0.00127385

-2.29238 2.77556e-17
-2.16667 0.00150577

-0.833333 0.033861
-0.822917 0.0336828

-0.822917 0.0336828
-0.8125 0.0334989

-0.8125 0.0334989
-0.802083 0.0333093

-0.802083 0.0333093
-0.791667 0.0331141

-2.16667 0.00149697
-2.08333 0.00450629

-2.08333 0.00464922
-2.04167 0.00690823

-0.791667 0.0331141
-0.78125 0.0329133

-0.78125 0.0329133
-0.770833 0.0327068

-0.770833 0.0327068
-0.760417 0.0324946

-0.760417 0.0324946
-0.75 0.0322769

-2.04167 0.00695056
-2.02083 0.00825053

-2.02083 0.00826555
-2 0.00962128

-0.75 0.0322769
-0.739583 0.0320535

-0.739583 0.0320535
-0.729167 0.0318245

-0.729167 0.0318245
-0.71875 0.03159

-0.71875 0.03159
-0.708333 0.0313499

-0.697917 0.0311039
-0.704112 0.03125

-0.708333 0.0313504
-0.704074 0.03125

-2 0.00962783
-1.98958 0.0103134

-1.98958 0.0103797
-1.98902 0.0104167

-1.98789 0.0104167
-1.97917 0.0109847

-1.97917 0.0109927
-1.96875 0.0116628

-1.96875 0.011663
-1.95833 0.0123242

-0.697917 0.0311043
-0.6875 0.0308533

-0.6875 0.0308532
-0.677083 0.0305968

-1.95833 0.0123242
-1.94792 0.0129762

-1.94792 0.0129763
-1.9375 0.0136189

-1.9375 0.0136189
-1.92708 0.0142521

-1.92708 0.0142522
-1.91667 0.0148758

-0.677083 0.0305968
-0.666667 0.0303351

-1.91667 0.0148758
-1.90625 0.0154898

-1.90625 0.0154898
-1.89583 0.016094

-1.89583 0.016094
-1.88542 0.0166885

-1.88542 0.0166885
-1.875 0.0172733

0.833333 -0.0334962
0.84375 -0.0338454

-0.666667 0.0303351
-0.65625 0.0300681

-0.65625 0.0300681
-0.645833 0.0297958

-0.645833 0.0297958
-0.635417 0.0295184

-0.635417 0.0295184
-0.625 0.029236

-0.625 0.0292359
-0.614583 0.0289485

-1.875 0.0172733
-1.86458 0.0178484

-0.614583 0.0289484
-0.604167 0.028656

-0.604167 0.028656
-0.59375 0.0283586

-0.59375 0.0283586
-0.583333 0.0280564

0.84375 -0.0338454
0.854167 -0.0341884

0.104167 -0.000251311
0.099065 7.45931e-17

0.104167 -0.000237891
0.114583 -0.000752044

0.114583 -0.000752044
0.125 -0.00126709

0.125 -0.00126711
0.135417 -0.00178299

0.135417 -0.00178301
0.145833 -0.00229965

0.145833 -0.00229967
0.15625 -0.00281699

0.15625 -0.00281701
0.166667 -0.00333493

1.47451e-16 0.00483024
0.0104167 0.00433064

0.0104167 0.00433063
0.0208333 0.00382925

0.0208333 0.00382923
0.03125 0.00332614

0.03125 0.00332613
0.0416667 0.00282139

0.0416667 0.00282137
0.0520833 0.00231506

0.0520833 0.00231504
0.0625 0.00180721

0.0625 0.0018072
0.0729167 0.00129793

-0.583333 0.0280564
-0.572917 0.0277494

-0.572917 0.0277494
-0.5625 0.0274377

-0.5625 0.0274377
-0.552083 0.0271214

-0.552083 0.0271214
-0.541667 0.0268004

-0.541667 0.0268004
-0.53125 0.0264748

-0.53125 0.0264748
-0.520833 0.0261448

-0.520833 0.0261448
-0.510417 0.0258103

-0.510417 0.0258102
-0.5 0.0254713

-0.5 0.0254713
-0.489583 0.025128

-0.489583 0.025128
-0.479167 0.0247803

-0.479167 0.0247803
-0.46875 0.0244283

-0.46875 0.0244283
-0.458333 0.0240721

-0.458333 0.0240721
-0.447917 0.0237117

-0.447917 0.0237116
-0.4375 0.023347

-0.4375 0.023347
-0.427083 0.0229783

-0.427083 0.0229782
-0.416667 0.0226054

-0.416667 0.0226054
-0.40625 0.0222284

-0.40625 0.0222284
-0.395833 0.0218474

-0.395833 0.0218474
-0.385417 0.0214624

-0.385417 0.0214624
-0.375 0.0210734

-0.364583 0.0206766
-0.368738 0.0208333

-0.364583 0.0206804
-0.354167 0.0202837

-0.375 0.0210758
-0.368571 0.0208333

-0.354167 0.0202837
-0.34375 0.0198831

-0.34375 0.0198831
-0.333333 0.0194788

0.854167 -0.0341884
0.864583 -0.0345252

0.864583 -0.0345252
0.875 -0.0348556

0.875 -0.0348556
0.885417 -0.0351796

0.885417 -0.0351796
0.895833 -0.0354971

0.895833 -0.0354971
0.90625 -0.0358079

0.90625 -0.0358079
0.916667 -0.0361119

0.916667 -0.0361119
0.927083 -0.0364091

0.927083 -0.0364091
0.9375 -0.0366994

0.9375 -0.0366994
0.947917 -0.0369826

0.947917 -0.0369826
0.958333 -0.0372586

0.958333 -0.0372586
0.96875 -0.0375274

0.96875 -0.0375274
0.979167 -0.0377888

0.979167 -0.0377888
0.989583 -0.0380427

0.989583 -0.0380427
1 -0.038289

1 -0.0382891
1.01042 -0.0385276

1.01042 -0.0385277
1.02083 -0.0387584

1.02083 -0.0387585
1.03125 -0.0389813

1.03125 -0.0389813
1.04167 -0.0391961

1.04167 -0.0391961
1.05208 -0.0394027

1.05208 -0.0394027
1.0625 -0.039601

1.0625 -0.039601
1.07292 -0.0397909

1.07292 -0.0397909
1.08333 -0.0399723

1.08333 -0.0399723
1.09375 -0.0401451

1.09375 -0.0401451
1.10417 -0.0403091

1.10417 -0.0403091
1.11458 -0.0404642

1.11458 -0.0404643
1.125 -0.0406105

1.125 -0.0406105
1.13542 -0.0407476

1.13542 -0.0407477
1.14583 -0.0408757

1.14583 -0.0408757
1.15625 -0.0409944

1.15625 -0.0409945
1.16667 -0.0411039

-1.86458 0.0178484
-1.85417 0.0184137

1.16667 -0.0411039
1.17708 -0.0412038

-1.85417 0.0184137
-1.84375 0.0189693

-1.84375 0.0189693
-1.83333 0.0195152

-0.333333 0.0194788
-0.322917 0.0190708

-0.322917 0.0190708
-0.3125 0.018659

-1.83333 0.0195152
-1.82292 0.0200514

-1.82292 0.0200514
-1.8125 0.0205779

-1.8125 0.0205807
-1.80741 0.0208333

-1.8073 0.0208333
-1.80208 0.021092

-1.80208 0.0210947
-1.79167 0.0216019

-1.79167 0.0216019
-1.78125 0.0220995

-1.78125 0.0220995
-1.77083 0.0225876

-1.77083 0.0225876
-1.76042 0.0230662

-1.76042 0.0230662
-1.75 0.0235354

-1.75 0.0235354
-1.73958 0.0239952

-0.3125 0.018659
-0.302083 0.0182436

-1.73958 0.0239952
-1.72917 0.0244457

-0.302083 0.0182436
-0.291667 0.0178246

0.0729167 0.00129791
0.0833333 0.000787281

-1.72917 0.0244457
-1.71875 0.0248869

-1.71875 0.0248869
-1.70833 0.0253189

0.0833333 0.000787263
0.09375 0.000275335

0.09375 0.000287037
0.0995769 3.64292e-17

1.17708 -0.0412039
1.1875 -0.0412943

0.166667 -0.00333495
0.177083 -0.00385339

0.177083 -0.00385341
0.1875 -0.00437229

1.1875 -0.0412943
1.19792 -0.041375

-0.291667 0.0178245
-0.28125 0.0174019

-1.70833 0.0253189
-1.69792 0.0257417

0.1875 -0.00437231
0.197917 -0.00489155

-1.69792 0.0257417
-1.6875 0.0261553

0.197917 -0.00489157
0.208333 -0.00541108

-0.28125 0.0174019
-0.270833 0.0169757

1.19792 -0.0413751
1.20833 -0.0414461

-0.270833 0.0169756
-0.260417 0.0165459

-0.260417 0.0165459
-0.25 0.0161127

1.20833 -0.0414461
1.21875 -0.0415073

1.21875 -0.0415073
1.22917 -0.0415585

0.208333 -0.0054111
0.21875 -0.00593081

-0.25 0.0161127
-0.239583 0.015676

1.22917 -0.0415585
1.23958 -0.0415997

-1.6875 0.0261553
-1.67708 0.02656

1.23958 -0.0415997
1.25 -0.0416307

-1.67708 0.0265599
-1.66667 0.0269556

0.21875 -0.00593083
0.229167 -0.00645064

0.229167 -0.00645066
0.239583 -0.00697051

0.239583 -0.00697053
0.25 -0.00749031

1.25 -0.0416307
1.26042 -0.0416514

1.26042 -0.0416515
1.27083 -0.0416618

1.27083 -0.0416619
1.28125 -0.0416618

1.28125 -0.0416618
1.29167 -0.0416511

1.29167 -0.0416511
1.30208 -0.0416298

-1.66667 0.0269556
-1.65625 0.0273424

1.30208 -0.0416298
1.3125 -0.0415976

-1.65625 0.0273424
-1.64583 0.0277203

-1.64583 0.0277203
-1.63542 0.0280895

-1.63542 0.0280895
-1.625 0.0284499

-1.625 0.0284499
-1.61458 0.0288017

-1.61458 0.0288016
-1.60417 0.0291448

-1.60417 0.0291448
-1.59375 0.0294793

1.3125 -0.0415976
1.32292 -0.0415545

-1.59375 0.0294793
-1.58333 0.0298053

-0.239583 0.015676
-0.229167 0.015236

-0.229167 0.015236
-0.21875 0.0147927

-0.21875 0.0147927
-0.208333 0.0143461

-0.208333 0.0143461
-0.197917 0.0138963

-0.197917 0.0138963
-0.1875 0.0134434

-0.1875 0.0134434
-0.177083 0.0129874

1.32292 -0.0415545
1.33333 -0.0415004

-1.58333 0.0298053
-1.57292 0.0301227

-1.57292 0.0301227
-1.5625 0.0304317

-1.5625 0.0304316
-1.55208 0.0307322

-0.177083 0.0129874
-0.166667 0.0125284

-1.55208 0.0307322
-1.54167 0.0310243

1.33333 -0.0415004
1.34375 -0.041435

1.34375 -0.0414351
1.35417 -0.0413584

1.35417 -0.0413585
1.36458 -0.0412704

1.36458 -0.0412705
1.375 -0.0411709

-1.54167 0.0310245
-1.53339 0.03125

-0.166667 0.0125283
-0.15625 0.0120664

-0.15625 0.0120663
-0.145833 0.0116014

1.375 -0.041171
1.38542 -0.0410598

1.38542 -0.0410599
1.39583 -0.040937

-1.53337 0.03125
-1.53125 0.0313077

-0.145833 0.0116014
-0.135417 0.0111337

1.39583 -0.0409371
1.40625 -0.0408024

-0.135417 0.0111337
-0.125 0.0106631

0.25 -0.00749033
0.260417 -0.00800999

0.260417 -0.00801001
0.270833 -0.00852946

0.270833 -0.00852947
0.28125 -0.00904863

0.28125 -0.00904865
0.291667 -0.00956745

0.291667 -0.00956747
0.302083 -0.0100858

0.3125 -0.0106125
0.308561 -0.0104167

-1.53125 0.0313082
-1.52083 0.0315839

-1.52083 0.0315838
-1.51042 0.0318513

-1.51042 0.0318513
-1.5 0.0321107

1.40625 -0.0408024
1.41667 -0.0406559

1.41667 -0.0406559
1.42708 -0.0404974

-1.5 0.0321107
-1.48958 0.0323621

1.42708 -0.0404974
1.4375 -0.0403268

0.302083 -0.0100808
0.30884 -0.0104167

-1.48958 0.0323621
-1.47917 0.0326055

-0.114583 0.0101813
-0.119764 0.0104167

-1.47917 0.0326055
-1.46875 0.032841

-0.125 0.010671
-0.119401 0.0104167

-1.46875 0.0328409
-1.45833 0.0330685

1.4375 -0.0403268
1.44792 -0.040144

-1.45833 0.0330685
-1.44792 0.0332883

-0.114583 0.0101898
-0.104167 0.00971405

-1.44792 0.0332883
-1.4375 0.0335003

1.44792 -0.0401441
1.45833 -0.039949

0.3125 -0.0106037
0.322917 -0.0111208

1.45833 -0.039949
1.46875 -0.0397415

1.46875 -0.0397415
1.47917 -0.0395216

-0.104167 0.00971405
-0.09375 0.00923581

0.322917 -0.0111208
0.333333 -0.011637

-1.4375 0.0335003
-1.42708 0.0337045

-1.42708 0.0337045
-1.41667 0.033901

0.333333 -0.0116371
0.34375 -0.0121523

0.34375 -0.0121524
0.354167 -0.0126666

0.354167 -0.0126666
0.364583 -0.0131798

0.364583 -0.0131798
0.375 -0.0136918

-0.09375 0.00923579
-0.0833333 0.00875513

-0.0833333 0.00875512
-0.0729167 0.00827211

-0.0729167 0.0082721
-0.0625 0.0077868

-0.0625 0.00778678
-0.0520833 0.00729926

0.375 -0.0136918
0.385417 -0.0142025

-0.0520833 0.00729924
-0.0416667 0.00680955

0.385417 -0.0142025
0.395833 -0.0147119

0.395833 -0.0147119
0.40625 -0.0152198

1.47917 -0.0395216
1.48958 -0.0392891

1.48958 -0.0392891
1.5 -0.0390439

-0.0416667 0.00680953
-0.03125 0.00631772

0.40625 -0.0152199
0.416667 -0.0157263

-0.03125 0.00631771
-0.0208333 0.00582386

-0.0208333 0.00582384
-0.0104167 0.00532801

-0.0104167 0.005328
-1.47451e-16 0.00483025

0.416667 -0.0157263
0.427083 -0.0162311

0.427083 -0.0162312
0.4375 -0.0167343

0.4375 -0.0167343
0.447917 -0.0172357

0.447917 -0.0172357
0.458333 -0.0177352

1.5 -0.0390439
1.51042 -0.038786

1.51042 -0.038786
1.52083 -0.0385152

1.52083 -0.0385152
1.53125 -0.0382315

-1.41667 0.033901
-1.40625 0.0340898

-1.40625 0.0340898
-1.39583 0.0342709

0.458333 -0.0177352
0.46875 -0.0182327

0.46875 -0.0182327
0.479167 -0.0187282

0.479167 -0.0187282
0.489583 -0.0192215

0.489583 -0.0192215
0.5 -0.0197125

-1.39583 0.0342709
-1.38542 0.0344444

-1.38542 0.0344444
-1.375 0.0346104

1.53125 -0.0382315
1.54167 -0.0379346

1.54167 -0.0379347
1.55208 -0.0376246

-1.375 0.0346104
-1.36458 0.0347688

-1.36458 0.0347688
-1.35417 0.0349197

1.55208 -0.0376246
1.5625 -0.0373013

1.5625 -0.0373014
1.57292 -0.0369647

0.5 -0.0197125
0.510417 -0.0202012

0.510417 -0.0202012
0.520833 -0.0206875

1.57292 -0.0369647
1.58333 -0.0366145

1.58333 -0.0366146
1.59375 -0.0362509

-1.35417 0.0349197
-1.34375 0.0350632

0.53125 -0.0211753
0.523884 -0.0208333

1.59375 -0.0362509
1.60417 -0.0358736

0.53125 -0.0211712
0.541667 -0.0216519

-1.34375 0.0350632
-1.33333 0.0351993

0.520833 -0.0206781
0.524177 -0.0208333

1.60417 -0.0358737
1.61458 -0.0354827

1.61458 -0.0354827
1.625 -0.0350779

0.541667 -0.0216519
0.552083 -0.0221297

0.552083 -0.0221297
0.5625 -0.0226044

0.5625 -0.0226044
0.572917 -0.0230759

0.572917 -0.023076
0.583333 -0.0235442

1.625 -0.035078
1.63542 -0.0346593

0.583333 -0.0235442
0.59375 -0.0240089

0.59375 -0.024009
0.604167 -0.0244702

0.604167 -0.0244702
0.614583 -0.0249278

1.63542 -0.0346593
1.64583 -0.0342268

1.64583 -0.0342268
1.65625 -0.0337803

0.614583 -0.0249278
0.625 -0.0253816

-1.33333 0.0351993
-1.32292 0.0353281

0.625 -0.0253817
0.635417 -0.0258316

0.635417 -0.0258316
0.645833 -0.0262775

0.645833 -0.0262775
0.65625 -0.0267193

0.65625 -0.0267194
0.666667 -0.0271569

1.65625 -0.0337803
1.66667 -0.0333197

-1.32292 0.0353281
-1.3125 0.0354497

-1.3125 0.0354497
-1.30208 0.0355642

-1.30208 0.0355641
-1.29167 0.0356715

1.66667 -0.0333197
1.67708 -0.032845

1.67708 -0.032845
1.6875 -0.032356

1.6875 -0.0323561
1.69792 -0.0318528

-1.29167 0.0356715
-1.28125 0.0357718

-1.28125 0.0357717
-1.27083 0.035865

0.666667 -0.0271569
0.677083 -0.0275901

0.677083 -0.0275902
0.6875 -0.0280189

1.69792 -0.0318528
1.70833 -0.031335

1.70833 -0.0313316
1.70993 -0.03125

1.71001 -0.03125
1.71875 -0.0308035

1.71875 -0.0308028
1.72917 -0.0302558

1.72917 -0.0302558
1.73958 -0.029694

1.73958 -0.029694
1.75 -0.0291172

-1.27083 0.035865
-1.26042 0.0359513

-1.26042 0.0359513
-1.25 0.0360307

0.6875 -0.0280189
0.697917 -0.0284431

-1.25 0.0360307
-1.23958 0.0361032

0.697917 -0.0284432
0.708333 -0.0288627

1.75 -0.0291172
1.76042 -0.0285254

0.708333 -0.0288627
0.71875 -0.0292775

-1.23958 0.0361032
-1.22917 0.0361689

1.76042 -0.0285254
1.77083 -0.0279187

-1.22917 0.0361689
-1.21875 0.0362277

-1.21875 0.0362277
-1.20833 0.0362797

1.77083 -0.0279187
1.78125 -0.0272968

1.78125 -0.0272969
1.79167 -0.0266599

0.71875 -0.0292775
0.729167 -0.0296874

0.729167 -0.0296875
0.739583 -0.0300924

0.739583 -0.0300925
0.75 -0.0304924

0.75 -0.0304924
0.760417 -0.0308873

0.770833 -0.0312778
0.770091 -0.03125

0.760417 -0.0308872
0.770116 -0.03125

0.770833 -0.031277
0.78125 -0.0316611

0.78125 -0.0316611
0.791667 -0.0320397

0.791667 -0.0320397
0.802083 -0.0324126

0.802083 -0.0324126
0.8125 -0.0327797

0.8125 -0.0327797
0.822917 -0.0331409

0.822917 -0.0331409
0.833333 -0.0334962

-1.20833 0.0362796
-1.19792 0.0363249

-1.19792 0.0363248
-1.1875 0.0363633

1.79167 -0.02666
1.80208 -0.0260079

1.80208 -0.0260079
1.8125 -0.0253406

1.8125 -0.0253406
1.82292 -0.0246581

-1.1875 0.0363633
-1.17708 0.036395

-1.17708 0.036395
-1.16667 0.0364199

1.82292 -0.024658
1.83333 -0.0239601

1.83333 -0.0239602
1.84375 -0.023247

1.84375 -0.0232469
1.85417 -0.0225185

1.85417 -0.0225185
1.86458 -0.021775

1.86458 -0.021775
1.875 -0.0210165

1.875 -0.0210032
1.87729 -0.0208333

1.87752 -0.0208333
1.88542 -0.020247

-1.16667 0.0364199
-1.15625 0.0364381

-1.15625 0.0364381
-1.14583 0.0364497

1.88542 -0.020243
1.89583 -0.019454

1.89583 -0.019454
1.90625 -0.0186495

1.90625 -0.0186495
1.91667 -0.0178297

-1.14583 0.0364497
-1.13542 0.0364545

-1.13542 0.0364545
-1.125 0.0364526

1.91667 -0.0178297
1.92708 -0.0169946

1.92708 -0.0169945
1.9375 -0.0161443

1.9375 -0.0161442
1.94792 -0.0152792

-1.125 0.0364526
-1.11458 0.0364442

-1.11458 0.0364442
-1.10417 0.0364291

1.94792 -0.0152792
1.95833 -0.0143998

1.95833 -0.0143996
1.96875 -0.0135062

1.96875 -0.0135056
1.97917 -0.0125994

1.97917 -0.0125985
1.98958 -0.0116824

1.98958 -0.011681
2 -0.0107595

-1.10417 0.036429
-1.09375 0.0364074

-1.09375 0.0364074
-1.08333 0.0363792

-1.08333 0.0363792
-1.07292 0.0363445

-1.07292 0.0363445
-1.0625 0.0363034

2 -0.0107497
2.02083 -0.00894117

2.02083 -0.00892138
2.04167 -0.0072053

2.04167 -0.00715
2.08333 -0.004203

2.08333 -0.00405319
2.16667 -8.18962e-05

2.16667 0.000212182
2.33333 0.00187301

2.33333 -0.00143479
2.66667 -0.00117498

-1.0625 0.0363034
-1.05208 0.0362559

-1.05208 0.0362559
-1.04167 0.0362021

-1.04167 0.0362021
-1.03125 0.0361421

-1.03125 0.0361421
-1.02083 0.0360758

-1.02083 0.0360758
-1.01042 0.0360034

-1.01042 0.0360034
-1 0.0359249

-1 0.0359249
-0.989583 0.0358403

-0.989583 0.0358403
-0.979167 0.0357497

-0.979167 0.0357497
-0.96875 0.035653

-0.96875 0.035653
-0.958333 0.0355504

-0.958333 0.0355504
-0.947917 0.0354418

-0.947917 0.0354418
-0.9375 0.0353273

-0.9375 0.0353273
-0.927083 0.0352068

-0.927083 0.0352068
-0.916667 0.0350805

-0.916667 0.0350805
-0.90625 0.0349483

-0.90625 0.0349483
-0.895833 0.0348103

-0.895833 0.0348103
-0.885417 0.0346665

-0.885417 0.0346664
-0.875 0.0345168

-0.875 0.0345168
-0.864583 0.0343615

-0.864583 0.0343615
-0.854167 0.0342004

-0.854167 0.0342003
-0.84375 0.0340335

-0.84375 0.0340335
-0.833333 0.033861

