-3.99065 0
-3.5 0.0056654

-3.5 0.00277658
-3.25 0.00681961

-3.25 0.00559741
-3.125 0.0108814

-3.125 0.00701658
-3.0625 0.0134872

-3.0625 0.00757637
-3.03125 0.0177994

-3.03125 0.0243728
-3.02082 0.03125

1.5 -0.251051
1.53125 -0.250181

1.53125 -0.250568
1.5625 -0.250392

1.5625 -0.25035
1.59375 -0.250177

1.59375 -0.250427
1.6133 -0.25

1.62303 -0.25
1.625 -0.249949

-3.01448 0.03125
-3 0.0408014

1.625 -0.249864
1.64062 -0.249034

1.64062 -0.249044
1.65625 -0.247648

1.65625 -0.247577
1.67188 -0.24574

1.67188 -0.24571
1.6875 -0.243636

0.03125 -0.312547
0.0308422 -0.3125

0.03125 -0.312517
0.0323201 -0.3125

0 -0.29908
0.0151149 -0.296875

0.0102201 -0.296875
0.00118154 -0.28125

0.03125 -0.300472
0.0177463 -0.296875

0.0262904 -0.296875
0.03125 -0.291558

0 -0.252345
0.015625 -0.258133

-3 0.04581
-2.96875 0.0620243

0.015625 -0.257703
0.03125 -0.260132

1.6875 -0.243569
1.70312 -0.241452

1.70312 -0.241405
1.71875 -0.239472

1.71875 -0.239436
1.73438 -0.237854

1.73438 -0.237844
1.75 -0.236705

-1.39062 0.061544
-1.3913 0.0625

-1.39062 0.0615554
-1.375 0.0554838

-1.39062 0.0657225
-1.39252 0.078125

-1.39062 0.071072
-1.38519 0.0625

-1.38698 0.078125
-1.38058 0.09375

-1.38133 0.09375
-1.375 0.102622

-1.375 0.059184
-1.36926 0.0625

0.046875 -0.302065
0.036221 -0.296875

0.0364805 -0.296875
0.0401976 -0.28125

0.046875 -0.300202
0.0625 -0.297946

0.0625 -0.283998
0.060217 -0.28125

0.03125 -0.263891
0.046875 -0.26092

0.046875 -0.268185
0.0488657 -0.265625

0.0522382 -0.265625
0.0625 -0.25689

0.0625 -0.304184
0.0730201 -0.296875

0.0674151 -0.296875
0.064252 -0.28125

0.078125 -0.30586
0.0858851 -0.296875

0.078125 -0.296374
0.0785638 -0.296875

-2.96875 0.0607406
-2.96255 0.0625

0.0625 -0.276007
0.0666178 -0.265625

-1.36985 0.0625
-1.35938 0.0724001

-1.35938 0.0762358
-1.35822 0.078125

1.75 -0.236706
1.76562 -0.23603

1.76562 -0.236032
1.78125 -0.235815

-1.35827 0.078125
-1.3523 0.09375

-2.96059 0.0625
-2.9375 0.0690465

-1.375 0.103625
-1.36797 0.109375

0.070985 -0.265625
0.0724257 -0.25

0.078125 -0.269158
0.0801592 -0.265625

1.78125 -0.235823
1.79688 -0.236043

1.79688 -0.236082
1.8125 -0.236642

1.8125 -0.236762
1.82812 -0.237343

1.82812 -0.237592
1.84375 -0.237459

0.0802629 -0.265625
0.0789267 -0.25

0.095785 -0.3125
0.0960841 -0.296875

0.09375 -0.296762
0.094936 -0.296875

0.125 -0.302376
0.115373 -0.296875

-1.36834 0.109375
-1.35938 0.116781

-1.35212 0.09375
-1.3467 0.109375

1.84375 -0.237817
1.85938 -0.235756

1.85938 -0.234504
1.85975 -0.234375

-1.35938 0.1149
-1.34675 0.125

0.124706 -0.296875
0.125 -0.296348

1.86558 -0.234375
1.875 -0.231147

1.875 -0.228344
1.90625 -0.219302

1.90428 -0.21875
1.90625 -0.218233

1.90625 -0.220594
1.92212 -0.21875

-2.9375 0.0670993
-2.90625 0.0761725

-2.90625 0.0765353
-2.90211 0.078125

-2.90331 0.078125
-2.89062 0.0829921

-2.89062 0.0831617
-2.875 0.0886193

-2.875 0.0885973
-2.85938 0.0930139

-2.85938 0.0933665
-2.85778 0.09375

-2.85462 0.09375
-2.84375 0.0966066

-2.84375 0.0973338
-2.8125 0.101312

-2.8125 0.0986507
-2.78125 0.102791

-2.78125 0.103298
-2.76562 0.107359

-2.76562 0.106032
-2.75477 0.109375

-1.34375 0.10863
-1.34305 0.109375

-1.34322 0.109375
-1.32812 0.119141

-1.32812 0.117252
-1.31958 0.125

-1.34984 0.125
-1.34375 0.131049

-1.34375 0.133863
-1.32876 0.140625

-1.33765 0.140625
-1.32812 0.1445

-1.31481 0.125
-1.31754 0.140625

-1.32812 0.144498
-1.3125 0.140644

-1.3125 0.135163
-1.30847 0.140625

-1.30076 0.140625
-1.30241 0.15625

-1.29688 0.1508
-1.28125 0.148619

-1.29964 0.15625
-1.29688 0.16118

-1.29688 0.16142
-1.29092 0.171875

-1.28249 0.171875
-1.28125 0.172582

-1.28125 0.155927
-1.28079 0.15625

-1.28073 0.15625
-1.26562 0.167456

-1.28125 0.172421
-1.26562 0.183166

-1.26562 0.167255
-1.25566 0.171875

-1.26562 0.172624
-1.25899 0.171875

-1.26509 0.1875
-1.25 0.194513

-1.5 0.255268
-1.46875 0.25776

-1.46875 0.257999
-1.4375 0.261293

-1.4375 0.261774
-1.40625 0.264431

-1.40625 0.264329
-1.39062 0.265059

-1.39062 0.264995
-1.375 0.265461

-1.375 0.265459
-1.36783 0.265625

-1.36656 0.265625
-1.35938 0.265791

-1.35938 0.26581
-1.34375 0.266092

-1.34375 0.266041
-1.32812 0.266338

-1.32812 0.266311
-1.3125 0.266781

-1.3125 0.266788
-1.29688 0.267468

-1.29688 0.267506
-1.28125 0.268305

-1.28125 0.268336
-1.26562 0.269115

-1.26562 0.269126
-1.25 0.269801

0.140625 -0.300233
0.13304 -0.296875

-2.76299 0.109375
-2.75 0.113375

-2.75 0.112676
-2.73438 0.117227

1.90625 -0.218284
1.92188 -0.215592

1.92188 -0.216535
1.9375 -0.215754

1.9375 -0.216154
1.95312 -0.21647

1.95312 -0.216501
1.96875 -0.21705

1.96875 -0.21719
1.98438 -0.21763

1.98438 -0.217624
2 -0.217688

0.133276 -0.296875
0.135135 -0.28125

2 -0.217698
2.01562 -0.217377

0.15625 -0.29782
0.151232 -0.296875

2.01562 -0.217395
2.03125 -0.216631

0.140625 -0.291355
0.141375 -0.28125

-1.25 0.174659
-1.2346 0.1875

-1.25 0.199424
-1.23438 0.195117

-2.73438 0.117245
-2.71875 0.120712

-1.23777 0.203125
-1.23438 0.203885

-1.22335 0.1875
-1.22587 0.203125

-1.23438 0.204468
-1.22342 0.203125

0.15625 -0.297049
0.156599 -0.296875

0.169322 -0.296875
0.169419 -0.28125

-2.71875 0.120533
-2.70312 0.123236

0.15625 -0.279616
0.159569 -0.28125

-2.70312 0.12311
-2.69081 0.125

0.21875 -0.296906
0.218668 -0.296875

-1.21875 0.19434
-1.20669 0.203125

0.203125 -0.284121
0.209179 -0.296875

2.03125 -0.21672
2.04688 -0.215301

0.207058 -0.28125
0.21875 -0.272335

-1.21875 0.203558
-1.20312 0.207956

-2.69238 0.125
-2.6875 0.125834

-1.20312 0.202477
-1.1875 0.199936

-1.19725 0.203125
-1.19162 0.21875

0.21875 -0.296888
0.218789 -0.296875

-2.6875 0.125715
-2.65625 0.129571

0.22056 -0.296875
0.234375 -0.288225

-2.65625 0.129131
-2.64062 0.130713

2.04688 -0.215326
2.0625 -0.213022

-1.19007 0.21875
-1.1875 0.219835

0.234375 -0.296921
0.234474 -0.296875

0.234375 -0.287438
0.249518 -0.28125

0.21875 -0.270902
0.234375 -0.274341

2.0625 -0.212942
2.07812 -0.209863

0.234375 -0.273506
0.25 -0.275769

-2.64062 0.130699
-2.625 0.132843

-1.1875 0.217555
-1.17771 0.203125

0 -0.226337
0.015625 -0.228837

0.03125 -0.23822
0.0217833 -0.234375

0.015625 -0.23249
0.0205313 -0.234375

0 -0.193099
0.015625 -0.196339

0.015625 -0.196675
0.03125 -0.200042

0.03125 -0.237507
0.046875 -0.243036

0.046875 -0.241769
0.0625 -0.249198

0.046875 -0.205816
0.0390314 -0.203125

0.03125 -0.201336
0.0412836 -0.203125

0.046875 -0.207138
0.0625 -0.21161

-2.625 0.132779
-2.60938 0.135639

0.046875 -0.182147
0.0351843 -0.171875

-1.17188 0.207837
-1.15625 0.209836

0.0347703 -0.171875
0.0359346 -0.15625

-1.18515 0.21875
-1.17188 0.222498

2.07812 -0.209791
2.09375 -0.206241

-2.60938 0.135538
-2.59375 0.139446

2.09375 -0.206787
2.10938 -0.203619

-2.59375 0.138235
-2.586 0.140625

0.046875 -0.179433
0.0625 -0.182238

-2.59233 0.140625
-2.57812 0.145008

2.09759 -0.203125
2.10938 -0.200737

0.0396854 -0.15625
0.046875 -0.149669

-2.57812 0.14502
-2.5625 0.149251

0.046875 -0.150531
0.0625 -0.142199

2.10938 -0.204461
2.12052 -0.203125

0.0625 -0.248436
0.0650121 -0.25

2.10938 -0.202142
2.125 -0.200268

-1.17188 0.221763
-1.15625 0.223967

2.125 -0.200951
2.14062 -0.200157

-1.15625 0.209974
-1.14062 0.211656

-2.5625 0.149125
-2.54688 0.151848

-1.14062 0.211126
-1.125 0.212689

-2.54688 0.151816
-2.53125 0.153346

2.14062 -0.200368
2.15625 -0.199818

-2.53125 0.153097
-2.51562 0.153999

-2.51562 0.153843
-2.5 0.154926

-1.15625 0.223681
-1.14062 0.225654

-1.14062 0.224857
-1.125 0.228064

2.15625 -0.20329
2.15885 -0.203125

-1.0625 0.0618893
-1.06255 0.0625

2.15625 -0.199946
2.17188 -0.19895

0.0625 -0.212025
0.078125 -0.212313

-1.0625 0.0641334
-1.06358 0.078125

0.078125 -0.21177
0.09375 -0.208129

2.17188 -0.203377
2.17405 -0.203125

0.09375 -0.207555
0.10727 -0.203125

2.17188 -0.198996
2.1875 -0.19719

0.105333 -0.203125
0.109375 -0.201937

0.109375 -0.20171
0.125 -0.197712

-2.5 0.154557
-2.48618 0.15625

0.0625 -0.179862
0.078125 -0.175737

2.1875 -0.197294
2.20312 -0.194405

-1.06338 0.078125
-1.06535 0.09375

-2.48438 0.156124
-2.48363 0.15625

-1.0651 0.09375
-1.06876 0.109375

-1.06856 0.109375
-1.07482 0.125

0.078125 -0.176079
0.0859762 -0.171875

-2.49147 0.15625
-2.46875 0.159244

-2.46875 0.159676
-2.45312 0.162282

-2.45312 0.162454
-2.4375 0.164395

-2.4375 0.164312
-2.42188 0.16541

-2.42188 0.165317
-2.40625 0.165925

-2.40625 0.165638
-2.39062 0.166515

-2.39062 0.166261
-2.375 0.168488

2.20312 -0.194307
2.21875 -0.19036

2.21875 -0.190092
2.23444 -0.1875

-1.05303 0
-1.0565 0.015625

-1.05664 0.015625
-1.0595 0.03125

-1.0595 0.03125
-1.06144 0.046875

-1.0625 0.0616112
-1.06131 0.046875

-1.0941 0.15625
-1.09375 0.157034

-2.375 0.168137
-2.36146 0.171875

-1.07812 0.130072
-1.08389 0.140625

2.2238 -0.1875
2.23438 -0.185006

0.0898114 -0.171875
0.09375 -0.169138

-1.08792 0.140625
-1.08962 0.15625

0.0625 -0.143656
0.078125 -0.140831

2.23438 -0.185961
2.25 -0.183973

0.0747502 -0.140625
0.078125 -0.139983

-2.36495 0.171875
-2.35938 0.173414

-1.07812 0.130971
-1.07486 0.125

2.25 -0.184337
2.26562 -0.183627

-1.09228 0.15625
-1.07812 0.171171

-1.07812 0.165596
-1.0625 0.170219

-2.35938 0.173739
-2.34375 0.178256

0.09375 -0.142397
0.0901623 -0.140625

2.26562 -0.183773
2.28125 -0.18332

0.078125 -0.13927
0.0875891 -0.140625

-2.34375 0.17808
-2.32812 0.181046

0.09375 -0.170035
0.104322 -0.15625

-1.125 0.213936
-1.10938 0.215453

0.108235 -0.15625
0.0984683 -0.140625

2.28125 -0.183456
2.29688 -0.182698

0 -0.109908
0.00155296 -0.109375

-1.10938 0.217576
-1.09375 0.216541

0.0014879 -0.109375
0.015625 -0.104525

-2.32812 0.18102
-2.3125 0.18284

0.015625 -0.104227
0.03125 -0.0966202

2.29688 -0.182764
2.3125 -0.181301

0 -0.0669895
0.00376847 -0.0625

-2.3125 0.182541
-2.29688 0.183862

0.03125 -0.0966084
0.0358883 -0.09375

2.3125 -0.181319
2.32812 -0.178985

0.0364732 -0.09375
0.046875 -0.0872008

-1.125 0.22536
-1.10938 0.233124

0.046875 -0.0868963
0.0577056 -0.078125

-2.29688 0.183698
-2.28125 0.185447

0.0586838 -0.078125
0.0625 -0.0747097

-2.28125 0.184678
-2.26635 0.1875

-1.10938 0.220372
-1.10548 0.234375

0.00533145 -0.0625
0.0057594 -0.046875

-2.2757 0.1875
-2.25 0.1918

0 -0.0418194
0.00405479 -0.046875

-2.25 0.191921
-2.21875 0.196769

2.32812 -0.179002
2.34375 -0.175725

0.0625 -0.074189
0.0736911 -0.0625

0.072564 -0.0625
0.078125 -0.0561614

0.078125 -0.0544067
0.0895943 -0.046875

-2.21875 0.196571
-2.20312 0.198353

-2.20312 0.198469
-2.1875 0.199773

2.34375 -0.176164
2.35938 -0.171931

-2.1875 0.199698
-2.17188 0.200441

-2.17188 0.200402
-2.15625 0.200812

0.0840825 -0.046875
0.09375 -0.041689

2.35217 -0.171875
2.35938 -0.169922

0.09375 -0.0483426
0.109375 -0.0514098

2.35938 -0.170749
2.375 -0.167044

-2.15625 0.200709
-2.14062 0.201071

2.375 -0.167218
2.39062 -0.165155

-2.14062 0.200836
-2.125 0.201826

0.09375 -0.0430492
0.109375 -0.041022

0.109375 -0.0575667
0.125 -0.0526546

0.119018 -0.046875
0.124778 -0.03125

0.114054 -0.03125
0.121113 -0.015625

0.124372 -0.015625
0.125 -0.0138845

0.125 -0.197775
0.140625 -0.196005

0.140625 -0.196157
0.15625 -0.196187

0.15625 -0.196493
0.171875 -0.197406

0.171875 -0.197789
0.1875 -0.198207

0.1875 -0.170967
0.183414 -0.15625

0.182894 -0.15625
0.1875 -0.14417

0.1875 -0.130071
0.183228 -0.125

0.1875 -0.198435
0.203125 -0.198616

0.203125 -0.198067
0.21875 -0.198707

2.39062 -0.165311
2.40625 -0.164232

0.249795 -0.234375
0.246867 -0.21875

-1.10258 0.234375
-1.09375 0.236929

-1.09375 0.217956
-1.07812 0.217558

2.40625 -0.164481
2.42188 -0.163576

-1.07812 0.217799
-1.0625 0.218214

2.42188 -0.163666
2.4375 -0.162256

0.21875 -0.19839
0.234375 -0.198183

2.4375 -0.162423
2.45312 -0.159991

-1.09375 0.236107
-1.07812 0.240444

-2.12517 0.203125
-2.125 0.203135

-1.07812 0.24025
-1.0625 0.243801

2.45312 -0.160094
2.46875 -0.156537

-2.125 0.200549
-2.10938 0.202968

-2.12435 0.203125
-2.10938 0.205443

-2.10938 0.202469
-2.10631 0.203125

0.25 -0.205239
0.246536 -0.203125

2.46329 -0.15625
2.46875 -0.155008

0.234375 -0.199269
0.25 -0.196354

2.46875 -0.155695
2.48438 -0.152494

-2.10938 0.20456
-2.09375 0.207905

-1.03125 0.153721
-1.03588 0.15625

-2.09375 0.207911
-2.07812 0.211209

2.48438 -0.152566
2.5 -0.150826

0.203125 -0.175541
0.190184 -0.171875

-2.07812 0.21137
-2.0625 0.214158

-2.0625 0.214179
-2.04688 0.216093

0.1875 -0.167488
0.194136 -0.171875

0.203125 -0.173963
0.204487 -0.171875

0.209135 -0.171875
0.212746 -0.15625

0.1875 -0.148841
0.203125 -0.146831

0.1875 -0.128767
0.203125 -0.129252

0.203125 -0.15202
0.206214 -0.15625

0.203125 -0.126983
0.206038 -0.125

0.171875 -0.112228
0.170764 -0.109375

0.171875 -0.112118
0.181678 -0.125

0.172384 -0.109375
0.176897 -0.09375

0.177799 -0.09375
0.1875 -0.0824737

-2.04688 0.216062
-2.03125 0.217122

0.125 -0.054676
0.12985 -0.046875

-2.03125 0.216881
-2.01562 0.21763

2.5 -0.15101
2.51562 -0.150219

-1.0625 0.169613
-1.04688 0.164931

0.128163 -0.046875
0.127341 -0.03125

-2.01562 0.217471
-2 0.218559

0.125 -0.0185122
0.12645 -0.015625

-1.04688 0.163001
-1.03453 0.15625

2.51562 -0.150364
2.53125 -0.149865

-2.00602 0.21875
-2 0.21914

2.53125 -0.150053
2.54688 -0.149179

-1.03125 0.153005
-1.01562 0.147359

-1.01562 0.147409
-1 0.147093

2.54688 -0.149254
2.5625 -0.147478

-1.0625 0.21837
-1.04885 0.21875

2.5625 -0.14754
2.57812 -0.144586

0.127369 -0.015625
0.140558 0

-2 0.218177
-1.99224 0.21875

0.140625 -0.003822
0.15625 -0.00533682

2.57812 -0.144499
2.59375 -0.1407

0.15625 -0.00318643
0.171875 -0.0012068

-2 0.21916
-1.96875 0.22081

0.209198 -0.125
0.21875 -0.121071

-1.96875 0.220477
-1.9375 0.22147

0.1875 -0.0827071
0.193243 -0.078125

-1.9375 0.220547
-1.90625 0.223253

2.58951 -0.140625
2.59375 -0.139593

-1.90625 0.224456
-1.875 0.228313

2.59375 -0.140455
2.60938 -0.136474

-1.0625 0.218832
-1.062 0.21875

-1.0625 0.243901
-1.04688 0.246854

-1.04688 0.2195
-1.04162 0.21875

-1.04688 0.246907
-1.03125 0.249056

-1.01562 0.217881
-1.02889 0.21875

-1.01562 0.217854
-1 0.215803

-1.03125 0.218947
-1.02974 0.21875

-1.03125 0.249029
-1.01962 0.25

-1.25 0.2698
-1.23438 0.270354

-1.23438 0.27035
-1.21875 0.270795

2.60938 -0.13654
2.625 -0.132454

2.625 -0.1325
2.64062 -0.128148

2.64062 -0.130454
2.65625 -0.125969

-1.875 0.228085
-1.85938 0.229602

2.65625 -0.125802
2.65942 -0.125

-1.85938 0.229676
-1.84375 0.23109

-1.21875 0.270768
-1.20312 0.271167

-1.84375 0.231057
-1.82812 0.232285

2.63878 -0.125
2.64062 -0.124476

0.194729 -0.078125
0.203125 -0.0721691

-1.82812 0.232152
-1.8125 0.233313

0.203125 -0.0719865
0.21875 -0.0641774

2.64062 -0.124823
2.65625 -0.120339

-1.81919 0.234375
-1.8125 0.234872

2.65625 -0.123363
2.67188 -0.119124

-1.20312 0.271195
-1.1875 0.271547

0.21875 -0.120631
0.234375 -0.111682

2.67188 -0.119208
2.6875 -0.115418

0.234375 -0.111267
0.237378 -0.109375

2.6875 -0.115405
2.70312 -0.112084

0.236923 -0.109375
0.25 -0.101081

-1.8125 0.232961
-1.79688 0.234154

0.21875 -0.0639834
0.223008 -0.0625

-1.1875 0.271489
-1.17188 0.271855

0.225126 -0.0625
0.234375 -0.0592782

2.70312 -0.113091
2.71875 -0.110114

0.234375 -0.059425
0.25 -0.0549672

2.70639 -0.109375
2.71875 -0.10702

0.234375 -0.00156562
0.228049 0

-1.81022 0.234375
-1.79688 0.235394

-1.79688 0.234022
-1.79206 0.234375

2.71875 -0.111624
2.7315 -0.109375

-1.79688 0.234706
-1.78125 0.235852

-1.78125 0.235774
-1.76562 0.236797

-1.17188 0.271797
-1.15625 0.27241

0.25 -0.297011
0.250351 -0.296875

2.71875 -0.108252
2.73438 -0.105495

0.25 -0.285678
0.265625 -0.281478

-1.76562 0.236737
-1.75 0.237804

0.265625 -0.297178
0.26633 -0.296875

2.73438 -0.110037
2.73797 -0.109375

-1.15625 0.272326
-1.14062 0.273468

0.265625 -0.281761
0.266806 -0.28125

-1.75 0.237769
-1.73438 0.239071

0.265625 -0.279047
0.260059 -0.265625

2.73438 -0.106519
2.75 -0.103643

0.261225 -0.265625
0.265625 -0.263208

-1.73438 0.239088
-1.71875 0.240661

-1.71875 0.240709
-1.70312 0.242423

-1.70312 0.242452
-1.6875 0.244152

-1.6875 0.243967
-1.67188 0.245965

2.75 -0.104014
2.76562 -0.100066

2.76562 -0.101657
2.78125 -0.0961009

-1.14062 0.273573
-1.125 0.275201

2.76933 -0.09375
2.78125 -0.0895102

2.78125 -0.0959906
2.78704 -0.09375

-1.67188 0.24613
-1.65625 0.248466

2.78125 -0.0936939
2.79688 -0.087331

2.79688 -0.0876579
2.8125 -0.0814135

-1.125 0.275266
-1.10938 0.277043

0.265625 -0.266994
0.28125 -0.270048

-1.65625 0.248877
-1.64614 0.25

-1.10938 0.277176
-1.09375 0.278702

-1.09375 0.278709
-1.07812 0.279701

-1.07812 0.279647
-1.0625 0.2802

0.278633 -0.265625
0.274726 -0.25

0.28125 -0.296984
0.287217 -0.296875

0.28125 -0.283553
0.293336 -0.28125

0.28125 -0.273078
0.296875 -0.269161

0.3125 -0.267661
0.308567 -0.265625

2.8125 -0.0813051
2.82076 -0.078125

0.3125 -0.252328
0.298112 -0.25

-1.64014 0.25
-1.625 0.25159

-1.0625 0.280095
-1.04688 0.280526

-1.625 0.251901
-1.59375 0.253493

2.82159 -0.078125
2.82812 -0.0756081

-1.59375 0.253054
-1.5625 0.253723

-1.04688 0.280143
-1.03322 0.28125

0.328125 -0.286558
0.320931 -0.28125

2.82812 -0.0753641
2.84375 -0.0696457

0.34375 -0.297074
0.343034 -0.296875

-1.5625 0.253716
-1.53125 0.254353

-1.03468 0.28125
-1.03125 0.281427

-1.53125 0.254043
-1.5 0.255283

2.84375 -0.069559
2.85938 -0.0644952

0.328125 -0.286854
0.34375 -0.291012

2.85938 -0.0668164
2.87405 -0.0625

-1.02006 0.25
-1.01562 0.250283

-1.01562 0.250257
-1 0.250671

-1.03125 -0.149438
-1.03728 -0.140625

-1.03125 0.282716
-1 0.283385

2.85783 -0.0625
2.85938 -0.0619979

0.3125 -0.272685
0.318189 -0.28125

-0.96875 -0.1924
-0.974395 -0.1875

0.316736 -0.265625
0.313581 -0.25

-0.953125 -0.208865
-0.959896 -0.203125

-1.03668 -0.140625
-1.04202 -0.125

2.85989 -0.0625
2.875 -0.0580548

-1.01562 -0.163814
-1.02529 -0.15625

-0.96875 -0.192883
-0.957008 -0.203125

2.875 -0.0634566
2.87849 -0.0625

0.34375 -0.297392
0.347293 -0.296875

-1.01562 -0.162513
-1 -0.171029

0.34375 -0.290164
0.359375 -0.288175

-0.953125 -0.210779
-0.9375 -0.214696

0.359375 -0.297132
0.359866 -0.296875

-0.984375 -0.179239
-0.996479 -0.171875

2.875 -0.059843
2.89062 -0.0555587

-1.03125 -0.150063
-1.02589 -0.15625

2.89062 -0.0558044
2.90625 -0.0518132

-1 -0.170145
-0.997017 -0.171875

0.359375 -0.288472
0.375 -0.281455

2.90625 -0.0520749
2.92188 -0.0475753

0.375 -0.256077
0.372917 -0.25

-0.984375 -0.179481
-0.974236 -0.1875

0.40625 -0.312514
0.407582 -0.3125

-1.04142 -0.125
-1.04373 -0.109375

0.375 -0.2969
0.375025 -0.296875

-1.04349 -0.109375
-1.04445 -0.09375

-0.936303 -0.21875
-0.921875 -0.204279

-1.04434 -0.09375
-1.04468 -0.078125

-0.928751 -0.203125
-0.927127 -0.1875

0.375 -0.281516
0.375403 -0.28125

-0.875 -0.227304
-0.878752 -0.21875

0.379188 -0.28125
0.389945 -0.265625

-0.876133 -0.21875
-0.875 -0.214786

-1.04453 -0.078125
-1.04475 -0.0625

2.92188 -0.0491515
2.92838 -0.046875

-1.04461 -0.0625
-1.04528 -0.046875

2.92244 -0.046875
2.9375 -0.0416057

-0.93291 -0.1875
-0.929729 -0.171875

2.9375 -0.0421972
2.95312 -0.0355849

-1.04521 -0.046875
-1.04675 -0.03125

0.384134 -0.265625
0.3796 -0.25

-1.04688 -0.0304142
-1.04931 -0.015625

0.390625 -0.267704
0.391676 -0.265625

0.395497 -0.265625
0.392043 -0.25

-1.04944 -0.015625
-1.05281 0

0.421667 -0.3125
0.421864 -0.296875

-1.04688 -0.0307838
-1.0468 -0.03125

0.421946 -0.3125
0.421902 -0.296875

2.95312 -0.037246
2.9649 -0.03125

-0.929731 -0.171875
-0.921875 -0.162325

-0.921875 -0.163979
-0.910963 -0.15625

-0.909887 -0.15625
-0.90625 -0.154394

-0.90625 -0.155893
-0.890625 -0.151151

2.95789 -0.03125
2.96875 -0.0257168

2.96875 -0.0270689
2.98438 -0.018876

0.484375 -0.267089
0.482898 -0.265625

0.484375 -0.260182
0.472174 -0.25

-0.890625 -0.151313
-0.875 -0.147183

-0.953125 -0.0418313
-0.957619 -0.03125

-0.953125 -0.0431421
-0.9375 -0.0455098

-0.958695 -0.03125
-0.953125 -0.0193271

-0.953125 -0.0208566
-0.9375 -0.0193478

2.98438 -0.0172983
2.98821 -0.015625

2.99328 -0.015625
3 -0.0126916

0.484375 -0.268074
0.5 -0.270968

3 -0.0112648
3.03125 -0.00352632

-0.9375 -0.0463857
-0.930749 -0.03125

-0.9375 -0.0187572
-0.930634 -0.03125

0.484375 -0.261283
0.5 -0.259288

3.03125 -0.00428412
3.0625 -0.00293403

-0.90625 -0.00318901
-0.910059 0

0.256769 -0.234375
0.255111 -0.21875

3.0625 -0.00481412
3.125 -0.00433903

3.125 -0.00480498
3.25 -0.00379361

-0.90625 -0.00321474
-0.890625 -0.0139876

3.25 -0.00339508
3.5 -0.00188158

0.275505 -0.25
0.268483 -0.234375

0.265625 -0.230239
0.271338 -0.21875

-0.875 -0.0211871
-0.886866 -0.015625

-0.890625 -0.0140248
-0.88643 -0.015625

-0.859375 -0.236485
-0.863462 -0.234375

-0.875 -0.22583
-0.867353 -0.234375

0.265625 -0.218173
0.257547 -0.203125

3.5 -0.00230533
3.93468 0

0.25 -0.196618
0.265625 -0.201687

0.28125 -0.217095
0.269449 -0.203125

0.265625 -0.195101
0.26603 -0.203125

0.28125 -0.225839
0.296875 -0.22499

-0.859375 -0.236044
-0.84375 -0.235784

-0.875 -0.21704
-0.870992 -0.203125

-0.87072 -0.203125
-0.859375 -0.18763

0.296875 -0.238982
0.3125 -0.241495

0.296875 -0.219731
0.308433 -0.234375

-0.859375 -0.188858
-0.857847 -0.1875

-0.84375 -0.234406
-0.843684 -0.234375

-0.8397 -0.234375
-0.828125 -0.22807

-0.828125 -0.227492
-0.819262 -0.21875

-0.81898 -0.21875
-0.8125 -0.207476

0.28125 -0.206321
0.29605 -0.21875

0.3125 -0.188915
0.303178 -0.1875

-0.8125 -0.187875
-0.812674 -0.1875

-0.860343 -0.1875
-0.859375 -0.186455

-0.859375 -0.185979
-0.84375 -0.175626

-0.875 -0.147261
-0.859375 -0.143264

-0.859375 -0.143463
-0.849323 -0.140625

0.25148 -0.1875
0.258596 -0.171875

0.25278 -0.171875
0.265625 -0.166393

0.270963 -0.1875
0.279131 -0.171875

0.265625 -0.169882
0.28125 -0.17023

0.295665 -0.1875
0.281951 -0.171875

-0.849334 -0.140625
-0.84375 -0.139048

-0.84375 -0.176083
-0.828125 -0.17744

-0.828125 -0.177783
-0.815409 -0.1875

0.290232 -0.171875
0.296875 -0.158963

0.296875 -0.183976
0.301613 -0.1875

-0.84375 -0.139064
-0.828125 -0.133815

-0.828125 -0.133796
-0.8125 -0.127719

0.296875 -0.164608
0.298655 -0.15625

0.292919 -0.15625
0.296875 -0.145722

-0.8125 -0.207399
-0.810363 -0.203125

-0.807611 -0.203125
-0.812423 -0.1875

-0.8125 -0.18743
-0.812439 -0.1875

-0.8125 -0.127671
-0.8056 -0.125

-0.875 -0.0208593
-0.859375 -0.0256394

-0.859375 -0.025787
-0.84375 -0.0283925

-0.84375 -0.0002869
-0.844561 0

-0.84375 -0.02864
-0.828125 -0.0295383

0.296215 -0.140625
0.296875 -0.139475

0.296875 -0.146828
0.299165 -0.140625

-0.84375 -0.000457411
-0.828125 -0.00256709

-0.828125 -0.0298527
-0.8125 -0.0308769

-0.828125 -0.00316038
-0.8125 -0.00349962

-0.807133 -0.125
-0.796875 -0.121029

-0.796875 -0.12083
-0.78125 -0.116488

0.296875 -0.139749
0.3125 -0.125608

0.3125 -0.241583
0.315677 -0.25

-0.78125 -0.0629949
-0.781659 -0.0625

-0.78125 -0.11652
-0.765625 -0.114685

0.3125 -0.188523
0.328125 -0.192091

0.328125 -0.19174
0.34375 -0.197304

0.374762 -0.25
0.368946 -0.234375

-0.765625 -0.114931
-0.75 -0.115048

-0.78125 -0.062907
-0.765625 -0.0713746

-0.765625 -0.0696912
-0.75 -0.0632285

-0.796875 -0.0335162
-0.806506 -0.03125

-0.78125 -0.0599023
-0.787293 -0.046875

-0.78125 -0.0424413
-0.792277 -0.03125

-0.8125 -0.00398169
-0.796875 -0.00247532

0.373043 -0.234375
0.366618 -0.21875

0.359375 -0.206722
0.355108 -0.203125

-0.796875 -0.00219415
-0.78125 -0.000210768

-0.78125 -0.0586946
-0.778166 -0.0625

0.34375 -0.196453
0.353963 -0.203125

-0.78125 -0.0395132
-0.776455 -0.046875

-0.751317 -0.0625
-0.75 -0.0595523

0.359375 -0.206271
0.368919 -0.21875

0.3125 -0.12856
0.326662 -0.125

-0.757062 -0.046875
-0.759916 -0.03125

-0.78125 -0.000452404
-0.773899 0

0.328125 -0.126335
0.337408 -0.125

0.25 -0.100711
0.26218 -0.09375

0.262977 -0.09375
0.265625 -0.0922523

0.265625 -0.0921321
0.28125 -0.0843199

0.28125 -0.0839394
0.295268 -0.078125

0.295515 -0.078125
0.296875 -0.0776287

0.296875 -0.0776975
0.3125 -0.0728311

0.25 -0.0550309
0.265625 -0.0506354

-0.760874 -0.03125
-0.75 -0.0199297

0.265625 -0.05046
0.279182 -0.046875

0.279527 -0.046875
0.28125 -0.0464182

-0.6875 -0.258772
-0.701797 -0.25

-0.6875 -0.2584
-0.671875 -0.264153

0.28125 -0.0465749
0.296875 -0.0425213

0.296875 -0.0425576
0.3125 -0.0380381

0.327606 -0.125
0.328125 -0.124877

0.338657 -0.125
0.34375 -0.124268

-0.65625 -0.266871
-0.662823 -0.265625

-0.671875 -0.264013
-0.663368 -0.265625

0.3125 -0.0727801
0.328125 -0.0691775

0.328125 -0.069105
0.34375 -0.0670132

0.34375 -0.122943
0.359375 -0.121294

0.359375 -0.120073
0.375 -0.123885

-0.65625 -0.266625
-0.640625 -0.267773

-0.640625 -0.267325
-0.625 -0.268164

0.34375 -0.0670325
0.359375 -0.0665581

-0.625 -0.268489
-0.609375 -0.269302

-0.610428 -0.265625
-0.609375 -0.264476

-0.609375 -0.271959
-0.59375 -0.269416

-0.59375 -0.262019
-0.600989 -0.25

-0.59375 -0.281268
-0.593586 -0.28125

-0.59375 -0.273079
-0.578125 -0.271414

0.359375 -0.0666317
0.375 -0.0675889

0.3125 -0.0379121
0.328125 -0.0331064

0.328125 -0.0328332
0.333444 -0.03125

-0.59375 -0.255438
-0.578125 -0.261514

-0.578125 -0.273238
-0.5625 -0.276083

-0.578125 -0.259434
-0.5625 -0.260741

-0.5625 -0.281772
-0.56044 -0.28125

0.334399 -0.03125
0.34375 -0.0284665

0.34375 -0.0285566
0.359375 -0.0238579

-0.5625 -0.278743
-0.546875 -0.273011

-0.5625 -0.259897
-0.546875 -0.263609

0.359375 -0.0238682
0.375 -0.0187099

0.375 -0.234383
0.382384 -0.25

-0.541634 -0.28125
-0.535113 -0.265625

-0.546875 -0.2615
-0.537131 -0.265625

0.375 -0.234213
0.37507 -0.234375

0.390625 -0.249082
0.391472 -0.25

-0.53125 -0.282226
-0.529635 -0.28125

-0.527638 -0.28125
-0.52602 -0.265625

0.421875 -0.189105
0.420777 -0.1875

0.4375 -0.209916
0.432105 -0.203125

-0.53125 -0.264585
-0.528789 -0.265625

-0.513024 -0.28125
-0.512965 -0.265625

0.421875 -0.189271
0.431904 -0.203125

0.40625 -0.16284
0.402682 -0.15625

-0.71875 -0.234475
-0.718832 -0.234375

-0.71875 -0.234181
-0.728953 -0.21875

0.390625 -0.136147
0.377048 -0.125

0.403943 -0.15625
0.393646 -0.140625

-0.736861 -0.203125
-0.734375 -0.197029

-0.729528 -0.21875
-0.733505 -0.203125

0.390625 -0.136592
0.394072 -0.140625

0.420577 -0.1875
0.410855 -0.171875

0.40625 -0.163139
0.41098 -0.171875

0.453125 -0.227646
0.445223 -0.21875

0.46875 -0.244509
0.459556 -0.234375

0.453125 -0.227849
0.459065 -0.234375

0.4375 -0.210024
0.444703 -0.21875

0.46875 -0.245556
0.474275 -0.25

-0.734375 -0.198207
-0.725277 -0.1875

-0.71875 -0.234565
-0.703125 -0.249642

-0.703125 -0.248826
-0.701251 -0.25

-0.719873 -0.1875
-0.71875 -0.186891

-0.71875 -0.186941
-0.703125 -0.184427

0.489498 -0.25
0.5 -0.246713

0.375 -0.123657
0.377306 -0.125

0.375 -0.0677856
0.390625 -0.0696338

0.390625 -0.0698872
0.40625 -0.0717264

0.40625 -0.0719325
0.421875 -0.072844

-0.703125 -0.185366
-0.6875 -0.185773

-0.65625 -0.187695
-0.660326 -0.1875

-0.65625 -0.187872
-0.640625 -0.188117

-0.640625 -0.188566
-0.629607 -0.1875

-0.6875 -0.186052
-0.671875 -0.186944

-0.671875 -0.18699
-0.661229 -0.1875

0.421875 -0.0728758
0.4375 -0.0723837

0.375 -0.0185687
0.383385 -0.015625

0.383794 -0.015625
0.390625 -0.0132268

0.390625 -0.0132705
0.40625 -0.00736633

0.40625 -0.00728887
0.421875 -0.000875616

0.421875 -0.000491359
0.423049 0

0.4375 -0.0722564
0.453125 -0.0705515

0.453125 -0.0702909
0.46875 -0.0681493

0.46875 -0.0678362
0.484375 -0.0664052

0.484375 -0.0663542
0.5 -0.0663619

0.046875 0.0587799
0.0447494 0.0625

0.0625 0.0394186
0.0540785 0.046875

0.046875 0.0581146
0.055122 0.046875

0.03125 0.105531
0.0296778 0.109375

0.0302991 0.109375
0.0200544 0.125

-0.628253 -0.1875
-0.625 -0.187183

-0.75 -0.115398
-0.734375 -0.116275

-0.734375 -0.116518
-0.71875 -0.116971

0.0455418 0.0625
0.0397273 0.078125

0.0404114 0.078125
0.0355069 0.09375

0.03125 0.105375
0.0360052 0.09375

0.0625 0.0399241
0.078125 0.0327233

0.078125 0.0327277
0.09375 0.0341325

0.125 0.00300396
0.11732 0.015625

0.118029 0.015625
0.115004 0.03125

0.09375 0.0340341
0.109375 0.0442324

0.115172 0.03125
0.125 0.0359021

0.113494 0.046875
0.112574 0.0625

0.09375 0.092476
0.0927438 0.09375

0.078125 0.11348
0.0648944 0.125

0.09375 0.0937804
0.0809244 0.109375

0.078125 0.113966
0.0823364 0.109375

0.109375 0.0729551
0.107147 0.078125

0.09375 0.0936286
0.10556 0.078125

0.109375 0.0749974
0.114744 0.0625

0.015625 0.129137
0.00167634 0.140625

0 0.141063
0.000722054 0.140625

0.015625 0.129362
0.0200592 0.125

0.03125 0.153682
0.0302781 0.15625

0.0294682 0.15625
0.0242532 0.171875

0.0227006 0.171875
0.0260869 0.1875

0.046875 0.135062
0.0400189 0.140625

0.03125 0.152841
0.0406227 0.140625

0.046875 0.136535
0.0625 0.125069

0.026282 0.1875
0.03125 0.194266

-0.75 -0.0646236
-0.747364 -0.0625

-0.71875 -0.117023
-0.703125 -0.116461

-0.703125 -0.11634
-0.6875 -0.114903

-0.743963 -0.0625
-0.742465 -0.046875

-0.75 -0.0240236
-0.734375 -0.0178591

-0.734375 -0.0215764
-0.71875 -0.0226586

-0.71875 -0.0230342
-0.703125 -0.0231771

-0.703125 -0.0230813
-0.6875 -0.0217255

-0.6875 -0.114724
-0.671875 -0.113014

-0.671875 -0.113001
-0.65625 -0.111403

-0.65625 -0.0815293
-0.659374 -0.078125

-0.658545 -0.078125
-0.656915 -0.0625

-0.65625 -0.111675
-0.640625 -0.109669

-0.640625 -0.109514
-0.639917 -0.109375

0 0.22903
0.00175125 0.234375

7.10436e-05 0.234375
0.000852174 0.25

0.03125 0.194063
0.0431779 0.203125

0.046875 0.20254
0.0499508 0.203125

0.0536102 0.203125
0.0625 0.204816

-0.640625 -0.109358
-0.625 -0.107018

-0.640625 -0.0831763
-0.653483 -0.078125

-0.651603 -0.078125
-0.650448 -0.0625

-0.640625 -0.0742054
-0.625 -0.0766141

0.0625 0.125537
0.0632619 0.125

0.0625 0.204876
0.078125 0.206344

0.078125 0.206541
0.09375 0.206429

0.09375 0.207001
0.109375 0.203772

0.125 0.196233
0.110762 0.203125

-0.6875 -0.0214666
-0.671875 -0.0193217

-0.671875 -0.0191857
-0.65625 -0.0170416

0.109375 0.203904
0.111061 0.203125

0.125 0.010498
0.140625 0.000571091

0.125 0.0178661
0.125674 0.015625

0.143477 0
0.146278 0.015625

0.150826 0.015625
0.15625 0.0290221

0.125 0.0374488
0.140625 0.0451276

0.15625 0.0389141
0.144299 0.046875

0.140625 0.0491713
0.14816 0.046875

-0.645528 -0.0625
-0.640625 -0.0603474

-0.640625 -0.0621751
-0.625 -0.0588063

-0.65625 -0.0169649
-0.643844 -0.015625

-0.644464 -0.015625
-0.640625 -0.0152103

0.15625 0.00142978
0.15974 0

0.158982 0.015625
0.162243 0.03125

-0.640625 -0.0150728
-0.625 -0.014404

-0.612323 -0.25
-0.622858 -0.234375

-0.622255 -0.234375
-0.613033 -0.21875

-0.610267 -0.21875
-0.609375 -0.21802

0.171875 0.000850856
0.1875 0.00346797

0.15625 0.0366545
0.159224 0.03125

-0.609375 -0.218266
-0.59375 -0.208482

-0.59375 -0.211426
-0.580977 -0.203125

0.1875 0.00343729
0.203125 0.00841787

0.203125 0.00933916
0.21875 0.014902

-0.578125 -0.204507
-0.576484 -0.203125

-0.5758 -0.203125
-0.569464 -0.1875

0.21875 0.0114439
0.234375 0.0149763

0.21875 0.0167741
0.234375 0.0227959

-0.625 -0.18732
-0.609375 -0.182583

-0.609375 -0.180814
-0.59375 -0.175922

0.234375 0.00750991
0.25 0.00894339

0.234375 0.0244756
0.25 0.0286922

-0.578125 -0.17901
-0.592548 -0.171875

-0.578125 -0.174235
-0.569161 -0.1875

-0.53125 -0.230199
-0.543207 -0.21875

0.249804 0.046875
0.25 0.0478459

0.203125 0.124659
0.20216 0.125

0.21875 0.123636
0.205061 0.125

0.21875 0.123959
0.234375 0.124328

0.234375 0.124582
0.240992 0.125

-0.541666 -0.21875
-0.545753 -0.203125

-0.540852 -0.203125
-0.538704 -0.1875

0.140625 0.18313
0.13578 0.1875

0.15625 0.163638
0.150269 0.171875

-0.53125 -0.228327
-0.515625 -0.232369

-0.515625 -0.229953
-0.5 -0.226147

0.140625 0.183641
0.151009 0.171875

0.171875 0.142185
0.160042 0.15625

0.1875 0.12954
0.172863 0.140625

0.171875 0.142177
0.17352 0.140625

-0.538847 -0.1875
-0.539984 -0.171875

-0.54248 -0.171875
-0.541625 -0.15625

0.15625 0.163952
0.161696 0.15625

0.125 0.196629
0.136768 0.1875

-0.542406 -0.15625
-0.533001 -0.140625

-0.531353 -0.140625
-0.53125 -0.140514

-0.5 -0.177054
-0.504685 -0.171875

-0.501063 -0.171875
-0.504228 -0.15625

0.15625 0.247265
0.152558 0.25

0.15625 0.24723
0.171875 0.236771

-0.53125 -0.140274
-0.515625 -0.125741

-0.5 -0.130831
-0.509758 -0.125

-0.625 -0.107294
-0.609375 -0.101819

-0.609375 -0.103446
-0.597437 -0.09375

-0.625 -0.0706093
-0.609375 -0.0730701

0.1875 0.226474
0.176352 0.234375

0.171875 0.236887
0.175656 0.234375

-0.59375 -0.0897915
-0.594318 -0.078125

-0.598199 -0.078125
-0.609154 -0.0625

0.1875 0.13002
0.201616 0.125

0.21875 0.172349
0.209203 0.1875

-0.593479 -0.09375
-0.591924 -0.078125

-0.591832 -0.078125
-0.593658 -0.0625

-0.625 -0.0590546
-0.609375 -0.0543866

-0.609375 -0.05572
-0.59375 -0.0498751

0.239342 0.125
0.25 0.125673

0.234375 0.162508
0.220824 0.171875

-0.625 -0.01435
-0.609375 -0.0151869

-0.59375 -0.0175096
-0.607059 -0.015625

0.21875 0.172457
0.219277 0.171875

0.234375 0.163428
0.25 0.159111

-0.609375 -0.0153646
-0.607536 -0.015625

-0.59375 -0.0535968
-0.578125 -0.0487356

0.203125 0.21116
0.197428 0.21875

0.213305 0.1875
0.20794 0.203125

0.203125 0.211989
0.208978 0.203125

0.1875 0.227006
0.196912 0.21875

0.000535131 0.25
0.000959194 0.265625

0 0.277609
0.00356575 0.265625

-0.578125 -0.0534225
-0.565739 -0.046875

-0.566173 -0.046875
-0.5625 -0.040953

0.078125 0.280958
0.0775398 0.28125

0.09375 0.280209
0.0847852 0.28125

0.0655701 0.28125
0.065727 0.296875

0.078125 0.289439
0.0796162 0.296875

-0.59375 -0.0177403
-0.578125 -0.0206471

-0.578125 -0.0160258
-0.5625 -0.0270338

-0.511615 -0.125
-0.500567 -0.109375

-0.508908 -0.109375
-0.50427 -0.09375

0.09375 0.280912
0.109375 0.280165

0.125 0.277484
0.111942 0.28125

0.09375 0.294932
0.0973627 0.296875

0.109375 0.295194
0.111874 0.296875

0.11193 0.296875
0.125 0.296964

0.140625 0.260049
0.135788 0.265625

0.125 0.279267
0.140625 0.265912

0.140625 0.259601
0.150719 0.25

0.140625 0.265857
0.140795 0.265625

-0.5625 -0.0485025
-0.560596 -0.046875

-0.560294 -0.046875
-0.5561 -0.03125

0.125 0.296278
0.126307 0.296875

0.133451 0.296875
0.140625 0.296928

-0.5625 -0.0233643
-0.5571 -0.03125

-0.9375 0.0345611
-0.944982 0.046875

-0.945299 0.046875
-0.952736 0.0625

0.140625 0.296985
0.15625 0.297028

0.15625 0.297026
0.17135 0.296875

-0.953125 0.0646625
-0.957822 0.078125

-0.96157 0.078125
-0.958269 0.09375

-0.953125 0.0635029
-0.952775 0.0625

0.1875 0.295949
0.181362 0.296875

0.21875 0.280809
0.217709 0.28125

-0.959906 0.09375
-0.953125 0.101699

-0.953125 0.0989646
-0.9375 0.107157

0.1875 0.295448
0.203125 0.289016

0.203125 0.28711
0.216949 0.28125

-0.921875 0.0123346
-0.924575 0.015625

-0.924402 0.015625
-0.935659 0.03125

0.234375 0.275954
0.221011 0.28125

0.234375 0.275001
0.25 0.267883

0.25 0.0113761
0.264198 0.015625

0.25 0.0171522
0.265625 0.0254309

-0.921875 0.011883
-0.910272 0

-0.9375 0.0343441
-0.93562 0.03125

0.265625 0.0132594
0.270338 0.015625

0.271734 0.015625
0.277053 0.03125

-0.875 0.0193103
-0.884562 0.03125

-0.890625 0.0466354
-0.890738 0.046875

-0.89075 0.046875
-0.895996 0.0625

-0.890625 0.04381
-0.884586 0.03125

0.260846 0.03125
0.25752 0.046875

0.252269 0.046875
0.257214 0.0625

-0.90625 0.0857019
-0.913443 0.09375

-0.9375 0.105321
-0.921875 0.100737

-0.921875 0.100617
-0.912796 0.09375

-0.895324 0.0625
-0.902055 0.078125

-0.90625 0.0857695
-0.901066 0.078125

-1 0.14803
-0.984375 0.151071

-0.984375 0.151771
-0.96875 0.154893

0.265625 0.0407998
0.272193 0.03125

0.28125 0.0291827
0.281426 0.03125

-0.96875 0.155073
-0.955458 0.15625

-0.9375 0.155858
-0.94988 0.15625

0.28125 0.0465976
0.281515 0.046875

0.296875 0.0597975
0.295536 0.0625

0.3125 0.0462157
0.310694 0.046875

0.306913 0.046875
0.296918 0.0625

-0.957111 0.15625
-0.953125 0.156602

-1 0.215725
-0.984375 0.212852

-0.984375 0.212775
-0.96875 0.209393

0.261134 0.0625
0.265625 0.0668568

0.265625 0.0634767
0.2786 0.078125

0.276927 0.078125
0.28125 0.0838996

0.28125 0.0766653
0.282903 0.078125

-0.96875 0.249634
-0.976512 0.25

-0.96875 0.209386
-0.953125 0.205661

0.28125 0.0840927
0.287998 0.09375

0.301926 0.0625
0.3125 0.0760652

-0.9375 0.201645
-0.943138 0.203125

-0.953125 0.20565
-0.943508 0.203125

0.289642 0.09375
0.296875 0.103794

0.296875 0.124002
0.295538 0.125

-0.96875 0.249581
-0.953125 0.248485

-0.953125 0.248482
-0.9375 0.247098

0.296875 0.103536
0.300901 0.109375

0.308548 0.109375
0.301617 0.125

-0.9375 0.15568
-0.921875 0.153928

-0.921875 0.153832
-0.90625 0.15135

0.3125 0.0466331
0.313809 0.046875

0.3125 0.0522885
0.328125 0.0496577

-0.90625 0.151481
-0.890625 0.148198

-0.890625 0.148099
-0.875 0.143951

0.328125 0.0548324
0.34375 0.0604693

0.34375 0.06093
0.347012 0.0625

0.3125 0.0749776
0.319238 0.078125

0.32447 0.078125
0.328125 0.0794472

0.331374 0.078125
0.34375 0.0807069

0.357351 0.0625
0.359375 0.0652415

0.34375 0.0854921
0.359375 0.083104

-0.890625 0.184497
-0.897676 0.1875

-0.890625 0.184509
-0.875 0.177316

0.360315 0.0625
0.3693 0.078125

0.359375 0.0918377
0.374049 0.078125

-0.9375 0.201673
-0.921875 0.196967

-0.921875 0.197067
-0.90625 0.191378

0.25 0.125893
0.265625 0.12634

0.265625 0.126242
0.28125 0.125828

0.25 0.159835
0.265625 0.158544

0.265625 0.159251
0.28125 0.158123

0.28125 0.125981
0.287338 0.125

-0.9375 0.247125
-0.921875 0.245404

-0.921875 0.245459
-0.90625 0.243237

-0.90625 0.191358
-0.897192 0.1875

-0.90625 0.243304
-0.890625 0.240338

-0.890625 0.240353
-0.875 0.236478

-0.859375 0.00607062
-0.871796 0.015625

-0.875 0.0186589
-0.871844 0.015625

-0.859375 0.00676267
-0.843888 0

0.296875 0.15516
0.289802 0.15625

0.296875 0.154799
0.3125 0.150868

0.28125 0.158584
0.293709 0.15625

0.296875 0.24888
0.293903 0.25

-0.828125 0.122773
-0.832034 0.125

-0.828125 0.12287
-0.8125 0.11122

-0.777487 0
-0.765625 0.00222527

-0.765625 0.00245336
-0.75 0.00686649

-0.75 0.0531121
-0.763152 0.0625

0.296875 0.249172
0.3125 0.2442

0.3125 0.150575
0.328125 0.147186

0.328125 0.147149
0.34375 0.144962

0.34375 0.145002
0.359375 0.144009

-0.78125 0.0796481
-0.795094 0.09375

-0.796875 0.0963464
-0.810756 0.109375

0.359375 0.144058
0.375 0.144079

0.3125 0.244186
0.328125 0.238968

-0.8125 0.111251
-0.810252 0.109375

-0.796875 0.0963558
-0.794341 0.09375

0.34375 0.234006
0.342471 0.234375

0.328125 0.238502
0.342432 0.234375

0.34375 0.234326
0.359375 0.2308

0.359375 0.230928
0.375 0.227467

-0.765625 0.0649818
-0.780102 0.078125

-0.78125 0.0797251
-0.779596 0.078125

0.404518 0.046875
0.390832 0.0625

0.423764 0
0.4375 0.00574779

0.40625 0.0493265
0.415088 0.046875

0.421875 0.0477801
0.4375 0.0504899

0.384601 0.078125
0.390625 0.0864379

-0.765625 0.0648097
-0.76238 0.0625

-0.75 0.0907116
-0.753535 0.09375

0.396447 0.0625
0.392558 0.078125

0.390625 0.0872552
0.395733 0.09375

-0.765625 0.10703
-0.767605 0.109375

-0.78125 0.124617
-0.7673 0.109375

0.400849 0.09375
0.40625 0.0965322

0.421875 0.0925196
0.40903 0.09375

-0.765625 0.106132
-0.753358 0.09375

-0.859375 0.13825
-0.866018 0.140625

0.421875 0.0918915
0.4375 0.0848817

0.40625 0.0974905
0.421875 0.0951723

-0.875 0.143455
-0.86276 0.140625

-0.859375 0.138359
-0.84375 0.131344

0.421875 0.0951819
0.425067 0.09375

0.4375 0.0056328
0.453125 0.0123547

-0.859375 0.169973
-0.865189 0.171875

-0.875 0.17722
-0.863115 0.171875

-0.859375 0.169842
-0.84375 0.163875

-0.84375 0.131096
-0.831058 0.125

-0.8125 0.149307
-0.827446 0.15625

-0.84375 0.164117
-0.828125 0.157181

0.453125 0.0126211
0.459798 0.015625

0.460551 0.015625
0.46875 0.0193158

-0.828125 0.15721
-0.826274 0.15625

-0.859375 0.231601
-0.867903 0.234375

0.4375 0.0512836
0.453125 0.0546921

0.453125 0.0545258
0.46875 0.0553171

-0.875 0.236516
-0.868416 0.234375

-0.859375 0.231534
-0.84375 0.224969

0.46875 0.0195205
0.484375 0.026601

0.484375 0.0268538
0.494328 0.03125

-0.828125 0.217258
-0.831317 0.21875

-0.828125 0.216834
-0.8125 0.210458

0.46875 0.0536384
0.484375 0.0553978

0.495062 0.03125
0.5 0.0329151

-0.84375 0.224596
-0.831242 0.21875

-0.796875 0.138789
-0.799819 0.140625

-0.8125 0.149547
-0.79912 0.140625

-0.796875 0.139138
-0.78125 0.125159

0.484375 0.0576612
0.5 0.0603083

0.4375 0.0841589
0.453125 0.0794534

-0.78125 0.125112
-0.781141 0.125

-0.8125 0.210135
-0.796875 0.206234

0.453125 0.0764226
0.46875 0.0777661

0.453125 0.0793533
0.46875 0.0809516

0.46875 0.0627729
0.468816 0.0625

0.46875 0.0816708
0.484375 0.0881242

0.484375 0.0627419
0.491199 0.0625

0.484375 0.089011
0.496208 0.09375

-0.796875 0.206216
-0.78125 0.205474

-0.78125 0.205941
-0.765625 0.207461

0.496916 0.09375
0.5 0.0950262

0.375 0.144197
0.390625 0.144898

-0.765625 0.208458
-0.75 0.209313

-1 0.250629
-0.984375 0.250387

-0.984375 0.250327
-0.977448 0.25

0.390625 0.145087
0.40625 0.145855

0.40625 0.146079
0.421875 0.146087

-1 0.282602
-0.96875 0.281751

-0.953125 0.281215
-0.954677 0.28125

0.421875 0.146294
0.4375 0.144683

0.375 0.227517
0.390625 0.223765

-0.953125 0.281224
-0.9375 0.281131

-0.96875 0.2813
-0.965308 0.28125

0.390625 0.223531
0.40625 0.219857

0.421875 0.216736
0.412451 0.21875

-0.9375 0.281132
-0.921875 0.281002

-0.921875 0.281021
-0.90625 0.280816

-0.90625 0.280852
-0.890625 0.280462

0.421875 0.216876
0.4375 0.213154

0.40625 0.219753
0.410944 0.21875

0.453125 0.140431
0.452309 0.140625

0.4375 0.144723
0.453125 0.141009

0.453125 0.140188
0.46875 0.135923

-0.890625 0.280498
-0.875 0.279778

-0.875 0.279784
-0.859375 0.278648

-0.859375 0.278618
-0.84375 0.277115

-0.84375 0.277091
-0.828125 0.275329

-0.828125 0.275463
-0.8125 0.273223

0.453125 0.140859
0.453982 0.140625

0.46875 0.135362
0.484375 0.1333

0.484375 0.132509
0.5 0.135366

0.4375 0.213159
0.453125 0.208541

-0.8125 0.27333
-0.796875 0.270127

-0.796875 0.269643
-0.78125 0.266234

0.453125 0.208307
0.46875 0.203248

0.484375 0.197854
0.470187 0.203125

0.46875 0.203171
0.468874 0.203125

0.484375 0.198537
0.5 0.1898

0.265625 0.261837
0.256509 0.265625

0.25 0.26735
0.254151 0.265625

0.265625 0.261763
0.28125 0.255149

0.28125 0.254376
0.292869 0.25

-0.765625 0.263641
-0.777372 0.265625

-0.78125 0.266036
-0.778814 0.265625

-0.765625 0.263241
-0.75 0.261732

-0.765625 0.266276
-0.757275 0.265625

-0.75 0.00679806
-0.734375 0.012331

-0.734375 0.00926732
-0.725046 0.015625

-0.72459 0.015625
-0.71875 0.0263211

-0.734375 0.0455362
-0.736484 0.046875

-0.75 0.053691
-0.736498 0.046875

-0.71875 0.0318564
-0.73158 0.046875

0.5 -0.272833
0.515625 -0.265648

0.5 -0.253948
0.513883 -0.25

-0.71875 0.0241762
-0.717033 0.03125

-0.71875 0.0325854
-0.718151 0.03125

-0.75 0.0906393
-0.734375 0.0791775

-0.71875 0.0717674
-0.733909 0.078125

0.53125 -0.269772
0.520219 -0.265625

0.515625 -0.252084
0.53125 -0.259982

-0.734375 0.0791192
-0.732421 0.078125

-0.71875 0.0694682
-0.703125 0.0685411

0.53125 -0.271054
0.546875 -0.267892

0.53125 -0.26188
0.546875 -0.258904

-0.703125 0.0666321
-0.688343 0.078125

-0.690979 0.078125
-0.6875 0.0882654

0.546875 -0.270061
0.550812 -0.265625

0.546875 -0.255543
0.558206 -0.25

-0.703125 0.121023
-0.704815 0.125

-0.690162 0.09375
-0.696783 0.109375

-0.703125 0.121247
-0.69808 0.109375

-0.6875 0.08356
-0.686125 0.09375

0.578125 -0.253423
0.570189 -0.25

0.59375 -0.27421
0.58238 -0.265625

0.578125 -0.255243
0.590652 -0.265625

0.59375 -0.275399
0.609375 -0.270876

0.607646 -0.265625
0.609375 -0.264389

-0.704645 0.125
-0.70886 0.140625

-0.708569 0.140625
-0.711136 0.15625

0.609375 -0.269108
0.620667 -0.265625

0.609965 -0.265625
0.617352 -0.25

0.65625 -0.28128
0.656138 -0.28125

0.638201 -0.28125
0.625835 -0.265625

0.634818 -0.265625
0.636783 -0.25

0.640625 -0.280817
0.641385 -0.28125

-0.710539 0.15625
-0.713237 0.171875

-0.712314 0.171875
-0.718185 0.1875

-0.75 0.211013
-0.734375 0.205808

0.65625 -0.281491
0.657147 -0.28125

0.669197 -0.28125
0.671875 -0.281191

-0.71875 0.190154
-0.730829 0.203125

-0.734375 0.205958
-0.730354 0.203125

-0.71875 0.190144
-0.717162 0.1875

-0.6875 0.24507
-0.694987 0.25

-0.625 0.185972
-0.626036 0.1875

-0.671875 0.233172
-0.673521 0.234375

-0.6875 0.244354
-0.673703 0.234375

-0.671875 0.233567
-0.65625 0.220929

-0.640625 0.205772
-0.653723 0.21875

-0.62588 0.1875
-0.638056 0.203125

-0.640625 0.205613
-0.638288 0.203125

-0.65625 0.220662
-0.654108 0.21875

-0.625 0.239741
-0.629075 0.25

-0.5625 0.0548783
-0.566538 0.0625

0.686489 -0.28125
0.6875 -0.280505

0.6875 -0.256972
0.684462 -0.25

-0.566756 0.0625
-0.564857 0.078125

-0.565184 0.078125
-0.572202 0.09375

0.6875 -0.282164
0.692 -0.28125

0.691151 -0.28125
0.699218 -0.265625

-0.578125 0.095182
-0.585972 0.109375

-0.585912 0.109375
-0.592562 0.125

0.6875 -0.258249
0.689187 -0.265625

0.71875 -0.276413
0.713034 -0.265625

-0.567371 0.09375
-0.5625 0.100277

-0.567715 0.109375
-0.572678 0.125

-0.546875 0.0411453
-0.559838 0.046875

-0.5625 0.0511763
-0.557452 0.046875

0.71875 -0.258459
0.715347 -0.25

0.75 -0.28225
0.74564 -0.28125

0.71875 -0.274906
0.725088 -0.28125

0.71875 -0.25968
0.734375 -0.260146

0.739528 -0.28125
0.75 -0.272454

-0.546875 0.0406268
-0.535491 0.046875

-0.539408 0.046875
-0.53125 0.0587642

0.734375 -0.263997
0.735895 -0.265625

0.5 -0.245644
0.515625 -0.243677

0.515625 -0.246481
0.522601 -0.25

0.515625 -0.192376
0.511316 -0.1875

-0.53125 0.0592585
-0.529754 0.0625

-0.5625 0.0893823
-0.546875 0.0787148

-0.532864 0.0625
-0.541821 0.078125

-0.537715 0.078125
-0.53125 0.0800461

-0.5625 0.100333
-0.560806 0.09375

-0.535674 0.09375
-0.53125 0.101144

-0.53125 0.0755777
-0.519733 0.078125

0.53125 -0.204312
0.529516 -0.203125

0.515625 -0.192105
0.528245 -0.203125

0.55134 -0.25
0.5625 -0.245915

0.53125 -0.204583
0.546875 -0.213153

0.546875 -0.214204
0.5625 -0.217558

-0.522348 0.078125
-0.530957 0.09375

-0.515625 0.0758333
-0.5 0.0696417

0.510282 -0.1875
0.502906 -0.171875

0.502249 -0.171875
0.507055 -0.15625

0.507174 -0.15625
0.515625 -0.147053

0.515625 -0.147887
0.528822 -0.140625

0.528943 -0.140625
0.53125 -0.139699

-0.530322 0.09375
-0.523583 0.109375

-0.519867 0.109375
-0.515625 0.116581

-0.515625 0.111777
-0.508461 0.125

-0.59375 0.128466
-0.598323 0.140625

0.562318 -0.171875
0.5625 -0.16997

0.53125 -0.141131
0.546875 -0.141306

0.546875 -0.141651
0.5625 -0.146275

0.5625 -0.246427
0.578125 -0.249739

-0.598674 0.140625
-0.605932 0.15625

-0.609375 0.161003
-0.615763 0.171875

-0.625 0.186917
-0.615885 0.171875

-0.609375 0.160714
-0.606397 0.15625

-0.59375 0.125772
-0.584507 0.125

-0.581018 0.140625
-0.578125 0.1548

-0.573981 0.125
-0.577498 0.140625

0.59375 -0.230545
0.582391 -0.21875

0.569607 -0.21875
0.578125 -0.211074

-0.581943 0.15625
-0.584078 0.171875

-0.583757 0.171875
-0.589648 0.1875

-0.609375 0.212015
-0.613384 0.21875

-0.59375 0.192526
-0.600232 0.203125

-0.609375 0.213575
-0.601948 0.203125

-0.612912 0.21875
-0.621946 0.234375

-0.625 0.239437
-0.622968 0.234375

-0.59375 0.19344
-0.589912 0.1875

-0.53125 0.179649
-0.5369 0.1875

-0.510659 0.125
-0.509382 0.140625

-0.511629 0.140625
-0.510404 0.15625

-0.53125 0.176822
-0.515625 0.174823

-0.509945 0.15625
-0.505195 0.171875

-0.508772 0.171875
-0.5 0.173089

-0.535597 0.1875
-0.539329 0.203125

0.576999 -0.203125
0.573742 -0.1875

0.578125 -0.2082
0.583218 -0.21875

-0.536329 0.203125
-0.536045 0.21875

-0.53572 0.21875
-0.538066 0.234375

0.59375 -0.230775
0.594385 -0.234375

0.623092 -0.25
0.609896 -0.234375

-0.538057 0.234375
-0.5437 0.25

-0.514414 0.1875
-0.509399 0.203125

-0.507527 0.203125
-0.501737 0.21875

-0.502114 0.21875
-0.5 0.223881

0.609375 -0.234213
0.609441 -0.234375

0.604922 -0.21875
0.609375 -0.214941

-0.50054 0.234375
-0.5 0.235439

-0.75 0.261048
-0.734375 0.261787

0.609375 -0.188377
0.60883 -0.1875

0.609375 -0.215222
0.619363 -0.203125

-0.75 0.266312
-0.734375 0.267051

-0.734375 0.264329
-0.71875 0.26274

-0.734375 0.26701
-0.720754 0.265625

-0.71875 0.262867
-0.703125 0.255724

0.623124 -0.203125
0.61616 -0.1875

0.571222 -0.1875
0.567455 -0.171875

-0.703125 0.254602
-0.696115 0.25

-0.633822 0.25
-0.626123 0.265625

0.5625 -0.168744
0.571846 -0.15625

0.59375 -0.173536
0.589867 -0.171875

0.59375 -0.165908
0.579624 -0.15625

0.5625 -0.147771
0.570697 -0.140625

-0.625519 0.265625
-0.625 0.265992

-0.617591 0.265625
-0.609375 0.270306

-0.609375 0.270598
-0.59375 0.274969

-0.59375 0.275551
-0.578125 0.275644

-0.578125 0.275865
-0.5625 0.270073

-0.546875 0.256821
-0.555281 0.265625

-0.5625 0.269697
-0.556691 0.265625

-0.546875 0.257052
-0.542166 0.25

-0.5 -0.281357
-0.499878 -0.28125

-0.499618 -0.28125
-0.49962 -0.265625

-0.48418 -0.28125
-0.484188 -0.265625

-0.34375 -0.250671
-0.344397 -0.25

0.5625 -0.140444
0.578125 -0.132964

0.578125 -0.154996
0.578688 -0.15625

-0.34375 -0.251169
-0.328125 -0.260685

-0.3125 -0.268523
-0.316242 -0.265625

0.578125 -0.13127
0.59375 -0.126778

0.59375 -0.174745
0.606051 -0.1875

-0.328125 -0.263893
-0.3125 -0.258836

-0.296875 -0.285745
-0.303079 -0.28125

-0.296875 -0.287977
-0.28125 -0.290563

-0.3125 -0.2668
-0.306619 -0.28125

-0.3125 -0.256327
-0.301713 -0.265625

-0.28125 -0.275236
-0.293569 -0.265625

-0.296875 -0.265064
-0.295758 -0.265625

-0.28125 -0.297089
-0.280496 -0.296875

-0.274801 -0.296875
-0.267478 -0.28125

0.59375 -0.169679
0.595221 -0.171875

0.59375 -0.128603
0.609375 -0.130582

-0.265625 -0.297013
-0.265487 -0.296875

-0.265625 -0.282032
-0.265602 -0.28125

-0.28125 -0.276586
-0.277099 -0.28125

-0.5 -0.22661
-0.484375 -0.218863

-0.484375 -0.21928
-0.483592 -0.21875

-0.483493 -0.21875
-0.46875 -0.205594

-0.46875 -0.205433
-0.46674 -0.203125

-0.466119 -0.203125
-0.456978 -0.1875

-0.5 -0.175209
-0.484375 -0.175902

0.609375 -0.131324
0.625 -0.13466

0.5 -0.0669406
0.515625 -0.0673315

-0.5 -0.166802
-0.491897 -0.171875

-0.484375 -0.167583
-0.471115 -0.15625

-0.492576 -0.15625
-0.49775 -0.140625

-0.5 -0.13292
-0.496107 -0.140625

-0.48121 -0.15625
-0.46875 -0.149694

-0.458381 -0.1875
-0.45467 -0.171875

-0.453125 -0.157387
-0.453777 -0.15625

-0.450836 -0.171875
-0.452645 -0.15625

0.515625 -0.0683697
0.53125 -0.0659102

0.53125 -0.0662267
0.538301 -0.0625

-0.46875 -0.145449
-0.453125 -0.151146

-0.453125 -0.150336
-0.449676 -0.15625

0.53892 -0.0625
0.546875 -0.0580854

0.546875 -0.0575181
0.557883 -0.046875

-0.375 -0.197925
-0.380132 -0.1875

-0.40625 -0.143575
-0.408453 -0.140625

0.558174 -0.046875
0.5625 -0.0409127

0.593155 -0.09375
0.591941 -0.078125

-0.411098 -0.140625
-0.417755 -0.125

-0.390625 -0.165754
-0.396251 -0.15625

-0.380117 -0.1875
-0.387758 -0.171875

-0.390625 -0.165577
-0.386939 -0.171875

-0.40625 -0.143133
-0.396665 -0.15625

-0.5 -0.115326
-0.493715 -0.109375

0.592432 -0.078125
0.59375 -0.0766413

0.59375 -0.0850521
0.599299 -0.09375

-0.5 -0.106621
-0.495671 -0.109375

-0.484375 -0.10372
-0.46875 -0.0964748

0.599639 -0.078125
0.609375 -0.07095

0.609375 -0.0888069
0.625 -0.0828793

0.609375 -0.0779206
0.620102 -0.0625

0.5625 -0.0389256
0.567793 -0.03125

0.566758 -0.03125
0.577587 -0.015625

-0.496462 -0.09375
-0.484375 -0.0858289

-0.484375 -0.0858294
-0.477586 -0.078125

0.577609 -0.015625
0.578125 -0.0149879

0.578125 -0.0154289
0.591325 0

-0.473184 -0.078125
-0.46875 -0.0747392

-0.46875 -0.0969764
-0.463047 -0.09375

0.622887 -0.0625
0.625 -0.0601732

0.628414 -0.25
0.640625 -0.239937

-0.460811 -0.09375
-0.453125 -0.0851269

-0.46875 -0.0684625
-0.453125 -0.0643118

0.640625 -0.240983
0.650071 -0.234375

0.671875 -0.236127
0.660602 -0.234375

0.6875 -0.247901
0.673229 -0.234375

-0.453125 -0.0895192
-0.445938 -0.078125

-0.453125 -0.0771576
-0.442017 -0.0625

0.625 -0.134742
0.640625 -0.137787

0.640625 -0.137928
0.65625 -0.140235

0.671875 -0.141459
0.660896 -0.140625

0.65625 -0.140322
0.660235 -0.140625

0.671875 -0.141331
0.6875 -0.141578

0.6875 -0.246736
0.695603 -0.25

-0.45403 -0.0625
-0.453125 -0.0616922

-0.451703 -0.0625
-0.444529 -0.046875

0.703125 -0.249177
0.708446 -0.234375

0.734375 -0.238896
0.729341 -0.234375

-0.438552 -0.046875
-0.4375 -0.0457234

-0.417301 -0.125
-0.414198 -0.109375

0.741047 -0.25
0.736051 -0.234375

0.6875 -0.141397
0.703125 -0.141352

0.703125 -0.141278
0.71875 -0.14145

-0.412851 -0.109375
-0.40625 -0.0982792

-0.4375 -0.0682068
-0.426617 -0.0625

0.71875 -0.141485
0.734375 -0.141952

0.734375 -0.142043
0.75 -0.142555

0.625 -0.0802327
0.630489 -0.078125

0.625 -0.0767121
0.634349 -0.078125

-0.40625 -0.098176
-0.403617 -0.09375

-0.404547 -0.09375
-0.390625 -0.0790861

0.640625 -0.0741733
0.65625 -0.0654585

0.6875 -0.0629632
0.682385 -0.0625

-0.390625 -0.0763866
-0.375 -0.0727604

-0.4375 -0.0588055
-0.421875 -0.0605669

0.625 -0.0591339
0.633156 -0.046875

0.633683 -0.046875
0.640625 -0.0380019

-0.4375 -0.0449859
-0.42815 -0.03125

-0.421875 -0.0565452
-0.409096 -0.046875

0.654435 -0.0625
0.65625 -0.0623102

0.640625 -0.0343662
0.643472 -0.03125

-0.409612 -0.046875
-0.40625 -0.0450932

-0.426135 -0.03125
-0.421875 -0.0260626

0.644383 -0.03125
0.65625 -0.0213786

0.65625 -0.061377
0.671875 -0.0568432

0.671875 -0.0596721
0.6875 -0.0610826

0.65625 -0.0209097
0.671875 -0.0169107

-0.421875 -0.0254847
-0.414509 -0.015625

-0.413328 -0.015625
-0.40625 -0.00588457

-0.40625 -0.0439081
-0.394225 -0.03125

-0.393853 -0.03125
-0.390625 -0.0275105

-0.40625 -0.00587076
-0.402576 0

0.671875 -0.0179342
0.6875 -0.0216401

0.6875 -0.0639659
0.701132 -0.0625

0.703125 -0.0658219
0.710016 -0.0625

-0.390625 -0.0265177
-0.38196 -0.015625

-0.380757 -0.015625
-0.375 -0.00676583

0.6938 -0.0625
0.703125 -0.0584804

0.703125 -0.0318225
0.702636 -0.03125

0.707671 -0.0625
0.71755 -0.046875

0.713383 -0.046875
0.703896 -0.03125

0.6875 -0.0209298
0.702449 -0.03125

0.75 -0.0210789
0.746425 -0.015625

0.747103 -0.015625
0.738078 0

-0.359375 -0.227273
-0.364654 -0.21875

-0.34375 -0.248714
-0.355623 -0.234375

0.78125 -0.283842
0.769399 -0.28125

0.75 -0.27551
0.752409 -0.28125

-0.359375 -0.227743
-0.355265 -0.234375

-0.364462 -0.21875
-0.372647 -0.203125

0.765625 -0.280484
0.766866 -0.28125

0.768633 -0.265625
0.780727 -0.25

-0.375 -0.198085
-0.372519 -0.203125

-0.34375 -0.249554
-0.34299 -0.25

0.8125 -0.284904
0.795528 -0.28125

0.78125 -0.28119
0.781437 -0.28125

-0.318057 -0.25
-0.315047 -0.234375

-0.316824 -0.234375
-0.317635 -0.21875

-0.317267 -0.21875
-0.319092 -0.203125

-0.321998 -0.203125
-0.319762 -0.1875

0.8125 -0.282412
0.84375 -0.282827

0.84375 -0.282741
0.875 -0.283405

0.875 -0.283626
0.90625 -0.284271

-0.322013 -0.1875
-0.3125 -0.175214

0.90625 -0.284173
0.9375 -0.284553

0.9375 -0.284204
0.96875 -0.285212

-0.28125 -0.188657
-0.282858 -0.1875

-0.25 -0.237866
-0.251628 -0.234375

-0.28125 -0.189111
-0.265625 -0.199721

-0.25 -0.2058
-0.251798 -0.203125

-0.265625 -0.201087
-0.258107 -0.203125

-0.3125 -0.176765
-0.296875 -0.172047

0.96875 -0.286392
1 -0.286367

0.768154 -0.25
0.779251 -0.234375

-0.298447 -0.171875
-0.296875 -0.171762

-0.296875 -0.176506
-0.28125 -0.186514

0.78125 -0.238286
0.788923 -0.234375

0.796875 -0.235589
0.8125 -0.235568

-0.359375 -0.0824734
-0.373126 -0.078125

-0.375 -0.0772712
-0.3723 -0.078125

0.75 -0.142648
0.765625 -0.142836

0.765625 -0.142899
0.78125 -0.14245

-0.359375 -0.087275
-0.34375 -0.0816371

-0.343933 -0.078125
-0.34375 -0.0780347

0.78125 -0.142489
0.796875 -0.141197

0.796875 -0.141213
0.801031 -0.140625

0.800869 -0.140625
0.8125 -0.138979

0.8125 -0.235337
0.828125 -0.235251

-0.34375 -0.0778283
-0.331132 -0.0625

-0.375 -0.00592617
-0.37077 0

-0.333206 -0.0625
-0.328125 -0.0503013

-0.328125 -0.0614313
-0.322139 -0.046875

-0.326073 -0.046875
-0.323347 -0.03125

-0.324902 -0.03125
-0.318833 -0.015625

-0.318657 -0.015625
-0.3125 -0.00705561

0.828125 -0.235227
0.84375 -0.235588

0.84375 -0.235632
0.859375 -0.236398

0.859375 -0.236537
0.875 -0.237344

0.8125 -0.138794
0.828125 -0.136049

-0.25 -0.121775
-0.255572 -0.109375

-0.255966 -0.109375
-0.25 -0.0941504

0.828125 -0.135598
0.84375 -0.133606

0.84375 -0.133321
0.859375 -0.134165

-0.3125 -0.00809283
-0.306261 0

0.859375 -0.135117
0.875 -0.138615

0.765625 -0.0963414
0.761012 -0.09375

-0.25 -0.2972
-0.249817 -0.296875

-0.21875 -0.296926
-0.218801 -0.296875

0.765625 -0.0950458
0.78125 -0.0950207

0.761673 -0.09375
0.752816 -0.078125

-0.218751 -0.296875
-0.21875 -0.291666

-0.234375 -0.251588
-0.236939 -0.25

0.755358 -0.078125
0.765625 -0.0647595

0.765625 -0.0630163
0.78125 -0.0632588

-0.234375 -0.251056
-0.21875 -0.256768

-0.203125 -0.296918
-0.203194 -0.296875

0.78125 -0.0966209
0.786319 -0.09375

0.785166 -0.09375
0.793828 -0.078125

-0.20785 -0.296875
-0.20785 -0.28125

-0.1875 -0.296922
-0.187638 -0.296875

0.78125 -0.0651956
0.791127 -0.078125

0.765625 -0.0377476
0.753357 -0.03125

-0.203097 -0.296875
-0.203073 -0.28125

-0.21875 -0.256032
-0.203125 -0.258684

0.765625 -0.0382362
0.77855 -0.03125

0.75 -0.0268798
0.755287 -0.03125

-0.203125 -0.258347
-0.1875 -0.260085

-0.1875 -0.297325
-0.185275 -0.296875

-0.172038 -0.296875
-0.172155 -0.28125

0.775477 -0.03125
0.78125 -0.024001

0.780816 -0.015625
0.779839 0

-0.171875 -0.29756
-0.170483 -0.296875

-0.16261 -0.296875
-0.162687 -0.28125

0.78125 -0.0223412
0.783789 -0.015625

0.84375 -0.0999899
0.83848 -0.09375

0.828125 -0.072715
0.824435 -0.0625

0.838921 -0.09375
0.829679 -0.078125

0.828125 -0.0707677
0.830782 -0.078125

0.859375 -0.1122
0.855997 -0.109375

0.84375 -0.100814
0.85591 -0.109375

-0.1875 -0.259883
-0.171875 -0.261788

-0.171875 -0.262179
-0.15625 -0.263874

0.859375 -0.11291
0.870462 -0.109375

0.824703 -0.0625
0.821323 -0.046875

0.82145 -0.046875
0.820119 -0.03125

0.820314 -0.03125
0.820388 -0.015625

0.820696 -0.015625
0.821169 0

-0.15625 -0.298223
-0.154891 -0.296875

-0.15625 -0.295484
-0.156234 -0.296875

0.875 -0.237263
0.890625 -0.237998

0.890625 -0.2377
0.90625 -0.239123

0.90625 -0.239931
0.921875 -0.241025

0.921875 -0.245608
0.9375 -0.237041

0.931194 -0.234375
0.9375 -0.226644

0.932738 -0.21875
0.9375 -0.210529

-0.125 -0.298274
-0.12639 -0.296875

-0.125037 -0.296875
-0.125 -0.293249

-0.15625 -0.265599
-0.140625 -0.262851

-0.140243 -0.265625
-0.125 -0.251201

0.890625 -0.141848
0.883857 -0.140625

0.875 -0.138756
0.883466 -0.140625

-0.109375 -0.298181
-0.11199 -0.296875

-0.123149 -0.296875
-0.124338 -0.28125

0.890625 -0.141495
0.90625 -0.14353

0.90625 -0.143738
0.921875 -0.145169

-0.09375 -0.297008
-0.107788 -0.296875

-0.109375 -0.296552
-0.108519 -0.296875

-0.125 -0.253417
-0.120121 -0.25

-0.103852 -0.28125
-0.09375 -0.273179

-0.102366 -0.265625
-0.104746 -0.25

-0.09375 -0.298454
-0.0896941 -0.296875

0.921875 -0.14517
0.9375 -0.145578

0.9375 -0.243175
0.944464 -0.234375

0.9375 -0.227453
0.946952 -0.21875

0.96875 -0.223981
0.959412 -0.21875

0.9375 -0.214416
0.953125 -0.208261

0.953125 -0.21464
0.961188 -0.21875

-0.0810043 -0.296875
-0.078125 -0.285415

-0.078125 -0.299089
-0.0749831 -0.296875

0.984375 -0.243363
0.971842 -0.234375

0.96875 -0.223999
0.982427 -0.234375

-0.0762835 -0.296875
-0.0733962 -0.28125

-0.09375 -0.274609
-0.0864426 -0.265625

-0.078125 -0.268397
-0.0718901 -0.265625

-0.046875 -0.297501
-0.0489028 -0.296875

-0.03125 -0.297719
-0.0328292 -0.296875

0.984375 -0.240725
1 -0.242266

0.984375 -0.233118
0.991387 -0.234375

-0.0357818 -0.296875
-0.0401955 -0.28125

-0.0625 -0.267917
-0.046875 -0.268881

0.9375 -0.14546
0.953125 -0.14508

0.953125 -0.145034
0.96875 -0.144193

-0.046875 -0.272844
-0.0360941 -0.265625

-0.0349995 -0.265625
-0.0362211 -0.25

-0.03125 -0.297498
-0.015625 -0.296993

0.96875 -0.144116
0.984375 -0.14306

0.984375 -0.143004
1 -0.142001

-0.0186908 -0.296875
-0.0156674 -0.28125

-0.015625 -0.299203
-0.00614318 -0.296875

0.875 -0.110163
0.876037 -0.109375

0.876326 -0.109375
0.890625 -0.0948631

-0.00917165 -0.296875
-0.0119469 -0.28125

0 -0.25422
-0.00608101 -0.25

0.890625 -0.0939246
0.890717 -0.09375

0.889909 -0.09375
0.890625 -0.087451

-0.25 -0.237514
-0.239495 -0.25

-0.248405 -0.234375
-0.249762 -0.21875

0.889559 -0.078125
0.885297 -0.0625

0.89073 -0.09375
0.892451 -0.078125

-0.25 -0.212982
-0.245296 -0.203125

-0.243027 -0.203125
-0.246126 -0.1875

0.884447 -0.0625
0.881398 -0.046875

0.881939 -0.046875
0.880721 -0.03125

-0.229562 -0.203125
-0.21875 -0.195185

-0.21875 -0.191297
-0.216819 -0.1875

0.881282 -0.03125
0.879689 -0.015625

0.879916 -0.015625
0.876374 0

-0.242576 -0.1875
-0.234531 -0.171875

0.501674 0.03125
0.515625 0.043824

0.515625 0.0581684
0.510911 0.0625

0.515625 0.0431808
0.517987 0.046875

0.52179 0.046875
0.51686 0.0625

-0.234613 -0.171875
-0.234375 -0.171558

-0.21875 -0.175013
-0.226196 -0.171875

-0.232103 -0.171875
-0.221328 -0.15625

-0.234375 -0.134835
-0.248042 -0.125

-0.21875 -0.143769
-0.219408 -0.140625

-0.234375 -0.128656
-0.21875 -0.13936

-0.21875 -0.180129
-0.21489 -0.171875

-0.212203 -0.171875
-0.203125 -0.164196

0.5 0.0645662
0.506303 0.0625

0.515625 0.0630299
0.516375 0.0625

-0.203125 -0.163171
-0.196192 -0.15625

-0.21875 -0.141696
-0.208747 -0.15625

0.5 0.0947932
0.515625 0.100864

0.515625 0.100967
0.53125 0.107481

-0.21875 -0.135154
-0.212885 -0.140625

-0.197983 -0.15625
-0.1875 -0.147631

-0.125802 -0.25
-0.126314 -0.234375

-0.137637 -0.234375
-0.12949 -0.21875

0.53125 0.10753
0.535198 0.109375

0.53617 0.109375
0.546875 0.114378

-0.1875 -0.14814
-0.180379 -0.140625

-0.181967 -0.140625
-0.171875 -0.130209

0.546875 0.114618
0.5625 0.123042

0.592539 0
0.59375 0.0013516

-0.171875 -0.129925
-0.166069 -0.125

-0.25 -0.122398
-0.24828 -0.125

-0.25 -0.0972989
-0.248354 -0.09375

-0.248541 -0.09375
-0.234375 -0.0817328

0.59375 0.00161999
0.605376 0.015625

0.605879 0.015625
0.609375 0.0212163

-0.234375 -0.0836346
-0.222829 -0.078125

-0.222411 -0.078125
-0.21875 -0.0763996

0.609375 0.0216619
0.615353 0.03125

0.613767 0.03125
0.623123 0.046875

0.622557 0.046875
0.625 0.0500906

0.5625 0.123122
0.565548 0.125

0.5 0.134566
0.509104 0.140625

0.510252 0.140625
0.515625 0.147517

0.515625 0.146451
0.520453 0.15625

0.515625 0.174543
0.504883 0.1875

0.518317 0.15625
0.516008 0.171875

0.515625 0.174962
0.5173 0.171875

-0.21875 -0.0766953
-0.203125 -0.0704587

-0.203125 -0.0699807
-0.1875 -0.0649898

0.5 0.189737
0.502962 0.1875

0.566326 0.125
0.578125 0.132647

0.578125 0.13259
0.588006 0.140625

0.587941 0.140625
0.59375 0.145993

-0.167048 -0.125
-0.15625 -0.116914

-0.1875 -0.0648122
-0.172629 -0.0625

0.59375 0.145762
0.603088 0.15625

0.603168 0.15625
0.609375 0.165592

0.609375 0.165409
0.613465 0.171875

0.614612 0.171875
0.618689 0.1875

-0.15625 -0.0627561
-0.171777 -0.0625

-0.15625 -0.117162
-0.140625 -0.110557

0.609375 0.205652
0.601714 0.21875

0.61911 0.1875
0.61393 0.203125

0.609375 0.205716
0.610891 0.203125

0.599647 0.21875
0.596835 0.234375

-0.140625 -0.111116
-0.129619 -0.109375

-0.128935 -0.109375
-0.125 -0.108753

-0.15625 -0.0629617
-0.140625 -0.0652592

-0.140625 -0.0654878
-0.125 -0.0689568

-0.172902 -0.0625
-0.171875 -0.0623403

-0.125 -0.24441
-0.12312 -0.25

-0.125 -0.220927
-0.121617 -0.21875

-0.096871 -0.25
-0.09375 -0.246007

-0.09375 -0.222571
-0.102924 -0.21875

-0.112348 -0.21875
-0.109375 -0.218185

0.594995 0.234375
0.606335 0.25

0.625 0.0515966
0.638035 0.0625

-0.09375 -0.246091
-0.078125 -0.236439

-0.09375 -0.220794
-0.078125 -0.226301

0.63962 0.0625
0.640625 0.0630488

0.643704 0.0625
0.65625 0.0667271

-0.078125 -0.236931
-0.0625 -0.24134

-0.078125 -0.226498
-0.0712262 -0.21875

-0.0641836 -0.21875
-0.0625 -0.218011

-0.0625 -0.241051
-0.046875 -0.249519

0.65625 0.0650147
0.671875 0.0719836

0.671875 0.0736959
0.684259 0.078125

-0.0625 -0.217473
-0.046875 -0.20403

-0.0520027 -0.203125
-0.046875 -0.197496

0.675082 0.078125
0.6875 0.0825663

0.71875 0.0225357
0.712509 0.03125

0.712329 0.03125
0.705764 0.046875

0.707131 0.046875
0.703917 0.0625

0.734375 0.00465992
0.725976 0.015625

-0.046875 -0.198397
-0.03125 -0.188683

-0.0159701 -0.25
-0.015625 -0.248866

0.71875 0.0239776
0.724903 0.015625

0.734375 0.0052853
0.738146 0

-0.0158456 -0.234375
-0.015625 -0.233891

-0.00862197 -0.25
-0.0133386 -0.234375

0.703125 0.0711719
0.696059 0.078125

0.6875 0.0848706
0.701968 0.078125

-0.015625 -0.233866
0 -0.221739

-0.03125 -0.190814
-0.015625 -0.189983

-0.015625 -0.190798
0 -0.192959

-0.125 -0.10907
-0.109375 -0.108763

0.703125 0.0708515
0.707107 0.0625

0.75 0.108526
0.749734 0.109375

0.749967 0.109375
0.75 0.109573

-0.09375 -0.109543
-0.0989447 -0.109375

-0.109375 -0.109082
-0.0978635 -0.109375

-0.125 -0.069146
-0.109375 -0.0729511

-0.109375 -0.0731151
-0.09375 -0.0765498

-0.09375 -0.109666
-0.078125 -0.110183

0.65625 0.159131
0.655244 0.171875

0.671875 0.149914
0.663413 0.15625

0.671875 0.151211
0.6875 0.144922

0.65625 0.16166
0.656968 0.15625

-0.078125 -0.110131
-0.0625 -0.110526

-0.078125 -0.0791542
-0.0845702 -0.078125

-0.09375 -0.076663
-0.0847883 -0.078125

-0.078125 -0.0792595
-0.0625 -0.0806015

-0.0625 -0.110436
-0.046875 -0.110992

-0.046875 -0.111086
-0.03125 -0.111796

-0.0625 -0.0806249
-0.046875 -0.0805789

-0.046875 -0.080632
-0.03125 -0.0790447

0.659061 0.171875
0.671875 0.182073

0.671875 0.181508
0.6875 0.181556

-0.03125 -0.112208
-0.015625 -0.11206

-0.015625 -0.112375
0 -0.109912

0.671875 0.248975
0.668234 0.25

0.671875 0.249343
0.6875 0.243371

-0.03125 -0.079551
-0.0264258 -0.078125

-0.0254752 -0.078125
-0.015625 -0.0752134

0.703125 0.139553
0.700622 0.140625

0.6875 0.14445
0.700053 0.140625

-0.015625 -0.0767175
0 -0.0644848

-0.03125 -0.0198009
-0.0336804 -0.015625

0.703125 0.136034
0.71875 0.133337

0.703125 0.171657
0.70254 0.171875

-0.0321545 -0.015625
-0.0362724 0

-0.015625 -0.0342131
-0.0196725 -0.03125

0.6875 0.179756
0.703125 0.172308

0.703125 0.171844
0.71875 0.16143

0.71875 0.129218
0.734375 0.14

0.731856 0.140625
0.729951 0.15625

0.71875 0.161292
0.724282 0.15625

0.6875 0.242921
0.703125 0.234999

0 -0.0451656
-0.0152314 -0.03125

-0.03125 -0.0194017
-0.0210017 -0.03125

-0.03125 -0.0142016
-0.0308749 -0.015625

-0.5 0.0699722
-0.484375 0.0685179

-0.484375 0.0688057
-0.46875 0.0708522

-0.46875 0.071131
-0.453125 0.075545

-0.453125 0.0758668
-0.447341 0.078125

-0.44622 0.078125
-0.4375 0.0815296

-0.401894 0
-0.392432 0.015625

-0.392197 0.015625
-0.390625 0.0178943

-0.390625 0.0216366
-0.379884 0.03125

-0.380085 0.03125
-0.375 0.0344134

-0.4375 0.0815304
-0.421875 0.0895484

-0.421875 0.089651
-0.415721 0.09375

-0.415034 0.09375
-0.40625 0.0999769

-0.40625 0.0998687
-0.396319 0.109375

0.71875 0.225809
0.704624 0.234375

0.703125 0.234822
0.703894 0.234375

-0.396229 0.109375
-0.390625 0.116835

-0.390625 0.117208
-0.385208 0.125

0.734375 0.214558
0.728579 0.21875

0.75 0.201496
0.748138 0.203125

-0.5 0.172939
-0.490495 0.1875

-0.489787 0.1875
-0.484375 0.197795

-0.484375 0.196224
-0.480408 0.203125

-0.480216 0.203125
-0.474997 0.21875

-0.5 0.228309
-0.495626 0.234375

-0.5 0.23703
-0.484375 0.246449

-0.471966 0.21875
-0.476022 0.234375

-0.484375 0.247924
-0.46875 0.23466

0.734375 0.214386
0.747903 0.203125

0.71875 0.225523
0.728151 0.21875

-0.3857 0.125
-0.37731 0.140625

0.608694 0.25
0.609375 0.25049

0.609375 0.250571
0.625 0.257563

0.625 0.256809
0.640625 0.257352

0.640625 0.256696
0.65625 0.253608

0.65625 0.253002
0.666917 0.25

0.778663 0
0.777138 0.015625

-0.377519 0.140625
-0.375 0.146096

-0.369367 0
-0.361226 0.015625

0.777649 0.015625
0.776909 0.03125

0.777139 0.03125
0.775699 0.046875

0.775977 0.046875
0.77282 0.0625

-0.359375 0.0267295
-0.362524 0.03125

-0.35614 0.015625
-0.358758 0.03125

0.8125 0.0518731
0.80836 0.0625

0.765625 0.0797407
0.758383 0.09375

-0.375 0.0383416
-0.359375 0.0329284

-0.359375 0.0330542
-0.357941 0.03125

0.773027 0.0625
0.767181 0.078125

0.765625 0.0806471
0.766578 0.078125

-0.3125 0.0615374
-0.313366 0.0625

-0.3125 0.0640774
-0.318744 0.078125

0.756144 0.09375
0.751771 0.109375

0.75 0.115608
0.758591 0.125

-0.316305 0.078125
-0.313273 0.09375

-0.312743 0.09375
-0.3125 0.0945409

0.78125 0.117904
0.767785 0.125

0.796875 0.0890515
0.795202 0.09375

-0.305759 0
-0.296875 0.00893948

-0.296875 0.00886798
-0.28951 0.015625

-0.289274 0.015625
-0.28125 0.0226362

-0.3125 0.0606384
-0.296875 0.0563675

0.807972 0.0625
0.801611 0.078125

0.796875 0.0910588
0.801226 0.078125

-0.296875 0.0580178
-0.28986 0.0625

-0.28125 0.022845
-0.271188 0.03125

-0.271129 0.03125
-0.265625 0.0357192

-0.265625 0.035865
-0.25161 0.046875

0.79503 0.09375
0.785649 0.109375

0.78125 0.11623
0.786606 0.109375

-0.251641 0.046875
-0.25 0.0481273

-0.293902 0.0625
-0.28125 0.075482

0.8125 0.120772
0.810897 0.125

0.821454 0
0.821138 0.015625

0.821384 0.015625
0.819218 0.03125

0.819099 0.03125
0.81483 0.046875

0.8125 0.0545787
0.814204 0.046875

0.84375 0.0588757
0.841573 0.0625

0.875 0.00359535
0.870452 0.015625

0.870359 0.015625
0.862304 0.03125

0.859375 0.0356588
0.852463 0.046875

0.84375 0.0599958
0.852267 0.046875

0.859375 0.0357588
0.862117 0.03125

0.828125 0.0864956
0.825694 0.09375

0.841472 0.0625
0.832538 0.078125

0.828125 0.087045
0.832419 0.078125

0.825148 0.09375
0.818778 0.109375

0.8125 0.122413
0.819217 0.109375

0.760224 0.125
0.765625 0.127254

0.765625 0.127256
0.772194 0.125

0.765625 0.18652
0.76467 0.1875

0.78125 0.169186
0.77906 0.171875

0.765625 0.186415
0.778862 0.171875

0.796875 0.147716
0.791292 0.15625

0.810266 0.125
0.801461 0.140625

0.796875 0.147317
0.801314 0.140625

0.78125 0.168689
0.791009 0.15625

0.75 0.20143
0.764574 0.1875

0.875 0.00354566
0.87634 0

1 -0.286438
1.03125 -0.283001

1.02653 -0.28125
1.03125 -0.280437

-0.311638 0.09375
-0.306836 0.109375

-0.309626 0.109375
-0.300743 0.125

-0.28125 0.0763447
-0.280154 0.078125

-0.28125 0.0784924
-0.272628 0.09375

-0.271423 0.09375
-0.266146 0.109375

-0.265625 0.116308
-0.271012 0.125

-0.265625 0.117667
-0.26322 0.109375

1.03125 -0.281853
1.03643 -0.28125

1.03171 -0.28125
1.04688 -0.278864

1.04688 -0.279379
1.0625 -0.278262

-0.375 0.145806
-0.37019 0.15625

-0.369989 0.15625
-0.36424 0.171875

-0.364079 0.171875
-0.360594 0.1875

-0.330359 0.125
-0.333945 0.140625

-0.337166 0.140625
-0.328125 0.145163

-0.328125 0.130162
-0.3125 0.132691

-0.328125 0.142657
-0.321657 0.140625

1.0625 -0.278465
1.07812 -0.27745

1.07812 -0.277529
1.09375 -0.276051

1.09375 -0.275914
1.10938 -0.274089

-0.360792 0.1875
-0.3595 0.203125

-0.360081 0.203125
-0.359503 0.21875

-0.359375 0.212976
-0.359161 0.21875

-0.361325 0.21875
-0.359375 0.225935

1.10938 -0.274005
1.125 -0.272275

1.125 -0.272215
1.14062 -0.270866

1.14062 -0.270867
1.15625 -0.270017

-0.359375 0.224684
-0.356682 0.234375

-0.358296 0.234375
-0.344246 0.25

1.15625 -0.270064
1.17188 -0.26962

1.17188 -0.269661
1.1875 -0.269446

-0.34375 0.248117
-0.340382 0.25

1.1875 -0.269466
1.20312 -0.269358

1.20312 -0.269366
1.21875 -0.26931

-0.305209 0.125
-0.296875 0.128851

-0.296875 0.128701
-0.28125 0.132626

-0.28125 0.13251
-0.268525 0.125

-0.25 0.145586
-0.256466 0.15625

-0.25736 0.15625
-0.256038 0.171875

-0.255394 0.171875
-0.25 0.179856

1.21875 -0.269331
1.23438 -0.269265

1.23438 -0.269275
1.25 -0.269137

-0.489967 0.25
-0.484375 0.251801

-0.484375 0.25068
-0.482574 0.25

1 -0.23811
1.01562 -0.23493

1.01562 -0.235594
1.03125 -0.234452

-0.4375 0.257284
-0.452541 0.265625

-0.446283 0.265625
-0.451316 0.28125

1.03125 -0.234607
1.03605 -0.234375

1.03622 -0.234375
1.04688 -0.23386

-0.444235 0.28125
-0.4375 0.291579

-0.4375 0.261369
-0.421875 0.265334

1.04688 -0.233906
1.0625 -0.23312

1 -0.141928
1.01562 -0.14124

-0.4375 0.267373
-0.427329 0.265625

-0.421875 0.270285
-0.40625 0.277448

-0.4375 0.292125
-0.427653 0.296875

-0.429874 0.296875
-0.421875 0.300282

1.01562 -0.141159
1.03125 -0.141094

1.03125 -0.140982
1.04688 -0.141925

1.04688 -0.141585
1.0625 -0.14444

1.0625 -0.233332
1.07812 -0.231995

1.07812 -0.231999
1.09375 -0.229681

1.09375 -0.229366
1.10938 -0.226688

1.10938 -0.226621
1.125 -0.224346

-0.40625 0.295744
-0.408936 0.296875

-0.421875 0.296997
-0.419748 0.296875

1.125 -0.189057
1.12089 -0.1875

1.09375 -0.164209
1.08519 -0.15625

-0.40625 0.275594
-0.390625 0.279066

-0.390625 0.278037
-0.375 0.279373

1.0625 -0.143819
1.07812 -0.150505

1.07812 -0.149399
1.08745 -0.15625

1.10938 -0.183468
1.09677 -0.171875

1.09375 -0.163893
1.10064 -0.171875

1.10938 -0.182828
1.12012 -0.1875

-0.390625 0.290676
-0.402784 0.296875

1.125 -0.224365
1.14062 -0.222591

1.14062 -0.222607
1.15625 -0.221267

-0.390625 0.294092
-0.375 0.295255

-0.375 0.280327
-0.359375 0.281116

1.125 -0.188114
1.14062 -0.188646

1.14062 -0.188234
1.14622 -0.1875

1.15625 -0.221276
1.17188 -0.220323

-0.344174 0.25
-0.34375 0.250289

-0.375 0.293974
-0.371108 0.296875

1.17188 -0.220363
1.1875 -0.219699

1.14568 -0.1875
1.15625 -0.186112

-0.359375 0.282557
-0.356597 0.28125

-0.359375 0.296932
-0.34375 0.298031

-0.340852 0.25
-0.328125 0.256773

1.15625 -0.185918
1.17188 -0.182637

1.17188 -0.182484
1.1875 -0.178717

-0.328125 0.25569
-0.3125 0.261369

-0.338544 0.28125
-0.328125 0.282838

-0.34375 0.298642
-0.328125 0.299593

1.1875 -0.219745
1.20312 -0.219195

1.20312 -0.219237
1.21521 -0.21875

-0.328125 0.281321
-0.3125 0.285543

-0.328125 0.300075
-0.3125 0.300551

1.21642 -0.21875
1.21875 -0.218656

1.21875 -0.218662
1.23438 -0.217759

1.23438 -0.217784
1.25 -0.216467

1.1875 -0.178592
1.20312 -0.174895

1.20312 -0.174688
1.21791 -0.171875

1.22082 -0.171875
1.23438 -0.169389

-0.3125 0.261837
-0.298295 0.265625

-0.297204 0.265625
-0.296875 0.266752

-0.296875 0.266092
-0.28125 0.267635

-0.3125 0.285124
-0.296875 0.284478

-0.3125 0.301207
-0.296875 0.301697

-0.296875 0.286362
-0.28125 0.283397

-0.296875 0.301467
-0.28125 0.302162

-0.28125 0.264001
-0.265625 0.2621

-0.265625 0.262041
-0.25 0.263109

-0.25 0.277932
-0.254577 0.28125

-0.28125 0.285256
-0.266826 0.28125

-0.28125 0.300628
-0.265625 0.301651

-0.265625 0.283728
-0.25842 0.28125

-0.265625 0.300573
-0.25 0.301035

-0.25 0.0481414
-0.234375 0.0596185

-0.234375 0.0598599
-0.230393 0.0625

1.23438 -0.169191
1.25 -0.16576

-0.230209 0.0625
-0.21875 0.0701179

-0.21875 0.0702409
-0.204778 0.078125

-0.204894 0.078125
-0.203125 0.0791039

-0.203125 0.0791596
-0.1875 0.0860209

-0.1875 0.086113
-0.171875 0.0906431

1.25 -0.269135
1.26562 -0.268908

1.26562 -0.268898
1.28125 -0.268606

1.28125 -0.268602
1.29688 -0.268271

-0.171875 0.0906701
-0.15625 0.0926306

-0.15625 0.092596
-0.140625 0.092002

1.29688 -0.268272
1.3125 -0.267907

1.3125 -0.2679
1.32812 -0.267512

-0.140625 0.0918677
-0.125 0.0890568

-0.234375 0.139027
-0.241134 0.140625

1.32812 -0.267509
1.34375 -0.267118

1.34375 -0.267101
1.35938 -0.266744

-0.25 0.144649
-0.242582 0.140625

-0.234375 0.138511
-0.22993 0.140625

-0.232923 0.140625
-0.21875 0.153176

-0.25 0.177403
-0.241422 0.1875

1.35938 -0.266826
1.375 -0.266374

1.375 -0.266584
1.38816 -0.265625

1.38864 -0.265625
1.39062 -0.26548

1.39129 -0.265625
1.40625 -0.262908

1.40625 -0.2617
1.4375 -0.25628

1.4375 -0.256025
1.46875 -0.252639

1.46875 -0.253147
1.5 -0.25129

1.25 -0.216476
1.26562 -0.214677

-0.21875 0.153373
-0.217066 0.15625

-0.21875 0.161197
-0.210525 0.171875

-0.213234 0.171875
-0.203125 0.180388

-0.203125 0.179249
-0.1875 0.18443

-0.241131 0.1875
-0.234375 0.193068

-0.234375 0.193501
-0.21875 0.20245

-0.218197 0.203125
-0.203125 0.208096

-0.203125 0.207805
-0.1875 0.208762

1.26562 -0.214686
1.28125 -0.212367

1.28125 -0.212386
1.29688 -0.209489

-0.1875 0.182545
-0.171875 0.181816

-0.171875 0.181213
-0.15625 0.179552

1.29688 -0.209427
1.3125 -0.206039

1.25 -0.16563
1.26562 -0.162238

-0.15625 0.179542
-0.140625 0.178176

-0.140625 0.178172
-0.125 0.177028

1.26562 -0.162264
1.28125 -0.159122

1.28125 -0.158997
1.29688 -0.156302

1.29688 -0.156277
1.29704 -0.15625

1.29909 -0.15625
1.3125 -0.154039

1.3125 -0.205973
1.32419 -0.203125

1.32624 -0.203125
1.32812 -0.202667

-0.1875 0.208179
-0.171875 0.206695

-0.171875 0.206282
-0.15625 0.204347

1.32812 -0.202649
1.34375 -0.197586

1.34375 -0.197259
1.35938 -0.190813

-0.15625 0.204119
-0.142359 0.203125

-0.140625 0.202711
-0.132108 0.203125

1.35938 -0.190635
1.36563 -0.1875

1.3125 -0.154358
1.32812 -0.150636

-0.140625 0.203388
-0.132699 0.203125

-0.125 0.088827
-0.109375 0.0845273

-0.109375 0.0843319
-0.09375 0.0793937

-0.078125 0.0741556
-0.089724 0.078125

-0.09375 0.0793879
-0.0900598 0.078125

1.32812 -0.150564
1.34375 -0.145148

1.36751 -0.1875
1.375 -0.183742

1.34375 -0.144853
1.35362 -0.140625

1.35472 -0.140625
1.35938 -0.138633

-0.078125 0.0748995
-0.0625 0.0674376

-0.0352678 0
-0.0365824 0.015625

-0.0359746 0.015625
-0.0376762 0.03125

-0.046875 0.0547428
-0.0543846 0.0625

-0.0367624 0.03125
-0.0418945 0.046875

1.35938 -0.138558
1.375 -0.130381

-0.046875 0.0554457
-0.0408602 0.046875

-0.0625 0.067801
-0.0551843 0.0625

-0.125 0.176051
-0.109375 0.176557

-0.109375 0.174442
-0.09375 0.177706

-0.09375 0.175599
-0.078125 0.178653

1.375 -0.183538
1.39062 -0.173197

1.39062 -0.173081
1.39217 -0.171875

-0.0625 0.171772
-0.0628583 0.171875

-0.078125 0.178882
-0.0625 0.171928

1.39298 -0.171875
1.40625 -0.159181

1.375 -0.129264
1.38307 -0.125

-0.109375 0.201885
-0.124344 0.203125

-0.125 0.203162
-0.124559 0.203125

1.40625 -0.159168
1.40874 -0.15625

1.40784 -0.15625
1.4199 -0.140625

-0.109375 0.202626
-0.09375 0.198323

-0.09375 0.1991
-0.078125 0.194552

1.42188 -0.12682
1.42169 -0.125

1.42388 -0.140625
1.42657 -0.125

-0.078125 0.193301
-0.0625 0.194094

1.38379 -0.125
1.39062 -0.121385

1.39062 -0.120752
1.40625 -0.115144

1.40625 -0.10977
1.42188 -0.118394

1.42188 -0.114646
1.42816 -0.125

-0.046875 0.16439
-0.062328 0.171875

-0.0625 0.171951
-0.0624806 0.171875

-0.046875 0.164116
-0.03125 0.156418

-0.015625 0.149056
-0.0307099 0.15625

-0.015625 0.149681
0 0.141046

-0.03125 0.156337
-0.0310686 0.15625

-0.0625 0.192252
-0.046875 0.194071

-0.046875 0.192332
-0.03125 0.195279

-0.03125 0.194136
-0.0165393 0.203125

-0.0183476 0.203125
-0.015625 0.204997

-0.015625 0.203986
-0.00324555 0.21875

-0.00340496 0.21875
0 0.22898

-0.25 0.263804
-0.234375 0.26328

-0.25 0.27862
-0.234375 0.280592

-0.234375 0.262386
-0.21875 0.261243

-0.234375 0.280347
-0.227545 0.28125

-0.25 0.300411
-0.234375 0.300018

-0.226263 0.28125
-0.21875 0.283294

-0.234375 0.300491
-0.21875 0.299491

-0.21875 0.25621
-0.203423 0.265625

-0.203143 0.265625
-0.208047 0.28125

-0.203125 0.264825
-0.202653 0.265625

-0.203125 0.268398
-0.202783 0.265625

-0.21875 0.291599
-0.214144 0.296875

-0.21875 0.299485
-0.203125 0.298499

-0.203125 0.298146
-0.1875 0.297529

-0.1875 0.297582
-0.171875 0.297186

-0.171875 0.297172
-0.15625 0.296919

-0.140625 0.296799
-0.145892 0.296875

-0.15625 0.296957
-0.150541 0.296875

-0.140625 0.296781
-0.125 0.296409

-0.125 0.296374
-0.109375 0.295891

-0.109375 0.295854
-0.09375 0.295403

-0.09375 0.295347
-0.078125 0.295111

-0.078125 0.295052
-0.0625 0.295262

-0.0625 0.295296
-0.046875 0.296003

-0.046875 0.2964
-0.03125 0.296741

0 0.277818
-0.0010807 0.28125

-0.015625 0.294744
-0.0235872 0.296875

-0.015625 0.295657
-0.00028012 0.28125

