-4 4.6216e-07
-3.5 1.04416e-05

-3.5 7.58558e-06
-3.25 1.37177e-05

-3.25 1.6376e-05
-3.125 2.11205e-05

-3.125 2.33857e-05
-3.0625 2.33966e-05

-3.0625 2.12132e-05
-3.03125 1.93352e-05

0 -1.99199e-06
0.015625 -2.08037e-06

0.015625 -2.07993e-06
0.03125 -2.17272e-06

0.03125 -2.17314e-06
0.046875 -2.27037e-06

0.046875 -2.27015e-06
0.0625 -2.37141e-06

0.0625 -2.37181e-06
0.078125 -2.47671e-06

0.078125 -2.47675e-06
0.09375 -2.58441e-06

1.5 -1.05104e-05
1.51562 -1.08311e-05

-1.5 8.98369e-06
-1.48438 8.75386e-06

-1.48438 8.75181e-06
-1.46875 8.53223e-06

-1.46875 8.53574e-06
-1.45312 8.32348e-06

-1.45312 8.32051e-06
-1.4375 8.1145e-06

-1.4375 8.1195e-06
-1.42188 7.91568e-06

-1.42188 7.91186e-06
-1.40625 7.70789e-06

-1.40625 7.71343e-06
-1.39062 7.50591e-06

-1.39062 7.5016e-06
-1.375 7.28809e-06

-1.375 7.29252e-06
-1.35938 7.07277e-06

-1.35938 7.06868e-06
-1.34375 6.84203e-06

-1.34375 6.84491e-06
-1.32812 6.61377e-06

-1.32812 6.61046e-06
-1.3125 6.3757e-06

-1.3125 6.37721e-06
-1.29688 6.14242e-06

-1.29688 6.14004e-06
-1.28125 5.90697e-06

-1.28125 5.90775e-06
-1.26562 5.67962e-06

-1.26562 5.67826e-06
-1.25 5.45622e-06

-1.25 5.45678e-06
-1.23438 5.24242e-06

-1.23438 5.242e-06
-1.21875 5.03503e-06

1.51562 -1.08362e-05
1.53125 -1.12017e-05

0.09375 -2.58478e-06
0.109375 -2.69438e-06

0.109375 -2.69463e-06
0.125 -2.80492e-06

0.125 -2.80541e-06
0.140625 -2.91491e-06

0.140625 -2.91538e-06
0.15625 -3.02215e-06

0.15625 -3.02287e-06
0.171875 -3.12456e-06

0.171875 -3.12529e-06
0.1875 -3.21903e-06

0.1875 -3.22005e-06
0.203125 -3.30236e-06

-3.03125 3.50431e-06
-3 3.57717e-05

1.53125 -1.12002e-05
1.54688 -1.16036e-05

-1.21875 5.03572e-06
-1.20312 4.83557e-06

-1.20312 4.83595e-06
-1.1875 4.64049e-06

-1.1875 4.6415e-06
-1.17188 4.44797e-06

-1.17188 4.44894e-06
-1.15625 4.25338e-06

-1.15625 4.25475e-06
-1.14062 4.05251e-06

-1.14062 4.05374e-06
-1.125 3.83963e-06

-1.125 3.84121e-06
-1.10938 3.60964e-06

-1.10938 3.61061e-06
-1.09375 3.35647e-06

-1.09375 3.35799e-06
-1.07812 3.07627e-06

-1.07812 3.07646e-06
-1.0625 2.76373e-06

-1.0625 2.7649e-06
-1.04688 2.41843e-06

-3 1.24853e-05
-2.98438 6.42564e-05

-1.04688 2.41746e-06
-1.03125 2.03684e-06

0.203125 -3.30337e-06
0.21875 -3.3702e-06

-1.03125 2.03738e-06
-1.01562 1.62344e-06

-2.98438 0.000105604
-2.96875 0.000156891

-1.01562 1.6217e-06
-1 1.17687e-06

-2.96875 0.000142684
-2.95312 0.000139207

-2.95312 0.000133474
-2.9375 0.000115111

0.21875 -3.37157e-06
0.234375 -3.41815e-06

0.234375 -3.41942e-06
0.25 -3.44046e-06

-2.9375 0.000113055
-2.92188 9.53844e-05

0.25 -3.44219e-06
0.265625 -3.43168e-06

-2.92188 9.53375e-05
-2.90625 8.25672e-05

-2.90625 8.2681e-05
-2.89062 7.4677e-05

-2.89062 7.60311e-05
-2.875 6.98574e-05

-2.875 6.88413e-05
-2.85938 6.3822e-05

-2.85938 6.50018e-05
-2.84375 6.08094e-05

-2.84375 6.02805e-05
-2.82812 5.56131e-05

-2.82812 5.54956e-05
-2.8125 5.1646e-05

-2.8125 5.18988e-05
-2.79688 4.85964e-05

-2.79688 4.81032e-05
-2.78125 4.58285e-05

0.265625 -3.43308e-06
0.28125 -3.38474e-06

-2.78125 4.66026e-05
-2.76562 4.47938e-05

-2.76562 4.41087e-05
-2.75 4.25875e-05

-0.953125 -3.05822e-07
-0.9375 -8.27968e-07

0.28125 -3.38667e-06
0.296875 -3.29381e-06

0.296875 -3.29511e-06
0.3125 -3.15128e-06

-2.75 4.32868e-05
-2.73438 4.20247e-05

0.3125 -3.15298e-06
0.328125 -2.95216e-06

1.54688 -1.16082e-05
1.5625 -1.20432e-05

-0.9375 -8.29134e-07
-0.921875 -1.35627e-06

1.5625 -1.20431e-05
1.57812 -1.25006e-05

-0.921875 -1.3577e-06
-0.90625 -1.88465e-06

0.328125 -2.95304e-06
0.34375 -2.69006e-06

0.34375 -2.69073e-06
0.359375 -2.36247e-06

0.359375 -2.36272e-06
0.375 -1.96733e-06

0.375 -1.96597e-06
0.390625 -1.50565e-06

0.390625 -1.50527e-06
0.40625 -9.83528e-07

0.40625 -9.79119e-07
0.421875 -4.05555e-07

-2.73438 4.15659e-05
-2.71875 4.00821e-05

-2.71875 4.04441e-05
-2.70312 3.89325e-05

-2.70312 3.8595e-05
-2.6875 3.70064e-05

-2.6875 3.72127e-05
-2.67188 3.58096e-05

-2.67188 3.56124e-05
-2.65625 3.43765e-05

-2.65625 3.45509e-05
-2.64062 3.35278e-05

-2.64062 3.34344e-05
-2.625 3.24619e-05

1.57812 -1.2505e-05
1.59375 -1.29764e-05

0.4375 2.17123e-07
0.453125 8.65992e-07

0.453125 8.66625e-07
0.46875 1.53432e-06

-2.625 3.25215e-05
-2.60938 3.1667e-05

-2.60938 3.16531e-05
-2.59375 3.0825e-05

-2.59375 3.08308e-05
-2.57812 3.00453e-05

-0.90625 -1.88611e-06
-0.890625 -2.40709e-06

-0.890625 -2.40808e-06
-0.875 -2.91818e-06

-0.875 -2.91966e-06
-0.859375 -3.41396e-06

-0.859375 -3.41471e-06
-0.84375 -3.88874e-06

0.46875 1.54085e-06
0.484375 2.21303e-06

0.484375 2.21306e-06
0.5 2.87662e-06

-2.57812 3.00595e-05
-2.5625 2.92765e-05

-2.5625 2.92798e-05
-2.54688 2.84644e-05

-2.54688 2.84294e-05
-2.53125 2.76448e-05

-2.53125 2.76675e-05
-2.51562 2.69386e-05

-2.51562 2.68882e-05
-2.5 2.62702e-05

0.96875 -4.25294e-07
0.984375 -1.03919e-06

0.984375 -1.03922e-06
1 -1.63321e-06

0.5 2.88223e-06
0.515625 3.52588e-06

0.515625 3.52571e-06
0.53125 4.13855e-06

0.53125 4.14263e-06
0.546875 4.71684e-06

0.546875 4.71666e-06
0.5625 5.24442e-06

0.5625 5.24702e-06
0.578125 5.72346e-06

0.578125 5.72336e-06
0.59375 6.14349e-06

0.59375 6.14499e-06
0.609375 6.506e-06

0.609375 6.50598e-06
0.625 6.80494e-06

0.625 6.80572e-06
0.640625 7.04112e-06

0.640625 7.04109e-06
0.65625 7.21142e-06

0.65625 7.21173e-06
0.671875 7.31642e-06

0.671875 7.31628e-06
0.6875 7.35499e-06

0.6875 7.35492e-06
0.703125 7.32806e-06

0.703125 7.32772e-06
0.71875 7.23609e-06

0.71875 7.23568e-06
0.734375 7.08078e-06

0.734375 7.0802e-06
0.75 6.864e-06

-0.84375 -3.89007e-06
-0.828125 -4.33968e-06

-0.828125 -4.34033e-06
-0.8125 -4.76159e-06

-0.8125 -4.76269e-06
-0.796875 -5.15209e-06

0.75 6.86328e-06
0.765625 6.58841e-06

0.765625 6.5876e-06
0.78125 6.25712e-06

0.78125 6.25612e-06
0.796875 5.87363e-06

0.796875 5.87265e-06
0.8125 5.4421e-06

0.8125 5.44086e-06
0.828125 4.96665e-06

0.828125 4.96558e-06
0.84375 4.45231e-06

0.84375 4.45084e-06
0.859375 3.90357e-06

0.859375 3.90247e-06
0.875 3.32633e-06

0.875 3.3246e-06
0.890625 2.72522e-06

-2.5 2.63097e-05
-2.48438 2.58246e-05

0.890625 2.72417e-06
0.90625 2.10712e-06

-0.796875 -5.15267e-06
-0.78125 -5.50685e-06

1.59375 -1.2977e-05
1.60938 -1.34522e-05

-0.78125 -5.5077e-06
-0.765625 -5.82377e-06

-0.765625 -5.82426e-06
-0.75 -6.09955e-06

-2.48438 2.57887e-05
-2.46875 2.54294e-05

-2.46875 2.54752e-05
-2.45312 2.5222e-05

-0.75 -6.10015e-06
-0.734375 -6.33251e-06

-0.734375 -6.33283e-06
-0.71875 -6.52043e-06

-0.71875 -6.52075e-06
-0.703125 -6.66229e-06

-0.703125 -6.6624e-06
-0.6875 -6.75704e-06

-0.6875 -6.75707e-06
-0.671875 -6.80453e-06

-0.671875 -6.8044e-06
-0.65625 -6.80489e-06

-0.65625 -6.80462e-06
-0.640625 -6.75894e-06

-0.640625 -6.75856e-06
-0.625 -6.66801e-06

-2.45312 2.5208e-05
-2.4375 2.49972e-05

-0.625 -6.66742e-06
-0.609375 -6.53394e-06

-2.4375 2.5012e-05
-2.42188 2.48419e-05

-0.609375 -6.53334e-06
-0.59375 -6.35932e-06

-2.42188 2.48484e-05
-2.40625 2.46766e-05

1.60938 -1.34561e-05
1.625 -1.39259e-05

-0.59375 -6.35833e-06
-0.578125 -6.14696e-06

1.625 -1.39267e-05
1.64062 -1.43814e-05

1.64062 -1.43843e-05
1.65625 -1.48167e-05

0.90625 2.10509e-06
0.921875 1.47655e-06

-2.40625 2.46702e-05
-2.39062 2.44966e-05

1.65625 -1.48176e-05
1.67188 -1.522e-05

-2.39062 2.45148e-05
-2.375 2.4316e-05

-0.578125 -6.14619e-06
-0.5625 -5.90099e-06

0.921875 1.47564e-06
0.9375 8.41505e-07

1.67188 -1.52211e-05
1.6875 -1.55896e-05

0.9375 8.39294e-07
0.953125 2.05799e-07

1.6875 -1.55914e-05
1.70312 -1.59204e-05

-2.375 2.43064e-05
-2.35938 2.40652e-05

1.70312 -1.59196e-05
1.71875 -1.62071e-05

1.71875 -1.62113e-05
1.73438 -1.64503e-05

-0.5625 -5.89947e-06
-0.546875 -5.62502e-06

1.73438 -1.64476e-05
1.75 -1.6635e-05

1 -1.63558e-06
1.01562 -2.20486e-06

-0.546875 -5.62422e-06
-0.53125 -5.32516e-06

1.01562 -2.20447e-06
1.03125 -2.74505e-06

1.03125 -2.74668e-06
1.04688 -3.25606e-06

1.04688 -3.25503e-06
1.0625 -3.73201e-06

-0.53125 -5.32296e-06
-0.515625 -5.00531e-06

1.0625 -3.73267e-06
1.07812 -4.17799e-06

1.75 -1.66425e-05
1.76562 -1.67684e-05

-2.35938 2.40799e-05
-2.34375 2.37859e-05

1.76562 -1.67636e-05
1.78125 -1.68225e-05

1.07812 -4.17644e-06
1.09375 -4.5919e-06

-0.515625 -5.00473e-06
-0.5 -4.67404e-06

-1 1.17671e-06
-0.984375 7.04751e-07

-0.984375 7.02646e-07
-0.96875 2.08075e-07

1.09375 -4.59173e-06
1.10938 -4.98075e-06

-2.34375 2.3781e-05
-2.32812 2.34148e-05

-2.32812 2.341e-05
-2.3125 2.29913e-05

-2.3125 2.29934e-05
-2.29688 2.25275e-05

-2.29688 2.25106e-05
-2.28125 2.20272e-05

-2.28125 2.20367e-05
-2.26562 2.15504e-05

-2.26562 2.15303e-05
-2.25 2.10622e-05

-0.5 -4.67111e-06
-0.484375 -4.33439e-06

-2.25 2.10792e-05
-2.23438 2.06355e-05

-2.23438 2.06167e-05
-2.21875 2.02013e-05

-2.21875 2.02227e-05
-2.20312 1.98305e-05

-0.484375 -4.33436e-06
-0.46875 -3.99752e-06

-0.46875 -3.99406e-06
-0.453125 -3.66408e-06

1.10938 -4.979e-06
1.125 -5.3454e-06

-2.20312 1.98151e-05
-2.1875 1.94341e-05

1.78125 -1.68313e-05
1.79688 -1.68152e-05

-0.453125 -3.66482e-06
-0.4375 -3.34714e-06

1.79688 -1.68085e-05
1.8125 -1.67131e-05

-0.4375 -3.34365e-06
-0.421875 -3.04379e-06

1.125 -5.34491e-06
1.14062 -5.69318e-06

-2.1875 1.94489e-05
-2.17188 1.90802e-05

1.14062 -5.6916e-06
1.15625 -6.02587e-06

1.8125 -1.67171e-05
1.82812 -1.65476e-05

1.15625 -6.02555e-06
1.17188 -6.34965e-06

1.82812 -1.65412e-05
1.84375 -1.63025e-05

-2.17188 1.90702e-05
-2.15625 1.8704e-05

1.84375 -1.62944e-05
1.85938 -1.60155e-05

-2.15625 1.87115e-05
-2.14062 1.83528e-05

1.85938 -1.60133e-05
1.875 -1.57147e-05

1.17188 -6.34855e-06
1.1875 -6.66532e-06

-0.421875 -3.04521e-06
-0.40625 -2.76729e-06

1.875 -1.56939e-05
1.89062 -1.54214e-05

1.1875 -6.6656e-06
1.20312 -6.97665e-06

-2.14062 1.83483e-05
-2.125 1.79912e-05

1.20312 -6.97616e-06
1.21875 -7.2819e-06

1.89062 -1.5427e-05
1.90625 -1.5211e-05

1.21875 -7.28304e-06
1.23438 -7.58219e-06

1.90625 -1.51884e-05
1.92188 -1.50632e-05

1.92188 -1.50752e-05
1.9375 -1.50624e-05

-0.40625 -2.76441e-06
-0.390625 -2.51133e-06

1.9375 -1.50451e-05
1.95312 -1.51553e-05

-2.125 1.79954e-05
-2.10938 1.76404e-05

1.95312 -1.51692e-05
1.96875 -1.54092e-05

-0.390625 -2.51308e-06
-0.375 -2.28708e-06

1.96875 -1.54002e-05
1.98438 -1.57601e-05

-0.375 -2.2852e-06
-0.359375 -2.08654e-06

1.98438 -1.57729e-05
2 -1.62451e-05

1.23438 -7.58221e-06
1.25 -7.87245e-06

-0.359375 -2.08823e-06
-0.34375 -1.91726e-06

-0.34375 -1.91636e-06
-0.328125 -1.77152e-06

-0.328125 -1.77293e-06
-0.3125 -1.65321e-06

-2.10938 1.76393e-05
-2.09375 1.72799e-05

-0.3125 -1.65299e-06
-0.296875 -1.556e-06

1.25 -7.87438e-06
1.26562 -8.1518e-06

-0.296875 -1.55707e-06
-0.28125 -1.48111e-06

-2.09375 1.72834e-05
-2.07812 1.69147e-05

2 -1.62439e-05
2.01562 -1.68053e-05

-0.28125 -1.48127e-06
-0.265625 -1.42389e-06

2.01562 -1.68149e-05
2.03125 -1.74488e-05

1.26562 -8.15213e-06
1.28125 -8.41221e-06

2.03125 -1.74528e-05
2.04688 -1.8132e-05

1.28125 -8.41432e-06
1.29688 -8.65217e-06

-0.265625 -1.42465e-06
-0.25 -1.38402e-06

-2.07812 1.69137e-05
-2.0625 1.65306e-05

-0.25 -1.38431e-06
-0.234375 -1.35832e-06

-2.0625 1.65328e-05
-2.04688 1.61328e-05

1.29688 -8.65262e-06
1.3125 -8.86311e-06

-2.04688 1.6129e-05
-2.03125 1.57151e-05

-2.03125 1.57152e-05
-2.01562 1.52949e-05

1.3125 -8.864e-06
1.32812 -9.04441e-06

2.04688 -1.81362e-05
2.0625 -1.8844e-05

-0.234375 -1.35883e-06
-0.21875 -1.34587e-06

-0.21875 -1.34617e-06
-0.203125 -1.3446e-06

1.32812 -9.04503e-06
1.34375 -9.19233e-06

2.0625 -1.88512e-05
2.07812 -1.95647e-05

1.34375 -9.19002e-06
1.35938 -9.3076e-06

2.07812 -1.95625e-05
2.09375 -2.02713e-05

-2.01562 1.52891e-05
-2 1.48739e-05

1.35938 -9.30858e-06
1.375 -9.39909e-06

-0.203125 -1.34492e-06
-0.1875 -1.35348e-06

-0.1875 -1.35374e-06
-0.171875 -1.37126e-06

1.375 -9.39233e-06
1.39062 -9.46736e-06

2.09375 -2.02816e-05
2.10938 -2.09696e-05

-0.171875 -1.37145e-06
-0.15625 -1.39706e-06

2.10938 -2.09643e-05
2.125 -2.16215e-05

-2 1.48739e-05
-1.98438 1.44751e-05

1.39062 -9.46954e-06
1.40625 -9.53826e-06

2.125 -2.16315e-05
2.14062 -2.22484e-05

1.40625 -9.52804e-06
1.42188 -9.60652e-06

2.14062 -2.22451e-05
2.15625 -2.28086e-05

1.42188 -9.61054e-06
1.4375 -9.71116e-06

-1.98438 1.44688e-05
-1.96875 1.40989e-05

1.4375 -9.70132e-06
1.45312 -9.83569e-06

2.15625 -2.28074e-05
2.17188 -2.33267e-05

1.45312 -9.84094e-06
1.46875 -1.00183e-05

1.46875 -1.00112e-05
1.48438 -1.02351e-05

-1.96875 1.41021e-05
-1.95312 1.37675e-05

-1.95312 1.37604e-05
-1.9375 1.34688e-05

-1.9375 1.34774e-05
-1.92188 1.32259e-05

-1.92188 1.32165e-05
-1.90625 1.30069e-05

-1.90625 1.30212e-05
-1.89062 1.28437e-05

-0.15625 -1.39726e-06
-0.140625 -1.43018e-06

1.48438 -1.02405e-05
1.5 -1.05143e-05

2.17188 -2.33313e-05
2.1875 -2.37995e-05

-1.89062 1.28308e-05
-1.875 1.26828e-05

2.1875 -2.3772e-05
2.20312 -2.42346e-05

-0.140625 -1.43026e-06
-0.125 -1.46991e-06

-1.875 1.27006e-05
-1.85938 1.25725e-05

-1.85938 1.25573e-05
-1.84375 1.24437e-05

-0.125 -1.47008e-06
-0.109375 -1.51598e-06

-0.109375 -1.51597e-06
-0.09375 -1.5678e-06

-0.09375 -1.56797e-06
-0.078125 -1.6254e-06

-0.078125 -1.62528e-06
-0.0625 -1.68822e-06

-0.0625 -1.68851e-06
-0.046875 -1.75661e-06

-0.046875 -1.75632e-06
-0.03125 -1.8296e-06

-0.03125 -1.82996e-06
-0.015625 -1.90827e-06

-0.015625 -1.90781e-06
0 -1.99135e-06

2.20312 -2.42545e-05
2.21875 -2.47265e-05

2.21875 -2.46722e-05
2.23438 -2.52223e-05

-1.84375 1.24601e-05
-1.82812 1.23586e-05

-1.82812 1.23449e-05
-1.8125 1.225e-05

2.23438 -2.52628e-05
2.25 -2.59186e-05

2.25 -2.58662e-05
2.26562 -2.66513e-05

2.26562 -2.67067e-05
2.28125 -2.76149e-05

2.28125 -2.75762e-05
2.29688 -2.85738e-05

2.29688 -2.8628e-05
2.3125 -2.96841e-05

2.3125 -2.96637e-05
2.32812 -3.07105e-05

2.32812 -3.07456e-05
2.34375 -3.17537e-05

2.34375 -3.1756e-05
2.35938 -3.26507e-05

2.35938 -3.26541e-05
2.375 -3.3424e-05

-1.8125 1.22621e-05
-1.79688 1.21771e-05

-1.79688 1.21676e-05
-1.78125 1.20871e-05

-1.78125 1.20948e-05
-1.76562 1.20223e-05

-1.76562 1.20177e-05
-1.75 1.1947e-05

2.375 -3.34465e-05
2.39062 -3.40395e-05

2.39062 -3.40252e-05
2.40625 -3.44249e-05

2.40625 -3.44456e-05
2.42188 -3.46394e-05

2.42188 -3.46259e-05
2.4375 -3.45992e-05

2.4375 -3.4569e-05
2.45312 -3.4409e-05

2.45312 -3.44153e-05
2.46875 -3.41697e-05

2.46875 -3.40671e-05
2.48438 -3.39286e-05

2.48438 -3.39719e-05
2.5 -3.40591e-05

-1.75 1.19515e-05
-1.73438 1.18826e-05

2.5 -3.39885e-05
2.51562 -3.43556e-05

2.51562 -3.441e-05
2.53125 -3.50892e-05

2.53125 -3.50998e-05
2.54688 -3.59611e-05

-1.73438 1.1882e-05
-1.71875 1.18072e-05

-1.71875 1.18095e-05
-1.70312 1.17253e-05

2.54688 -3.59535e-05
2.5625 -3.69911e-05

2.5625 -3.71067e-05
2.57812 -3.81049e-05

-1.70312 1.17269e-05
-1.6875 1.16254e-05

-1.6875 1.16258e-05
-1.67188 1.15028e-05

-1.67188 1.15048e-05
-1.65625 1.13558e-05

-1.65625 1.13543e-05
-1.64062 1.11783e-05

-1.64062 1.11792e-05
-1.625 1.09772e-05

2.57812 -3.79785e-05
2.59375 -3.89592e-05

2.59375 -3.91398e-05
2.60938 -3.99942e-05

-1.625 1.09746e-05
-1.60938 1.07499e-05

-1.60938 1.07497e-05
-1.59375 1.05076e-05

-1.59375 1.05051e-05
-1.57812 1.02511e-05

-1.57812 1.02503e-05
-1.5625 9.99081e-06

-1.5625 9.98922e-06
-1.54688 9.7289e-06

2.60938 -3.98133e-05
2.625 -4.05421e-05

2.625 -4.06846e-05
2.64062 -4.13644e-05

2.64062 -4.11493e-05
2.65625 -4.19253e-05

-1.54688 9.72788e-06
-1.53125 9.47199e-06

-1.53125 9.47183e-06
-1.51562 9.22272e-06

-1.51562 9.22132e-06
-1.5 8.98207e-06

2.65625 -4.20059e-05
2.67188 -4.31473e-05

2.67188 -4.28718e-05
2.6875 -4.47681e-05

2.6875 -4.53293e-05
2.70312 -4.74092e-05

2.70312 -4.69008e-05
2.71875 -4.90589e-05

2.71875 -5.01092e-05
2.73438 -5.12618e-05

2.73438 -5.03739e-05
2.75 -5.0196e-05

2.75 -5.10362e-05
2.76562 -4.96234e-05

2.76562 -4.88162e-05
2.78125 -4.61024e-05

2.78125 -4.54469e-05
2.79688 -4.43576e-05

2.79688 -4.43423e-05
2.8125 -4.62191e-05

2.8125 -4.61535e-05
2.82812 -5.11581e-05

2.82812 -5.17398e-05
2.84375 -5.88401e-05

2.84375 -5.89488e-05
2.85938 -6.67642e-05

2.85938 -6.68399e-05
2.875 -7.50015e-05

2.875 -7.45037e-05
2.89062 -8.3856e-05

2.89062 -8.45348e-05
2.90625 -9.4716e-05

2.90625 -9.13813e-05
2.92188 -0.000107703

2.92188 -0.000111837
2.9375 -0.000132701

2.9375 -0.000133261
2.95312 -0.000149278

2.95312 -0.000157097
2.96875 -0.000151506

2.96875 -0.000159259
2.98438 -0.000100919

2.98438 -6.57697e-05
3 -9.47088e-06

3 -2.65707e-05
3.02286 0

3.03125 -1.08248e-05
3.0625 -1.16149e-05

3.0625 -1.12265e-05
3.125 -1.15212e-05

3.125 -1.14461e-05
3.25 -9.89884e-06

3.25 -8.56235e-06
3.5 -5.62254e-06

3.5 -6.25994e-06
4 -8.90243e-07

