-3.95738 0
-3.5 0.00612089

-3.5 0.00247254
-3.25 0.00729694

-3.25 0.00485759
-3.125 0.0117557

0 -0.300035
0.0044339 -0.296875

0 -0.28689
0.00753036 -0.28125

0.015625 -0.30118
0.0182189 -0.296875

0.00517419 -0.28125
0.015625 -0.273825

0.015625 -0.271643
0.0244889 -0.265625

0.0260343 -0.265625
0.03125 -0.262326

0.03125 -0.264952
0.046875 -0.252866

0.125 -0.312709
0.124791 -0.3125

0.09375 -0.257956
0.0831265 -0.25

0.124789 -0.3125
0.125 -0.312458

0.09375 -0.255604
0.109375 -0.263734

0.125 -0.272646
0.112026 -0.265625

0.109375 -0.26416
0.112082 -0.265625

0.15625 -0.312683
0.156016 -0.3125

0.1875 -0.31289
0.186377 -0.3125

0.140625 -0.296968
0.140532 -0.296875

0.15625 -0.297087
0.155924 -0.296875

0.15625 -0.286652
0.142184 -0.28125

0.125 -0.272785
0.140625 -0.280377

-3.125 0.00609662
-3.0625 0.0155552

-3.0625 0.013348
-3.03125 0.0258913

-3.02544 0.03125
-3 0.048512

0.140625 -0.280256
0.143295 -0.28125

0.171875 -0.298681
0.165553 -0.296875

0.15625 -0.286325
0.171875 -0.290108

-1.5 0.0504255
-1.49423 0.0625

-3 0.0544164
-2.98389 0.0625

-2.98291 0.0625
-2.96875 0.0696018

-1.5 0.0683663
-1.49736 0.0625

-2.96875 0.0661133
-2.9375 0.0731465

-2.9375 0.071733
-2.90625 0.0804491

0.1875 -0.29725
0.184587 -0.296875

0.171875 -0.290025
0.1875 -0.292144

0.1875 -0.29207
0.203125 -0.293147

0.203125 -0.293164
0.21875 -0.293346

0.21875 -0.293356
0.234375 -0.292587

0.234375 -0.292472
0.25 -0.290962

0 -0.235509
0.00247488 -0.234375

0.00483905 -0.234375
0.015625 -0.229759

0.015625 -0.231158
0.03125 -0.223699

0.015625 -0.188256
0.0174484 -0.1875

-2.90625 0.0813277
-2.89062 0.0871382

0.03125 -0.223289
0.0381375 -0.21875

0.046875 -0.248298
0.0625 -0.236922

0.046875 -0.234358
0.0625 -0.234204

0.0392493 -0.21875
0.046875 -0.211383

0.046875 -0.209789
0.0518317 -0.203125

0.0524657 -0.203125
0.0600684 -0.1875

0.00134017 -0.1875
0.00249718 -0.171875

0 -0.157789
0.000932081 -0.15625

0.0157955 -0.1875
0.015625 -0.171875

-1.40625 0.0931557
-1.40691 0.09375

0.002409 -0.15625
0.0119444 -0.140625

-1.40698 0.09375
-1.41224 0.109375

-2.89062 0.0874713
-2.875 0.0923107

0.00846022 -0.140625
0.00157644 -0.125

0.0597675 -0.1875
0.0625 -0.173284

0.0623099 -0.171875
0.0621751 -0.15625

-2.875 0.0928354
-2.87097 0.09375

-2.86551 0.09375
-2.84375 0.0987978

-2.84375 0.100057
-2.8125 0.10306

-2.8125 0.0996928
-2.78125 0.103217

-2.78125 0.103944
-2.76562 0.108317

-2.76562 0.105957
-2.75571 0.109375

0.0614131 -0.15625
0.0607271 -0.140625

0.0605794 -0.140625
0.0612124 -0.125

0.078125 -0.238644
0.0642811 -0.234375

0.0625 -0.231399
0.074143 -0.234375

0.078125 -0.246224
0.0826976 -0.25

0.0625 -0.175546
0.0632049 -0.171875

-2.76562 0.109473
-2.75 0.11486

0.0625 -0.162276
0.0625828 -0.171875

-1.40625 0.118922
-1.4105 0.125

-1.39062 0.0881976
-1.40337 0.09375

0 -0.123515
0.000504235 -0.125

-1.39062 0.0896839
-1.37911 0.09375

-1.40625 0.100464
-1.40057 0.09375

-1.39927 0.109375
-1.4059 0.125

-2.75 0.11419
-2.73438 0.119618

-1.37864 0.09375
-1.375 0.0948966

1.02561 0.03125
1.03125 0.0327715

1.03125 0.0564658
1.0281 0.0625

1.04688 0.0151061
1.04561 0.015625

1.03125 0.0233105
1.04688 0.0166591

0 -0.100565
0.015625 -0.0966125

1.04688 0.013996
1.05189 0.015625

1.05068 0.015625
1.0625 0.0233822

1.03125 0.0396207
1.03441 0.03125

-1.5 0.181928
-1.49728 0.1875

1.03125 0.0523314
1.04688 0.0518589

1.04688 0.0552918
1.0507 0.0625

1 0.0929364
1.01562 0.0903797

1.02719 0.0625
1.02986 0.078125

-2.73438 0.119704
-2.71875 0.124171

1.01562 0.0907235
1.03125 0.0919395

1.02121 0.09375
1.03125 0.100086

1.03125 0.0774301
1.04688 0.0769398

1.03125 0.0836263
1.03778 0.078125

1.05366 0.0625
1.04702 0.078125

1.04688 0.0815138
1.05077 0.078125

1.03125 0.104205
1.03719 0.109375

-2.71875 0.12321
-2.7102 0.125

1.03639 0.109375
1.04688 0.116874

1.04688 0.118091
1.0625 0.118182

1.0625 0.0237796
1.06723 0.03125

1.06305 0.03125
1.07079 0.046875

-2.71875 0.125253
-2.6875 0.129552

1.06791 0.046875
1.07812 0.057767

1.07812 0.0563594
1.09078 0.0625

-1.4375 0.125813
-1.44605 0.140625

1.10938 0.0597296
1.09434 0.0625

0.015625 -0.0962582
0.0190485 -0.09375

1.10938 0.0608135
1.125 0.0478792

1.09086 0.0625
1.09375 0.0634948

-2.6875 0.126298
-2.65625 0.129743

1.07812 0.107476
1.07376 0.109375

-2.65625 0.1306
-2.64062 0.134046

1.0625 0.114646
1.07424 0.109375

0 -0.0933255
0.000832475 -0.09375

1.07812 0.106426
1.09375 0.101792

-2.64062 0.134019
-2.625 0.137532

0.0160131 -0.09375
0.03125 -0.0811376

-1.44087 0.140625
-1.4375 0.151453

0.0287864 -0.078125
0.03125 -0.0701131

-1.49761 0.1875
-1.48649 0.203125

-1.48767 0.203125
-1.48438 0.20674

-1.48438 0.206451
-1.46875 0.218213

-1.46875 0.216993
-1.46341 0.21875

-1.46087 0.21875
-1.45312 0.2213

1.09375 0.0626983
1.09483 0.0625

-2.625 0.137501
-2.61166 0.140625

-2.61214 0.140625
-2.60938 0.141273

-2.60938 0.141208
-2.59375 0.144975

-1.45312 0.220372
-1.4375 0.224864

1.09375 0.101849
1.10938 0.101798

1.10938 0.104074
1.125 0.103941

1.01562 0.20131
1.01345 0.203125

1.0134 0.203125
1.00042 0.21875

1.01562 0.201544
1.03125 0.192779

1.01562 0.203889
1.0168 0.203125

1 0.228316
1.00267 0.21875

1.03125 0.194074
1.04688 0.190686

1.04688 0.190959
1.0625 0.18987

-1.4375 0.13979
-1.42188 0.126539

1.0625 0.189927
1.07812 0.190477

1.07812 0.190624
1.09375 0.192405

1.09375 0.192603
1.10938 0.194924

1.10938 0.195233
1.125 0.197078

0.0613991 -0.125
0.0625 -0.11557

0.03125 -0.0785321
0.0316683 -0.078125

0.0381187 -0.078125
0.0447907 -0.0625

0.046875 -0.0704556
0.0469419 -0.078125

0.015625 -0.0474495
0.0146041 -0.046875

0 -0.0369447
0.015625 -0.0465076

0.015625 -0.0503586
0.03125 -0.0580023

0.015625 -0.046533
0.0166121 -0.046875

0.046875 -0.0585428
0.0338932 -0.046875

-2.59375 0.145068
-2.57812 0.148696

-2.57812 0.148895
-2.5625 0.151802

-2.5625 0.151684
-2.54688 0.153712

-2.54688 0.153715
-2.53125 0.155096

-2.53125 0.154855
-2.51562 0.156065

-2.51562 0.155637
-2.50944 0.15625

-2.51482 0.15625
-2.5 0.157722

1.14062 0.00754877
1.13597 0.015625

-2.5 0.157348
-2.46875 0.162174

-2.46875 0.162827
-2.45312 0.165946

-2.45312 0.166076
-2.4375 0.168336

-2.4375 0.168255
-2.42188 0.169556

-2.42188 0.169504
-2.40625 0.17011

-2.40625 0.169963
-2.39062 0.170271

-2.39062 0.169899
-2.375 0.170946

1.13725 0.015625
1.13182 0.03125

0.03125 -0.0458954
0.0347586 -0.046875

1.14062 0.00341274
1.14527 0

1.125 0.0462087
1.13347 0.03125

0.0625 -0.116087
0.0632835 -0.109375

-1.4375 0.148607
-1.43428 0.15625

-2.375 0.170469
-2.36719 0.171875

-2.3703 0.171875
-2.35938 0.173841

0.0633634 -0.109375
0.0657245 -0.09375

-1.42188 0.127728
-1.4178 0.125

0.0646624 -0.09375
0.0694542 -0.078125

-1.43279 0.15625
-1.42188 0.164993

0.0712234 -0.078125
0.0770281 -0.0625

-2.35938 0.174587
-2.34375 0.177509

0.078125 -0.063479
0.0784887 -0.0625

-2.34375 0.177436
-2.32812 0.178676

0.0770347 -0.0625
0.078125 -0.0570543

-1.42188 0.163413
-1.40625 0.170214

0.078125 -0.057582
0.0802631 -0.046875

-2.32812 0.178685
-2.3125 0.178372

0.0794204 -0.046875
0.0813345 -0.03125

1.125 0.0472163
1.12526 0.046875

0.081174 -0.03125
0.0838174 -0.015625

0.0838564 -0.015625
0.087472 0

-1.40625 0.169739
-1.39924 0.171875

1.16137 0
1.17188 0.0128301

0.125 -0.00622627
0.121917 0

-1.39924 0.171875
-1.39062 0.1745

-1.39062 0.174134
-1.375 0.178543

-1.4375 0.224716
-1.42188 0.231418

-2.3125 0.178289
-2.29688 0.176573

-1.42188 0.231735
-1.41757 0.234375

-2.29688 0.176252
-2.28125 0.173943

-1.41634 0.234375
-1.40625 0.240598

1.17048 0.015625
1.17188 0.0217383

-1.40625 0.242505
-1.39464 0.25

1.17188 0.013006
1.17302 0.015625

0.125 -0.0067194
0.140625 -0.0111063

-2.28125 0.17351
-2.26562 0.172113

0.140625 -0.0091531
0.14879 0

-1.375 0.0958406
-1.362 0.109375

0.168166 -0.046875
0.166933 -0.03125

0.1875 -0.0580067
0.174495 -0.046875

0.171875 -0.0331103
0.172463 -0.03125

0.166564 -0.03125
0.171875 -0.0251922

0.171875 -0.0285893
0.1875 -0.0221861

0.203125 -0.0661913
0.19649 -0.0625

-2.26562 0.171979
-2.25 0.17263

-1.36244 0.109375
-1.35938 0.115035

-1.35938 0.118099
-1.35567 0.125

1.17188 0.0225574
1.17372 0.03125

-1.35542 0.125
-1.34977 0.140625

1.17348 0.03125
1.17506 0.046875

1.17664 0.046875
1.17391 0.0625

1.15625 0.0856843
1.14461 0.09375

1.125 0.104744
1.14062 0.0983745

1.14062 0.0967048
1.14616 0.09375

1.17004 0.0625
1.16378 0.078125

1.15625 0.0907431
1.17188 0.0790187

1.17553 0.0625
1.17206 0.078125

1.18186 0.078125
1.17258 0.09375

0.203125 -0.0648833
0.21875 -0.0729022

-2.125 0.118205
-2.1318 0.125

-2.25 0.172665
-2.23438 0.175565

-2.23438 0.175707
-2.21875 0.180501

-2.21875 0.180318
-2.20312 0.186972

-2.20312 0.186807
-2.20133 0.1875

1.17188 0.0946869
1.17429 0.09375

-2.20516 0.1875
-2.20312 0.188367

-2.20312 0.18843
-2.1875 0.194475

0.234375 -0.0842804
0.225483 -0.078125

0.21875 -0.0724021
0.227017 -0.078125

0.234375 -0.0877486
0.25 -0.0933009

0.1875 -0.0584123
0.194833 -0.0625

0.1875 -0.0278409
0.203125 -0.0295869

-2.1875 0.193993
-2.17188 0.197589

1.125 0.197098
1.14062 0.19781

-2.17188 0.197508
-2.15625 0.199701

-2.15625 0.199583
-2.14062 0.200769

1.14062 0.197719
1.15625 0.19744

0.203125 -0.0291489
0.21875 -0.0286417

-1.3512 0.140625
-1.34443 0.15625

0.25 -0.0329397
0.244667 -0.03125

-1.375 0.178162
-1.35938 0.183712

1.15625 0.197158
1.17188 0.196634

-2.14062 0.200681
-2.125 0.201274

1.17188 0.196443
1.1875 0.19662

0.21875 -0.0272498
0.234375 -0.0281494

-2.125 0.201057
-2.10938 0.201439

-2.12087 0.203125
-2.10938 0.203437

1.1875 0.196725
1.20312 0.197774

-2.10938 0.200711
-2.09375 0.201346

-2.10938 0.203495
-2.09375 0.204182

0.234375 -0.0283595
0.243499 -0.03125

-1.3455 0.15625
-1.34375 0.159618

-2.09375 0.200086
-2.07812 0.202684

-1.35938 0.185256
-1.35147 0.1875

1.20312 0.197843
1.21875 0.199418

0.25 -0.290783
0.265625 -0.289122

-2.09345 0.203125
-2.07812 0.205672

1.21875 0.199297
1.23438 0.201501

-2.07812 0.200627
-2.06925 0.203125

-1.34375 0.160353
-1.33053 0.171875

1.23438 0.201095
1.24428 0.203125

-1.33065 0.171875
-1.32812 0.173129

1.24079 0.203125
1.25 0.205014

-2.07812 0.205448
-2.0625 0.209846

0.265625 -0.289077
0.28125 -0.287712

-1.32812 0.170559
-1.3195 0.171875

0.28125 -0.287908
0.296875 -0.286539

-1.32812 0.172947
-1.3125 0.173168

0.296875 -0.286538
0.3125 -0.284776

-2.0625 0.209582
-2.04688 0.213277

0.3125 -0.284901
0.328125 -0.282564

1 0.259026
1.00161 0.265625

-1.34954 0.1875
-1.34375 0.191253

-2.04688 0.213125
-2.03125 0.215531

1 0.266984
1.01562 0.281219

0.328125 -0.282603
0.337615 -0.28125

-2.03125 0.215345
-2.01562 0.21714

0.325534 -0.28125
0.328125 -0.280862

-2.01562 0.216724
-2 0.218541

0.331561 -0.28125
0.34375 -0.279512

-1.34375 0.18831
-1.33054 0.203125

0.34375 -0.2795
0.359375 -0.278988

-1.33572 0.203125
-1.32943 0.21875

0.359375 -0.279839
0.375 -0.28008

-1.32812 0.190469
-1.3226 0.203125

0.40625 -0.312661
0.409281 -0.3125

-1.32812 0.218355
-1.32782 0.21875

-1.33492 0.21875
-1.32812 0.227981

-1.32812 0.22376
-1.3125 0.231416

-1.3125 0.169696
-1.30697 0.171875

-1.30052 0.171875
-1.29688 0.173987

-1.29688 0.177124
-1.28938 0.1875

-2.00867 0.21875
-2 0.219779

0.390625 -0.285328
0.402569 -0.28125

0.375 -0.280879
0.390625 -0.278574

0.390625 -0.278405
0.40625 -0.270966

0.421875 -0.297462
0.41907 -0.296875

0.40625 -0.291011
0.415494 -0.28125

-1.8125 -0.0676981
-1.81694 -0.0625

-1.81595 -0.0625
-1.82442 -0.046875

-1.30231 0.1875
-1.29688 0.199432

-1.28997 0.1875
-1.28496 0.203125

-1.28133 0.203125
-1.28907 0.21875

-1.82431 -0.046875
-1.8255 -0.03125

-1.82556 -0.03125
-1.81959 -0.015625

-1.81931 -0.015625
-1.8125 -0.0066997

-1.8125 -0.0671802
-1.79742 -0.078125

-1.78125 -0.07863
-1.78667 -0.078125

0.421875 -0.30066
0.431759 -0.296875

0.421875 -0.288921
0.425309 -0.296875

0.40625 -0.269093
0.410685 -0.265625

-1.79688 -0.0773033
-1.78807 -0.078125

0.412869 -0.265625
0.421875 -0.259592

0.421875 -0.259113
0.435172 -0.25

-1.78125 -0.078371
-1.7805 -0.078125

-1.78071 -0.078125
-1.76562 -0.0731994

-1.3125 0.227758
-1.29688 0.222031

-1.29688 0.224203
-1.28926 0.21875

-1.76562 -0.0727276
-1.75 -0.0628242

-1.8125 -0.00677359
-1.80566 0

0.4375 -0.287841
0.441749 -0.28125

-1.5 -0.250856
-1.51482 -0.25

-1.73438 -0.188462
-1.73531 -0.1875

-1.39303 0.25
-1.39062 0.251525

-1.39163 0.265625
-1.39062 0.266597

1.01562 0.279595
1.02602 0.28125

1.02236 0.28125
1.03125 0.284767

1.03125 0.280575
1.04688 0.276697

1.04688 0.276089
1.0625 0.271798

1.03125 0.281898
1.03595 0.28125

-1.39062 0.252126
-1.375 0.260252

-1.375 0.261479
-1.35985 0.265625

-1.73438 -0.188534
-1.71875 -0.1878

-1.71875 -0.189178
-1.71743 -0.1875

0.3125 -0.126041
0.31231 -0.125

-1.73549 -0.1875
-1.73441 -0.171875

-1.73438 -0.17662
-1.72025 -0.1875

0.375 -0.221445
0.369323 -0.21875

-1.64062 -0.245396
-1.65258 -0.234375

-1.64969 -0.234375
-1.65334 -0.21875

0.359375 -0.206386
0.358327 -0.203125

0.352725 -0.203125
0.359375 -0.190902

-1.64062 -0.241015
-1.625 -0.246574

0.359375 -0.20592
0.365558 -0.21875

0.359375 -0.198966
0.375 -0.195915

-1.35938 0.264441
-1.34375 0.264968

1.0625 0.271624
1.07812 0.268678

-1.34964 0.265625
-1.34375 0.265824

1.07812 0.268758
1.09375 0.267345

0.328125 -0.14184
0.324379 -0.140625

1.09375 0.267563
1.10938 0.267089

0.32171 -0.140625
0.312915 -0.125

0.328125 -0.141511
0.332638 -0.140625

0.331798 -0.140625
0.34375 -0.125958

0.34375 -0.127639
0.359375 -0.132006

1.125 0.26499
1.11526 0.265625

1.10938 0.267806
1.125 0.266799

-1.34611 0.28125
-1.34375 0.281843

-1.34375 0.264622
-1.32812 0.264716

-1.32812 0.264736
-1.3125 0.265086

-1.65094 -0.21875
-1.64092 -0.203125

-1.31266 0.265625
-1.3125 0.265629

-1.64288 -0.203125
-1.64062 -0.200491

0.359375 -0.128822
0.375 -0.135895

-1.3125 0.265189
-1.29688 0.26555

0.252617 -0.09375
0.265625 -0.0834613

-1.2846 0.265625
-1.28125 0.265691

-1.63895 -0.203125
-1.625 -0.189052

-1.28125 0.265816
-1.26562 0.266155

0.265625 -0.0829324
0.26847 -0.078125

0.266306 -0.078125
0.270685 -0.0625

-1.64225 -0.1875
-1.64062 -0.185452

0.312074 -0.125
0.3125 -0.124179

0.265625 -0.0442802
0.250394 -0.03125

0.272803 -0.0625
0.268272 -0.046875

0.265625 -0.0442965
0.267545 -0.046875

0.25 -0.0311192
0.250255 -0.03125

0.3125 -0.0159432
0.312101 -0.015625

0.3125 -0.0124057
0.300099 0

0.3125 -0.124351
0.328125 -0.115599

0.328125 -0.118006
0.34375 -0.124254

0.353914 -0.125
0.359375 -0.119911

0.359375 -0.114423
0.362852 -0.109375

0.360821 -0.109375
0.375 -0.103162

0.34375 -0.0430813
0.331084 -0.03125

0.328125 -0.024599
0.319498 -0.015625

0.3125 -0.00951911
0.319342 -0.015625

0.328125 -0.028128
0.330792 -0.03125

0.359375 -0.0502781
0.350558 -0.046875

0.34375 -0.0442881
0.350308 -0.046875

0.359375 -0.0488493
0.375 -0.047364

0.375 -0.225794
0.390625 -0.219682

0.390625 -0.227728
0.395332 -0.21875

0.384799 -0.21875
0.382752 -0.203125

0.375 -0.202172
0.376194 -0.203125

0.390625 -0.218384
0.390673 -0.21875

1.125 0.265464
1.14062 0.264196

1.125 0.266703
1.13828 0.265625

1.14062 0.264648
1.15625 0.264488

1.125 0.28141
1.12988 0.28125

1.15625 0.264761
1.17188 0.265174

1.17188 0.265237
1.1875 0.265552

1.125 0.312552
1.12668 0.3125

-1.63104 -0.1875
-1.625 -0.182093

1.1875 0.265512
1.19551 0.265625

0.43511 -0.25
0.4375 -0.248364

0.40625 -0.203257
0.407194 -0.203125

1.20312 0.265662
1.21875 0.26601

1.21875 0.266012
1.23438 0.266571

1.23438 0.266701
1.25 0.267205

1.375 0.0220196
1.36978 0.03125

1.37181 0.03125
1.37405 0.046875

1.37352 0.046875
1.375 0.0494956

1.25 0.201456
1.25752 0.203125

1.25 0.205317
1.26562 0.209095

1.26562 0.207537
1.28125 0.212419

1.27418 0.21875
1.28125 0.221466

1.28125 0.210199
1.29616 0.21875

1.28688 0.21875
1.29688 0.224689

1.29688 0.223401
1.3125 0.233621

1.31175 0.234375
1.3125 0.234769

1.375 0.149419
1.36775 0.15625

1.37154 0.15625
1.37013 0.171875

1.37065 0.171875
1.375 0.177436

1.3125 0.234129
1.31331 0.234375

1.3125 0.234639
1.32812 0.239393

1.32812 0.238364
1.34375 0.237693

1.35938 0.234038
1.35759 0.234375

1.34375 0.237158
1.35848 0.234375

1.35938 0.234129
1.375 0.23012

1.39062 0.0149739
1.38934 0.015625

1.375 0.0246099
1.38457 0.015625

1.40625 0.0113029
1.39346 0.015625

1.39062 0.0163859
1.39288 0.015625

1.375 0.0496911
1.38916 0.0625

1.39062 0.0604382
1.40317 0.0625

1.40625 0.0114054
1.42188 0.00417651

1.42188 0.00402028
1.42898 0

1.42188 0.0610333
1.40743 0.0625

1.42188 0.0611912
1.4375 0.0558784

1.40367 0.0625
1.40625 0.0629233

1.40625 0.0626055
1.40729 0.0625

1.4375 0.0544721
1.45312 0.0479274

0.421875 -0.199403
0.410252 -0.1875

0.4375 -0.188492
0.429113 -0.1875

-1.75 -0.0629498
-1.74942 -0.0625

-1.7494 -0.0625
-1.73438 -0.0488499

-1.73438 -0.04872
-1.73264 -0.046875

0.375 -0.136412
0.390625 -0.125443

0.390625 -0.13023
0.393455 -0.125

0.420979 -0.1875
0.421875 -0.183255

0.428148 -0.1875
0.422645 -0.171875

0.423141 -0.171875
0.4375 -0.164766

1.45312 0.043889
1.46875 0.0466522

1.46504 0.046875
1.46875 0.0483486

1.46875 0.0465263
1.46925 0.046875

-1.73229 -0.046875
-1.72041 -0.03125

-1.7206 -0.03125
-1.71875 -0.0272392

-1.71875 -0.027009
-1.71349 -0.015625

0.4375 -0.247909
0.453125 -0.238015

0.453125 -0.23753
0.461198 -0.234375

1.46883 0.046875
1.4802 0.0625

0.458853 -0.234375
0.46875 -0.230507

-1.71259 -0.015625
-1.71126 0

0.453125 -0.187554
0.453221 -0.1875

-1.64062 -0.00549973
-1.65088 0

1.47669 0.0625
1.47826 0.078125

1.47755 0.078125
1.47741 0.09375

-1.64062 -0.00537081
-1.63194 0

-1.625 -0.244559
-1.60938 -0.245388

-1.60938 -0.24524
-1.59375 -0.245666

0.46875 -0.230769
0.484375 -0.230726

0.5 -0.237558
0.492213 -0.234375

0.484375 -0.230316
0.494306 -0.234375

0.441187 -0.1875
0.45031 -0.171875

0.4375 -0.164533
0.453125 -0.171214

1.47817 0.09375
1.47622 0.109375

1.47812 0.109375
1.46907 0.125

-1.625 -0.190803
-1.62051 -0.1875

0.454074 -0.1875
0.458544 -0.171875

0.453125 -0.166185
0.458243 -0.171875

0.390625 -0.121013
0.386075 -0.109375

-1.59375 -0.24562
-1.57812 -0.246029

0.375 -0.105961
0.380969 -0.109375

0.390625 -0.123625
0.390878 -0.125

0.375 -0.049226
0.379775 -0.046875

0.379582 -0.046875
0.390625 -0.0386331

0.390625 -0.039132
0.396457 -0.03125

-1.57812 -0.245923
-1.5625 -0.246622

-1.625 -0.187352
-1.60938 -0.177403

-1.60938 -0.178999
-1.59375 -0.172944

-1.5962 -0.171875
-1.59375 -0.170962

-1.59375 -0.173104
-1.58866 -0.171875

-1.59125 -0.171875
-1.57812 -0.168702

0.396146 -0.03125
0.400479 -0.015625

0.397887 -0.015625
0.397813 0

1.375 0.15095
1.39062 0.154462

1.39062 0.15454
1.39178 0.15625

1.38269 0.15625
1.39062 0.165784

1.375 0.179949
1.39062 0.17816

0.015625 0.0768239
0.0140598 0.078125

-1.57812 -0.169087
-1.5625 -0.167604

1.39062 0.164349
1.39178 0.171875

-1.5625 -0.246783
-1.54688 -0.24766

-1.54688 -0.247589
-1.53125 -0.248464

-1.53125 -0.248376
-1.51562 -0.249565

0.0128677 0.078125
0.00672988 0.09375

-1.51562 -0.249938
-1.51477 -0.25

-1.5 -0.192889
-1.50695 -0.1875

0.015625 0.0749689
0.03125 0.0742308

-1.5625 -0.167536
-1.54688 -0.168017

-1.54688 -0.167402
-1.53125 -0.171214

0.015625 0.0977749
0.0123346 0.109375

0 0.111753
0.015625 0.118837

0.015625 0.108486
0.03125 0.106368

-1.51562 -0.179852
-1.52953 -0.171875

-1.53125 -0.171257
-1.5301 -0.171875

1.39062 0.180121
1.39474 0.171875

1.4375 0.145038
1.42565 0.15625

-1.51562 -0.18155
-1.50795 -0.1875

1.42726 0.15625
1.42329 0.171875

1.42885 0.171875
1.43114 0.1875

1.375 0.229765
1.39062 0.225533

-2 0.218391
-1.99599 0.21875

0.015625 0.123753
0.0181649 0.125

-2 0.219526
-1.96875 0.221111

-1.96875 0.220397
-1.9375 0.220105

0.03125 0.0732899
0.0377065 0.078125

0.03125 0.079341
0.0442478 0.09375

0.0625 0.0908316
0.050268 0.09375

0.0324199 0.09375
0.046875 0.100032

0.046875 0.112023
0.0381615 0.125

0.046875 0.0990153
0.0532386 0.09375

-1.93418 0.21875
-1.90625 0.220929

-1.90625 0.222773
-1.875 0.227483

-1.8056 0
-1.79688 0.0066024

-1.79688 0.00533651
-1.78125 0.0146036

-1.78125 0.0142713
-1.77898 0.015625

0.046875 0.113281
0.0484149 0.109375

-1.77878 0.015625
-1.76562 0.0236252

-1.76562 0.0239073
-1.75443 0.03125

-1.7541 0.03125
-1.75 0.033927

-1.875 0.227243
-1.85938 0.229139

-1.85938 0.229253
-1.84375 0.23094

-1.84375 0.230975
-1.82812 0.232152

0.086607 0
0.0928469 0.015625

-1.82812 0.232115
-1.8125 0.232787

-1.8125 0.232715
-1.79688 0.2331

-1.79688 0.233068
-1.78125 0.233374

-1.78125 0.233383
-1.76562 0.233656

0.0930021 0.015625
0.09375 0.0170232

-1.76562 0.233673
-1.75 0.233863

-1.75 0.0306541
-1.74415 0.03125

-1.71875 0.0194215
-1.7275 0.03125

-1.75 0.0385204
-1.73438 0.0404768

0.0942681 0.015625
0.102087 0.03125

-1.73438 0.0415039
-1.72152 0.03125

-1.71188 0
-1.71695 0.015625

0.122677 0
0.125 0.014542

-1.6492 0
-1.6414 0.015625

-1.6329 0
-1.63962 0.015625

-1.26562 0.266185
-1.25 0.266434

1.39062 0.225888
1.40625 0.221432

-1.21875 0.0341287
-1.223 0.046875

1.42188 0.21309
1.41388 0.21875

0.102713 0.03125
0.109375 0.0450061

1.4315 0.1875
1.42887 0.203125

1.43033 0.203125
1.42202 0.21875

1.40625 0.222848
1.4172 0.21875

1.42188 0.227355
1.4375 0.219223

-1.75 0.23386
-1.73438 0.233942

0.109375 0.0464066
0.109591 0.046875

-1.73438 0.233916
-1.71875 0.233947

0.110035 0.046875
0.116523 0.0625

-1.71875 0.233796
-1.70312 0.234097

0.0625 0.0925458
0.078125 0.0914965

-1.70754 0.234375
-1.70312 0.234497

0.078125 0.0923553
0.09375 0.0908071

1.45312 0.138241
1.44988 0.140625

1.4375 0.151113
1.45147 0.140625

0.09375 0.0903533
0.109375 0.0874963

-1.70312 0.232995
-1.6875 0.233939

0.116197 0.0625
0.122646 0.078125

-1.70312 0.234932
-1.6875 0.235952

1.45312 0.138567
1.46687 0.125

-1.6875 0.232796
-1.67651 0.234375

-1.22304 0.046875
-1.22616 0.0625

-1.6875 0.235283
-1.67188 0.237528

1.4375 0.164497
1.44056 0.15625

0.125 0.087226
0.113476 0.09375

-1.20312 0.000539637
-1.2104 0.015625

0.12124 0.09375
0.125 0.0945931

-1.67188 0.233548
-1.6676 0.234375

-1.21073 0.015625
-1.21762 0.03125

-1.21875 0.0337459
-1.21792 0.03125

1.46875 0.16947
1.4551 0.171875

-1.67188 0.237627
-1.65625 0.240647

0.00431544 0.140625
0.015625 0.155681

-1.65625 0.240464
-1.64062 0.24332

0.015625 0.125371
0.03125 0.129822

0.03125 0.155049
0.0199946 0.15625

-1.64062 0.243399
-1.625 0.246071

0 0.163889
0.015625 0.15974

0.015625 0.161606
0.03125 0.164771

-1.54688 0.0410547
-1.55117 0.046875

0.03125 0.131844
0.0379659 0.125

-1.54842 0.046875
-1.55327 0.0625

-1.54688 0.0405612
-1.53125 0.036865

-1.22618 0.0625
-1.22714 0.078125

-1.54688 0.0475038
-1.54614 0.046875

0.03125 0.150081
0.046875 0.143811

-1.22719 0.078125
-1.22585 0.09375

0.046875 0.146435
0.0625 0.152882

-1.53125 0.0463413
-1.52987 0.046875

1.46346 0.171875
1.46239 0.1875

-1.53125 0.0470968
-1.51562 0.0536338

1.46875 0.125356
1.46908 0.125

-1.51562 0.0463541
-1.51399 0.046875

-1.22606 0.09375
-1.22194 0.109375

-1.51215 0.046875
-1.5 0.0566215

-1.22202 0.109375
-1.21875 0.116881

0.03125 0.162337
0.046875 0.166287

-1.21875 0.115521
-1.21463 0.125

0.046875 0.165932
0.0625 0.160765

1.47332 0.171875
1.48246 0.1875

-1.15625 0.0441357
-1.15863 0.046875

-1.55004 0.0625
-1.54979 0.078125

1.48438 0.176165
1.48682 0.1875

-1.55125 0.078125
-1.54944 0.09375

-1.15883 0.046875
-1.16897 0.0625

-1.14062 0.0288023
-1.14316 0.03125

1.46332 0.1875
1.46875 0.191422

-1.125 0.0121579
-1.12791 0.015625

1.4375 0.230806
1.44919 0.234375

-1.54965 0.09375
-1.54688 0.10281

-1.14062 0.0303058
-1.12665 0.015625

-1.54688 0.10251
-1.54057 0.109375

1.4375 0.246506
1.45312 0.242971

-1.54379 0.109375
-1.53775 0.125

1.45312 0.233347
1.46732 0.234375

-1.51562 0.0783377
-1.52929 0.09375

-1.5 0.0703012
-1.50465 0.078125

-1.51562 0.0785485
-1.51515 0.078125

-1.52557 0.09375
-1.52938 0.109375

-1.52636 0.109375
-1.52141 0.125

-1.625 0.246095
-1.60938 0.248379

-1.60938 0.248342
-1.59601 0.25

-1.5625 0.245213
-1.57559 0.25

-1.53592 0.125
-1.53215 0.140625

0.0625 0.155069
0.078125 0.144497

0.078125 0.143074
0.09375 0.141858

-1.15625 0.045093
-1.14312 0.03125

0.0625 0.156976
0.078125 0.164909

1.45312 0.24176
1.46875 0.242083

-1.51961 0.125
-1.51562 0.130751

1.46875 0.191895
1.48438 0.188976

1.48438 0.193426
1.48868 0.1875

0.078125 0.167152
0.09375 0.169265

-1.52888 0.140625
-1.53046 0.15625

-1.17188 0.0746247
-1.17279 0.078125

-1.51562 0.133684
-1.51336 0.140625

-1.17305 0.078125
-1.17188 0.0886909

0.0943805 0.140625
0.105113 0.15625

0.106657 0.15625
0.0960328 0.171875

-1.51405 0.140625
-1.5102 0.15625

-1.52667 0.15625
-1.53057 0.171875

-1.17188 0.0737748
-1.16891 0.0625

-1.17188 0.087014
-1.17113 0.09375

1.46875 0.242417
1.48438 0.245682

1.48438 0.246583
1.5 0.249387

1.25 0.267215
1.26562 0.267382

1.26562 0.267423
1.28125 0.267153

1.28125 0.267038
1.29688 0.26648

-1.52487 0.171875
-1.52797 0.1875

1.29688 0.266343
1.3125 0.266

-1.1713 0.09375
-1.16358 0.109375

0.09375 0.172863
0.0959922 0.171875

1.3125 0.266019
1.32812 0.266128

0.125 0.00790794
0.134799 0.015625

-1.16336 0.109375
-1.15625 0.118213

0.13084 0.015625
0.140625 0.0177698

-1.15625 0.118063
-1.14914 0.125

-1.51029 0.15625
-1.50428 0.171875

1.32812 0.266166
1.34375 0.266615

-1.50436 0.171875
-1.5 0.179511

-1.21575 0.125
-1.20506 0.140625

-1.20523 0.140625
-1.20312 0.143014

1.34375 0.266708
1.35938 0.267235

-1.20312 0.142332
-1.1888 0.15625

1.35938 0.267709
1.375 0.267178

0.150466 0
0.145369 0.015625

-1.53125 0.205723
-1.53719 0.21875

0.140625 0.018864
0.146812 0.015625

-1.54688 0.233723
-1.5475 0.234375

1.3125 0.312547
1.3128 0.3125

-1.18886 0.15625
-1.1875 0.157387

-1.1875 0.157016
-1.17188 0.168576

-1.5625 0.245701
-1.54781 0.234375

-1.17188 0.16867
-1.1664 0.171875

1.39062 0.264632
1.38558 0.265625

-1.54688 0.233365
-1.53592 0.21875

0.129068 0.078125
0.135087 0.09375

0.125 0.101799
0.140625 0.0993588

0.150074 0.09375
0.146165 0.109375

0.140625 0.112415
0.150337 0.109375

0.187141 0.09375
0.186504 0.109375

0.187147 0.109375
0.1875 0.109834

0.21875 0.0112255
0.216958 0.015625

-1.54688 0.235184
-1.54608 0.234375

-1.52543 0.1875
-1.52961 0.203125

1.375 0.267278
1.38339 0.265625

-1.59582 0.25
-1.59375 0.250207

1.39062 0.264379
1.40625 0.258199

1.40625 0.255631
1.42738 0.25

-1.59375 0.253027
-1.58227 0.25

0.21875 0.0132302
0.22962 0.015625

-1.16584 0.171875
-1.15625 0.177491

-1.1488 0.125
-1.14062 0.131437

0.232567 0.015625
0.233892 0.03125

0.234375 0.0499516
0.228133 0.0625

0.25 0.0428938
0.235965 0.046875

-1.14062 0.131234
-1.12521 0.140625

0.234375 0.0561474
0.246788 0.046875

-1.4375 -0.313189
-1.4385 -0.3125

0.203125 0.0883405
0.191752 0.09375

-1.12515 0.140625
-1.125 0.140711

-1.5 -0.281463
-1.49612 -0.28125

-1.15625 0.177219
-1.14062 0.184956

0.203125 0.0932406
0.21875 0.091095

1.5 -0.247832
1.51562 -0.247815

0.1875 0.0957755
0.188058 0.09375

1.51562 -0.247822
1.53125 -0.247793

0.191192 0.109375
0.203125 0.117849

0.203125 0.0980569
0.215211 0.09375

0.203125 0.116486
0.21875 0.120092

0.232849 0.0625
0.229997 0.078125

1.53125 -0.247796
1.54688 -0.247735

0.234375 0.0829113
0.224274 0.09375

1.54688 -0.247744
1.5625 -0.247627

-1.5 -0.25124
-1.46875 -0.251199

-1.46875 -0.281556
-1.46843 -0.28125

0.234375 0.0754584
0.237373 0.0625

0.234375 0.0844424
0.237141 0.078125

0.21875 0.0966114
0.221277 0.09375

0.21875 0.118202
0.234375 0.120808

0.234375 0.119386
0.25 0.124285

1.5625 -0.247641
1.57812 -0.247425

0.015625 0.27554
0.000296721 0.28125

-1.14062 0.185326
-1.13564 0.1875

0.015625 0.280153
0.0174883 0.28125

-1.46875 -0.25071
-1.46507 -0.25

-1.13487 0.1875
-1.125 0.191804

-1.375 -0.312581
-1.37545 -0.3125

0 0.294786
0.000514396 0.296875

-1.4375 -0.250212
-1.43292 -0.25

0.0154624 0.296875
0.015625 0.296936

-1.375 -0.281274
-1.37509 -0.28125

-1.125 0.0134587
-1.11422 0

-1.40625 -0.253246
-1.39062 -0.259355

1.57812 -0.247432
1.59375 -0.247073

-1.375 -0.265638
-1.37513 -0.265625

-1.12473 0.140625
-1.10938 0.147784

-1.39062 -0.257937
-1.375 -0.256626

-1.10938 0.147687
-1.09375 0.153433

1.59375 -0.247092
1.60938 -0.246536

0.0305106 0.28125
0.0291606 0.296875

0.015625 0.297353
0.0165916 0.296875

-1.37341 -0.265625
-1.35938 -0.251637

-1.35938 -0.255737
-1.35778 -0.25

-1.09375 0.153405
-1.08389 0.15625

-1.48438 -0.204058
-1.48611 -0.203125

-1.08366 0.15625
-1.07812 0.157847

0.03125 0.299029
0.0334413 0.296875

1.60938 -0.24655
1.625 -0.245734

0.0625 0.296864
0.062402 0.296875

-1.5 -0.195129
-1.48629 -0.203125

-1.48438 -0.205085
-1.46875 -0.205826

0.0620165 0.296875
0.0625 0.305632

-1.4632 -0.25
-1.45312 -0.249439

1.5 -0.000912727
1.50131 0

-1.44341 -0.25
-1.4375 -0.247185

1.625 -0.245787
1.64062 -0.244574

-1.46875 -0.205371
-1.46445 -0.203125

-1.07812 0.157941
-1.0625 0.161223

-1.46436 -0.203125
-1.45312 -0.196772

-1.45312 -0.193974
-1.44515 -0.1875

-1.125 0.191588
-1.10938 0.197853

-1.10938 0.198106
-1.09606 0.203125

-1.09588 0.203125
-1.09375 0.203929

-1.09375 0.203811
-1.07812 0.209197

1.64062 -0.244658
1.65625 -0.242775

0.078125 0.294378
0.0780452 0.296875

1.65625 -0.242871
1.67188 -0.239957

1.67188 -0.240326
1.6875 -0.235586

0.075599 0.296875
0.078125 0.299426

0.0823634 0.28125
0.0818257 0.296875

1.68489 -0.234375
1.6875 -0.233582

0.089957 0.296875
0.09375 0.298513

1.6875 -0.236588
1.69479 -0.234375

-1.44479 -0.1875
-1.4375 -0.181656

-1.07812 0.209165
-1.0625 0.214464

-1.4375 -0.239155
-1.42188 -0.236095

1.6875 -0.233791
1.70312 -0.229045

0.106486 0.28125
0.107792 0.296875

-1.0625 0.161365
-1.04688 0.163033

-1.43659 -0.234375
-1.42188 -0.228792

1.70312 -0.229853
1.71875 -0.226942

-1.42188 -0.241983
-1.40625 -0.248144

-1.40919 -0.234375
-1.40675 -0.21875

1.71875 -0.227162
1.73438 -0.225061

-1.4067 -0.21875
-1.41106 -0.203125

1.73438 -0.234404
1.73454 -0.234375

-1.04688 0.16321
-1.03125 0.162624

-1.41241 -0.203125
-1.41986 -0.1875

-1 0.153537
-1.00773 0.15625

-1.40625 -0.238573
-1.39825 -0.25

-1.03125 0.162667
-1.01562 0.159385

0.09375 0.298634
0.0994556 0.296875

-1.40625 -0.229932
-1.39062 -0.234111

0.109375 0.286743
0.113697 0.296875

-1.39062 -0.228048
-1.37784 -0.21875

-1.01562 0.159167
-1.00732 0.15625

-1.0625 0.214623
-1.04954 0.21875

-1.04935 0.21875
-1.04688 0.219537

-1.04688 0.219542
-1.03125 0.223994

-1.37919 -0.21875
-1.37594 -0.203125

-1.38557 -0.203125
-1.37722 -0.1875

-1.4375 -0.173882
-1.42188 -0.177685

-1.42188 -0.178035
-1.41531 -0.1875

-1.38169 -0.1875
-1.375 -0.183938

-1.4375 -0.0976175
-1.44364 -0.09375

-1.45312 -0.0838077
-1.45521 -0.078125

-1.45368 -0.078125
-1.45312 -0.076639

1.73438 -0.225169
1.75 -0.223224

0.109375 0.298585
0.124378 0.296875

0.15625 0.27903
0.151017 0.28125

0.133381 0.28125
0.130848 0.296875

-1.45312 -0.0815193
-1.44426 -0.09375

0.128608 0.296875
0.140625 0.301131

1.75 -0.23463
1.75084 -0.234375

0.140625 0.282203
0.145705 0.296875

-1.45312 -0.0755862
-1.44495 -0.0625

0.152916 0.296875
0.15625 0.297353

-1.03125 0.224036
-1.01562 0.227974

-1.44328 -0.0625
-1.4375 -0.0579932

-1.01562 0.228002
-1 0.231285

-1.4375 -0.0965698
-1.42188 -0.0998344

-1.25 0.266418
-1.23438 0.26655

-1.42188 -0.0994644
-1.40625 -0.0956755

1.75 -0.223252
1.76562 -0.221187

-1.40625 -0.0958183
-1.40278 -0.09375

-1.23438 0.266515
-1.21875 0.26663

0.15625 0.276699
0.171875 0.271492

-1.21875 0.266526
-1.20312 0.266904

0.171875 0.270197
0.1875 0.271286

1.76562 -0.221264
1.78125 -0.21887

0.15625 0.294112
0.167715 0.296875

1.78091 -0.21875
1.78125 -0.218699

0.15625 0.297088
0.158809 0.296875

-1.20312 0.266793
-1.1875 0.267864

0.171875 0.292397
0.1875 0.29145

-1.1875 0.267803
-1.17188 0.269912

-1.40091 -0.09375
-1.39062 -0.083551

1.78125 -0.21879
1.7815 -0.21875

0.171875 0.296923
0.179677 0.296875

1.79688 -0.21878
1.79707 -0.21875

1.78125 -0.218719
1.79688 -0.216155

-1.17188 0.270015
-1.15625 0.273078

-1.39062 -0.0846961
-1.38667 -0.078125

-1.15625 0.27351
-1.14062 0.276454

0.1875 0.273989
0.203125 0.27754

1.79688 -0.216147
1.8125 -0.213731

0.203125 0.278687
0.21875 0.280285

1.8125 -0.234463
1.81302 -0.234375

0.1875 0.294842
0.203125 0.29653

0.202944 0.296875
0.203125 0.296911

-1.14062 0.276677
-1.125 0.278188

-1.12542 0.28125
-1.125 0.281304

-1.125 0.277798
-1.10938 0.27821

-1.10938 0.278129
-1.09375 0.278168

0.203125 0.297406
0.21875 0.298807

0.21875 0.279431
0.234375 0.279555

0.234375 0.280239
0.25 0.279232

0.21875 0.298543
0.234375 0.298433

-1.10431 0.28125
-1.09375 0.281573

-1.09375 0.278109
-1.07812 0.278054

-1.07812 0.276061
-1.0625 0.279999

-1.38593 -0.078125
-1.38851 -0.0625

-1.4375 -0.0583204
-1.42188 -0.0510508

-1.42188 -0.0505441
-1.40625 -0.0505534

0.234375 0.298674
0.25 0.297098

1.8125 -0.218776
1.81267 -0.21875

1.82812 -0.21877
1.82826 -0.21875

1.8125 -0.213764
1.82812 -0.211447

-1.06591 0.28125
-1.0625 0.282379

-1.06069 0.265625
-1.04688 0.280878

-1.04688 0.27413
-1.04614 0.28125

-1.0625 0.290571
-1.03125 0.310112

-1.03125 0.309932
-1.02407 0.3125

1.82812 -0.2114
1.84375 -0.209215

-1.027 0.3125
-1 0.320371

1.85913 -0.25
1.85911 -0.234375

-1 -0.2545
-0.984375 -0.252675

1.84375 -0.218772
1.84385 -0.21875

1.85953 -0.25
1.85953 -0.234375

-1.40625 -0.0486983
-1.39062 -0.0607103

-0.984375 -0.252242
-0.96875 -0.253167

0.28125 0.0309361
0.281039 0.03125

-0.96875 -0.253586
-0.953125 -0.25729

0.25 0.0518802
0.265625 0.0480873

1.85938 -0.21877
1.85943 -0.21875

0.28125 0.0332386
0.26747 0.046875

-0.953125 -0.257908
-0.9375 -0.262317

0.265625 0.0508333
0.277984 0.046875

1.84375 -0.209297
1.85938 -0.207175

-1.39062 -0.059954
-1.3888 -0.0625

1.85938 -0.207135
1.875 -0.204994

-1.3689 -0.25
-1.36704 -0.234375

-0.921875 -0.266096
-0.924232 -0.265625

1.875 -0.204834
1.89062 -0.203162

-0.9375 -0.262661
-0.922684 -0.265625

0.296875 0.00707667
0.291008 0.015625

-0.921875 -0.265944
-0.90625 -0.266784

0.28125 0.0308747
0.291255 0.015625

-0.90625 -0.266413
-0.893538 -0.265625

0.296875 0.00448379
0.300144 0

-0.892894 -0.265625
-0.890625 -0.265484

-1.37009 -0.234375
-1.36318 -0.21875

-0.890625 -0.265469
-0.875 -0.263385

-1.35938 -0.235539
-1.35932 -0.234375

1.887 -0.203125
1.89062 -0.202737

-1.35938 -0.22233
-1.35544 -0.21875

0.287917 0.046875
0.286457 0.0625

-0.875 -0.26323
-0.859375 -0.26133

0.25 0.124153
0.251576 0.125

-0.859375 -0.262336
-0.84375 -0.261958

0.283176 0.0625
0.296875 0.0688606

1.89062 -0.203335
1.90218 -0.203125

0.296875 0.0778792
0.304805 0.0625

1.89062 -0.202777
1.90625 -0.202509

-1.375 -0.194523
-1.35938 -0.188831

1.92188 -0.204105
1.91257 -0.203125

-1.35751 -0.21875
-1.34375 -0.205289

-0.84375 -0.264469
-0.828125 -0.26339

0.3125 0.100472
0.308637 0.109375

-0.8125 -0.266987
-0.823139 -0.265625

0.310024 0.109375
0.3125 0.116242

1.90625 -0.203076
1.90672 -0.203125

-0.828125 -0.265556
-0.8125 -0.263464

-1.35938 -0.18919
-1.34375 -0.195862

-1.32812 -0.235997
-1.32953 -0.234375

0.3125 0.102613
0.328125 0.100734

-0.8125 -0.267216
-0.796875 -0.269726

1.92188 -0.204621
1.9375 -0.207398

-0.807921 -0.265625
-0.796875 -0.264095

1.9375 -0.20751
1.95312 -0.210431

-0.796875 -0.269584
-0.78125 -0.270543

0.3125 0.117268
0.328125 0.121246

-0.796875 -0.25018
-0.784905 -0.25

0.328125 0.100782
0.333295 0.109375

-0.78125 -0.269855
-0.765625 -0.269842

-1.32812 -0.228376
-1.33507 -0.21875

-0.765625 -0.26958
-0.75 -0.270425

0.328125 0.124105
0.33378 0.109375

-0.953125 -0.200339
-0.968323 -0.1875

0.250804 0.125
0.265625 0.133677

-1.32812 -0.235017
-1.3125 -0.241998

0.265625 0.133724
0.274625 0.140625

-1.32812 -0.230144
-1.32518 -0.234375

-1.34375 -0.204267
-1.32812 -0.212115

0.2736 0.140625
0.28125 0.146722

0.28125 0.146958
0.292059 0.15625

0.292049 0.15625
0.296875 0.160353

0.296875 0.160925
0.310799 0.171875

-1.34375 -0.196503
-1.32812 -0.19154

0.311683 0.171875
0.3125 0.172475

-0.9375 -0.214131
-0.950587 -0.203125

0.3125 0.172619
0.328125 0.183871

-0.953125 -0.201173
-0.95089 -0.203125

0.328125 0.184059
0.332725 0.1875

-0.984375 -0.17579
-0.990727 -0.171875

-1.3173 -0.21875
-1.3203 -0.203125

-1 -0.166427
-0.991162 -0.171875

1.95312 -0.210604
1.96875 -0.213097

0.334237 0.1875
0.34375 0.195786

-0.984375 -0.175542
-0.96875 -0.186847

-1.32812 -0.197447
-1.32367 -0.1875

-0.96875 -0.187186
-0.968364 -0.1875

0.34375 0.248567
0.34127 0.25

-0.921875 -0.225246
-0.931883 -0.21875

0.34375 0.195642
0.350544 0.203125

-0.921875 -0.225032
-0.90625 -0.231001

0.351501 0.203125
0.359319 0.21875

2 -0.218796
1.99933 -0.21875

-1.37332 -0.1875
-1.35938 -0.185879

1.96875 -0.213174
1.98438 -0.214738

1.98438 -0.214709
2 -0.215248

0.359375 0.220488
0.357359 0.234375

-1.35938 -0.186774
-1.35123 -0.1875

0.358067 0.234375
0.343907 0.25

-0.9375 -0.214695
-0.931295 -0.21875

0.359375 0.220237
0.359585 0.21875

1.50261 0
1.51562 0.0105479

-1.33431 -0.1875
-1.32812 -0.186069

1.51562 0.011372
1.52018 0.015625

0.396261 0
0.400068 0.015625

1.51906 0.015625
1.53125 0.0267467

0.400379 0.015625
0.40625 0.0237571

1.53125 0.0253988
1.53815 0.03125

-1.3264 -0.1875
-1.3125 -0.179935

-1.3125 -0.235692
-1.29811 -0.234375

-1.3125 -0.23375
-1.30958 -0.234375

-1.29688 -0.235331
-1.28125 -0.235613

-1.31242 -0.21875
-1.31173 -0.203125

1.53635 0.03125
1.54688 0.0400377

-0.90625 -0.230711
-0.890625 -0.233216

1.54688 0.0395683
1.5576 0.046875

0.40625 0.0262643
0.410906 0.03125

0.415041 0.03125
0.421875 0.036514

0.421875 0.0373954
0.4375 0.0450514

-0.890625 -0.232351
-0.875 -0.233701

-0.890625 -0.127495
-0.893841 -0.125

-0.890625 -0.127554
-0.875 -0.133528

1.55342 0.046875
1.5625 0.0526816

-0.894336 -0.125
-0.905712 -0.109375

-0.906079 -0.109375
-0.901022 -0.09375

-0.900485 -0.09375
-0.890625 -0.0843547

-0.890625 -0.085671
-0.87539 -0.078125

-0.875292 -0.078125
-0.875 -0.0780056

-0.859375 -0.236002
-0.869251 -0.234375

-0.875 -0.233571
-0.866239 -0.234375

-0.859375 -0.235368
-0.84375 -0.236422

-0.84375 -0.236206
-0.828125 -0.238386

-0.828125 -0.238833
-0.8125 -0.242929

-1.28125 -0.236044
-1.26562 -0.234931

-1.26562 -0.23551
-1.26174 -0.234375

-1.26166 -0.234375
-1.25 -0.230973

-1.3125 -0.180847
-1.29688 -0.172617

-1.29688 -0.172794
-1.29499 -0.171875

-1.29475 -0.171875
-1.28125 -0.16531

-1.28125 -0.164975
-1.26562 -0.158106

-0.875 -0.132271
-0.859375 -0.129688

-1.26562 -0.157973
-1.261 -0.15625

-1.25982 -0.15625
-1.25 -0.152593

-0.859375 -0.128964
-0.852637 -0.125

-1.20312 -0.250347
-1.20338 -0.25

-1.20312 -0.253046
-1.1875 -0.25297

0.4375 0.0811559
0.425088 0.09375

-1.03125 -0.255586
-1.04434 -0.25

-1.03125 -0.256022
-1.01562 -0.258096

0.4375 0.0442699
0.444465 0.046875

0.44561 0.046875
0.453125 0.0496857

0.453125 0.0490829
0.46875 0.0567411

0.46875 0.0576507
0.476594 0.0625

-0.8125 -0.243708
-0.796875 -0.247254

-0.796875 -0.247708
-0.78125 -0.248771

1.5625 0.0505242
1.57812 0.0578831

-0.78125 -0.248109
-0.765625 -0.2476

1.57812 0.0568433
1.58965 0.0625

0.4375 0.092679
0.437653 0.09375

1.58898 0.0625
1.59375 0.0648427

-0.765625 -0.247127
-0.75 -0.247455

-1.01562 -0.257222
-1 -0.255486

-0.847701 -0.125
-0.84375 -0.121212

0.4375 0.098474
0.442234 0.09375

-0.859375 -0.0783236
-0.864523 -0.078125

0.453125 0.110333
0.454083 0.109375

-0.875 -0.0777216
-0.863356 -0.078125

1.59375 0.0634544
1.60938 0.0756204

-0.84375 -0.0891901
-0.857835 -0.078125

1.60938 0.0772057
1.6103 0.078125

1.60938 0.0784471
1.625 0.0918135

-0.848549 -0.078125
-0.84375 -0.0766476

1.5 0.249398
1.51562 0.249919

-0.84375 -0.122141
-0.835871 -0.109375

-0.837898 -0.109375
-0.84057 -0.09375

0.477251 0.0625
0.484375 0.066904

-0.84375 -0.0794854
-0.842628 -0.078125

0.484375 0.0678602
0.5 0.0766024

1.51562 0.249487
1.53125 0.248568

1.53125 0.248392
1.54688 0.247246

-0.840568 -0.078125
-0.838515 -0.0625

-0.8125 -0.0838058
-0.825337 -0.078125

-0.828125 -0.0662854
-0.827513 -0.0625

-0.840479 -0.0625
-0.828125 -0.0540337

0.25 0.274277
0.265625 0.279241

-0.828125 -0.0566332
-0.8125 -0.0572318

0.265625 0.279906
0.268741 0.28125

-0.8125 -0.00609651
-0.817816 0

-1.25 -0.231221
-1.23438 -0.221519

-0.796875 -0.0963302
-0.800938 -0.09375

0.265625 0.28697
0.260768 0.296875

-0.796875 -0.0963589
-0.78125 -0.104249

0.25 0.296954
0.25026 0.296875

-1.23438 -0.221103
-1.23156 -0.21875

-0.8125 -0.0854869
-0.798619 -0.09375

-0.8125 -0.0641006
-0.803542 -0.0625

0.27423 0.28125
0.271171 0.296875

-0.796875 -0.0640855
-0.78125 -0.0653428

0.265625 0.297655
0.270401 0.296875

-1.23077 -0.21875
-1.21875 -0.205443

0.3125 0.265568
0.312435 0.265625

-1.20355 -0.25
-1.20312 -0.236299

1.54688 0.24725
1.5625 0.24622

-1.20312 -0.234408
-1.20173 -0.234375

-1.20312 -0.232645
-1.1875 -0.23243

1.5625 0.246223
1.57812 0.245296

-1.21875 -0.20541
-1.21724 -0.203125

-1.21689 -0.203125
-1.211 -0.1875

-0.78125 -0.10384
-0.765625 -0.10855

-0.75 -0.111266
-0.759227 -0.109375

0.296875 0.280249
0.311172 0.265625

-0.765625 -0.108219
-0.759985 -0.109375

0.287251 0.28125
0.291283 0.296875

-0.78125 -0.0658795
-0.765625 -0.0680457

0.283363 0.296875
0.296875 0.30005

-0.765625 -0.0682503
-0.75 -0.0698429

1.57812 0.245254
1.59375 0.244508

-0.8125 -0.0608181
-0.805681 -0.0625

1.59375 0.244519
1.60938 0.244015

1.60938 0.244179
1.625 0.243569

0.296875 0.29132
0.303855 0.296875

0.306516 0.296875
0.3125 0.297672

-0.796875 -0.0183298
-0.80092 -0.015625

-0.8125 -0.00617468
-0.801358 -0.015625

-1.21875 -0.161467
-1.22205 -0.15625

-0.796875 -0.0179445
-0.78125 -0.0259184

1.625 0.0928192
1.62705 0.09375

-0.765625 -0.0316581
-0.766637 -0.03125

1.6273 0.09375
1.64062 0.0998032

-0.765625 -0.0317353
-0.75 -0.0373221

-0.78125 -0.0254075
-0.766756 -0.03125

0.3125 0.263866
0.328125 0.253673

0.328125 0.25592
0.338907 0.25

1.64062 0.0991495
1.65625 0.0995025

1.67188 0.0920206
1.6875 0.0843227

1.65625 0.0997648
1.67188 0.0941877

-0.75 -0.270688
-0.734375 -0.272391

-0.734375 -0.273049
-0.71875 -0.274235

0.3125 0.292494
0.328125 0.29629

-0.71875 -0.25137
-0.730729 -0.25

1.6875 0.08283
1.70312 0.080331

-0.71875 -0.275628
-0.703125 -0.274672

0.328125 0.296134
0.336585 0.296875

-0.71875 -0.251539
-0.703125 -0.253994

0.341466 0.296875
0.34375 0.297075

-1.25 -0.15209
-1.23438 -0.147724

0.34375 0.2501
0.343903 0.25

1.70312 0.0806797
1.71875 0.0856679

0.34375 0.29712
0.359375 0.29714

-0.703125 -0.275655
-0.6875 -0.275421

0.375 0.296387
0.364673 0.296875

-0.703125 -0.25399
-0.6875 -0.254678

1.71875 0.0857197
1.72954 0.09375

-0.6875 -0.275641
-0.671875 -0.276283

1.72997 0.09375
1.73438 0.0978554

-1.23438 -0.141813
-1.21875 -0.150852

1.73438 0.0985976
1.7429 0.109375

-1.21109 -0.1875
-1.21284 -0.171875

-0.6875 -0.254599
-0.671875 -0.253493

1.74277 0.109375
1.74972 0.125

-0.671875 -0.276735
-0.65625 -0.273789

-1.21875 -0.158706
-1.21434 -0.171875

-0.671875 -0.25166
-0.65625 -0.253886

-1.21875 -0.145423
-1.21288 -0.15625

-1.1875 -0.243418
-1.18733 -0.25

-0.65625 -0.281308
-0.656111 -0.28125

0.359375 0.297027
0.362596 0.296875

-0.65625 -0.276695
-0.640711 -0.265625

-0.640625 -0.262554
-0.649753 -0.25

-0.640625 -0.269416
-0.637647 -0.265625

1.625 0.244025
1.64062 0.24207

-0.635928 -0.265625
-0.639235 -0.25

0.375 0.296345
0.390625 0.29496

-0.5625 -0.342799
-0.597569 -0.3125

0.390625 0.294811
0.40625 0.293108

-0.59375 -0.296795
-0.598419 -0.28125

0.40625 0.293339
0.421875 0.291117

-0.595343 -0.28125
-0.596653 -0.265625

0.40625 0.297304
0.409271 0.296875

-0.594769 -0.265625
-0.59375 -0.263725

0.421875 0.292126
0.4375 0.286916

-0.577369 -0.3125
-0.578557 -0.28125

0.453125 0.280701
0.451408 0.28125

1.64062 0.24224
1.65625 0.23769

0.453125 0.279082
0.46875 0.279972

-0.59375 -0.267339
-0.593504 -0.265625

-1.1875 -0.230731
-1.18454 -0.234375

-0.592289 -0.265625
-0.578125 -0.254508

0.4375 0.282859
0.449718 0.28125

-0.578125 -0.256188
-0.5625 -0.258078

0.46875 0.279954
0.484375 0.281044

1.67188 0.231031
1.66413 0.234375

0.5 0.281039
0.49945 0.28125

1.65625 0.236706
1.66165 0.234375

1.67188 0.230482
1.6875 0.222473

0.46875 0.285869
0.493 0.28125

1.74934 0.125
1.75 0.128997

0.4375 0.312573
0.437612 0.3125

0.53125 -0.283069
0.52888 -0.28125

0.53125 -0.265798
0.530949 -0.265625

0.53125 -0.258509
0.515982 -0.25

-1.14062 -0.188396
-1.14112 -0.1875

0.53125 -0.257837
0.546875 -0.264036

-0.5625 -0.336812
-0.5 -0.347926

0.5625 -0.269291
0.551607 -0.265625

-0.5625 -0.286665
-0.548487 -0.28125

-1.125 -0.21048
-1.13186 -0.203125

1.75 0.159083
1.74553 0.171875

-1.14062 -0.188466
-1.13096 -0.203125

-1.15625 -0.137504
-1.15921 -0.125

0.546875 -0.263689
0.552627 -0.265625

1.74587 0.171875
1.73509 0.1875

-1.14062 -0.187368
-1.14711 -0.171875

0.5625 -0.269413
0.578125 -0.273494

1.70312 0.213638
1.69449 0.21875

0.578125 -0.273645
0.59375 -0.275774

-0.5625 -0.258218
-0.546875 -0.262424

0.625 -0.281281
0.623673 -0.28125

-0.53125 -0.267027
-0.53304 -0.265625

0.59375 -0.275523
0.609375 -0.275899

-0.54602 -0.265625
-0.53125 -0.262992

1.71875 0.20216
1.71749 0.203125

-0.53125 -0.284335
-0.5 -0.29702

0.609375 -0.275674
0.625 -0.275244

-1.14677 -0.171875
-1.15159 -0.15625

-1.15143 -0.15625
-1.15553 -0.140625

1.70312 0.213615
1.7177 0.203125

-1.15625 -0.137622
-1.15554 -0.140625

1.6875 0.22206
1.6931 0.21875

1.71875 0.202931
1.73438 0.187937

0.625 -0.281374
0.630183 -0.28125

-1.1875 -0.0319405
-1.18779 -0.03125

-1.1875 -0.0309843
-1.19458 -0.015625

1.73438 0.187929
1.73475 0.1875

-0.53125 -0.272606
-0.527834 -0.28125

-0.53125 -0.259025
-0.515625 -0.263682

1.75 0.129
1.75192 0.140625

-0.50085 -0.28125
-0.501865 -0.265625

0.625 -0.275145
0.640625 -0.274538

-1.1952 -0.015625
-1.20303 0

0.640625 -0.274519
0.65625 -0.273972

-0.5 -0.258197
-0.511717 -0.25

0.6875 -0.282575
0.656689 -0.28125

-0.75 -0.247721
-0.734375 -0.249301

-1.15914 -0.125
-1.16264 -0.109375

0.65625 -0.273726
0.671875 -0.273484

0.671875 -0.272903
0.6875 -0.273658

-0.734375 -0.249437
-0.730237 -0.25

-1.16249 -0.109375
-1.16627 -0.09375

-0.75 -0.111136
-0.734375 -0.114063

-1.17188 -0.0719449
-1.17469 -0.0625

1.75199 0.140625
1.7508 0.15625

-0.734375 -0.114094
-0.71875 -0.117062

0.6875 -0.283277
0.71875 -0.284699

-1.1664 -0.09375
-1.17049 -0.078125

0.6875 -0.272529
0.703125 -0.273572

-0.75 -0.0700651
-0.734375 -0.0702304

0.703125 -0.272923
0.71875 -0.273599

-0.734375 -0.0700477
-0.71875 -0.0687065

-1.17188 -0.0740748
-1.17067 -0.078125

-0.71875 -0.117313
-0.703125 -0.119755

0.71875 -0.285612
0.75 -0.283101

1.75 0.159006
1.75096 0.15625

0.71875 -0.27341
0.734375 -0.272691

0.734375 -0.273296
0.75 -0.271582

0.5 -0.238453
0.515625 -0.248588

2 -0.218895
2.00361 -0.21875

0.515625 -0.249587
0.516367 -0.25

-1.17471 -0.0625
-1.18078 -0.046875

-0.703125 -0.12007
-0.6875 -0.120855

-1.1875 -0.0325108
-1.18142 -0.046875

-0.71875 -0.0684738
-0.703125 -0.0664565

0.5625 -0.128914
0.556972 -0.125

-0.703125 -0.066487
-0.6875 -0.064198

-1.10938 -0.220857
-1.11282 -0.21875

0.5625 -0.129073
0.578125 -0.133953

-1.10938 -0.220366
-1.09375 -0.2273

0.578125 -0.132765
0.59375 -0.131131

-1.125 -0.209802
-1.11317 -0.21875

0.59375 -0.130956
0.609375 -0.125536

-1.09375 -0.22652
-1.07812 -0.232404

0.609375 -0.126053
0.611155 -0.125

-1.0625 -0.23919
-1.07305 -0.234375

0.546875 -0.113399
0.54494 -0.109375

0.545508 -0.109375
0.546875 -0.099293

0.546875 -0.11309
0.556074 -0.125

0.546875 -0.102312
0.548146 -0.09375

0.546921 -0.09375
0.561819 -0.078125

0.562226 -0.078125
0.5625 -0.077965

-0.75 -0.0375163
-0.734375 -0.0419379

-0.734375 -0.0420024
-0.71875 -0.0447415

-1.07812 -0.231988
-1.0729 -0.234375

-1.0625 -0.239573
-1.04688 -0.247875

2 -0.21516
2.01562 -0.214874

-1.04688 -0.248659
-1.04373 -0.25

0.5625 -0.0800964
0.568839 -0.078125

0.565253 -0.078125
0.578125 -0.0742653

0.578125 -0.0752719
0.59375 -0.0772239

2.01562 -0.214889
2.03125 -0.213925

2.03125 -0.214
2.04688 -0.212209

2.04688 -0.212176
2.0625 -0.209474

-1.03125 -0.138274
-1.03966 -0.125

2.0625 -0.209573
2.07812 -0.205828

-1.01562 -0.156697
-1.01613 -0.15625

-1 -0.167728
-1.01547 -0.15625

-0.71875 -0.0449089
-0.703125 -0.0455017

-1.01567 -0.15625
-1.03021 -0.140625

-0.703125 -0.0455357
-0.6875 -0.0435797

0.615043 -0.125
0.625 -0.1126

-1.03125 -0.138903
-1.03015 -0.140625

0.625 -0.107826
0.61865 -0.09375

2.07812 -0.205733
2.0925 -0.203125

0.609375 -0.0854369
0.597775 -0.078125

-0.6875 -0.120956
-0.671875 -0.119254

2.0807 -0.203125
2.09375 -0.200758

-0.671875 -0.119036
-0.65625 -0.11508

-1.01562 -0.156129
-1.01548 -0.15625

2.09375 -0.203877
2.10862 -0.203125

2.09375 -0.202071
2.10938 -0.20128

-0.6875 -0.064308
-0.679924 -0.0625

2.10938 -0.201851
2.125 -0.201659

0.609375 -0.0891799
0.613915 -0.09375

-0.65625 -0.114815
-0.640625 -0.109572

-0.640625 -0.109467
-0.640376 -0.109375

-0.64042 -0.109375
-0.625 -0.103693

-0.6875 -0.0621106
-0.683385 -0.0625

-1.06263 -0.078125
-1.07164 -0.0625

-1.10938 -0.00775533
-1.11497 0

-1.09375 -0.0295471
-1.10359 -0.015625

0.671875 -0.213783
0.665345 -0.203125

-1.10938 -0.00691827
-1.10315 -0.015625

2.04688 -0.0979615
2.03554 -0.09375

-0.6875 -0.0434831
-0.671875 -0.0390586

2.04688 -0.0976942
2.05134 -0.09375

-1.07812 -0.0527256
-1.08183 -0.046875

0.665669 -0.203125
0.671875 -0.19477

2.03791 -0.09375
2.04688 -0.0827637

0.671875 -0.212148
0.685271 -0.203125

-1.08153 -0.046875
-1.09235 -0.03125

0.671875 -0.195169
0.68628 -0.203125

2.04688 -0.0803908
2.0514 -0.09375

-0.671875 -0.0600422
-0.65625 -0.0557281

2.125 -0.201757
2.14062 -0.201541

0.6875 -0.204764
0.688027 -0.203125

2.14062 -0.20156
2.15625 -0.201084

0.703125 -0.127408
0.699608 -0.125

2.15625 -0.20111
2.17188 -0.200285

0.703125 -0.12654
0.71875 -0.134557

-1.07812 -0.0515173
-1.07116 -0.0625

0.71875 -0.134467
0.734375 -0.139062

-0.671875 -0.0377438
-0.657952 -0.03125

0.734375 -0.139787
0.75 -0.139689

-0.658807 -0.03125
-0.65625 -0.0298378

2.17188 -0.200325
2.1875 -0.19902

-1.09375 -0.0289999
-1.0922 -0.03125

2.1875 -0.19909
2.20312 -0.197083

-1.04711 -0.109375
-1.05491 -0.09375

-1.03868 -0.125
-1.0468 -0.109375

-0.65625 -0.0538952
-0.640625 -0.0486487

-1.04688 -0.109004
-1.04669 -0.109375

-0.640625 -0.0459024
-0.625 -0.0465188

0.625 -0.114726
0.627177 -0.109375

-1.05431 -0.09375
-1.06237 -0.078125

0.625 -0.108506
0.625316 -0.109375

-1.0625 -0.0777176
-1.06227 -0.078125

0.6875 -0.113787
0.683949 -0.109375

-0.65625 -0.0296448
-0.640625 -0.0183818

2.20312 -0.196865
2.21875 -0.194453

0.68412 -0.109375
0.675598 -0.09375

-0.640625 -0.0182715
-0.637632 -0.015625

-0.637722 -0.015625
-0.625 -0.00324278

2.21875 -0.194631
2.25 -0.18916

0.676357 -0.09375
0.672633 -0.078125

-0.59375 -0.235717
-0.594752 -0.234375

-0.600401 -0.234375
-0.59835 -0.21875

0.672493 -0.078125
0.672327 -0.0625

0.672025 -0.0625
0.676299 -0.046875

0.676166 -0.046875
0.685751 -0.03125

0.685727 -0.03125
0.6875 -0.0290897

0.6875 -0.113592
0.69994 -0.125

0.6875 -0.0290246
0.701387 -0.015625

0.702489 -0.015625
0.703125 -0.0151421

0.703125 -0.0150712
0.71875 -0.0050451

0.71875 -0.00546947
0.729057 0

0.75 -0.286552
0.76768 -0.28125

0.75 -0.272345
0.765625 -0.268953

0.765625 -0.27112
0.779895 -0.265625

0.77939 -0.265625
0.78125 -0.264926

0.78125 -0.288864
0.792178 -0.28125

0.78125 -0.265989
0.7819 -0.265625

0.78125 -0.262633
0.796875 -0.255176

2.24612 -0.1875
2.25 -0.186618

0.796875 -0.255447
0.8125 -0.250908

0.8125 -0.284977
0.816177 -0.28125

0.8125 -0.250282
0.814071 -0.25

0.859375 -0.250564
0.854958 -0.25

0.859375 -0.250784
0.875 -0.254153

0.890625 -0.265673
0.890446 -0.265625

0.875 -0.253599
0.890625 -0.25688

2.25 -0.187341
2.26562 -0.184982

2.26562 -0.185732
2.28125 -0.185669

-0.59375 -0.234537
-0.578125 -0.24233

2.28125 -0.186035
2.29688 -0.186038

2.29688 -0.186
2.3125 -0.185412

0.890625 -0.256524
0.90625 -0.259764

-0.59375 -0.22178
-0.584514 -0.21875

-0.57767 -0.25
-0.576412 -0.234375

2.3125 -0.185452
2.32812 -0.184266

-0.570052 -0.234375
-0.572955 -0.21875

2.32812 -0.184316
2.34375 -0.182354

-0.528714 -0.25
-0.521339 -0.234375

-0.522976 -0.234375
-0.515625 -0.228399

0.90625 -0.259711
0.921875 -0.261889

2.34375 -0.182425
2.35938 -0.179444

2.35938 -0.179031
2.375 -0.175715

-0.5 -0.237428
-0.506368 -0.234375

-0.515625 -0.226272
-0.5 -0.229998

2.375 -0.175557
2.39062 -0.173051

2.39062 -0.173115
2.40384 -0.171875

2.40265 -0.171875
2.40625 -0.171538

0.9375 -0.26564
0.93726 -0.265625

2.40625 -0.171814
2.42188 -0.170927

-0.625 -0.103518
-0.609375 -0.0978375

-0.609375 -0.0974961
-0.596669 -0.09375

2.42188 -0.171221
2.4375 -0.169951

0.921875 -0.26198
0.9375 -0.262965

-0.596296 -0.09375
-0.59375 -0.0929895

-0.59375 -0.0938376
-0.59086 -0.09375

0.9375 -0.262836
0.953125 -0.262703

0.953125 -0.262372
0.96875 -0.262041

0.96875 -0.261963
0.984375 -0.262256

0.984375 -0.262363
1 -0.263226

0.75 -0.140128
0.765625 -0.133011

0.765625 -0.133602
0.776916 -0.125

-0.5625 -0.0955686
-0.577135 -0.09375

-0.592463 -0.09375
-0.578125 -0.0887502

0.822525 -0.25
0.828125 -0.248995

0.828125 -0.248139
0.84375 -0.246995

-0.578125 -0.0648932
-0.579712 -0.0625

-0.567871 -0.09375
-0.5625 -0.0917809

0.84375 -0.246504
0.859375 -0.248499

0.859375 -0.24752
0.870873 -0.25

-0.578125 -0.0668031
-0.5625 -0.0780954

-0.625 -0.0442796
-0.609375 -0.0439529

-0.59375 -0.0478323
-0.596949 -0.046875

2.4375 -0.17013
2.45312 -0.167533

2.45312 -0.167563
2.46875 -0.163219

2.46875 -0.162063
2.49242 -0.15625

2.49467 -0.15625
2.5 -0.155117

-0.609375 -0.0431667
-0.596821 -0.046875

-0.625 -0.00367048
-0.621717 0

-0.578125 -0.0600855
-0.593435 -0.046875

-0.578125 -0.0623002
-0.577942 -0.0625

0.77107 -0.125
0.78125 -0.117005

-0.5625 -0.100097
-0.546875 -0.0938155

0.78125 -0.117588
0.796412 -0.109375

0.794709 -0.109375
0.796875 -0.107217

0.796875 -0.111212
0.8125 -0.110191

2.5 -0.155142
2.51562 -0.151869

2.51562 -0.151779
2.53125 -0.148262

-0.546875 -0.0975862
-0.543075 -0.09375

-0.54932 -0.09375
-0.547647 -0.078125

-0.5625 -0.0719927
-0.551718 -0.078125

0.805524 -0.109375
0.8125 -0.0998564

2.53125 -0.148178
2.54688 -0.144765

-0.543329 -0.09375
-0.544202 -0.078125

-0.546875 -0.0766275
-0.545214 -0.078125

0.796875 -0.0832214
0.793483 -0.078125

-0.90625 0.124482
-0.908016 0.125

-0.90625 0.12476
-0.890625 0.118103

0.795469 -0.078125
0.784345 -0.0625

0.796875 -0.0833959
0.809292 -0.09375

0.78125 -0.0618868
0.774875 -0.046875

0.777713 -0.046875
0.775554 -0.03125

0.765625 -0.00264343
0.764293 0

0.767379 -0.03125
0.77561 -0.015625

0.765625 -0.0143243
0.78125 -0.00983792

0.78125 -0.0314743
0.781583 -0.03125

-0.875 0.108199
-0.876689 0.109375

-0.890625 0.118553
-0.876765 0.109375

2.54688 -0.14476
2.5625 -0.14163

0.796875 -0.0317029
0.8125 -0.042187

-1 0.153221
-0.984375 0.146888

-0.984375 0.146631
-0.96875 0.140746

0.78125 -0.0178366
0.796875 -0.0244362

0.78125 -0.0141669
0.783845 -0.015625

-0.953125 0.135892
-0.968582 0.140625

-0.96875 0.140648
-0.968675 0.140625

0.8125 -0.110965
0.828125 -0.114182

0.8125 -0.101098
0.818481 -0.09375

0.828125 -0.116487
0.84375 -0.113535

2.5625 -0.142619
2.57402 -0.140625

2.56372 -0.140625
2.57812 -0.138132

-0.953125 0.136043
-0.9375 0.132198

0.828125 -0.0930099
0.84375 -0.0882857

0.84375 -0.116037
0.852409 -0.109375

0.851335 -0.109375
0.855501 -0.09375

2.57812 -0.142629
2.59015 -0.140625

2.57812 -0.138317
2.59375 -0.135713

-1 0.231264
-0.984375 0.233876

-0.984375 0.233861
-0.980456 0.234375

2.59375 -0.136506
2.60938 -0.1335

0.84375 -0.0851898
0.859375 -0.0890989

-0.980287 0.234375
-0.96875 0.235887

-0.96875 0.235861
-0.953125 0.237469

2.60938 -0.133452
2.625 -0.130096

0.850833 -0.078125
0.855617 -0.0625

-0.953125 0.237453
-0.9375 0.238715

-0.9375 0.132451
-0.921875 0.128739

-0.921875 0.128976
-0.908314 0.125

2.625 -0.130094
2.64062 -0.126486

2.64062 -0.127216
2.64989 -0.125

0.859375 -0.083443
0.875 -0.0786124

0.859375 -0.0688216
0.865474 -0.078125

0.8125 -0.0396972
0.828125 -0.0445169

0.84375 -0.048229
0.839904 -0.046875

-0.9375 0.238698
-0.921875 0.239678

-0.921875 0.239668
-0.90625 0.240419

2.64426 -0.125
2.65625 -0.122132

2.65625 -0.122383
2.67188 -0.119247

-0.90625 0.240433
-0.890625 0.240945

2.67188 -0.119274
2.6875 -0.117298

0.828125 -0.0453853
0.837721 -0.046875

-0.890625 0.240989
-0.875 0.241149

0.859375 -0.0490519
0.856761 -0.046875

0.84375 -0.0466431
0.857016 -0.046875

-0.84375 0.0580992
-0.845369 0.0625

-0.828125 0.0177257
-0.834124 0.03125

2.6875 -0.117274
2.70312 -0.116453

0.869079 -0.0625
0.865088 -0.046875

-0.817513 0
-0.827517 0.015625

0.874924 -0.046875
0.874961 -0.03125

0.859375 -0.0147973
0.849443 0

0.859375 -0.0158317
0.875 -0.0308994

2.70312 -0.11653
2.71875 -0.116757

2.71875 -0.116673
2.73438 -0.118006

-0.828125 0.0218255
-0.825374 0.015625

2.71875 -0.109054
2.7228 -0.109375

-0.833411 0.03125
-0.839344 0.046875

-0.84375 0.0597045
-0.839031 0.046875

-0.859375 0.0919264
-0.860594 0.09375

0.859375 -0.0132064
0.861088 -0.015625

-0.84449 0.0625
-0.851251 0.078125

0.875 -0.247544
0.886698 -0.25

0.890625 -0.249548
0.892466 -0.25

-0.859375 0.0918464
-0.850531 0.078125

0.875 -0.0801037
0.884172 -0.078125

-0.875 0.108587
-0.860285 0.09375

2.73438 -0.118424
2.75 -0.120508

2.73438 -0.107945
2.742 -0.109375

0.886623 -0.078125
0.890625 -0.077896

2.78125 -0.126338
2.78424 -0.125

2.75 -0.120645
2.76562 -0.122228

-0.875 0.241245
-0.859375 0.240773

-0.859375 0.240877
-0.84375 0.239374

-0.84375 0.239492
-0.828125 0.236517

-0.8125 0.231904
-0.820927 0.234375

-0.828125 0.236407
-0.820944 0.234375

-0.8125 0.231629
-0.796875 0.226056

0.890625 -0.077453
0.90625 -0.067487

0.90625 -0.0643798
0.908483 -0.0625

0.875 -0.0542284
0.875999 -0.0625

0.875 -0.0367623
0.890625 -0.0330721

2.76562 -0.122591
2.78125 -0.121974

2.78125 -0.124112
2.8125 -0.108227

-0.796875 0.225899
-0.78125 0.220161

-0.765625 0.214325
-0.776371 0.21875

2.8125 -0.0962924
2.81603 -0.09375

0.890625 -0.0314065
0.89085 -0.03125

2.82812 -0.0906766
2.84375 -0.0816058

2.84375 -0.080069
2.84683 -0.078125

2.84853 -0.078125
2.85938 -0.0711457

0.890864 -0.03125
0.90625 -0.0160165

2.85938 -0.0715253
2.87295 -0.0625

2.87072 -0.0625
2.875 -0.0596112

0.90357 -0.015625
0.90625 -0.0121991

0.909149 -0.0625
0.921875 -0.0522986

0.921875 -0.053221
0.930162 -0.046875

0.930847 -0.046875
0.9375 -0.0415206

0.90625 -0.0122587
0.916943 0

2.875 -0.060354
2.89062 -0.0498912

2.89062 -0.050374
2.89638 -0.046875

-0.765625 0.21435
-0.75 0.205974

-0.78125 0.219939
-0.777619 0.21875

-0.75 0.242891
-0.76157 0.25

0.9375 -0.0413275
0.947735 -0.03125

-0.9375 0.303929
-0.955097 0.3125

2.8951 -0.046875
2.90625 -0.0400943

0.947217 -0.03125
0.953125 -0.0246834

0.953125 -0.0243025
0.960791 -0.015625

0.960827 -0.015625
0.96875 -0.0071256

0.96875 -0.0068345
0.975718 0

-1 0.32083
-0.951027 0.3125

-0.90625 0.281169
-0.906498 0.28125

2.90625 -0.0402431
2.92188 -0.0319957

2.92188 -0.0324636
2.92477 -0.03125

2.92315 -0.03125
2.9375 -0.0252438

2.9375 -0.0253765
2.95312 -0.0206994

2.95312 -0.0207129
2.96875 -0.0177887

2.96875 -0.0180356
2.98438 -0.0163432

2.98438 -0.0173404
2.99475 -0.015625

-0.9375 0.295137
-0.908345 0.28125

-0.890625 0.281155
-0.891628 0.28125

-0.890625 0.281174
-0.875 0.281015

0.5 0.0764765
0.503602 0.078125

-0.875 0.281011
-0.859375 0.280843

2.99212 -0.015625
3 -0.014322

0.504427 0.078125
0.515625 0.0832491

0.515625 0.0823856
0.53125 0.0906773

3 -0.013578
3.03125 -0.00735338

-0.84375 0.280155
-0.857769 0.28125

3.03125 -0.00546293
3.0625 -0.00269391

-0.84375 0.280496
-0.828125 0.276478

3.0625 -0.00523654
3.125 -0.00400096

3.125 -0.00514776
3.25 -0.00376029

0.53125 0.0922513
0.533923 0.09375

0.534535 0.09375
0.546875 0.10067

0.546875 0.102037
0.5625 0.106074

-0.828125 0.275844
-0.8125 0.269601

-0.796875 0.263768
-0.802268 0.265625

3.25 -0.00360433
3.5 -0.00186884

-0.8125 0.268421
-0.804718 0.265625

3.5 -0.00246253
3.91949 0

0.5625 0.103823
0.578125 0.105033

0.578125 0.10649
0.59375 0.106459

0.59375 0.106403
0.609375 0.102333

0.609375 0.0997736
0.625 0.0968952

-0.796875 0.264545
-0.78125 0.258447

0.609375 0.155427
0.625 0.149447

0.613784 0.15625
0.625 0.16066

-0.78125 0.257336
-0.765625 0.250273

-0.765625 0.250211
-0.765245 0.25

0.625 0.0981143
0.640625 0.0991073

0.640625 0.10168
0.65625 0.0989604

-0.65625 0.109687
-0.666913 0.125

-0.640625 0.0845817
-0.64673 0.09375

-0.625 0.0635164
-0.636286 0.078125

0.671875 0.0877692
0.662405 0.09375

0.6875 0.0751096
0.682472 0.078125

0.671875 0.0857944
0.683874 0.078125

0.65625 0.0986227
0.66416 0.09375

0.730269 0
0.734375 0.00217897

0.734375 0.00276724
0.75 0.0102832

0.6875 0.0756785
0.703125 0.070715

0.703125 0.0709633
0.71875 0.0703519

-0.640625 0.0848331
-0.636151 0.078125

-0.646081 0.09375
-0.656089 0.109375

-0.65625 0.109698
-0.656036 0.109375

0.71875 0.0703387
0.734375 0.073609

0.734375 0.0747696
0.74501 0.078125

0.745384 0.078125
0.75 0.0795814

0.625 0.153068
0.62655 0.15625

-0.71875 0.176009
-0.730072 0.1875

-0.6875 0.148767
-0.695923 0.15625

-0.703125 0.161717
-0.714523 0.171875

-0.71875 0.175736
-0.714773 0.171875

-0.703125 0.162009
-0.696329 0.15625

-0.734375 0.193383
-0.747234 0.203125

-0.75 0.203546
-0.745117 0.203125

-0.734375 0.195024
-0.729678 0.1875

-0.734375 0.217251
-0.71875 0.2085

-0.734375 0.225308
-0.741356 0.234375

-0.75 0.242276
-0.741632 0.234375

-0.734375 0.222933
-0.729837 0.21875

-0.71875 0.208964
-0.703125 0.211318

-0.703125 0.202815
-0.699401 0.203125

-0.701298 0.203125
-0.6875 0.214925

-0.704395 0.21875
-0.703125 0.226366

-0.708977 0.234375
-0.707572 0.25

-0.69386 0.21875
-0.698666 0.234375

0.625 0.165006
0.63018 0.15625

-0.703125 0.244204
-0.6962 0.25

-0.671875 0.131737
-0.679224 0.140625

-0.6875 0.148963
-0.679242 0.140625

-0.671875 0.131775
-0.66671 0.125

0.511465 0.25
0.505304 0.265625

0.515625 0.274689
0.503985 0.28125

0.518926 0.25
0.53125 0.263817

0.515625 0.27392
0.53125 0.27824

-0.640625 0.167705
-0.643969 0.171875

-0.640625 0.175641
-0.643429 0.1875

-0.625 0.163993
-0.634164 0.171875

-0.629097 0.171875
-0.636852 0.1875

0.5 0.281595
0.508964 0.28125

0.53125 0.26378
0.5318 0.265625

-0.6875 0.19591
-0.675278 0.203125

-0.684824 0.203125
-0.682823 0.21875

0.53125 0.276976
0.539958 0.28125

0.546875 0.281021
0.552346 0.28125

-0.6875 0.242276
-0.671875 0.24065

-0.671875 0.242543
-0.65625 0.248197

-0.639044 0.1875
-0.630658 0.203125

0.560281 0.28125
0.5625 0.281693

0.59375 0.281021
0.583511 0.28125

0.5625 0.281392
0.582187 0.28125

0.59375 0.280999
0.609375 0.280275

0.609375 0.280256
0.625 0.279206

-0.637966 0.203125
-0.625 0.21192

-0.65625 0.248229
-0.653187 0.25

-0.621399 0
-0.610836 0.015625

-0.610565 0.015625
-0.609375 0.0207233

0.625 0.279191
0.640625 0.277884

0.640625 0.277867
0.65625 0.276368

-0.609375 0.0194465
-0.60662 0.03125

-0.609375 0.0409503
-0.61104 0.046875

-0.611958 0.046875
-0.622666 0.0625

-0.609375 0.0410676
-0.606616 0.03125

0.65625 0.276375
0.671875 0.274702

0.671875 0.274739
0.6875 0.272805

-0.625 0.0636747
-0.624054 0.0625

-0.578125 0.124343
-0.579269 0.125

-0.578125 0.12322
-0.5625 0.121736

0.6875 0.272838
0.703125 0.270502

0.703125 0.270418
0.71875 0.267782

-0.546875 0.0452506
-0.53125 0.0391275

-0.546875 0.058772
-0.543112 0.046875

0.734375 0.265274
0.732062 0.265625

0.71875 0.267569
0.731571 0.265625

0.734375 0.265194
0.75 0.263529

0.75 0.0106456
0.7643 0.015625

0.761079 0.015625
0.765625 0.0175531

0.765625 0.0172648
0.78125 0.0222924

0.78125 0.0220391
0.796875 0.0253255

-0.53125 0.0393855
-0.52058 0.046875

-0.523224 0.046875
-0.519898 0.0625

0.796875 0.0257326
0.8125 0.0269702

0.75 0.079577
0.765625 0.084091

-0.546875 0.0657724
-0.53125 0.0743772

-0.5625 0.121322
-0.556011 0.125

0.765625 0.0826337
0.78125 0.0898188

0.78125 0.090432
0.786256 0.09375

-0.53125 0.0747828
-0.517414 0.0625

-0.53125 0.0799112
-0.526712 0.078125

0.785245 0.09375
0.796875 0.101773

0.796875 0.101477
0.80651 0.109375

-0.5 0.105684
-0.504357 0.109375

-0.505991 0.109375
-0.505291 0.125

0.807448 0.109375
0.8125 0.114593

0.8125 0.0276876
0.828125 0.0246274

-0.59375 0.138028
-0.596205 0.140625

-0.609375 0.155522
-0.59603 0.140625

-0.609375 0.157194
-0.624719 0.171875

-0.625 0.173689
-0.62375 0.171875

0.84375 0.0123686
0.840772 0.015625

0.828125 0.0259831
0.842957 0.015625

-0.609375 0.157312
-0.608452 0.15625

-0.59375 0.136452
-0.579025 0.125

-0.625 0.207855
-0.609375 0.206733

-0.59375 0.198238
-0.608977 0.203125

0.84375 0.0121322
0.851077 0

0.84375 0.0226986
0.850328 0.015625

-0.609375 0.203282
-0.608889 0.203125

-0.59375 0.199227
-0.578125 0.195158

0.875 0.0269307
0.864852 0.03125

0.872099 0.03125
0.871407 0.046875

-0.578125 0.196323
-0.5625 0.188894

-0.556484 0.125
-0.546875 0.135307

0.8125 0.113741
0.821319 0.125

0.8125 0.232572
0.811449 0.234375

0.812431 0.234375
0.799767 0.25

-0.547009 0.140625
-0.546875 0.141843

-0.546875 0.135476
-0.544234 0.140625

0.818746 0.125
0.828125 0.139632

0.828125 0.138995
0.829149 0.140625

-0.546549 0.140625
-0.544852 0.15625

-0.546875 0.169131
-0.547464 0.171875

-0.546875 0.1732
-0.558971 0.1875

-0.546875 0.166437
-0.544689 0.15625

-0.508265 0.125
-0.5 0.130455

0.829672 0.140625
0.840058 0.15625

0.841757 0.15625
0.84375 0.163312

-0.5625 0.190386
-0.558501 0.1875

-0.709075 0.25
-0.703125 0.257738

-0.705985 0.265625
-0.703125 0.269275

-0.703125 0.255676
-0.6875 0.255115

-0.703125 0.269538
-0.6875 0.266964

0.84375 0.17889
0.840873 0.1875

0.84375 0.159969
0.847054 0.171875

0.84375 0.179246
0.846213 0.171875

0.828125 0.204714
0.819634 0.21875

0.83891 0.1875
0.829319 0.203125

0.828125 0.204673
0.829058 0.203125

0.8125 0.230926
0.819614 0.21875

-0.6875 0.250412
-0.686595 0.25

-0.6875 0.267437
-0.686578 0.265625

0.875 0.0307991
0.887284 0.03125

0.875 0.0399605
0.887201 0.03125

-0.6532 0.25
-0.640625 0.257348

-0.640625 0.259385
-0.629645 0.265625

-0.628312 0.265625
-0.625 0.267489

-0.625 0.26783
-0.609375 0.273254

0.877083 0.046875
0.890625 0.0571514

0.890625 0.0366422
0.905459 0.046875

-0.609375 0.273052
-0.59375 0.275906

-0.59375 0.275645
-0.578125 0.276855

-0.578125 0.27657
-0.5625 0.27723

-0.5625 0.277179
-0.546875 0.277958

0.890625 0.0610805
0.90625 0.0556441

0.918858 0
0.921875 0.00303295

-0.546875 0.277995
-0.53125 0.278921

-0.53125 0.278925
-0.515625 0.279918

-0.515625 0.27996
-0.5 0.280929

0.921875 0.00339837
0.933186 0.015625

0.933771 0.015625
0.9375 0.0208751

0.90625 0.0433928
0.910033 0.046875

0.910943 0.046875
0.912727 0.0625

0.921875 0.0588075
0.923188 0.0625

0.903027 0.0625
0.90625 0.0631511

-0.5 -0.344572
-0.497658 -0.34375

-0.5 -0.333397
-0.46875 -0.316547

0.90625 0.0673902
0.921875 0.0631473

0.921875 0.0751805
0.929055 0.0625

0.9375 0.0207034
0.94485 0.03125

0.944406 0.03125
0.951753 0.046875

-0.46875 -0.329766
-0.4375 -0.316758

-0.470861 -0.3125
-0.476764 -0.28125

0.951659 0.046875
0.953125 0.0523575

-0.5 -0.27479
-0.497855 -0.28125

-0.484375 -0.27698
-0.479178 -0.265625

0.953125 0.0517403
0.957005 0.0625

0.975649 0
0.984375 0.00771528

-0.472398 -0.265625
-0.46875 -0.264963

-0.46433 -0.3125
-0.44082 -0.28125

-0.46875 -0.280827
-0.466546 -0.265625

-0.453501 -0.265625
-0.453125 -0.265306

-0.444999 -0.28125
-0.4375 -0.27796

0.984375 0.00799517
0.994781 0.015625

0.99504 0.015625
1 0.0190201

-0.453005 -0.265625
-0.448121 -0.25

-0.4375 -0.318084
-0.429238 -0.3125

0.955867 0.0625
0.962832 0.078125

0.961565 0.078125
0.96875 0.0875522

-0.40625 -0.318087
-0.398655 -0.3125

-0.4375 -0.304006
-0.421875 -0.310513

0.96875 0.087948
0.977109 0.09375

1 0.0936058
0.997421 0.09375

-0.430626 -0.296875
-0.432127 -0.28125

-0.420521 -0.3125
-0.407802 -0.296875

0.975642 0.09375
0.984375 0.0980718

0.984375 0.0962067
1 0.0953329

-0.413036 -0.296875
-0.414364 -0.28125

-0.4375 -0.278594
-0.431093 -0.265625

-0.427213 -0.265625
-0.42421 -0.25

1 0.220939
0.996267 0.234375

0.997991 0.234375
0.998466 0.25

-0.421875 -0.273458
-0.409632 -0.265625

-0.421875 -0.258963
-0.416155 -0.265625

-0.40625 -0.308608
-0.403438 -0.296875

-0.381322 -0.3125
-0.375 -0.310463

0.75 0.263783
0.765625 0.26235

0.765625 0.262797
0.78125 0.260196

-0.40625 -0.271242
-0.390625 -0.269308

-0.390625 -0.270284
-0.375 -0.273281

0.78125 0.262147
0.796875 0.253583

0.796875 0.254704
0.801987 0.25

-0.375 -0.315167
-0.353523 -0.3125

0.99837 0.25
1 0.25832

0.993371 0.265625
1 0.278804

1 -0.263392
1.01562 -0.264275

1.03125 -0.26563
1.03108 -0.265625

-0.365436 -0.3125
-0.359375 -0.305393

-0.359375 -0.298852
-0.353849 -0.3125

1.01562 -0.264346
1.03125 -0.264774

1.03125 -0.264795
1.04688 -0.264583

-0.375 -0.274403
-0.359375 -0.278137

-0.359375 -0.278018
-0.34375 -0.280485

-0.34375 -0.298464
-0.342061 -0.296875

-0.328125 -0.282141
-0.341991 -0.28125

1.04688 -0.264484
1.0625 -0.263787

1.0625 -0.263636
1.07812 -0.262952

1.07812 -0.262974
1.09375 -0.262561

-0.328125 -0.282741
-0.3125 -0.28424

-0.34375 -0.279952
-0.33311 -0.28125

-0.328125 -0.280151
-0.315974 -0.28125

-0.28125 -0.312932
-0.283006 -0.3125

1.09375 -0.26563
1.09403 -0.265625

1.09375 -0.262593
1.10938 -0.26234

-0.25 -0.312522
-0.250224 -0.3125

-0.296875 -0.297007
-0.297692 -0.296875

1.10938 -0.265642
1.11062 -0.265625

1.10938 -0.262368
1.125 -0.262154

-0.3125 -0.284094
-0.296875 -0.285306

-0.28125 -0.297431
-0.287661 -0.296875

-0.296875 -0.284905
-0.28125 -0.285839

-0.3125 -0.280003
-0.296875 -0.281158

-0.265625 -0.297393
-0.277711 -0.296875

-0.28125 -0.285544
-0.265625 -0.28586

1.125 -0.265701
1.13045 -0.265625

1.125 -0.262143
1.14062 -0.261921

-0.265625 -0.296951
-0.25 -0.29732

-0.265625 -0.285669
-0.25 -0.286048

-0.5 -0.244803
-0.484375 -0.248485

-0.482277 -0.25
-0.46875 -0.236841

1.14062 -0.265726
1.1473 -0.265625

1.14062 -0.261924
1.15625 -0.261688

-0.473591 -0.234375
-0.4694 -0.21875

-0.474537 -0.21875
-0.46875 -0.208546

-0.453125 -0.2362
-0.453535 -0.234375

-0.46875 -0.23384
-0.46862 -0.234375

-0.453125 -0.248697
-0.446565 -0.234375

-0.445609 -0.234375
-0.4375 -0.22693

-0.46875 -0.209234
-0.462384 -0.203125

1.15625 -0.261694
1.17188 -0.261453

1.17188 -0.261457
1.1875 -0.261238

1.1875 -0.261235
1.20312 -0.261037

1.20312 -0.261034
1.21875 -0.260867

-0.459248 -0.203125
-0.453125 -0.199824

-0.453125 -0.202023
-0.4375 -0.198001

1.21875 -0.260866
1.23438 -0.260736

1.23438 -0.260738
1.25 -0.260645

-0.42405 -0.25
-0.423554 -0.234375

-0.4375 -0.227385
-0.421875 -0.219237

-0.421875 -0.236502
-0.420531 -0.234375

-0.406308 -0.234375
-0.409306 -0.21875

-0.422716 -0.21875
-0.421875 -0.217339

-0.4375 -0.197859
-0.421875 -0.193425

1.01562 -0.173578
1.0146 -0.171875

1.01538 -0.171875
1.01562 -0.170219

1.01562 -0.174313
1.03125 -0.175966

1.01562 -0.167745
1.03125 -0.156329

1.03125 -0.172866
1.03214 -0.171875

1.03476 -0.171875
1.03255 -0.15625

1.03125 -0.155312
1.03265 -0.15625

-0.421875 -0.212318
-0.40625 -0.213183

1.10938 -0.149298
1.10289 -0.140625

1.10231 -0.140625
1.10865 -0.125

1.10938 -0.150028
1.125 -0.14463

1.10938 -0.126635
1.125 -0.136807

-0.421875 -0.187622
-0.40625 -0.190393

-0.40625 -0.231033
-0.395678 -0.21875

-0.390625 -0.208538
-0.400759 -0.203125

-0.40625 -0.193211
-0.393568 -0.203125

-0.390625 -0.209636
-0.375 -0.218155

-0.375 -0.164256
-0.379609 -0.15625

-0.378876 -0.15625
-0.384144 -0.140625

-0.383861 -0.140625
-0.387289 -0.125

-0.387387 -0.125
-0.389345 -0.109375

-0.389878 -0.109375
-0.389102 -0.09375

1.10661 -0.125
1.10938 -0.123501

1.10938 -0.124352
1.11276 -0.125

-0.390625 -0.0925349
-0.382361 -0.078125

-0.387436 -0.078125
-0.375 -0.0680017

-0.359375 -0.222275
-0.371437 -0.21875

1.14062 -0.000634595
1.15625 -0.00678066

1.15625 -0.00639648
1.16692 0

-0.359375 -0.221673
-0.34375 -0.224381

1.25 -0.260649
1.26562 -0.26058

1.26562 -0.260587
1.28125 -0.260518

-0.375 -0.218141
-0.372644 -0.21875

-0.34375 -0.191928
-0.351162 -0.1875

-0.34375 -0.224778
-0.328125 -0.226185

-0.328125 -0.22706
-0.3125 -0.224625

-0.34375 -0.191791
-0.328125 -0.19768

-0.328125 -0.197361
-0.3125 -0.200262

-0.359375 -0.183129
-0.370889 -0.171875

-0.375 -0.164313
-0.370281 -0.171875

-0.359375 -0.182015
-0.350743 -0.1875

1.28125 -0.260528
1.29688 -0.260423

-0.3125 -0.222116
-0.296875 -0.219166

-0.296875 -0.221158
-0.28125 -0.218808

-0.297055 -0.21875
-0.296875 -0.213414

-0.3125 -0.200121
-0.296875 -0.200894

-0.284525 -0.21875
-0.28125 -0.218362

-0.296875 -0.201528
-0.28125 -0.199103

1.29688 -0.260437
1.3125 -0.260247

1.3125 -0.260265
1.32812 -0.259926

1.32812 -0.265631
1.32828 -0.265625

1.32812 -0.259951
1.34375 -0.259376

1.34375 -0.25943
1.35938 -0.258457

-0.28125 -0.217612
-0.265625 -0.214207

-0.28125 -0.196361
-0.265625 -0.192603

-0.265625 -0.213567
-0.25 -0.208503

-0.265625 -0.192643
-0.25 -0.188514

-0.296875 -0.128011
-0.302408 -0.125

1.35938 -0.258472
1.375 -0.256961

1.375 -0.257142
1.39062 -0.2547

-0.296875 -0.128525
-0.28125 -0.13182

-0.28125 -0.131442
-0.265625 -0.129294

1.39062 -0.254464
1.40625 -0.251197

1.40625 -0.250692
1.41277 -0.25

-0.265625 -0.129375
-0.255839 -0.125

-0.375 -0.0684
-0.359375 -0.0715205

-0.34375 -0.0923416
-0.358419 -0.078125

-0.359375 -0.0737304
-0.354752 -0.078125

1.40922 -0.25
1.42188 -0.248131

1.42188 -0.248623
1.4375 -0.24781

-0.328125 -0.106887
-0.342705 -0.09375

-0.3125 -0.118896
-0.32495 -0.109375

-0.328125 -0.107068
-0.32525 -0.109375

-0.34375 -0.0926009
-0.342594 -0.09375

-0.3125 -0.119502
-0.30252 -0.125

-0.255865 -0.125
-0.25 -0.122378

1.4375 -0.247886
1.45312 -0.247638

-0.265625 -2.80004e-05
-0.266834 0

-0.265625 -0.00095934
-0.264329 0

1.45312 -0.247704
1.46875 -0.247737

-0.234375 -0.296884
-0.234542 -0.296875

-0.25 -0.286177
-0.234375 -0.286926

-0.234375 -0.287063
-0.21875 -0.287896

-0.21875 -0.287854
-0.203125 -0.288578

1.46875 -0.247797
1.48438 -0.247858

1.48438 -0.247843
1.5 -0.247841

-0.203125 -0.288695
-0.1875 -0.28916

1.4375 -0.00508328
1.42851 0

-0.1875 -0.289485
-0.171875 -0.28881

-0.171875 -0.290131
-0.15625 -0.285027

-0.15625 -0.285828
-0.149511 -0.28125

-0.151042 -0.28125
-0.140625 -0.271357

1.4375 -0.00609354
1.45312 -0.0136826

-0.140625 -0.271193
-0.136557 -0.265625

-0.138785 -0.265625
-0.126953 -0.25

1.46875 -0.0168121
1.46016 -0.015625

1.45312 -0.0146359
1.46026 -0.015625

1.46875 -0.0164645
1.47144 -0.015625

1.47215 -0.015625
1.48438 -0.0118159

1.48438 -0.0106266
1.5 -0.00134557

1 0.0191028
1.01562 0.0279834

1.03125 0.0305786
1.02473 0.03125

-0.015625 -0.288166
-0.0189115 -0.28125

0 -0.297005
-0.00173551 -0.296875

-0.015625 -0.286876
0 -0.293978

-0.015625 -0.267562
-0.0158873 -0.265625

-0.0156844 -0.265625
-0.015625 -0.265306

-0.015625 -0.274813
-0.0118147 -0.28125

-0.0153393 -0.265625
-0.0129333 -0.25

-0.25 -0.207725
-0.239213 -0.203125

-0.241517 -0.203125
-0.234375 -0.20119

-0.234375 -0.200028
-0.21875 -0.18923

-0.21875 -0.189223
-0.216925 -0.1875

-0.249528 -0.1875
-0.234375 -0.177554

-0.234375 -0.176691
-0.230681 -0.171875

-0.23003 -0.171875
-0.21875 -0.158244

-0.2169 -0.1875
-0.204598 -0.171875

-0.206282 -0.171875
-0.203125 -0.165063

-0.203125 -0.16406
-0.190296 -0.15625

-0.21875 -0.155217
-0.203549 -0.140625

-0.203125 -0.143856
-0.201165 -0.140625

-0.202503 -0.140625
-0.1875 -0.132817

-0.126209 -0.25
-0.125 -0.248116

-0.125 -0.189771
-0.125612 -0.1875

-0.1875 -0.157217
-0.171875 -0.157452

-0.171875 -0.159427
-0.15625 -0.16002

-0.1875 -0.133735
-0.171875 -0.129181

-0.171875 -0.132017
-0.158309 -0.125

-0.15625 -0.161531
-0.141905 -0.15625

-0.125011 -0.1875
-0.12883 -0.171875

-0.125937 -0.171875
-0.131874 -0.15625

-0.144069 -0.15625
-0.140625 -0.153332

-0.140625 -0.143696
-0.125 -0.141088

-0.131372 -0.140625
-0.135705 -0.125

-0.25 -0.123148
-0.234375 -0.109646

-0.234375 -0.109463
-0.234298 -0.109375

-0.234316 -0.109375
-0.224186 -0.09375

-0.22503 -0.09375
-0.220406 -0.078125

-0.22072 -0.078125
-0.219282 -0.0625

-0.219862 -0.0625
-0.219825 -0.046875

-0.220285 -0.046875
-0.219567 -0.03125

-0.234375 -0.0157725
-0.234464 -0.015625

-0.234597 -0.015625
-0.2346 0

-0.21875 -0.0225363
-0.219412 -0.015625

-0.223122 -0.015625
-0.222284 0

-0.21875 -0.0296306
-0.217656 -0.015625

-0.21875 -0.001656
-0.218602 0

-0.193836 -0.015625
-0.191581 0

-0.158302 -0.125
-0.15625 -0.123861

-0.15625 -0.11883
-0.140625 -0.111114

-0.144712 -0.109375
-0.140625 -0.103403

-0.130551 -0.125
-0.138925 -0.109375

-0.140625 -0.0970759
-0.125 -0.0972558

-0.141818 -0.09375
-0.140625 -0.0921571

-0.134399 -0.09375
-0.125 -0.0834729

-0.171875 -0.031388
-0.171992 -0.03125

-0.171875 -0.0363798
-0.15625 -0.0409682

-0.172354 -0.03125
-0.183243 -0.015625

-0.1875 -0.00694994
-0.171875 -0.0139895

-0.171875 -0.0205546
-0.158142 -0.03125

-0.153078 -0.046875
-0.149092 -0.03125

-0.15625 -0.0292714
-0.154158 -0.03125

-0.125459 -0.03125
-0.125 -0.0300712

-0.12406 -0.25
-0.114863 -0.234375

-0.114736 -0.234375
-0.114217 -0.21875

-0.116193 -0.21875
-0.1208 -0.203125

-0.125 -0.190596
-0.121623 -0.203125

-0.124154 -0.15625
-0.119296 -0.140625

-0.118045 -0.140625
-0.113857 -0.125

-0.078125 -0.172245
-0.0786843 -0.171875

-0.0806655 -0.171875
-0.0907767 -0.15625

-0.078125 -0.175796
-0.0625 -0.172833

-0.0677025 -0.171875
-0.0625 -0.169847

-0.087025 -0.15625
-0.0833123 -0.140625

-0.0898852 -0.140625
-0.078125 -0.126374

-0.078125 -0.129651
-0.0625 -0.131409

-0.015625 -0.249528
-0.00204267 -0.234375

-0.00297238 -0.234375
0 -0.232719

-0.0625 -0.172486
-0.0619171 -0.171875

-0.0625 -0.165811
-0.0570623 -0.15625

-0.03125 -0.172514
-0.0316553 -0.171875

-0.03125 -0.161835
-0.0329937 -0.15625

-0.0576585 -0.15625
-0.0588746 -0.140625

-0.0625 -0.125936
-0.0524259 -0.140625

-0.0318602 -0.15625
-0.0313882 -0.140625

-0.0312642 -0.140625
-0.03125 -0.140377

-0.03125 -0.173449
-0.015625 -0.183546

-0.03125 -0.162446
-0.0252204 -0.171875

-0.0122701 -0.1875
-0.00109105 -0.171875

-0.015625 -0.164976
-0.0107473 -0.15625

-0.0248309 -0.15625
-0.0300033 -0.140625

-0.0270328 -0.140625
-0.0249445 -0.125

-0.00723749 -0.15625
0 -0.149351

0 -0.127892
-0.00178002 -0.125

-0.11656 -0.125
-0.111867 -0.109375

-0.110939 -0.109375
-0.109375 -0.0946149

-0.107219 -0.109375
-0.107088 -0.09375

-0.113406 -0.09375
-0.115662 -0.078125

-0.116858 -0.078125
-0.119286 -0.0625

-0.109375 -0.0874499
-0.107323 -0.09375

-0.0805283 -0.125
-0.078125 -0.123983

-0.119276 -0.0625
-0.121635 -0.046875

-0.123716 -0.046875
-0.121864 -0.03125

-0.118361 -0.03125
-0.115144 -0.015625

-0.113404 -0.015625
-0.119342 0

-0.109375 -0.0170998
-0.109027 -0.015625

-0.109375 -0.0142277
-0.109006 -0.015625

-0.0312502 -0.125
-0.032268 -0.109375

-0.0335958 -0.109375
-0.0317109 -0.09375

-0.032334 -0.09375
-0.03125 -0.0917466

-0.0307608 -0.125
-0.0286798 -0.109375

-0.03125 -0.0959109
-0.0295163 -0.09375

-0.0053017 -0.125
-0.0111235 -0.109375

-0.0125901 -0.109375
-0.00915283 -0.09375

-0.03125 -0.0863747
-0.015625 -0.0795948

-0.0030222 -0.09375
-0.00103257 -0.078125

-0.00400667 -0.078125
-0.00835305 -0.0625

-0.0363998 -0.03125
-0.04021 -0.015625

-0.0398257 -0.015625
-0.038967 0

-0.015625 -0.0517051
-0.0186381 -0.046875

-0.027985 -0.046875
-0.0262036 -0.03125

-0.015625 -0.0520517
-0.0116842 -0.0625

-0.015625 -0.0348925
0 -0.0325603

-0.03125 -0.0245479
-0.015625 -0.029641

-0.5 0.104229
-0.484375 0.106971

-0.484375 0.110319
-0.489114 0.125

-0.484375 0.108006
-0.4834 0.109375

-0.483023 0.109375
-0.484208 0.125

-0.40625 0.085068
-0.413097 0.09375

-0.421875 0.108361
-0.422342 0.109375

-0.421875 0.1151
-0.424011 0.125

-0.421875 0.107923
-0.414905 0.09375

-0.390625 0.0689897
-0.402453 0.078125

-0.40625 0.083562
-0.400682 0.078125

-0.390625 0.064956
-0.375 0.0704676

-0.5 0.128252
-0.486099 0.125

-0.484375 0.125159
-0.48423 0.125

-0.441645 0.15625
-0.4375 0.16898

-0.424713 0.125
-0.426305 0.140625

-0.430201 0.140625
-0.424193 0.15625

-0.421875 0.137147
-0.421525 0.140625

-0.421875 0.147818
-0.409792 0.15625

-0.4375 0.158709
-0.421875 0.164816

-0.406812 0.15625
-0.40625 0.1564

-0.40625 0.133348
-0.390625 0.140336

-0.40625 0.149097
-0.397068 0.15625

-0.40404 0.15625
-0.390625 0.169428

-0.390625 0.168488
-0.388533 0.171875

-0.389847 0.171875
-0.380342 0.1875

-0.380121 0.1875
-0.375 0.19726

-0.375 0.0691304
-0.36856 0.078125

-0.371519 0.078125
-0.368008 0.09375

-0.371003 0.09375
-0.371669 0.109375

-0.371522 0.109375
-0.370668 0.125

-0.265625 0.00978099
-0.274809 0.015625

-0.267575 0.015625
-0.265625 0.0267773

-0.265625 0.0216151
-0.258319 0.03125

-0.267194 0.03125
-0.265625 0.0339598

-0.265625 0.0347257
-0.25 0.0318174

-0.370993 0.125
-0.368262 0.140625

-0.368287 0.140625
-0.362979 0.15625

-0.362828 0.15625
-0.359375 0.164125

-0.359375 0.16291
-0.354286 0.171875

-0.351589 0.171875
-0.344195 0.1875

-0.375 0.197492
-0.372642 0.203125

-0.371837 0.203125
-0.36556 0.21875

-0.344902 0.1875
-0.34375 0.197464

-0.364828 0.21875
-0.361679 0.234375

-0.361781 0.234375
-0.363021 0.25

-0.34375 0.194966
-0.341664 0.203125

-0.34208 0.203125
-0.337729 0.21875

-0.337686 0.21875
-0.332055 0.234375

-0.331268 0.234375
-0.328125 0.242053

-0.328125 0.245575
-0.326314 0.25

-0.265836 0.171875
-0.273991 0.1875

-0.25 0.16332
-0.264091 0.171875

-0.265625 0.173007
-0.264687 0.171875

-0.276169 0.1875
-0.266549 0.203125

-0.266626 0.203125
-0.265625 0.203731

-0.265625 0.19933
-0.25581 0.203125

-0.265625 0.203558
-0.25 0.203931

-0.265703 0.21875
-0.265625 0.218823

-0.265625 0.218757
-0.265186 0.21875

-0.5 0.281069
-0.497373 0.28125

-0.49073 0.28125
-0.46875 0.283347

-0.46875 0.283572
-0.4375 0.288218

-0.4375 0.288919
-0.421875 0.291545

-0.421875 0.29211
-0.40625 0.292508

-0.375 0.274584
-0.381183 0.28125

-0.40625 0.293387
-0.390625 0.288673

-0.390625 0.289581
-0.379559 0.28125

-0.362722 0.25
-0.368741 0.265625

-0.375 0.274771
-0.368578 0.265625

-0.328125 0.250391
-0.315719 0.265625

-0.316571 0.265625
-0.3125 0.268835

-0.3125 0.267559
-0.296875 0.27549

-0.296875 0.274422
-0.28125 0.277295

-0.28125 0.276954
-0.265625 0.277586

-0.265625 0.277917
-0.25 0.276329

-0.234543 0
-0.234375 0.000149995

-0.220071 0
-0.21875 0.0034866

-0.218696 0
-0.214469 0.015625

-0.214818 0.015625
-0.207343 0.03125

-0.203125 0.00311357
-0.19787 0

-0.206866 0.03125
-0.203125 0.0369944

-0.203125 0.0359118
-0.195839 0.046875

-0.195908 0.046875
-0.1875 0.05888

-0.1875 0.110893
-0.200926 0.125

-0.1875 0.00369704
-0.178329 0

-0.1875 0.0584362
-0.184278 0.0625

-0.15625 0.0402594
-0.159123 0.046875

-0.161002 0.046875
-0.157461 0.0625

-0.140625 0.0239526
-0.146456 0.03125

-0.125 0.00155265
-0.135768 0.015625

-0.140625 0.023788
-0.134112 0.015625

-0.15625 0.0450003
-0.151127 0.03125

-0.15625 0.0531642
-0.142556 0.0625

-0.140625 0.0533038
-0.125 0.0591394

-0.184897 0.0625
-0.173841 0.078125

-0.173888 0.078125
-0.171875 0.0867959

-0.171875 0.0758108
-0.17083 0.078125

-0.167469 0.078125
-0.164364 0.09375

-0.171875 0.100285
-0.179829 0.109375

-0.1875 0.109914
-0.186809 0.109375

-0.171875 0.101121
-0.166919 0.09375

-0.154236 0.0625
-0.140625 0.0626436

-0.125143 0.0625
-0.125 0.0625521

-0.25 0.162558
-0.234375 0.165918

-0.234375 0.164565
-0.21875 0.171836

-0.231418 0.171875
-0.219224 0.1875

-0.203582 0.125
-0.204592 0.140625

-0.207162 0.140625
-0.203125 0.148329

-0.203125 0.136755
-0.20186 0.140625

-0.203125 0.143267
-0.1875 0.151802

-0.203125 0.170882
-0.207789 0.171875

-0.21875 0.181262
-0.203125 0.17412

-0.203125 0.175642
-0.1875 0.17442

-0.25 0.199127
-0.234375 0.188873

-0.227231 0.1875
-0.21875 0.191485

-0.21875 0.194148
-0.216103 0.203125

-0.212594 0.203125
-0.206644 0.21875

-0.207038 0.21875
-0.207302 0.234375

-0.207046 0.234375
-0.213249 0.25

-0.1875 0.144601
-0.171875 0.143751

-0.171875 0.143385
-0.15625 0.148134

-0.1875 0.172768
-0.171875 0.178951

-0.171875 0.179125
-0.162699 0.1875

-0.15625 0.149775
-0.143607 0.15625

-0.142411 0.15625
-0.140625 0.157024

-0.140625 0.157313
-0.125 0.166215

-0.163759 0.1875
-0.15625 0.197302

-0.15625 0.199864
-0.154167 0.203125

-0.154125 0.203125
-0.144797 0.21875

-0.144795 0.21875
-0.140625 0.225074

-0.142323 0.234375
-0.140625 0.236746

-0.140625 0.225313
-0.134637 0.234375

-0.134493 0.234375
-0.125 0.246646

-0.125 0.00689136
-0.119468 0

-0.109375 0.0440452
-0.114174 0.046875

-0.109375 0.0598425
-0.118389 0.0625

-0.109375 0.0451427
-0.09375 0.0418906

-0.109375 0.0540963
-0.09375 0.0471831

-0.09375 0.0499341
-0.078125 0.0596555

-0.125 0.068469
-0.109375 0.0697101

-0.109375 0.0698791
-0.102001 0.0625

-0.09375 0.0806255
-0.105886 0.09375

-0.112202 0.109375
-0.109375 0.115783

-0.109375 0.106365
-0.106002 0.09375

-0.109375 0.114546
-0.0990558 0.125

-0.09375 0.0824069
-0.0812303 0.078125

-0.069552 0.0625
-0.0673786 0.078125

-0.078125 0.0869128
-0.0625 0.0801889

-0.09375 0.124496
-0.078125 0.123475

-0.078125 0.11887
-0.0625 0.119379

-0.046875 0.0104713
-0.047467 0.015625

-0.0473671 0.015625
-0.046875 0.0188745

-0.046875 0.0118598
-0.03125 0.00219484

-0.0447631 0.015625
-0.0411067 0.03125

-0.0459032 0.03125
-0.03125 0.0397008

-0.03125 0.00876042
-0.027619 0.015625

-0.0240816 0.015625
-0.0223716 0.03125

-0.03125 0.0418465
-0.016265 0.03125

-0.0625 0.0882596
-0.0585262 0.09375

-0.046875 0.0960596
-0.0576768 0.109375

-0.046875 0.119286
-0.0568737 0.125

-0.046875 0.104937
-0.03125 0.0960607

-0.046875 0.114031
-0.0404403 0.125

-0.03125 0.0982821
-0.015625 0.101953

-0.015625 0.106242
-0.00597528 0.109375

-0.00848781 0.109375
0 0.111152

-0.0994852 0.125
-0.09375 0.127583

-0.125 0.166026
-0.116581 0.171875

-0.116592 0.171875
-0.109375 0.176977

-0.109375 0.177663
-0.0965857 0.1875

-0.09375 0.125348
-0.0900014 0.125

-0.0977084 0.1875
-0.09375 0.190516

-0.125 0.248685
-0.123924 0.25

-0.09375 0.190503
-0.078125 0.200524

-0.078125 0.199949
-0.0728772 0.203125

-0.0705478 0.203125
-0.0625 0.208197

-0.0625 0.125093
-0.046875 0.137859

-0.046875 0.134771
-0.0407551 0.125

-0.046875 0.143351
-0.03125 0.151574

-0.0294193 0.125
-0.015625 0.132261

-0.03125 0.150806
-0.015625 0.148877

-0.015625 0.136907
-0.00703159 0.140625

0 0.151108
-0.00683623 0.15625

-0.0120939 0.15625
0 0.159271

-0.0625 0.207768
-0.0501933 0.21875

-0.0514483 0.21875
-0.046875 0.224108

-0.046875 0.224464
-0.0387071 0.234375

-0.0393526 0.234375
-0.03125 0.244906

-0.03125 0.241995
-0.0251584 0.25

-0.25 0.277148
-0.234375 0.271037

-0.21875 0.257369
-0.227019 0.265625

-0.234375 0.271386
-0.226456 0.265625

-0.25 0.281346
-0.249731 0.28125

-0.235522 0.296875
-0.235483 0.3125

-0.234375 0.281312
-0.234313 0.28125

-0.234017 0.296875
-0.234024 0.3125

-0.21875 0.257636
-0.213187 0.25

-0.218644 0.296875
-0.218644 0.3125

-0.203125 0.296847
-0.203092 0.296875

-0.21875 0.312546
-0.218696 0.3125

-0.1875 0.312481
-0.172928 0.3125

-0.141292 0.25
-0.140625 0.250731

-0.126949 0.25
-0.125 0.252352

-0.127315 0.265625
-0.125 0.267852

-0.1875 0.313091
-0.18681 0.3125

-0.123568 0.25
-0.109375 0.263252

-0.11073 0.265625
-0.109375 0.266582

-0.109375 0.26298
-0.105577 0.265625

-0.103861 0.265625
-0.09375 0.272701

-0.09375 0.273294
-0.0801264 0.28125

-0.08096 0.28125
-0.078125 0.282876

-0.078125 0.2826
-0.0625 0.289085

-0.0625 0.289112
-0.046875 0.292686

-0.046875 0.29587
-0.03125 0.290112

-0.0241102 0.25
-0.0179397 0.265625

-0.0178743 0.265625
-0.0224676 0.28125

-0.015625 0.279509
-0.0139768 0.28125

-0.03125 0.289912
-0.0215802 0.28125

-0.00798278 0.28125
0 0.291208

