-3.95614 0
-3.5 0.00560525

1.09375 0.101424
1.08661 0.109375

1.0888 0.109375
1.09375 0.123626

1.10938 0.100284
1.09919 0.109375

-3.5 0.00226573
-3.25 0.00669258

-3.25 0.00444944
-3.125 0.0107736

-3.125 0.00534688
-3.0625 0.0141185

1.09559 0.109375
1.1073 0.125

1.10938 0.0961853
1.125 0.101582

-3.0625 0.0110973
-3.03125 0.0232768

-3.03125 0.0310318
-3.03092 0.03125

-3.02151 0.03125
-3 0.0458832

1.10938 0.124153
1.125 0.114625

1.0625 0.228594
1.05887 0.234375

1.05715 0.234375
1.06123 0.25

1.10711 0.125
1.10938 0.125625

1.10938 0.12511
1.10983 0.125

1.07812 0.218669
1.07794 0.21875

1.07812 0.218689
1.0805 0.21875

1.0625 0.230343
1.07812 0.218898

1.0625 0.247129
1.0683 0.25

-3 0.0520725
-2.97904 0.0625

-2.97817 0.0625
-2.96875 0.0671852

-2.96875 0.0639838
-2.9375 0.0707729

-2.9375 0.0688374
-2.90625 0.0777367

-2.90625 0.0787747
-2.89062 0.0852016

-2.89062 0.0857358
-2.875 0.0909957

-2.875 0.090739
-2.86211 0.09375

-2.85956 0.09375
-2.84375 0.0975314

-2.84375 0.0986299
-2.8125 0.101614

-2.8125 0.0982059
-2.78125 0.101902

-2.78125 0.102624
-2.76562 0.107195

1.08469 0.21875
1.09375 0.224224

1.07812 0.243434
1.09234 0.234375

1.10938 0.217628
1.10763 0.21875

1.125 0.192218
1.11339 0.203125

1.10938 0.206001
1.1136 0.21875

1.09375 0.22231
1.10938 0.228657

1.10437 0.234375
1.10938 0.244906

1.125 0.227835
1.12366 0.234375

1.10938 0.23927
1.11654 0.234375

-2.76562 0.104925
-2.7541 0.109375

1.15625 0.0620468
1.17188 0.0529232

1.17188 0.0616396
1.1739 0.0625

1.125 0.0986406
1.12916 0.109375

1.125 0.117818
1.12869 0.109375

1.17159 0.0625
1.1636 0.078125

1.16577 0.078125
1.16711 0.09375

1.17188 0.0669541
1.1875 0.0658093

1.16944 0.09375
1.17188 0.0977362

1.17188 0.102754
1.17616 0.109375

1.17971 0.109375
1.1875 0.117415

-2.7639 0.109375
-2.75 0.114741

1.25 0.0503262
1.23696 0.0625

1.1875 0.0730783
1.19839 0.078125

1.19798 0.078125
1.20312 0.0803521

1.20312 0.0816565
1.21875 0.0799643

1.1875 0.118074
1.19449 0.125

1.23438 0.0675499
1.22004 0.078125

-2.75 0.113963
-2.73438 0.11998

-2.73438 0.119965
-2.71875 0.124345

-2.71875 0.123936
-2.71296 0.125

1.21875 0.0792974
1.22079 0.078125

-2.71827 0.125
-2.6875 0.128888

-2.6875 0.12539
-2.65625 0.129531

-2.65625 0.131529
-2.64062 0.135598

-2.64062 0.135435
-2.625 0.137835

-1.48438 0.00762131
-1.48772 0.015625

-1.48438 0.0119615
-1.46875 0.000366272

-1.48438 0.0179149
-1.4785 0.03125

-1.48213 0.03125
-1.46875 0.0392284

-1.46875 0.00825425
-1.45312 0.00568326

-1.46875 0.0264544
-1.46514 0.03125

-2.625 0.137391
-2.60938 0.139333

-2.60938 0.138805
-2.6001 0.140625

-2.60206 0.140625
-2.59375 0.142257

-2.59375 0.142302
-2.57812 0.146691

-2.57812 0.147357
-2.5625 0.151237

-2.5625 0.151119
-2.54688 0.153393

1.23438 0.065755
1.23766 0.0625

1.125 0.193026
1.14062 0.187876

1.125 0.213638
1.13024 0.21875

1.14062 0.187949
1.15625 0.193045

1.13977 0.21875
1.14062 0.227451

1.125 0.238554
1.13777 0.234375

1.14062 0.224374
1.14435 0.234375

-2.54688 0.153264
-2.53125 0.154426

-2.53125 0.154262
-2.51562 0.154899

1.1439 0.234375
1.1409 0.25

1.15625 0.195786
1.16861 0.203125

-2.51562 0.154861
-2.5 0.155378

1.16411 0.203125
1.17188 0.207436

1.17188 0.207659
1.1875 0.210436

1.15625 0.238557
1.17188 0.248772

1.19692 0.125
1.20312 0.13331

1.20312 0.134763
1.20713 0.140625

1.20718 0.140625
1.2136 0.15625

1.21373 0.15625
1.21637 0.171875

1.21619 0.171875
1.21518 0.1875

1.1875 0.209628
1.20312 0.204064

1.21875 0.187862
1.20705 0.203125

1.20312 0.206339
1.20806 0.203125

1.21875 0.187753
1.21885 0.1875

1 0.261429
1.01562 0.264264

1.01562 0.273607
1.00965 0.28125

1.01562 0.263394
1.01963 0.265625

1.02699 0.265625
1.02546 0.28125

-2.5 0.155239
-2.48438 0.155993

-2.48438 0.155737
-2.47954 0.15625

-2.48205 0.15625
-2.46875 0.157327

-2.46875 0.157865
-2.45312 0.159999

-2.45312 0.160309
-2.4375 0.161481

1 0.28308
1.00499 0.28125

1.03125 0.267913
1.0313 0.265625

-2.4375 0.161211
-2.42188 0.161342

-2.42188 0.161255
-2.40625 0.161058

-2.40625 0.16094
-2.39062 0.160822

1.05987 0.25
1.0625 0.252327

1.03125 0.281501
1.03158 0.28125

1.0625 0.251435
1.07812 0.252711

-2.39062 0.16068
-2.375 0.161162

1.09008 0.265625
1.09354 0.28125

1.10747 0.25
1.10416 0.265625

1.09375 0.270613
1.10443 0.28125

1.10938 0.260964
1.11573 0.265625

1.10938 0.273584
1.125 0.268008

-2.375 0.16089
-2.35938 0.162801

-1.45312 0.00252817
-1.4375 0.00452636

1.11823 0.28125
1.125 0.282581

-2.35938 0.162915
-2.34375 0.166569

-2.34375 0.166975
-2.32812 0.171336

-2.32812 0.170963
-2.32428 0.171875

1.1205 0.3125
1.125 0.313104

1.125 0.263692
1.14062 0.259143

1.125 0.267055
1.12998 0.265625

1.14062 0.262538
1.15625 0.260272

-2.32748 0.171875
-2.3125 0.175424

-2.3125 0.175
-2.29688 0.178116

-2.29688 0.178216
-2.28125 0.181176

-2.28125 0.181207
-2.26562 0.18375

-2.26562 0.18335
-2.25 0.185994

-2.25428 0.1875
-2.25 0.188308

1.125 0.281735
1.13031 0.28125

1.15625 0.260445
1.17188 0.263021

-2.125 0.118205
-2.1318 0.125

-2.25 0.184542
-2.23735 0.1875

-2.24948 0.1875
-2.21875 0.193657

1.17011 0.265625
1.17188 0.265798

-1.46397 0.03125
-1.45312 0.0410418

1.17188 0.262327
1.18275 0.265625

-2.21875 0.193628
-2.20312 0.196261

-2.20312 0.196437
-2.1875 0.19828

1.1854 0.3125
1.1875 0.312725

1.1875 0.26462
1.20312 0.265152

-2.1875 0.198123
-2.17188 0.199138

-2.17188 0.19908
-2.15625 0.199697

-2.15625 0.199641
-2.14062 0.200086

1.20312 0.265397
1.21537 0.265625

1.21539 0.265625
1.21875 0.265688

1.21838 0.28125
1.21875 0.281264

-2.14062 0.199996
-2.125 0.200561

-1.45312 0.0512111
-1.45359 0.0625

-2.125 0.199932
-2.10938 0.200984

-2.12394 0.203125
-2.10938 0.204273

-2.10938 0.19951
-2.09375 0.201327

-2.10938 0.204071
-2.09375 0.206108

-2.09375 0.198797
-2.07812 0.203042

-2.09375 0.20471
-2.07812 0.208955

-2.07812 0.202065
-2.07534 0.203125

-2.07812 0.208498
-2.0625 0.213438

-2.0625 0.213028
-2.04688 0.215986

-2.04688 0.21583
-2.03125 0.217747

-2.03125 0.217689
-2.01874 0.21875

-2.01562 0.218673
-2.01387 0.21875

-2.01825 0.21875
-2 0.219965

-1.8125 -0.0721272
-1.82128 -0.0625

-1.82168 -0.0625
-1.8269 -0.046875

-1.82577 -0.046875
-1.82074 -0.03125

-1.82052 -0.03125
-1.8125 -0.0211022

-1.79688 -0.0809045
-1.80174 -0.078125

-1.8125 -0.0709231
-1.80213 -0.078125

-1.79688 -0.0826618
-1.78125 -0.0834847

1.21875 0.265532
1.23438 0.265405

1.23438 0.265367
1.25 0.265211

1.21875 0.281253
1.22687 0.28125

-1.78125 -0.0804338
-1.77411 -0.078125

-1.77412 -0.078125
-1.76562 -0.0750418

-1.76562 -0.0765013
-1.75 -0.0694251

1.24798 0.3125
1.25 0.312602

1.28125 0.0263173
1.27246 0.03125

1.26562 0.0375401
1.25467 0.046875

1.25 0.0505409
1.25416 0.046875

1.26562 0.035134
1.27307 0.03125

-1.8125 -0.0199352
-1.80619 -0.015625

-1.80689 -0.015625
-1.79688 -0.0103449

-1.79688 -0.0166189
-1.7946 -0.015625

-1.79577 -0.015625
-1.78125 -0.00802245

-1.75622 -0.0625
-1.75 -0.0563273

-1.78125 -0.0158254
-1.78101 -0.015625

-1.78125 -0.0042244
-1.77261 0

1.28125 0.0277133
1.29688 0.0244366

1.29688 0.0245209
1.3125 0.023947

1.29688 0.0519023
1.28351 0.0625

-1.75 -0.000329103
-1.75097 0

1.29688 0.0518858
1.3125 0.0518435

1.28096 0.0625
1.28078 0.078125

1.28076 0.078125
1.28125 0.07892

1.28125 0.067643
1.28241 0.078125

1.28125 0.0781476
1.29688 0.0888396

-1.67188 -0.202622
-1.67816 -0.1875

-1.65625 -0.214159
-1.67061 -0.203125

-1.67188 -0.196907
-1.66963 -0.203125

-1.65625 -0.212548
-1.64062 -0.216561

0.046875 -0.25411
0.0423514 -0.25

0.0625 -0.267844
0.0596912 -0.265625

0.046875 -0.254603
0.0601489 -0.265625

-1.64062 -0.215681
-1.625 -0.215866

0.125 -0.312558
0.124795 -0.3125

-1.68319 -0.1875
-1.67409 -0.171875

-1.67274 -0.171875
-1.67188 -0.171494

1.3125 0.0770648
1.30714 0.078125

-1.67188 -0.179886
-1.65625 -0.173703

1.29688 0.0849625
1.3125 0.0839541

0.09375 -0.286152
0.0828915 -0.28125

-1.65625 -0.180176
-1.64062 -0.181713

-1.45312 0.0385612
-1.44902 0.046875

1.29688 0.116635
1.29573 0.125

-1.45122 0.046875
-1.45293 0.0625

-1.4567 0.0625
-1.46099 0.078125

0.0625 -0.267901
0.078125 -0.278423

1.31017 0.109375
1.29773 0.125

0.078125 -0.277962
0.0854073 -0.28125

-1.64062 -0.180531
-1.625 -0.179606

-1.46061 0.078125
-1.46102 0.09375

-1.46009 0.09375
-1.45924 0.109375

-1.45893 0.109375
-1.45931 0.125

-1.4375 0.00448994
-1.42426 0.015625

-1.42495 0.015625
-1.42188 0.0210271

-1.42188 0.0216681
-1.41718 0.03125

-1.41838 0.03125
-1.41654 0.046875

-1.4175 0.046875
-1.41707 0.0625

1.3125 0.0241704
1.32812 0.0256838

1.32812 0.026777
1.34375 0.0277444

-1.71875 -0.102318
-1.72587 -0.09375

1.3125 0.0547908
1.32812 0.0615811

-1.73438 -0.0834907
-1.74133 -0.078125

-1.75 -0.0638819
-1.73438 -0.0728893

-1.72394 -0.09375
-1.73423 -0.078125

-1.73438 -0.0733077
-1.73203 -0.078125

-1.70312 -0.113348
-1.71298 -0.109375

1.32812 0.0608232
1.33076 0.0625

-1.71875 -0.104816
-1.70737 -0.109375

0.09375 -0.285574
0.109375 -0.288966

1.34375 0.0264561
1.35938 0.0272674

0.125 -0.2969
0.12453 -0.296875

-1.41753 0.0625
-1.41566 0.078125

1.35938 0.0289947
1.375 0.0285696

-1.41542 0.078125
-1.41165 0.09375

-1.41091 0.09375
-1.4072 0.109375

0.109375 -0.288581
0.125 -0.28936

-1.40695 0.109375
-1.40625 0.116995

-1.40625 0.11466
-1.4053 0.125

-1.45963 0.125
-1.4612 0.140625

-1.46148 0.140625
-1.46301 0.15625

0.125 -0.312598
0.126194 -0.3125

-1.70312 -0.11483
-1.69192 -0.109375

1.36636 0.03125
1.375 0.0316161

-1.69439 -0.109375
-1.6875 -0.095635

-1.70336 -0.09375
-1.70312 -0.0925243

-1.704 -0.078125
-1.70312 -0.067907

-1.46288 0.15625
-1.46421 0.171875

0.15625 -0.313008
0.158351 -0.3125

-1.69681 -0.09375
-1.7029 -0.078125

-1.70312 -0.0714414
-1.70256 -0.078125

-1.75 -0.0543134
-1.73438 -0.0588495

-1.75 -0.00408718
-1.73438 -0.0139558

-1.71875 -0.0229507
-1.72791 -0.015625

-1.73438 -0.012495
-1.72984 -0.015625

-1.70312 -0.048928
-1.70333 -0.046875

-1.70312 -0.0449872
-1.71093 -0.03125

-1.46446 0.171875
-1.4653 0.1875

-1.70312 -0.0483761
-1.70165 -0.0625

0.125 -0.29693
0.126275 -0.296875

1.32812 0.075081
1.32726 0.078125

0.125 -0.289146
0.140625 -0.288507

1.3125 0.0827056
1.32812 0.0799976

-1.45312 0.169796
-1.45069 0.171875

-1.70312 -0.0463817
-1.70288 -0.046875

-1.46875 0.21833
-1.46884 0.21875

-1.71875 -0.0264752
-1.71436 -0.03125

0.140625 -0.297071
0.143358 -0.296875

1.34056 0.0625
1.3404 0.078125

1.32812 0.0792388
1.33075 0.078125

1.32812 0.112345
1.31665 0.125

1.34375 0.0962476
1.32831 0.109375

0.140625 -0.288319
0.15625 -0.287051

-1.59375 -0.219856
-1.59883 -0.21875

-1.48438 0.248886
-1.48711 0.25

-1.625 -0.214588
-1.60938 -0.215262

-1.4688 0.21875
-1.47509 0.234375

-1.60938 -0.215242
-1.59375 -0.218641

0.15625 -0.298149
0.168394 -0.296875

1.32812 0.115087
1.33171 0.109375

-1.48438 0.247603
-1.47291 0.234375

1.35938 0.0916568
1.34723 0.09375

-1.46452 0.1875
-1.4656 0.203125

1.35938 0.0854756
1.375 0.0911549

0.15625 -0.286682
0.171875 -0.285451

-1.59375 -0.219809
-1.57812 -0.223645

0.171875 -0.29799
0.178378 -0.296875

-1.57812 -0.223458
-1.5625 -0.226129

-1.59375 -0.218591
-1.5931 -0.21875

0.171875 -0.285708
0.1875 -0.284623

0.1875 -0.28499
0.203125 -0.283791

0.203125 -0.297167
0.20377 -0.296875

-1.625 -0.179961
-1.60938 -0.178226

-1.60938 -0.178207
-1.59375 -0.174991

-1.59375 -0.174617
-1.58404 -0.171875

-1.58082 -0.171875
-1.57812 -0.171114

-1.57812 -0.170185
-1.5625 -0.165371

-1.5625 -0.226341
-1.54688 -0.22779

-1.54688 -0.227636
-1.53125 -0.227749

-1.53125 -0.227602
-1.51562 -0.226979

-1.51562 -0.226842
-1.5 -0.226049

-1.5625 -0.16522
-1.54688 -0.160847

-1.54688 -0.16076
-1.53125 -0.157306

-1.53125 -0.157697
-1.52381 -0.15625

-1.5243 -0.15625
-1.51562 -0.154563

-1.51562 -0.155004
-1.5 -0.150906

1.34375 0.0959594
1.3488 0.09375

-2 0.219606
-1.96875 0.220013

-1.96875 0.219863
-1.9375 0.219546

-1.9375 0.218705
-1.92188 0.218671

-1.92188 0.217936
-1.91696 0.21875

-1.92565 0.21875
-1.90625 0.220427

-1.90625 0.222709
-1.875 0.227488

1.37091 0.09375
1.375 0.0985554

-1.79688 0.0465288
-1.79777 0.046875

-1.46875 0.218691
-1.46532 0.203125

0.203125 -0.283899
0.21875 -0.282086

-1.40625 0.135397
-1.4065 0.140625

0.21875 -0.281979
0.222876 -0.28125

0.25 -0.296973
0.249955 -0.296875

1.37309 0.109375
1.375 0.122909

1.28125 0.154562
1.27558 0.15625

-1.40625 0.142505
-1.40938 0.15625

-1.42188 0.161886
-1.43736 0.171875

-1.42638 0.171875
-1.43153 0.1875

-1.40625 0.159347
-1.41168 0.171875

-1.4095 0.171875
-1.41893 0.1875

-1.40625 0.132919
-1.40587 0.125

-1.40625 0.142148
-1.40614 0.140625

-1.40625 0.159539
-1.40569 0.15625

-1.40625 0.182308
-1.40327 0.171875

-1.80086 0.046875
-1.80928 0.0625

-1.79428 0.046875
-1.78125 0.059512

-1.77917 0
-1.76562 0.00629089

-1.76562 0.00506996
-1.75065 0

-1.78125 0.0585103
-1.78002 0.0625

-1.375 0.185924
-1.38028 0.1875

-1.42805 0.1875
-1.42188 0.199969

0.224233 -0.28125
0.234375 -0.27946

0.234375 -0.279541
0.25 -0.275415

0.015625 -0.221669
0.0135637 -0.21875

0.03125 -0.239385
0.0265291 -0.234375

0.015625 -0.221569
0.0257472 -0.234375

0.0128555 -0.21875
0.00548923 -0.203125

1.26562 0.166371
1.27112 0.15625

1.26562 0.1737
1.28125 0.179728

1.29548 0.125
1.29688 0.12749

-1.42188 0.197624
-1.41905 0.203125

-1.41333 0.203125
-1.40625 0.212524

-1.41453 0.21875
-1.40625 0.232977

-1.40625 0.211446
-1.39062 0.217738

-1.37681 0.1875
-1.38681 0.203125

-1.375 0.21326
-1.38451 0.21875

-1.40625 0.224353
-1.39062 0.228693

-1.39062 0.221279
-1.3829 0.21875

-1.29688 0.00152678
-1.30529 0.015625

-1.80788 0.0625
-1.79688 0.0732264

-1.30548 0.015625
-1.30976 0.03125

-1.29688 0.00106709
-1.29623 0

0.00637734 -0.203125
0.00331828 -0.1875

-1.30974 0.03125
-1.30869 0.046875

0.03125 -0.239877
0.0416871 -0.25

-1.79688 0.0742841
-1.78125 0.0664305

0.00260372 -0.1875
0.00350475 -0.171875

1.28125 0.153094
1.28863 0.15625

1.30374 0.125
1.3125 0.13374

1.28767 0.15625
1.29173 0.171875

0.00666642 -0.171875
0.0119424 -0.15625

0.015625 -0.158187
0.0163557 -0.15625

0.0122239 -0.15625
0.015625 -0.144933

-1.78125 0.0686222
-1.77874 0.0625

0.0155403 -0.140625
0.015625 -0.139448

0.015625 -0.148247
0.0174779 -0.140625

-1.30785 0.046875
-1.30318 0.0625

0.0171771 -0.140625
0.0167232 -0.125

1.28125 0.179979
1.29184 0.171875

-1.875 0.22727
-1.85938 0.228832

1.31363 0.125
1.32473 0.140625

1.32812 0.139758
1.32862 0.140625

1.32946 0.140625
1.34375 0.153683

0.09375 -0.204481
0.0925607 -0.203125

-1.85938 0.228858
-1.84375 0.229978

0.0927774 -0.203125
0.0820251 -0.1875

0.125 -0.222221
0.116011 -0.21875

0.09375 -0.20512
0.109375 -0.217802

0.109375 -0.216331
0.115641 -0.21875

0.078125 -0.176304
0.076401 -0.171875

0.0763069 -0.171875
0.0741689 -0.15625

0.078125 -0.176159
0.0825394 -0.1875

-1.84375 0.229934
-1.82812 0.230645

-1.82812 0.230591
-1.8125 0.231088

-1.76562 0.164413
-1.76893 0.171875

-1.30292 0.0625
-1.29688 0.0780088

-1.29688 0.0787367
-1.2895 0.09375

-1.28916 0.09375
-1.28125 0.107479

1.34375 0.1863
1.34329 0.1875

1.34375 0.154831
1.34661 0.15625

1.375 0.151022
1.37022 0.15625

0.0740054 -0.15625
0.0764082 -0.140625

0.0758171 -0.140625
0.078125 -0.130306

0.078125 -0.134996
0.0865055 -0.125

-1.76958 0.171875
-1.76562 0.180316

0.09375 -0.128976
0.106867 -0.125

-1.76562 0.164979
-1.75 0.168009

0.0123743 -0.125
0.0154668 -0.109375

1.34375 0.157033
1.35938 0.168219

-1.28242 0.109375
-1.28125 0.111197

-1.76562 0.178218
-1.75 0.174998

-1.28125 0.106083
-1.27934 0.109375

-1.8125 0.231066
-1.79688 0.231501

0.00776668 -0.109375
0.00996041 -0.09375

-1.28125 0.111903
-1.26695 0.125

-1.25 0.12398
-1.25409 0.125

1.34375 0.180068
1.35938 0.173765

-1.375 0.187039
-1.37349 0.1875

-1.79688 0.231509
-1.78125 0.231913

0.015625 -0.12248
0.0158339 -0.125

1.35938 0.168994
1.37084 0.15625

0.015625 -0.106019
0.0202984 -0.09375

1.36241 0.171875
1.36068 0.1875

0.0127876 -0.09375
0.0149435 -0.078125

-1.78125 0.23192
-1.76562 0.232265

0 -0.0630398
0.00265431 -0.0625

-1.76562 0.232286
-1.75 0.232517

0.015625 -0.0879981
0.0206925 -0.078125

1.33862 0.1875
1.33912 0.203125

-1.75 0.167291
-1.74852 0.171875

0.0163159 -0.078125
0.0250274 -0.0625

-1.3728 0.1875
-1.35997 0.203125

1.34028 0.203125
1.34305 0.21875

-1.375 0.21159
-1.35938 0.215948

-1.35938 0.214398
-1.35367 0.21875

0.03125 -0.0955221
0.046875 -0.0992943

-1.35402 0.21875
-1.34375 0.223796

0.0625 -0.0949194
0.060688 -0.09375

1.34015 0.21875
1.33821 0.234375

-1.34375 0.22441
-1.32812 0.233595

-1.33066 0.234375
-1.32812 0.235801

-1.75 0.17525
-1.74868 0.171875

-1.75 0.232559
-1.73438 0.23255

-1.73438 0.232474
-1.71875 0.232293

-1.71875 0.231782
-1.70312 0.232584

-1.7064 0.234375
-1.70312 0.234587

-1.70312 0.230288
-1.6875 0.233911

0.0444514 -0.09375
0.0327349 -0.078125

0.0463413 -0.078125
0.0382648 -0.0625

0.046875 -0.0821513
0.0595271 -0.09375

-1.70312 0.234453
-1.6875 0.238075

0 -0.0617427
0.015625 -0.052198

-1.6875 0.232714
-1.68194 0.234375

-1.32812 0.234421
-1.3125 0.241548

-1.26716 0.125
-1.26562 0.125856

-1.26476 0.125
-1.25 0.127214

-1.6875 0.237412
-1.67188 0.242079

-1.67188 0.241758
-1.65625 0.244886

-1.65625 0.244737
-1.64062 0.246672

0.015625 -0.0526195
0.03125 -0.0495453

0.0362551 -0.0625
0.0376501 -0.046875

0.0339646 -0.046875
0.0461281 -0.03125

1.33996 0.234375
1.3427 0.25

1.35938 0.18877
1.35011 0.203125

1.35738 0.203125
1.34515 0.21875

1.35938 0.189249
1.35969 0.1875

1.3462 0.21875
1.35373 0.234375

1.35297 0.234375
1.35579 0.25

1.375 0.0250343
1.39062 0.0251694

1.40625 0.00215441
1.40578 0.015625

-1.25 0.149142
-1.25405 0.15625

1.39062 0.0309375
1.40625 0.027436

1.375 0.0330501
1.39062 0.0332018

-1.64062 0.246655
-1.625 0.247732

1.41138 0
1.41564 0.015625

0.0460716 -0.03125
0.046875 -0.0299344

-1.25473 0.15625
-1.25113 0.171875

0.046875 -0.0280444
0.0544763 -0.015625

0.054889 -0.015625
0.0625 -0.00179335

0.078125 -0.124873
0.069588 -0.109375

-1.625 0.247696
-1.60938 0.24802

-1.60938 0.247964
-1.59375 0.247721

-1.59375 0.247609
-1.57812 0.247137

-1.57812 0.247097
-1.5625 0.246697

-1.25088 0.171875
-1.25 0.172728

1.42188 0.0189556
1.41314 0.03125

-1.5625 0.246666
-1.54688 0.24648

1.42188 0.0134075
1.42264 0.015625

-1.3125 0.240901
-1.29688 0.245847

0.0625 -0.0975585
0.0740134 -0.109375

-1.29688 0.246361
-1.28125 0.249386

0.078125 -0.114804
0.09375 -0.118587

-1.54688 0.246427
-1.53125 0.246561

0.0930645 -0.109375
0.09375 -0.109178

1.42188 0.0241081
1.42304 0.015625

-1.28125 0.248655
-1.26765 0.25

0.0953096 -0.125
0.109375 -0.122958

-1.5 0.253744
-1.49194 0.25

0.09375 -0.108828
0.10788 -0.09375

1.40625 0.0338902
1.41248 0.03125

-1.39072 0.265625
-1.3908 0.28125

-1.375 0.280942
-1.37542 0.28125

-1.375 0.286926
-1.36933 0.28125

-1.28177 0.25
-1.28125 0.250101

-1.53125 0.24626
-1.51562 0.247369

-1.51562 0.247733
-1.5 0.249746

0.109375 -0.117373
0.116073 -0.109375

0.115001 -0.109375
0.125 -0.0992405

1.375 0.0863517
1.38116 0.09375

1.37614 0.09375
1.38039 0.109375

1.375 0.113032
1.37655 0.125

1.45312 0.0218542
1.45078 0.03125

1.46322 0
1.45338 0.015625

0.108573 -0.09375
0.109375 -0.0926539

0.109976 -0.09375
0.116948 -0.078125

0.118107 -0.078125
0.125 -0.0675446

0.0625 -0.00154171
0.0633467 0

0.125 -0.221944
0.140625 -0.22511

0.140625 -0.224667
0.15625 -0.226524

0.15625 -0.226837
0.171875 -0.227648

0.171875 -0.22807
0.1875 -0.226363

0.1875 -0.192165
0.184657 -0.1875

0.1875 -0.186581
0.180231 -0.171875

0.173743 -0.171875
0.177896 -0.15625

-1.54471 0.25
-1.53125 0.250141

0.171875 -0.140493
0.163495 -0.125

0.180582 -0.15625
0.182032 -0.140625

-1.26729 0.25
-1.26562 0.250164

0.171875 -0.135268
0.183251 -0.140625

-1.26562 0.250072
-1.25 0.251861

-1.53125 0.250205
-1.52713 0.25

-1.24678 0
-1.24329 0.015625

-1.4375 -0.313191
-1.43828 -0.3125

1.45312 0.0215928
1.45463 0.015625

-1.47006 -0.3125
-1.46875 -0.311194

-1.2439 0.015625
-1.24225 0.03125

-1.24243 0.03125
-1.24101 0.046875

-1.24088 0.046875
-1.2396 0.0625

-1.375 -0.281472
-1.37567 -0.28125

-1.37589 -0.28125
-1.37575 -0.265625

-1.375 -0.281507
-1.37425 -0.28125

0.1875 -0.226292
0.203125 -0.221362

0.203125 -0.223027
0.210741 -0.21875

0.1875 -0.191417
0.199762 -0.203125

1.44921 0.03125
1.45093 0.046875

1.43939 0.046875
1.45183 0.0625

1.45312 0.0404603
1.45487 0.046875

-1.23958 0.0625
-1.23874 0.078125

0.216893 -0.21875
0.215735 -0.203125

0.203125 -0.203007
0.203341 -0.203125

0.222203 -0.21875
0.221606 -0.203125

-1.23881 0.078125
-1.2383 0.09375

-1.23663 0.09375
-1.23969 0.109375

1.4552 0.046875
1.46875 0.0593164

1.5 0.0483108
1.48986 0.0625

1.45308 0.0625
1.45312 0.0625126

1.46484 0.0625
1.46875 0.0653346

-1.25 0.123587
-1.23798 0.109375

0.21875 -0.20309
0.218803 -0.203125

-1.25 0.152392
-1.23438 0.142315

0.234476 -0.21875
0.234482 -0.203125

-1.37414 -0.28125
-1.37428 -0.265625

1.46875 0.0664251
1.48438 0.0749865

-1.375 -0.265494
-1.37462 -0.265625

-1.23438 0.14736
-1.21875 0.146284

0.234375 -0.202949
0.234562 -0.203125

1.48265 0.078125
1.48438 0.0788514

-1.25 0.164391
-1.24663 0.171875

-1.28125 -0.250461
-1.26562 -0.259404

0.1875 -0.187187
0.187645 -0.1875

-1.26562 -0.259491
-1.25561 -0.25

0.1875 -0.159145
0.191853 -0.15625

1.48438 0.076284
1.5 0.0685744

-1.5 -0.226012
-1.48438 -0.225397

1.48438 0.079219
1.5 0.0787095

-1.48438 -0.225508
-1.46875 -0.224927

0.203125 -0.158222
0.218009 -0.15625

-1.46875 -0.225127
-1.45312 -0.223956

0.1875 -0.149406
0.203125 -0.154003

0.1875 -0.136008
0.203125 -0.126338

-1.45312 -0.223961
-1.4375 -0.221794

-1.5 -0.150937
-1.48438 -0.144925

-1.48438 -0.143211
-1.47515 -0.140625

-1.24627 0.171875
-1.23438 0.178702

-1.47589 -0.140625
-1.46875 -0.138625

0.203125 -0.148977
0.21875 -0.149994

-1.46875 -0.140183
-1.45312 -0.138164

0.203125 -0.130161
0.208595 -0.125

-1.45312 -0.137615
-1.4375 -0.136172

-1.4375 -0.223193
-1.42473 -0.21875

-1.23438 0.175029
-1.21875 0.179264

1.38119 0.125
1.38217 0.140625

-1.42188 -0.22009
-1.41955 -0.21875

0.25 -0.159025
0.242502 -0.15625

-1.21875 0.146598
-1.20312 0.145421

0.21875 -0.146557
0.234375 -0.14938

-1.20312 0.146386
-1.1875 0.142549

-1.42706 -0.21875
-1.42188 -0.216584

1.375 0.152338
1.38161 0.140625

-1.41988 -0.21875
-1.4063 -0.203125

1.40625 0.249449
1.40507 0.25

0.234375 -0.151754
0.246526 -0.15625

1.40625 0.249221
1.42188 0.24409

0.125 -0.0988253
0.130021 -0.09375

-1.40971 -0.203125
-1.40715 -0.1875

-1.21875 0.179201
-1.20312 0.185068

-1.40878 -0.1875
-1.40789 -0.171875

-1.20312 0.184955
-1.19809 0.1875

-1.40632 -0.171875
-1.40729 -0.15625

-1.19802 0.1875
-1.1875 0.19282

1.42188 0.243616
1.4375 0.240374

0.129174 -0.09375
0.140625 -0.0859133

1.5 0.168408
1.49759 0.171875

0.125 -0.0679228
0.127656 -0.0625

1.4983 0.171875
1.48855 0.1875

0.140625 -0.08368
0.147077 -0.078125

-1.4375 -0.134564
-1.42188 -0.138013

-1.40625 -0.153049
-1.41644 -0.140625

-1.42188 -0.136441
-1.41529 -0.140625

0.146665 -0.078125
0.15625 -0.0711927

0.161305 -0.125
0.167501 -0.109375

-1.17188 0.135475
-1.18604 0.140625

-1.40625 -0.17492
-1.40608 -0.171875

-1.40625 -0.163085
-1.40572 -0.171875

-1.40625 -0.153481
-1.40498 -0.15625

-1.1875 0.141347
-1.18551 0.140625

-1.17188 0.135259
-1.15625 0.130955

-1.15625 0.130943
-1.14062 0.128517

-1.46875 -0.0657854
-1.4745 -0.0625

-1.46875 -0.0648121
-1.45312 -0.065099

0.168441 -0.109375
0.171875 -0.106489

0.173025 -0.109375
0.1875 -0.0983196

0.15625 -0.0697044
0.169872 -0.0625

0.128811 -0.0625
0.140625 -0.0499946

0.140625 -0.0496195
0.143594 -0.046875

0.144779 -0.046875
0.15625 -0.0376523

0.168013 -0.0625
0.171875 -0.0617617

0.15625 -0.0378404
0.166203 -0.03125

0.171875 -0.060487
0.1875 -0.0602267

0.16594 -0.03125
0.171875 -0.0270804

0.171875 -0.0284576
0.186444 -0.015625

0.186063 -0.015625
0.1875 -0.0140746

0.1875 -0.102245
0.201436 -0.09375

0.217817 -0.125
0.21875 -0.123667

0.21875 -0.104406
0.212338 -0.09375

0.19047 -0.09375
0.203125 -0.0833911

0.203125 -0.0657163
0.196398 -0.0625

0.203125 -0.0793119
0.21875 -0.0878549

-1.45312 -0.0681976
-1.44328 -0.0625

-1.48438 -0.0507925
-1.48625 -0.046875

-1.48605 -0.046875
-1.48438 -0.0418309

-1.48438 -0.0509878
-1.4744 -0.0625

-1.14062 0.128485
-1.125 0.128025

-1.1875 0.192527
-1.17218 0.203125

-1.17224 0.203125
-1.17188 0.203399

-1.48438 -0.0345027
-1.48107 -0.03125

-1.48438 -0.00150701
-1.48563 0

0.203125 -0.0671338
0.21875 -0.0631283

-1.4819 -0.03125
-1.46875 -0.0270127

-1.46875 -6.90004e-05
-1.46897 0

-1.17188 0.204672
-1.15625 0.216334

0.21875 -0.123392
0.224427 -0.109375

0.21875 -0.105309
0.219681 -0.109375

-1.15625 0.216859
-1.15283 0.21875

-1.15301 0.21875
-1.14062 0.225598

-1.14062 0.225025
-1.125 0.230531

-1.09375 0.0290003
-1.09566 0.03125

-1.09569 0.03125
-1.09715 0.046875

-1.09674 0.046875
-1.09375 0.0511797

-1.46875 -0.032752
-1.45312 -0.0401963

-1.09375 0.0299392
-1.07812 0.0236725

-1.07812 0.0273673
-1.07036 0.03125

0.21875 -0.08399
0.22133 -0.09375

1.4375 0.240543
1.45312 0.239801

1.45312 0.240111
1.46875 0.240911

1.48195 0.1875
1.48438 0.202383

1.48438 0.198807
1.48707 0.203125

1.48955 0.203125
1.5 0.207564

1.46875 0.241103
1.48438 0.242444

-1.09375 0.038025
-1.08997 0.03125

-1.09225 0.046875
-1.07818 0.0625

-1.0723 0.03125
-1.0625 0.0352205

-1.44523 -0.0625
-1.43991 -0.046875

-1.45312 -0.0350816
-1.44123 -0.046875

0.21875 -0.0735035
0.226325 -0.0625

0.1875 -0.0613799
0.194832 -0.0625

0.1875 -0.0171376
0.188901 -0.015625

0.1875 -0.0137527
0.198779 0

0.220851 -0.0625
0.234179 -0.046875

0.22944 -0.046875
0.234375 -0.0394887

0.234375 -0.0394046
0.241544 -0.03125

0.241873 -0.03125
0.25 -0.0250823

0.265473 -0.3125
0.265473 -0.296875

-1.07812 0.0604062
-1.0758 0.0625

-1.07511 0.0625
-1.0625 0.0742214

1.48438 0.242545
1.5 0.243843

-1.04533 0
-1.03125 0.0146897

-1.0625 0.0368987
-1.05116 0.046875

0.25 -0.281267
0.250043 -0.28125

-1.05132 0.046875
-1.04688 0.0512168

0.266004 -0.3125
0.266001 -0.296875

0.25 -0.275168
0.265625 -0.26986

0.265625 -0.269193
0.277132 -0.265625

0.278472 -0.265625
0.28125 -0.264764

0.312379 -0.3125
0.312247 -0.296875

0.312152 -0.296875
0.3125 -0.296812

0.28125 -0.265181
0.296875 -0.26047

0.296875 -0.258947
0.3125 -0.255931

0.312569 -0.3125
0.312598 -0.296875

0.3125 -0.256151
0.328125 -0.257436

-1.27988 -0.25
-1.26603 -0.234375

-1.26822 -0.234375
-1.26562 -0.233606

-1.25608 -0.25
-1.26436 -0.234375

-1.26562 -0.232519
-1.26111 -0.234375

-1.28125 -0.015875
-1.28156 -0.015625

-1.28144 -0.015625
-1.2965 0

-1.04688 0.0519333
-1.03705 0.0625

-1.03125 0.0153985
-1.03106 0.015625

-1.03125 0.0171192
-1.01737 0.03125

-1.01768 0.03125
-1.01562 0.0330013

-1.01562 0.0331827
-1 0.0434228

-1.28125 -0.018161
-1.26562 -0.0228792

-1.0625 0.0756971
-1.05989 0.078125

1.25 0.26518
1.26562 0.265126

-1.06161 0.078125
-1.04688 0.0896918

-1.26562 -0.0223997
-1.25493 -0.015625

0.328125 -0.258102
0.34375 -0.261918

1.25 0.265655
1.25862 0.265625

0.359375 -0.267378
0.353982 -0.265625

1.26562 0.265117
1.28125 0.265245

1.28019 0.265625
1.28125 0.265634

-1.03368 0.0625
-1.03125 0.0696014

1.25 0.281251
1.2528 0.28125

0.34375 -0.261719
0.355766 -0.265625

1.28125 0.265384
1.29688 0.265443

0.359375 -0.267874
0.375 -0.272462

-1.25479 -0.015625
-1.25 -0.0104901

0.40625 -0.313624
0.405122 -0.3125

1.29619 0.265625
1.29688 0.265628

1.29688 0.265285
1.3125 0.265315

0.40625 -0.312711
0.419118 -0.3125

-1.25 -0.00622319
-1.24636 0

0.390211 -0.3125
0.390625 -0.310564

1.28125 0.281253
1.28192 0.28125

-1.0625 -0.192181
-1.06917 -0.1875

0.390625 -0.28133
0.390187 -0.28125

-1.07812 -0.182494
-1.08685 -0.171875

-1.08644 -0.171875
-1.09191 -0.15625

0.405298 -0.3125
0.40625 -0.310223

-1.07812 -0.181459
-1.07091 -0.1875

-1.03125 0.0885077
-1.04189 0.09375

1.25 0.31276
1.25577 0.3125

-1.04688 0.0945545
-1.0335 0.09375

-1.09087 -0.15625
-1.09041 -0.140625

0.375 -0.272235
0.390625 -0.274967

-1.08991 -0.140625
-1.08659 -0.125

0.390625 -0.274388
0.40625 -0.276877

1.32812 0.264907
1.32159 0.265625

0.421527 -0.3125
0.421858 -0.296875

0.421875 -0.281264
0.421831 -0.28125

-1.04688 -0.205646
-1.05071 -0.203125

-1.0625 -0.191435
-1.04688 -0.201455

-1.04688 -0.20724
-1.03125 -0.20705

-1.03125 -0.208592
-1.02412 -0.203125

-1.03125 0.066651
-1.02607 0.078125

1.34375 0.260842
1.33498 0.265625

-1.03125 0.0926165
-1.02354 0.078125

1.32812 0.265844
1.32919 0.265625

-1.125 0.127974
-1.10938 0.129646

-1.02895 -0.203125
-1.0183 -0.1875

-1.10938 0.129537
-1.09375 0.133661

1.34375 0.259552
1.35938 0.258565

-1.04688 -0.13526
-1.05295 -0.125

0.428543 -0.3125
0.425533 -0.296875

-1.09375 0.133127
-1.07885 0.140625

1.35938 0.258649
1.375 0.26505

-1.03125 -0.145535
-1.04093 -0.140625

1.375 0.263621
1.39062 0.258831

0.40625 -0.277427
0.421875 -0.27974

0.40625 -0.265267
0.407176 -0.265625

-1.04688 -0.13584
-1.0414 -0.140625

0.421875 -0.279851
0.4375 -0.28066

1.375 0.265674
1.37516 0.265625

1.39062 0.255761
1.40298 0.25

1.39062 0.266194
1.39142 0.265625

0.4375 -0.279948
0.453125 -0.280432

0.453125 -0.280807
0.454948 -0.28125

1.5 -0.246513
1.51562 -0.24634

1.51562 -0.246341
1.53125 -0.246152

-1.02566 -0.1875
-1.01562 -0.172727

1.53125 -0.246154
1.54688 -0.245944

0.46875 -0.289841
0.5 -0.282022

-1.01771 -0.171875
-1.01562 -0.169856

1.54688 -0.245947
1.5625 -0.245706

0.480831 -0.28125
0.484375 -0.280306

-1.07883 0.140625
-1.07812 0.14098

0.484375 -0.279542
0.5 -0.26779

-1.07731 0.140625
-1.0625 0.154766

-1.01562 -0.172645
-1.01359 -0.171875

1.5625 -0.245712
1.57812 -0.245423

0.25 -0.159326
0.265625 -0.159766

1.57812 -0.245434
1.59375 -0.245061

0.265625 -0.15933
0.2743 -0.15625

0.25 -0.156142
0.253738 -0.15625

0.271602 -0.15625
0.28125 -0.152825

1.59375 -0.245095
1.60938 -0.24455

1.60938 -0.2446
1.625 -0.243718

-1.125 0.230818
-1.10938 0.233721

-1.09375 0.231309
-1.10501 0.234375

-1.10938 0.236095
-1.10364 0.234375

-1.01562 -0.17012
-1 -0.16911

-1.03125 -0.145609
-1.01744 -0.140625

-1.01745 -0.140625
-1.01562 -0.138749

0.28125 -0.151452
0.296875 -0.145425

0.296875 -0.145155
0.3125 -0.142829

0.34375 -0.22087
0.342192 -0.21875

1.625 -0.243799
1.64062 -0.242321

0.341281 -0.21875
0.338923 -0.203125

0.32983 -0.203125
0.34375 -0.188222

-1.07812 0.212948
-1.08281 0.21875

0.34375 -0.220611
0.359375 -0.232097

-1.01562 -0.139452
-1.00963 -0.125

1.64062 -0.242386
1.65625 -0.24002

-1.08633 -0.125
-1.08169 -0.109375

1.65625 -0.240242
1.67188 -0.236413

-1.0625 0.192965
-1.06915 0.203125

1.67188 -0.235705
1.67787 -0.234375

0.359375 -0.230204
0.375 -0.23254

-1.08035 -0.109375
-1.07812 -0.0976936

-1.07812 -0.0861146
-1.07904 -0.078125

1.67513 -0.234375
1.6875 -0.231632

-1.07982 -0.078125
-1.08519 -0.0625

1.6875 -0.231942
1.70312 -0.230853

1.70312 -0.231248
1.71875 -0.231484

0.34375 -0.208499
0.349397 -0.203125

0.34375 -0.202106
0.347709 -0.203125

-1.07812 -0.0844687
-1.07706 -0.09375

-1.08693 -0.0625
-1.09065 -0.046875

-1.09231 -0.046875
-1.0876 -0.03125

-1.08761 -0.03125
-1.07812 -0.0204162

-1.07812 -0.0226562
-1.06906 -0.015625

-1.06928 -0.015625
-1.0625 -0.0111891

-1.05483 -0.125
-1.04795 -0.109375

-1.04795 -0.109375
-1.04688 -0.108433

-1.07812 0.214225
-1.07002 0.203125

-1.09375 0.231488
-1.07932 0.21875

-1.0625 0.154716
-1.06133 0.15625

1.71875 -0.231664
1.73438 -0.232075

1.73438 -0.232083
1.75 -0.232294

0.359375 -0.20749
0.375 -0.208569

1.75 -0.250029
1.7552 -0.25

0.327456 -0.1875
0.328125 -0.183315

-1.04688 -0.111114
-1.04471 -0.109375

1.78125 -0.250072
1.78405 -0.25

-1.06095 0.15625
-1.05421 0.171875

1.8125 -0.250075
1.81309 -0.25

0.340371 -0.1875
0.339113 -0.171875

1.76562 -0.234383
1.7577 -0.234375

-1.05415 0.171875
-1.05718 0.1875

-1.04688 -0.108837
-1.03125 -0.103925

-1.0625 0.194635
-1.05803 0.1875

-1.01562 -0.117288
-1.02375 -0.109375

-1.03125 -0.105687
-1.02443 -0.109375

-1.01562 -0.11556
-1.01034 -0.125

-1.0625 -0.0133353
-1.04688 -0.00170303

-1.04688 -0.00126159
-1.04549 0

0.34375 -0.164586
0.32986 -0.15625

0.3125 -0.142917
0.328125 -0.145738

1.75 -0.232281
1.76562 -0.232297

1.76562 -0.234425
1.7701 -0.234375

1.76562 -0.232304
1.78125 -0.232121

-1.03125 0.218152
-1.03257 0.21875

0.324784 -0.140625
0.328125 -0.135567

0.328125 -0.148793
0.34375 -0.15604

1.78125 -0.234533
1.78815 -0.234375

0.328125 -0.127576
0.335927 -0.140625

0.34375 -0.168144
0.358405 -0.15625

0.359375 -0.157638
0.360044 -0.15625

0.356941 -0.15625
0.351299 -0.140625

0.34375 -0.13807
0.347501 -0.140625

1.78125 -0.232092
1.79688 -0.23172

1.79688 -0.234602
1.8055 -0.234375

-1.04805 0.21875
-1.05431 0.234375

1.79688 -0.231646
1.8125 -0.231237

0.3125 -0.113086
0.311587 -0.109375

-1.05306 0.234375
-1.04688 0.245024

0.3125 -0.0998412
0.311917 -0.09375

0.3125 -0.0789975
0.312249 -0.078125

0.3125 -0.06299
0.312377 -0.0625

0.25 -0.024974
0.265625 -0.0190095

0.265625 -0.0195053
0.28125 -0.0196703

0.3125 -0.0474771
0.312465 -0.046875

0.3125 -0.0388627
0.309155 -0.03125

0.28125 -0.0209512
0.296875 -0.023692

0.296875 -0.0231772
0.3125 -0.025332

0.326059 -0.125
0.323208 -0.109375

0.326195 -0.109375
0.324314 -0.09375

0.33189 -0.125
0.328943 -0.109375

0.324732 -0.09375
0.321392 -0.078125

0.320472 -0.078125
0.316593 -0.0625

0.3125 -0.062188
0.31805 -0.046875

-1.04688 0.225873
-1.03968 0.21875

-1.04688 0.242412
-1.03733 0.25

-1.03125 0.217839
-1.01562 0.211928

-1.01562 0.211503
-1 0.205584

-1.01562 0.248849
-1.02972 0.25

-1.01562 0.248717
-1 0.240238

-1.25 0.252066
-1.23438 0.253937

-1.23438 0.253918
-1.21875 0.255501

1.8125 -0.231311
1.82812 -0.230933

1.82812 -0.231343
1.84375 -0.230152

0.3125 -0.0408322
0.328125 -0.0317762

0.34375 -0.0476918
0.335412 -0.046875

0.328125 -0.0409612
0.341381 -0.046875

0.3125 -0.0214064
0.321827 -0.015625

0.319122 -0.015625
0.328125 -0.0111466

0.328125 -0.0256051
0.341453 -0.015625

1.84375 -0.234658
1.84496 -0.234375

1.84375 -0.231612
1.85938 -0.225858

-1.21875 0.255489
-1.20312 0.256849

-1.20312 0.256749
-1.1875 0.258107

-1.1875 0.257206
-1.17188 0.259435

1.85938 -0.238298
1.86627 -0.234375

1.85938 -0.229078
1.87088 -0.21875

0.328125 -0.00761372
0.34375 -0.00520932

0.34375 -0.0495254
0.359178 -0.046875

0.356714 -0.046875
0.359375 -0.0460973

1.86751 -0.21875
1.87413 -0.203125

1.85938 -0.202915
1.8696 -0.1875

1.86831 -0.1875
1.875 -0.185464

1.875 -0.203376
1.89062 -0.205598

1.875 -0.190838
1.89062 -0.196894

1.89062 -0.208011
1.90625 -0.216459

1.90774 -0.21875
1.92188 -0.211132

1.92096 -0.203125
1.9136 -0.1875

1.92188 -0.216131
1.93351 -0.203125

1.92188 -0.192215
1.9375 -0.188874

1.875 -0.187408
1.87575 -0.1875

0.359375 -0.0487119
0.362554 -0.046875

0.361012 -0.046875
0.373296 -0.03125

0.34375 -0.00888001
0.359375 -0.0136234

0.3701 -0.03125
0.364902 -0.015625

0.36442 -0.015625
0.375 -0.00787781

0.375 -0.235679
0.379107 -0.234375

0.38082 -0.234375
0.390625 -0.226374

0.390625 -0.232726
0.396662 -0.21875

0.375 -0.20354
0.390625 -0.213198

1.89711 -0.1875
1.90157 -0.171875

1.90323 -0.171875
1.90625 -0.169208

-1.18017 0.265625
-1.17188 0.267751

-1.17188 0.255535
-1.15625 0.260717

-1.16952 0.265625
-1.15625 0.274481

1.90625 -0.175375
1.92188 -0.172118

1.90625 -0.165046
1.92188 -0.168079

0.390625 -0.206009
0.397588 -0.21875

0.4375 -0.223419
0.432539 -0.21875

0.436127 -0.21875
0.433891 -0.203125

1.92188 -0.18293
1.92687 -0.1875

1.92188 -0.167562
1.92457 -0.171875

-1.15775 0.28125
-1.15625 0.281699

-1.15625 0.253697
-1.14062 0.261605

-1.15625 0.273728
-1.14062 0.280721

-1.14062 0.263193
-1.125 0.261086

0.4375 -0.220422
0.453125 -0.221197

0.453125 -0.221056
0.456262 -0.21875

0.4375 -0.207077
0.453125 -0.218593

1.9375 -0.204373
1.94427 -0.203125

1.9375 -0.194126
1.95312 -0.195712

-1.14062 0.277234
-1.125 0.27224

-1.14507 0.28125
-1.125 0.282583

-1.125 0.265439
-1.10938 0.261442

-1.125 0.269776
-1.11298 0.265625

-1.10938 0.263221
-1.09375 0.263883

-1.10106 0.265625
-1.09375 0.265711

-1.125 0.282026
-1.10751 0.28125

-1.09375 0.264255
-1.0833 0.265625

-1.08819 0.265625
-1.07812 0.267688

-1.07265 0.265625
-1.0625 0.27094

-1.07277 0.28125
-1.0625 0.289251

1.95312 -0.194782
1.96875 -0.196143

1.98438 -0.203194
1.98386 -0.203125

1.96875 -0.196719
1.98438 -0.19881

-1.05562 0.265625
-1.04688 0.271802

-1.03125 0.263636
-1.03338 0.265625

-1.03195 0.265625
-1.03133 0.28125

2 -0.203275
1.99879 -0.203125

1.98438 -0.198673
2 -0.200607

0.439126 -0.203125
0.452577 -0.1875

0.453125 -0.214732
0.465376 -0.203125

-1.0625 0.292131
-1.04035 0.3125

-1.03125 0.2588
-1.03013 0.25

-1.01562 0.265733
-1.02363 0.28125

-1.01489 0.265625
-1.01423 0.28125

-1.03125 0.309159
-1.02039 0.3125

-1.01657 0.3125
-1 0.316948

1.5 0.0459443
1.51562 0.0406814

1.5 0.0529307
1.50632 0.046875

1.51562 0.0441289
1.52351 0.046875

0.46875 -0.199119
0.461085 -0.1875

0.46875 -0.194299
0.468854 -0.1875

0.484375 -0.189735
0.5 -0.192902

0.448206 -0.1875
0.453125 -0.18484

0.453125 -0.184813
0.464734 -0.1875

1.51863 0.046875
1.53125 0.049812

0.46875 -0.185499
0.475558 -0.1875

0.497972 -0.1875
0.496042 -0.171875

0.498763 -0.171875
0.5 -0.169107

0.390625 -0.0328641
0.388189 -0.03125

0.40625 -0.0529422
0.398143 -0.046875

0.390625 -0.0351723
0.399892 -0.046875

0.390625 -0.0275055
0.384543 -0.015625

0.384514 -0.015625
0.378226 0

1.53125 0.0454088
1.53499 0.046875

1.53125 0.0526715
1.54688 0.0585285

-0.96875 -0.281497
-0.969082 -0.28125

-0.96875 -0.265665
-0.968819 -0.265625

-0.96875 -0.261786
-0.981416 -0.25

-0.9375 -0.282788
-0.941724 -0.28125

-0.96875 -0.260257
-0.953125 -0.26528

-0.9375 -0.265731
-0.938256 -0.265625

-0.953125 -0.262389
-0.9375 -0.26458

-0.90625 -0.281528
-0.907347 -0.28125

-0.921875 -0.269467
-0.934584 -0.265625

-0.9375 -0.265025
-0.935555 -0.265625

-0.921875 -0.270473
-0.90625 -0.27579

1.54688 0.0579495
1.5625 0.0602384

1.50977 0.0625
1.50337 0.078125

0.40625 -0.0548593
0.421875 -0.0533734

0.421875 -0.0499887
0.425638 -0.046875

0.425265 -0.046875
0.4375 -0.0334825

0.436721 -0.03125
0.4375 -0.0301257

-0.90625 -0.275987
-0.890625 -0.279581

-0.890625 -0.279797
-0.875 -0.280848

1.5 0.0813282
1.50639 0.078125

1.51562 0.0629332
1.51643 0.0625

0.4375 -0.0287001
0.449313 -0.015625

0.449847 -0.015625
0.453125 -0.0128329

0.453125 -0.0106021
0.46875 -0.00471352

1.51562 0.0786689
1.51608 0.078125

1.5625 0.0596402
1.57812 0.0603646

1.57812 0.0560161
1.59245 0.0625

0.46875 -0.00897913
0.484375 -0.00801571

0.484375 -0.00957867
0.5 -0.0018833

0.0634835 0
0.0706322 0.015625

0.0709264 0.015625
0.0760143 0.03125

0.0760057 0.03125
0.078125 0.044664

0.0779994 0.046875
0.078125 0.0491975

0.078125 0.0449741
0.0784253 0.046875

0.078125 0.0495161
0.0788274 0.0625

1.58725 0.0625
1.59375 0.0673788

1.59375 0.111063
1.58799 0.125

1.59375 0.0641331
1.60263 0.078125

1.60075 0.078125
1.60111 0.09375

1.59986 0.09375
1.59501 0.109375

1.59375 0.110998
1.59442 0.109375

1.5 0.156238
1.51562 0.152656

1.51562 0.15142
1.52207 0.15625

0.0779904 0.0625
0.078125 0.063542

0.078125 0.064182
0.0799262 0.078125

0.0789713 0.078125
0.0859177 0.09375

0.085791 0.09375
0.09375 0.103766

0.09375 0.101864
0.100481 0.109375

0.101682 0.109375
0.109375 0.117895

0.109375 0.117248
0.115643 0.125

0 0.142165
0.015625 0.153967

0.015625 0.15373
0.0200927 0.15625

0.0195149 0.15625
0.03125 0.162868

0.03125 0.162789
0.046875 0.168591

0.046875 0.168329
0.0625 0.171627

1.5 0.162295
1.51562 0.160122

1.51514 0.171875
1.51562 0.172389

-0.875 -0.281177
-0.859375 -0.278597

-0.859375 -0.278175
-0.84375 -0.272152

-0.84375 -0.271323
-0.829618 -0.265625

1.51592 0.15625
1.5237 0.171875

-0.833417 -0.265625
-0.828125 -0.263491

-0.828125 -0.263823
-0.8125 -0.261302

1.51887 0.171875
1.51785 0.1875

1.51562 0.194804
1.50656 0.203125

1.5 0.207484
1.50871 0.203125

1.51562 0.195443
1.51998 0.1875

1.5 0.244179
1.51562 0.244557

1.51562 0.245197
1.53125 0.242704

1.53125 0.243122
1.54688 0.235645

1.5625 0.220892
1.54987 0.234375

1.54688 0.23561
1.54862 0.234375

1.58735 0.125
1.58168 0.140625

1.57812 0.155317
1.58182 0.140625

1.57812 0.15716
1.57501 0.171875

1.57508 0.171875
1.57143 0.1875

1.57812 0.157081
1.5783 0.15625

1.60938 0.187114
1.60703 0.1875

1.60938 0.186696
1.61078 0.1875

1.57127 0.1875
1.56744 0.203125

1.56864 0.203125
1.56254 0.21875

1.5625 0.221234
1.564 0.21875

1.6071 0.1875
1.59939 0.203125

1.59663 0.203125
1.60938 0.205855

1.61067 0.1875
1.61277 0.203125

1.60938 0.206206
1.61336 0.203125

0 0.233349
0.00920768 0.21875

0 0.234709
0.015625 0.248746

0.015625 0.221707
0.0277947 0.21875

0.015625 0.242683
0.03125 0.245014

0.046875 0.217935
0.0406289 0.21875

0.046875 0.216786
0.0625 0.214864

2.03125 -0.220006
2.01481 -0.21875

2.01562 -0.203513
2.01233 -0.203125

-0.8125 -0.262276
-0.796875 -0.263321

-0.796875 -0.263718
-0.78125 -0.265588

-0.78125 -0.265758
-0.765625 -0.267317

2 -0.200835
2.01562 -0.20235

2.03125 -0.203305
2.02716 -0.203125

0.03125 0.220823
0.0421909 0.21875

2.01562 -0.202309
2.03125 -0.202996

-0.765625 -0.267312
-0.75 -0.268229

0.03125 0.242234
0.046875 0.243393

2.03125 -0.203258
2.04218 -0.203125

2.03125 -0.202893
2.04688 -0.203031

0.046875 0.243807
0.0625 0.246223

0.0625 0.171415
0.0665176 0.171875

0.0667916 0.171875
0.078125 0.173173

0.078125 0.17333
0.09375 0.173785

0.116079 0.125
0.124483 0.140625

0.125 0.15048
0.124792 0.15625

0.109375 0.171161
0.106358 0.171875

0.09375 0.175067
0.1073 0.171875

0.125 0.158223
0.111726 0.171875

0.109375 0.173303
0.112014 0.171875

0.0625 0.215091
0.078125 0.215847

0.078125 0.21632
0.09375 0.218356

0.0625 0.246425
0.078125 0.247414

0.078125 0.24792
0.09375 0.246065

0.100478 0.21875
0.109375 0.22153

0.09375 0.246089
0.109375 0.241913

0.114734 0.21875
0.125 0.221276

0.109375 0.241519
0.125 0.237423

0.19779 0
0.203125 0.00663183

0.203125 0.00824876
0.209742 0.015625

0.213219 0.015625
0.21875 0.0225149

0.21875 0.0372807
0.215941 0.046875

0.213186 0.046875
0.211254 0.0625

0.21875 0.0206522
0.226519 0.03125

0.229906 0.03125
0.227012 0.046875

0.21875 0.0493321
0.223493 0.0625

-0.984375 -0.236088
-0.984676 -0.234375

-0.984743 -0.234375
-0.984375 -0.233288

-0.984375 -0.237497
-0.981033 -0.25

0.234375 0.0607686
0.23723 0.0625

0.207532 0.0625
0.21875 0.0725623

-0.981654 -0.234375
-0.976367 -0.21875

-0.972846 -0.21875
-0.972114 -0.203125

-0.972974 -0.203125
-0.982143 -0.1875

0.21875 0.0656004
0.234375 0.0697114

0.23506 0.0625
0.25 0.068561

0.125943 0.140625
0.125415 0.15625

0.125 0.157483
0.125637 0.15625

0.125 0.218174
0.140625 0.215324

0.140625 0.215164
0.15625 0.209934

0.140625 0.233455
0.139604 0.234375

0.125 0.237416
0.13917 0.234375

0.140625 0.230964
0.15625 0.232905

0.171875 0.200147
0.166547 0.203125

0.15625 0.209969
0.166843 0.203125

0.171875 0.199848
0.1875 0.190313

-0.984375 -0.185039
-0.99986 -0.171875

-0.984375 -0.185823
-0.982924 -0.1875

0.15625 0.22985
0.171875 0.22675

-0.75 -0.160039
-0.75607 -0.15625

-0.765625 -0.149098
-0.772476 -0.140625

-0.771923 -0.140625
-0.778793 -0.125

0.171875 0.225782
0.1875 0.219051

0.203125 0.178431
0.188143 0.1875

0.203125 0.177497
0.215229 0.171875

-0.765625 -0.148183
-0.7557 -0.15625

-0.777615 -0.125
-0.779704 -0.109375

-0.779298 -0.109375
-0.779777 -0.09375

-0.77961 -0.09375
-0.779625 -0.078125

-0.779626 -0.078125
-0.779509 -0.0625

2.04688 -0.203632
2.0625 -0.203497

2.04688 -0.202679
2.0625 -0.20235

2.0625 -0.203773
2.07812 -0.204053

2.0625 -0.202087
2.07812 -0.201814

-0.779483 -0.0625
-0.779284 -0.046875

0.25 0.138731
0.249116 0.140625

2.07812 -0.204741
2.09375 -0.204458

2.07812 -0.201637
2.09375 -0.201325

0.249838 0.140625
0.238265 0.15625

0.234375 0.160632
0.21921 0.171875

-0.779209 -0.046875
-0.779132 -0.03125

-0.77906 -0.03125
-0.779399 -0.015625

2.09375 -0.204354
2.10938 -0.203527

0.21875 0.172582
0.218776 0.171875

2.09375 -0.201726
2.10938 -0.200989

2.10938 -0.201651
2.125 -0.201309

0.234375 0.160332
0.238308 0.15625

0.25 0.18693
0.246214 0.1875

2.125 -0.201514
2.14062 -0.201465

2.14062 -0.201506
2.15625 -0.201261

2.15625 -0.201297
2.17188 -0.200704

2.17188 -0.200824
2.1875 -0.199571

0.1875 0.189222
0.191155 0.1875

0.1875 0.217499
0.203125 0.207536

0.21875 0.195646
0.203128 0.203125

0.203125 0.206325
0.208181 0.203125

-0.779248 -0.015625
-0.780449 0

-0.75 -0.268164
-0.734375 -0.26858

2.1875 -0.199809
2.20312 -0.197177

2.20312 -0.197005
2.21875 -0.192864

2.21875 -0.191539
2.24311 -0.1875

2.23242 -0.1875
2.23438 -0.186997

2.23438 -0.187445
2.25 -0.185561

0.21875 0.195373
0.234375 0.191144

0.234375 0.193241
0.25 0.187776

-0.734375 -0.268516
-0.71875 -0.26869

-0.71875 -0.26868
-0.703125 -0.268757

2.25 -0.186605
2.26562 -0.18628

2.26562 -0.186371
2.28125 -0.186146

0 0.27787
0.0134057 0.28125

2.28125 -0.186227
2.29688 -0.185756

-0.703125 -0.268756
-0.6875 -0.268757

-0.625 -0.31273
-0.626123 -0.3125

-0.6875 -0.281275
-0.686706 -0.28125

-0.6875 -0.268757
-0.671875 -0.268685

2.29688 -0.185776
2.3125 -0.184855

0.015625 0.278986
0.0290969 0.28125

0 0.28359
0.015625 0.287985

-0.671875 -0.268763
-0.65625 -0.268462

-0.65625 -0.282131
-0.641968 -0.28125

0.015625 0.289076
0.03125 0.291619

2.3125 -0.184948
2.32812 -0.183351

-0.65625 -0.268764
-0.640625 -0.267078

-0.640625 -0.267791
-0.630111 -0.265625

-0.638219 -0.265625
-0.625 -0.262997

-0.5625 -0.340067
-0.59769 -0.3125

-0.59375 -0.302979
-0.608943 -0.28125

0.0309561 0.296875
0.03125 0.296921

0.03125 0.280824
0.046875 0.280451

0.03125 0.289601
0.046875 0.289244

0.03125 0.297635
0.046875 0.297345

0.046875 0.288158
0.0625 0.289092

0.046875 0.297177
0.0625 0.298858

2.32812 -0.183448
2.34375 -0.180798

2.34375 -0.1809
2.35938 -0.176798

-0.625 -0.266899
-0.609375 -0.267533

-0.625 -0.262461
-0.609375 -0.258129

0.0625 0.288113
0.078125 0.289222

0.0625 0.298586
0.078125 0.300414

0.078125 0.289222
0.09375 0.289774

0.078125 0.299091
0.09375 0.299634

0.09375 0.289673
0.109375 0.289374

0.09375 0.299858
0.109375 0.299405

0.109375 0.289678
0.125 0.288826

0.109375 0.299762
0.125 0.298258

-0.609375 -0.26655
-0.608149 -0.265625

0.125 0.289603
0.140625 0.288851

0.125 0.298976
0.140625 0.297472

2.35938 -0.176327
2.375 -0.172148

-0.609375 -0.25826
-0.59375 -0.255227

-0.586682 -0.3125
-0.570087 -0.28125

0.140625 0.289578
0.15625 0.289071

2.36889 -0.171875
2.375 -0.17024

-0.59375 -0.25646
-0.578125 -0.255182

0.140625 0.297979
0.15625 0.296888

2.375 -0.171458
2.39062 -0.169526

0.15625 0.289592
0.171875 0.289294

0.15625 0.297236
0.166416 0.296875

0.171875 0.289429
0.1875 0.289146

0.125 0.312637
0.127084 0.3125

2.39062 -0.170059
2.40625 -0.170047

2.40625 -0.170391
2.42188 -0.170547

0.1875 0.288792
0.203125 0.288657

0.1875 0.297199
0.203125 0.297418

0.203125 0.288637
0.21875 0.28895

2.42188 -0.170762
2.4375 -0.169965

0.203125 0.297212
0.21875 0.297462

2.4375 -0.170275
2.45312 -0.167475

2.45312 -0.168166
2.46875 -0.16136

-0.56603 -0.28125
-0.5625 -0.279424

-0.578125 -0.254539
-0.5625 -0.253687

0.21875 0.289092
0.234375 0.289798

0.221004 0.296875
0.234375 0.297373

0.234375 0.290075
0.25 0.290745

0.247189 0.296875
0.25 0.296986

-0.5625 -0.335155
-0.5 -0.343527

-0.5625 -0.289898
-0.531959 -0.28125

2.46875 -0.159479
2.48069 -0.15625

2.4721 -0.15625
2.48438 -0.150596

0.28125 0.0307232
0.279645 0.03125

0.265625 0.0395839
0.263647 0.046875

0.265625 0.0616284
0.263811 0.0625

0.279345 0.03125
0.266835 0.046875

0.268786 0.046875
0.28125 0.0611908

0.28125 0.0311927
0.281448 0.03125

-0.5625 -0.254625
-0.546875 -0.253632

-0.546875 -0.281225
-0.546695 -0.28125

-0.546875 -0.254307
-0.53125 -0.250362

-0.53125 -0.286497
-0.5 -0.291998

-0.53125 -0.250502
-0.530285 -0.25

-0.75 -0.159051
-0.734375 -0.16493

2.48438 -0.151794
2.5 -0.148952

0.28125 0.0320662
0.296875 0.0439107

0.28125 0.062305
0.296875 0.0518633

0.296875 0.0404094
0.299541 0.046875

-0.734375 -0.164614
-0.71875 -0.167752

0.296875 0.0553604
0.299322 0.046875

0.25 0.0646485
0.261542 0.078125

0.257921 0.078125
0.262852 0.09375

0.262378 0.09375
0.261507 0.109375

0.260984 0.109375
0.256302 0.125

0.3125 0.0931212
0.312246 0.09375

0.296875 0.12396
0.296334 0.125

0.3125 0.0957893
0.305795 0.109375

0.296875 0.120274
0.306892 0.109375

0.338594 0
0.34375 0.000659964

0.34375 2.82628e-05
0.343917 0

0.371309 0
0.375 0.0141121

0.3125 0.0767508
0.328125 0.075174

0.3125 0.0837206
0.328125 0.0821563

0.328125 0.0744889
0.331758 0.078125

0.328437 0.078125
0.332128 0.09375

0.324899 0.09375
0.320035 0.109375

0.318685 0.109375
0.313047 0.125

0.25 0.138271
0.256197 0.125

-0.71875 -0.167531
-0.703125 -0.169003

-0.703125 -0.168784
-0.6875 -0.169469

2.5 -0.149606
2.51562 -0.149547

2.51562 -0.149957
2.53125 -0.150551

0.265625 0.176705
0.250604 0.1875

0.28125 0.157321
0.27045 0.171875

-0.6875 -0.1693
-0.671875 -0.169974

-0.671875 -0.169866
-0.65625 -0.171083

-0.640625 -0.173038
-0.649899 -0.171875

-0.65625 -0.171112
-0.650167 -0.171875

-0.640625 -0.173201
-0.625 -0.175587

-0.625 -0.175864
-0.609375 -0.177823

-0.609375 -0.178069
-0.59375 -0.178552

-0.59375 -0.178822
-0.578125 -0.176796

-0.578125 -0.17678
-0.562945 -0.171875

-0.530066 -0.25
-0.515625 -0.241826

-0.515625 -0.240091
-0.506285 -0.234375

0.265625 0.17587
0.270132 0.171875

0.294111 0.125
0.287191 0.140625

0.28125 0.152604
0.292223 0.140625

0.308275 0.125
0.304641 0.140625

0.30135 0.140625
0.303855 0.15625

0.29606 0.15625
0.296875 0.156662

0.296875 0.178253
0.292631 0.1875

0.303012 0.15625
0.301145 0.171875

-0.508568 -0.234375
-0.5 -0.229135

-0.562482 -0.171875
-0.546875 -0.163537

2.53125 -0.15089
2.54688 -0.150637

2.54688 -0.150753
2.5625 -0.148743

0.296875 0.178657
0.300766 0.171875

0.25 0.188041
0.251073 0.1875

0.28125 0.201172
0.280522 0.203125

0.280849 0.203125
0.272555 0.21875

0.265625 0.223542
0.263869 0.234375

0.26098 0.234375
0.265625 0.243474

0.265625 0.224797
0.268503 0.234375

0.265625 0.239759
0.28125 0.245513

0.28125 0.199621
0.288692 0.1875

0.28125 0.2301
0.296875 0.231998

-0.546875 -0.163336
-0.537323 -0.15625

-0.537178 -0.15625
-0.53125 -0.151746

-0.53125 -0.150814
-0.519273 -0.140625

-0.519128 -0.140625
-0.515625 -0.137636

-0.515625 -0.136267
-0.5 -0.125686

-0.515625 -0.094719
-0.516604 -0.09375

-0.5 -0.096271
-0.504775 -0.09375

0.28125 0.237419
0.29326 0.234375

0.296875 0.229889
0.310976 0.234375

0.302099 0.234375
0.3125 0.240753

0.359375 0.17504
0.349478 0.1875

-0.516313 -0.09375
-0.515763 -0.078125

0.375 0.160442
0.363518 0.171875

2.5625 -0.148937
2.57812 -0.144552

0.359375 0.175281
0.362469 0.171875

-0.505033 -0.09375
-0.504865 -0.078125

-0.502524 -0.078125
-0.5 -0.0771201

0.328125 0.218503
0.327905 0.21875

0.34375 0.200985
0.342327 0.203125

2.57812 -0.145029
2.59102 -0.140625

0.340462 0.203125
0.32883 0.21875

-1 0.0425477
-0.988799 0.046875

2.58218 -0.140625
2.59375 -0.136672

0.327483 0.21875
0.31792 0.234375

0.3125 0.245417
0.328125 0.249757

-0.988821 0.046875
-0.984375 0.0485926

2.59375 -0.138279
2.60938 -0.133864

0.328125 0.220243
0.328386 0.21875

2.60938 -0.134002
2.625 -0.130294

-0.984375 0.0475902
-0.96875 0.0531617

-0.96875 0.0529412
-0.953125 0.0604815

0.328125 0.236283
0.336009 0.25

0.34375 0.197869
0.350758 0.1875

-0.953125 0.0601935
-0.949282 0.0625

-0.950221 0.0625
-0.9375 0.0704596

2.625 -0.130864
2.64062 -0.126449

2.64062 -0.127914
2.64901 -0.125

2.64137 -0.125
2.65625 -0.119825

2.65625 -0.11977
2.67188 -0.115809

0.375 0.00391727
0.376424 0.015625

2.67188 -0.116061
2.6875 -0.114728

2.6875 -0.114908
2.70312 -0.115338

2.70312 -0.115629
2.71875 -0.116882

2.71875 -0.11677
2.73438 -0.118488

0.378166 0.015625
0.386929 0.03125

0.386449 0.03125
0.390625 0.0376893

-0.9375 0.0702963
-0.926882 0.078125

0.390625 0.038056
0.396394 0.046875

2.73438 -0.118841
2.75 -0.120545

0.397694 0.046875
0.40625 0.0594333

2.73438 -0.0328708
2.73354 -0.03125

2.73438 -0.0326474
2.7384 -0.03125

-0.927549 0.078125
-0.921875 0.0825294

2.73347 -0.03125
2.73438 -0.0294725

0.40625 0.0595844
0.408156 0.0625

2.73438 -0.0298503
2.73825 -0.03125

-0.921875 0.0802796
-0.909689 0.09375

-0.909546 0.09375
-0.90625 0.10251

-0.90625 0.120358
-0.906999 0.125

-0.90625 0.102544
-0.903855 0.109375

-0.90625 0.121
-0.904374 0.109375

-0.953125 0.177811
-0.966645 0.1875

0.40625 0.120393
0.40434 0.125

-0.9375 0.164044
-0.946302 0.171875

2.78125 -0.126205
2.78397 -0.125

-0.953125 0.177822
-0.945963 0.171875

2.75 -0.120485
2.76562 -0.12159

2.76562 -0.122075
2.78125 -0.121729

0.409289 0.0625
0.416078 0.078125

0.416494 0.078125
0.416641 0.09375

-0.984375 0.197578
-0.995842 0.203125

-1 0.205072
-0.993358 0.203125

2.78201 -0.125
2.8125 -0.104698

0.415176 0.09375
0.410777 0.109375

0.40625 0.121027
0.411081 0.109375

0.484375 0.0657209
0.483597 0.078125

2.8125 -0.0949335
2.81361 -0.09375

0.484712 0.0625
0.486092 0.078125

-0.984375 0.197548
-0.96875 0.189305

-0.984375 0.226797
-0.996449 0.234375

2.81371 -0.09375
2.82749 -0.078125

2.82678 -0.078125
2.82812 -0.077029

0.490056 0.078125
0.5 0.0842659

0.390625 0.14421
0.379644 0.15625

-1 0.239863
-0.992089 0.234375

0.405208 0.125
0.394831 0.140625

2.82935 -0.078125
2.84375 -0.0680316

-0.984375 0.226989
-0.96875 0.219223

-0.96875 0.18941
-0.965852 0.1875

0.390625 0.145372
0.394713 0.140625

0.375 0.160957
0.379769 0.15625

-0.96875 0.218694
-0.953125 0.21504

-0.953125 0.215008
-0.9375 0.208805

2.84375 -0.0699625
2.85815 -0.0625

0.25 0.290849
0.265625 0.290923

0.263116 0.296875
0.265625 0.296886

2.84937 -0.0625
2.85938 -0.0573136

2.85938 -0.0605125
2.875 -0.0540502

-0.96875 0.219277
-0.967278 0.21875

-0.921875 0.147276
-0.929381 0.15625

-0.907372 0.125
-0.916016 0.140625

2.875 -0.0540498
2.89062 -0.0486573

2.89062 -0.0484847
2.89739 -0.046875

0.265625 0.290827
0.28125 0.290298

0.28125 0.290124
0.296875 0.289533

-0.921875 0.14725
-0.916789 0.140625

0.28125 0.296894
0.281743 0.296875

2.89648 -0.046875
2.90625 -0.0445495

-0.9375 0.163944
-0.92989 0.15625

0.296875 0.289675
0.3125 0.289084

2.90625 -0.044932
2.92188 -0.0428995

-0.875 0.155412
-0.875965 0.15625

2.92188 -0.0434095
2.9375 -0.041453

0.25 0.312511
0.250901 0.3125

0.315349 0.25
0.328125 0.262872

2.9375 -0.0421984
2.95312 -0.0378072

2.95312 -0.0401983
2.96875 -0.0319318

0.34375 0.256652
0.336858 0.265625

0.328125 0.272827
0.335943 0.265625

-0.890625 0.17381
-0.904939 0.1875

-0.890625 0.171788
-0.875 0.156424

-0.890625 0.173917
-0.888765 0.171875

-0.921875 0.199655
-0.928476 0.203125

-0.9375 0.208966
-0.927241 0.203125

-0.921875 0.199878
-0.90625 0.188351

-0.90625 0.188325
-0.905261 0.1875

-0.84375 0.103448
-0.848915 0.109375

-0.848756 0.109375
-0.85219 0.125

-0.828125 0.092951
-0.829062 0.09375

-0.8125 0.0778999
-0.812655 0.078125

-0.812572 0.078125
-0.827011 0.09375

-0.84375 0.108186
-0.829062 0.09375

-0.828125 0.0942592
-0.827562 0.09375

-0.78125 0.00492425
-0.78301 0.015625

-0.782786 0.015625
-0.78719 0.03125

-0.796875 0.0510313
-0.803349 0.0625

-0.786983 0.03125
-0.793896 0.046875

-0.796875 0.0517887
-0.794102 0.046875

-0.78125 0.00647478
-0.780185 0

-0.8125 0.0768487
-0.802868 0.0625

2.95705 -0.03125
2.96875 -0.0247958

2.96875 -0.0317355
2.96988 -0.03125

0.3125 0.288799
0.328125 0.288492

0.328125 0.290242
0.34375 0.290891

-0.875 0.153628
-0.859375 0.147413

0.345272 0.25
0.344448 0.265625

0.34375 0.280652
0.344312 0.28125

0.34375 0.290355
0.359375 0.289394

-0.849899 0.125
-0.84375 0.139997

0.359375 0.289395
0.375 0.286109

2.96875 -0.0277463
2.98438 -0.0191582

-0.859375 0.150461
-0.84375 0.155038

0.359375 0.297808
0.362907 0.296875

2.98438 -0.0187569
2.99283 -0.015625

0.390625 0.281085
0.390061 0.28125

0.390625 0.281086
0.40625 0.27614

-0.853727 0.15625
-0.84375 0.162049

-0.84375 0.132163
-0.836777 0.140625

-0.831316 0.140625
-0.828125 0.147697

-0.828125 0.142173
-0.821811 0.15625

-0.84375 0.169744
-0.828125 0.166255

-0.828125 0.17137
-0.819539 0.15625

0.375 0.285458
0.389825 0.28125

3 -0.0139143
3.03125 -0.00585252

0.375 0.298728
0.378259 0.296875

-0.8125 0.248458
-0.823976 0.25

3.03125 -0.00516344
3.0625 -0.00253193

0.390625 0.281337
0.390908 0.28125

0.390625 0.299837
0.394555 0.296875

-0.8125 0.247716
-0.805556 0.25

3.0625 -0.00492237
3.125 -0.00371437

0.40625 0.275493
0.421875 0.271213

0.421875 0.2711
0.4375 0.269009

-0.984433 0.265625
-0.984433 0.28125

0.406713 0.296875
0.406664 0.3125

3.125 -0.00478235
3.25 -0.00345116

-0.970023 0.265625
-0.970051 0.28125

-0.96875 0.311799
-0.976569 0.3125

0.422182 0.296875
0.42219 0.3125

3.25 -0.00333658
3.5 -0.00170858

3.5 -0.00228251
3.91704 0

-0.953125 0.265476
-0.957546 0.265625

-0.963727 0.265625
-0.96192 0.28125

0.40625 0.312563
0.406349 0.3125

0.4375 0.269401
0.453125 0.268944

-0.9375 0.264507
-0.942562 0.265625

-0.952324 0.265625
-0.953103 0.28125

0.453125 0.269225
0.46875 0.269057

0.46875 0.268951
0.484375 0.268721

-0.9375 0.299927
-0.9526 0.3125

-1 0.320856
-0.961187 0.3125

0.484375 0.26809
0.5 0.26927

0.498784 0.28125
0.5 0.281336

-0.9375 0.265274
-0.921875 0.263709

-0.9375 0.267756
-0.935507 0.265625

0.4375 0.31259
0.437591 0.3125

0.5 -0.291501
0.520175 -0.28125

0.5 -0.269895
0.506269 -0.265625

-0.921875 0.262588
-0.90625 0.259313

-0.921875 0.273119
-0.907015 0.265625

-0.9375 0.304127
-0.914694 0.28125

-0.90625 0.256324
-0.890625 0.256694

0.504052 -0.265625
0.515625 -0.26021

0.515625 -0.269755
0.523596 -0.265625

-0.90625 0.271576
-0.890625 0.271119

-0.890625 0.257562
-0.875 0.262254

0.515625 -0.259984
0.53125 -0.256

0.53125 -0.256784
0.546875 -0.25623

0.546875 -0.255592
0.5625 -0.260281

0.578125 -0.270598
0.570045 -0.265625

-0.890625 0.269786
-0.875 0.272157

-0.875 0.2654
-0.859375 0.264646

-0.875 0.268415
-0.859375 0.266735

0.5625 -0.261181
0.56972 -0.265625

0.578125 -0.273711
0.59375 -0.280633

0.625 -0.281299
0.623537 -0.28125

0.59375 -0.279816
0.609375 -0.279639

-0.859375 0.265285
-0.84375 0.259783

-0.859375 0.269244
-0.84891 0.265625

0.609375 -0.278177
0.625 -0.275454

0.625 -0.281765
0.63036 -0.28125

0.625 -0.275216
0.640625 -0.273275

-0.84375 0.258957
-0.828125 0.252184

-0.84375 0.268851
-0.837981 0.265625

-0.828125 0.251
-0.817043 0.25

-0.821007 0.265625
-0.8125 0.267766

0.640625 -0.273465
0.65625 -0.272426

0.65625 -0.281851
0.6875 -0.283011

-0.809144 0.25
-0.796875 0.254788

-0.808913 0.265625
-0.796875 0.274627

-0.796875 0.257585
-0.78125 0.262548

-0.792852 0.265625
-0.78125 0.268397

0.65625 -0.272284
0.671875 -0.271313

0.671875 -0.27088
0.6875 -0.269859

-0.78125 0.263164
-0.765625 0.261353

-0.78125 0.266239
-0.775949 0.265625

-0.765625 0.259728
-0.75 0.25522

-0.78125 0.282768
-0.771954 0.28125

0.6875 -0.284997
0.71875 -0.286566

0.6875 -0.268912
0.703125 -0.267871

-0.703125 0.245761
-0.715068 0.25

-0.6875 0.233305
-0.693107 0.234375

-0.703125 0.238868
-0.6875 0.240625

-0.6875 0.232324
-0.68302 0.234375

0.703125 -0.267628
0.71875 -0.266472

0.71875 -0.288697
0.75 -0.286073

0.71875 -0.26635
0.725946 -0.265625

0.721203 -0.265625
0.734375 -0.264432

0.734375 -0.266142
0.738605 -0.265625

-0.686941 0.234375
-0.675075 0.25

0.734375 -0.264993
0.75 -0.263305

-0.75 0.254962
-0.734375 0.251731

-0.728242 0.25
-0.71875 0.252251

-0.72088 0.265625
-0.71875 0.277769

-0.733482 0.28125
-0.71875 0.282977

-0.71875 0.250014
-0.703125 0.251124

-0.71485 0.265625
-0.715013 0.28125

-0.6875 0.264662
-0.688743 0.265625

-0.703125 0.272372
-0.694521 0.28125

-0.695609 0.28125
-0.6875 0.28435

0.53125 -0.190432
0.521972 -0.1875

0.53125 -0.190113
0.536627 -0.1875

-0.679905 0.25
-0.682346 0.265625

-0.6875 0.274869
-0.671875 0.279864

0.515625 -0.181754
0.508554 -0.171875

0.503206 -0.171875
0.512859 -0.15625

-0.671875 0.275373
-0.65625 0.272494

-0.662138 0.28125
-0.65625 0.281678

0.515625 -0.184056
0.52296 -0.1875

0.515625 -0.159481
0.526085 -0.15625

-0.65625 0.270908
-0.640625 0.267134

-0.640625 0.267388
-0.625719 0.265625

0.508721 -0.15625
0.515625 -0.15291

0.537599 -0.1875
0.546875 -0.174143

-0.65625 0.281359
-0.655413 0.28125

-0.609375 0.264663
-0.619003 0.265625

0.546634 -0.171875
0.532797 -0.15625

0.546875 -0.179677
0.54888 -0.171875

-0.625 0.265637
-0.624877 0.265625

-0.609375 0.264596
-0.59375 0.262088

-0.59375 0.261619
-0.578125 0.259007

0.546875 -0.170877
0.547289 -0.171875

0.53125 -0.155105
0.53377 -0.15625

-0.578125 0.258864
-0.5625 0.257372

-0.5625 0.257647
-0.546875 0.257013

0.546875 -0.152983
0.550083 -0.15625

-0.546875 0.257143
-0.53125 0.256559

-0.53125 0.25657
-0.515625 0.255752

-0.515625 0.255632
-0.5 0.254795

-0.5 -0.332059
-0.46875 -0.31788

-0.46875 -0.327486
-0.4375 -0.316389

0.5 -0.000978171
0.502071 0

0.53125 -0.0184109
0.527057 -0.015625

-0.46875 -0.28415
-0.474171 -0.28125

-0.494558 -0.28125
-0.484375 -0.278323

0.52812 -0.015625
0.522129 0

0.53125 -0.017397
0.546875 -0.016855

-0.484375 -0.280248
-0.480845 -0.28125

-0.46875 -0.282043
-0.4375 -0.310538

0.550196 -0.015625
0.554384 0

-0.448592 -0.28125
-0.4375 -0.277668

0.71875 -0.0233382
0.711709 -0.015625

0.711453 -0.015625
0.707668 0

-0.4375 -0.317573
-0.421933 -0.3125

-0.40625 -0.318217
-0.394733 -0.3125

0.71875 -0.0220985
0.734375 -0.0307776

0.734375 -0.0292769
0.75 -0.0272941

-0.4375 -0.307677
-0.421875 -0.310584

0.75 -0.288865
0.78125 -0.284386

0.75 -0.266088
0.752948 -0.265625

0.75 -0.262588
0.765625 -0.261149

0.765625 -0.265829
0.766755 -0.265625

0.765625 -0.262379
0.78125 -0.260288

0.78125 -0.289523
0.8125 -0.284673

-0.4375 -0.290561
-0.424584 -0.28125

-0.421875 -0.30568
-0.40625 -0.301122

0.78125 -0.265811
0.782998 -0.265625

0.78125 -0.258167
0.796875 -0.257272

0.796875 -0.265734
0.798456 -0.265625

0.796875 -0.259035
0.8125 -0.260055

0.8125 -0.286323
0.84375 -0.281606

-0.40625 -0.283313
-0.415154 -0.28125

-0.430745 -0.28125
-0.421875 -0.27732

-0.417576 -0.28125
-0.40625 -0.280993

0.8125 -0.26573
0.816046 -0.265625

0.8125 -0.259193
0.828125 -0.260321

0.828125 -0.265734
0.842722 -0.265625

0.828125 -0.261011
0.84375 -0.262501

-0.40625 -0.306299
-0.391974 -0.296875

-0.390625 -0.293688
-0.396346 -0.28125

-0.390625 -0.306411
-0.38595 -0.296875

-0.390625 -0.291107
-0.389096 -0.296875

-0.40625 -0.279403
-0.401948 -0.28125

-0.375 -0.253007
-0.389855 -0.25

0.84375 -0.282404
0.862816 -0.28125

0.84375 -0.26567
0.859375 -0.265731

-0.375 -0.319981
-0.366167 -0.3125

-0.3125 -0.313011
-0.315469 -0.3125

0.84375 -0.262258
0.859375 -0.263089

0.875 -0.265643
0.868516 -0.265625

-0.372551 -0.3125
-0.359375 -0.30991

-0.360165 -0.296875
-0.359375 -0.296869

-0.359375 -0.303225
-0.352786 -0.3125

-0.375 -0.25272
-0.359375 -0.252985

0.859375 -0.263275
0.875 -0.263601

0.875 -0.281799
0.883723 -0.28125

0.875 -0.263544
0.890625 -0.263179

0.890625 -0.263181
0.90625 -0.26224

-0.359375 -0.252143
-0.34375 -0.251746

-0.343193 -0.3125
-0.342984 -0.296875

-0.34375 -0.296847
-0.343684 -0.296875

-0.3125 -0.298375
-0.318433 -0.296875

-0.313732 -0.296875
-0.3125 -0.294559

-0.34375 -0.252187
-0.328125 -0.25193

0.90625 -0.262196
0.921875 -0.260766

0.921875 -0.26076
0.9375 -0.258942

-0.328125 -0.251513
-0.3125 -0.251344

0.9375 -0.258981
0.953125 -0.256709

0.953125 -0.256849
0.96875 -0.253765

-0.28125 -0.313266
-0.283246 -0.3125

-0.28125 -0.312618
-0.280781 -0.3125

0.96875 -0.253771
0.98264 -0.25

0.984375 -0.250062
0.98451 -0.25

-0.296875 -0.298338
-0.299019 -0.296875

-0.298697 -0.296875
-0.298114 -0.28125

0.8125 -0.189202
0.807511 -0.1875

0.796875 -0.17544
0.79579 -0.171875

-0.28125 -0.297822
-0.284579 -0.296875

-0.289541 -0.296875
-0.288972 -0.28125

0.796259 -0.171875
0.796875 -0.17026

0.796875 -0.175938
0.807712 -0.1875

0.798401 -0.171875
0.807095 -0.15625

0.8125 -0.188671
0.815812 -0.1875

-0.296968 -0.28125
-0.296875 -0.280882

-0.3125 -0.251148
-0.296875 -0.252288

0.8125 -0.186236
0.828125 -0.178832

0.8125 -0.158125
0.815616 -0.15625

0.828125 -0.176485
0.833795 -0.171875

-0.296875 -0.253801
-0.28125 -0.253614

-0.28125 -0.297628
-0.271833 -0.296875

0.828125 -0.168788
0.84375 -0.160776

0.818022 -0.15625
0.824083 -0.140625

0.81763 -0.140625
0.822798 -0.125

0.84375 -0.162018
0.859375 -0.162126

-0.270951 -0.296875
-0.274122 -0.28125

-0.265625 -0.299694
-0.259792 -0.296875

0.859375 -0.162606
0.875 -0.168221

0.75 -0.0289646
0.765625 -0.0159868

0.765423 -0.015625
0.765625 -0.0151175

-0.259928 -0.296875
-0.26106 -0.28125

-0.28125 -0.252963
-0.266956 -0.25

0.765625 -0.0155163
0.770317 0

0.825936 -0.125
0.828125 -0.122016

-0.5 -0.235871
-0.491977 -0.234375

-0.5 -0.228178
-0.484375 -0.225279

0.828125 -0.12121
0.837295 -0.109375

0.838055 -0.109375
0.84375 -0.102549

-0.484375 -0.227182
-0.46875 -0.230517

-0.453125 -0.237223
-0.460744 -0.234375

0.84375 -0.101915
0.851104 -0.09375

0.850424 -0.09375
0.859375 -0.0853543

-0.46875 -0.231804
-0.453125 -0.23437

-0.453125 -0.239253
-0.4375 -0.242363

0.859375 -0.085142
0.869944 -0.078125

0.870851 -0.078125
0.875 -0.0756256

-0.453125 -0.233016
-0.446714 -0.234375

-0.45023 -0.21875
-0.443783 -0.203125

0.84375 -0.00531353
0.840718 0

0.859375 -0.0183604
0.854454 -0.015625

-0.5 -0.125853
-0.497656 -0.125

-0.4375 -0.128292
-0.445956 -0.125

-0.4375 -0.239984
-0.421875 -0.240151

-0.4375 -0.233482
-0.435202 -0.234375

-0.421875 -0.239295
-0.40625 -0.242431

-0.434757 -0.21875
-0.434389 -0.203125

-0.421875 -0.206616
-0.40625 -0.203704

-0.411693 -0.203125
-0.40625 -0.198813

-0.40625 -0.243636
-0.390625 -0.24891

-0.390625 -0.24964
-0.388915 -0.25

0.84375 -0.0052743
0.85431 -0.015625

0.859375 -0.0161743
0.875 -0.019598

-0.40625 -0.20547
-0.401798 -0.203125

-0.40625 -0.19002
-0.396235 -0.203125

-0.4375 -0.128575
-0.421875 -0.136654

-0.40625 -0.145113
-0.415425 -0.140625

0.90625 -0.187834
0.921875 -0.192178

0.921875 -0.192278
0.9375 -0.191337

-0.421875 -0.138031
-0.416572 -0.140625

-0.40625 -0.14551
-0.390625 -0.150289

-0.390625 -0.150559
-0.375 -0.151564

-0.497814 -0.125
-0.484375 -0.120277

-0.5 -0.0944242
-0.488908 -0.09375

0.890625 -0.178303
0.87928 -0.171875

0.875 -0.167869
0.882071 -0.171875

-0.484375 -0.120219
-0.46875 -0.118997

-0.495622 -0.09375
-0.494481 -0.078125

0.890625 -0.178944
0.90625 -0.187295

0.90625 -0.187402
0.906604 -0.1875

-0.5 -0.0752469
-0.49164 -0.078125

-0.46875 -0.119015
-0.453125 -0.121883

0.9375 -0.191569
0.947055 -0.1875

0.98542 -0.25
1 -0.243191

-0.453125 -0.122422
-0.446504 -0.125

0.94638 -0.1875
0.953125 -0.184628

0.953125 -0.18508
0.96875 -0.17192

-0.345788 -0.25
-0.34375 -0.24994

-0.344245 -0.234375
-0.34375 -0.219745

0.96875 -0.171249
0.980323 -0.15625

0.979868 -0.15625
0.984375 -0.147665

0.984375 -0.147195
0.987824 -0.140625

0.987688 -0.140625
0.993732 -0.125

0.875 -0.0764166
0.890625 -0.0686216

0.890625 -0.0693383
0.903525 -0.0625

-0.330076 -0.25
-0.328125 -0.249982

-0.343516 -0.234375
-0.34372 -0.21875

-0.375 -0.151834
-0.359375 -0.147986

-0.359375 -0.148333
-0.346463 -0.140625

0.9375 -0.0914072
0.932653 -0.078125

0.933011 -0.078125
0.9375 -0.0652276

-0.348508 -0.140625
-0.34375 -0.13771

-0.34375 -0.138236
-0.328981 -0.125

-0.266831 -0.25
-0.265625 -0.24975

-0.265625 -0.249695
-0.25 -0.244767

-0.25 -0.129433
-0.252312 -0.125

-0.331759 -0.125
-0.328125 -0.121374

-0.328125 -0.122054
-0.313375 -0.109375

-0.314872 -0.109375
-0.3125 -0.107628

0.900896 -0.0625
0.90625 -0.0581434

0.875 -0.0181099
0.890625 -0.0207013

0.890625 -0.0180832
0.90625 -0.0280546

0.910753 -0.0625
0.919905 -0.046875

-0.34375 -0.031691
-0.344218 -0.03125

-0.344691 -0.03125
-0.35583 -0.015625

0.917509 -0.046875
0.909704 -0.03125

0.921875 -0.0621797
0.922057 -0.0625

0.90625 -0.0288824
0.908496 -0.03125

0.9375 -0.0949472
0.953125 -0.0965838

-0.353288 -0.015625
-0.358926 0

-0.34375 -0.0315775
-0.328125 -0.0423177

0.953125 -0.0968694
0.957193 -0.09375

0.9375 -0.0915321
0.944675 -0.09375

0.9375 -0.0676369
0.953125 -0.0654809

0.955019 -0.09375
0.961085 -0.078125

-0.328125 -0.0413653
-0.3125 -0.0458795

-0.34375 -0.0290172
-0.341412 -0.03125

0.953125 -0.0661658
0.960932 -0.078125

0.993846 -0.125
0.998057 -0.109375

-0.3125 -0.108692
-0.296875 -0.0992502

-0.296875 -0.0982433
-0.28125 -0.0944477

0.998269 -0.109375
0.999995 -0.09375

0.99951 -0.09375
0.999297 -0.078125

0.999176 -0.078125
0.998237 -0.0625

0.997772 -0.0625
0.99728 -0.046875

-0.28167 -0.09375
-0.28125 -0.0936481

-0.265625 -0.100361
-0.278528 -0.09375

0.997692 -0.046875
0.997752 -0.03125

0.999244 -0.03125
0.996049 -0.015625

0.992988 -0.015625
0.989675 0

0.50161 0
0.515625 0.0155155

-0.250955 -0.125
-0.259833 -0.109375

-0.265625 -0.100048
-0.25754 -0.109375

0.515319 0.015625
0.515625 0.0162432

0.515625 0.00233826
0.516927 0

-0.28125 -0.0927197
-0.278218 -0.09375

-0.3125 -0.0454559
-0.296875 -0.0461618

0.515625 0.0201266
0.525856 0.03125

0.515625 0.0334412
0.503298 0.046875

0.5 0.0549784
0.511853 0.046875

0.526426 0.03125
0.53125 0.0422712

-0.296875 -0.0458972
-0.28125 -0.0441712

-0.28125 -0.0438529
-0.265625 -0.0408609

0.529608 0.046875
0.52616 0.0625

0.53125 0.00363658
0.546875 0.00470645

0.546875 0.0101148
0.558039 0

0.53125 0.0356096
0.546875 0.0401957

-0.265625 -0.0405524
-0.25 -0.0375479

-0.234375 -0.258832
-0.249893 -0.25

-0.234375 -0.257776
-0.21875 -0.265518

0.546875 0.0408278
0.561222 0.046875

0.5 0.0770481
0.515625 0.0628836

0.5 0.0906445
0.515625 0.0812789

0.515625 0.0668482
0.519224 0.0625

0.515625 0.094406
0.516281 0.09375

0.5625 0.0474795
0.578125 0.0546687

-0.1875 -0.297456
-0.190464 -0.296875

-0.191542 -0.296875
-0.19829 -0.28125

0.578125 0.0531828
0.592108 0.0625

0.591215 0.0625
0.59375 0.0643017

-0.203125 -0.265647
-0.203462 -0.265625

-0.21242 -0.265625
-0.203125 -0.250462

-0.203125 -0.271197
-0.198523 -0.265625

-0.198418 -0.265625
-0.198512 -0.25

0.59375 0.108296
0.592889 0.109375

0.592055 0.109375
0.592586 0.125

-0.1875 -0.298577
-0.182856 -0.296875

-0.186637 -0.296875
-0.182393 -0.28125

-0.171875 -0.303793
-0.165959 -0.296875

-0.1875 -0.270211
-0.180478 -0.28125

0.59375 0.0638234
0.607359 0.078125

0.608553 0.078125
0.609375 0.0815718

0.609375 0.0711398
0.614202 0.078125

0.609375 0.0806464
0.613914 0.09375

0.609375 0.0947113
0.601732 0.109375

0.59375 0.118882
0.597005 0.125

0.609375 0.0997847
0.617381 0.109375

0.609375 0.119508
0.625 0.110105

-0.25 -0.244348
-0.234375 -0.235057

-0.236668 -0.234375
-0.234375 -0.230652

-0.234375 -0.238271
-0.21875 -0.248068

-0.234375 -0.223563
-0.23184 -0.21875

-0.234023 -0.21875
-0.21875 -0.20649

-0.21875 -0.243624
-0.20633 -0.25

-0.203125 -0.245758
-0.197768 -0.25

-0.21875 -0.213422
-0.203125 -0.204612

0.593405 0.125
0.59375 0.125412

0.59375 0.164123
0.590662 0.171875

-0.203125 -0.203944
-0.202179 -0.203125

-0.203125 -0.202368
-0.1875 -0.18864

0.59373 0.171875
0.59375 0.172108

0.59375 0.125471
0.609375 0.129627

0.609375 0.153721
0.602581 0.15625

0.609375 0.132156
0.620844 0.125

-0.234375 -0.156909
-0.235011 -0.15625

-0.21875 -0.16683
-0.23406 -0.15625

0.609375 0.154059
0.612326 0.15625

0.59375 0.162899
0.602786 0.15625

0.594947 0.171875
0.597804 0.1875

0.612002 0.15625
0.623762 0.171875

0.619637 0.171875
0.6179 0.1875

-0.234375 -0.154418
-0.245073 -0.140625

-0.25 -0.129311
-0.24408 -0.140625

0.595544 0.1875
0.599539 0.203125

0.594253 0.203125
0.609375 0.218233

-0.234375 -0.155032
-0.232994 -0.15625

-0.21875 -0.169782
-0.203125 -0.164128

0.617011 0.1875
0.615539 0.203125

0.625 0.207791
0.61415 0.21875

-0.203125 -0.161233
-0.198737 -0.15625

-0.202707 -0.15625
-0.1875 -0.142113

-0.1875 -0.188127
-0.186794 -0.1875

-0.186993 -0.1875
-0.171875 -0.175194

0.625 0.102557
0.640625 0.108921

0.633018 0.109375
0.640625 0.115697

-0.171875 -0.174691
-0.168162 -0.171875

-0.167117 -0.171875
-0.15625 -0.163705

0.640625 0.10238
0.645691 0.109375

0.640625 0.118002
0.643712 0.125

-0.1875 -0.142141
-0.185222 -0.140625

-0.182795 -0.140625
-0.171875 -0.133035

0.6875 0.0725892
0.681151 0.078125

0.682666 0.078125
0.685748 0.09375

-0.171875 -0.134235
-0.16036 -0.125

-0.15625 -0.163067
-0.146477 -0.15625

0.708967 0
0.71875 0.0145622

0.71875 0.0298327
0.718334 0.03125

-0.145269 -0.15625
-0.140625 -0.153297

-0.140625 -0.152629
-0.125 -0.142509

0.703125 0.0364627
0.698231 0.046875

0.703125 0.0331642
0.71875 0.0312733

0.71875 0.0561527
0.714232 0.0625

0.71875 0.0141476
0.720056 0.015625

0.720012 0.015625
0.734375 0.0238956

0.734375 0.0269615
0.75 0.0289185

0.71875 0.0376518
0.719191 0.03125

0.720419 0.046875
0.720123 0.0625

0.703021 0.0625
0.698796 0.078125

0.6875 0.0845723
0.703125 0.0921079

-0.25 -0.0377491
-0.234375 -0.0349466

-0.234375 -0.0348262
-0.21875 -0.0320641

0.71875 0.0722784
0.710886 0.078125

0.703125 0.0840842
0.711157 0.078125

-0.21875 -0.0317239
-0.216311 -0.03125

-0.211759 -0.03125
-0.203125 -0.0295727

0.635435 0.125
0.640625 0.132849

0.640625 0.125493
0.649363 0.140625

-0.203125 -0.0293385
-0.1875 -0.0254102

-0.161287 -0.125
-0.15625 -0.120323

0.647145 0.140625
0.65625 0.151978

0.65625 0.141319
0.666465 0.15625

-0.15625 -0.119698
-0.14654 -0.109375

-0.145686 -0.109375
-0.140625 -0.103428

0.663299 0.15625
0.668244 0.171875

0.667422 0.171875
0.667773 0.1875

-0.140625 -0.103097
-0.133161 -0.09375

-0.131734 -0.09375
-0.125 -0.0793126

0.671875 0.174888
0.67216 0.1875

0.625 0.216181
0.628887 0.21875

0.65625 0.201267
0.656055 0.203125

0.65625 0.218645
0.656081 0.21875

0.639708 0.21875
0.626656 0.234375

-0.15625 -0.0318309
-0.158563 -0.03125

-0.1875 -0.0246962
-0.171875 -0.0212377

0.629298 0.234375
0.626536 0.25

0.640625 0.221418
0.645549 0.21875

0.666973 0.1875
0.665979 0.203125

0.671875 0.203379
0.659371 0.21875

0.671875 0.188537
0.671941 0.1875

0.671875 0.203379
0.671964 0.203125

-0.171875 -0.020811
-0.15625 -0.0200703

-0.140625 -0.047093
-0.14086 -0.046875

-0.140625 -0.046691
-0.149508 -0.03125

-0.125 -0.0602057
-0.133411 -0.046875

0.5 0.269375
0.515625 0.273015

0.515625 0.274228
0.53125 0.277693

-0.140625 -0.0409103
-0.137914 -0.046875

-0.140625 -0.0254197
-0.15266 -0.015625

0.53125 0.277785
0.546875 0.278462

0.546875 0.277822
0.5625 0.276806

0.56219 0.28125
0.5625 0.281257

0.5625 0.276915
0.578125 0.275268

0.578125 0.275764
0.59375 0.272272

0.59375 0.271406
0.609375 0.266808

0.625 0.260657
0.619425 0.265625

0.609375 0.266755
0.611707 0.265625

-0.140625 -0.0164233
-0.135049 -0.03125

-0.0625 -0.238083
-0.0660199 -0.234375

-0.0635701 -0.234375
-0.0711713 -0.21875

0.625 0.264482
0.633553 0.25

0.765625 0.012075
0.764095 0.015625

0.75 0.0301935
0.765625 0.0166485

0.765625 0.00904107
0.768563 0

0.843422 0
0.838748 0.015625

0.838732 0.015625
0.836035 0.03125

0.835307 0.03125
0.836139 0.046875

0.83634 0.046875
0.841752 0.0625

-0.0795095 -0.203125
-0.078125 -0.196977

-0.0741136 -0.21875
-0.0715105 -0.203125

0.84375 0.00177661
0.844281 0

0.841474 0.0625
0.84375 0.0662355

-0.078125 -0.197647
-0.0670823 -0.1875

-0.125 -0.141904
-0.122885 -0.140625

-0.121837 -0.140625
-0.109375 -0.133082

0.84375 0.066564
0.852043 0.078125

0.852954 0.078125
0.859375 0.0843974

-0.109375 -0.132859
-0.0947793 -0.125

-0.0782067 -0.1875
-0.078125 -0.187379

0.859375 0.0851082
0.87158 0.09375

0.872678 0.09375
0.875 0.0951659

-0.078125 -0.187089
-0.0625 -0.181364

0.84375 0.172291
0.828677 0.1875

0.859375 0.1675
0.846456 0.171875

0.84375 0.178085
0.859375 0.171982

0.859375 0.168145
0.875 0.171018

0.828125 0.199914
0.8273 0.203125

0.827975 0.203125
0.828125 0.206079

-0.0625 -0.238774
-0.046875 -0.241068

-0.0491607 -0.234375
-0.046875 -0.233797

0.828125 0.199404
0.832388 0.1875

0.828125 0.205872
0.82878 0.21875

-0.046875 -0.241772
-0.038213 -0.234375

-0.0385905 -0.234375
-0.0395051 -0.21875

0.828876 0.21875
0.83363 0.234375

0.833301 0.234375
0.842477 0.25

-0.048623 -0.21875
-0.0622936 -0.203125

-0.0566984 -0.203125
-0.0624302 -0.1875

0.9375 0.00743113
0.932167 0.015625

0.937154 0.015625
0.93302 0.03125

-0.046875 -0.217862
-0.0461042 -0.21875

-0.0625 -0.176594
-0.0519905 -0.1875

0.935893 0.03125
0.935474 0.046875

0.932399 0.046875
0.937012 0.0625

-0.015625 -0.182778
-0.026528 -0.171875

-0.00390138 -0.171875
-0.00746822 -0.15625

0.875 0.0952222
0.890625 0.101723

0.890625 0.101533
0.90625 0.105429

-0.015625 -0.154823
-0.0192944 -0.140625

-0.0181282 -0.140625
-0.0157757 -0.125

0.936591 0.0625
0.9375 0.0638707

0.90625 0.105621
0.921875 0.106909

-0.015625 -0.145968
0 -0.153546

-0.015625 -0.12658
0 -0.129802

0.921875 0.107051
0.9375 0.105062

0.9375 0.0114188
0.953125 0.00427792

-0.094739 -0.125
-0.09375 -0.12447

-0.125 -0.0793887
-0.124449 -0.078125

0.9375 0.0201071
0.94067 0.015625

0.953125 0.0108233
0.96875 0.0150964

-0.12468 -0.078125
-0.124878 -0.0625

-0.09375 -0.124647
-0.078125 -0.11711

0.964006 0.015625
0.96875 0.0169224

0.984375 0.0133163
0.979079 0.015625

-0.078125 -0.117477
-0.0625 -0.109682

-0.125 -0.0599495
-0.123749 -0.0625

-0.0625 -0.109638
-0.0620028 -0.109375

0.96875 0.0184791
0.984375 0.0160016

0.996361 0
0.986461 0.015625

0.984375 0.0204156
0.991979 0.015625

0.9375 0.0635758
0.953125 0.0777746

-0.0624191 -0.109375
-0.046875 -0.101149

-0.046875 -0.100281
-0.03125 -0.093804

0.953125 0.0762005
0.957051 0.078125

0.967675 0.078125
0.96875 0.0846252

-0.0157342 -0.125
-0.015625 -0.124797

-0.015625 -0.122171
0 -0.11506

0.9375 0.10483
0.953125 0.0997407

0.953125 0.0999701
0.964939 0.09375

-0.024165 -0.09375
-0.015625 -0.0885657

-0.015625 -0.0887352
-0.00523958 -0.078125

0.96875 0.0772414
0.970464 0.078125

0.975942 0.078125
0.976973 0.09375

-0.00884372 -0.078125
0 -0.0654776

0.875 0.170235
0.87763 0.171875

0.876645 0.171875
0.890136 0.1875

0.885879 0.1875
0.890625 0.199604

-0.375 0.059679
-0.375845 0.0625

-0.377597 0.0625
-0.382593 0.078125

0.890625 0.202716
0.890785 0.203125

0.890735 0.203125
0.900552 0.21875

0.900379 0.21875
0.90625 0.226594

0.90625 0.221684
0.915228 0.234375

-0.38267 0.078125
-0.387205 0.09375

-0.390625 0.108945
-0.39072 0.109375

0.917944 0.234375
0.917558 0.25

0.953125 0.248816
0.950807 0.25

0.953125 0.249678
0.958631 0.25

-0.390625 0.11118
-0.393306 0.125

-0.390625 0.10816
-0.387456 0.09375

0.842087 0.25
0.84375 0.252127

0.84375 0.252659
0.858135 0.265625

0.858425 0.265625
0.859375 0.266202

0.859375 0.265558
0.85956 0.265625

0.859406 0.265625
0.875 0.271421

0.875 0.271984
0.890625 0.270113

-0.393858 0.125
-0.396597 0.140625

-0.396646 0.140625
-0.397933 0.15625

-0.397756 0.15625
-0.39785 0.171875

-0.397758 0.171875
-0.397195 0.1875

0.90625 0.259545
0.89765 0.265625

0.890625 0.269472
0.897307 0.265625

-0.397089 0.1875
-0.396265 0.203125

-0.396455 0.203125
-0.395204 0.21875

0.875 0.282592
0.880598 0.28125

0.90625 0.260617
0.915295 0.25

0.90625 0.266082
0.906826 0.265625

0.90625 0.281933
0.916155 0.28125

-0.394861 0.21875
-0.393488 0.234375

-0.392842 0.234375
-0.393326 0.25

0.949937 0.25
0.943871 0.265625

0.947551 0.265625
0.953125 0.273275

-0.359375 0.00170072
-0.363872 0.015625

-0.363858 0.015625
-0.368541 0.03125

0.953125 0.25498
0.96875 0.250765

0.953125 0.272482
0.96875 0.280594

-0.359375 0.000956561
-0.359066 0

-0.368548 0.03125
-0.372921 0.046875

0.96875 0.258281
0.984375 0.264004

0.96875 0.279023
0.984375 0.275468

0.984375 0.263683
1 0.263263

0.984375 0.27773
0.995208 0.28125

0.96875 0.281361
0.973188 0.28125

-0.375 0.0505664
-0.373894 0.046875

1.09375 -0.251043
1.0909 -0.25

-0.25 0.118838
-0.259468 0.125

-0.34375 0.136662
-0.346333 0.140625

-0.344998 0.140625
-0.350715 0.15625

-0.34907 0.15625
-0.351555 0.171875

1.09375 -0.25089
1.10938 -0.253103

1.10938 -0.253386
1.125 -0.254362

-0.352385 0.171875
-0.352923 0.1875

1.14062 -0.26593
1.12654 -0.265625

1.125 -0.253763
1.14062 -0.253862

1.15625 -0.265958
1.14352 -0.265625

1.14062 -0.253779
1.15625 -0.254096

-0.34375 0.129238
-0.328125 0.131162

-0.331288 0.140625
-0.328125 0.14234

1.15625 -0.254182
1.17188 -0.25484

1.17188 -0.2549
1.1875 -0.255739

-0.328125 0.147987
-0.325908 0.15625

1.1875 -0.255786
1.20312 -0.256593

1.20312 -0.256604
1.21875 -0.257263

1.21875 -0.257257
1.23438 -0.257757

1.23438 -0.257749
1.25 -0.25812

-0.327018 0.15625
-0.32286 0.171875

-0.321372 0.171875
-0.317421 0.1875

1 -0.242256
1.01129 -0.234375

1.01312 -0.234375
1.01562 -0.232615

-0.3525 0.1875
-0.350274 0.203125

-0.349759 0.203125
-0.346643 0.21875

-0.347869 0.21875
-0.34375 0.229422

-0.345028 0.234375
-0.34375 0.236556

-0.317187 0.1875
-0.31689 0.203125

-0.317951 0.203125
-0.319652 0.21875

-0.34375 0.234096
-0.343534 0.234375

-0.34375 0.237691
-0.328125 0.24691

-0.318393 0.21875
-0.322485 0.234375

1.01562 -0.231478
1.031 -0.21875

1.03105 -0.21875
1.03125 -0.218572

-0.3125 0.235319
-0.326944 0.25

-0.28125 0.151221
-0.283757 0.15625

1.03125 -0.218309
1.04688 -0.204131

1.04688 -0.202783
1.0625 -0.19053

-0.283392 0.15625
-0.286729 0.171875

-0.286352 0.171875
-0.286658 0.1875

1.07633 -0.25
1.06753 -0.234375

1.07133 -0.234375
1.07812 -0.221843

1.07812 -0.246032
1.08322 -0.25

1.07812 -0.224867
1.08146 -0.21875

-0.265625 0.129064
-0.276052 0.140625

-0.28125 0.150981
-0.275752 0.140625

1.0625 -0.191337
1.06855 -0.1875

1.08474 -0.21875
1.09375 -0.204065

1.09375 -0.203695
1.09406 -0.203125

1.09441 -0.203125
1.09753 -0.1875

-0.265625 0.12974
-0.258941 0.125

-0.286628 0.1875
-0.284715 0.203125

1.07061 -0.1875
1.07812 -0.181143

1.07812 -0.174025
1.09375 -0.175334

-0.28477 0.203125
-0.28125 0.21618

-0.3125 0.21893
-0.312489 0.21875

1.08234 -0.171875
1.09375 -0.159653

1.09015 -0.15625
1.09375 -0.151111

-0.28125 0.216558
-0.280659 0.21875

-0.280266 0.21875
-0.274223 0.234375

1.10023 -0.1875
1.09691 -0.171875

1.10281 -0.171875
1.0982 -0.15625

1.09375 -0.145972
1.10938 -0.150882

1 -0.0927114
1.00001 -0.09375

-0.27401 0.234375
-0.267173 0.25

1.10938 -0.0871449
1.10116 -0.078125

1.0989 -0.078125
1.09699 -0.0625

-0.5 0.254201
-0.484375 0.254772

-0.484375 0.254189
-0.46875 0.258521

1.10938 -0.0873931
1.1207 -0.09375

1.09375 -0.0582807
1.10938 -0.0477457

-0.46875 0.260051
-0.45488 0.265625

-0.453125 0.265647
-0.4375 0.272179

1.10938 -0.0562317
1.125 -0.0584472

1.14062 -0.0944304
1.13125 -0.09375

1.14062 -0.097171
1.14881 -0.09375

-0.4375 0.273914
-0.421875 0.278514

-0.421875 0.280796
-0.40625 0.275433

-0.392163 0.25
-0.398123 0.265625

-0.40625 0.277747
-0.394954 0.265625

-0.328125 0.250369
-0.326932 0.25

-0.267077 0.25
-0.265625 0.253021

-0.265625 0.253745
-0.259851 0.265625

1.125 -0.0932648
1.13214 -0.09375

1.15017 -0.09375
1.15625 -0.0889728

-0.25986 0.265625
-0.251284 0.28125

-0.255682 0.28125
-0.25 0.29189

1.15625 -0.0646761
1.15416 -0.0625

1.15625 -0.0898887
1.1633 -0.078125

-0.253981 0.296875
-0.25 0.302067

-0.25 0.120619
-0.234375 0.112236

-0.21875 0.102468
-0.229568 0.109375

1.16389 -0.078125
1.1569 -0.0625

1.125 -0.0587591
1.14062 -0.0597309

-0.234375 0.112179
-0.229962 0.109375

-0.203125 0.0925158
-0.205597 0.09375

1.14062 -0.0554633
1.15556 -0.0625

1.15625 -0.0620257
1.15676 -0.0625

-0.203125 0.0917512
-0.1875 0.0910187

-0.21875 0.100468
-0.205624 0.09375

1.25 -0.258117
1.26562 -0.258383

1.26562 -0.258382
1.28125 -0.258551

-0.1875 0.0898573
-0.180525 0.09375

-0.181152 0.09375
-0.171875 0.100918

1.28125 -0.258555
1.29688 -0.258621

1.29688 -0.258631
1.3125 -0.258569

1.3125 -0.258589
1.32812 -0.258339

-0.171875 0.104811
-0.168113 0.109375

-0.169783 0.109375
-0.15625 0.124858

1.32812 -0.26564
1.32855 -0.265625

1.32812 -0.258371
1.34375 -0.257831

-0.15625 0.119747
-0.145644 0.125

-0.21875 0.204917
-0.225473 0.21875

-0.221039 0.21875
-0.21875 0.233081

-0.222454 0.234375
-0.21875 0.241316

-0.203125 0.199405
-0.21561 0.203125

-0.21875 0.207071
-0.213588 0.203125

-0.203125 0.202212
-0.201229 0.203125

-0.200225 0.203125
-0.1875 0.211458

1.34375 -0.257904
1.35938 -0.256866

1.35938 -0.256921
1.375 -0.255129

-0.21875 0.2396
-0.208264 0.25

-0.203125 0.248796
-0.197197 0.25

1.375 -0.255644
1.39062 -0.251956

1.39062 -0.250384
1.39262 -0.25

-0.159143 0.125
-0.15625 0.127761

1.40625 -0.2501
1.40771 -0.25

1.32812 -0.149704
1.32249 -0.140625

1.32247 -0.140625
1.32812 -0.126161

1.32812 -0.149568
1.34375 -0.145931

-0.15625 0.127846
-0.140625 0.134318

-0.140625 0.130935
-0.125 0.127625

1.32812 -0.128081
1.34375 -0.134138

1.34375 -0.145385
1.34574 -0.140625

1.34375 -0.135999
1.3451 -0.140625

-0.1875 0.211746
-0.18122 0.21875

1.32685 -0.125
1.32812 -0.124163

1.32812 -0.124473
1.33276 -0.125

-0.180695 0.21875
-0.173881 0.234375

-0.18043 0.234375
-0.175065 0.25

1.39132 -0.25
1.40625 -0.247123

1.40625 -0.248108
1.42188 -0.24744

-0.171875 0.243947
-0.160934 0.25

-0.15625 0.247885
-0.140625 0.249724

-0.140625 0.249814
-0.139792 0.25

-0.109375 0.119064
-0.123272 0.125

-0.109375 0.118617
-0.09375 0.112101

1.42188 -0.247508
1.4375 -0.24712

1.4375 -0.247115
1.45312 -0.246893

-0.078125 0.107161
-0.0848202 0.109375

-0.09375 0.112143
-0.08582 0.109375

1.45312 -0.246932
1.46875 -0.246807

1.46875 -0.246823
1.48438 -0.246685

-0.078125 0.106394
-0.0625 0.103653

-0.0625 0.103166
-0.046875 0.104923

-0.0514934 0.109375
-0.046875 0.109894

1.48438 -0.246674
1.5 -0.246511

-0.046875 0.104307
-0.0371543 0.109375

-0.0378635 0.109375
-0.03125 0.11287

1.40622 -0.015625
1.40576 0

1.42188 -0.0324594
1.42013 -0.03125

1.4375 -0.0372265
1.42208 -0.03125

1.42051 -0.03125
1.40794 -0.015625

-0.03125 0.114043
-0.0181695 0.125

-0.125 0.127186
-0.119881 0.125

1.40986 -0.015625
1.40934 0

1.42188 -0.0295895
1.42523 -0.03125

-0.109375 0.127948
-0.103298 0.125

-0.09375 0.127891
-0.0907539 0.125

1.4375 -0.0353369
1.45312 -0.0355699

-0.0184065 0.125
-0.015625 0.12749

-0.015625 0.127892
-0.00111861 0.140625

1.45312 -0.0378229
1.46854 -0.03125

1.4375 -0.0312415
1.43881 -0.03125

1.46826 -0.03125
1.46875 -0.0308232

1.46875 -0.00426869
1.46633 0

1.46875 -0.0329972
1.47099 -0.03125

1.47116 -0.03125
1.4791 -0.015625

1.46875 -0.000466741
1.47691 -0.015625

-0.0014268 0.140625
0 0.14185

0 0.232499
-0.00046117 0.234375

-0.00038573 0.234375
0 0.235257

-0.25 0.279201
-0.247433 0.28125

-0.25 0.286936
-0.234375 0.295779

-0.25 0.297663
-0.234375 0.304208

-0.234375 0.28949
-0.21875 0.28422

-0.234375 0.305943
-0.21875 0.297053

-0.198231 0.25
-0.1875 0.255571

-0.21875 0.286582
-0.203125 0.283455

-0.21875 0.297939
-0.217127 0.296875

-0.203125 0.284123
-0.1875 0.286328

-0.221457 0.3125
-0.21875 0.312759

-0.21875 0.313366
-0.210246 0.3125

-0.1875 0.257737
-0.181631 0.265625

-0.1753 0.265625
-0.171875 0.274296

-0.171875 0.272978
-0.166125 0.28125

-0.1875 0.291909
-0.171875 0.287809

-0.172275 0.296875
-0.171875 0.296953

-0.15771 0.28125
-0.166526 0.296875

-0.171875 0.297914
-0.168238 0.296875

-0.15625 0.280671
-0.155781 0.28125

-0.139796 0.25
-0.125 0.253303

-0.15625 0.295704
-0.155281 0.28125

-0.125 0.253337
-0.109375 0.258242

-0.109375 0.258687
-0.09375 0.264052

-0.09375 0.264447
-0.0901623 0.265625

-0.0880215 0.265625
-0.078125 0.268873

-0.078125 0.269204
-0.0625 0.274049

-0.0625 0.274246
-0.046875 0.278114

-0.046875 0.278176
-0.03125 0.280538

-0.0487451 0.28125
-0.046875 0.281713

-0.03125 0.280389
-0.0186592 0.28125

-0.015625 0.280179
-0.00581625 0.28125

-0.0188163 0.28125
-0.015625 0.281468

-0.0117113 0.28125
0 0.282797

