-4 -0.000158416
-3.96555 0

-3.99855 0
-3.5 0.00457635

-1.5 0.046383
-1.49896 0.046875

-1.49846 0.046875
-1.48542 0.0625

1.22931 0.25
1.22922 0.265625

1.2338 0.265625
1.23438 0.26598

0 -0.251396
0.0119988 -0.25

0.03125 -0.250041
0.046875 -0.250072

0.046875 -0.250267
0.0475264 -0.25

0.15625 -0.268761
0.151214 -0.265625

0.15625 -0.264729
0.145876 -0.25

0.171875 -0.296935
0.171815 -0.296875

-3.5 0.00229573
-3.25 0.00550063

-3.25 0.00454482
-3.125 0.00871813

-1.48513 0.0625
-1.49394 0.078125

-1.5 0.0817303
-1.49429 0.078125

1.24946 0.25
1.25 0.256872

1.23438 0.266365
1.24188 0.265625

0.1875 -0.287429
0.186144 -0.28125

0.15625 -0.267008
0.168115 -0.265625

0.15625 -0.265293
0.171875 -0.261417

0.171875 -0.25714
0.179639 -0.25

0.203125 -0.295411
0.194528 -0.28125

0.203125 -0.284132
0.21875 -0.293315

-3.125 0.00535743
-3.0625 0.0105814

-3.0625 0.00595291
-3.03125 0.0143597

-1.5 0.200619
-1.49475 0.203125

-1.5 0.207876
-1.48956 0.203125

-1.48438 0.211196
-1.46875 0.217574

-1.49262 0.21875
-1.491 0.234375

-1.49153 0.234375
-1.49307 0.25

-1.46875 0.216643
-1.46388 0.21875

-1.46409 0.21875
-1.45312 0.223501

-1.45312 0.224469
-1.4375 0.231341

-1.43886 0.234375
-1.4375 0.234866

1.24743 0.28125
1.25 0.281391

0.203125 -0.276193
0.199073 -0.265625

0.198825 -0.265625
0.194984 -0.25

0.203125 -0.277171
0.205672 -0.28125

0.21875 -0.289756
0.234375 -0.288759

0.234375 -0.288182
0.25 -0.284964

0.0097051 -0.25
0.015625 -0.245675

-3.03125 0.016784
-3.00558 0.03125

-3.0093 0.03125
-3 0.0364903

-1.4375 0.230672
-1.42858 0.234375

-1.42811 0.234375
-1.42188 0.236954

-1.42188 0.237656
-1.40625 0.244134

-1.40625 0.244322
-1.39062 0.249253

0 -0.219416
0.0137852 -0.234375

-1.39062 0.248842
-1.38666 0.25

1.34375 0.229999
1.34137 0.234375

-3 0.0369595
-2.96875 0.0538057

0.015625 -0.243574
0.03125 -0.245802

1.34148 0.234375
1.34375 0.243658

0.0204261 -0.234375
0.03125 -0.230048

-2.96875 0.0535114
-2.95312 0.0600943

0 -0.214763
0.00283366 -0.21875

-2.95312 0.0597296
-2.94486 0.0625

-1.5 0.269285
-1.46875 0.250056

-2.94643 0.0625
-2.9375 0.0659722

-1.46875 0.254114
-1.45101 0.25

1.34375 0.230575
1.35938 0.227781

0.03125 -0.244132
0.0441744 -0.25

-2.9375 0.0648832
-2.90625 0.0744768

-1.39236 0.265625
-1.39062 0.267362

-2.90625 0.0743284
-2.89338 0.078125

0.03125 -0.231677
0.0372554 -0.21875

-2.89358 0.078125
-2.89062 0.078995

0.0478287 -0.25
0.0625 -0.238805

-1.38489 0.25
-1.375 0.252857

-1.375 0.253665
-1.35938 0.258163

-1.35938 0.258142
-1.34375 0.261365

-1.34375 0.261251
-1.32812 0.263469

-1.32812 0.26347
-1.3125 0.264909

1.34375 0.240545
1.35938 0.247004

1.35938 0.226951
1.3649 0.234375

1.36459 0.234375
1.3595 0.25

0.0360605 -0.21875
0.0459986 -0.203125

0.044616 -0.203125
0.046875 -0.20007

0.0625 -0.205881
0.057489 -0.203125

0.046875 -0.19384
0.0625 -0.192075

0 -0.146724
0.015625 -0.155453

0.015625 -0.154254
0.03125 -0.152989

0.0546506 -0.1875
0.0625 -0.186109

0.03125 -0.153362
0.046875 -0.143755

0.046875 -0.144174
0.0506599 -0.140625

1.25167 0.25
1.25208 0.265625

1.25 0.267447
1.25231 0.265625

1.26562 0.268899
1.26907 0.265625

1.25 0.281945
1.25087 0.28125

-1.3125 0.264882
-1.29688 0.265592

-1.29688 0.265538
-1.2906 0.265625

-1.28298 0.265625
-1.28125 0.265649

0.0503467 -0.140625
0.061361 -0.125

0.0625 -0.23932
0.0654074 -0.234375

0.0634034 -0.234375
0.0671021 -0.21875

0.0667126 -0.21875
0.0643744 -0.203125

0.0625 -0.189042
0.0703415 -0.203125

0.125 -0.206662
0.123267 -0.203125

0.124527 -0.203125
0.124915 -0.1875

0.0625 -0.184433
0.0673645 -0.1875

0.125 -0.149736
0.121148 -0.140625

0.121435 -0.140625
0.114261 -0.125

0.0602938 -0.125
0.0625 -0.112391

0.0625 -0.10833
0.0599438 -0.09375

0.046875 -0.0744904
0.0337155 -0.0625

0.0609055 -0.09375
0.0514208 -0.078125

0.046875 -0.0739109
0.0507804 -0.078125

0.015625 -0.0482974
0.014143 -0.046875

0 -0.0325632
0.0138767 -0.046875

0.015625 -0.0487363
0.03125 -0.0621865

0.03125 -0.0612727
0.0328192 -0.0625

-2.89062 0.0787316
-2.875 0.0838567

-2.875 0.0843238
-2.85938 0.089463

-2.85938 0.0894862
-2.84375 0.0936287

-2.84503 0.09375
-2.84375 0.0941153

-2.84375 0.0935064
-2.84262 0.09375

-2.84312 0.09375
-2.8125 0.0998669

-2.8125 0.0991745
-2.78125 0.104263

-2.78125 0.104234
-2.76562 0.10688

-2.76562 0.107024
-2.7511 0.109375

0.046875 -0.00164891
0.0449032 0

0.0625 -0.0171951
0.0609591 -0.015625

0.046875 -0.00259524
0.0609832 -0.015625

0.0625 -0.111767
0.0629186 -0.109375

0.0625 -0.107773
0.0627809 -0.109375

-2.75 0.109267
-2.74943 0.109375

0.09375 -0.070697
0.0904375 -0.0625

0.109375 -0.113648
0.107664 -0.109375

-2.74876 0.109375
-2.73438 0.112075

1.28133 0.265625
1.28157 0.28125

1.29688 0.270012
1.29707 0.28125

-1.28058 0.265625
-1.26562 0.265725

-2.73438 0.111962
-2.71875 0.116334

-1.26562 0.265676
-1.25 0.26596

0.108205 -0.109375
0.102467 -0.09375

0.109375 -0.11231
0.114456 -0.125

-2.71875 0.116811
-2.70312 0.121911

0.102658 -0.09375
0.0967985 -0.078125

-1.20892 0
-1.20312 0.00209471

-2.70312 0.122329
-2.69398 0.125

1.28125 0.281505
1.2818 0.28125

-2.69136 0.125
-2.6875 0.126062

0.09375 -0.0705836
0.0967975 -0.078125

-2.6875 0.127394
-2.65625 0.131761

-2.65625 0.129744
-2.64062 0.130049

-1.0632 0
-1.0625 0.000921253

-2.64062 0.130199
-2.625 0.13236

0.078125 -0.037039
0.0746815 -0.03125

-2.625 0.13258
-2.60938 0.135859

1.32812 0.275541
1.32772 0.28125

-1.06199 0
-1.04728 0.015625

-1.04827 0.015625
-1.04688 0.0175656

-1.04398 0
-1.03286 0.015625

-1.04688 0.0185869
-1.03691 0.03125

-1.03651 0.03125
-1.03125 0.0354965

-1.03125 0.0154084
-1.03104 0.015625

-1.02702 0.015625
-1.01746 0.03125

-1.03125 0.0353914
-1.01562 0.044232

-1.01562 0.0390543
-1 0.0417935

-1.01446 0.046875
-1.00708 0.0625

0.0906883 -0.0625
0.0835116 -0.046875

0.078125 -0.0371953
0.0838589 -0.046875

0.0625 -0.0162186
0.0751582 -0.03125

0.09375 -0.00209217
0.0909175 0

0.09375 -0.00686835
0.109375 -0.00838004

0.109375 -0.00614253
0.117558 0

0.140625 -0.223837
0.13731 -0.21875

-1.0061 0.0625
-1 0.067365

-2.60938 0.136168
-2.59375 0.139507

-2.59375 0.13987
-2.59007 0.140625

-2.58553 0.140625
-2.57812 0.142148

-2.57812 0.14224
-2.5625 0.146278

0.15171 -0.25
0.145963 -0.234375

-1.01569 0.21875
-1.01619 0.234375

1.34375 0.274796
1.34111 0.28125

-1.01709 0.234375
-1.01562 0.235805

1.33691 0.28125
1.34375 0.281583

0.140625 -0.22441
0.147057 -0.234375

-2.5625 0.146672
-2.54688 0.151272

-2.54688 0.151631
-2.53125 0.155285

-2.53125 0.156239
-2.53117 0.15625

-2.51811 0.15625
-2.5 0.15905

-1.00579 0.21875
-1.00569 0.234375

-1.00381 0.234375
-1 0.236369

-1.25 0.265695
-1.23438 0.266785

1.34375 0.27266
1.34473 0.28125

1.35938 0.275274
1.35963 0.28125

1.34375 0.281932
1.34487 0.28125

-2.5 0.160575
-2.46875 0.161179

1.375 0.265625
1.375 0.28125

-2.46875 0.159066
-2.45312 0.157644

-2.45312 0.157781
-2.4375 0.158588

-2.4375 0.158726
-2.42188 0.161212

-2.42188 0.161424
-2.40625 0.164887

-2.40625 0.165242
-2.39062 0.168546

-2.39062 0.168636
-2.375 0.170889

0.125 -0.20439
0.132979 -0.21875

0.125 -0.195494
0.125199 -0.1875

-1.23438 0.266713
-1.21875 0.269259

-1.22062 0.28125
-1.21875 0.281475

-1.21875 0.269538
-1.20312 0.273121

-1.20312 0.273057
-1.1875 0.276698

1.46875 0.25405
1.46867 0.28125

-1.19738 0.28125
-1.1875 0.282161

0.174601 -0.25
0.177071 -0.234375

-1.17188 0.265069
-1.17227 0.265625

0.180024 -0.234375
0.178256 -0.21875

1.46875 0.262092
1.46899 0.28125

0.171875 -0.201914
0.168504 -0.1875

-1.1875 0.279862
-1.17188 0.275857

0.177817 -0.21875
0.175582 -0.203125

-2.375 0.170638
-2.36297 0.171875

-1.17188 0.2651
-1.16601 0.25

1.46875 0.281319
1.46912 0.28125

-1.15625 0.276411
-1.16686 0.28125

1.5 -0.250551
1.51591 -0.25

-2.35938 0.171818
-2.359 0.171875

0.171875 -0.19143
0.173048 -0.1875

-2.35885 0.171875
-2.34375 0.174154

0.127676 -0.1875
0.13082 -0.171875

-1.1875 0.282219
-1.15625 0.281377

1.59375 -0.250131
1.60107 -0.25

-1.15119 0.25
-1.14062 0.259613

1.50248 -0.25
1.51562 -0.249374

0.131984 -0.171875
0.130135 -0.15625

-2.34375 0.174381
-2.32812 0.177849

0.125 -0.145071
0.129678 -0.15625

-1.15625 0.275468
-1.14196 0.28125

-1.13956 0.25
-1.13044 0.265625

-1.14062 0.272012
-1.125 0.28036

-1.15625 0.282107
-1.125 0.286729

1.51562 -0.249667
1.53125 -0.249485

1.53125 -0.249612
1.54688 -0.249694

-2.32812 0.178022
-2.3125 0.181805

-2.3125 0.181995
-2.29688 0.185367

-2.29688 0.185603
-2.28299 0.1875

-2.27381 0.1875
-2.25 0.192497

1.54688 -0.249694
1.5625 -0.249787

1.5625 -0.24981
1.57812 -0.249872

1.57812 -0.249869
1.59375 -0.24986

1.59375 -0.249868
1.60938 -0.249744

1.60938 -0.249787
1.625 -0.249447

1.57812 -0.0021731
1.57694 0

1.59375 -0.0188483
1.58983 -0.015625

0.15625 -0.12919
0.155253 -0.125

0.165484 -0.1875
0.163408 -0.171875

0.167441 -0.171875
0.162376 -0.15625

0.171875 -0.179894
0.1875 -0.180207

0.175867 -0.171875
0.1875 -0.156821

0.165789 -0.15625
0.15904 -0.140625

0.15625 -0.129075
0.158676 -0.140625

0.1863 -0.15625
0.1875 -0.154222

-1.125 0.277252
-1.10938 0.281192

-1.10938 0.278167
-1.09375 0.277763

-1.125 0.282253
-1.09375 0.287315

1.57812 -0.00179242
1.58925 -0.015625

-1.09375 0.278735
-1.07812 0.27907

-1.07812 0.277407
-1.0625 0.280837

-2.25 0.196305
-2.21875 0.200273

-1.09375 0.282136
-1.0625 0.285716

-2.21875 0.197996
-2.20312 0.196957

-1.0625 0.2805
-1.04688 0.275416

-1.04189 0.265625
-1.03125 0.27706

-1.0625 0.288137
-1.03125 0.298931

-1.02963 0.265625
-1.02897 0.28125

-1.03125 0.301928
-1 0.301537

0.196749 -0.25
0.199982 -0.234375

-0.921875 -0.252416
-0.924972 -0.25

-0.921875 -0.254452
-0.90625 -0.263566

-0.875 -0.281375
-0.886069 -0.28125

-0.890625 -0.268235
-0.906063 -0.265625

-0.90625 -0.263158
-0.890625 -0.265333

-0.890625 -0.270882
-0.875 -0.267528

-0.890625 -0.262708
-0.875 -0.256878

-0.875 -0.281451
-0.874659 -0.28125

-0.875 -0.268821
-0.869342 -0.265625

-0.873613 -0.265625
-0.859893 -0.25

-0.859375 -0.268841
-0.855916 -0.265625

-0.859375 -0.259182
-0.85619 -0.25

-0.8125 -0.25026
-0.801547 -0.265625

-0.78125 -0.267003
-0.789964 -0.265625

1.59375 -0.0187246
1.60938 -0.0275126

1.60938 -0.0263927
1.625 -0.0309692

-2.20312 0.19709
-2.1875 0.197319

-2.1875 0.197503
-2.17188 0.198366

-2.17188 0.198435
-2.15625 0.199426

-2.15625 0.199386
-2.14062 0.200447

-2.14062 0.200336
-2.125 0.201765

-2.12518 0.203125
-2.125 0.203141

1.625 -0.249485
1.64062 -0.24883

1.64062 -0.248807
1.65625 -0.247806

1.65625 -0.247837
1.67188 -0.246474

1.67188 -0.246496
1.6875 -0.244667

-0.796875 -0.26509
-0.789874 -0.265625

-0.78125 -0.266331
-0.779593 -0.265625

-0.768194 -0.265625
-0.765625 -0.259779

0.202981 -0.234375
0.203125 -0.233991

-0.763664 -0.265625
-0.762424 -0.25

-1 -0.236202
-0.996217 -0.234375

-2.125 0.20066
-2.10938 0.202738

-1 -0.227661
-0.984375 -0.221913

-2.125 0.203163
-2.10938 0.205241

-2.10938 0.200906
-2.09631 0.203125

-2.10938 0.204807
-2.09375 0.207461

-2.09375 0.206564
-2.07812 0.209605

-2.07812 0.209716
-2.0625 0.212861

1.6875 -0.244547
1.70312 -0.242447

-2.0625 0.212954
-2.04688 0.215794

-0.984375 -0.237257
-0.978077 -0.234375

-2.04688 0.215796
-2.03125 0.218142

0.203125 -0.229372
0.209161 -0.21875

0.20145 -0.21875
0.203125 -0.212013

0.1875 -0.188523
0.203018 -0.203125

0.203125 -0.214371
0.213669 -0.203125

0.203125 -0.189269
0.213382 -0.203125

0.234375 -0.229371
0.226417 -0.21875

-0.984375 -0.219677
-0.977184 -0.21875

0.25 -0.247193
0.235883 -0.234375

-2.03125 0.218347
-2.02777 0.21875

0.234375 -0.228208
0.238379 -0.234375

-2.02625 0.21875
-2 0.221366

1.70312 -0.24237
1.71875 -0.240395

1.71875 -0.240384
1.73438 -0.23871

1.73438 -0.238941
1.75 -0.237128

1.64062 -0.0335296
1.62646 -0.03125

-0.984375 -0.218718
-0.96875 -0.216833

-1.54688 -0.150638
-1.55161 -0.140625

-0.953125 -0.224687
-0.96584 -0.21875

-0.9375 -0.239389
-0.94328 -0.234375

1.64062 -0.0335111
1.65625 -0.0339077

1.625 -0.0310052
1.62652 -0.03125

1.65625 -0.0339619
1.67188 -0.0321674

1.67188 -0.0323169
1.67563 -0.03125

1.67573 -0.03125
1.6875 -0.0279095

0.230547 -0.21875
0.219072 -0.203125

0.21875 -0.190379
0.228433 -0.203125

0.234375 -0.208173
0.239098 -0.21875

0.1875 -0.178782
0.203125 -0.182669

1.6875 -0.027831
1.70312 -0.0205552

1.70312 -0.020785
1.71083 -0.015625

1.7111 -0.015625
1.71875 -0.0101963

1.71875 -0.0100672
1.7289 0

-1.55086 -0.140625
-1.54688 -0.132387

1.75 -0.237903
1.76562 -0.235815

-1.53125 -0.152886
-1.54563 -0.140625

1.75081 -0.234375
1.76562 -0.232395

-1.54259 -0.140625
-1.53219 -0.125

-1.53125 -0.144982
-1.51562 -0.149798

-1.53125 -0.133882
-1.52225 -0.125

1.76562 -0.237222
1.78125 -0.235527

1.76562 -0.232749
1.78125 -0.230967

1.78125 -0.236757
1.79688 -0.23575

0.191984 -0.171875
0.187757 -0.15625

0.20648 -0.1875
0.212117 -0.171875

-0.953125 -0.226905
-0.944164 -0.234375

-0.96875 -0.217294
-0.965555 -0.21875

-0.9375 -0.133576
-0.938991 -0.125

-0.9375 -0.241293
-0.926974 -0.25

-0.875412 -0.25
-0.875 -0.248867

0.211632 -0.171875
0.215547 -0.15625

0.1875 -0.15219
0.192786 -0.140625

0.188498 -0.140625
0.191171 -0.125

0.214256 -0.15625
0.210366 -0.140625

1.78125 -0.231207
1.79688 -0.230097

1.79688 -0.236489
1.8125 -0.235998

-0.875 -0.204798
-0.875069 -0.203125

-0.875 -0.192447
-0.87831 -0.1875

-0.921875 -0.173153
-0.923344 -0.171875

-0.922419 -0.171875
-0.934416 -0.15625

-0.921875 -0.172685
-0.90625 -0.180404

-0.932667 -0.15625
-0.937282 -0.140625

-0.9375 -0.133754
-0.936305 -0.140625

1.79688 -0.230222
1.8125 -0.229727

-0.90625 -0.176614
-0.890625 -0.179968

1.8125 -0.236256
1.82812 -0.235821

-0.890625 -0.177557
-0.875631 -0.1875

-1.51562 -0.14672
-1.5 -0.146104

-1 -0.08784
-0.98451 -0.078125

-1.51746 -0.125
-1.51562 -0.124284

-0.984437 -0.078125
-0.984375 -0.0780994

0.209063 -0.140625
0.204665 -0.125

0.21875 -0.187181
0.218773 -0.1875

0.155119 -0.125
0.151486 -0.109375

0.152135 -0.109375
0.147359 -0.09375

0.140625 -0.0787799
0.140382 -0.078125

1.8125 -0.229987
1.82812 -0.229784

1.82812 -0.235724
1.84375 -0.235062

-0.984375 -0.0787763
-0.96875 -0.0814479

-0.953125 -0.0943173
-0.953664 -0.09375

-0.937903 -0.125
-0.942913 -0.109375

-0.953125 -0.0940947
-0.941944 -0.109375

-0.96875 -0.0823345
-0.953759 -0.09375

1.82812 -0.230284
1.84375 -0.230554

1.84375 -0.230998
1.85938 -0.231452

1.85938 -0.231676
1.875 -0.231967

1.875 -0.233374
1.90625 -0.227106

1.90625 -0.22265
1.92767 -0.21875

-0.90625 -0.0314303
-0.90682 -0.03125

-0.921875 -0.0251599
-0.930667 -0.015625

-0.930234 -0.015625
-0.936154 0

-0.921875 -0.0250665
-0.908262 -0.03125

-0.875 -0.052712
-0.877518 -0.046875

1.91505 -0.21875
1.92188 -0.216263

1.92188 -0.217695
1.9375 -0.216493

-1.51562 -0.124595
-1.5 -0.119938

0.13733 -0.078125
0.13894 -0.0625

0.145531 -0.09375
0.140969 -0.078125

0.140625 -0.0635486
0.141314 -0.0625

0.186604 -0.125
0.181012 -0.109375

0.181286 -0.109375
0.174484 -0.09375

0.171875 -0.0931285
0.168851 -0.078125

0.170594 -0.078125
0.1618 -0.0625

0.171875 -0.0867676
0.174296 -0.09375

0.137617 -0.0625
0.140625 -0.0574996

0.140625 -0.0552851
0.15625 -0.0511053

0.15625 -0.0560432
0.162949 -0.0625

0.1875 -0.00308011
0.185478 0

0.198037 -0.125
0.203125 -0.120331

0.204375 -0.125
0.203538 -0.109375

-2 0.221283
-1.96875 0.222515

-1.96875 0.221998
-1.9375 0.22258

-1.9375 0.22136
-1.90625 0.224764

-1.90625 0.227745
-1.875 0.230447

1.9375 -0.218783
1.96875 -0.219791

-1.875 0.228792
-1.85938 0.22814

-1.85938 0.228312
-1.84375 0.228619

1.9375 -0.217434
1.95312 -0.218558

-1.84375 0.228588
-1.82812 0.229572

-1.82812 0.229651
-1.8125 0.231217

-1.8125 0.231312
-1.79688 0.233113

-1.79688 0.232973
-1.78413 0.234375

1.96875 -0.220867
2 -0.221141

-1.7894 0.234375
-1.78125 0.235271

-1.78125 0.234894
-1.76562 0.236405

-0.875 -0.0355548
-0.878061 -0.03125

-1.76562 0.236355
-1.75 0.237763

0.20396 -0.109375
0.204293 -0.09375

-1.75 0.237744
-1.73438 0.23919

1.57704 0
1.57565 0.015625

-1.73438 0.239165
-1.71875 0.240738

0.203125 -0.0775718
0.201352 -0.0625

-0.90625 -0.0286321
-0.890625 -0.0277604

0.204323 -0.09375
0.203403 -0.078125

1.57572 0.015625
1.57812 0.0214864

0.203125 -0.0761804
0.203387 -0.078125

1.57812 0.0174072
1.58381 0.03125

-1.71875 0.240761
-1.70312 0.242465

-0.890625 -0.028499
-0.875 -0.0247322

0.25 -0.114985
0.245646 -0.109375

1.58624 0.03125
1.59214 0.046875

0.244945 -0.109375
0.24791 -0.09375

-0.86471 -0.25
-0.863943 -0.234375

-0.868263 -0.234375
-0.87197 -0.21875

-0.859375 -0.245012
-0.858618 -0.25

-0.875 -0.216014
-0.869319 -0.203125

-0.875 -0.19196
-0.863494 -0.203125

-0.859375 -0.203285
-0.84375 -0.208139

-0.859375 -0.197322
-0.856394 -0.203125

-0.81298 -0.25
-0.8125 -0.248595

-0.84375 -0.212375
-0.828125 -0.20474

-0.828675 -0.203125
-0.828125 -0.202501

-0.828125 -0.20077
-0.822497 -0.1875

-0.857667 -0.1875
-0.848594 -0.171875

-0.847832 -0.171875
-0.845315 -0.15625

0.247868 -0.09375
0.25 -0.0919918

-0.847613 -0.15625
-0.85073 -0.140625

1.59198 0.046875
1.592 0.0625

0.201061 -0.0625
0.198231 -0.046875

-1.70312 0.242448
-1.6875 0.244267

1.59082 0.0625
1.5876 0.078125

-1.6875 0.24423
-1.67188 0.246272

0.198036 -0.046875
0.195217 -0.03125

-1.67188 0.246367
-1.65625 0.248514

0.195767 -0.03125
0.192247 -0.015625

1.58485 0.078125
1.58626 0.09375

1.58416 0.09375
1.59375 0.106326

-0.856139 -0.140625
-0.847029 -0.125

0.1875 -0.00397113
0.193629 -0.015625

1.59375 0.102736
1.60381 0.109375

1.60938 0.109575
1.625 0.112037

-0.828125 -0.16656
-0.833576 -0.15625

-0.824046 -0.1875
-0.826083 -0.171875

-0.828125 -0.166836
-0.827487 -0.171875

-0.831791 -0.15625
-0.828125 -0.147092

-0.828125 -0.128355
-0.833469 -0.125

-0.828125 -0.150166
-0.827549 -0.140625

-0.828125 -0.133193
-0.824915 -0.140625

-0.8125 -0.248534
-0.799407 -0.234375

0.25 -0.286702
0.259964 -0.28125

-0.799499 -0.234375
-0.796875 -0.233393

1.59375 0.249987
1.59368 0.25

0.263416 -0.28125
0.265625 -0.27889

-1.65625 0.248754
-1.64482 0.25

-0.796875 -0.237035
-0.78125 -0.239693

1.625 0.216725
1.62368 0.21875

0.265625 -0.257556
0.259546 -0.25

-1.51562 0.0503577
-1.52335 0.0625

-0.78125 -0.242181
-0.771291 -0.25

1.60938 0.23418
1.60937 0.234375

-0.765625 -0.249113
-0.764729 -0.25

0.265625 -0.279989
0.273999 -0.265625

-0.75 -0.210139
-0.753964 -0.203125

-1.5 0.0461083
-1.50472 0.046875

-0.752919 -0.203125
-0.757383 -0.1875

-1.51562 0.0512023
-1.50351 0.046875

0.265625 -0.250733
0.272684 -0.265625

0.295242 -0.265625
0.293631 -0.25

0.296875 -0.271287
0.3125 -0.278091

0.3125 -0.282163
0.314919 -0.28125

0.314698 -0.28125
0.325247 -0.265625

0.31771 -0.265625
0.314596 -0.25

-1.54688 0.105468
-1.5496 0.109375

0.40625 -0.25404
0.402946 -0.25

-1.54939 0.109375
-1.55054 0.125

1.62326 0.21875
1.62466 0.234375

-1.54688 0.102035
-1.53125 0.101109

0.40625 -0.253493
0.421875 -0.260264

-0.756604 -0.1875
-0.759558 -0.171875

0.421875 -0.257023
0.437071 -0.25

-0.759266 -0.171875
-0.762848 -0.15625

0.484375 -0.25055
0.482989 -0.25

0.484375 -0.250664
0.5 -0.257246

0.25 -0.244005
0.258443 -0.25

0.25 -0.227332
0.257342 -0.234375

0.265625 -0.245694
0.273056 -0.25

0.292306 -0.25
0.296875 -0.237339

0.293197 -0.234375
0.296875 -0.227257

0.296875 -0.237995
0.3125 -0.237144

0.296875 -0.225799
0.3125 -0.224327

1.62272 0.234375
1.625 0.237042

0.296875 -0.218352
0.3125 -0.216986

-0.765625 -0.147426
-0.767799 -0.140625

-0.767798 -0.140625
-0.774297 -0.125

1.625 0.112372
1.64062 0.111951

-0.765625 -0.147123
-0.762707 -0.15625

-0.849111 -0.125
-0.84375 -0.121945

-1.52328 0.0625
-1.51672 0.078125

-0.859375 -0.0654787
-0.866883 -0.0625

-1.51727 0.078125
-1.51562 0.0800655

0.3125 -0.241571
0.314475 -0.25

0.3125 -0.219677
0.31812 -0.234375

0.3125 -0.217498
0.314093 -0.21875

-0.859375 -0.0643084
-0.855495 -0.0625

0.375 -0.175897
0.372435 -0.171875

-0.84375 -0.121947
-0.831188 -0.125

0.371385 -0.171875
0.364964 -0.15625

-1.51562 0.0806478
-1.5 0.0830764

-0.875 -0.0553572
-0.867443 -0.0625

0.359375 -0.134447
0.351321 -0.125

-0.875 -0.0396603
-0.868129 -0.03125

1.64062 0.109597
1.65625 0.11033

0.367456 -0.15625
0.362189 -0.140625

-0.853172 -0.0625
-0.84375 -0.0526097

1.65625 0.11024
1.67188 0.117013

-0.84375 -0.0410477
-0.851435 -0.03125

-0.870895 -0.03125
-0.87345 -0.015625

-1.53125 0.0996322
-1.52551 0.109375

-0.871078 -0.015625
-0.859375 -0.00307957

-1.52864 0.109375
-1.52935 0.125

0.359375 -0.134781
0.363119 -0.140625

-1.55171 0.125
-1.54688 0.133105

0.25 -0.115876
0.265625 -0.116573

-0.859375 -0.0248237
-0.85297 -0.03125

-1.54688 0.134948
-1.53125 0.133442

-1.53125 0.148709
-1.53514 0.15625

0.25 -0.0943568
0.252769 -0.09375

0.265625 -0.116316
0.271369 -0.109375

0.270243 -0.109375
0.269656 -0.09375

0.25 -0.0933487
0.265625 -0.0909868

0.278618 -0.09375
0.28125 -0.0854249

0.28125 -0.074495
0.272417 -0.0625

0.3125 -0.103136
0.300312 -0.09375

-1.53404 0.15625
-1.54235 0.171875

0.296875 -0.0906527
0.284096 -0.078125

-0.859375 -0.00150962
-0.857292 0

-0.84375 -0.0486989
-0.842957 -0.046875

-0.84375 -0.0396414
-0.8412 -0.046875

-0.8125 -0.022249
-0.814173 -0.015625

-0.8125 -0.0135251
-0.822733 0

1.67188 0.119945
1.68405 0.125

1.72902 0
1.73438 0.00733555

-1.53635 0.171875
-1.53125 0.183809

1.73438 0.00771996
1.73982 0.015625

-1.53125 0.159011
-1.51562 0.163654

-1.53125 0.187128
-1.53009 0.1875

1.73988 0.015625
1.74717 0.03125

1.74706 0.03125
1.75 0.0425634

1.70312 0.123887
1.71875 0.113881

1.75 0.0752825
1.7494 0.078125

1.74963 0.078125
1.74039 0.09375

1.73438 0.0995421
1.72371 0.109375

1.71875 0.113146
1.72344 0.109375

1.73438 0.100552
1.74044 0.09375

0.28125 -0.0746009
0.284225 -0.078125

0.296875 -0.0908945
0.300306 -0.09375

0.265625 -0.0531408
0.261637 -0.046875

-1.51562 0.16658
-1.51204 0.171875

0.261355 -0.046875
0.254587 -0.03125

0.265625 -0.0532758
0.271595 -0.0625

-1.51173 0.171875
-1.51029 0.1875

1.68149 0.125
1.6875 0.127494

-1.5314 0.1875
-1.53125 0.187685

1.625 0.214014
1.64062 0.21284

-0.78125 -0.11085
-0.781945 -0.109375

-1.53125 0.188047
-1.51562 0.196156

-1.50783 0.1875
-1.51245 0.203125

-0.782115 -0.109375
-0.789435 -0.09375

0.25467 -0.03125
0.251432 -0.015625

-1.50607 0.203125
-1.5018 0.21875

-0.796875 -0.0763553
-0.801795 -0.0625

-0.789574 -0.09375
-0.796198 -0.078125

-0.796875 -0.0763901
-0.796259 -0.078125

-0.78125 -0.110807
-0.774561 -0.125

1.64062 0.211334
1.64553 0.21875

0.251786 -0.015625
0.251207 0

-1.5 0.249613
-1.50072 0.25

0.328125 -0.111725
0.324165 -0.109375

-0.801631 -0.0625
-0.806335 -0.046875

1.625 0.231322
1.64062 0.234226

1.625 0.236773
1.64062 0.236803

0.3125 -0.102703
0.323556 -0.109375

-0.806375 -0.046875
-0.810486 -0.03125

0.328125 -0.111176
0.34375 -0.120733

-0.8125 -0.0226068
-0.810154 -0.03125

0.34375 -0.120068
0.350142 -0.125

-1.64093 0.25
-1.625 0.251666

0.375 -0.0966517
0.372153 -0.09375

-1.625 0.252031
-1.59375 0.253738

0.359375 -0.0786138
0.359044 -0.078125

-0.8125 -0.0146194
-0.812023 -0.015625

-1.59375 0.253036
-1.5625 0.254186

-0.712913 -0.28125
-0.716409 -0.265625

0.359161 -0.078125
0.351047 -0.0625

-0.706337 -0.265625
-0.703125 -0.261558

0.359375 -0.0786112
0.37162 -0.09375

-0.703125 -0.280314
-0.701648 -0.28125

-1.5625 0.254981
-1.53125 0.255388

-1.53125 0.259126
-1.50094 0.25

0.34375 -0.0331425
0.343271 -0.03125

0.343526 -0.03125
0.338817 -0.015625

0.33897 -0.015625
0.332698 0

0.351536 -0.0625
0.34661 -0.046875

0.34375 -0.0331232
0.347227 -0.046875

0.390625 -0.220436
0.390227 -0.21875

0.405934 -0.25
0.398163 -0.234375

0.400798 -0.234375
0.397299 -0.21875

0.390625 -0.204832
0.390045 -0.203125

0.390625 -0.199407
0.383999 -0.1875

0.397741 -0.21875
0.39243 -0.203125

0.390625 -0.198952
0.392903 -0.203125

0.40625 -0.249717
0.406568 -0.25

0.429834 -0.25
0.4375 -0.246457

0.375 -0.175478
0.382782 -0.1875

0.421875 -0.132974
0.410373 -0.125

0.4375 -0.143108
0.433637 -0.140625

-0.703125 -0.262475
-0.6875 -0.255626

0.421875 -0.133026
0.43353 -0.140625

-1.5 -0.145701
-1.48438 -0.144159

0.4375 -0.24518
0.453125 -0.239687

-1.48438 -0.146577
-1.46967 -0.140625

0.453125 -0.240464
0.46875 -0.242656

-0.65625 -0.281603
-0.662554 -0.28125

1.64286 0.21875
1.64069 0.234375

-0.673823 -0.28125
-0.671875 -0.279894

-0.6875 -0.259635
-0.673237 -0.265625

-0.669925 -0.28125
-0.65625 -0.278857

-0.664102 -0.265625
-0.65625 -0.265214

-0.625 -0.283422
-0.641588 -0.28125

-0.65625 -0.279862
-0.654918 -0.28125

-0.648144 -0.265625
-0.640625 -0.257877

1.64062 0.236624
1.64257 0.234375

-0.640625 -0.280439
-0.639124 -0.28125

0.46875 -0.243694
0.484375 -0.249892

1.6875 0.127751
1.70312 0.125444

0.46875 -0.161977
0.459065 -0.15625

0.4375 -0.143192
0.453125 -0.152849

0.453125 -0.152889
0.458809 -0.15625

0.46875 -0.161969
0.484375 -0.17103

0.5 -0.182452
0.488506 -0.171875

0.484375 -0.169702
0.487692 -0.171875

0.390625 -0.110444
0.389319 -0.109375

0.375 -0.096724
0.388944 -0.109375

0.390625 -0.110467
0.40625 -0.122402

0.40625 -0.122514
0.409888 -0.125

0.390625 -0.00703474
0.383936 0

0.40625 -0.0209512
0.400168 -0.015625

0.390625 -0.00694493
0.399862 -0.015625

0.421875 -0.0337422
0.418745 -0.03125

0.421875 -0.0337216
0.4375 -0.0459948

0.40625 -0.0211237
0.418533 -0.03125

0.46875 -0.0702651
0.458792 -0.0625

0.484375 -0.0807967
0.479983 -0.078125

0.46875 -0.0722643
0.479701 -0.078125

0.484375 -0.0858844
0.5 -0.0820877

0.453125 -0.0581742
0.438757 -0.046875

0.4375 -0.046555
0.437908 -0.046875

0.453125 -0.0589556
0.457891 -0.0625

0.46875 -0.0218684
0.466263 -0.015625

0.46657 -0.015625
0.46391 0

0.484375 -0.0474377
0.483926 -0.046875

0.483592 -0.046875
0.471796 -0.03125

0.5 -0.0623454
0.486572 -0.046875

0.46875 -0.0225808
0.472205 -0.03125

0 0.0264152
0.015625 0.0191442

0.03125 0.00998116
0.0214831 0.015625

0.015625 0.0188434
0.0204118 0.015625

0.015625 0.0438065
0.00795547 0.046875

0 0.0512355
0.0069464 0.046875

0.015625 0.0418224
0.03125 0.0354244

0.03125 0.0096951
0.0450991 0

0.046875 0.0292512
0.0386018 0.03125

0.046875 0.0271908
0.0625 0.0202635

0.03125 0.0339621
0.0389214 0.03125

0.03125 0.0619434
0.046875 0.0592938

0.046875 0.0582951
0.0625 0.053652

0 0.0711504
0.015625 0.068347

0.015625 0.0909251
0.0104638 0.09375

0.015625 0.0644855
0.03125 0.0666243

0.015625 0.0900549
0.03125 0.0837672

0 0.0985807
0.00990575 0.09375

0.03125 0.0626858
0.0314538 0.0625

0.03125 0.082613
0.046875 0.079079

0.046875 0.0771479
0.0519084 0.078125

0.046875 0.0797419
0.0591031 0.078125

0.046875 0.123292
0.0447406 0.125

0.046875 0.123615
0.0625 0.115517

0.078125 0.0117146
0.0707165 0.015625

0.0625 0.0199844
0.0710653 0.015625

0.078125 0.0105207
0.0921052 0

0.0625 0.0533278
0.078125 0.0479715

0.078125 0.0467299
0.09375 0.0396342

0.078125 0.0469353
0.0782474 0.046875

0.115371 0
0.125 0.0100677

0.125 0.0229416
0.114686 0.03125

0.09375 0.0388288
0.109375 0.031698

0.109375 0.0331408
0.116198 0.03125

0.0625 0.0756639
0.078125 0.0777616

0.078125 0.0750195
0.09375 0.0723755

0.0625 0.117046
0.078125 0.114103

0.078125 0.114423
0.09375 0.112935

0.09375 0.071722
0.109375 0.0679917

0.109375 0.0679481
0.125 0.0645252

0.09375 0.112974
0.109375 0.112221

0.109375 0.112189
0.125 0.112155

0.0429864 0.125
0.0332871 0.140625

0.0324193 0.140625
0.0426827 0.15625

0.0432117 0.15625
0.046875 0.158679

0.0469905 0.15625
0.0625 0.163406

0 0.214434
0.015625 0.210938

0.015625 0.21016
0.03125 0.20459

0 0.246976
0.015625 0.243027

0.015625 0.244368
0.03125 0.2359

0.046875 0.196205
0.0329411 0.203125

0.03125 0.203982
0.0334568 0.203125

0.046875 0.195734
0.0625 0.187977

0.046875 0.231069
0.0331965 0.234375

0.03125 0.235294
0.0332836 0.234375

0.046875 0.231811
0.0625 0.225819

0.0625 0.158471
0.078125 0.164282

0.078125 0.179391
0.0654969 0.1875

0.078125 0.158064
0.09375 0.170078

0.078125 0.187069
0.09375 0.173226

0.09375 0.162162
0.101315 0.171875

0.09375 0.178521
0.106394 0.1875

0.125 0.183294
0.112217 0.1875

0.0625 0.188293
0.0661377 0.1875

0.078125 0.216765
0.0738614 0.21875

0.078125 0.217081
0.09375 0.206129

0.0625 0.225261
0.0743224 0.21875

0.109375 0.192172
0.0958649 0.203125

0.09375 0.206782
0.0984998 0.203125

0.109375 0.193201
0.121094 0.1875

0.125 0.0140015
0.128782 0.015625

0.125 0.0293073
0.140625 0.0236121

0.15625 0.0115146
0.14096 0.015625

0.141111 0.015625
0.14148 0.03125

0.140625 0.0614989
0.136163 0.0625

0.142023 0.03125
0.15625 0.0364039

0.15625 0.0593643
0.142861 0.0625

0.15625 0.0137435
0.171875 0.00935038

0.15625 0.0246968
0.157183 0.015625

0.171875 0.0119721
0.186747 0

0.160706 0.03125
0.171875 0.0402693

0.171875 0.0529243
0.159732 0.0625

0.171875 0.0354134
0.17797 0.046875

0.179516 0.046875
0.172265 0.0625

0.125 0.0643223
0.136214 0.0625

0.140625 0.0625879
0.141296 0.0625

0.125 0.112164
0.140625 0.112895

0.140625 0.11305
0.15625 0.114216

0.15625 0.0636851
0.159857 0.0625

0.15625 0.114452
0.171875 0.115269

0.171875 0.115639
0.1875 0.114896

0.1875 0.114994
0.203125 0.111755

0.21875 0.105525
0.209555 0.109375

0.203125 0.112052
0.209519 0.109375

0.234375 0.0936662
0.234295 0.09375

0.25 0.0666583
0.245896 0.078125

0.24641 0.078125
0.23476 0.09375

0.21875 0.106403
0.234375 0.0941758

0.234375 0.0938965
0.234518 0.09375

0.125 0.184732
0.140625 0.179515

0.140625 0.180012
0.15625 0.174954

0.171875 0.169574
0.164391 0.171875

0.15625 0.174438
0.164586 0.171875

0.171875 0.169464
0.1875 0.166284

0.140625 0.249635
0.139778 0.25

0.15625 0.241203
0.14174 0.25

0.1875 0.213822
0.181748 0.21875

0.171875 0.228612
0.164704 0.234375

0.15625 0.241728
0.16597 0.234375

0.171875 0.228578
0.18324 0.21875

0.1875 0.167066
0.203125 0.164227

0.203125 0.163039
0.21875 0.161354

0.234375 0.155578
0.233353 0.15625

0.25 0.132347
0.242709 0.140625

0.234375 0.154998
0.246376 0.140625

0.21875 0.16595
0.234375 0.15865

0.234375 0.159632
0.237156 0.15625

0.25 0.183516
0.240971 0.1875

0.1875 0.213618
0.202965 0.203125

0.21875 0.197081
0.203679 0.203125

0.203125 0.203346
0.203676 0.203125

0.21875 0.198909
0.234375 0.192661

0.234375 0.192332
0.243227 0.1875

0 0.257059
0.015625 0.263995

0.015625 0.258716
0.03125 0.264954

0 0.299708
0.00274115 0.296875

0.0158155 0.296875
0.0158135 0.3125

0.03125 0.26052
0.046875 0.264349

0.046875 0.263296
0.0625 0.264172

0.03125 0.296829
0.0314076 0.296875

0.0313777 0.296875
0.0313552 0.3125

0.046934 0.296875
0.0469193 0.3125

0 0.31257
7.32844e-05 0.3125

0.0625 0.264119
0.078125 0.264136

0.078125 0.264223
0.09375 0.263312

0.0625128 0.296875
0.062514 0.3125

0.0781252 0.296875
0.0781274 0.3125

0.09375 0.263394
0.109375 0.261218

0.109375 0.26142
0.125 0.25741

0.125 0.257658
0.140625 0.250933

0.140625 0.250933
0.142279 0.25

0.140602 0.296875
0.1406 0.3125

0.154417 0.296875
0.15625 0.298706

0.171875 0.279932
0.17615 0.28125

0.163067 0.28125
0.163085 0.296875

0.170508 0.296875
0.171875 0.297357

0.181884 0.28125
0.181617 0.296875

0.171875 0.297268
0.173146 0.296875

0.1875 0.28197
0.187505 0.28125

0.1875 0.297316
0.18794 0.296875

0.203125 0.299014
0.203149 0.296875

0.251581 0
0.252205 0.015625

0.252484 0.015625
0.253006 0.03125

0.253181 0.03125
0.252694 0.046875

0.252857 0.046875
0.250683 0.0625

0.25 0.0653949
0.251036 0.0625

0.265625 0.124002
0.264013 0.125

0.265625 0.123303
0.28125 0.115398

0.28125 0.115267
0.296571 0.109375

0.3125 0.103973
0.300345 0.109375

0.296875 0.11008
0.299532 0.109375

0.328125 0.00938936
0.32594 0.015625

0.326036 0.015625
0.323734 0.03125

0.328125 0.00915842
0.331334 0

0.322492 0.03125
0.325559 0.046875

0.326218 0.046875
0.328125 0.0502397

0.328125 0.0512721
0.336749 0.0625

0.375 0.0108021
0.371743 0.015625

0.371737 0.015625
0.364299 0.03125

0.359375 0.0559018
0.354226 0.0625

0.364931 0.03125
0.360455 0.046875

0.359375 0.0557728
0.362108 0.046875

0.328125 0.0914951
0.325927 0.09375

0.338753 0.0625
0.34375 0.0750759

0.328125 0.0838613
0.34375 0.0808139

0.3125 0.104116
0.32692 0.09375

0.342263 0.09375
0.34375 0.0981593

0.342736 0.109375
0.333045 0.125

0.359375 0.0633354
0.346088 0.078125

0.345775 0.078125
0.348289 0.09375

0.359375 0.0633647
0.359708 0.0625

0.34375 0.107608
0.345938 0.09375

0.25 0.133816
0.26108 0.125

0.25 0.183052
0.265625 0.174405

0.28125 0.165454
0.270875 0.171875

0.265625 0.174539
0.270056 0.171875

0.296875 0.152601
0.292179 0.15625

0.296875 0.152883
0.3125 0.140763

-1.47046 -0.140625
-1.46875 -0.138846

-1.46875 -0.142594
-1.46598 -0.140625

-1.46469 -0.140625
-1.4586 -0.125

-1.5 -0.12019
-1.48438 -0.116213

1.70312 0.125416
1.70391 0.125

1.5 0.281301
1.50005 0.28125

0.28125 0.165519
0.293682 0.15625

0.328125 0.128403
0.314121 0.140625

0.3125 0.140712
0.312615 0.140625

-1.48438 -0.111555
-1.46875 -0.116999

0.328125 0.128337
0.331391 0.125

-0.635728 -0.265625
-0.627477 -0.25

-1.46875 -0.111879
-1.4582 -0.125

1.59368 0.25
1.59375 0.250074

1.75 0.0426067
1.75111 0.046875

1.75121 0.046875
1.75208 0.0625

0.375 0.0112565
0.383525 0

0.4375 0.0994477
0.433271 0.109375

0.433967 0.109375
0.431013 0.125

-1.23438 -0.259168
-1.23578 -0.25

0.463887 0
0.463894 0.015625

1.75 0.0738536
1.75241 0.0625

0.464013 0.015625
0.466495 0.03125

0.466576 0.03125
0.46875 0.0366632

0.46875 0.0423585
0.472072 0.046875

2 -0.22068
2.02293 -0.21875

0.46875 0.0483637
0.484375 0.0585317

0.5 0.0447222
0.498516 0.046875

-0.625 -0.284193
-0.59375 -0.282636

0.484375 0.0573469
0.499863 0.046875

-0.609375 -0.262053
-0.623254 -0.25

-0.594936 -0.28125
-0.59375 -0.279775

-0.609375 -0.2513
-0.601607 -0.265625

-0.59375 -0.289143
-0.567175 -0.28125

-0.578125 -0.268548
-0.580765 -0.265625

-0.59375 -0.262862
-0.590528 -0.265625

2.03125 -0.218219
2.04688 -0.215969

2.04688 -0.215854
2.0625 -0.212933

-1.23438 -0.256076
-1.21875 -0.250366

-1.03125 -0.271643
-1.03984 -0.265625

0.4375 0.0927234
0.453125 0.0801324

-0.562855 -0.28125
-0.569056 -0.265625

0.453536 0.078125
0.46875 0.0878293

-0.5625 -0.284827
-0.53125 -0.28802

-0.5625 -0.275273
-0.55689 -0.28125

2.0625 -0.21279
2.07812 -0.209717

2.07812 -0.209691
2.09375 -0.206801

2.09375 -0.207014
2.10938 -0.204244

2.10412 -0.203125
2.10938 -0.202194

2.10938 -0.204811
2.11832 -0.203125

0.4375 0.0973536
0.439486 0.09375

0.46875 0.114825
0.466248 0.125

0.46875 0.0894361
0.471244 0.09375

0.470241 0.09375
0.472142 0.109375

2.11277 -0.203125
2.125 -0.200821

2.125 -0.201277
2.14062 -0.197893

2.14062 -0.197708
2.15625 -0.194169

2.15625 -0.193861
2.17188 -0.191154

2.17188 -0.191092
2.1875 -0.189955

-1.03299 -0.265625
-1.03462 -0.25

2.1875 -0.189702
2.20312 -0.190765

2.20312 -0.190923
2.21875 -0.194379

-0.540466 -0.28125
-0.53125 -0.276829

0.46875 0.114783
0.470119 0.109375

-1.03125 -0.266603
-1.02705 -0.265625

0.431397 0.125
0.42956 0.140625

-0.53125 -0.282601
-0.5 -0.297208

0.429871 0.140625
0.42776 0.15625

-0.53125 -0.279296
-0.515625 -0.271458

0.421875 0.183533
0.421459 0.1875

-0.515625 -0.276921
-0.5 -0.275114

-0.734375 -0.228223
-0.744648 -0.21875

2.21875 -0.197481
2.25 -0.196139

2.25 -0.191298
2.2707 -0.1875

2.28426 -0.1875
2.29688 -0.18595

2.29688 -0.185724
2.3125 -0.181904

-1.0287 -0.265625
-1.01562 -0.254821

-1.01562 -0.253138
-1.01491 -0.25

-1.23501 -0.25
-1.23438 -0.249145

-1.23438 -0.248388
-1.21875 -0.249364

-1.23438 -0.234353
-1.22782 -0.234375

-1.21875 -0.249287
-1.21833 -0.25

-0.71875 -0.23482
-0.719701 -0.234375

-0.734375 -0.227956
-0.721791 -0.234375

0.427116 0.15625
0.425137 0.171875

0.422333 0.171875
0.424499 0.1875

0.421497 0.1875
0.421875 0.189147

0.421875 0.196909
0.426863 0.203125

0.421875 0.207433
0.4375 0.212742

2.3125 -0.18161
2.32812 -0.176859

0.465724 0.125
0.460833 0.140625

-1.20312 -0.0706825
-1.21277 -0.0625

-0.75 -0.209597
-0.74407 -0.21875

-1.20312 -0.0718793
-1.1875 -0.0749063

-0.703125 -0.239607
-0.713236 -0.234375

-1.21875 -0.0473071
-1.21897 -0.046875

-1.22026 -0.046875
-1.22344 -0.03125

-1.22508 -0.03125
-1.22283 -0.015625

-1.224 -0.015625
-1.21875 -0.0076015

-1.21875 -0.0551746
-1.21384 -0.0625

-1.21875 -0.00773692
-1.20761 0

-1.20312 -0.00179811
-1.1875 -0.00417052

-1.1875 -0.074128
-1.17188 -0.06573

-1.17188 -0.0682212
-1.16572 -0.0625

-1.1675 -0.0625
-1.15906 -0.046875

-1.16091 -0.046875
-1.16321 -0.03125

-1.1875 -0.00104714
-1.17188 -0.0131794

-1.17188 -0.0160586
-1.16364 -0.03125

-1.0625 -0.187607
-1.06254 -0.1875

-1.0625 -0.18219
-1.06512 -0.171875

-1.06594 -0.171875
-1.06913 -0.15625

0.460831 0.140625
0.455951 0.15625

-1.06969 -0.15625
-1.07106 -0.140625

0.453125 0.164551
0.451848 0.171875

2.32812 -0.176646
2.34375 -0.171976

-1.0702 -0.140625
-1.07175 -0.125

-0.703125 -0.238832
-0.6875 -0.243964

0.451519 0.171875
0.447822 0.1875

-0.6875 -0.243707
-0.671875 -0.241288

2.34375 -0.171927
2.34396 -0.171875

0.453125 0.165056
0.455582 0.15625

0.449427 0.1875
0.441001 0.203125

-1.03626 -0.25
-1.03125 -0.243939

0.4375 0.211633
0.446456 0.203125

-1.03125 -0.220155
-1.03461 -0.21875

0.28125 0.277205
0.276958 0.28125

-0.671875 -0.242478
-0.65625 -0.243585

-0.65625 -0.242185
-0.640625 -0.247766

2.34375 -0.171784
2.35938 -0.168007

-0.640625 -0.244473
-0.627588 -0.25

0.265608 0.28125
0.265625 0.282555

0.264281 0.296875
0.265625 0.298251

-0.671875 -0.0697818
-0.675115 -0.0625

0.267687 0.28125
0.272785 0.296875

0.278355 0.296875
0.28125 0.298318

-0.65625 -0.0930448
-0.667954 -0.078125

0.28125 0.276842
0.296875 0.265793

-1.04688 -0.215987
-1.05917 -0.203125

-1.0625 -0.188329
-1.05602 -0.203125

-1.04688 -0.213493
-1.03327 -0.21875

-1.03101 -0.25
-1.01562 -0.241751

-1.01562 -0.219161
-1.01648 -0.21875

-1.01562 -0.239197
-1.00973 -0.234375

-1.01562 -0.227763
-1 -0.230548

-1.03125 -0.214324
-1.02022 -0.21875

-1.0625 -0.184787
-1.06203 -0.1875

0.296875 0.265259
0.3125 0.258331

-0.671875 -0.0660667
-0.666509 -0.078125

2.35938 -0.168495
2.375 -0.165019

-0.65625 -0.094571
-0.640625 -0.103767

2.375 -0.164857
2.39062 -0.16103

-1.0625 -0.159689
-1.0611 -0.15625

0.296875 0.26573
0.297297 0.265625

0.28125 0.295631
0.283366 0.296875

0.291063 0.296875
0.296875 0.297414

-1.04688 -0.158822
-1.03125 -0.158727

0.3125 0.292917
0.299895 0.296875

0.296875 0.297322
0.298062 0.296875

0.3125 0.25321
0.328125 0.261591

0.327576 0.265625
0.328125 0.269061

0.328125 0.258901
0.33216 0.265625

0.331249 0.265625
0.328647 0.28125

0.3125 0.291655
0.324177 0.28125

0.53125 -0.28439
0.523645 -0.28125

0.5 -0.257163
0.515625 -0.262799

0.53125 -0.267611
0.524822 -0.265625

0.515625 -0.262836
0.524652 -0.265625

0.5625 -0.283277
0.553023 -0.28125

0.53125 -0.267654
0.546875 -0.271615

0.546875 -0.271623
0.5625 -0.274974

0.5625 -0.282001
0.59375 -0.28136

0.5625 -0.275066
0.578125 -0.276424

0.578125 -0.276824
0.59375 -0.275372

2.39062 -0.160839
2.40625 -0.157369

2.40625 -0.156998
2.41108 -0.15625

-0.640625 -0.103216
-0.625 -0.100996

-0.65625 -0.0936245
-0.65608 -0.09375

-0.675075 -0.0625
-0.67643 -0.046875

-0.67566 -0.046875
-0.671875 -0.0336369

-0.671875 -0.0607078
-0.671719 -0.0625

2.41332 -0.15625
2.42188 -0.154925

2.42188 -0.154712
2.4375 -0.153816

2.46875 -0.16048
2.45339 -0.15625

2.4375 -0.153495
2.45312 -0.154926

2.45312 -0.153033
2.46481 -0.15625

2.46875 -0.162687
2.5 -0.163203

-1.04688 -0.147657
-1.05449 -0.140625

-1.04945 -0.140625
-1.04842 -0.125

-1.04688 -0.152681
-1.03125 -0.156134

-1.04688 -0.13581
-1.04418 -0.140625

-1.03125 -0.149825
-1.02488 -0.140625

-1.026 -0.140625
-1.01858 -0.125

-1.07164 -0.125
-1.07369 -0.109375

2.5 -0.158709
2.51254 -0.15625

-1.0742 -0.109375
-1.07514 -0.09375

-1.07615 -0.09375
-1.07512 -0.078125

-0.671875 -0.0360435
-0.670505 -0.03125

-1.07593 -0.078125
-1.07446 -0.0625

-0.66991 -0.03125
-0.663708 -0.015625

0.59375 -0.281485
0.596514 -0.28125

-0.663241 -0.015625
-0.658487 0

2.52673 -0.15625
2.53125 -0.155666

0.59375 -0.275669
0.609375 -0.27126

-1.07527 -0.0625
-1.07348 -0.046875

0.607235 -0.265625
0.609375 -0.264845

-0.624838 -0.25
-0.609375 -0.247269

-0.609375 -0.249689
-0.59375 -0.243126

-0.59375 -0.246235
-0.578125 -0.244785

-0.578125 -0.246369
-0.5625 -0.247771

-0.5625 -0.248245
-0.546875 -0.248643

2.53125 -0.155205
2.54688 -0.151207

-0.546875 -0.248847
-0.53125 -0.246884

2.54688 -0.150906
2.5625 -0.145432

2.5625 -0.144875
2.57503 -0.140625

2.57558 -0.140625
2.57812 -0.139761

2.57812 -0.139971
2.59375 -0.13516

2.59375 -0.134799
2.60938 -0.130474

2.60938 -0.130306
2.625 -0.127526

2.625 -0.127264
2.64062 -0.126888

2.64062 -0.127052
2.65625 -0.12931

2.65625 -0.133596
2.6875 -0.125569

2.64062 -0.124726
2.64252 -0.125

2.6875 -0.122261
2.70312 -0.111579

2.70312 -0.113788
2.71047 -0.109375

2.70383 -0.109375
2.71875 -0.100576

2.71875 -0.101343
2.73438 -0.0956293

-1.07436 -0.046875
-1.07229 -0.03125

-1.07266 -0.03125
-1.06996 -0.015625

-1.06989 -0.015625
-1.06329 0

-1.04861 -0.125
-1.04695 -0.109375

-1.0485 -0.109375
-1.04931 -0.09375

2.73438 -0.0958684
2.74963 -0.09375

2.76562 -0.0959523
2.75052 -0.09375

2.76562 -0.0971535
2.78125 -0.102174

2.75 -0.0921379
2.76293 -0.09375

2.76562 -0.0906221
2.77545 -0.09375

-1.04688 -0.12285
-1.04639 -0.125

-1.04976 -0.09375
-1.05118 -0.078125

-1.05076 -0.078125
-1.05223 -0.0625

-1.01951 -0.125
-1.01562 -0.116157

-1.01562 -0.114732
-1.01334 -0.109375

-1.01411 -0.109375
-1.00387 -0.09375

-1.00436 -0.09375
-1 -0.0889137

-1.05142 -0.0625
-1.05287 -0.046875

0.609375 -0.271761
0.625 -0.269198

0.609375 -0.264336
0.625 -0.261057

2.78125 -0.10445
2.8125 -0.103046

2.8125 -0.0994711
2.82729 -0.09375

2.82905 -0.09375
2.84375 -0.0873904

2.84375 -0.0865834
2.85938 -0.0792993

2.85938 -0.0786015
2.86034 -0.078125

2.86389 -0.078125
2.875 -0.0726389

2.875 -0.0722271
2.89062 -0.0627884

-1.05192 -0.046875
-1.05313 -0.03125

-1.05262 -0.03125
-1.05036 -0.015625

-1.04688 -0.00334273
-1.05007 0

-1.04688 -0.0089473
-1.0444 0

2.89062 -0.0626207
2.89081 -0.0625

2.89105 -0.0625
2.90625 -0.0518354

2.90625 -0.0517659
2.91255 -0.046875

2.91247 -0.046875
2.92188 -0.0393175

2.92188 -0.0383346
2.93094 -0.03125

2.93069 -0.03125
2.9375 -0.0261413

0.625 -0.312965
0.62756 -0.3125

0.625 -0.269917
0.640625 -0.273006

0.625 -0.260635
0.640625 -0.264303

0.640625 -0.271559
0.65625 -0.276473

0.640625 -0.264043
0.646276 -0.265625

0.65625 -0.28584
0.671534 -0.28125

0.65625 -0.279889
0.671875 -0.275551

-0.53125 -0.247589
-0.515625 -0.241447

-0.515625 -0.242947
-0.505103 -0.234375

2.9375 -0.0257632
2.95312 -0.0165532

2.95312 -0.0167558
2.95623 -0.015625

2.95577 -0.015625
2.96875 -0.0108933

0.669417 -0.265625
0.670669 -0.25

0.681721 -0.28125
0.6875 -0.266648

0.671875 -0.25129
0.676517 -0.265625

0.6875 -0.313574
0.692779 -0.3125

0.6875 -0.284263
0.714225 -0.28125

0.690003 -0.28125
0.68854 -0.265625

0.75 -0.287841
0.736144 -0.28125

2.96875 -0.0109708
2.98438 -0.00856912

2.98438 -0.00967217
3 -0.00826357

0.734375 -0.275294
0.72459 -0.265625

0.729359 -0.265625
0.722498 -0.25

-0.505621 -0.234375
-0.5 -0.225037

0.734375 -0.272071
0.75 -0.269897

0.73881 -0.265625
0.75 -0.261849

0.515625 -0.207106
0.511997 -0.203125

0.513422 -0.203125
0.501269 -0.1875

-0.5 -0.206604
-0.500301 -0.203125

-0.500588 -0.203125
-0.507558 -0.1875

3 -0.0077776
3.03125 -0.00447828

3.03125 -0.00336449
3.0625 -0.0021761

0.515625 -0.207328
0.53125 -0.21862

-0.515625 -0.177823
-0.519192 -0.171875

-0.519163 -0.171875
-0.526463 -0.15625

-0.515625 -0.175089
-0.508182 -0.1875

-0.52611 -0.15625
-0.529787 -0.140625

-0.530746 -0.140625
-0.529588 -0.125

3.0625 -0.00384923
3.125 -0.0034569

3.125 -0.00386673
3.25 -0.00305764

0.546875 -0.220959
0.538901 -0.21875

0.546875 -0.220553
0.5625 -0.22271

-0.625 -0.101365
-0.614805 -0.09375

-0.615505 -0.09375
-0.609375 -0.086073

-0.609375 -0.0840584
-0.606017 -0.078125

-0.60645 -0.078125
-0.603212 -0.0625

-0.5625 -0.0741008
-0.568968 -0.0625

-0.603742 -0.0625
-0.603793 -0.046875

-0.604011 -0.046875
-0.605856 -0.03125

-0.609375 -0.0137935
-0.613188 0

-0.60593 -0.03125
-0.608984 -0.015625

-0.609375 -0.0142381
-0.608992 -0.015625

-0.567714 -0.0625
-0.570002 -0.046875

-0.569374 -0.046875
-0.569574 -0.03125

-0.569402 -0.03125
-0.569113 -0.015625

-0.569091 -0.015625
-0.568702 0

-0.5625 -0.0793193
-0.546875 -0.0860503

-0.5625 -0.0778058
-0.562108 -0.078125

-0.546875 -0.0834824
-0.537921 -0.078125

-0.538814 -0.078125
-0.53125 -0.0727677

-0.531007 -0.125
-0.520257 -0.109375

-0.52 -0.109375
-0.515625 -0.105484

-0.515625 -0.105406
-0.5 -0.0970982

-0.53125 -0.0679182
-0.525835 -0.0625

-0.525879 -0.0625
-0.515625 -0.0536933

0.53125 -0.216692
0.538677 -0.21875

0.5 -0.182878
0.503536 -0.1875

0.5625 -0.222687
0.578125 -0.223588

0.578125 -0.223585
0.59375 -0.223279

0.59375 -0.223113
0.609375 -0.221936

0.609375 -0.221977
0.625 -0.220176

-0.515625 -0.0504916
-0.5 -0.0494853

-0.5 -0.0121913
-0.505168 0

-1 0.0420267
-0.984375 0.0461526

-0.980213 0.046875
-0.96875 0.0623453

-1 0.0662593
-0.984375 0.0727764

-0.96875 0.0688595
-0.980679 0.078125

3.25 -0.00273409
3.5 -0.00152934

-0.984375 0.0790809
-0.97928 0.078125

0.59375 -0.131333
0.587313 -0.125

0.625 -0.162452
0.618738 -0.15625

0.609375 -0.14675
0.60321 -0.140625

-0.96875 0.0732312
-0.965387 0.0625

-0.93507 0
-0.932337 0.015625

-0.931843 0.015625
-0.923611 0.03125

-0.923402 0.03125
-0.921875 0.0334358

-0.921875 0.0331299
-0.911094 0.046875

3.5 -0.00187884
3.9417 0

3.89234 0
4 0.000233035

0.59375 -0.131041
0.603482 -0.140625

0.609375 -0.146491
0.619157 -0.15625

0.5 -0.082979
0.504767 -0.078125

0.503751 -0.078125
0.507475 -0.0625

-0.910803 0.046875
-0.90625 0.0517855

-0.90625 0.0518458
-0.895251 0.0625

0.53125 -0.0628169
0.530885 -0.0625

0.5625 -0.0993864
0.557532 -0.09375

0.546875 -0.0810448
0.544449 -0.078125

-0.90803 0.109375
-0.919605 0.125

-0.895087 0.0625
-0.890625 0.0664628

-0.890625 0.0665237
-0.876301 0.078125

-0.87635 0.078125
-0.875 0.0791545

-0.90625 0.112471
-0.89528 0.109375

-0.890625 0.112273
-0.875 0.121154

0.54419 -0.078125
0.531861 -0.0625

0.546875 -0.0810861
0.557656 -0.09375

0.5 -0.0603836
0.502665 -0.0625

0.515625 -0.0354711
0.514467 -0.03125

-0.984375 0.217266
-0.996133 0.21875

-0.984375 0.218733
-0.984217 0.21875

-1 0.231696
-0.995311 0.21875

-0.986488 0.234375
-0.984375 0.235095

-0.984375 0.226936
-0.96875 0.22245

-0.984375 0.236055
-0.96875 0.243817

-0.96875 0.225387
-0.953125 0.221519

0.530716 -0.0625
0.521999 -0.046875

0.515625 -0.0342757
0.521694 -0.046875

0.514069 -0.03125
0.508182 -0.015625

-0.96875 0.24096
-0.957394 0.25

-0.953125 0.226125
-0.9375 0.227919

-0.917595 0.125
-0.909955 0.140625

-0.90884 0.140625
-0.90625 0.143062

0.508067 -0.015625
0.504219 0

0.578125 -0.116019
0.57168 -0.109375

0.5625 -0.0991973
0.571791 -0.109375

0.578125 -0.115632
0.587504 -0.125

0.625 -0.073136
0.616086 -0.0625

0.59375 -0.0381617
0.586245 -0.03125

-0.90625 0.141072
-0.890625 0.153425

-0.890625 0.154155
-0.885493 0.15625

-0.884987 0.15625
-0.875 0.161028

-0.9375 0.227879
-0.921875 0.229113

-0.921875 0.229032
-0.90625 0.229947

0.578125 -0.0171537
0.577185 -0.015625

0.577315 -0.015625
0.568429 0

0.578125 -0.0190738
0.586769 -0.03125

-0.90625 0.229182
-0.890625 0.231472

-0.875 0.233427
-0.888461 0.234375

-0.882465 0.234375
-0.875 0.234804

-0.857406 0
-0.84375 0.00775268

-0.84375 0.00847233
-0.828125 0.00515692

-0.828125 0.00510658
-0.821483 0

0.59375 -0.0402362
0.609375 -0.0437374

0.613912 -0.0625
0.614789 -0.046875

-0.875 0.0790266
-0.859375 0.0902238

-0.859375 0.0905655
-0.85425 0.09375

0.609375 -0.0334063
0.622539 -0.046875

0.607408 -0.03125
0.609375 -0.0227326

0.605674 -0.015625
0.601153 0

-0.875 0.122122
-0.87127 0.125

-0.853916 0.09375
-0.84375 0.0999548

0.609375 -0.0182512
0.61155 -0.03125

0.625 -0.221206
0.634019 -0.21875

-0.84375 0.1001
-0.828125 0.107986

-0.828125 0.108171
-0.824809 0.109375

0.65625 -0.220379
0.645115 -0.21875

0.633497 -0.21875
0.640625 -0.216395

-0.82484 0.109375
-0.8125 0.113856

-0.8125 0.114016
-0.796875 0.116767

-0.796875 0.116726
-0.78125 0.116309

-0.78125 0.115967
-0.765625 0.113149

-0.75 0.109198
-0.750887 0.109375

-0.765625 0.112444
-0.750232 0.109375

-0.869584 0.125
-0.859375 0.135921

-0.859375 0.135454
-0.855729 0.140625

-0.851411 0.140625
-0.854357 0.15625

-0.875 0.164575
-0.859375 0.159826

-0.859375 0.161215
-0.854215 0.15625

-0.859375 0.195229
-0.866483 0.203125

-0.868542 0.203125
-0.864644 0.21875

0.642763 -0.21875
0.656207 -0.203125

0.655966 -0.203125
0.65291 -0.1875

0.671875 -0.246058
0.667687 -0.234375

-0.859375 0.198836
-0.84375 0.189656

-0.859375 0.217124
-0.858106 0.21875

-0.859375 0.231469
-0.864695 0.234375

-0.875 0.234626
-0.859375 0.23705

-0.852332 0.21875
-0.84375 0.225949

-0.859375 0.239252
-0.84375 0.241373

-0.84375 0.19253
-0.828125 0.19022

-0.828125 0.190738
-0.8125 0.188646

0.661345 -0.234375
0.662894 -0.21875

0.67876 -0.25
0.673816 -0.234375

0.671875 -0.221444
0.673777 -0.21875

-0.836153 0.21875
-0.828125 0.232634

-0.84375 0.246237
-0.828125 0.235552

0.676181 -0.21875
0.6875 -0.212969

0.640625 -0.177596
0.635016 -0.171875

-0.828125 0.229347
-0.827026 0.234375

-0.828125 0.236778
-0.826979 0.234375

0.625 -0.162166
0.634884 -0.171875

0.640625 -0.17655
0.649864 -0.1875

-0.796875 0.18606
-0.806617 0.1875

-0.796875 0.185789
-0.78125 0.18436

-0.78125 0.184315
-0.765625 0.184351

0.6875 -0.212928
0.703125 -0.204392

0.703125 -0.204016
0.705065 -0.203125

0.704772 -0.203125
0.71875 -0.195455

0.726579 -0.25
0.729194 -0.234375

0.724362 -0.234375
0.734375 -0.220187

0.734375 -0.249506
0.734625 -0.25

0.734375 -0.225426
0.746926 -0.21875

-0.765625 0.184325
-0.75 0.185966

-0.8125 0.188305
-0.807053 0.1875

0.71875 -0.194983
0.734375 -0.188043

0.749647 -0.21875
0.75 -0.218666

-0.984375 0.268261
-0.989573 0.28125

-0.96875 0.26524
-0.968952 0.265625

-0.984375 0.279336
-0.972082 0.265625

-1 0.298443
-0.96875 0.285941

-0.953368 0.25
-0.953125 0.251611

-0.96875 0.26946
-0.953125 0.266922

-0.953125 0.255197
-0.9375 0.259426

-0.953125 0.266568
-0.939555 0.28125

0.734375 -0.187974
0.736124 -0.1875

0.737365 -0.1875
0.75 -0.183399

0.640625 -0.0782791
0.638732 -0.078125

-0.96875 0.292511
-0.9375 0.285753

-0.9375 0.260309
-0.921875 0.258531

0.6299 -0.078125
0.640625 -0.0775733

0.640625 -0.0740945
0.655661 -0.0625

0.671875 -0.0708929
0.660736 -0.0625

-0.921875 0.259487
-0.90625 0.260776

-0.9375 0.287694
-0.90625 0.282478

-0.90625 0.260991
-0.890625 0.263007

-0.890625 0.263461
-0.875 0.264954

0.6875 -0.0858509
0.67658 -0.078125

0.671875 -0.0732828
0.677015 -0.078125

0.640625 -0.0477229
0.637896 -0.046875

0.63142 -0.046875
0.640625 -0.0458388

0.640625 -0.0503538
0.65625 -0.0616508

-0.90625 0.284781
-0.885815 0.28125

-0.859375 0.265136
-0.86275 0.265625

-0.859375 0.269005
-0.859668 0.28125

0.653719 -0.046875
0.655534 -0.03125

0.640625 -0.0214876
0.637519 -0.015625

0.637516 -0.015625
0.632901 0

-0.84375 0.264575
-0.850161 0.265625

-0.844874 0.265625
-0.84375 0.268473

0.640625 -0.0190116
0.648286 -0.03125

0.665454 -0.0625
0.65747 -0.046875

-0.875 0.283357
-0.862989 0.28125

-0.84375 0.263299
-0.839685 0.265625

-0.828316 0.265625
-0.828536 0.28125

-0.824106 0.265625
-0.824139 0.28125

-0.84375 0.282252
-0.836044 0.28125

-0.800381 0.265625
-0.79867 0.28125

-0.78125 0.257517
-0.792314 0.265625

-0.796875 0.277193
-0.7951 0.28125

-0.783707 0.28125
-0.78125 0.281956

-0.78125 0.257911
-0.765625 0.253292

-0.78125 0.2803
-0.778008 0.28125

-0.765625 0.25403
-0.75 0.253272

-0.765625 0.280915
-0.754209 0.28125

0.65625 -0.0410374
0.658658 -0.046875

-0.75 0.10782
-0.734375 0.108704

-0.740203 0.109375
-0.734375 0.109723

-0.734375 0.10846
-0.732371 0.109375

-0.732954 0.109375
-0.71875 0.11671

-0.71875 0.117568
-0.708643 0.125

0.6875 -0.00508424
0.682468 0

0.6875 -0.0848695
0.703125 -0.0903335

0.703125 -0.0896891
0.71875 -0.0922231

-0.658512 0
-0.65625 0.0145164

-0.65625 0.0395815
-0.656626 0.046875

0.75 -0.0940381
0.744047 -0.09375

0.71875 -0.0920078
0.734375 -0.0933312

-0.656921 0.046875
-0.658288 0.0625

-0.65625 0.0206621
-0.655497 0.03125

-0.65625 0.0382505
-0.655443 0.046875

-0.625 0.0356755
-0.627896 0.046875

-0.628129 0.046875
-0.630937 0.0625

-0.658866 0.0625
-0.658832 0.078125

-0.658891 0.078125
-0.656354 0.09375

-0.65625 0.0901903
-0.655491 0.09375

-0.63104 0.0625
-0.632173 0.078125

-0.63131 0.078125
-0.632117 0.09375

-0.65491 0.09375
-0.652639 0.109375

-0.650699 0.109375
-0.65578 0.125

-0.63044 0.09375
-0.631046 0.109375

-0.630421 0.109375
-0.629584 0.125

0.734375 -0.0931974
0.745792 -0.09375

0.71875 -0.0386715
0.708751 -0.03125

0.703125 -0.0259807
0.694364 -0.015625

-0.75 0.186093
-0.741499 0.1875

-0.712012 0.125
-0.703125 0.131566

-0.703125 0.131725
-0.6875 0.13953

-0.744064 0.1875
-0.734375 0.189103

-0.734375 0.18924
-0.71875 0.191394

-0.71875 0.191201
-0.703125 0.192645

-0.703125 0.192496
-0.6875 0.193911

0.6875 -0.00453919
0.696683 -0.015625

0.703125 -0.0260853
0.708929 -0.03125

-0.71875 0.249088
-0.703125 0.249019

-0.6875 0.249008
-0.698927 0.25

-0.6875 0.140512
-0.671875 0.139633

-0.65625 0.126954
-0.671692 0.140625

0.71875 -0.0384284
0.734375 -0.045015

0.75 -0.0471524
0.748354 -0.046875

0.734375 -0.0445228
0.748336 -0.046875

-0.65625 0.125461
-0.654808 0.125

-0.630606 0.125
-0.63244 0.140625

-0.633026 0.140625
-0.636965 0.15625

0.75 -0.287106
0.78125 -0.293269

0.75 -0.276512
0.752363 -0.28125

0.75 -0.261292
0.757494 -0.25

-0.640625 0.168385
-0.641961 0.171875

-0.640625 0.172192
-0.653544 0.1875

0.765625 -0.280387
0.772485 -0.28125

0.78125 -0.28332
0.8125 -0.301254

-0.640625 0.166764
-0.636602 0.15625

-0.6875 0.194726
-0.671875 0.19478

-0.671875 0.19664
-0.65625 0.189984

-0.6875 0.249894
-0.671875 0.242551

-0.65625 0.233692
-0.657565 0.234375

-0.671875 0.242146
-0.657622 0.234375

-0.65625 0.190086
-0.652987 0.1875

-0.625 0.215054
-0.630208 0.21875

0.791722 -0.28125
0.796875 -0.280598

0.808477 -0.28125
0.8125 -0.279952

0.8125 -0.312579
0.824165 -0.3125

0.8125 -0.298091
0.84375 -0.283258

-0.65625 0.23434
-0.640625 0.225654

-0.640625 0.225879
-0.630174 0.21875

-0.613557 0
-0.618635 0.015625

-0.618771 0.015625
-0.623624 0.03125

-0.625 0.0364986
-0.6236 0.03125

-0.568676 0
-0.568281 0.015625

0.8125 -0.276407
0.828125 -0.278673

0.828125 -0.27552
0.84375 -0.278239

0.84375 -0.293659
0.875 -0.283147

-0.568244 0.015625
-0.567966 0.03125

-0.5679 0.03125
-0.567943 0.046875

0.84375 -0.277912
0.859375 -0.279875

0.859375 -0.272851
0.870887 -0.28125

-0.567877 0.046875
-0.568507 0.0625

-0.568519 0.0625
-0.569842 0.078125

-0.569922 0.078125
-0.571754 0.09375

-0.571711 0.09375
-0.573975 0.109375

-0.573903 0.109375
-0.57683 0.125

-0.53125 0.0368445
-0.542711 0.046875

-0.539219 0.046875
-0.544564 0.0625

-0.504126 0
-0.501811 0.015625

-0.501458 0.015625
-0.5 0.0193672

-0.53125 0.0368539
-0.515625 0.040219

-0.515625 0.0443899
-0.51322 0.046875

-0.515625 0.0476825
-0.50039 0.0625

-0.539961 0.0625
-0.536702 0.078125

-0.536867 0.078125
-0.533879 0.09375

-0.534699 0.09375
-0.53125 0.104276

-0.53125 0.112748
-0.536067 0.125

-0.501052 0.0625
-0.5 0.0641078

-0.53125 0.10766
-0.530222 0.109375

-0.53125 0.113487
-0.515625 0.120505

-0.515625 0.118642
-0.5 0.114344

-0.59375 0.175519
-0.600409 0.1875

-0.578125 0.130387
-0.580624 0.140625

-0.580491 0.140625
-0.585499 0.15625

-0.578125 0.130797
-0.576905 0.125

-0.585459 0.15625
-0.592008 0.171875

0.904878 -0.3125
0.887906 -0.28125

0.890267 -0.28125
0.890625 -0.281181

0.932029 -0.3125
0.920771 -0.28125

-0.59375 0.175377
-0.591892 0.171875

-0.609375 0.200068
-0.611943 0.203125

-0.625 0.215183
-0.612223 0.203125

-0.609375 0.199483
-0.600182 0.1875

-0.609375 0.24654
-0.61501 0.25

0.90625 -0.281007
0.921875 -0.280876

0.935936 -0.28125
0.9375 -0.280333

-0.59375 0.234245
-0.593912 0.234375

-0.609375 0.245547
-0.593892 0.234375

-0.5625 0.197699
-0.565598 0.203125

-0.565581 0.203125
-0.577885 0.21875

-0.578125 0.219217
-0.593712 0.234375

-0.59375 0.236395
-0.591762 0.234375

-0.578125 0.219103
-0.577812 0.21875

-0.546875 0.139315
-0.547379 0.140625

0.9375 -0.313158
0.941704 -0.3125

0.939078 -0.3125
0.962258 -0.28125

0.9375 -0.2761
0.953125 -0.279647

-0.547173 0.140625
-0.548678 0.15625

-0.546875 0.127994
-0.53918 0.125

-0.547956 0.15625
-0.550834 0.171875

-0.550763 0.171875
-0.556602 0.1875

-0.53125 0.135169
-0.529368 0.140625

0.953125 -0.275695
0.96875 -0.280488

0.96875 -0.305831
0.982044 -0.28125

0.96875 -0.276817
0.980545 -0.28125

-0.53125 0.146233
-0.526415 0.15625

-0.500125 0.125
-0.506094 0.140625

-0.506779 0.140625
-0.513692 0.15625

-0.529381 0.15625
-0.529039 0.171875

-0.53125 0.180337
-0.52785 0.171875

0.984375 -0.27919
0.997618 -0.28125

0.752183 -0.25
0.765625 -0.235686

-0.51229 0.15625
-0.511154 0.171875

-0.514209 0.171875
-0.508888 0.1875

-0.5625 0.197808
-0.556546 0.1875

-0.531941 0.21875
-0.53125 0.220741

-0.536499 0.234375
-0.53125 0.240488

-0.53125 0.195336
-0.529079 0.1875

0.75 -0.221008
0.765625 -0.219082

0.765625 -0.239313
0.77547 -0.234375

0.77474 -0.234375
0.78125 -0.233789

-0.529223 0.203125
-0.526495 0.21875

-0.511381 0.1875
-0.500624 0.203125

0.75489 -0.21875
0.765625 -0.213891

0.765625 -0.213068
0.778394 -0.203125

-0.501879 0.203125
-0.5 0.210099

-0.52646 0.21875
-0.519356 0.234375

-0.519361 0.234375
-0.515625 0.239819

-0.5 0.233596
-0.505639 0.234375

-0.515625 0.242043
-0.5 0.249884

-0.75 0.25294
-0.734375 0.254182

-0.75 0.281004
-0.734375 0.279051

0.78125 -0.191426
0.780829 -0.1875

0.78125 -0.233494
0.796875 -0.225672

-0.734375 0.251752
-0.71875 0.253172

-0.734375 0.279001
-0.71875 0.275909

0.796875 -0.224654
0.804819 -0.21875

0.785429 -0.203125
0.786687 -0.1875

0.803112 -0.21875
0.8125 -0.212149

0.75 -0.182887
0.765625 -0.179855

0.765625 -0.175737
0.78125 -0.183806

-0.70982 0.25
-0.703125 0.252605

-0.71875 0.27605
-0.703125 0.270427

-0.699022 0.25
-0.6875 0.257977

-0.703125 0.269533
-0.6875 0.26571

-0.6875 0.257388
-0.681878 0.265625

-0.6875 0.266111
-0.671875 0.267937

-0.671875 0.268483
-0.65625 0.268181

0.78125 -0.181806
0.78568 -0.1875

0.8125 -0.171074
0.802529 -0.15625

-0.640625 0.263735
-0.651709 0.265625

-0.65625 0.267418
-0.649115 0.265625

-0.640625 0.264028
-0.625 0.256933

-0.625 0.256074
-0.615758 0.25

-0.609375 0.250218
-0.608899 0.25

-0.594701 0.265625
-0.59375 0.266613

-0.588332 0.25
-0.593684 0.265625

-0.59375 0.26727
-0.578125 0.267759

-0.578125 0.265088
-0.577982 0.265625

0.806317 -0.15625
0.806039 -0.140625

0.80867 -0.140625
0.80828 -0.125

-0.578125 0.268562
-0.576888 0.265625

-0.510628 0.25
-0.5 0.258721

0.84375 -0.231161
0.837373 -0.21875

0.8125 -0.210193
0.826797 -0.203125

0.827046 -0.203125
0.828125 -0.20259

0.84375 -0.204505
0.842101 -0.203125

-0.5 -0.293469
-0.46875 -0.283808

-0.5 -0.274605
-0.484375 -0.278525

0.834364 -0.203125
0.84375 -0.196927

0.859375 -0.234993
0.858008 -0.234375

-0.484375 -0.273778
-0.46875 -0.279285

-0.46875 -0.284103
-0.4375 -0.294766

0.84375 -0.230534
0.847357 -0.234375

0.859375 -0.236789
0.874718 -0.234375

-0.46875 -0.27812
-0.453125 -0.279631

-0.453125 -0.28026
-0.437948 -0.28125

0.868678 -0.234375
0.875 -0.233606

0.84375 -0.215951
0.850687 -0.203125

-0.421875 -0.297699
-0.430207 -0.296875

-0.429642 -0.296875
-0.429793 -0.28125

-0.421875 -0.29758
-0.41178 -0.296875

-0.406873 -0.296875
-0.409453 -0.28125

-0.427086 -0.28125
-0.421875 -0.280836

0.84375 -0.193712
0.853864 -0.203125

0.859375 -0.203321
0.859697 -0.203125

-0.421875 -0.280938
-0.411692 -0.28125

-0.40625 -0.297946
-0.395841 -0.296875

0.860205 -0.203125
0.874044 -0.1875

0.828125 -0.172607
0.823022 -0.171875

0.8125 -0.167999
0.822659 -0.171875

-0.399491 -0.296875
-0.401961 -0.28125

-0.375 -0.298645
-0.380596 -0.296875

-0.385079 -0.296875
-0.385735 -0.28125

-0.391648 -0.28125
-0.390625 -0.281065

-0.390625 -0.255858
-0.398219 -0.25

-0.376623 -0.28125
-0.375 -0.279019

-0.390625 -0.254473
-0.375 -0.260961

-0.359375 -0.297828
-0.365421 -0.296875

0.84375 -0.173427
0.842396 -0.171875

0.828125 -0.162252
0.84375 -0.164812

-0.375 -0.295026
-0.374217 -0.296875

-0.359375 -0.296961
-0.345158 -0.296875

-0.344855 -0.296875
-0.34375 -0.296469

-0.372314 -0.28125
-0.359375 -0.276778

-0.375 -0.259028
-0.359375 -0.259607

-0.359375 -0.276709
-0.345734 -0.28125

-0.359375 -0.26075
-0.34375 -0.25327

0.852925 -0.1875
0.847781 -0.171875

0.84375 -0.159979
0.857 -0.171875

-0.34375 -0.296887
-0.342172 -0.296875

-0.329244 -0.296875
-0.328125 -0.295462

-0.328125 -0.297326
-0.326541 -0.296875

-0.312711 -0.296875
-0.312751 -0.28125

-0.34375 -0.281089
-0.343205 -0.28125

0.870416 -0.1875
0.874956 -0.171875

0.871785 -0.171875
0.875 -0.162059

0.873998 -0.15625
0.875 -0.153281

-0.34375 -0.254605
-0.338543 -0.25

-0.3125 -0.296997
-0.312089 -0.296875

0.75 -0.0938291
0.765625 -0.0945386

0.765625 -0.0939541
0.78125 -0.0960896

-0.305817 -0.296875
-0.305839 -0.28125

-0.287339 -0.296875
-0.287351 -0.28125

0.75 -0.0936971
0.751165 -0.09375

0.796875 -0.103479
0.781764 -0.09375

0.809141 -0.125
0.801656 -0.109375

-0.265741 -0.296875
-0.265625 -0.281614

-0.262351 -0.296875
-0.262114 -0.28125

0.796875 -0.102461
0.802904 -0.109375

0.78125 -0.0935982
0.781614 -0.09375

-0.28125 -0.281049
-0.278922 -0.28125

-0.265625 -0.280783
-0.264876 -0.28125

-0.5 -0.223522
-0.497964 -0.21875

-0.5 -0.203718
-0.498699 -0.21875

-0.4375 -0.236314
-0.442038 -0.234375

0.765625 -0.0474462
0.755789 -0.046875

0.75 -0.0465236
0.756052 -0.046875

0.765625 -0.047246
0.78125 -0.0480607

-0.442936 -0.234375
-0.450568 -0.21875

-0.452021 -0.21875
-0.4375 -0.207854

0.78125 -0.0479739
0.796875 -0.0492582

0.796875 -0.0497213
0.8125 -0.050814

0.809224 -0.046875
0.8125 -0.0459236

0.810527 -0.03125
0.8125 -0.0262872

0.859375 -0.063076
0.875 -0.0695014

0.8125 -0.0518265
0.828125 -0.0554574

-0.4375 -0.236727
-0.429722 -0.234375

-0.430467 -0.234375
-0.421875 -0.220328

-0.40625 -0.235698
-0.407342 -0.234375

-0.421875 -0.233078
-0.42099 -0.234375

-0.4375 -0.208671
-0.421875 -0.21788

0.8125 -0.0448264
0.828125 -0.0366777

0.828125 -0.0562947
0.839334 -0.0625

0.843693 -0.046875
0.834594 -0.03125

-0.401263 -0.25
-0.404763 -0.234375

-0.400224 -0.234375
-0.390625 -0.224493

0.8125 -0.0298033
0.828125 -0.0229205

0.84375 -0.0581548
0.855389 -0.0625

0.85079 -0.046875
0.843842 -0.03125

0.859375 -0.0582774
0.866759 -0.0625

0.86716 -0.046875
0.860327 -0.03125

-0.390625 -0.225187
-0.378211 -0.21875

-0.5 -0.0980043
-0.484375 -0.0976608

-0.484375 -0.0982841
-0.46875 -0.102846

-0.453125 -0.110607
-0.455822 -0.109375

-0.46875 -0.103372
-0.455609 -0.109375

-0.453125 -0.111306
-0.4375 -0.118374

-0.453125 -0.0636559
-0.454721 -0.0625

0.875 -0.234093
0.890625 -0.223989

0.890625 -0.223641
0.896279 -0.21875

-0.453125 -0.064723
-0.4375 -0.0720136

-0.5 -0.0597039
-0.484375 -0.0573693

-0.484375 -0.047293
-0.468927 -0.046875

-0.484375 -0.0439823
-0.46875 -0.0462427

-0.5 -0.0203366
-0.484375 -0.0216081

-0.484375 -0.0168521
-0.483553 -0.015625

-0.484375 -0.0137512
-0.478093 0

-0.46875 -0.0519925
-0.454504 -0.0625

-0.4375 -0.00157779
-0.440174 0

-0.4375 -0.119393
-0.421875 -0.122794

-0.421875 -0.122393
-0.40625 -0.120889

0.89287 -0.21875
0.90625 -0.208379

0.90625 -0.208683
0.916323 -0.203125

0.920457 -0.203125
0.921875 -0.201003

-0.4375 -0.0709871
-0.421875 -0.0737132

-0.421875 -0.0737146
-0.40625 -0.0739264

-0.40625 -0.120116
-0.390625 -0.116053

-0.390625 -0.116146
-0.375 -0.110881

-0.40625 -0.0738846
-0.390625 -0.0716628

-0.390625 -0.0719207
-0.375 -0.0668333

-0.4375 -0.00179653
-0.421875 -0.00448914

-0.421875 -0.00431956
-0.412377 0

-0.34375 -0.223739
-0.35326 -0.21875

-0.375 -0.218658
-0.359375 -0.218087

-0.359375 -0.217644
-0.356452 -0.21875

-0.335312 -0.25
-0.330062 -0.234375

-0.34375 -0.22204
-0.333182 -0.234375

-0.375 -0.11122
-0.371256 -0.109375

-0.370734 -0.109375
-0.359375 -0.103756

-0.359375 -0.103537
-0.345432 -0.09375

0.928052 -0.203125
0.936603 -0.1875

0.875 -0.160704
0.876296 -0.15625

-0.375 -0.0673328
-0.367176 -0.0625

-0.345352 -0.09375
-0.34375 -0.0925731

0.90625 -0.167126
0.90039 -0.15625

0.875106 -0.15625
0.877724 -0.140625

0.875 -0.138833
0.885555 -0.125

0.900433 -0.15625
0.901147 -0.140625

0.90625 -0.127156
0.904351 -0.125

-0.34375 -0.0913666
-0.328125 -0.0798706

-0.328125 -0.0795071
-0.325637 -0.078125

-0.325845 -0.078125
-0.3125 -0.0707008

-0.366793 -0.0625
-0.359375 -0.057819

0.921875 -0.185362
0.909353 -0.171875

0.90625 -0.167762
0.908609 -0.171875

-0.359375 -0.0549714
-0.347262 -0.046875

-0.347953 -0.046875
-0.34375 -0.0442287

0.921875 -0.17974
0.930414 -0.1875

0.93508 -0.171875
0.927732 -0.15625

-0.34375 -0.0440262
-0.328125 -0.0393968

-0.3125 -0.0472629
-0.314379 -0.046875

-0.327096 -0.046875
-0.3125 -0.0372481

-0.316468 -0.03125
-0.312538 -0.015625

-0.318915 -0.015625
-0.3125 -0.00394181

-0.3125 -0.0708013
-0.296875 -0.0657131

-0.296875 -0.0654518
-0.28125 -0.0642778

-0.28125 -0.0641519
-0.265625 -0.0676445

-0.25 -0.0810571
-0.253767 -0.078125

-0.265625 -0.0668577
-0.25 -0.0761351

-0.3125 -0.0622896
-0.308951 -0.0625

-0.31182 -0.046875
-0.303214 -0.03125

-0.28125 -0.0329949
-0.284902 -0.03125

-0.3125 -0.0232419
-0.310578 -0.015625

-0.3125 -0.010155
-0.296875 -0.00101068

-0.28125 -0.0282163
-0.289116 -0.015625

-0.28125 -0.0120028
-0.295284 0

-0.265625 -0.0386333
-0.27752 -0.03125

-0.265625 -0.035354
-0.25 -0.0414367

-0.28125 -0.0289444
-0.279135 -0.03125

-0.28125 -0.0104835
-0.279175 -0.015625

0.90625 -0.149383
0.907169 -0.140625

0.90625 -0.137054
0.914799 -0.125

-0.234375 -0.286473
-0.237369 -0.28125

-0.234375 -0.285418
-0.218854 -0.296875

-0.235789 -0.28125
-0.234375 -0.272083

-0.234375 -0.278758
-0.233912 -0.28125

-0.232213 -0.265625
-0.223305 -0.25

-0.21875 -0.293673
-0.203125 -0.285604

0.923422 -0.15625
0.92654 -0.140625

0.9375 -0.128274
0.936388 -0.125

-0.203125 -0.284533
-0.198094 -0.28125

-0.204431 -0.28125
-0.203125 -0.280509

-0.203125 -0.278908
-0.1875 -0.270056

-0.171875 -0.283683
-0.181378 -0.28125

-0.171875 -0.281925
-0.15625 -0.286083

-0.1875 -0.269626
-0.171875 -0.272703

-0.171875 -0.27608
-0.15625 -0.280739

-0.15625 -0.284698
-0.148487 -0.28125

-0.149053 -0.28125
-0.140625 -0.27426

-0.140625 -0.275026
-0.135104 -0.265625

-0.135698 -0.265625
-0.138381 -0.25

0.9375 -0.17586
0.953125 -0.180994

0.953125 -0.180892
0.96875 -0.181989

0.9375 -0.140695
0.937523 -0.140625

0.940394 -0.140625
0.93908 -0.125

-0.09375 -0.253552
-0.0976664 -0.25

-0.0781809 -0.3125
-0.0781787 -0.296875

-0.0625 -0.299799
-0.064717 -0.296875

-0.09375 -0.254017
-0.078125 -0.25156

-0.078125 -0.251673
-0.0769703 -0.25

-0.046875 -0.299765
-0.0504937 -0.296875

-0.0469811 -0.296875
-0.0502782 -0.28125

-0.046875 -0.296954
-0.03125 -0.297075

-0.046875 -0.293152
-0.0382438 -0.296875

-0.0477536 -0.28125
-0.046875 -0.279838

-0.046875 -0.278449
-0.03125 -0.269579

-0.03125 -0.291479
-0.0241308 -0.28125

-0.0169223 -0.28125
-0.0272237 -0.265625

0.96875 -0.182292
0.984375 -0.178946

0.984375 -0.180306
0.995921 -0.171875

0.998308 -0.171875
1 -0.16742

-0.0161833 -0.265625
-0.015625 -0.264127

0 -0.250441
-0.00819091 -0.25

0.984375 -0.127872
0.983259 -0.125

0.996221 -0.15625
0.988736 -0.140625

0.984375 -0.127732
0.989384 -0.140625

0.884315 -0.125
0.890625 -0.121205

-0.221625 -0.25
-0.21875 -0.244961

-0.21875 -0.245616
-0.212335 -0.234375

0.890953 -0.125
0.90625 -0.118257

0.875 -0.0692357
0.890229 -0.078125

0.90625 -0.0905565
0.892569 -0.078125

-0.212435 -0.234375
-0.207418 -0.21875

-0.207517 -0.21875
-0.206226 -0.203125

-0.20564 -0.203125
-0.209052 -0.1875

-0.213813 -0.1875
-0.21358 -0.171875

0.890625 -0.0772659
0.891922 -0.078125

0.917209 -0.125
0.910052 -0.109375

-0.214944 -0.171875
-0.203125 -0.157637

-0.203125 -0.162012
-0.194291 -0.15625

-0.191925 -0.15625
-0.1875 -0.15408

-0.15625 -0.23263
-0.16747 -0.21875

-0.171875 -0.209536
-0.173432 -0.203125

-0.173369 -0.203125
-0.171875 -0.199931

0.915551 -0.109375
0.910651 -0.09375

0.921875 -0.12151
0.926139 -0.125

0.90625 -0.0901609
0.909168 -0.09375

0.9375 -0.0633154
0.936926 -0.0625

-0.171875 -0.209649
-0.16962 -0.21875

-0.171875 -0.198433
-0.162713 -0.1875

-0.140625 -0.249527
-0.152281 -0.234375

-0.15625 -0.232109
-0.154137 -0.234375

-0.140625 -0.248273
-0.139531 -0.25

-0.125 -0.190747
-0.13484 -0.1875

0.875 -0.0610298
0.876285 -0.0625

0.875 -0.0406265
0.875718 -0.046875

-0.162065 -0.1875
-0.15625 -0.183868

-0.1875 -0.155896
-0.171875 -0.146426

-0.171875 -0.146055
-0.165649 -0.140625

-0.165507 -0.140625
-0.15625 -0.130242

0.929785 -0.0625
0.935033 -0.046875

0.9375 -0.124919
0.937598 -0.125

0.96875 -0.0968564
0.966202 -0.09375

0.953125 -0.0802341
0.951296 -0.078125

0.947446 -0.078125
0.941063 -0.0625

-0.15625 -0.184036
-0.140625 -0.182867

-0.140625 -0.184572
-0.131751 -0.1875

-0.15625 -0.130157
-0.152426 -0.125

-0.21875 -0.0956368
-0.227807 -0.09375

-0.25 -0.0809069
-0.234375 -0.0919967

-0.25 -0.0748267
-0.246983 -0.078125

-0.234375 -0.0923987
-0.228191 -0.09375

-0.21875 -0.0965984
-0.211025 -0.09375

0.953125 -0.0832761
0.96693 -0.09375

0.96875 -0.0707529
0.960062 -0.0625

0.982894 -0.125
0.977782 -0.109375

-0.214154 -0.09375
-0.203125 -0.0895219

-0.203125 -0.0894142
-0.190995 -0.078125

-0.189853 -0.078125
-0.1875 -0.0720456

-0.234375 -0.0523142
-0.244029 -0.046875

0.975746 -0.109375
0.972935 -0.09375

0.984375 -0.0972102
1 -0.0977076

0.983002 -0.09375
0.972228 -0.078125

-0.25 -0.0399443
-0.238792 -0.046875

-0.234375 -0.0542066
-0.21875 -0.0612328

0.96875 -0.0701082
0.9738 -0.078125

0.9375 -0.0565097
0.953125 -0.0508615

0.953125 -0.0543941
0.964969 -0.0625

-0.217733 -0.0625
-0.203125 -0.0580943

-0.203125 -0.051432
-0.188376 -0.046875

-0.192416 -0.046875
-0.1875 -0.0393206

-0.1875 -0.0713542
-0.18264 -0.0625

0.504452 0
0.50241 0.015625

0.502795 0.015625
0.501323 0.03125

0.5 0.0394941
0.502229 0.03125

0.53125 0.0471699
0.523005 0.0625

-0.152172 -0.125
-0.143869 -0.109375

-0.145024 -0.109375
-0.140625 -0.097685

0.546875 0.028209
0.544209 0.03125

0.5625 0.00983694
0.558631 0.015625

0.546875 0.0299618
0.558575 0.015625

0.544333 0.03125
0.53201 0.046875

0.53125 0.0495978
0.532766 0.046875

0.523206 0.0625
0.518347 0.078125

-0.140625 -0.0976396
-0.139161 -0.09375

-0.140625 -0.0936367
-0.131835 -0.078125

-0.132008 -0.078125
-0.125 -0.0701656

-0.182014 -0.0625
-0.176863 -0.046875

-0.1875 -0.0349137
-0.178884 -0.046875

-0.171875 -0.0445963
-0.160687 -0.03125

-0.185334 -0.03125
-0.17916 -0.015625

-0.178897 -0.015625
-0.171875 -0.0087588

-0.15625 -0.0228325
-0.157034 -0.015625

-0.171875 -0.00362061
-0.15625 -0.00768803

-0.15625 -0.0289
-0.152509 -0.015625

-0.15625 -0.00582234
-0.149265 -0.015625

0.518651 0.078125
0.516586 0.09375

0.516081 0.09375
0.517214 0.109375

0.515625 0.110407
0.524746 0.125

-0.125 -0.0302327
-0.130786 -0.015625

-0.13061 -0.015625
-0.125 -0.00796703

-0.0978033 -0.25
-0.0970994 -0.234375

-0.0971179 -0.234375
-0.09375 -0.231664

-0.125 -0.193746
-0.109375 -0.193778

-0.109375 -0.191605
-0.100344 -0.1875

0.5625 0.111242
0.550808 0.125

0.5625 0.00946159
0.568746 0

0.59375 0.0342433
0.589824 0.046875

0.589568 0.046875
0.58389 0.0625

0.600926 0
0.59744 0.015625

-0.0793667 -0.25
-0.0836959 -0.234375

-0.09375 -0.231938
-0.078125 -0.233237

0.598168 0.015625
0.594714 0.03125

0.59375 0.0345997
0.594791 0.03125

0.578125 0.0779633
0.578063 0.078125

-0.078125 -0.241685
-0.0779618 -0.234375

-0.0625 -0.212646
-0.0693224 -0.203125

-0.0669642 -0.203125
-0.0776597 -0.1875

-0.100653 -0.1875
-0.09375 -0.182824

-0.09375 -0.153695
-0.100781 -0.140625

-0.100651 -0.140625
-0.103152 -0.125

-0.09375 -0.180921
-0.078125 -0.178195

-0.0786643 -0.171875
-0.0915167 -0.15625

-0.078125 -0.1794
-0.0735113 -0.171875

0.578125 0.0781991
0.571331 0.09375

0.578125 0.0775887
0.583912 0.0625

0.571613 0.09375
0.562919 0.109375

-0.078125 -0.169904
-0.0625 -0.168181

-0.09375 -0.153784
-0.0921996 -0.15625

0.5625 0.109713
0.562726 0.109375

0.625 0.0765056
0.624766 0.078125

0.624682 0.078125
0.623074 0.09375

0.624268 0.09375
0.621306 0.109375

0.616296 0.109375
0.619613 0.125

-0.046875 -0.225285
-0.0551656 -0.21875

-0.046875 -0.224943
-0.0319653 -0.234375

-0.0625 -0.2123
-0.0563337 -0.21875

-0.015625 -0.243592
-0.0312374 -0.234375

0.523546 0.125
0.53125 0.131765

0.53125 0.169067
0.527299 0.171875

0.527927 0.171875
0.521734 0.1875

0.53125 0.134559
0.546875 0.133496

0.546875 0.128516
0.550694 0.125

-0.015625 -0.246446
0 -0.249972

-0.015625 -0.196145
-0.0245663 -0.1875

0 -0.214864
-0.00868308 -0.203125

0.546875 0.166909
0.531952 0.171875

0.53125 0.175538
0.535415 0.171875

0.546875 0.167337
0.558753 0.171875

-0.015625 -0.195766
-0.00890262 -0.203125

-0.0625 -0.166269
-0.046875 -0.168907

0.560002 0.171875
0.5625 0.174062

0.523483 0.1875
0.53125 0.198568

0.53125 0.195334
0.544332 0.203125

0.546802 0.203125
0.546875 0.203147

0.5625 0.195332
0.549293 0.203125

-0.03125 -0.180857
-0.0446453 -0.171875

-0.046875 -0.169536
-0.0429193 -0.171875

-0.03125 -0.181236
-0.0241053 -0.1875

0 -0.146648
-0.00587983 -0.140625

-0.00447927 -0.140625
-0.0155819 -0.125

-0.102341 -0.125
-0.1008 -0.109375

-0.101878 -0.109375
-0.0957582 -0.09375

-0.125 -0.070117
-0.115137 -0.0625

-0.0962992 -0.09375
-0.09375 -0.0898714

-0.09375 -0.0905616
-0.0818504 -0.078125

0.5625 0.170406
0.564552 0.171875

0.564449 0.171875
0.571498 0.1875

0.61687 0.125
0.625 0.134109

-0.078125 -0.0713719
-0.0788769 -0.0625

-0.078125 -0.0722319
-0.0625 -0.0716104

-0.114383 -0.0625
-0.109375 -0.0588138

-0.109375 -0.0370081
-0.117835 -0.03125

-0.109375 -0.0580089
-0.09375 -0.0544962

-0.109375 -0.0323983
-0.09375 -0.0343045

-0.125 -0.0261622
-0.121078 -0.03125

-0.125 -0.0125797
-0.111947 0

-0.09375 -0.0539013
-0.078125 -0.0587025

-0.09375 -0.0329762
-0.0890149 -0.03125

-0.078125 -0.0610054
-0.0625 -0.054094

0.5625 0.200439
0.571164 0.1875

0.633679 0
0.632136 0.015625

0.632475 0.015625
0.63147 0.03125

0.65625 0.0275762
0.653415 0.03125

-0.090007 -0.03125
-0.078125 -0.0282622

-0.078125 -0.0243302
-0.0625 -0.0266564

-0.03125 -0.0947671
-0.0320242 -0.09375

-0.046875 -0.0800407
-0.0509016 -0.078125

-0.0625 -0.0707054
-0.0534789 -0.078125

-0.046875 -0.0796369
-0.0314045 -0.09375

-0.015625 -0.121924
-0.0222943 -0.109375

-0.03125 -0.0949333
-0.0212165 -0.109375

-0.015625 -0.122274
-0.0141784 -0.125

-0.0625 -0.0575009
-0.0564329 -0.046875

-0.0515188 -0.046875
-0.0539649 -0.03125

-0.0625 -0.0241515
-0.0533038 -0.03125

-0.03125 -0.000955502
-0.0331067 0

0 -0.0315985
-0.000315274 -0.03125

-0.03125 -0.00104706
-0.015625 -0.0143984

-0.000280604 -0.03125
-0.0151272 -0.015625

-0.015625 -0.0151819
-0.0151813 -0.015625

-0.5 0.0283605
-0.484375 0.028563

-0.480383 0
-0.480958 0.015625

-0.484375 0.0168832
-0.483501 0.015625

-0.5 0.0570899
-0.494263 0.0625

-0.46875 0.0620205
-0.468934 0.0625

-0.453125 0.0123425
-0.456232 0.015625

-0.455855 0.015625
-0.463005 0.03125

-0.453125 0.0117793
-0.439866 0

-0.462952 0.03125
-0.467244 0.046875

-0.46875 0.0606259
-0.467103 0.046875

0.631028 0.03125
0.629378 0.046875

0.629716 0.046875
0.627069 0.0625

-0.495695 0.0625
-0.487855 0.078125

-0.490866 0.078125
-0.492593 0.09375

-0.46875 0.0746028
-0.469607 0.078125

0.654866 0.03125
0.654578 0.046875

0.65353 0.046875
0.656171 0.0625

0.671875 0.00722064
0.663397 0.015625

-0.468894 0.078125
-0.46875 0.0788713

-0.491718 0.09375
-0.498652 0.109375

-0.495548 0.109375
-0.498628 0.125

-0.46875 0.0661389
-0.468712 0.0625

-0.46875 0.0806766
-0.467801 0.09375

-0.467816 0.09375
-0.465333 0.109375

-0.46539 0.109375
-0.461393 0.125

-0.412813 0
-0.40625 0.0037646

0.65625 0.0265776
0.66246 0.015625

0.671875 0.00890718
0.681856 0

0.625 0.0754553
0.627452 0.0625

0.654744 0.0625
0.65625 0.0714826

-0.40625 0.0549685
-0.410191 0.0625

-0.40625 0.00260057
-0.39532 0.015625

0.65625 0.101493
0.654933 0.109375

0.65625 0.110138
0.646214 0.125

0.656587 0.078125
0.656806 0.09375

-0.395611 0.015625
-0.393066 0.03125

-0.394511 0.03125
-0.40028 0.046875

-0.40625 0.0557632
-0.401599 0.046875

-0.410678 0.0625
-0.41682 0.078125

-0.417415 0.078125
-0.418906 0.09375

-0.420765 0.09375
-0.412696 0.109375

-0.414936 0.109375
-0.40625 0.117433

-0.40625 0.117866
-0.390625 0.119202

-0.375 0.102325
-0.38301 0.109375

-0.390625 0.115439
-0.382505 0.109375

0.65625 0.101715
0.65758 0.09375

0.71875 0.0111195
0.712769 0.015625

-0.496589 0.125
-0.484375 0.136397

-0.488525 0.140625
-0.484375 0.152977

0.703125 0.0310377
0.717804 0.015625

0.696976 0.03125
0.700291 0.046875

-0.486411 0.15625
-0.488 0.171875

-0.487209 0.171875
-0.490734 0.1875

0.70094 0.046875
0.703125 0.0485491

0.703125 0.0447323
0.706491 0.046875

-0.461534 0.125
-0.455627 0.140625

-0.455754 0.140625
-0.453125 0.145435

0.703125 0.048147
0.71875 0.0488816

0.71875 0.00917183
0.734375 0.0123477

0.731181 0.015625
0.734375 0.0214749

-0.453125 0.145803
-0.447285 0.15625

-0.447641 0.15625
-0.4375 0.168587

-0.484375 0.190583
-0.494743 0.203125

-0.5 0.208142
-0.484375 0.211324

-0.484375 0.209084
-0.481513 0.21875

-0.5 0.230679
-0.485817 0.21875

-0.5 0.249527
-0.490997 0.234375

-0.484375 0.224522
-0.46875 0.232737

0.734375 0.00801234
0.739942 0.015625

0.736198 0.015625
0.735631 0.03125

0.71875 0.0451956
0.732369 0.03125

0.734375 0.0318308
0.734762 0.03125

0.625 0.133144
0.640625 0.134523

0.640625 0.131066
0.647427 0.125

-0.46875 0.233391
-0.466427 0.234375

-0.463022 0.234375
-0.453125 0.241907

-0.453125 0.233023
-0.449992 0.234375

-0.449057 0.234375
-0.43942 0.25

-0.4375 0.168322
-0.434052 0.171875

-0.433851 0.171875
-0.421875 0.182354

-0.421875 0.181882
-0.414181 0.1875

1 -0.300683
1.01588 -0.28125

1.01464 -0.28125
1.01562 -0.280681

-0.414278 0.1875
-0.40625 0.193262

-0.40625 0.193213
-0.391099 0.203125

-0.390625 0.203134
-0.375 0.212947

-0.328125 0.0621529
-0.328973 0.0625

-0.3125 0.0608505
-0.325172 0.0625

-0.359375 0.0826801
-0.369366 0.09375

1.01562 -0.270132
1.03125 -0.279621

1.03125 -0.285647
1.03296 -0.28125

1.03286 -0.28125
1.03291 -0.265625

1.03125 -0.2633
1.03477 -0.265625

-0.34375 0.0689758
-0.355392 0.078125

-0.359375 0.0822548
-0.354844 0.078125

-0.375 0.100923
-0.368705 0.09375

1.10921 -0.28125
1.1092 -0.265625

1.10926 -0.265625
1.10938 -0.265526

1.12482 -0.28125
1.11973 -0.265625

1.12409 -0.265625
1.125 -0.265526

-0.34375 0.0690061
-0.328561 0.0625

1.125 -0.278168
1.12599 -0.265625

1.125 -0.263347
1.12794 -0.265625

-0.328125 0.0631314
-0.323274 0.0625

-0.3125 0.061399
-0.296875 0.0617709

-0.296875 0.0617348
-0.290903 0.0625

-0.290074 0.0625
-0.28125 0.0636306

1.1875 -0.281387
1.18699 -0.28125

1.17165 -0.28125
1.17168 -0.265625

-0.28125 0.0633941
-0.265625 0.0677837

-0.265625 0.0681905
-0.25 0.0747139

-0.34375 0.148291
-0.348094 0.15625

-0.347095 0.15625
-0.34375 0.170373

-0.343922 0.171875
-0.34375 0.172077

-0.34375 0.149469
-0.328125 0.144155

-0.328125 0.145817
-0.317528 0.15625

1.18686 -0.28125
1.18693 -0.265625

1.21875 -0.28168
1.21774 -0.28125

1.20223 -0.28125
1.20262 -0.265625

-0.34375 0.170114
-0.342321 0.171875

-0.34375 0.172699
-0.328125 0.177336

-0.316229 0.15625
-0.320606 0.171875

-0.328125 0.176463
-0.320777 0.171875

-0.375 0.213282
-0.36619 0.21875

-0.365465 0.21875
-0.359375 0.22253

1.21764 -0.28125
1.21802 -0.265625

1.25 -0.281867
1.24915 -0.28125

1.23438 -0.273752
1.22946 -0.265625

-0.359375 0.222917
-0.34375 0.231957

-0.34375 0.232499
-0.340397 0.234375

-0.34019 0.234375
-0.328125 0.23917

-0.328125 0.241259
-0.3125 0.248586

1.25 -0.271541
1.24246 -0.265625

1.24806 -0.265625
1.24867 -0.25

-0.25 0.155692
-0.260078 0.15625

-0.265625 0.158387
-0.272819 0.171875

-0.271051 0.171875
-0.265625 0.183659

1 -0.171966
1.00008 -0.171875

1.0003 -0.171875
1.0028 -0.15625

-0.265625 0.1607
-0.253166 0.15625

-0.265625 0.183214
-0.25962 0.1875

-0.3125 0.248833
-0.309994 0.25

-0.265625 0.187535
-0.25 0.192596

-0.5 0.264843
-0.484375 0.252972

-0.489709 0.265625
-0.484375 0.27079

1.0625 -0.160602
1.06057 -0.15625

1.06053 -0.15625
1.05556 -0.140625

-0.484375 0.263794
-0.478621 0.265625

-0.483713 0.265625
-0.47666 0.28125

1.05629 -0.140625
1.05222 -0.125

1.07812 -0.180657
1.06751 -0.171875

1.0625 -0.1616
1.06887 -0.171875

1.07812 -0.179309
1.09375 -0.184629

1.06735 -0.15625
1.06413 -0.140625

-0.470784 0.28125
-0.46875 0.282824

-0.462961 0.265625
-0.466447 0.28125

-0.44567 0.25
-0.452875 0.265625

-0.448745 0.265625
-0.450418 0.28125

1.0625 -0.130654
1.0666 -0.140625

1.09187 -0.140625
1.09097 -0.125

-0.464002 0.28125
-0.4375 0.299286

-0.4375 0.250765
-0.437307 0.25

-0.4375 0.278388
-0.437192 0.265625

-0.4375 0.296507
-0.435629 0.296875

-0.4375 0.297668
-0.421875 0.298971

-0.421875 0.296778
-0.40625 0.29636

-0.421875 0.296957
-0.419261 0.296875

-0.375 0.264661
-0.375686 0.265625

-0.378218 0.265625
-0.377529 0.28125

-0.40625 0.297463
-0.390625 0.297205

-0.375 0.292733
-0.381154 0.296875

-0.390625 0.296944
-0.390227 0.296875

1.09375 -0.182734
1.10938 -0.184071

1.10938 -0.185068
1.125 -0.184214

1.09375 -0.12784
1.10938 -0.1386

1.10938 -0.132187
1.12235 -0.125

-0.375 0.264841
-0.359375 0.252026

-0.359375 0.250708
-0.34375 0.254744

-0.36124 0.28125
-0.36755 0.296875

1 -0.0997853
1.01562 -0.102957

1.01562 -0.10253
1.03125 -0.105075

-0.375 0.297912
-0.372803 0.296875

-0.359375 0.297734
-0.35732 0.296875

1.04688 -0.109647
1.04652 -0.109375

1.03125 -0.102782
1.04508 -0.109375

1.0585 -0.125
1.04781 -0.109375

1.04688 -0.108723
1.04773 -0.109375

1.09323 -0.125
1.09375 -0.121463

1.09375 -0.0948232
1.09284 -0.09375

1.08087 -0.09375
1.08371 -0.078125

1.08964 -0.078125
1.09375 -0.0754877

1.10854 -0.125
1.10227 -0.109375

1.09375 -0.0950601
1.10513 -0.109375

1.11397 -0.125
1.125 -0.1195

1.09375 -0.0754183
1.10938 -0.0719974

1.125 -0.0802298
1.12252 -0.078125

1.10938 -0.0710578
1.1235 -0.078125

1.125 -0.185258
1.14062 -0.17813

1.14062 -0.178116
1.14846 -0.171875

-0.34375 0.256258
-0.336777 0.265625

-0.335946 0.265625
-0.329948 0.28125

-0.337501 0.28125
-0.328125 0.295939

-0.329382 0.296875
-0.328125 0.297713

-0.328125 0.294976
-0.32578 0.296875

-0.317761 0.296875
-0.3125 0.299316

-0.30811 0.25
-0.296875 0.255232

-0.296875 0.255933
-0.28125 0.263017

-0.3125 0.299178
-0.296875 0.301206

-0.296875 0.30053
-0.28125 0.301869

-0.28125 0.263348
-0.276315 0.265625

-0.272453 0.265625
-0.265625 0.268775

-0.265625 0.269615
-0.25 0.278167

-0.28125 0.301749
-0.265625 0.303992

-0.265625 0.305041
-0.25 0.306333

-0.25 0.0756491
-0.242722 0.078125

-0.244369 0.078125
-0.234375 0.081525

-0.234375 0.0810306
-0.21875 0.0831367

-0.21875 0.0827349
-0.203125 0.0829608

-0.203125 0.0827464
-0.1875 0.0823246

-0.1875 0.082331
-0.171875 0.0816776

-0.171875 0.0818137
-0.15625 0.080644

-0.15625 0.117277
-0.166169 0.125

-0.15625 0.0807361
-0.140625 0.0785936

1.14535 -0.171875
1.15625 -0.163114

1.15625 -0.162256
1.16435 -0.15625

-0.125 0.0752307
-0.138247 0.078125

-0.140625 0.0786839
-0.138067 0.078125

-0.15625 0.115555
-0.140625 0.119238

1.16501 -0.15625
1.17188 -0.151505

1.17188 -0.151342
1.1875 -0.1431

1.24978 -0.25
1.25 -0.249735

-0.140625 0.118959
-0.135204 0.125

-0.25 0.158774
-0.238466 0.171875

-0.234664 0.171875
-0.242379 0.1875

-0.25 0.190964
-0.243767 0.1875

-0.165891 0.125
-0.170583 0.140625

-0.171093 0.140625
-0.15625 0.155929

1.1875 -0.142879
1.19383 -0.140625

1.19474 -0.140625
1.20312 -0.137637

-0.15625 0.175216
-0.165071 0.1875

-0.15625 0.155397
-0.140625 0.150194

-0.135715 0.125
-0.133489 0.140625

-0.140625 0.150334
-0.137623 0.140625

-0.140625 0.168405
-0.144447 0.171875

-0.15625 0.17799
-0.148391 0.171875

-0.140625 0.169665
-0.125 0.166538

1.20312 -0.137522
1.21875 -0.134664

1.21875 -0.134371
1.23438 -0.134758

-0.1669 0.1875
-0.160081 0.203125

-0.158215 0.203125
-0.15625 0.204643

1.25 -0.141099
1.24889 -0.140625

1.23438 -0.133557
1.25 -0.140142

1.125 -0.119518
1.13104 -0.109375

-0.15625 0.203254
-0.140625 0.210635

-0.140625 0.208703
-0.125 0.210495

-0.111878 0
-0.109375 0.00134206

-0.107991 0
-0.09375 0.00550013

1.12992 -0.109375
1.13203 -0.09375

1.125 -0.0784549
1.13401 -0.09375

1.26562 -0.269199
1.25779 -0.265625

1.25 -0.26149
1.25187 -0.265625

1.26562 -0.266683
1.28125 -0.267976

-0.09375 0.00503486
-0.078125 0.00880926

-0.078125 0.0094429
-0.0625 0.0106677

1.28125 -0.268385
1.29688 -0.269333

1.29688 -0.2693
1.3125 -0.269154

-0.0625 0.0574463
-0.0752144 0.0625

-0.125 0.0749346
-0.109375 0.0707399

-0.109375 0.0696608
-0.09375 0.0674481

-0.09375 0.065137
-0.078125 0.0677681

-0.078125 0.0793748
-0.0880489 0.09375

-0.078125 0.0645945
-0.0764432 0.0625

1.3125 -0.269195
1.32812 -0.267938

1.328 -0.265625
1.32812 -0.265615

1.32812 -0.268323
1.34375 -0.266102

1.33327 -0.265625
1.34375 -0.264136

1.34375 -0.266643
1.35367 -0.265625

1.34375 -0.264604
1.35938 -0.263001

1.35938 -0.265997
1.37494 -0.265625

-0.078125 0.0794778
-0.0625 0.081502

-0.0932053 0.09375
-0.0865102 0.109375

1.35938 -0.263509
1.375 -0.263136

1.375 -0.263244
1.39062 -0.263515

1.39062 -0.263664
1.40625 -0.264248

-0.084616 0.109375
-0.078125 0.114848

-0.0625 0.108714
-0.066358 0.109375

-0.0773417 0.109375
-0.0625 0.11632

1.40625 -0.265523
1.4375 -0.261621

1.4375 -0.258792
1.46875 -0.252937

-0.0625 0.0110406
-0.046875 0.0077029

-0.046875 0.00766482
-0.0328631 0

1.46875 -0.253418
1.5 -0.250385

1.25443 -0.25
1.26562 -0.239687

1.26562 -0.23848
1.27449 -0.234375

-0.0625 0.0569838
-0.046875 0.0510787

-0.03125 0.0444637
-0.0367265 0.046875

1.27638 -0.234375
1.28125 -0.232159

1.28212 -0.234375
1.29688 -0.229508

1.29688 -0.229408
1.3125 -0.220366

1.3125 -0.189268
1.30508 -0.1875

1.26562 -0.15915
1.26367 -0.15625

-0.046875 0.0498625
-0.0321572 0.046875

0 0.0276172
-0.00690237 0.03125

1.28125 -0.179177
1.27365 -0.171875

1.26562 -0.16023
1.27497 -0.171875

1.26562 -0.155675
1.25082 -0.140625

1.25 -0.139909
1.25101 -0.140625

1.28125 -0.179047
1.29637 -0.1875

1.29688 -0.186626
1.30698 -0.1875

1.31284 -0.21875
1.32812 -0.209027

1.32812 -0.188074
1.3256 -0.1875

1.32812 -0.209454
1.33676 -0.203125

-0.03125 0.0434772
-0.015625 0.0364826

-0.015625 0.0595496
-0.0187208 0.0625

1.34161 -0.203125
1.34375 -0.199061

1.34375 -0.198146
1.35417 -0.1875

1.31418 -0.1875
1.32812 -0.184254

1.32812 -0.182908
1.34375 -0.177303

-0.015625 0.0349871
-0.00677435 0.03125

-0.015625 0.0587541
0 0.0525958

1.34375 -0.186829
1.35938 -0.179604

1.34916 -0.171875
1.3547 -0.15625

1.35938 -0.180218
1.375 -0.174311

1.35447 -0.15625
1.35938 -0.143393

1.35938 -0.14354
1.36034 -0.140625

-0.0625 0.0786711
-0.046875 0.0883248

-0.03125 0.0718088
-0.0427107 0.078125

-0.046875 0.0855699
-0.0338011 0.09375

-0.0625 0.106437
-0.0478444 0.09375

-0.0625 0.124958
-0.046875 0.121997

-0.046875 0.119611
-0.03125 0.113399

-0.03125 0.0703283
-0.0212062 0.0625

1.36004 -0.140625
1.36766 -0.125

1.36826 -0.125
1.375 -0.112922

-0.03125 0.0859953
-0.015625 0.0896032

0 0.074501
-0.00960899 0.078125

-0.015625 0.0810584
-0.0100275 0.078125

1.375 -0.174588
1.38051 -0.171875

1.38077 -0.171875
1.39062 -0.167044

1.39062 -0.16802
1.40553 -0.15625

1.40556 -0.15625
1.40625 -0.155565

-0.015625 0.1061
-0.0236932 0.109375

-0.03125 0.112585
-0.0239956 0.109375

1.40625 -0.155457
1.41791 -0.140625

1.41725 -0.140625
1.42188 -0.130935

1.42188 -0.129906
1.42422 -0.125

1.49459 -0.25
1.5 -0.249543

1.375 -0.113383
1.37724 -0.109375

1.37781 -0.109375
1.38479 -0.09375

1.38489 -0.09375
1.38841 -0.078125

1.38841 -0.078125
1.38828 -0.0625

-0.015625 0.105463
0 0.0998897

-0.09375 0.150316
-0.105676 0.15625

-0.125 0.164681
-0.109375 0.158195

-0.109375 0.15806
-0.105737 0.15625

-0.078125 0.140597
-0.0781575 0.140625

-0.09375 0.15074
-0.078125 0.141038

-0.0625 0.128908
-0.0780594 0.140625

-0.125 0.210058
-0.109375 0.210998

1.42449 -0.125
1.4289 -0.109375

1.42882 -0.109375
1.43043 -0.09375

1.43051 -0.09375
1.42934 -0.078125

1.42959 -0.078125
1.42497 -0.0625

-0.109375 0.211098
-0.09375 0.211859

-0.09375 0.2118
-0.078125 0.2123

1.38776 -0.0625
1.38501 -0.046875

1.3801 -0.046875
1.38558 -0.03125

1.38261 -0.03125
1.39062 -0.0236605

1.39062 -0.0231448
1.40625 -0.0254481

1.42188 -0.0573519
1.41654 -0.046875

1.40625 -0.0321386
1.41713 -0.046875

1.42188 -0.0565071
1.42492 -0.0625

-0.078125 0.212288
-0.0625 0.21267

-0.0625 0.247048
-0.0627879 0.25

-0.0625 0.127498
-0.0576953 0.125

1.40625 -0.0304378
1.40696 -0.03125

-0.0625 0.212554
-0.046875 0.213067

-0.046875 0.213153
-0.03125 0.213857

-0.0470691 0.21875
-0.046875 0.219205

-0.0625 0.248244
-0.0565329 0.234375

-0.0429916 0.234375
-0.0329547 0.25

-0.03125 0.214004
-0.015625 0.214435

-0.015625 0.21475
0 0.213983

-0.03125 0.248759
-0.015625 0.247833

-0.015625 0.246497
0 0.239316

-0.25 0.278576
-0.242352 0.28125

-0.24729 0.28125
-0.234375 0.28721

-0.25 0.307236
-0.234375 0.305932

-0.234375 0.285516
-0.21875 0.284116

-0.234375 0.30608
-0.21875 0.307203

-0.203125 0.281006
-0.207204 0.28125

-0.21875 0.28252
-0.203451 0.28125

-0.21875 0.306641
-0.203125 0.307332

-0.201889 0.28125
-0.1875 0.284933

-0.203125 0.307427
-0.1875 0.304884

-0.221136 0.3125
-0.21875 0.312543

-0.21875 0.312566
-0.217511 0.3125

-0.1875 0.284424
-0.171875 0.288702

-0.1875 0.307896
-0.171875 0.305274

-0.171875 0.28757
-0.15625 0.288563

-0.171875 0.306657
-0.15625 0.305407

-0.15625 0.287632
-0.140625 0.286554

-0.15625 0.305667
-0.140625 0.304986

-0.140625 0.286529
-0.125 0.2854

-0.140625 0.304748
-0.125 0.303505

-0.1875 0.312667
-0.185745 0.3125

-0.15625 0.312668
-0.148009 0.3125

-0.125 0.285066
-0.109375 0.284083

-0.125 0.302815
-0.109375 0.301873

-0.109375 0.283334
-0.09375 0.28472

-0.109375 0.302392
-0.09375 0.301006

-0.0628012 0.25
-0.0625 0.25043

-0.09375 0.283682
-0.078125 0.284612

-0.09375 0.30067
-0.078125 0.299094

-0.0724713 0.28125
-0.0625 0.284943

-0.078125 0.299035
-0.0625 0.297445

-0.125 0.312547
-0.123798 0.3125

-0.060667 0.25
-0.046875 0.256341

-0.046875 0.281112
-0.0494903 0.28125

-0.046875 0.256137
-0.03125 0.251022

-0.03125 0.281206
-0.0316632 0.28125

-0.0533247 0.28125
-0.046875 0.293166

-0.0625 0.296893
-0.0622619 0.296875

-0.046875 0.294828
-0.0397409 0.28125

-0.046875 0.297016
-0.03125 0.298651

-0.03125 0.251634
-0.015625 0.256071

-0.015625 0.251014
0 0.263463

-0.0173672 0.28125
-0.015625 0.284658

-0.03125 0.29876
-0.015625 0.29699

-0.00651034 0.28125
-0.00554833 0.296875

-0.015625 0.299253
-0.0110345 0.296875

-0.0625 0.31251
-0.0622824 0.3125

-0.03125 0.312556
-0.0310795 0.3125

