-4 0.0008784
-3.5 0.00510661

-1.5 0.169587
-1.48438 0.169468

-3.5 0.00339614
-3.25 0.00619443

-3.25 0.00638506
-3.125 0.00935001

-3.125 0.00818487
-3.0625 0.0106072

-3.0625 0.00897582
-3.03125 0.0121476

-1.48438 0.169468
-1.46875 0.169306

0.09375 -0.00112769
0.0865422 0

0.09375 -0.00127734
0.109375 -0.00372166

0.109375 -0.00372183
0.125 -0.00616526

0.125 -0.00616542
0.140625 -0.00860732

0.140625 -0.00860746
0.15625 -0.0110472

0.15625 -0.0110473
0.171875 -0.0134844

0.1875 -0.0158442
0.186093 -0.015625

0.171875 -0.0134934
0.185559 -0.015625

-1.46875 0.169306
-1.45312 0.169101

-3.03125 0.0134764
-3 0.0192141

-1.45312 0.169101
-1.4375 0.168854

-1.4375 0.168854
-1.42188 0.168565

-1.42188 0.168564
-1.40625 0.168232

0.1875 -0.0159182
0.203125 -0.0183491

0.203125 -0.0183493
0.21875 -0.0207769

0.21875 -0.0207771
0.234375 -0.0232008

0.234375 -0.023201
0.25 -0.0256203

-1.40625 0.168232
-1.39062 0.167858

-1.39062 0.167858
-1.375 0.167442

-3 0.0192071
-2.98438 0.0220422

-1.375 0.167442
-1.35938 0.166983

-1.35938 0.166983
-1.34375 0.166483

-1.34375 0.166483
-1.32812 0.165942

0.25 -0.0256203
0.265625 -0.0280346

-2.98438 0.0220425
-2.96875 0.0248569

-1.32812 0.165942
-1.3125 0.165359

-1.3125 0.165359
-1.29688 0.164735

0.265625 -0.028035
0.28125 -0.0304434

-1.29688 0.164735
-1.28125 0.164071

1.5 -0.17099
1.51562 -0.171786

1.53125 -0.172545
1.51747 -0.171875

1.51562 -0.171792
1.51733 -0.171875

-1.28125 0.164071
-1.26562 0.163366

-1.26562 0.163366
-1.25 0.162621

1.53125 -0.172545
1.54688 -0.173268

1.54688 -0.173268
1.5625 -0.173954

1.5625 -0.173954
1.57812 -0.174602

1.57812 -0.174602
1.59375 -0.175212

1.59375 -0.175212
1.60938 -0.175784

-1.25 0.162621
-1.23438 0.161836

0.296875 -0.0327244
0.287287 -0.03125

-1.23438 0.161836
-1.21875 0.161012

-1.21875 0.161012
-1.20312 0.160149

0.296875 -0.032846
0.3125 -0.0352433

-1.20312 0.160148
-1.1875 0.159247

-2.96875 0.024857
-2.95312 0.02765

-2.95312 0.02765
-2.9375 0.0304214

-2.9375 0.0304305
-2.93284 0.03125

-2.93277 0.03125
-2.92188 0.0331675

-2.92188 0.0331714
-2.90625 0.0358995

-2.90625 0.0358995
-2.89062 0.0386056

-2.89062 0.0386057
-2.875 0.0412897

-2.875 0.0412898
-2.85938 0.0439515

1.60938 -0.175784
1.625 -0.176317

-2.85938 0.0439515
-2.84375 0.0465908

-2.84375 0.0466092
-2.84216 0.046875

-2.84204 0.046875
-2.82812 0.0492053

-2.82812 0.0492076
-2.8125 0.0518015

-2.8125 0.0518016
-2.79688 0.0543727

-2.79688 0.0543727
-2.78125 0.0569208

0.28125 -0.0307222
0.284682 -0.03125

-1.1875 0.159247
-1.17188 0.158307

0.3125 -0.0352434
0.328125 -0.0376345

0.328125 -0.0376347
0.34375 -0.040019

-2.78125 0.0569208
-2.76562 0.0594457

-2.76562 0.0594458
-2.75 0.0619473

-1.17188 0.158307
-1.15625 0.157329

-1.125 0.155264
-1.13965 0.15625

0.34375 -0.0400191
0.359375 -0.0423961

-1.15625 0.157329
-1.14062 0.156314

-2.75 0.0619865
-2.74676 0.0625

-1.14062 0.156273
-1.14029 0.15625

-2.74645 0.0625
-2.73438 0.0644145

-2.73438 0.0644254
-2.71875 0.06688

0.359375 -0.0423963
0.375 -0.0447654

-1.125 0.155262
-1.10938 0.154173

-1.10938 0.154173
-1.09375 0.153047

-2.71875 0.06688
-2.70312 0.0693109

1.625 -0.176317
1.64062 -0.176811

1.64062 -0.176811
1.65625 -0.177265

1.65625 -0.177265
1.67188 -0.17768

1.67188 -0.17768
1.6875 -0.178053

1.6875 -0.178054
1.70312 -0.178385

1.70312 -0.178386
1.71875 -0.178675

1.71875 -0.178675
1.73438 -0.178921

1.73438 -0.178921
1.75 -0.179122

1.75 -0.179122
1.76562 -0.179279

1.76562 -0.179279
1.78125 -0.179391

1.78125 -0.179391
1.79688 -0.179457

1.79688 -0.179457
1.8125 -0.179477

1.8125 -0.179477
1.82812 -0.179449

1.82812 -0.17945
1.84375 -0.179375

1.84375 -0.179375
1.85938 -0.179253

1.85938 -0.179253
1.875 -0.179083

1.875 -0.179083
1.89062 -0.178864

1.89062 -0.178864
1.90625 -0.178595

1.90625 -0.178595
1.92188 -0.178276

1.92188 -0.178276
1.9375 -0.177905

-2.70312 0.0693109
-2.6875 0.0717181

1.9375 -0.177905
1.95312 -0.177481

-2.6875 0.0717181
-2.67188 0.0741013

0.390625 -0.0470213
0.389657 -0.046875

0.375 -0.0447754
0.388897 -0.046875

0.390625 -0.047126
0.40625 -0.0494785

-2.67188 0.0741013
-2.65625 0.0764604

-2.65625 0.0764896
-2.64531 0.078125

-2.6446 0.078125
-2.64062 0.0787189

-2.64062 0.0787952
-2.625 0.0811057

-1.09375 0.153047
-1.07812 0.151887

-1.07812 0.151887
-1.0625 0.150691

0.40625 -0.0494787
0.421875 -0.0518229

-1.0625 0.150691
-1.04688 0.14946

-1.04688 0.14946
-1.03125 0.148196

-2.625 0.0811058
-2.60938 0.0833919

0.421875 -0.0518231
0.4375 -0.0541583

-2.60938 0.0833919
-2.59375 0.0856535

-2.59375 0.0856535
-2.57812 0.0878904

0.5 -0.0631653
0.495468 -0.0625

-2.57812 0.0878904
-2.5625 0.0901025

-1.03125 0.148196
-1.01562 0.146898

-1.01562 0.146898
-1 0.145566

0.4375 -0.0541585
0.453125 -0.0564841

0.453125 -0.0564842
0.46875 -0.0587998

-2.5625 0.0901025
-2.54688 0.0922896

-2.54688 0.09233
-2.53661 0.09375

0.46875 -0.0588
0.484375 -0.0611048

0.484375 -0.0612421
0.492944 -0.0625

-2.53568 0.09375
-2.53125 0.0943633

-2.53125 0.0944517
-2.51562 0.0965884

0 0.0133907
0.015625 0.0109479

0.015625 0.0109478
0.03125 0.00850353

0.03125 0.00850336
0.046875 0.00605819

1.95312 -0.177482
1.96875 -0.177005

1.96875 -0.177006
1.98438 -0.176476

1.98438 -0.176476
2 -0.175894

0.046875 0.00605809
0.0625 0.00361257

0.0625 0.00361229
0.078125 0.00116718

0.078125 0.00100164
0.0845271 0

-1 0.145566
-0.984375 0.144202

-0.984375 0.144202
-0.96875 0.142806

-0.96875 0.142806
-0.953125 0.141377

-0.9375 0.139937
-0.944868 0.140625

-0.953125 0.14136
-0.945263 0.140625

-0.9375 0.139917
-0.921875 0.138426

-2.51562 0.0965885
-2.5 0.0986999

-0.921875 0.138426
-0.90625 0.136903

-0.90625 0.136903
-0.890625 0.13535

2 -0.175894
2.01562 -0.175257

2.01562 -0.175257
2.03125 -0.174566

0.5 -0.0633984
0.515625 -0.0656814

0.515625 -0.0656816
0.53125 -0.0679535

-0.890625 0.13535
-0.875 0.133768

-0.78125 0.123696
-0.792893 0.125

-0.78125 0.123675
-0.765625 0.121898

0.53125 -0.0679536
0.546875 -0.0702138

-0.765625 0.121898
-0.75 0.120094

0.546875 -0.070214
0.5625 -0.0724618

0.5625 -0.0724619
0.578125 -0.0746969

2.03125 -0.174566
2.04688 -0.17382

-0.875 0.133768
-0.859375 0.132156

-2.5 0.0987
-2.48438 0.100786

-0.859375 0.132156
-0.84375 0.130515

0.578125 -0.0746972
0.59375 -0.0769186

2.04688 -0.173821
2.0625 -0.17302

2.0625 -0.173021
2.07812 -0.172165

2.07812 -0.172209
2.08384 -0.171875

0.609375 -0.0789645
0.603434 -0.078125

0.59375 -0.077049
0.601365 -0.078125

-0.84375 0.130515
-0.828125 0.128846

-0.828125 0.128846
-0.8125 0.12715

-2.48438 0.100786
-2.46875 0.102846

-2.46875 0.102846
-2.45312 0.104881

-2.45312 0.104881
-2.4375 0.106889

-2.4375 0.106889
-2.42188 0.108872

-2.42188 0.108957
-2.41854 0.109375

-2.41763 0.109375
-2.40625 0.1108

-2.40625 0.110828
-2.39062 0.112757

-2.39062 0.112757
-2.375 0.11466

-2.375 0.11466
-2.35938 0.116536

-2.35938 0.116536
-2.34375 0.118385

-2.34375 0.118385
-2.32812 0.120207

-2.32812 0.120207
-2.3125 0.122001

-2.3125 0.122001
-2.29688 0.123768

-2.29688 0.123777
-2.28589 0.125

-2.2856 0.125
-2.28125 0.125484

-2.28125 0.125507
-2.26562 0.127217

-2.26562 0.127217
-2.25 0.128899

-2.25 0.128899
-2.23438 0.130553

-2.23438 0.130553
-2.21875 0.132177

-2.21875 0.132177
-2.20312 0.133772

-2.20312 0.133772
-2.1875 0.135338

-2.1875 0.135338
-2.17188 0.136873

-2.17188 0.136873
-2.15625 0.138379

-2.15625 0.138379
-2.14062 0.139854

-2.14062 0.139864
-2.13239 0.140625

-2.13215 0.140625
-2.125 0.141286

-2.125 0.141298
-2.10938 0.142711

-2.10938 0.142711
-2.09375 0.144092

-2.09375 0.144092
-2.07812 0.145441

-2.07812 0.145442
-2.0625 0.146759

-2.0625 0.146759
-2.04688 0.148043

-2.04688 0.148043
-2.03125 0.149294

-2.03125 0.149294
-2.01562 0.150512

-2.01562 0.150513
-2 0.151697

-2 0.151697
-1.98438 0.152847

-1.98438 0.152847
-1.96875 0.153963

-1.96875 0.153963
-1.95312 0.155044

-1.95312 0.155044
-1.9375 0.156089

-1.9375 0.156088
-1.935 0.15625

-1.93502 0.15625
-1.92188 0.1571

-1.92188 0.1571
-1.90625 0.158073

-1.90625 0.158073
-1.89062 0.15901

-1.89062 0.15901
-1.875 0.15991

2.08272 -0.171875
2.09375 -0.171231

2.09375 -0.171253
2.10938 -0.170284

2.10938 -0.170284
2.125 -0.169258

-0.8125 0.127149
-0.796875 0.125426

-0.796875 0.125358
-0.793681 0.125

-1.875 0.159911
-1.85938 0.160773

-0.75 0.120094
-0.734375 0.118266

-1.85938 0.160773
-1.84375 0.161598

-1.84375 0.161598
-1.82812 0.162385

-1.82812 0.162385
-1.8125 0.163134

-1.8125 0.163134
-1.79688 0.163844

-1.79688 0.163844
-1.78125 0.164514

-1.78125 0.164514
-1.76562 0.165146

-1.76562 0.165146
-1.75 0.165737

-1.75 0.165737
-1.73438 0.166289

-1.73438 0.166289
-1.71875 0.1668

-1.71875 0.1668
-1.70312 0.167271

-1.70312 0.167271
-1.6875 0.1677

-1.6875 0.1677
-1.67188 0.168089

-1.67188 0.168089
-1.65625 0.168436

-1.65625 0.168436
-1.64062 0.168741

-1.64062 0.168741
-1.625 0.169005

-1.625 0.169005
-1.60938 0.169226

-1.60938 0.169226
-1.59375 0.169405

-1.59375 0.169405
-1.57812 0.169542

-1.57812 0.169542
-1.5625 0.169636

-1.5625 0.169636
-1.54688 0.169688

-1.54688 0.169688
-1.53125 0.169697

-1.53125 0.169697
-1.51562 0.169663

-1.51562 0.169663
-1.5 0.169587

2.125 -0.169258
2.14062 -0.168175

2.14062 -0.168175
2.15625 -0.167033

2.15625 -0.167033
2.17188 -0.165833

2.17188 -0.165833
2.1875 -0.164575

2.1875 -0.164575
2.20312 -0.163258

2.20312 -0.163258
2.21875 -0.161882

2.21875 -0.161883
2.23438 -0.160447

2.23438 -0.160448
2.25 -0.158953

-0.734375 0.118266
-0.71875 0.116412

2.25 -0.158953
2.26562 -0.157398

-0.71875 0.116412
-0.703125 0.114535

0.609375 -0.0791263
0.625 -0.0813207

-0.703125 0.114535
-0.6875 0.112634

-0.6875 0.112634
-0.671875 0.11071

0.625 -0.0813209
0.640625 -0.0835015

0.640625 -0.0835016
0.65625 -0.0856679

0.65625 -0.085668
0.671875 -0.0878193

0.671875 -0.0878194
0.6875 -0.0899552

-0.65625 0.108797
-0.660889 0.109375

-0.671875 0.110694
-0.661284 0.109375

2.26562 -0.157406
2.27681 -0.15625

2.27654 -0.15625
2.28125 -0.155763

2.28125 -0.155783
2.29688 -0.154108

2.29688 -0.154108
2.3125 -0.152374

2.3125 -0.152374
2.32812 -0.150579

2.32812 -0.150579
2.34375 -0.148725

2.34375 -0.148725
2.35938 -0.146812

0.71875 -0.0939141
0.717531 -0.09375

0.6875 -0.0899554
0.703125 -0.0920752

0.703125 -0.0921227
0.715213 -0.09375

0.71875 -0.0941785
0.734375 -0.0962656

0.734375 -0.0962658
0.75 -0.0983368

-0.65625 0.108763
-0.640625 0.106794

0.75 -0.0983369
0.765625 -0.100391

-0.640625 0.106794
-0.625 0.104803

2.35938 -0.146812
2.375 -0.144839

-0.625 0.104803
-0.609375 0.102791

0.765625 -0.100391
0.78125 -0.102428

2.375 -0.144839
2.39062 -0.142806

2.39062 -0.142806
2.40625 -0.140715

-0.609375 0.102791
-0.59375 0.100758

2.40692 -0.140625
2.42188 -0.138567

2.42188 -0.138565
2.4375 -0.136356

-0.59375 0.100758
-0.578125 0.0987059

-0.578125 0.0987058
-0.5625 0.0966343

-0.53125 0.092484
-0.540632 0.09375

-0.5625 0.0966341
-0.546875 0.094544

-0.546875 0.0944615
-0.541602 0.09375

2.4375 -0.136356
2.45312 -0.134088

2.45312 -0.134088
2.46875 -0.131762

2.46875 -0.131762
2.48438 -0.129377

2.48438 -0.129377
2.5 -0.126936

-0.53125 0.0924356
-0.515625 0.090309

-0.515625 0.0903088
-0.5 0.0881646

0.78125 -0.102428
0.796875 -0.104447

0.796875 -0.104447
0.8125 -0.106447

0.8125 -0.106447
0.828125 -0.108429

0.84375 -0.11031
0.836302 -0.109375

0.828125 -0.108516
0.834965 -0.109375

0.84375 -0.110391
0.859375 -0.112334

0.859375 -0.112335
0.875 -0.114259

2.5 -0.126866
2.51167 -0.125

2.51418 -0.125
2.51562 -0.124768

2.51562 -0.124437
2.53125 -0.121881

0.96875 -0.125187
0.967129 -0.125

-0.5 0.0881645
-0.484375 0.0860036

-0.484375 0.0860034
-0.46875 0.0838264

0.96875 -0.125375
0.984375 -0.127152

0.984375 -0.127152
1 -0.128907

0.875 -0.114259
0.890625 -0.116164

0.890625 -0.116164
0.90625 -0.118048

0.90625 -0.118048
0.921875 -0.119912

0.921875 -0.119912
0.9375 -0.121755

0.9375 -0.121755
0.953125 -0.123576

0.953125 -0.123614
0.965165 -0.125

-0.46875 0.0838263
-0.453125 0.0816338

-0.453125 0.0816336
-0.4375 0.0794263

2.53125 -0.121881
2.54688 -0.119268

2.54688 -0.119268
2.5625 -0.116598

-0.421875 0.0772676
-0.427904 0.078125

-0.4375 0.0793825
-0.428657 0.078125

2.5625 -0.116598
2.57812 -0.113872

1 -0.128908
1.01562 -0.130641

1.01562 -0.130641
1.03125 -0.132351

-0.421875 0.0772045
-0.40625 0.0749681

1.03125 -0.132351
1.04688 -0.134038

1.04688 -0.134038
1.0625 -0.135701

-0.40625 0.0749679
-0.390625 0.0727176

-0.390625 0.0727175
-0.375 0.0704539

2.57812 -0.113872
2.59375 -0.11109

2.59375 -0.110848
2.60186 -0.109375

1.0625 -0.135701
1.07812 -0.13734

1.07812 -0.13734
1.09375 -0.138954

1.09375 -0.138955
1.10938 -0.140543

1.125 -0.142105
1.1102 -0.140625

-0.3125 0.0613568
-0.32023 0.0625

-0.375 0.0704538
-0.359375 0.0681776

-0.359375 0.0681775
-0.34375 0.0658893

-0.34375 0.0658891
-0.328125 0.0635896

-0.328125 0.0635017
-0.321352 0.0625

-0.3125 0.0612788
-0.296875 0.0589568

-0.296875 0.0589566
-0.28125 0.0566239

1.10938 -0.140555
1.11008 -0.140625

-0.28125 0.0566238
-0.265625 0.0542812

2.60554 -0.109375
2.60938 -0.108679

1.125 -0.142106
1.14062 -0.143644

1.14062 -0.143644
1.15625 -0.145156

-0.265625 0.054281
-0.25 0.0519291

2.60938 -0.108253
2.625 -0.105362

1.15625 -0.145156
1.17188 -0.146642

1.17188 -0.146642
1.1875 -0.148101

-0.25 0.0519291
-0.234375 0.0495684

1.1875 -0.148101
1.20312 -0.149533

1.20312 -0.149533
1.21875 -0.150937

2.625 -0.105362
2.64062 -0.102415

-0.234375 0.049568
-0.21875 0.0471994

2.64062 -0.102415
2.65625 -0.0994141

1.21875 -0.150937
1.23438 -0.152312

1.23438 -0.152312
1.25 -0.153659

-0.203125 0.0448491
-0.216444 0.046875

-0.203125 0.0448228
-0.1875 0.0424378

2.65625 -0.0994139
2.67188 -0.0963591

-0.1875 0.0424377
-0.171875 0.0400455

1.25 -0.153659
1.26562 -0.154976

1.26562 -0.154976
1.28109 -0.15625

2.67188 -0.0963113
2.68475 -0.09375

1.28125 -0.156263
1.29688 -0.15752

-0.171875 0.0400453
-0.15625 0.0376464

1.29688 -0.15752
1.3125 -0.158748

2.68722 -0.09375
2.6875 -0.0936934

1.3125 -0.158748
1.32812 -0.159945

-0.15625 0.0376463
-0.140625 0.0352413

1.32812 -0.159945
1.34375 -0.161112

2.6875 -0.0932506
2.70312 -0.0900889

1.34375 -0.161112
1.35938 -0.162248

2.70312 -0.0900888
2.71875 -0.086874

2.71875 -0.0868739
2.73438 -0.0836063

-0.140625 0.0352411
-0.125 0.0328307

-0.109375 0.0305192
-0.114102 0.03125

-0.109375 0.0304152
-0.09375 0.0279944

2.73438 -0.0836061
2.75 -0.0802864

1.35938 -0.162248
1.375 -0.163353

1.375 -0.163353
1.39062 -0.164425

1.39062 -0.164425
1.40625 -0.165465

1.40625 -0.165465
1.42188 -0.166472

1.42188 -0.166472
1.4375 -0.167445

1.4375 -0.167445
1.45312 -0.168384

1.45312 -0.168384
1.46875 -0.169288

1.46875 -0.169288
1.48438 -0.170157

-0.125 0.0327783
-0.115114 0.03125

-0.09375 0.0279942
-0.078125 0.0255687

2.75 -0.0800762
2.75904 -0.078125

-0.078125 0.0255685
-0.0625 0.0231389

1.48438 -0.170157
1.5 -0.17099

-0.0625 0.0231387
-0.046875 0.0207057

2.76204 -0.078125
2.76562 -0.0773507

2.76562 -0.0769152
2.78125 -0.0734924

-0.046875 0.0207056
-0.03125 0.0182697

-0.03125 0.0182694
-0.015625 0.0158312

2.78125 -0.0734924
2.79688 -0.0700181

2.79688 -0.0700179
2.8125 -0.0664925

2.8125 -0.0664923
2.82812 -0.0629163

2.82812 -0.0628043
2.82944 -0.0625

0 0.0134006
-0.0142416 0.015625

2.82997 -0.0625
2.84375 -0.0593027

2.84375 -0.05929
2.85938 -0.0556137

2.85938 -0.0556135
2.875 -0.0518875

2.875 -0.0518874
2.89062 -0.0481123

2.89062 -0.0479204
2.8949 -0.046875

2.89603 -0.046875
2.90625 -0.0443745

2.90625 -0.0442883
2.92188 -0.0404156

2.92188 -0.0404155
2.9375 -0.0364943

2.9375 -0.0364941
2.95312 -0.032525

2.95312 -0.0325043
2.958 -0.03125

2.95812 -0.03125
2.96875 -0.0285178

2.96875 -0.0285087
2.98438 -0.024444

2.98438 -0.0244422
3 -0.0203322

3 -0.0203465
3.03125 -0.0119857

3.03125 -0.00973749
3.0625 -0.00568284

3.0625 -0.00870389
3.125 -0.0061157

3.125 -0.00744152
3.25 -0.00472249

3.25 -0.00492849
3.5 -0.00215823

3.5 -0.00342855
3.89279 0

3.98737 0
4 5.5114e-05

