-4 0.000439851
-3.5 0.00362907

-3.5 0.00222186
-3.25 0.00437935

-3.25 0.00418415
-3.125 0.0066919

-3.125 0.00535864
-3.0625 0.00787357

-3.0625 0.00648842
-3.03125 0.00987099

-3.03125 0.0111665
-3 0.0168535

0.21875 -0.00179579
0.207501 0

0.21875 -0.00179391
0.234375 -0.00429673

0.234375 -0.00429693
0.25 -0.00680756

-3 0.0168284
-2.98438 0.0195674

-2.98438 0.0195691
-2.96875 0.0222504

-2.96875 0.02225
-2.95312 0.0248711

-2.95312 0.0248706
-2.9375 0.0274333

-2.9375 0.0274329
-2.92188 0.0299392

-2.92188 0.0299337
-2.91349 0.03125

-2.91355 0.03125
-2.90625 0.032396

-2.90625 0.0323899
-2.89062 0.0347878

-2.89062 0.0347874
-2.875 0.0371328

0.25 -0.00680778
0.265625 -0.00932535

0.265625 -0.00932557
0.28125 -0.0118492

-2.875 0.0371325
-2.85938 0.0394266

0.28125 -0.0118494
0.296875 -0.0143782

0.3125 -0.0169252
0.30448 -0.015625

0.296875 -0.0143644
0.30465 -0.015625

0.3125 -0.0169119
0.328125 -0.0194486

-2.85938 0.0394263
-2.84375 0.0416706

0.328125 -0.0194487
0.34375 -0.0219881

0.34375 -0.0219883
0.359375 -0.0245296

-2.84375 0.0416703
-2.82812 0.0438661

-2.82812 0.0438657
-2.8125 0.0460144

-2.8125 0.0459977
-2.80598 0.046875

-2.80619 0.046875
-2.79688 0.0481284

-2.79688 0.0481167
-2.78125 0.050175

-2.78125 0.0501747
-2.76562 0.0521893

-2.76562 0.0521891
-2.75 0.054161

-2.75 0.0541607
-2.73438 0.056091

-2.73438 0.0560907
-2.71875 0.0579803

-2.71875 0.05798
-2.70312 0.05983

-2.70312 0.0598297
-2.6875 0.061641

0.359375 -0.0245299
0.375 -0.0270722

-2.6875 0.0616315
-2.67985 0.0625

0.40625 -0.032184
0.400509 -0.03125

0.375 -0.0270724
0.390625 -0.0296149

0.390625 -0.0295999
0.400768 -0.03125

0.40625 -0.0321573
0.421875 -0.0346974

0.421875 -0.0346974
0.4375 -0.0372349

0.4375 -0.0372352
0.453125 -0.0397694

-2.68001 0.0625
-2.67188 0.0634233

-2.67188 0.0634143
-2.65625 0.0651513

-2.65625 0.0651511
-2.64062 0.0668521

-1.5 0.128164
-1.48438 0.128357

1.5 -0.157226
1.51562 -0.157665

1.51562 -0.157664
1.53125 -0.158055

1.53125 -0.158055
1.54688 -0.158399

1.54688 -0.158399
1.5625 -0.158694

0.453125 -0.0397696
0.46875 -0.0422997

0.46875 -0.0422999
0.484375 -0.044825

0.5 -0.0473715
0.496921 -0.046875

0.484375 -0.0448188
0.497127 -0.046875

0.015625 0.0296868
0.00506708 0.03125

1.5625 -0.158694
1.57812 -0.158942

1.57812 -0.158942
1.59375 -0.159143

1.59375 -0.159143
1.60938 -0.159296

-1.48438 0.128357
-1.46875 0.128532

1.60938 -0.159296
1.625 -0.159401

-1.46875 0.128532
-1.45312 0.128691

-1.45312 0.128691
-1.4375 0.128831

-1.4375 0.128831
-1.42188 0.128954

-1.42188 0.128954
-1.40625 0.129058

-1.40625 0.129058
-1.39062 0.129144

-1.39062 0.129144
-1.375 0.129211

0.015625 0.0296857
0.03125 0.027354

-1.375 0.129211
-1.35938 0.129258

-2.64062 0.0668519
-2.625 0.0685177

-2.625 0.0685175
-2.60938 0.0701489

-2.60938 0.0701487
-2.59375 0.0717466

-1.35938 0.129258
-1.34375 0.129286

0 0.031997
0.00504542 0.03125

0.03125 0.0273538
0.046875 0.0250044

0.046875 0.0250042
0.0625 0.0226378

0.0625 0.0226376
0.078125 0.0202551

0.078125 0.0202549
0.09375 0.017857

-1.34375 0.129286
-1.32812 0.129295

-1.32812 0.129295
-1.3125 0.129283

0.109375 0.0154427
0.108195 0.015625

0.09375 0.017857
0.108206 0.015625

0.109375 0.0154442
0.125 0.0130178

-1.3125 0.129283
-1.29688 0.129251

-1.29688 0.129251
-1.28125 0.129199

0.125 0.0130177
0.140625 0.010578

0.140625 0.0105777
0.15625 0.00812539

0.15625 0.00812517
0.171875 0.00566109

0.171875 0.00566087
0.1875 0.00318592

-1.28125 0.129199
-1.26562 0.129126

1.625 -0.159401
1.64062 -0.159458

0.1875 0.00318574
0.203125 0.000700732

-1.26562 0.129126
-1.25 0.129032

-2.59375 0.0717464
-2.57812 0.0733114

-2.57812 0.0733112
-2.5625 0.0748441

1.64062 -0.159458
1.65625 -0.159467

-1.25 0.129032
-1.23438 0.128916

-1.23438 0.128916
-1.21875 0.128778

-1.21875 0.128778
-1.20312 0.128617

-1.20312 0.128617
-1.1875 0.128434

-1.1875 0.128434
-1.17188 0.128227

-1.17188 0.128227
-1.15625 0.127996

-1.15625 0.127996
-1.14062 0.127741

-1.14062 0.127741
-1.125 0.12746

1.65625 -0.159467
1.67188 -0.159429

-1.01562 0.124762
-1.02361 0.125

1.67188 -0.159429
1.6875 -0.159344

1.6875 -0.159344
1.70312 -0.159212

1.70312 -0.159212
1.71875 -0.159035

1.71875 -0.159035
1.73438 -0.158814

1.73438 -0.158814
1.75 -0.158548

1.75 -0.158548
1.76562 -0.158239

1.76562 -0.158239
1.78125 -0.157886

1.78125 -0.157886
1.79688 -0.157491

1.79688 -0.157491
1.8125 -0.157053

1.8125 -0.157053
1.82812 -0.156574

1.82812 -0.156565
1.83758 -0.15625

1.83827 -0.15625
1.84375 -0.156067

1.84375 -0.156053
1.85938 -0.15549

1.85938 -0.15549
1.875 -0.154884

-1.01562 0.124762
-1 0.124268

-2.5625 0.0748439
-2.54688 0.0763454

-1.125 0.12746
-1.10938 0.127154

0.203125 0.00070574
0.207546 0

-1.10938 0.127154
-1.09375 0.126822

-1.09375 0.126823
-1.07812 0.126464

-1.07812 0.126464
-1.0625 0.126079

-1.0625 0.126079
-1.04688 0.125667

0.5 -0.0473449
0.515625 -0.0498572

-1.04688 0.125667
-1.03125 0.125228

-1.03125 0.125228
-1.02361 0.125

-2.54688 0.0763452
-2.53125 0.0778162

-2.53125 0.0778045
-2.52777 0.078125

-2.52794 0.078125
-2.51562 0.0792603

-2.51562 0.079257
-2.5 0.0806688

0.515625 -0.0498573
0.53125 -0.0523615

0.53125 -0.0523618
0.546875 -0.0548574

0.546875 -0.0548576
0.5625 -0.0573438

0.609375 -0.0647417
0.595093 -0.0625

0.609375 -0.064738
0.625 -0.0671769

0.5625 -0.057344
0.578125 -0.0598199

0.578125 -0.05982
0.59375 -0.0622848

0.59375 -0.0622485
0.595353 -0.0625

-2.5 0.0806686
-2.48438 0.0820518

-2.48438 0.0820517
-2.46875 0.083407

0.625 -0.0671771
0.640625 -0.0696019

0.640625 -0.0696021
0.65625 -0.072012

0.65625 -0.0720122
0.671875 -0.0744064

0.671875 -0.0744065
0.6875 -0.0767842

0.703125 -0.079196
0.696035 -0.078125

-2.46875 0.0834068
-2.45312 0.0847348

-1 0.124268
-0.984375 0.123746

1.875 -0.154884
1.89062 -0.154236

1.89062 -0.154236
1.90625 -0.153546

1.90625 -0.153546
1.92188 -0.152816

1.92188 -0.152815
1.9375 -0.152045

1.9375 -0.152044
1.95312 -0.151234

1.95312 -0.151234
1.96875 -0.150384

1.96875 -0.150384
1.98438 -0.149495

1.98438 -0.149495
2 -0.148568

-2.45312 0.0847347
-2.4375 0.086036

-2.4375 0.0860358
-2.42188 0.0873109

-2.42188 0.0873108
-2.40625 0.0885603

-2.40625 0.0885602
-2.39062 0.0897844

-2.39062 0.0897843
-2.375 0.0909839

-2.375 0.0909838
-2.35938 0.092159

-2.35938 0.0921589
-2.34375 0.0933103

2 -0.148568
2.01562 -0.147602

-2.34375 0.0933056
-2.33759 0.09375

-2.3377 0.09375
-2.32812 0.0944409

2.01562 -0.147602
2.03125 -0.146598

2.03125 -0.146597
2.04688 -0.145555

-2.32812 0.0944378
-2.3125 0.0955424

-2.3125 0.0955423
-2.29688 0.0966241

-2.29688 0.096624
-2.28125 0.0976838

-2.28125 0.0976836
-2.26562 0.0987218

-2.26562 0.0987217
-2.25 0.0997388

-2.25 0.0997387
-2.23438 0.100735

-2.23438 0.100735
-2.21875 0.101712

-2.21875 0.101711
-2.20312 0.102668

-2.20312 0.102668
-2.1875 0.103605

-2.1875 0.103605
-2.17188 0.104523

-2.17188 0.104523
-2.15625 0.105422

-2.15625 0.105422
-2.14062 0.106303

-2.14062 0.106303
-2.125 0.107165

-2.125 0.107165
-2.10938 0.10801

-2.10938 0.10801
-2.09375 0.108836

-2.09375 0.108835
-2.08332 0.109375

-2.08333 0.109375
-2.07812 0.109644

-2.07812 0.109644
-2.0625 0.110434

-2.0625 0.110434
-2.04688 0.111206

-2.04688 0.111206
-2.03125 0.11196

-2.03125 0.11196
-2.01562 0.112698

-2.01562 0.112698
-2 0.113418

-0.984375 0.123746
-0.96875 0.123197

-2 0.113418
-1.98438 0.114122

-1.98438 0.114122
-1.96875 0.11481

-1.96875 0.114809
-1.95312 0.115481

-1.95312 0.115481
-1.9375 0.116137

-1.9375 0.116137
-1.92188 0.116778

-1.92188 0.116778
-1.90625 0.117403

-1.90625 0.117403
-1.89062 0.118013

-0.96875 0.123197
-0.953125 0.122619

-0.953125 0.122619
-0.9375 0.122014

-1.89062 0.118013
-1.875 0.118608

0.6875 -0.0767451
0.696635 -0.078125

-0.9375 0.122014
-0.921875 0.12138

-0.921875 0.121381
-0.90625 0.120719

0.703125 -0.0791451
0.71875 -0.0814863

0.71875 -0.0814864
0.734375 -0.0838076

-1.875 0.118608
-1.85938 0.119188

-1.85938 0.119188
-1.84375 0.119752

-1.84375 0.119752
-1.82812 0.120302

-0.90625 0.120719
-0.890625 0.120029

-0.890625 0.120029
-0.875 0.119311

-1.82812 0.120302
-1.8125 0.120836

-0.875 0.119311
-0.859375 0.118564

0.734375 -0.0838079
0.75 -0.0861087

-1.8125 0.120836
-1.79688 0.121354

-1.79688 0.121354
-1.78125 0.121858

-1.78125 0.121858
-1.76562 0.122347

-1.76562 0.122347
-1.75 0.122819

-1.75 0.122819
-1.73438 0.123277

-1.73438 0.123277
-1.71875 0.123718

-1.71875 0.123718
-1.70312 0.124144

-1.70312 0.124144
-1.6875 0.124553

-1.6875 0.124553
-1.67188 0.124946

-1.67188 0.124946
-1.66963 0.125

-1.66961 0.125
-1.65625 0.125321

-1.65625 0.125321
-1.64062 0.125681

-1.64062 0.125681
-1.625 0.126023

-1.625 0.126023
-1.60938 0.126349

-1.60938 0.126348
-1.59375 0.126657

-1.59375 0.126657
-1.57812 0.12695

-1.57812 0.12695
-1.5625 0.127226

-1.5625 0.127226
-1.54688 0.127485

-1.54688 0.127485
-1.53125 0.127728

-1.53125 0.127728
-1.51562 0.127954

-1.51562 0.127954
-1.5 0.128164

-0.859375 0.118564
-0.84375 0.117788

0.75 -0.0861089
0.765625 -0.0883885

0.765625 -0.0883887
0.78125 -0.0906463

0.8125 -0.0951411
0.802669 -0.09375

0.78125 -0.0906464
0.796875 -0.0928814

0.796875 -0.092809
0.803525 -0.09375

0.8125 -0.0950932
0.828125 -0.0972789

0.828125 -0.097279
0.84375 -0.0994384

0.84375 -0.0994386
0.859375 -0.101571

0.859375 -0.101571
0.875 -0.103676

-0.84375 0.117788
-0.828125 0.116983

0.875 -0.103676
0.890625 -0.105753

0.890625 -0.105753
0.90625 -0.107801

0.921875 -0.109862
0.918107 -0.109375

0.90625 -0.107789
0.918534 -0.109375

0.921875 -0.10982
0.9375 -0.111806

0.9375 -0.111806
0.953125 -0.11376

0.953125 -0.11376
0.96875 -0.11568

0.96875 -0.11568
0.984375 -0.117567

0.984375 -0.117567
1 -0.11942

-0.828125 0.116983
-0.8125 0.11615

-0.8125 0.11615
-0.796875 0.115287

-0.796875 0.115287
-0.78125 0.114395

-0.78125 0.114395
-0.765625 0.113474

-0.765625 0.113474
-0.75 0.112523

-0.75 0.112523
-0.734375 0.111542

-0.734375 0.111542
-0.71875 0.110532

-0.71875 0.110532
-0.703125 0.109492

1.0625 -0.126508
1.04872 -0.125

1.0625 -0.126476
1.07812 -0.128147

1.07812 -0.128147
1.09375 -0.129778

-0.6875 0.108423
-0.701413 0.109375

-0.703125 0.109492
-0.701419 0.109375

-0.6875 0.108423
-0.671875 0.107323

-0.671875 0.107323
-0.65625 0.106193

2.04688 -0.145555
2.0625 -0.144474

2.0625 -0.144474
2.07812 -0.143357

2.07812 -0.143357
2.09375 -0.142204

2.09375 -0.142204
2.10938 -0.141017

2.10938 -0.140979
2.1139 -0.140625

2.11462 -0.140625
2.125 -0.139814

2.125 -0.139797
2.14062 -0.13854

2.14062 -0.13854
2.15625 -0.137247

2.15625 -0.137248
2.17188 -0.135919

2.17188 -0.135919
2.1875 -0.134556

1.09375 -0.129778
1.10938 -0.13137

1.10938 -0.13137
1.125 -0.132922

1 -0.11942
1.01562 -0.121237

1.01562 -0.121237
1.03125 -0.12302

1.03125 -0.12302
1.04688 -0.124766

1.04688 -0.124615
1.05039 -0.125

2.1875 -0.134556
2.20312 -0.133157

2.20312 -0.133157
2.21875 -0.131724

2.21875 -0.131724
2.23438 -0.130258

2.23438 -0.130257
2.25 -0.128759

2.25 -0.128759
2.26562 -0.127229

2.26562 -0.127229
2.28125 -0.125667

2.28125 -0.125612
2.28725 -0.125

2.28818 -0.125
2.29688 -0.124114

2.29688 -0.124075
2.3125 -0.122448

2.3125 -0.122448
2.32812 -0.120787

2.32812 -0.120788
2.34375 -0.119093

2.34375 -0.119093
2.35938 -0.117364

2.35938 -0.117364
2.375 -0.115603

-0.65625 0.106193
-0.640625 0.105033

2.375 -0.115603
2.39062 -0.113809

2.39062 -0.113809
2.40625 -0.111984

-0.640625 0.105033
-0.625 0.103842

-0.625 0.103842
-0.609375 0.10262

-0.609375 0.10262
-0.59375 0.101368

-0.59375 0.101368
-0.578125 0.100084

-0.578125 0.100084
-0.5625 0.0987693

-0.5625 0.0987693
-0.546875 0.0974238

-0.546875 0.0974238
-0.53125 0.0960474

-0.5 0.0932041
-0.505932 0.09375

-0.53125 0.0960474
-0.515625 0.0946402

-0.515625 0.0946391
-0.505964 0.09375

2.40625 -0.111984
2.42188 -0.110126

2.42188 -0.110056
2.4275 -0.109375

1.125 -0.132922
1.14062 -0.134434

1.14062 -0.134434
1.15625 -0.135906

1.15625 -0.135906
1.17188 -0.137337

2.42846 -0.109375
2.4375 -0.108282

-0.5 0.0932023
-0.484375 0.0917334

1.17188 -0.137337
1.1875 -0.138728

2.4375 -0.108237
2.45312 -0.106313

-0.484375 0.0917334
-0.46875 0.0902335

2.45312 -0.106313
2.46875 -0.104355

2.46875 -0.104355
2.48438 -0.102363

2.48438 -0.102363
2.5 -0.100338

1.1875 -0.138728
1.20312 -0.140077

1.21875 -0.14143
1.20913 -0.140625

1.20312 -0.140018
1.21038 -0.140625

1.21875 -0.141386
1.23438 -0.14265

1.23438 -0.14265
1.25 -0.143871

-0.46875 0.0902335
-0.453125 0.0887024

1.25 -0.143871
1.26562 -0.145047

2.5 -0.100338
2.51562 -0.0982796

1.26562 -0.145047
1.28125 -0.146178

-0.453125 0.0887023
-0.4375 0.0871401

-0.4375 0.08714
-0.421875 0.0855468

1.28125 -0.146179
1.29688 -0.147265

-0.421875 0.0855467
-0.40625 0.0839227

2.51562 -0.0982797
2.53125 -0.0961875

-0.40625 0.0839226
-0.390625 0.0822681

1.29688 -0.147265
1.3125 -0.148307

-0.390625 0.082268
-0.375 0.0805833

1.3125 -0.148307
1.32812 -0.149304

-0.375 0.0805832
-0.359375 0.0788688

2.53125 -0.0961874
2.54688 -0.0940614

-0.34375 0.077127
-0.352692 0.078125

1.32812 -0.149304
1.34375 -0.150255

1.34375 -0.150255
1.35938 -0.15116

2.54688 -0.0940216
2.54884 -0.09375

-0.359375 0.0788657
-0.352739 0.078125

-0.34375 0.0771247
-0.328125 0.0753513

1.35938 -0.15116
1.375 -0.152019

2.54918 -0.09375
2.5625 -0.0919075

-0.328125 0.0753513
-0.3125 0.0735486

-0.3125 0.0735485
-0.296875 0.0717168

1.375 -0.15202
1.39062 -0.152833

1.39062 -0.152833
1.40625 -0.1536

1.40625 -0.1536
1.42188 -0.15432

1.42188 -0.15432
1.4375 -0.154995

-0.296875 0.0717167
-0.28125 0.0698565

-0.28125 0.0698563
-0.265625 0.0679679

2.5625 -0.0919011
2.57812 -0.0897044

2.57812 -0.0897043
2.59375 -0.0874718

1.4375 -0.154995
1.45312 -0.155623

1.45312 -0.155623
1.46875 -0.156205

1.48438 -0.156744
1.46995 -0.15625

-0.265625 0.0679678
-0.25 0.0660518

1.48438 -0.15674
1.5 -0.157226

1.46875 -0.156175
1.47095 -0.15625

2.59375 -0.0874719
2.60938 -0.0852036

-0.21875 0.0621445
-0.22157 0.0625

-0.21875 0.0621385
-0.203125 0.0601422

-0.203125 0.0601421
-0.1875 0.0581197

2.60938 -0.0852035
2.625 -0.0828993

2.625 -0.0828995
2.64062 -0.0805591

2.64062 -0.0805588
2.65625 -0.0781824

-0.25 0.0660516
-0.234375 0.0641085

-0.234375 0.064107
-0.221628 0.0625

-0.1875 0.0581196
-0.171875 0.0560715

-0.171875 0.0560713
-0.15625 0.053998

-0.15625 0.0539978
-0.140625 0.0518999

-0.140625 0.0518997
-0.125 0.0497777

2.65625 -0.0781725
2.65656 -0.078125

-0.125 0.0497776
-0.109375 0.0476322

-0.09375 0.0454656
-0.103907 0.046875

-0.109375 0.0476286
-0.103944 0.046875

-0.09375 0.0454637
-0.078125 0.0432728

-0.078125 0.0432727
-0.0625 0.0410597

-0.0625 0.0410595
-0.046875 0.0388251

-0.046875 0.0388249
-0.03125 0.0365696

-0.03125 0.0365695
-0.015625 0.0342942

-0.015625 0.034294
0 0.0319993

2.65663 -0.078125
2.67188 -0.0757702

2.67188 -0.07577
2.6875 -0.0733197

2.6875 -0.0733199
2.70312 -0.0708319

2.70312 -0.070832
2.71875 -0.0683055

2.71875 -0.0683057
2.73438 -0.0657402

2.73438 -0.06574
2.75 -0.0631356

2.75 -0.06304
2.75319 -0.0625

2.75393 -0.0625
2.76562 -0.0605206

2.76562 -0.060492
2.78125 -0.0578079

2.78125 -0.0578076
2.79688 -0.0550842

2.79688 -0.0550843
2.8125 -0.0523218

2.8125 -0.052322
2.82812 -0.0495198

2.82812 -0.0495129
2.84262 -0.046875

2.84354 -0.046875
2.84375 -0.0468375

2.84375 -0.0466776
2.85938 -0.0437932

2.85938 -0.0437931
2.875 -0.0408662

2.875 -0.0408665
2.89062 -0.0378967

2.89062 -0.0378966
2.90625 -0.0348836

2.90625 -0.0348834
2.92188 -0.0318278

2.92188 -0.0317837
2.92457 -0.03125

2.92484 -0.03125
2.9375 -0.0287396

2.9375 -0.0287298
2.95312 -0.0255868

2.95312 -0.0255861
2.96875 -0.0224001

2.96875 -0.0223978
2.98438 -0.0191748

2.98438 -0.0191723
3 -0.0159218

3 -0.0159293
3.03125 -0.00935366

3.03125 -0.00771093
3.0625 -0.00431998

3.0625 -0.00643433
3.125 -0.00413529

3.125 -0.00527709
3.25 -0.0030903

3.25 -0.00344859
3.5 -0.00138645

3.5 -0.00241135
3.88132 0

