-4 0.000573314
-3.5 0.00429785

-3.5 0.00269714
-3.25 0.00519969

-3.25 0.0050969
-3.125 0.00792597

-3.125 0.00658467
-3.0625 0.00924907

-3.0625 0.00768575
-3.03125 0.0112163

-3.03125 0.0126217
-3 0.0186663

-3 0.01864
-2.98438 0.0215541

-2.98438 0.0215553
-2.96875 0.0244115

-2.96875 0.0244109
-2.95312 0.0272079

-2.95312 0.0272074
-2.9375 0.0299474

-2.9375 0.029917
-2.92974 0.03125

-2.93008 0.03125
-2.92188 0.0326604

-2.92188 0.0326317
-2.90625 0.0352631

-2.90625 0.0352628
-2.89062 0.0378416

-2.89062 0.0378413
-2.875 0.0403687

-2.875 0.0403683
-2.85938 0.0428456

-2.85938 0.0428452
-2.84375 0.0452736

-2.84375 0.0452449
-2.83305 0.046875

1.5 -0.185025
1.51562 -0.18551

1.51562 -0.18551
1.53125 -0.185939

1.53125 -0.185939
1.54688 -0.186312

-1.5 0.151277
-1.48438 0.151691

-1.48438 0.151692
-1.46875 0.152085

1.54688 -0.186312
1.5625 -0.186629

-1.46875 0.152086
-1.45312 0.152458

-1.45312 0.152458
-1.4375 0.152808

-2.83361 0.046875
-2.82812 0.0477112

-1.4375 0.152808
-1.42188 0.153135

1.5625 -0.186629
1.57812 -0.186888

-2.82812 0.047654
-2.8125 0.0499887

-2.8125 0.0499883
-2.79688 0.0522779

-2.79688 0.0522776
-2.78125 0.0545233

-2.78125 0.054523
-2.76562 0.0567259

-2.76562 0.0567256
-2.75 0.0588866

-2.75 0.0588863
-2.73438 0.0610065

-2.73438 0.0609939
-2.72306 0.0625

-2.72339 0.0625
-2.71875 0.0631176

-2.71875 0.0630865
-2.70312 0.065128

-2.70312 0.0651278
-2.6875 0.0671314

-2.6875 0.0671311
-2.67188 0.0690977

-2.67188 0.0690975
-2.65625 0.0710281

-2.65625 0.0710279
-2.64062 0.0729235

-2.64062 0.0729233
-2.625 0.0747846

-2.625 0.0747844
-2.60938 0.0766123

-2.60938 0.0766103
-2.59619 0.078125

1.57812 -0.186888
1.59375 -0.187091

1.59375 -0.187091
1.60938 -0.187236

1.60938 -0.187237
1.625 -0.187325

-2.59629 0.078125
-2.59375 0.0784174

-2.59375 0.0784074
-2.57812 0.0801708

-2.57812 0.0801706
-2.5625 0.0819027

1.625 -0.187325
1.64062 -0.187356

1.64062 -0.187356
1.65625 -0.187328

1.65625 -0.187328
1.67188 -0.187243

-1.42188 0.153136
-1.40625 0.153439

-1.40625 0.15344
-1.39062 0.153719

1.67188 -0.187243
1.6875 -0.187101

-1.39062 0.153719
-1.375 0.153975

0.203125 -0.00011591
0.202518 0

0.203125 -0.000121673
0.21875 -0.00311451

0.21875 -0.00311485
0.234375 -0.00611481

0.234375 -0.00611509
0.25 -0.00912095

0.25 -0.00912121
0.265625 -0.0121319

0.265625 -0.0121321
0.28125 -0.0151465

0.296875 -0.0181601
0.283748 -0.015625

0.28125 -0.0151682
0.283615 -0.015625

0.296875 -0.0181644
0.3125 -0.0211841

0.3125 -0.0211844
0.328125 -0.0242054

0.328125 -0.0242056
0.34375 -0.0272266

0.375 -0.0332579
0.364605 -0.03125

0.34375 -0.0272268
0.359375 -0.0302468

0.359375 -0.0302617
0.364491 -0.03125

0.375 -0.0332654
0.390625 -0.036281

0.390625 -0.0362813
0.40625 -0.0392932

-1.375 0.153975
-1.35938 0.154205

-1.35938 0.154205
-1.34375 0.154409

-1.34375 0.15441
-1.32812 0.154588

-1.32812 0.154588
-1.3125 0.15474

-1.3125 0.15474
-1.29688 0.154865

-1.29688 0.154865
-1.28125 0.154962

-1.28125 0.154962
-1.26562 0.155031

-1.26562 0.155031
-1.25 0.155071

-1.25 0.155072
-1.23438 0.155082

-1.23438 0.155082
-1.21875 0.155063

-1.21875 0.155063
-1.20312 0.155013

-1.20312 0.155013
-1.1875 0.154931

-1.1875 0.154931
-1.17188 0.154817

-1.17188 0.154817
-1.15625 0.15467

-1.15625 0.15467
-1.14062 0.154489

-1.14062 0.154489
-1.125 0.154273

-1.125 0.154274
-1.10938 0.154022

-1.10938 0.154022
-1.09375 0.153735

-1.09375 0.153735
-1.07812 0.153411

-1.07812 0.153411
-1.0625 0.15305

-1.0625 0.15305
-1.04688 0.15265

-1.04688 0.15265
-1.03125 0.152213

-1.03125 0.152213
-1.01562 0.151737

-1.01562 0.151737
-1 0.151222

-1 0.151222
-0.984375 0.150669

-0.984375 0.150669
-0.96875 0.150076

-0.96875 0.150076
-0.953125 0.149444

-0.953125 0.149444
-0.9375 0.148773

-0.9375 0.148773
-0.921875 0.148063

-0.921875 0.148063
-0.90625 0.147313

-0.90625 0.147313
-0.890625 0.146523

-0.890625 0.146523
-0.875 0.145693

-0.875 0.145693
-0.859375 0.144823

-0.859375 0.144823
-0.84375 0.143914

-0.84375 0.143914
-0.828125 0.142964

-0.828125 0.142964
-0.8125 0.141974

-2.5625 0.0819025
-2.54688 0.0836042

-2.54688 0.083604
-2.53125 0.0852759

-2.53125 0.0852756
-2.51562 0.0869186

-2.51562 0.0869184
-2.5 0.0885333

0.40625 -0.0392935
0.421875 -0.0423006

0.421875 -0.0423009
0.4375 -0.0453022

0.453125 -0.0482977
0.445702 -0.046875

0.4375 -0.0453019
0.445708 -0.046875

-2.5 0.0885331
-2.48438 0.0901207

0.453125 -0.0482973
0.46875 -0.0512844

0.46875 -0.0512847
0.484375 -0.0542632

0.484375 -0.0542635
0.5 -0.0572324

-2.48438 0.0901205
-2.46875 0.0916815

1.6875 -0.187101
1.70312 -0.186901

-2.46875 0.0916814
-2.45312 0.0932164

0 0.0377485
0.015625 0.0349277

0.015625 0.0349274
0.03125 0.0320883

1.70312 -0.186901
1.71875 -0.186646

-2.45312 0.0932048
-2.44748 0.09375

1.71875 -0.186646
1.73438 -0.186336

-2.44767 0.09375
-2.4375 0.0947321

1.73438 -0.186336
1.75 -0.185971

-2.4375 0.0947257
-2.42188 0.0962102

-2.42188 0.0962101
-2.40625 0.09767

-2.40625 0.0976699
-2.39062 0.0991057

-0.8125 0.141974
-0.796875 0.140944

-0.78125 0.139877
-0.792173 0.140625

-0.796875 0.140935
-0.792349 0.140625

-0.78125 0.139873
-0.765625 0.138762

-0.765625 0.138762
-0.75 0.13761

0.046875 0.0292493
0.0359323 0.03125

-0.75 0.13761
-0.734375 0.136416

-0.734375 0.136416
-0.71875 0.135182

-0.71875 0.135182
-0.703125 0.133906

-0.703125 0.133906
-0.6875 0.132589

-0.6875 0.132589
-0.671875 0.131231

-0.671875 0.131231
-0.65625 0.129833

-0.65625 0.129833
-0.640625 0.128393

-0.640625 0.128393
-0.625 0.126913

-0.59375 0.123837
-0.605395 0.125

-0.59375 0.123832
-0.578125 0.12223

-0.578125 0.12223
-0.5625 0.120588

-0.5625 0.120588
-0.546875 0.118905

-0.546875 0.118905
-0.53125 0.117183

-0.53125 0.117183
-0.515625 0.11542

-0.515625 0.11542
-0.5 0.113617

-0.625 0.126913
-0.609375 0.125393

-0.609375 0.125378
-0.605596 0.125

-0.5 0.113617
-0.484375 0.111776

-0.484375 0.111776
-0.46875 0.109896

-0.453125 0.107985
-0.464442 0.109375

-0.46875 0.109873
-0.464692 0.109375

-0.453125 0.107977
-0.4375 0.106019

-0.4375 0.106019
-0.421875 0.104023

-0.421875 0.104023
-0.40625 0.101989

-0.40625 0.101989
-0.390625 0.099918

-0.390625 0.0999178
-0.375 0.09781

-0.34375 0.0935115
-0.34546 0.09375

-0.375 0.0978099
-0.359375 0.095666

-0.359375 0.0956625
-0.345662 0.09375

-0.34375 0.0934867
-0.328125 0.0912721

-0.328125 0.0912718
-0.3125 0.0890221

-0.3125 0.0890219
-0.296875 0.0867379

-0.296875 0.0867377
-0.28125 0.0844201

-0.28125 0.0844199
-0.265625 0.0820697

-0.265625 0.0820695
-0.25 0.0796872

1.75 -0.185971
1.76562 -0.185552

1.76562 -0.185551
1.78125 -0.185079

1.78125 -0.185079
1.79688 -0.184553

1.79688 -0.184553
1.8125 -0.183974

-0.234375 0.0773179
-0.2396 0.078125

1.8125 -0.183974
1.82812 -0.183342

0.046875 0.0292313
0.0625 0.0263573

-2.39062 0.0991056
-2.375 0.100518

0.03125 0.0320444
0.0355948 0.03125

0.0625 0.026357
0.078125 0.0234668

0.078125 0.0234665
0.09375 0.0205613

0.09375 0.0205611
0.109375 0.0176419

-0.25 0.0796633
-0.240041 0.078125

-2.375 0.100518
-2.35938 0.101907

-2.35938 0.101907
-2.34375 0.103274

-2.34375 0.103273
-2.32812 0.104618

0.125 0.0147452
0.120312 0.015625

-2.32812 0.104618
-2.3125 0.105941

1.82812 -0.183342
1.84375 -0.182658

1.84375 -0.182658
1.85938 -0.181921

-0.234375 0.0772736
-0.21875 0.0748289

0.109375 0.0176258
0.120037 0.015625

-0.21875 0.0748286
-0.203125 0.0723531

-0.203125 0.0723529
-0.1875 0.0698478

1.85938 -0.181921
1.875 -0.181133

0.125 0.0147095
0.140625 0.0117647

0.140625 0.0117643
0.15625 0.00880776

-2.3125 0.105941
-2.29688 0.107243

-0.140625 0.0621885
-0.142505 0.0625

-2.29688 0.107243
-2.28125 0.108525

-0.140625 0.0621626
-0.125 0.0595468

1.875 -0.181132
1.89062 -0.180294

1.89062 -0.180293
1.90625 -0.179406

0.15625 0.00880749
0.171875 0.00584039

-0.1875 0.0698475
-0.171875 0.0673136

0.171875 0.00584014
0.1875 0.00286359

-2.28125 0.108523
-2.2707 0.109375

1.90625 -0.179406
1.92188 -0.178471

-2.27078 0.109375
-2.26562 0.109791

1.92188 -0.17847
1.9375 -0.177489

0.1875 0.00286309
0.202487 0

1.9375 -0.177489
1.95312 -0.176463

-2.26562 0.109787
-2.25 0.111029

-0.171875 0.0673134
-0.15625 0.0647516

-0.15625 0.0647476
-0.142685 0.0625

-2.25 0.111029
-2.23438 0.112253

-2.23438 0.112253
-2.21875 0.113457

1.95312 -0.176462
1.96875 -0.175391

1.96875 -0.175391
1.98438 -0.174275

1.98438 -0.174275
2 -0.173116

2 -0.173116
2.01562 -0.171912

2.01562 -0.171906
2.01601 -0.171875

2.0161 -0.171875
2.03125 -0.170664

2.03125 -0.170664
2.04688 -0.16937

2.04688 -0.16937
2.0625 -0.168031

2.0625 -0.16803
2.07812 -0.166647

2.07812 -0.166646
2.09375 -0.165221

2.09375 -0.16522
2.10938 -0.163754

2.10938 -0.163753
2.125 -0.162247

2.125 -0.162247
2.14062 -0.160702

2.14062 -0.160702
2.15625 -0.159119

2.15625 -0.159119
2.17188 -0.157497

2.17188 -0.157452
2.18319 -0.15625

2.18519 -0.15625
2.1875 -0.156005

2.1875 -0.155838
2.20312 -0.154139

2.20312 -0.154139
2.21875 -0.1524

2.21875 -0.1524
2.23438 -0.150624

2.23438 -0.150624
2.25 -0.148811

2.25 -0.148811
2.26562 -0.146962

2.26562 -0.146962
2.28125 -0.145077

2.28125 -0.145077
2.29688 -0.143158

2.29688 -0.143157
2.3125 -0.141202

2.3125 -0.141119
2.31638 -0.140625

2.31728 -0.140625
2.32812 -0.139243

2.32812 -0.139212
2.34375 -0.137183

2.34375 -0.137183
2.35938 -0.135118

2.35938 -0.135117
2.375 -0.133015

2.375 -0.133015
2.39062 -0.130878

2.39062 -0.130878
2.40625 -0.128706

2.40625 -0.128706
2.42188 -0.126498

2.42188 -0.126414
2.43173 -0.125

2.43363 -0.125
2.4375 -0.124445

2.4375 -0.124256
2.45312 -0.121977

2.45312 -0.121977
2.46875 -0.119661

2.46875 -0.119661
2.48438 -0.11731

0.53125 -0.063148
0.527814 -0.0625

0.53125 -0.063138
0.546875 -0.0660721

0.546875 -0.0660723
0.5625 -0.0689929

0.5 -0.0572327
0.515625 -0.0601909

0.515625 -0.0601883
0.527883 -0.0625

0.5625 -0.0689931
0.578125 -0.0718992

0.578125 -0.0718994
0.59375 -0.0747899

0.59375 -0.0747901
0.609375 -0.077664

0.625 -0.0805289
0.611851 -0.078125

0.609375 -0.0776238
0.612116 -0.078125

2.48438 -0.11731
2.5 -0.114923

0.625 -0.080521
0.640625 -0.0833589

0.640625 -0.0833592
0.65625 -0.0861777

0.65625 -0.0861779
0.671875 -0.0889759

0.671875 -0.0889761
0.6875 -0.0917527

0.703125 -0.0945438
0.698622 -0.09375

0.703125 -0.0945075
0.71875 -0.0972384

0.6875 -0.0917388
0.69891 -0.09375

0.71875 -0.0972386
0.734375 -0.0999451

0.734375 -0.0999453
0.75 -0.102626

2.5 -0.114923
2.51562 -0.112501

2.51562 -0.112501
2.53125 -0.110044

2.53125 -0.109951
2.53486 -0.109375

2.53564 -0.109375
2.54688 -0.107582

-2.21875 0.113457
-2.20312 0.114643

2.54688 -0.10755
2.5625 -0.105019

-2.20312 0.114643
-2.1875 0.115812

2.5625 -0.105019
2.57812 -0.10245

2.57812 -0.10245
2.59375 -0.0998443

-0.125 0.0595464
-0.109375 0.0569043

2.59375 -0.0998444
2.60938 -0.0972012

-0.109375 0.0569041
-0.09375 0.0542366

-2.1875 0.115811
-2.17188 0.116962

-0.09375 0.0542364
-0.078125 0.0515447

-2.17188 0.116962
-2.15625 0.118095

0.75 -0.102627
0.765625 -0.105282

-2.15625 0.118095
-2.14062 0.119211

2.60938 -0.0972012
2.625 -0.0945207

-0.078125 0.0515445
-0.0625 0.0488295

2.625 -0.0943999
2.62874 -0.09375

0.765625 -0.105282
0.78125 -0.10791

2.62969 -0.09375
2.64062 -0.0918475

-2.14062 0.119211
-2.125 0.120311

-0.046875 0.0461338
-0.0511057 0.046875

-0.0625 0.0488128
-0.0514393 0.046875

0.796875 -0.110567
0.789713 -0.109375

-0.046875 0.0460919
-0.03125 0.0433322

2.64062 -0.0918027
2.65625 -0.0890456

-2.125 0.120311
-2.10938 0.121393

2.65625 -0.0890454
2.67188 -0.0862501

-0.03125 0.0433318
-0.015625 0.0405505

0.78125 -0.107865
0.790324 -0.109375

-0.015625 0.0405503
0 0.0377488

0.796875 -0.11051
0.8125 -0.11308

2.67188 -0.0862502
2.6875 -0.0834169

0.8125 -0.113081
0.828125 -0.115621

0.828125 -0.115621
0.84375 -0.118131

0.84375 -0.118131
0.859375 -0.120608

0.859375 -0.120609
0.875 -0.123053

-2.10938 0.121393
-2.09375 0.122459

-2.09375 0.122459
-2.07812 0.123509

2.6875 -0.083417
2.70312 -0.0805451

2.70312 -0.080513
2.71594 -0.078125

0.890625 -0.125513
0.887299 -0.125

0.890625 -0.125465
0.90625 -0.127842

0.90625 -0.127842
0.921875 -0.130183

0.921875 -0.130183
0.9375 -0.132488

0.9375 -0.132488
0.953125 -0.134755

-2.07812 0.123509
-2.0625 0.124543

0.953125 -0.134756
0.96875 -0.136985

-2.0625 0.124539
-2.05542 0.125

0.96875 -0.136985
0.984375 -0.139175

1 -0.141414
0.994271 -0.140625

0.984375 -0.139131
0.995227 -0.140625

0.875 -0.123042
0.88769 -0.125

-2.05552 0.125
-2.04688 0.125563

-2.04688 0.12556
-2.03125 0.126561

-2.03125 0.126561
-2.01562 0.127546

2.71717 -0.078125
2.71875 -0.0778314

2.71875 -0.0776344
2.73438 -0.0746828

-2.01562 0.127546
-2 0.128516

2.73438 -0.0746827
2.75 -0.0716903

2.75 -0.0716907
2.76562 -0.0686569

2.76562 -0.0686564
2.78125 -0.0655818

2.78125 -0.0655813
2.79671 -0.0625

1 -0.141327
1.01562 -0.143437

1.01562 -0.143437
1.03125 -0.145505

1.03125 -0.145505
1.04688 -0.147531

1.04688 -0.147531
1.0625 -0.149513

2.79688 -0.0624684
2.8125 -0.0593155

-2 0.128516
-1.98438 0.12947

-1.98438 0.12947
-1.96875 0.13041

2.8125 -0.0593156
2.82812 -0.0561222

2.82812 -0.0561224
2.84375 -0.0528878

1.0625 -0.149513
1.07812 -0.151452

1.07812 -0.151452
1.09375 -0.153346

-1.96875 0.13041
-1.95312 0.131334

-1.95312 0.131334
-1.9375 0.132244

2.84375 -0.0528879
2.85938 -0.0496114

2.85938 -0.0495673
2.87205 -0.046875

1.125 -0.157108
1.11757 -0.15625

1.09375 -0.153346
1.10938 -0.155196

1.10938 -0.155117
1.11919 -0.15625

2.87352 -0.046875
2.875 -0.0465603

2.875 -0.0462932
2.89062 -0.0429317

2.89062 -0.0429317
2.90625 -0.0395267

1.125 -0.157
1.14062 -0.158757

1.14062 -0.158757
1.15625 -0.160467

-1.9375 0.132244
-1.92188 0.133139

-1.92188 0.133139
-1.90625 0.134021

2.90625 -0.0395262
2.92188 -0.0360785

2.92188 -0.036079
2.9375 -0.0325888

1.15625 -0.160467
1.17188 -0.162128

2.9375 -0.0326955
2.94389 -0.03125

2.94313 -0.03125
2.95312 -0.0289884

-1.90625 0.134021
-1.89062 0.134887

-1.89062 0.134887
-1.875 0.135739

1.17188 -0.162129
1.1875 -0.163741

-1.875 0.135739
-1.85938 0.136577

-1.85938 0.136577
-1.84375 0.1374

2.95312 -0.0290544
2.96875 -0.0254765

-1.84375 0.1374
-1.82812 0.138208

2.96875 -0.0254739
2.98438 -0.0218584

2.98438 -0.0218562
3 -0.018213

1.1875 -0.163741
1.20312 -0.165305

1.20312 -0.165305
1.21875 -0.166819

1.21875 -0.166819
1.23438 -0.168284

1.23438 -0.168284
1.25 -0.169698

-1.82812 0.138208
-1.8125 0.139001

1.25 -0.169698
1.26562 -0.171061

-1.8125 0.139001
-1.79688 0.139779

3 -0.0182249
3.03125 -0.0108443

1.28125 -0.172443
1.27449 -0.171875

-1.79688 0.139779
-1.78125 0.140542

1.26562 -0.171017
1.27584 -0.171875

3.03125 -0.00899341
3.0625 -0.00518489

1.28125 -0.172374
1.29688 -0.173633

1.29688 -0.173633
1.3125 -0.17484

1.3125 -0.17484
1.32812 -0.175992

1.32812 -0.175993
1.34375 -0.177091

1.34375 -0.177091
1.35938 -0.178135

1.35938 -0.178135
1.375 -0.179123

3.0625 -0.00756443
3.125 -0.00497689

3.125 -0.00626678
3.25 -0.00374684

-1.78125 0.140542
-1.77952 0.140625

-1.77951 0.140625
-1.76562 0.141289

-1.76562 0.141289
-1.75 0.142019

-1.75 0.14202
-1.73438 0.142734

3.25 -0.00410634
3.5 -0.0016866

-1.73438 0.142734
-1.71875 0.143431

3.5 -0.00286799
3.88406 0

1.375 -0.179123
1.39062 -0.180056

1.39062 -0.180056
1.40625 -0.180934

1.40625 -0.180934
1.42188 -0.181755

1.42188 -0.181755
1.4375 -0.182521

-1.71875 0.143431
-1.70312 0.144112

-1.70312 0.144112
-1.6875 0.144774

1.4375 -0.182521
1.45312 -0.183231

1.45312 -0.183231
1.46875 -0.183885

1.46875 -0.183885
1.48438 -0.184483

-1.6875 0.144774
-1.67188 0.145419

-1.67188 0.145419
-1.65625 0.146046

1.48438 -0.184483
1.5 -0.185025

-1.65625 0.146046
-1.64062 0.146654

-1.64062 0.146654
-1.625 0.147244

-1.625 0.147244
-1.60938 0.147815

-1.60938 0.147815
-1.59375 0.148367

-1.59375 0.148367
-1.57812 0.1489

-1.57812 0.1489
-1.5625 0.149414

-1.5625 0.149414
-1.54688 0.149909

-1.54688 0.14991
-1.53125 0.150385

-1.53125 0.150385
-1.51562 0.150841

-1.51562 0.150841
-1.5 0.151276

