-4 0.000303876
-3.5 0.00250708

-3.5 0.00149937
-3.25 0.00300405

-3.25 0.00276758
-3.125 0.00458192

-3.125 0.00339478
-3.0625 0.00539078

0 -0.0116011
0.015625 -0.0127014

0.015625 -0.0127014
0.03125 -0.0137983

0.03125 -0.0137983
0.046875 -0.0148916

0.0625 -0.0160321
0.056663 -0.015625

0.046875 -0.0148655
0.0577652 -0.015625

-3.0625 0.00446451
-3.03125 0.00721825

0.0625 -0.015982
0.078125 -0.0170668

0.078125 -0.0170666
0.09375 -0.0181456

-3.03125 0.00817165
-3 0.0126269

0.09375 -0.0181457
0.109375 -0.0192191

0.109375 -0.0192192
0.125 -0.0202866

0.125 -0.0202867
0.140625 -0.021348

0.140625 -0.021348
0.15625 -0.0224029

0.15625 -0.022403
0.171875 -0.0234514

0.171875 -0.0234514
0.1875 -0.0244931

0.1875 -0.0244931
0.203125 -0.0255279

-3 0.0126109
-2.98438 0.0147628

-2.98438 0.01482
-2.9784 0.015625

-2.97771 0.015625
-2.96875 0.0168314

-2.96875 0.0168686
-2.95312 0.018921

-2.95312 0.0189207
-2.9375 0.0209224

-2.9375 0.0209221
-2.92188 0.0228744

0.203125 -0.0255279
0.21875 -0.0265556

0.21875 -0.0265556
0.234375 -0.027576

0.234375 -0.027576
0.25 -0.028589

-2.92188 0.0228741
-2.90625 0.0247781

-2.90625 0.0247778
-2.89062 0.0266347

-2.89062 0.0266345
-2.875 0.0284453

-2.875 0.028445
-2.85938 0.0302109

-2.85938 0.030213
-2.84996 0.03125

-2.84991 0.03125
-2.84375 0.0319289

-2.84375 0.0319322
-2.82812 0.0336109

-2.82812 0.0336107
-2.8125 0.0352473

0.25 -0.028589
0.265625 -0.0295945

0.265625 -0.0295945
0.28125 -0.0305922

-1.5 0.0743781
-1.48438 0.0739965

1.5 -0.070753
1.51562 -0.0707219

0.296875 -0.0316409
0.290705 -0.03125

0.296875 -0.0315827
0.3125 -0.0325633

0.28125 -0.0305606
0.292132 -0.03125

0.3125 -0.032563
0.328125 -0.0335335

0.328125 -0.0335336
0.34375 -0.0344942

0.34375 -0.0344942
0.359375 -0.0354447

0.359375 -0.0354447
0.375 -0.036385

1.51562 -0.0707219
1.53125 -0.070678

-1.48438 0.0739965
-1.46875 0.0735997

0.375 -0.036385
0.390625 -0.037315

0.390625 -0.037315
0.40625 -0.0382347

0.40625 -0.0382347
0.421875 -0.0391439

0.421875 -0.0391439
0.4375 -0.0400427

0.4375 -0.0400426
0.453125 -0.0409308

0.453125 -0.0409308
0.46875 -0.0418085

0.46875 -0.0418085
0.484375 -0.0426756

0.484375 -0.0426756
0.5 -0.0435321

-2.8125 0.0352471
-2.79688 0.0368426

-2.79688 0.0368424
-2.78125 0.0383977

-2.78125 0.0383975
-2.76562 0.0399136

-2.76562 0.0399134
-2.75 0.0413909

-2.75 0.0413907
-2.73438 0.0428304

-2.73438 0.0428302
-2.71875 0.0442329

-2.71875 0.0442327
-2.70312 0.0455991

-2.70312 0.045599
-2.68814 0.046875

-2.68814 0.046875
-2.6875 0.0469293

-2.6875 0.0469297
-2.67188 0.0482257

-2.67188 0.0482255
-2.65625 0.0494873

-2.65625 0.0494871
-2.64062 0.0507153

-2.64062 0.0507151
-2.625 0.0519102

0.5 -0.0435321
0.515625 -0.0443781

0.515625 -0.044378
0.53125 -0.0452135

0.53125 -0.0452135
0.546875 -0.0460384

0.546875 -0.0460383
0.5625 -0.0468527

0.578125 -0.0476565
0.562914 -0.046875

-2.625 0.0519101
-2.60938 0.0530727

0.5625 -0.0468404
0.563174 -0.046875

0.578125 -0.0476558
0.59375 -0.0484462

0.59375 -0.0484463
0.609375 -0.0492245

0.609375 -0.0492246
0.625 -0.0499905

-2.60938 0.0530726
-2.59375 0.0542033

0.625 -0.0499905
0.640625 -0.0507441

0.640625 -0.0507441
0.65625 -0.0514852

0.65625 -0.0514852
0.671875 -0.0522139

-2.59375 0.0542032
-2.57812 0.0553025

-2.57812 0.0553024
-2.5625 0.0563708

-2.5625 0.0563707
-2.54688 0.0574088

-2.54688 0.0574087
-2.53125 0.058417

0.671875 -0.0522139
0.6875 -0.0529301

-2.53125 0.0584169
-2.51562 0.0593961

-2.51562 0.059396
-2.5 0.0603465

0.6875 -0.0529301
0.703125 -0.0536337

0.703125 -0.0536337
0.71875 -0.0543247

0.71875 -0.0543247
0.734375 -0.0550029

0.734375 -0.055003
0.75 -0.0556683

-1.46875 0.0735996
-1.45312 0.0731877

1.53125 -0.070678
1.54688 -0.0706212

-1.45312 0.0731876
-1.4375 0.0727606

-1.4375 0.0727606
-1.42188 0.0723185

1.54688 -0.0706212
1.5625 -0.0705516

-1.42188 0.0723185
-1.40625 0.0718615

-1.40625 0.0718615
-1.39062 0.0713896

1.5625 -0.0705516
1.57812 -0.0704692

-1.39062 0.0713896
-1.375 0.0709029

0.75 -0.0556683
0.765625 -0.0563207

-1.375 0.0709029
-1.35938 0.0704015

0.765625 -0.0563207
0.78125 -0.0569601

0.78125 -0.0569601
0.796875 -0.0575864

0.796875 -0.0575864
0.8125 -0.0581994

0.8125 -0.0581995
0.828125 -0.0587991

0.828125 -0.0587991
0.84375 -0.0593853

0.84375 -0.0593853
0.859375 -0.0599579

0.859375 -0.0599579
0.875 -0.0605169

0.9375 -0.0626191
0.9338 -0.0625

0.875 -0.0605169
0.890625 -0.0610621

0.890625 -0.0610621
0.90625 -0.0615935

0.90625 -0.0615936
0.921875 -0.0621111

0.921875 -0.0621099
0.933994 -0.0625

0.9375 -0.0626144
0.953125 -0.063102

0.953125 -0.0631019
0.96875 -0.0635739

0.96875 -0.063574
0.984375 -0.0640304

0.984375 -0.0640304
1 -0.0644712

-1.35938 0.0704015
-1.34375 0.0698855

1 -0.0644712
1.01562 -0.0648964

1.01562 -0.0648964
1.03125 -0.065306

1.03125 -0.0653059
1.04688 -0.0657

1.04688 -0.0656999
1.0625 -0.0660784

1.0625 -0.0660784
1.07812 -0.0664415

1.07812 -0.0664414
1.09375 -0.0667891

1.09375 -0.0667891
1.10938 -0.0671215

1.10938 -0.0671214
1.125 -0.0674386

-1.34375 0.0698855
-1.32812 0.069355

-1.32812 0.069355
-1.3125 0.0688101

-1.3125 0.0688101
-1.29688 0.0682509

-2.5 0.0603464
-2.48438 0.0612689

-2.48438 0.0612688
-2.46875 0.0621637

-2.46875 0.062167
-2.46275 0.0625

-2.46265 0.0625
-2.45312 0.0630291

-2.45312 0.0630311
-2.4375 0.0638717

-2.4375 0.0638716
-2.42188 0.0646855

-2.42188 0.0646855
-2.40625 0.0654729

1.125 -0.0674386
1.14062 -0.0677406

1.14062 -0.0677406
1.15625 -0.0680277

1.15625 -0.0680276
1.17188 -0.0682998

1.17188 -0.0682998
1.1875 -0.0685572

1.1875 -0.0685572
1.20312 -0.0687999

1.20312 -0.0687999
1.21875 -0.0690281

1.21875 -0.0690281
1.23438 -0.0692419

1.23438 -0.0692419
1.25 -0.0694413

-1.29688 0.0682509
-1.28125 0.0676775

-1.28125 0.0676775
-1.26562 0.06709

-1.26562 0.0670899
-1.25 0.0664884

1.57812 -0.0704692
1.59375 -0.070374

1.59375 -0.070374
1.60938 -0.0702661

1.60938 -0.070266
1.625 -0.0701453

1.625 -0.0701453
1.64062 -0.070012

1.64062 -0.0700119
1.65625 -0.0698659

1.65625 -0.0698659
1.67188 -0.0697073

1.67188 -0.0697073
1.6875 -0.0695362

1.6875 -0.0695362
1.70312 -0.0693527

1.70312 -0.0693527
1.71875 -0.0691569

-2.40625 0.0654728
-2.39062 0.0662342

-2.39062 0.0662341
-2.375 0.0669696

-2.375 0.0669695
-2.35938 0.0676794

-2.35938 0.0676793
-2.34375 0.0683639

-2.34375 0.0683638
-2.32812 0.0690235

-2.32812 0.0690234
-2.3125 0.0696585

-2.3125 0.0696584
-2.29688 0.0702692

-2.29688 0.0702691
-2.28125 0.0708561

-2.28125 0.070856
-2.26562 0.0714196

-2.26562 0.0714195
-2.25 0.07196

-2.25 0.0719599
-2.23438 0.0724777

-2.23438 0.0724776
-2.21875 0.0729728

-2.21875 0.0729727
-2.20312 0.0734457

-2.20312 0.0734456
-2.1875 0.0738966

-2.1875 0.0738965
-2.17188 0.0743256

-2.17188 0.0743256
-2.15625 0.074733

-2.15625 0.074733
-2.14062 0.0751189

-2.14062 0.0751189
-2.125 0.0754834

-2.125 0.0754834
-2.10938 0.0758267

-2.10938 0.0758267
-2.09375 0.0761488

-2.09375 0.0761487
-2.07812 0.0764497

-2.07812 0.0764497
-2.0625 0.0767298

1.25 -0.0694413
1.26562 -0.0696265

1.26562 -0.0696265
1.28125 -0.0697975

1.28125 -0.0697975
1.29688 -0.0699544

1.29688 -0.0699544
1.3125 -0.0700973

1.3125 -0.0700973
1.32812 -0.0702264

1.32812 -0.0702264
1.34375 -0.0703416

1.34375 -0.0703416
1.35938 -0.0704431

1.35938 -0.0704431
1.375 -0.0705309

1.375 -0.0705309
1.39062 -0.0706052

1.39062 -0.0706052
1.40625 -0.070666

1.40625 -0.0706659
1.42188 -0.0707134

1.42188 -0.0707134
1.4375 -0.0707475

1.4375 -0.0707475
1.45312 -0.0707685

1.45312 -0.0707685
1.46875 -0.0707763

1.46875 -0.0707763
1.48438 -0.0707711

1.48438 -0.0707711
1.5 -0.070753

1.71875 -0.0691569
1.73438 -0.0689489

1.73438 -0.0689488
1.75 -0.0687287

1.75 -0.0687287
1.76562 -0.0684966

1.76562 -0.0684966
1.78125 -0.0682526

1.78125 -0.0682526
1.79688 -0.0679967

1.79688 -0.0679967
1.8125 -0.0677291

1.8125 -0.067729
1.82812 -0.0674497

1.82812 -0.0674497
1.84375 -0.0671588

1.84375 -0.0671588
1.85938 -0.0668563

1.85938 -0.0668563
1.875 -0.0665423

1.875 -0.0665423
1.89062 -0.066217

1.89062 -0.0662169
1.90625 -0.0658803

1.90625 -0.0658803
1.92188 -0.0655324

1.92188 -0.0655325
1.9375 -0.0651734

1.9375 -0.0651734
1.95312 -0.0648031

1.95312 -0.064803
1.96875 -0.0644216

1.96875 -0.0644216
1.98438 -0.0640291

1.98438 -0.0640291
2 -0.0636255

-2.0625 0.0767297
-2.04688 0.076989

-2.04688 0.076989
-2.03125 0.0772277

-2.03125 0.0772276
-2.01562 0.077446

-2.01562 0.0774459
-2 0.0776443

2 -0.0636256
2.01562 -0.0632109

2.01562 -0.0632108
2.03125 -0.0627849

-2 0.0776442
-1.98438 0.0778228

-1.98438 0.0778227
-1.96875 0.0779819

-1.96875 0.0779819
-1.95312 0.0781219

-1.95312 0.0781223
-1.95277 0.078125

-1.95272 0.078125
-1.9375 0.078243

-1.9375 0.078243
-1.92188 0.0783455

-1.92188 0.0783454
-1.90625 0.0784294

-1.90625 0.0784293
-1.89062 0.0784948

-1.89062 0.0784948
-1.875 0.078542

-1.875 0.0785419
-1.85938 0.0785709

-1.85938 0.0785709
-1.84375 0.0785817

2.03125 -0.0627822
2.04135 -0.0625

2.0416 -0.0625
2.04688 -0.0623526

2.04688 -0.0623484
2.0625 -0.0619004

2.0625 -0.0619004
2.07812 -0.06144

-1.25 0.0664884
-1.23438 0.0658728

-1.23438 0.0658728
-1.21875 0.0652433

-1.21875 0.0652433
-1.20312 0.0645999

-1.20312 0.0645999
-1.1875 0.0639427

-1.14062 0.0618886
-1.15431 0.0625

-1.14062 0.0618886
-1.125 0.0611769

-1.1875 0.0639426
-1.17188 0.0632716

-1.17188 0.0632715
-1.15625 0.0625869

-1.15625 0.0625878
-1.15428 0.0625

2.07812 -0.06144
2.09375 -0.060967

2.09375 -0.060967
2.10938 -0.0604813

2.10938 -0.0604813
2.125 -0.0599827

2.125 -0.0599827
2.14062 -0.0594712

2.14062 -0.0594712
2.15625 -0.0589467

-1.84375 0.0785816
-1.82812 0.0785744

2.15625 -0.0589467
2.17188 -0.0584089

2.17188 -0.058409
2.1875 -0.057858

2.1875 -0.057858
2.20312 -0.0572937

2.20312 -0.0572936
2.21875 -0.0567159

2.21875 -0.0567159
2.23438 -0.0561247

2.23438 -0.0561247
2.25 -0.0555198

-1.125 0.0611769
-1.10938 0.0604519

2.25 -0.0555199
2.26562 -0.0549013

2.26562 -0.0549014
2.28125 -0.054269

-1.82812 0.0785744
-1.8125 0.0785492

-1.8125 0.0785492
-1.79688 0.0785061

2.28125 -0.0542691
2.29688 -0.0536228

2.29688 -0.0536228
2.3125 -0.0529625

2.3125 -0.0529625
2.32812 -0.0522882

2.32812 -0.0522882
2.34375 -0.0515997

2.34375 -0.0515996
2.35938 -0.050897

2.35938 -0.050897
2.375 -0.0501804

-1.10938 0.0604519
-1.09375 0.0597136

2.375 -0.0501804
2.39062 -0.0494497

-1.09375 0.0597135
-1.07812 0.058962

-1.07812 0.058962
-1.0625 0.0581972

-1.0625 0.0581972
-1.04688 0.0574195

2.39062 -0.0494497
2.40625 -0.048705

2.40625 -0.048705
2.42188 -0.0479461

2.42188 -0.0479461
2.4375 -0.0471731

2.4375 -0.0471663
2.44328 -0.046875

2.4435 -0.046875
2.45312 -0.0463903

2.45312 -0.0463864
2.46875 -0.0455845

2.46875 -0.0455845
2.48438 -0.044767

2.48438 -0.0447671
2.5 -0.0439338

-1.04688 0.0574195
-1.03125 0.0566289

-1.03125 0.0566289
-1.01562 0.0558258

-1.01562 0.0558257
-1 0.0550102

-1.79688 0.0785061
-1.78125 0.0784453

-1.78125 0.0784453
-1.76562 0.0783667

-1.76562 0.0783667
-1.75 0.0782703

2.5 -0.0439339
2.51562 -0.0430846

-1.75 0.0782703
-1.73438 0.0781563

2.51562 -0.0430846
2.53125 -0.0422189

2.53125 -0.042219
2.54688 -0.0413367

2.54688 -0.0413367
2.5625 -0.0404376

2.5625 -0.0404377
2.57812 -0.0395213

2.57812 -0.0395214
2.59375 -0.0385877

2.59375 -0.0385878
2.60938 -0.0376364

2.60938 -0.0376364
2.625 -0.0366669

-1 0.0550102
-0.984375 0.0541826

-0.984375 0.0541825
-0.96875 0.0533431

-1.71875 0.0780244
-1.73067 0.078125

-1.73438 0.0781564
-1.73065 0.078125

-0.96875 0.053343
-0.953125 0.0524919

-0.953125 0.0524919
-0.9375 0.0516295

-1.71875 0.0780245
-1.70312 0.077875

2.625 -0.0366671
2.64062 -0.0356792

-0.9375 0.0516294
-0.921875 0.0507559

-0.921875 0.0507558
-0.90625 0.0498716

-1.70312 0.0778749
-1.6875 0.0777078

-0.90625 0.0498715
-0.890625 0.0489769

-0.890625 0.0489769
-0.875 0.0480722

2.64062 -0.0356792
2.65625 -0.0346726

2.65625 -0.0346727
2.67188 -0.0336472

2.67188 -0.0336473
2.6875 -0.0326023

-1.6875 0.0777078
-1.67188 0.077523

-1.67188 0.077523
-1.65625 0.0773208

-1.65625 0.0773207
-1.64062 0.0771011

-1.64062 0.0771011
-1.625 0.0768643

-1.625 0.0768642
-1.60938 0.0766105

-1.60938 0.0766104
-1.59375 0.0763399

-1.59375 0.0763399
-1.57812 0.0760529

-1.57812 0.0760528
-1.5625 0.0757496

-1.5625 0.0757495
-1.54688 0.0754303

-1.54688 0.0754302
-1.53125 0.0750951

-1.53125 0.0750951
-1.51562 0.0747443

-1.51562 0.0747443
-1.5 0.0743781

2.6875 -0.0326024
2.70312 -0.0315376

2.70312 -0.0315272
2.70712 -0.03125

2.70732 -0.03125
2.71875 -0.0304563

2.71875 -0.0304529
2.73438 -0.0293462

2.73438 -0.0293462
2.75 -0.0282175

2.75 -0.0282176
2.76562 -0.0270666

2.76562 -0.0270665
2.78125 -0.025893

-0.875 0.0480721
-0.859375 0.0471576

2.78125 -0.025893
2.79688 -0.0246972

2.79688 -0.0246972
2.8125 -0.0234788

2.8125 -0.0234789
2.82812 -0.0222375

2.82812 -0.0222376
2.84375 -0.0209728

2.84375 -0.0209729
2.85938 -0.0196842

2.85938 -0.0196841
2.875 -0.0183714

-0.84375 0.046232
-0.854622 0.046875

-0.859375 0.0471607
-0.854544 0.046875

-0.84375 0.0462333
-0.828125 0.0453003

-0.828125 0.0453003
-0.8125 0.0443587

2.875 -0.0183715
2.89062 -0.0170344

2.89062 -0.0170343
2.90625 -0.0156728

2.90625 -0.015668
2.90673 -0.015625

2.90679 -0.015625
2.92188 -0.0142869

-0.8125 0.0443587
-0.796875 0.0434087

-0.796875 0.0434086
-0.78125 0.0424503

-0.78125 0.0424503
-0.765625 0.041484

-0.765625 0.041484
-0.75 0.0405099

2.92188 -0.0142867
2.9375 -0.0128751

-0.75 0.0405098
-0.734375 0.039528

2.9375 -0.0128753
2.95312 -0.0114378

2.95312 -0.011437
2.96875 -0.00997473

2.96875 -0.00997383
2.98438 -0.00849009

2.98438 -0.00848602
3 -0.0069908

-0.734375 0.0395279
-0.71875 0.0385386

-0.71875 0.0385385
-0.703125 0.0375418

-0.703125 0.0375417
-0.6875 0.0365378

-0.6875 0.0365378
-0.671875 0.0355267

3 -0.00696143
3.03125 -0.00408177

3.03125 -0.00331933
3.0625 -0.00213239

3.0625 -0.00331305
3.125 -0.00265175

3.125 -0.00301974
3.25 -0.0021453

-0.671875 0.0355267
-0.65625 0.0345087

-0.65625 0.0345087
-0.640625 0.0334838

-0.640625 0.0334836
-0.625 0.0324523

3.25 -0.00206297
3.5 -0.00102785

-0.59375 0.0303707
-0.606918 0.03125

-0.625 0.0324523
-0.609375 0.0314149

-0.609375 0.0314186
-0.606851 0.03125

-0.59375 0.0303714
-0.578125 0.0293224

-0.578125 0.0293223
-0.5625 0.0282679

-0.5625 0.0282679
-0.546875 0.0272084

-0.546875 0.0272084
-0.53125 0.0261439

3.5 -0.00142587
3.91613 0

-0.53125 0.0261439
-0.515625 0.0250744

-0.515625 0.0250744
-0.5 0.0240002

-0.15625 -0.00047401
-0.162827 0

-0.15625 -0.000448901
-0.140625 -0.00157391

-0.140625 -0.00157375
-0.125 -0.00269686

-0.125 -0.00269696
-0.109375 -0.0038183

-0.109375 -0.00381834
-0.09375 -0.00493761

-0.09375 -0.00493766
-0.078125 -0.0060547

-0.078125 -0.00605474
-0.0625 -0.00716938

-0.0625 -0.00716942
-0.046875 -0.00828149

-0.046875 -0.00828153
-0.03125 -0.00939088

-0.03125 -0.0093909
-0.015625 -0.0104974

-0.015625 -0.0104975
0 -0.011601

-0.5 0.0240002
-0.484375 0.0229212

-0.484375 0.0229212
-0.46875 0.0218377

-0.46875 0.0218376
-0.453125 0.0207496

-0.453125 0.0207495
-0.4375 0.0196571

-0.4375 0.019657
-0.421875 0.0185603

-0.421875 0.0185603
-0.40625 0.0174596

-0.40625 0.0174595
-0.390625 0.016355

-0.375 0.015226
-0.380626 0.015625

-0.390625 0.016366
-0.380179 0.015625

-0.375 0.0152462
-0.359375 0.0141351

-0.359375 0.0141352
-0.34375 0.0130219

-0.34375 0.0130219
-0.328125 0.0119063

-0.328125 0.0119063
-0.3125 0.0107888

-0.3125 0.0107887
-0.296875 0.00966962

-0.296875 0.00966958
-0.28125 0.00854901

-0.28125 0.00854899
-0.265625 0.00742711

-0.265625 0.00742707
-0.25 0.00630402

-0.25 0.00630397
-0.234375 0.00517992

-0.234375 0.00517986
-0.21875 0.00405505

-0.21875 0.00405501
-0.203125 0.00292963

-0.203125 0.00292959
-0.1875 0.00180381

-0.1875 0.00180375
-0.171875 0.000677753

-0.171875 0.000695004
-0.162231 0

