-4 0.000482926
-3.5 0.00387106

-3.5 0.0023895
-3.25 0.0046762

-3.25 0.00450796
-3.125 0.00714089

-3.125 0.00579787
-3.0625 0.00838198

-3.0625 0.00692741
-3.03125 0.0103828

-1.5 0.137179
-1.48438 0.137474

-1.48438 0.137474
-1.46875 0.137752

-1.46875 0.137752
-1.45312 0.138011

0.21875 -0.000692466
0.214787 0

0.21875 -0.00069938
0.234375 -0.00343891

-1.45312 0.138011
-1.4375 0.138251

-1.4375 0.138252
-1.42188 0.138473

0.234375 -0.00343919
0.25 -0.00618702

-3.03125 0.0117244
-3 0.0175689

-1.42188 0.138473
-1.40625 0.138675

-1.40625 0.138675
-1.39062 0.138857

-1.39062 0.138857
-1.375 0.139019

0.25 -0.00618728
0.265625 -0.00894235

0.265625 -0.0089426
0.28125 -0.0117039

-3 0.0175429
-2.98438 0.0203579

-1.375 0.139019
-1.35938 0.139161

0.28125 -0.0117041
0.296875 -0.0144706

0.3125 -0.0172422
0.303381 -0.015625

0.296875 -0.0144701
0.303388 -0.015625

0.3125 -0.0172419
0.328125 -0.0200164

0.328125 -0.0200166
0.34375 -0.0227938

0.34375 -0.0227941
0.359375 -0.025573

0.359375 -0.0255732
0.375 -0.0283527

-1.35938 0.139161
-1.34375 0.139281

0.40625 -0.0339107
0.391286 -0.03125

0.375 -0.0283529
0.390625 -0.0311322

0.390625 -0.0311296
0.391302 -0.03125

-2.98438 0.0203594
-2.96875 0.0231159

-2.96875 0.0231154
-2.95312 0.0258113

-1.34375 0.139281
-1.32812 0.13938

0.40625 -0.0339107
0.421875 -0.0366868

-1.32812 0.13938
-1.3125 0.139457

0.421875 -0.036687
0.4375 -0.0394601

0.4375 -0.0394603
0.453125 -0.0422293

0.453125 -0.0422296
0.46875 -0.0449936

-1.3125 0.139457
-1.29688 0.139512

0.484375 -0.047774
0.479282 -0.046875

0.46875 -0.0449835
0.479466 -0.046875

1.5 -0.170048
1.51562 -0.170507

1.51562 -0.170507
1.53125 -0.170914

1.53125 -0.170914
1.54688 -0.17127

0.484375 -0.0477523
0.5 -0.0505036

1.54688 -0.17127
1.5625 -0.171574

1.5625 -0.171574
1.57812 -0.171826

-1.29688 0.139512
-1.28125 0.139545

-1.28125 0.139545
-1.26562 0.139555

-1.26562 0.139555
-1.25 0.139542

0.03125 0.0312292
0.0311231 0.03125

-2.95312 0.0258108
-2.9375 0.0284483

0 0.0363207
0.015625 0.0337847

0.015625 0.0337845
0.0311215 0.03125

0.03125 0.031229
0.046875 0.0286543

0.046875 0.0286541
0.0625 0.0260608

0.0625 0.0260606
0.078125 0.0234497

0.078125 0.0234495
0.09375 0.0208219

0.09375 0.0208217
0.109375 0.0181785

0.125 0.015523
0.1244 0.015625

0.109375 0.0181781
0.124383 0.015625

-1.25 0.139542
-1.23438 0.139505

1.59375 -0.172027
1.58183 -0.171875

1.57812 -0.171823
1.58222 -0.171875

0.125 0.0155201
0.140625 0.0128478

1.59375 -0.172026
1.60938 -0.172173

1.60938 -0.172173
1.625 -0.172267

1.625 -0.172267
1.64062 -0.172308

1.64062 -0.172308
1.65625 -0.172296

1.65625 -0.172296
1.67188 -0.172232

1.67188 -0.172231
1.6875 -0.172115

0.140625 0.0128475
0.15625 0.0101616

1.6875 -0.172115
1.70312 -0.171948

1.70312 -0.171946
1.7082 -0.171875

-2.9375 0.0284478
-2.92188 0.0310288

1.70844 -0.171875
1.71875 -0.171732

0.15625 0.0101613
0.171875 0.00746276

1.71875 -0.171731
1.73438 -0.171464

-2.92188 0.0309681
-2.92013 0.03125

-1.23438 0.139505
-1.21875 0.139443

1.73438 -0.171464
1.75 -0.171147

1.75 -0.171146
1.76562 -0.17078

1.76562 -0.17078
1.78125 -0.170364

1.78125 -0.170364
1.79688 -0.1699

1.79688 -0.1699
1.8125 -0.169387

1.8125 -0.169387
1.82812 -0.168827

1.82812 -0.168827
1.84375 -0.168218

1.84375 -0.168218
1.85938 -0.167563

1.85938 -0.167562
1.875 -0.16686

0.171875 0.0074625
0.1875 0.00475236

1.875 -0.16686
1.89062 -0.166111

-2.92055 0.03125
-2.90625 0.0335609

1.89062 -0.166111
1.90625 -0.165318

-1.21875 0.139444
-1.20312 0.139357

-1.20312 0.139357
-1.1875 0.139245

-1.1875 0.139245
-1.17188 0.139107

0.1875 0.00475213
0.203125 0.0020314

0.203125 0.00202885
0.214735 0

-2.90625 0.0335541
-2.89062 0.0360262

-2.89062 0.0360259
-2.875 0.0384453

-1.17188 0.139107
-1.15625 0.138942

-2.875 0.038445
-2.85938 0.0408131

-1.15625 0.138942
-1.14062 0.13875

-1.14062 0.13875
-1.125 0.138529

1.90625 -0.165318
1.92188 -0.164481

-1.125 0.138529
-1.10938 0.13828

-1.10938 0.13828
-1.09375 0.138001

-1.09375 0.138001
-1.07812 0.137692

-1.07812 0.137692
-1.0625 0.137353

-1.0625 0.137353
-1.04688 0.136983

-1.04688 0.136983
-1.03125 0.136581

-1.03125 0.136581
-1.01562 0.136148

-1.01562 0.136148
-1 0.135683

1.92188 -0.164481
1.9375 -0.163602

-1 0.135683
-0.984375 0.135187

-0.984375 0.135187
-0.96875 0.134658

-0.96875 0.134658
-0.953125 0.134098

-0.953125 0.134098
-0.9375 0.133505

-0.9375 0.133505
-0.921875 0.13288

-0.921875 0.13288
-0.90625 0.132222

-0.90625 0.132222
-0.890625 0.131531

-0.890625 0.131531
-0.875 0.130808

1.9375 -0.163602
1.95312 -0.162681

1.95312 -0.162681
1.96875 -0.161719

1.96875 -0.161719
1.98438 -0.160717

1.98438 -0.160717
2 -0.159674

0.5 -0.0505037
0.515625 -0.0532471

0.515625 -0.0532473
0.53125 -0.0559819

0.53125 -0.0559821
0.546875 -0.0587069

-2.85938 0.0408127
-2.84375 0.0431309

0.546875 -0.0587071
0.5625 -0.0614212

-2.84375 0.0431305
-2.82812 0.0454

-0.765625 0.124819
-0.768585 0.125

0.578125 -0.0641512
0.568578 -0.0625

-2.82812 0.0453871
-2.81766 0.046875

0.578125 -0.0641242
0.59375 -0.0668138

-2.81792 0.046875
-2.8125 0.0476465

0.59375 -0.066814
0.609375 -0.0694897

-0.765625 0.124812
-0.75 0.123821

2 -0.159674
2.01562 -0.158591

-0.875 0.130808
-0.859375 0.130052

-0.859375 0.130052
-0.84375 0.129262

0.609375 -0.06949
0.625 -0.0721511

-0.84375 0.129262
-0.828125 0.128439

0.5625 -0.0613809
0.568971 -0.0625

2.01562 -0.158591
2.03125 -0.157469

0.625 -0.0721513
0.640625 -0.0747968

0.640625 -0.0747969
0.65625 -0.077426

-2.8125 0.0476217
-2.79688 0.049798

0.671875 -0.0800628
0.660281 -0.078125

-2.79688 0.0497977
-2.78125 0.0519292

-2.78125 0.051929
-2.76562 0.0540167

-0.828125 0.128439
-0.8125 0.127583

2.03125 -0.157469
2.04688 -0.156306

-0.8125 0.127583
-0.796875 0.126693

2.04688 -0.156298
2.0475 -0.15625

0.65625 -0.0773605
0.660824 -0.078125

-0.796875 0.126693
-0.78125 0.125769

-0.78125 0.125768
-0.768719 0.125

-2.76562 0.0540165
-2.75 0.0560615

-0.75 0.123821
-0.734375 0.122795

-2.75 0.0560613
-2.73438 0.0580646

-2.73438 0.0580644
-2.71875 0.060027

-2.71875 0.0600267
-2.70312 0.0619498

-2.70312 0.0619148
-2.69827 0.0625

-0.734375 0.122796
-0.71875 0.121735

-0.71875 0.121735
-0.703125 0.12064

-0.703125 0.120641
-0.6875 0.119511

2.04762 -0.15625
2.0625 -0.155105

2.0625 -0.155105
2.07812 -0.153862

-2.69868 0.0625
-2.6875 0.0638488

2.07812 -0.153861
2.09375 -0.152579

2.09375 -0.152578
2.10938 -0.151257

-0.6875 0.119511
-0.671875 0.118345

0.671875 -0.080038
0.6875 -0.0826305

-0.671875 0.118345
-0.65625 0.117145

-2.6875 0.0638338
-2.67188 0.0656805

0.6875 -0.0826307
0.703125 -0.0852035

-0.65625 0.117145
-0.640625 0.115909

2.10938 -0.151257
2.125 -0.149898

-0.640625 0.115909
-0.625 0.114638

-2.67188 0.0656803
-2.65625 0.0674902

2.125 -0.149898
2.14062 -0.148503

-0.625 0.114638
-0.609375 0.113332

-0.609375 0.113332
-0.59375 0.11199

-2.65625 0.06749
-2.64062 0.069264

-0.59375 0.11199
-0.578125 0.110613

-2.64062 0.0692638
-2.625 0.0710028

0.703125 -0.0852038
0.71875 -0.087756

-2.625 0.0710025
-2.60938 0.0727073

-0.5625 0.109218
-0.564234 0.109375

2.14062 -0.148502
2.15625 -0.147071

-0.578125 0.110611
-0.564446 0.109375

0.71875 -0.0877563
0.734375 -0.0902871

-0.5625 0.109202
-0.546875 0.107754

0.734375 -0.0902872
0.75 -0.0927958

-0.546875 0.107754
-0.53125 0.106271

-2.60938 0.0727071
-2.59375 0.0743784

2.15625 -0.147071
2.17188 -0.145604

0.765625 -0.0953268
0.755711 -0.09375

-2.59375 0.0743782
-2.57812 0.0760169

0.765625 -0.0952816
0.78125 -0.097742

0.75 -0.0927248
0.756446 -0.09375

-0.53125 0.106271
-0.515625 0.104753

0.78125 -0.0977421
0.796875 -0.100177

-0.515625 0.104753
-0.5 0.103198

2.17188 -0.145603
2.1875 -0.144101

0.796875 -0.100177
0.8125 -0.102585

-2.57812 0.0760167
-2.5625 0.0776234

0.8125 -0.102586
0.828125 -0.104967

0.828125 -0.104967
0.84375 -0.10732

-2.5625 0.0776038
-2.55733 0.078125

-2.55762 0.078125
-2.54688 0.0792081

2.1875 -0.144101
2.20312 -0.142563

2.20312 -0.142562
2.21875 -0.14099

2.21875 -0.140935
2.22176 -0.140625

2.22245 -0.140625
2.23438 -0.139399

2.23438 -0.139384
2.25 -0.137742

-0.5 0.103198
-0.484375 0.101608

-0.484375 0.101608
-0.46875 0.0999825

-0.46875 0.0999824
-0.453125 0.0983214

-0.453125 0.0983214
-0.4375 0.0966253

-0.40625 0.0931443
-0.411611 0.09375

-0.4375 0.0966253
-0.421875 0.0948945

-0.421875 0.0948863
-0.411817 0.09375

-0.40625 0.0931293
-0.390625 0.0913295

2.25 -0.137742
2.26562 -0.136066

-0.390625 0.0913294
-0.375 0.089495

0.859375 -0.109672
0.857382 -0.109375

0.84375 -0.107316
0.857593 -0.109375

0.859375 -0.109644
0.875 -0.111938

2.26562 -0.136066
2.28125 -0.134355

0.96875 -0.125014
0.968642 -0.125

0.96875 -0.125018
0.984375 -0.127075

-0.375 0.0894949
-0.359375 0.0876264

0.984375 -0.127071
1 -0.12909

-0.359375 0.0876263
-0.34375 0.0857239

2.28125 -0.134355
2.29688 -0.13261

-2.54688 0.0791987
-2.53125 0.0807436

2.29688 -0.13261
2.3125 -0.130831

0.875 -0.111938
0.890625 -0.1142

0.890625 -0.114201
0.90625 -0.11643

0.90625 -0.116431
0.921875 -0.118627

2.3125 -0.130831
2.32812 -0.129018

0.921875 -0.118628
0.9375 -0.120791

-2.53125 0.0807434
-2.51562 0.0822586

-2.51562 0.0822584
-2.5 0.0837446

2.32812 -0.129018
2.34375 -0.127171

0.9375 -0.120791
0.953125 -0.122919

-0.34375 0.0857238
-0.328125 0.0837882

0.953125 -0.122919
0.968652 -0.125

0.96875 -0.124867
0.969758 -0.125

2.34375 -0.127171
2.35938 -0.12529

2.35938 -0.125241
2.36134 -0.125

-2.5 0.0837444
-2.48438 0.0852023

2.36181 -0.125
2.375 -0.123385

-2.48438 0.0852022
-2.46875 0.0866326

-2.46875 0.0866324
-2.45312 0.088036

2.375 -0.123376
2.39062 -0.121428

2.39062 -0.121428
2.40625 -0.119445

2.40625 -0.119445
2.42188 -0.117427

-0.328125 0.0837881
-0.3125 0.0818198

2.42188 -0.117427
2.4375 -0.115376

-2.45312 0.0880358
-2.4375 0.0894131

2.4375 -0.115376
2.45312 -0.11329

2.45312 -0.11329
2.46875 -0.11117

1 -0.12909
1.01562 -0.13107

2.46875 -0.111138
2.48154 -0.109375

1.01562 -0.13107
1.03125 -0.133011

1.03125 -0.133011
1.04688 -0.134912

1.04688 -0.134912
1.0625 -0.136773

1.0625 -0.136773
1.07812 -0.138592

1.07812 -0.138592
1.09375 -0.140371

-2.4375 0.089413
-2.42188 0.0907645

-2.42188 0.0907644
-2.40625 0.0920908

-2.40625 0.0920906
-2.39062 0.0933923

2.48354 -0.109375
2.48438 -0.109259

-2.39062 0.0933842
-2.38615 0.09375

-2.38629 0.09375
-2.375 0.0946726

2.48438 -0.109018
2.5 -0.106831

1.10938 -0.142154
1.09561 -0.140625

-0.3125 0.0818197
-0.296875 0.0798191

1.09375 -0.140172
1.09782 -0.140625

1.10938 -0.142107
1.125 -0.143799

-2.375 0.0946693
-2.35938 0.0959225

-2.35938 0.0959224
-2.34375 0.0971519

-2.34375 0.0971518
-2.32812 0.0983581

-2.32812 0.098358
-2.3125 0.0995418

-0.28125 0.0778085
-0.283683 0.078125

-0.296875 0.0798148
-0.283883 0.078125

-0.28125 0.0777869
-0.265625 0.0757232

2.5 -0.106831
2.51562 -0.104609

2.51562 -0.104609
2.53125 -0.102352

-2.3125 0.0995416
-2.29688 0.100703

2.53125 -0.102352
2.54688 -0.10006

1.125 -0.143799
1.14062 -0.145446

-2.29688 0.100703
-2.28125 0.101844

1.14062 -0.145446
1.15625 -0.147048

-2.28125 0.101844
-2.26562 0.102963

2.54688 -0.10006
2.5625 -0.0977321

-0.265625 0.075723
-0.25 0.0736278

1.15625 -0.147048
1.17188 -0.148604

-2.26562 0.102963
-2.25 0.104062

2.5625 -0.097732
2.57812 -0.0953683

-2.25 0.104062
-2.23438 0.105142

1.17188 -0.148605
1.1875 -0.150115

-2.23438 0.105142
-2.21875 0.106202

-2.21875 0.106202
-2.20312 0.107243

1.1875 -0.150115
1.20312 -0.15158

-0.25 0.0736277
-0.234375 0.0715018

-2.20312 0.107243
-2.1875 0.108265

-0.234375 0.0715016
-0.21875 0.0693455

1.20312 -0.15158
1.21875 -0.152999

-0.21875 0.0693453
-0.203125 0.0671597

1.21875 -0.152999
1.23438 -0.154371

2.57812 -0.0952858
2.58813 -0.09375

2.5899 -0.09375
2.59375 -0.0931591

-0.203125 0.0671595
-0.1875 0.064945

-0.15625 0.0604321
-0.17048 0.0625

-0.15625 0.0604314
-0.140625 0.0581332

-2.1875 0.108265
-2.17188 0.10927

-0.140625 0.058133
-0.125 0.0558078

2.59375 -0.0929696
2.60938 -0.090534

-0.1875 0.0649448
-0.171875 0.0627021

1.23438 -0.154371
1.25 -0.155697

2.60938 -0.090534
2.625 -0.0880613

-2.17188 0.109268
-2.17017 0.109375

-2.17021 0.109375
-2.15625 0.110256

2.625 -0.0880615
2.64062 -0.0855513

-0.171875 0.0626964
-0.170524 0.0625

2.64062 -0.0855511
2.65625 -0.0830034

1.26562 -0.157025
1.25615 -0.15625

1.26562 -0.156975
1.28125 -0.158204

1.25 -0.155633
1.25755 -0.15625

1.28125 -0.158204
1.29688 -0.159382

1.29688 -0.159382
1.3125 -0.160511

1.3125 -0.160511
1.32812 -0.161589

1.32812 -0.161589
1.34375 -0.162616

1.34375 -0.162616
1.35938 -0.163592

1.35938 -0.163592
1.375 -0.164517

-2.15625 0.110255
-2.14062 0.111223

1.375 -0.164517
1.39062 -0.16539

-2.14062 0.111223
-2.125 0.112173

-0.125 0.0558076
-0.109375 0.0534562

-2.125 0.112173
-2.10938 0.113105

-0.109375 0.053456
-0.09375 0.0510792

2.65625 -0.0830033
2.67188 -0.0804188

-0.09375 0.0510791
-0.078125 0.0486777

2.67188 -0.0803972
2.68542 -0.078125

1.39062 -0.16539
1.40625 -0.166211

-2.10938 0.113105
-2.09375 0.11402

1.40625 -0.166211
1.42188 -0.16698

-0.0625 0.0462736
-0.0663747 0.046875

1.42188 -0.16698
1.4375 -0.167697

-0.078125 0.0486702
-0.0665592 0.046875

1.4375 -0.167697
1.45312 -0.168362

-0.0625 0.0462523
-0.046875 0.0438034

2.68697 -0.078125
2.6875 -0.0780361

-0.046875 0.0438031
-0.03125 0.0413311

2.6875 -0.077798
2.70312 -0.0751385

-0.03125 0.0413309
-0.015625 0.0388366

1.45312 -0.168362
1.46875 -0.168976

1.46875 -0.168975
1.48438 -0.169537

1.48438 -0.169537
1.5 -0.170048

-2.09375 0.11402
-2.07812 0.114917

-2.07812 0.114917
-2.0625 0.115798

-0.015625 0.0388364
0 0.0363209

2.70312 -0.0751386
2.71875 -0.07244

2.71875 -0.0724402
2.73438 -0.0697017

2.73438 -0.0697016
2.75 -0.0669231

-2.0625 0.115798
-2.04688 0.116661

2.75 -0.0669231
2.76562 -0.0641046

2.76562 -0.0639143
2.77336 -0.0625

-2.04688 0.116661
-2.03125 0.117508

-2.03125 0.117508
-2.01562 0.118338

-2.01562 0.118338
-2 0.119153

2.77579 -0.0625
2.78125 -0.061501

2.78125 -0.0612461
2.79688 -0.0583483

2.79688 -0.0583483
2.8125 -0.0554108

2.8125 -0.055411
2.82812 -0.0524333

2.82812 -0.0524335
2.84375 -0.0494146

2.84375 -0.0493751
2.85651 -0.046875

2.85801 -0.046875
2.85938 -0.0466076

2.85938 -0.0463543
2.875 -0.0432511

-2 0.119153
-1.98438 0.119952

-1.98438 0.119952
-1.96875 0.120736

-1.96875 0.120736
-1.95312 0.121505

-1.95312 0.121505
-1.9375 0.122259

-1.9375 0.122259
-1.92188 0.122998

-1.92188 0.122998
-1.90625 0.123724

-1.90625 0.123724
-1.89062 0.124434

-1.89062 0.124435
-1.87793 0.125

2.875 -0.0432513
2.89062 -0.0401048

2.89062 -0.0401048
2.90625 -0.0369146

-1.87793 0.125
-1.875 0.12513

-1.875 0.125131
-1.85938 0.125812

-1.85938 0.125812
-1.84375 0.126479

-1.84375 0.126479
-1.82812 0.127131

-1.82812 0.127131
-1.8125 0.127767

-1.8125 0.127767
-1.79688 0.128389

-1.79688 0.128389
-1.78125 0.128997

2.90625 -0.0369142
2.92188 -0.0336813

2.92188 -0.0336346
2.93325 -0.03125

2.93418 -0.03125
2.9375 -0.0305533

-1.78125 0.128997
-1.76562 0.129588

-1.76562 0.129589
-1.75 0.130165

2.9375 -0.0304059
2.95312 -0.0270853

2.95312 -0.0270847
2.96875 -0.0237205

-1.75 0.130165
-1.73438 0.130727

-1.73438 0.130727
-1.71875 0.131272

-1.71875 0.131272
-1.70312 0.131802

-1.70312 0.131802
-1.6875 0.132316

-1.6875 0.132316
-1.67188 0.132813

-1.67188 0.132813
-1.65625 0.133293

-1.65625 0.133293
-1.64062 0.133757

-1.64062 0.133757
-1.625 0.134204

2.96875 -0.023718
2.98438 -0.0203164

2.98438 -0.0203139
3 -0.0168848

-1.625 0.134204
-1.60938 0.134635

-1.60938 0.134635
-1.59375 0.135049

-1.59375 0.135049
-1.57812 0.135446

-1.57812 0.135446
-1.5625 0.135826

-1.5625 0.135826
-1.54688 0.13619

-1.54688 0.13619
-1.53125 0.136537

-1.53125 0.136537
-1.51562 0.136867

-1.51562 0.136867
-1.5 0.137179

3 -0.0168942
3.03125 -0.00995288

3.03125 -0.0082175
3.0625 -0.00463362

3.0625 -0.00686376
3.125 -0.00443194

3.125 -0.00564187
3.25 -0.00331811

3.25 -0.00368852
3.5 -0.00148916

3.5 -0.00257848
3.88184 0

