-4 0.000435108
-3.5 0.00487538

-3.5 0.00296449
-3.25 0.00594898

-3.25 0.00592737
-3.125 0.00926272

-3.125 0.00831382
-3.0625 0.0111156

-3.0625 0.00952098
-3.03125 0.0127725

-3.03125 0.014014
-3 0.0198221

-3 0.0198331
-2.98438 0.0227622

-2.98438 0.0227639
-2.96875 0.0256926

-2.96875 0.0256936
-2.95312 0.0286165

-2.95312 0.0286221
-2.93903 0.03125

-2.93875 0.03125
-2.9375 0.0314824

-2.9375 0.0315314
-2.92188 0.0344333

-2.92188 0.0344338
-2.90625 0.0373222

-2.90625 0.0373225
-2.89062 0.0401961

-2.89062 0.0401966
-2.875 0.0430537

-2.875 0.0430542
-2.85938 0.0458928

-2.85938 0.0461319
-2.85526 0.046875

-2.85329 0.046875
-2.84375 0.0485959

-2.84375 0.0487119
-2.82812 0.0515083

-2.82812 0.0515088
-2.8125 0.0542815

-2.8125 0.054282
-2.79688 0.0570294

-2.79688 0.0570298
-2.78125 0.0597499

-2.78125 0.0597504
-2.76562 0.0624414

-2.76562 0.0624603
-2.76539 0.0625

-2.76528 0.0625
-2.75 0.0651019

-1.5 0.113376
-1.48438 0.112226

-1.48438 0.112226
-1.46875 0.111055

-1.46875 0.111055
-1.45312 0.109864

-1.4375 0.108664
-1.44668 0.109375

-1.45312 0.109848
-1.44702 0.109375

-1.4375 0.108653
-1.42188 0.107424

-1.42188 0.107423
-1.40625 0.106176

-1.40625 0.106176
-1.39062 0.104911

-1.39062 0.104911
-1.375 0.103631

-2.75 0.0651026
-2.73438 0.0677311

-2.73438 0.0677315
-2.71875 0.0703266

-2.71875 0.070327
-2.70312 0.0728869

-2.70312 0.0728874
-2.6875 0.0754106

-2.6875 0.0754111
-2.67188 0.0778957

-1.375 0.103631
-1.35938 0.102336

-1.35938 0.102335
-1.34375 0.101026

-1.34375 0.101026
-1.32812 0.0997027

-2.67188 0.0779401
-2.67069 0.078125

-2.67038 0.078125
-2.65625 0.0803363

-2.65625 0.0803407
-2.64062 0.0827437

-1.32812 0.0997026
-1.3125 0.0983664

-1.3125 0.0983663
-1.29688 0.0970178

-2.64062 0.082744
-2.625 0.0851042

-2.625 0.0851046
-2.60938 0.0874206

-2.60938 0.087421
-2.59375 0.0896915

-2.59375 0.0896918
-2.57812 0.0919154

-2.57812 0.0919472
-2.56517 0.09375

-2.56281 0.09375
-2.5625 0.0937927

-2.5625 0.094091
-2.54688 0.0962163

-1.29688 0.0970177
-1.28125 0.0956572

-1.25 0.0929188
-1.25939 0.09375

-1.28125 0.095657
-1.26562 0.0942854

-2.54688 0.0962167
-2.53125 0.0982912

-2.53125 0.0982915
-2.51562 0.100314

-1.26562 0.0942604
-1.25986 0.09375

1.5 -0.102421
1.51562 -0.102756

0 -0.0205556
0.015625 -0.0217996

1.51562 -0.102756
1.53125 -0.103075

1.53125 -0.103075
1.54688 -0.103378

-2.51562 0.100314
-2.5 0.102284

1.54688 -0.103378
1.5625 -0.103665

1.5625 -0.103665
1.57812 -0.103936

1.57812 -0.103936
1.59375 -0.104191

0.015625 -0.0217997
0.03125 -0.0230369

0.03125 -0.0230369
0.046875 -0.0242671

-2.5 0.102284
-2.48438 0.104199

1.59375 -0.104191
1.60938 -0.104429

-2.48438 0.104199
-2.46875 0.106059

-2.46875 0.106059
-2.45312 0.107862

0.046875 -0.0242672
0.0625 -0.0254901

0.0625 -0.0254902
0.078125 -0.0267057

0.078125 -0.0267057
0.09375 -0.0279136

0.09375 -0.0279136
0.109375 -0.0291138

0.109375 -0.0291139
0.125 -0.0303062

1.60938 -0.104429
1.625 -0.104651

-2.45312 0.107861
-2.43957 0.109375

1.625 -0.104651
1.64062 -0.104856

-2.43967 0.109375
-2.4375 0.109617

-2.4375 0.109608
-2.42188 0.111296

1.64062 -0.104856
1.65625 -0.105043

0.140625 -0.0314413
0.138102 -0.03125

1.65625 -0.105043
1.67188 -0.105213

-2.42188 0.111296
-2.40625 0.112925

-2.40625 0.112925
-2.39062 0.114495

1.67188 -0.105214
1.6875 -0.105366

1.6875 -0.105366
1.70312 -0.1055

1.70312 -0.105501
1.71875 -0.105616

1.71875 -0.105617
1.73438 -0.105714

1.73438 -0.105714
1.75 -0.105791

0.140625 -0.0314904
0.15625 -0.0326679

1.75 -0.105791
1.76562 -0.105849

1.76562 -0.105849
1.78125 -0.105887

-2.39062 0.114495
-2.375 0.116005

1.78125 -0.105888
1.79688 -0.105905

1.79688 -0.105905
1.8125 -0.105902

1.8125 -0.105902
1.82812 -0.105878

0.125 -0.0303176
0.1373 -0.03125

-2.375 0.116005
-2.35938 0.117454

0.15625 -0.032668
0.171875 -0.033839

1.82812 -0.105878
1.84375 -0.105833

0.171875 -0.033839
0.1875 -0.0350033

-2.35938 0.117454
-2.34375 0.118843

0.1875 -0.0350033
0.203125 -0.0361608

1.84375 -0.105833
1.85938 -0.105766

-1.25 0.0929028
-1.23438 0.0915095

-1.23438 0.0915092
-1.21875 0.0901059

-1.21875 0.0901057
-1.20312 0.0886934

-1.20312 0.0886932
-1.1875 0.0872727

-1.1875 0.0872725
-1.17188 0.0858446

-1.17188 0.0858444
-1.15625 0.0844099

-1.15625 0.0844097
-1.14062 0.0829691

-1.14062 0.082969
-1.125 0.081523

-1.125 0.0815229
-1.10938 0.0800719

-1.10938 0.0800716
-1.09375 0.0786164

-1.07812 0.0771783
-1.08826 0.078125

-1.09375 0.0785741
-1.08894 0.078125

-1.07812 0.077157
-1.0625 0.0756931

-1.0625 0.075693
-1.04688 0.0742254

-1.04688 0.0742252
-1.03125 0.0727545

-1.03125 0.0727544
-1.01562 0.071281

-1.01562 0.0712808
-1 0.0698051

1.85938 -0.105766
1.875 -0.105677

-1 0.069805
-0.984375 0.0683275

-0.984375 0.0683274
-0.96875 0.0668483

-0.96875 0.0668484
-0.953125 0.0653677

-0.953125 0.0653676
-0.9375 0.0638856

-0.921875 0.0624087
-0.922837 0.0625

-0.921875 0.0624026
-0.90625 0.0609181

-0.90625 0.0609179
-0.890625 0.0594318

-2.34375 0.118843
-2.32812 0.120171

-0.890625 0.0594317
-0.875 0.0579449

-0.9375 0.063885
-0.922909 0.0625

1.875 -0.105677
1.89062 -0.105565

1.89062 -0.105565
1.90625 -0.105431

1.90625 -0.105431
1.92188 -0.105274

-0.875 0.0579449
-0.859375 0.0564576

1.92188 -0.105274
1.9375 -0.105093

-0.859375 0.0564575
-0.84375 0.0549699

1.9375 -0.105093
1.95312 -0.104888

-0.84375 0.0549698
-0.828125 0.0534821

-2.32812 0.120171
-2.3125 0.121437

-0.828125 0.053482
-0.8125 0.0519948

0.203125 -0.0361609
0.21875 -0.0373114

1.95312 -0.104888
1.96875 -0.104658

0.21875 -0.0373114
0.234375 -0.0384547

-2.3125 0.121437
-2.29688 0.122641

-2.29688 0.122641
-2.28125 0.123782

-2.28125 0.123782
-2.26562 0.12486

-2.26562 0.124857
-2.26343 0.125

0.234375 -0.0384548
0.25 -0.0395908

-0.8125 0.0519947
-0.796875 0.0505082

-0.796875 0.0505082
-0.78125 0.0490226

0.25 -0.0395908
0.265625 -0.0407193

0.265625 -0.0407193
0.28125 -0.0418401

1.96875 -0.104658
1.98438 -0.104404

-2.26348 0.125
-2.25 0.125876

1.98438 -0.104404
2 -0.104125

-0.78125 0.0490224
-0.765625 0.0475381

0.28125 -0.0418401
0.296875 -0.042953

0.296875 -0.0429531
0.3125 -0.044058

-2.25 0.125876
-2.23438 0.126829

-2.23438 0.126829
-2.21875 0.127719

-2.21875 0.127719
-2.20312 0.128547

-2.20312 0.128547
-2.1875 0.129313

0.3125 -0.044058
0.328125 -0.0451549

0.328125 -0.0451551
0.34375 -0.0462436

-0.75 0.0460883
-0.758287 0.046875

0.359375 -0.0472321
0.354211 -0.046875

0.34375 -0.0463048
0.351996 -0.046875

-0.765625 0.0474974
-0.759068 0.046875

0.359375 -0.0473236
0.375 -0.048397

2 -0.104126
2.01562 -0.103821

2.01562 -0.103821
2.03125 -0.103492

-2.1875 0.129313
-2.17188 0.130017

2.03125 -0.103492
2.04688 -0.103137

-2.17188 0.130017
-2.15625 0.13066

0.375 -0.0483971
0.390625 -0.0494637

-2.15625 0.130659
-2.14062 0.131241

0.390625 -0.0494637
0.40625 -0.0505233

-0.75 0.0460553
-0.734375 0.0445725

0.40625 -0.0505233
0.421875 -0.0515758

2.04688 -0.103137
2.0625 -0.102756

-2.14062 0.131241
-2.125 0.131763

2.0625 -0.102756
2.07812 -0.102348

0.421875 -0.0515758
0.4375 -0.052621

2.07812 -0.102348
2.09375 -0.101913

0.4375 -0.052621
0.453125 -0.0536587

2.09375 -0.101913
2.10938 -0.10145

-2.125 0.131763
-2.10938 0.132225

-0.734375 0.0445724
-0.71875 0.0430906

2.10938 -0.10145
2.125 -0.100959

-0.71875 0.0430905
-0.703125 0.04161

0.453125 -0.0536587
0.46875 -0.0546887

-2.10938 0.132224
-2.09375 0.132627

2.125 -0.100959
2.14062 -0.100439

-0.703125 0.0416099
-0.6875 0.0401311

-2.09375 0.132627
-2.07812 0.132972

-2.07812 0.132972
-2.0625 0.13326

-0.6875 0.040131
-0.671875 0.0386542

-0.671875 0.0386541
-0.65625 0.0371799

2.14062 -0.100439
2.15625 -0.0998894

2.15625 -0.0998895
2.17188 -0.0993101

2.17188 -0.0993103
2.1875 -0.0987008

2.1875 -0.0987008
2.20312 -0.0980609

-2.0625 0.13326
-2.04688 0.133491

2.20312 -0.0980611
2.21875 -0.0973902

-2.04688 0.133491
-2.03125 0.133667

0.46875 -0.0546887
0.484375 -0.0557108

-2.03125 0.133667
-2.01562 0.133788

2.21875 -0.0973903
2.23438 -0.0966879

0.484375 -0.0557108
0.5 -0.0567248

2.23438 -0.096688
2.25 -0.0959535

-0.65625 0.0371798
-0.640625 0.0357084

2.25 -0.0959536
2.26562 -0.0951865

-0.640625 0.0357083
-0.625 0.0342401

-2.01562 0.133788
-2 0.133855

0.5 -0.0567248
0.515625 -0.0577305

0.515625 -0.0577305
0.53125 -0.0587278

2.26562 -0.0951865
2.28125 -0.0943867

2.28125 -0.0943899
2.29327 -0.09375

-0.625 0.0342402
-0.609375 0.0327753

-0.609375 0.0327752
-0.59375 0.0313134

-0.578125 0.0298562
-0.593055 0.03125

-0.578125 0.0298547
-0.5625 0.0283992

2.29299 -0.09375
2.29688 -0.0935434

2.29688 -0.0935543
2.3125 -0.0926914

0.53125 -0.0587278
0.546875 -0.0597164

-2 0.133855
-1.98438 0.133868

0.546875 -0.0597164
0.5625 -0.0606962

-0.5625 0.0283993
-0.546875 0.0269469

2.3125 -0.0926916
2.32812 -0.0917975

-0.546875 0.0269468
-0.53125 0.0254978

-1.98438 0.133868
-1.96875 0.133828

0.59375 -0.0625666
0.592668 -0.0625

-1.96875 0.133828
-1.95312 0.133736

2.32812 -0.0917975
2.34375 -0.0908717

-0.53125 0.0254977
-0.515625 0.0240525

2.34375 -0.0908719
2.35938 -0.0899141

2.35938 -0.0899145
2.375 -0.0889238

-0.515625 0.0240524
-0.5 0.0226114

-1.95312 0.133735
-1.9375 0.133592

0.59375 -0.0626286
0.609375 -0.0635821

0.609375 -0.0635821
0.625 -0.064528

0.5625 -0.0606963
0.578125 -0.0616671

0.578125 -0.0616746
0.591534 -0.0625

-1.9375 0.133592
-1.92188 0.133399

0.625 -0.064528
0.640625 -0.0654661

-1.92188 0.133398
-1.90625 0.133156

2.375 -0.088924
2.39062 -0.0878993

-1.90625 0.133156
-1.89062 0.132866

0.640625 -0.0654661
0.65625 -0.0663963

-1.89062 0.132865
-1.875 0.132528

-0.234375 -0.00106666
-0.246746 0

0.65625 -0.0663963
0.671875 -0.0673185

-0.234375 -0.00109447
-0.21875 -0.00243693

2.39062 -0.0878996
2.40625 -0.0868401

-0.21875 -0.00243689
-0.203125 -0.00377364

2.40625 -0.0868401
2.42188 -0.0857449

0.671875 -0.0673185
0.6875 -0.0682325

2.42188 -0.0857452
2.4375 -0.0846136

-1.875 0.132528
-1.85938 0.132146

-0.203125 -0.00377373
-0.1875 -0.00510466

2.4375 -0.0846136
2.45312 -0.0834451

-0.1875 -0.00510471
-0.171875 -0.00642954

2.45312 -0.0834454
2.46875 -0.0822394

-0.171875 -0.00642963
-0.15625 -0.00774809

2.46875 -0.0822396
2.48438 -0.0809952

-1.85938 0.132146
-1.84375 0.131719

2.48438 -0.0809953
2.5 -0.079712

0.6875 -0.0682326
0.703125 -0.0691382

-0.15625 -0.00774814
-0.140625 -0.00905994

-0.140625 -0.00905998
-0.125 -0.0103649

0.703125 -0.0691383
0.71875 -0.0700355

-0.125 -0.0103649
-0.109375 -0.011663

-1.84375 0.131719
-1.82812 0.13125

-0.109375 -0.0116631
-0.09375 -0.012954

-0.09375 -0.0129539
-0.078125 -0.0142379

2.5 -0.0797122
2.51562 -0.0783895

2.51562 -0.0784695
2.51958 -0.078125

-0.078125 -0.0142381
-0.0625 -0.0155146

-0.046875 -0.0167784
-0.0610695 -0.015625

-0.046875 -0.0167839
-0.03125 -0.0180476

2.5184 -0.078125
2.53125 -0.0770056

-0.03125 -0.0180475
-0.015625 -0.0193048

2.53125 -0.0770281
2.54688 -0.0756305

-1.82812 0.131249
-1.8125 0.130738

2.54688 -0.0756306
2.5625 -0.0741952

0.71875 -0.0700355
0.734375 -0.0709241

-0.015625 -0.0193049
0 -0.0205556

0.734375 -0.0709241
0.75 -0.071804

2.5625 -0.0741954
2.57812 -0.0727217

-0.5 0.0226114
-0.484375 0.0211749

0.75 -0.071804
0.765625 -0.072675

2.57812 -0.0727222
2.59375 -0.0712088

0.765625 -0.072675
0.78125 -0.0735371

-1.8125 0.130738
-1.79688 0.130185

2.59375 -0.0712089
2.60938 -0.0696547

-1.79688 0.130185
-1.78125 0.129593

0.78125 -0.0735371
0.796875 -0.0743901

-1.78125 0.129592
-1.76562 0.128962

-0.484375 0.0211748
-0.46875 0.019743

2.60938 -0.0696551
2.625 -0.068059

-0.46875 0.0197429
-0.453125 0.0183162

-1.76562 0.128961
-1.75 0.128293

0.796875 -0.0743901
0.8125 -0.0752339

-0.453125 0.0183162
-0.4375 0.0168947

-1.67188 0.124434
-1.68243 0.125

-0.421875 0.0154966
-0.423292 0.015625

0.8125 -0.0752339
0.828125 -0.0760683

-0.4375 0.0168928
-0.423511 0.015625

-0.421875 0.0154789
-0.40625 0.0140678

2.625 -0.068059
2.64062 -0.0664205

-0.40625 0.0140676
-0.390625 0.012661

0.828125 -0.0760683
0.84375 -0.0768934

-1.67188 0.12443
-1.65625 0.123561

0.84375 -0.0768935
0.859375 -0.0777089

-1.65625 0.12356
-1.64062 0.122662

-0.390625 0.0126609
-0.375 0.0112591

-1.64062 0.122661
-1.625 0.121734

2.64062 -0.0664208
2.65625 -0.0647391

0.875 -0.0784764
0.868188 -0.078125

2.65625 -0.0647393
2.67188 -0.0630134

0.859375 -0.0777444
0.866754 -0.078125

-1.75 0.128293
-1.73438 0.127589

-1.73438 0.127588
-1.71875 0.126849

-1.71875 0.126848
-1.70312 0.126075

-1.70312 0.126074
-1.6875 0.125268

-1.6875 0.125259
-1.68267 0.125

2.67188 -0.0631138
2.6773 -0.0625

2.67601 -0.0625
2.6875 -0.0611989

-0.375 0.011259
-0.359375 0.00986239

-0.359375 0.00986228
-0.34375 0.00847121

0.875 -0.0785145
0.890625 -0.079312

0.890625 -0.079312
0.90625 -0.0801013

-1.625 0.121734
-1.60938 0.120779

0.90625 -0.0801013
0.921875 -0.0808823

0.921875 -0.0808823
0.9375 -0.0816552

-0.34375 0.00847118
-0.328125 0.00708594

-1.60938 0.120778
-1.59375 0.119796

-0.328125 0.00708589
-0.3125 0.00570663

2.6875 -0.0612435
2.70312 -0.059432

0.9375 -0.0816552
0.953125 -0.0824197

2.70312 -0.0594322
2.71875 -0.0575779

-1.59375 0.119796
-1.57812 0.118787

-0.3125 0.00570661
-0.296875 0.0043335

2.71875 -0.057578
2.73438 -0.0556805

-0.296875 0.00433344
-0.28125 0.00296663

0.953125 -0.0824197
0.96875 -0.0831758

-1.57812 0.118787
-1.5625 0.117753

0.96875 -0.0831759
0.984375 -0.0839235

0.984375 -0.0839235
1 -0.0846625

-0.28125 0.00296676
-0.265625 0.00160613

-1.5625 0.117753
-1.54688 0.116694

-0.265625 0.00160547
-0.25 0.000252071

-1.54688 0.116694
-1.53125 0.115611

-1.53125 0.115611
-1.51562 0.114505

2.73438 -0.055681
2.75 -0.0537392

-0.25 7.16506e-05
-0.249169 0

2.75 -0.0537393
2.76562 -0.0517518

2.76562 -0.0517522
2.78125 -0.0497178

-1.51562 0.114504
-1.5 0.113376

1 -0.0846625
1.01562 -0.0853926

1.01562 -0.0853927
1.03125 -0.0861138

2.78125 -0.0497182
2.79688 -0.0476355

2.79688 -0.0477547
2.80333 -0.046875

2.80194 -0.046875
2.8125 -0.0454342

2.8125 -0.0455041
2.82812 -0.0433258

2.82812 -0.0433259
2.84375 -0.0411

1.03125 -0.0861139
1.04688 -0.0868259

1.04688 -0.0868259
1.0625 -0.0875286

2.84375 -0.0411002
2.85938 -0.0388262

2.85938 -0.0388269
2.875 -0.0365033

2.875 -0.0365032
2.89062 -0.0341289

2.89062 -0.0341296
2.90625 -0.0317034

1.0625 -0.0875286
1.07812 -0.0882216

1.07812 -0.0882217
1.09375 -0.0889048

1.09375 -0.0889048
1.10938 -0.0895777

2.90625 -0.0319619
2.91074 -0.03125

2.90864 -0.03125
2.92188 -0.0291512

1.10938 -0.0895777
1.125 -0.09024

2.92188 -0.0292246
2.9375 -0.0266938

2.9375 -0.0266943
2.95312 -0.02411

2.95312 -0.0241125
2.96875 -0.0214684

1.125 -0.0902401
1.14062 -0.0908913

1.14062 -0.0908914
1.15625 -0.0915314

2.96875 -0.0214716
2.98438 -0.0187562

2.98438 -0.01876
3 -0.0159592

1.15625 -0.0915315
1.17188 -0.0921598

1.17188 -0.0921599
1.1875 -0.0927762

1.21875 -0.0939443
1.21362 -0.09375

1.1875 -0.0927763
1.20312 -0.0933802

1.20312 -0.0933958
1.21249 -0.09375

1.21875 -0.0939711
1.23438 -0.0945502

1.23438 -0.0945503
1.25 -0.0951175

3 -0.0160069
3.03125 -0.0100277

3.03125 -0.00832934
3.0625 -0.00522755

3.0625 -0.00735891
3.125 -0.00517826

3.125 -0.00611565
3.25 -0.00379931

1.25 -0.0951176
1.26562 -0.0956728

1.26562 -0.0956729
1.28125 -0.096216

3.25 -0.00401561
3.5 -0.00175533

1.28125 -0.096216
1.29688 -0.0967467

1.29688 -0.0967468
1.3125 -0.0972648

3.5 -0.00289177
3.90526 0

3.85851 0
4 0.000520435

1.3125 -0.0972648
1.32812 -0.0977701

1.32812 -0.0977701
1.34375 -0.0982623

1.34375 -0.0982623
1.35938 -0.0987412

1.35938 -0.0987413
1.375 -0.0992068

1.375 -0.0992068
1.39062 -0.0996586

1.39062 -0.0996587
1.40625 -0.100097

1.40625 -0.100097
1.42188 -0.100521

1.42188 -0.100521
1.4375 -0.10093

1.4375 -0.10093
1.45312 -0.101326

1.45312 -0.101326
1.46875 -0.101706

1.46875 -0.101706
1.48438 -0.102071

1.48438 -0.102071
1.5 -0.102421

