-4 0.00108617
-3.5 0.00226224

-3.5 0.000844897
-3.25 0.00199987

-3.25 0.000634973
-3.125 0.00311907

-3.125 0.00126686
-3.0625 0.00510435

-3.0625 0.00332484
-3.03125 0.00847534

-3.03125 0.0102792
-3 0.0186128

-3 0.0185802
-2.98438 0.0225902

-2.98438 0.0225938
-2.96875 0.0265051

-2.96875 0.0265042
-2.95312 0.0303112

-2.95312 0.0300785
-2.94819 0.03125

-2.94953 0.03125
-2.9375 0.0341034

-2.9375 0.0340155
-2.92188 0.0376211

-2.92188 0.0376205
-2.90625 0.041129

-2.90625 0.0411283
-2.89062 0.0445426

-2.89062 0.0444471
-2.87921 0.046875

-2.88063 0.046875
-2.875 0.0480713

-2.875 0.0478644
-2.85938 0.0510976

-2.85938 0.051097
-2.84375 0.0542428

-2.84375 0.0542421
-2.82812 0.057303

-2.82812 0.0573024
-2.8125 0.060281

-2.8125 0.0602264
-2.80024 0.0625

-2.8014 0.0625
-2.79688 0.0633388

-2.79688 0.0631788
-2.78125 0.0659995

-2.78125 0.0659989
-2.76562 0.0687435

-2.76562 0.068743
-2.75 0.0714139

-2.75 0.0714133
-2.73438 0.0740127

-2.73438 0.0740122
-2.71875 0.0765423

-2.71875 0.0764608
-2.70819 0.078125

-2.70959 0.078125
-2.70312 0.0791436

-2.70312 0.0790046
-2.6875 0.0814019

-2.6875 0.0814014
-2.67188 0.0837348

-2.67188 0.0837343
-2.65625 0.0860058

-2.65625 0.0860053
-2.64062 0.088217

-2.64062 0.0882165
-2.625 0.0903704

-2.625 0.0903699
-2.60938 0.092468

-2.60938 0.0924094
-2.59913 0.09375

-2.60029 0.09375
-2.59375 0.0946061

-2.59375 0.0945114
-2.57812 0.0965027

-2.57812 0.0965022
-2.5625 0.098442

-2.5625 0.0984416
-2.54688 0.100332

-2.54688 0.100331
-2.53125 0.102173

-2.53125 0.102173
-2.51562 0.103969

-2.51562 0.103969
-2.5 0.105721

-2.5 0.10572
-2.48438 0.107429

-2.48438 0.107429
-2.46875 0.109097

-2.46875 0.108989
-2.46505 0.109375

-2.46634 0.109375
-2.45312 0.110752

-2.45312 0.110725
-2.4375 0.112315

-2.4375 0.112314
-2.42188 0.113867

-2.42188 0.113866
-2.40625 0.115383

1.5 -0.228819
1.51562 -0.22848

0.1875 -0.00245985
0.178281 0

0.1875 -0.00267526
0.203125 -0.0068467

-1.5 0.177445
-1.48438 0.17839

-1.48438 0.17839
-1.46875 0.17933

1.51562 -0.228479
1.53125 -0.228059

-1.46875 0.17933
-1.45312 0.180262

1.53125 -0.228058
1.54688 -0.227559

1.54688 -0.227558
1.5625 -0.226982

0.203125 -0.00684734
0.21875 -0.011019

-1.45312 0.180263
-1.4375 0.181187

0.21875 -0.0110195
0.234375 -0.0151893

1.5625 -0.226982
1.57812 -0.22633

1.57812 -0.22633
1.59375 -0.225605

1.59375 -0.225604
1.60938 -0.224808

-1.4375 0.181187
-1.42188 0.182101

-1.42188 0.182101
-1.40625 0.183004

-2.40625 0.115383
-2.39062 0.116865

-2.39062 0.116864
-2.375 0.118314

-1.40625 0.183004
-1.39062 0.183893

0.25 -0.0193311
0.236106 -0.015625

1.60938 -0.224808
1.625 -0.223941

1.625 -0.223941
1.64062 -0.223005

1.64062 -0.223005
1.65625 -0.222

1.65625 -0.222
1.67188 -0.220926

1.67188 -0.220923
1.6875 -0.219787

1.6875 -0.219775
1.70097 -0.21875

1.70214 -0.21875
1.70312 -0.218675

1.70312 -0.218595
1.71875 -0.21736

1.71875 -0.217358
1.73438 -0.216081

1.73438 -0.21608
1.75 -0.214765

-2.375 0.118313
-2.35938 0.119731

-2.35938 0.119731
-2.34375 0.121118

-2.34375 0.121118
-2.32812 0.122477

-2.32812 0.122477
-2.3125 0.123808

-2.3125 0.123806
-2.29821 0.125

-2.29838 0.125
-2.29688 0.125126

-2.29688 0.125113
-2.28125 0.126393

-2.28125 0.126393
-2.26562 0.127649

-2.26562 0.127649
-2.25 0.128882

-2.25 0.128881
-2.23438 0.130092

-2.23438 0.130092
-2.21875 0.131283

-2.21875 0.131282
-2.20312 0.132453

-2.20312 0.132453
-2.1875 0.133605

-2.1875 0.133605
-2.17188 0.134741

-2.17188 0.13474
-2.15625 0.13586

-2.15625 0.135859
-2.14062 0.136964

1.75 -0.214764
1.76562 -0.213417

1.76562 -0.213416
1.78125 -0.212038

1.78125 -0.212038
1.79688 -0.210633

1.79688 -0.210632
1.8125 -0.209202

-1.39062 0.183893
-1.375 0.184768

1.8125 -0.209202
1.82812 -0.207747

1.82812 -0.207747
1.84375 -0.206268

1.84375 -0.206268
1.85938 -0.204766

0.25 -0.0193574
0.265625 -0.0235227

0.265625 -0.023523
0.28125 -0.0276837

0.296875 -0.0316796
0.295259 -0.03125

1.85938 -0.204766
1.875 -0.203239

0.296875 -0.0318387
0.3125 -0.035987

1.875 -0.203214
1.8759 -0.203125

0.28125 -0.0277067
0.294575 -0.03125

-1.375 0.184768
-1.35938 0.185627

-1.35938 0.185627
-1.34375 0.186469

-1.34375 0.186469
-1.32812 0.187292

-1.32812 0.187285
-1.32394 0.1875

-1.32413 0.1875
-1.3125 0.188097

-1.3125 0.188095
-1.29688 0.188874

-1.29688 0.188875
-1.28125 0.18963

-1.28125 0.18963
-1.26562 0.190359

-1.26562 0.19036
-1.25 0.19106

-1.25 0.191061
-1.23438 0.191732

-1.23438 0.191732
-1.21875 0.192371

-1.21875 0.192371
-1.20312 0.192975

-1.20312 0.192976
-1.1875 0.193543

-1.1875 0.193544
-1.17188 0.194071

-1.17188 0.194072
-1.15625 0.194557

-1.15625 0.194558
-1.14062 0.194998

-1.14062 0.194999
-1.125 0.195392

-1.125 0.195392
-1.10938 0.195735

-1.10938 0.195735
-1.09375 0.196024

-1.09375 0.196025
-1.07812 0.196258

-1.07812 0.196259
-1.0625 0.196434

-1.0625 0.196435
-1.04688 0.19655

-1.04688 0.19655
-1.03125 0.196603

-1.03125 0.196603
-1.01562 0.196593

-1.01562 0.196593
-1 0.196519

-1 0.196519
-0.984375 0.196378

-0.984375 0.196379
-0.96875 0.196171

-0.96875 0.196171
-0.953125 0.195896

-0.953125 0.195896
-0.9375 0.195551

-2.14062 0.136964
-2.125 0.138055

-0.9375 0.195551
-0.921875 0.195136

1.87617 -0.203125
1.89062 -0.201691

1.89062 -0.201688
1.90625 -0.200116

1.90625 -0.200115
1.92188 -0.198525

1.92188 -0.198525
1.9375 -0.196923

1.9375 -0.196923
1.95312 -0.195312

1.95312 -0.195312
1.96875 -0.193691

1.96875 -0.193691
1.98438 -0.192059

1.98438 -0.19206
2 -0.190418

2 -0.190419
2.01562 -0.188767

2.01562 -0.188734
2.02721 -0.1875

2.02869 -0.1875
2.03125 -0.187227

2.03125 -0.187104
2.04688 -0.185426

2.04688 -0.185426
2.0625 -0.183733

2.0625 -0.183732
2.07812 -0.182024

2.07812 -0.182023
2.09375 -0.180303

2.09375 -0.180303
2.10938 -0.178572

2.10938 -0.178573
2.125 -0.176832

2.125 -0.176832
2.14062 -0.17508

2.14062 -0.17508
2.15625 -0.173317

2.15625 -0.173293
2.16871 -0.171875

2.17007 -0.171875
2.17188 -0.17167

2.17188 -0.17154
2.1875 -0.169748

2.1875 -0.169749
2.20312 -0.16794

2.20312 -0.16794
2.21875 -0.166114

2.21875 -0.166114
2.23438 -0.16427

2.23438 -0.16427
2.25 -0.162408

2.25 -0.162408
2.26562 -0.160528

2.26562 -0.160529
2.28125 -0.158629

2.28125 -0.15863
2.29688 -0.156709

2.29688 -0.156676
2.3003 -0.15625

2.30066 -0.15625
2.3125 -0.154777

2.3125 -0.154767
2.32812 -0.1528

2.32812 -0.1528
2.34375 -0.150807

2.34375 -0.150807
2.35938 -0.148786

2.35938 -0.148786
2.375 -0.146737

2.375 -0.146738
2.39062 -0.144659

2.39062 -0.14466
2.40625 -0.142551

2.40625 -0.142543
2.42024 -0.140625

2.42099 -0.140625
2.42188 -0.140504

2.42188 -0.14041
2.4375 -0.138234

2.4375 -0.138235
2.45312 -0.136023

2.45312 -0.136023
2.46875 -0.133773

2.46875 -0.133774
2.48438 -0.131485

2.48438 -0.131485
2.5 -0.129156

-2.125 0.138054
-2.10938 0.139132

-2.10938 0.139132
-2.09375 0.140198

-2.09375 0.140174
-2.08707 0.140625

-2.08765 0.140625
-2.07812 0.141268

-2.07812 0.141251
-2.0625 0.142294

-2.0625 0.142294
-2.04688 0.143326

-2.04688 0.143326
-2.03125 0.144349

-2.03125 0.144349
-2.01562 0.145363

-2.01562 0.145363
-2 0.146369

2.5 -0.129156
2.51562 -0.126783

2.51562 -0.12677
2.52706 -0.125

2.52742 -0.125
2.53125 -0.124408

2.53125 -0.124367
2.54688 -0.121903

2.54688 -0.121904
2.5625 -0.119391

-2 0.146369
-1.98438 0.147369

-0.921875 0.195136
-0.90625 0.19465

-0.90625 0.19465
-0.890625 0.194091

-0.890625 0.194091
-0.875 0.193458

-1.98438 0.147369
-1.96875 0.148363

-0.875 0.193459
-0.859375 0.192752

-0.859375 0.192752
-0.84375 0.19197

0.3125 -0.0359875
0.328125 -0.0401283

2.5625 -0.119392
2.57812 -0.116829

0.328125 -0.0401287
0.34375 -0.0442602

-0.84375 0.191971
-0.828125 0.191114

0.359375 -0.0480309
0.354992 -0.046875

-0.828125 0.191114
-0.8125 0.190181

2.57812 -0.11683
2.59375 -0.114215

-1.96875 0.148363
-1.95312 0.149353

-0.765625 0.186944
-0.773086 0.1875

2.59375 -0.114216
2.60938 -0.111546

0.34375 -0.0444454
0.352962 -0.046875

2.60938 -0.111543
2.6218 -0.109375

-1.95312 0.149353
-1.9375 0.150339

-0.765625 0.186923
-0.75 0.18568

-1.9375 0.150339
-1.92188 0.151322

2.62191 -0.109375
2.625 -0.108837

0.359375 -0.0483817
0.375 -0.0524916

2.625 -0.108821
2.64062 -0.106037

-1.92188 0.151321
-1.90625 0.152301

-1.90625 0.152301
-1.89062 0.153279

-1.89062 0.153279
-1.875 0.154255

2.64062 -0.106038
2.65625 -0.103193

-1.875 0.154255
-1.85938 0.155229

2.65625 -0.103194
2.67188 -0.100287

2.67188 -0.100288
2.6875 -0.097316

-1.85938 0.155229
-1.84375 0.156202

2.6875 -0.0973166
2.70312 -0.0942778

-1.84375 0.156186
-1.84272 0.15625

-1.84299 0.15625
-1.82812 0.157175

0.421875 -0.0642263
0.415244 -0.0625

-0.8125 0.190181
-0.796875 0.189172

-1.82812 0.157174
-1.8125 0.158144

-0.796875 0.189172
-0.78125 0.188086

2.70312 -0.0944173
2.70648 -0.09375

-1.8125 0.158144
-1.79688 0.159114

0.421875 -0.0647411
0.4375 -0.0687926

-0.78125 0.188064
-0.773671 0.1875

0.375 -0.052492
0.390625 -0.0565895

-1.79688 0.159114
-1.78125 0.160083

2.70562 -0.09375
2.71875 -0.0911381

0.390625 -0.0565901
0.40625 -0.0606731

-1.78125 0.160083
-1.76562 0.161053

0.40625 -0.061361
0.410625 -0.0625

-0.75 0.18568
-0.734375 0.184358

0.4375 -0.0687931
0.453125 -0.0728268

2.71875 -0.0911706
2.73438 -0.0879914

0.453125 -0.0728275
0.46875 -0.0768414

2.73438 -0.087992
2.75 -0.0847393

-0.734375 0.184358
-0.71875 0.182956

-1.76562 0.161053
-1.75 0.162022

-0.71875 0.182956
-0.703125 0.181475

0.484375 -0.080599
0.474694 -0.078125

2.75 -0.0847399
2.76562 -0.0814111

0.46875 -0.0774703
0.471312 -0.078125

-1.75 0.162022
-1.73438 0.162992

0.484375 -0.0808347
0.5 -0.0848062

2.76562 -0.0814159
2.78071 -0.078125

-0.703125 0.181475
-0.6875 0.179914

-1.73438 0.162992
-1.71875 0.163961

0 0.0468282
0.015625 0.0427835

2.78031 -0.078125
2.78125 -0.0779193

0.015625 0.0427818
0.03125 0.0387139

-1.71875 0.163961
-1.70312 0.164931

0.0625 0.0307237
0.0604949 0.03125

0.03125 0.0387131
0.046875 0.0346271

-1.70312 0.164931
-1.6875 0.1659

-1.6875 0.1659
-1.67188 0.166868

-1.67188 0.166868
-1.65625 0.167836

-1.65625 0.167836
-1.64062 0.168803

-1.64062 0.168803
-1.625 0.16977

-0.6875 0.179914
-0.671875 0.178274

-1.625 0.16977
-1.60938 0.170735

-1.60938 0.170735
-1.59375 0.1717

-0.671875 0.178274
-0.65625 0.176557

-1.59375 0.17169
-1.59075 0.171875

-0.65625 0.176556
-0.640625 0.174762

2.78125 -0.0780045
2.79688 -0.0745163

-0.640625 0.174762
-0.625 0.172891

0.046875 0.0345894
0.0595973 0.03125

-1.59096 0.171875
-1.57812 0.172666

-1.57812 0.172664
-1.5625 0.173625

0.0625 0.0305262
0.078125 0.0264087

-1.5625 0.173625
-1.54688 0.174585

-1.54688 0.174585
-1.53125 0.175542

0.078125 0.0264067
0.09375 0.0222747

-0.609375 0.17099
-0.616478 0.171875

0.09375 0.022274
0.109375 0.0181327

-0.625 0.172849
-0.617182 0.171875

0.125 0.0142953
0.119993 0.015625

-1.53125 0.175542
-1.51562 0.176495

0.109375 0.0179407
0.118096 0.015625

2.79688 -0.0745169
2.8125 -0.0709459

-1.51562 0.176495
-1.5 0.177445

2.8125 -0.0709465
2.82812 -0.0672899

2.82812 -0.0672906
2.84375 -0.0635458

2.84375 -0.0637305
2.84876 -0.0625

2.84771 -0.0625
2.85938 -0.0596365

-0.609375 0.170944
-0.59375 0.16892

-0.59375 0.168919
-0.578125 0.166818

-0.578125 0.166817
-0.5625 0.164641

-0.5625 0.164641
-0.546875 0.162391

-0.546875 0.16239
-0.53125 0.160068

2.85938 -0.0597113
2.875 -0.0557827

2.875 -0.0557834
2.89062 -0.051759

0.125 0.013984
0.140625 0.00982637

2.89062 -0.0517598
2.90625 -0.0476367

-0.5 0.155278
-0.506167 0.15625

0.140625 0.0098249
0.15625 0.00566081

2.90625 -0.0477754
2.90958 -0.046875

0.15625 0.00566031
0.171875 0.00149373

0.171875 0.00106245
0.175857 0

2.90895 -0.046875
2.92188 -0.0433797

2.92188 -0.0434135
2.9375 -0.0390852

-0.53125 0.160068
-0.515625 0.157675

-0.515625 0.157629
-0.506877 0.15625

2.9375 -0.0390861
2.95312 -0.034651

2.95312 -0.0345833
2.96458 -0.03125

2.96559 -0.03125
2.96875 -0.0303298

2.96875 -0.030107
2.98438 -0.0254491

2.98438 -0.0254461
3 -0.0206804

0.5 -0.0848067
0.515625 -0.0887548

0.515625 -0.0887554
0.53125 -0.0926779

3 -0.0207192
3.03125 -0.0108285

3.03125 -0.00846909
3.0625 -0.0028095

3.0625 -0.00546003
3.125 -0.00143853

3.125 -0.00332663
3.25 -0.000674356

3.25 -0.0020946
3.5 -0.000809678

0.546875 -0.0964619
0.535998 -0.09375

0.546875 -0.0965741
0.5625 -0.100443

0.53125 -0.0930211
0.534173 -0.09375

3.5 -0.00231147
4 -0.00094306

-0.5 0.155213
-0.484375 0.15268

-0.484375 0.152679
-0.46875 0.150076

-0.46875 0.150075
-0.453125 0.147406

-0.453125 0.147405
-0.4375 0.14467

0.5625 -0.100443
0.578125 -0.104283

0.578125 -0.104283
0.59375 -0.108091

0.609375 -0.111747
0.59956 -0.109375

0.59375 -0.108343
0.598022 -0.109375

0.609375 -0.111867
0.625 -0.115609

-0.4375 0.14467
-0.421875 0.141872

0.671875 -0.126382
0.665929 -0.125

0.671875 -0.126621
0.6875 -0.130215

0.6875 -0.130216
0.703125 -0.133769

0.703125 -0.133769
0.71875 -0.13728

0.71875 -0.137283
0.733813 -0.140625

0.734375 -0.140747
0.75 -0.144169

0.625 -0.11561
0.640625 -0.119318

0.640625 -0.119318
0.65625 -0.122989

-0.40625 0.139083
-0.414672 0.140625

-0.421875 0.141777
-0.415585 0.140625

-0.40625 0.13901
-0.390625 0.136086

0.65625 -0.123176
0.664095 -0.125

-0.390625 0.136085
-0.375 0.133099

-0.328125 0.123875
-0.333693 0.125

-0.328125 0.123795
-0.3125 0.120581

0.75 -0.14417
0.765625 -0.147546

0.765625 -0.147546
0.78125 -0.150875

0.8125 -0.157216
0.807825 -0.15625

-0.3125 0.120581
-0.296875 0.117312

-0.296875 0.117312
-0.28125 0.113992

-0.28125 0.113991
-0.265625 0.11062

-0.25 0.107276
-0.259588 0.109375

-0.265625 0.110483
-0.260566 0.109375

-0.375 0.133099
-0.359375 0.130054

-0.359375 0.130054
-0.34375 0.126952

-0.34375 0.126904
-0.334327 0.125

0.78125 -0.150875
0.796875 -0.154154

0.796875 -0.15424
0.806603 -0.15625

-0.25 0.1072
-0.234375 0.10373

-0.234375 0.103729
-0.21875 0.100212

-0.1875 0.093113
-0.19026 0.09375

-0.21875 0.100211
-0.203125 0.0966486

-0.203125 0.0966318
-0.190639 0.09375

-0.1875 0.0930422
-0.171875 0.0893923

-0.171875 0.0893914
-0.15625 0.0856991

-0.15625 0.0856987
-0.140625 0.0819666

0.8125 -0.157383
0.828125 -0.160559

0.828125 -0.16056
0.84375 -0.163684

0.84375 -0.163684
0.859375 -0.166753

0.859375 -0.166754
0.875 -0.169766

-0.140625 0.0819659
-0.125 0.0781964

0.890625 -0.172579
0.886904 -0.171875

0.875 -0.16982
0.885867 -0.171875

-0.109375 0.0743906
-0.124701 0.078125

-0.125 0.078136
-0.124955 0.078125

-0.109375 0.0743889
-0.09375 0.0705449

0.890625 -0.172722
0.90625 -0.175618

0.90625 -0.175618
0.921875 -0.178455

-0.09375 0.0705443
-0.078125 0.0666666

-0.078125 0.0666657
-0.0625 0.062757

0.921875 -0.178455
0.9375 -0.18123

-0.046875 0.058827
-0.0614416 0.0625

-0.046875 0.0588168
-0.03125 0.0548463

-0.03125 0.0548456
-0.015625 0.0508484

0 0.046841
-0.000132146 0.046875

-0.015625 0.0508474
-0.000187475 0.046875

-0.0625 0.0625267
-0.0623943 0.0625

0.984375 -0.189151
0.974383 -0.1875

0.984375 -0.189172
1 -0.191686

0.9375 -0.181231
0.953125 -0.183942

0.953125 -0.183943
0.96875 -0.18659

0.96875 -0.186629
0.974023 -0.1875

1 -0.191687
1.01562 -0.194133

1.01562 -0.194133
1.03125 -0.19651

1.03125 -0.19651
1.04688 -0.198815

1.04688 -0.198815
1.0625 -0.201048

1.0625 -0.20105
1.07753 -0.203125

1.07812 -0.203206
1.09375 -0.205288

1.09375 -0.205288
1.10938 -0.207294

1.10938 -0.207294
1.125 -0.209222

1.125 -0.209222
1.14062 -0.211069

1.14062 -0.21107
1.15625 -0.212836

1.15625 -0.212836
1.17188 -0.214519

1.17188 -0.21452
1.1875 -0.216119

1.21875 -0.219075
1.21519 -0.21875

1.1875 -0.216119
1.20312 -0.217633

1.20312 -0.217629
1.2154 -0.21875

1.21875 -0.219061
1.23438 -0.2204

1.23438 -0.2204
1.25 -0.221651

1.25 -0.221651
1.26562 -0.222811

1.26562 -0.222811
1.28125 -0.22388

1.28125 -0.22388
1.29688 -0.224856

1.29688 -0.224856
1.3125 -0.225739

1.3125 -0.225739
1.32812 -0.226527

1.32812 -0.226527
1.34375 -0.227219

1.34375 -0.22722
1.35938 -0.227815

1.35938 -0.227815
1.375 -0.228314

1.375 -0.228315
1.39062 -0.228715

1.39062 -0.228714
1.40625 -0.229015

1.40625 -0.229015
1.42188 -0.229216

1.42188 -0.229216
1.4375 -0.22932

1.4375 -0.229319
1.45312 -0.229328

1.45312 -0.229327
1.46875 -0.229245

1.46875 -0.229245
1.48438 -0.229075

1.48438 -0.229075
1.5 -0.228819

